3.411673 0.770619
3.399562 0.771654
3.431411 0.781175
3.432354 0.786804
3.422367 0.774305
3.425749 0.780582
3.425219 0.786302
3.425690 0.786655
3.426910 0.786140
3.439047 0.796918
3.441028 0.799117
3.451795 0.799070
3.450321 0.799890
3.449309 0.807361
3.442058 0.806453
3.439909 0.805987
3.432507 0.793039
3.428105 0.793658
3.433739 0.800101
3.433662 0.806157
3.428471 0.793505
3.431035 0.800919
3.419276 0.771748
3.420168 0.775157
3.413218 0.771299
3.413140 0.776102
3.420992 0.781918
3.448542 0.813788
3.442177 0.815142
3.449345 0.820536
3.449999 0.827167
3.443021 0.820653
3.435742 0.813896
3.436122 0.815564
3.449825 0.835560
3.445368 0.839488
3.449842 0.843005
3.450445 0.845839
3.409204 0.819485
3.408515 0.819201
3.401668 0.818665
3.397463 0.819789
3.402775 0.824936
3.402996 0.825802
3.397337 0.826436
3.410966 0.820885
3.408715 0.826608
3.404293 0.814386
3.404335 0.832375
3.404481 0.833082
3.399009 0.833884
3.405719 0.840182
3.385910 0.772994
3.384714 0.773752
3.387456 0.774238
3.380957 0.775218
3.378691 0.781462
3.373720 0.780451
3.361709 0.783254
3.369310 0.784045
3.348064 0.788673
3.351144 0.785819
3.349600 0.785284
3.342937 0.787692
3.342096 0.793165
3.342019 0.793171
3.342367 0.794358
3.341883 0.788262
3.335971 0.796984
3.340724 0.800570
3.337527 0.802567
3.331629 0.801194
3.382959 0.780809
3.394359 0.827395
3.226864 0.807933
3.208714 0.801189
3.202617 0.798815
3.201078 0.800791
3.187402 0.792115
3.195966 0.794424
3.188944 0.791504
3.181344 0.791444
3.174371 0.794286
3.174400 0.799677
3.173978 0.800435
3.182892 0.793719
3.176838 0.794292
3.176807 0.801574
3.181390 0.811077
3.181843 0.812653
3.172845 0.806623
3.175333 0.810774
3.175324 0.807775
3.180241 0.808831
3.176608 0.819714
3.176003 0.825371
3.169680 0.825482
3.171483 0.820767
3.170849 0.823034
3.164799 0.826120
3.166049 0.827958
3.157204 0.828127
3.145111 0.836607
3.316257 0.796403
3.304144 0.796400
3.323857 0.796243
3.317805 0.797917
3.325412 0.801094
3.292048 0.803499
3.290988 0.805898
3.285994 0.804329
3.284451 0.804593
3.293594 0.804351
3.287540 0.805773
3.272324 0.798657
3.274817 0.800218
3.271723 0.806006
3.273867 0.798430
3.279934 0.802966
3.266276 0.802380
3.261008 0.801620
3.260784 0.807549
3.276011 0.812417
3.265966 0.812667
3.261186 0.814492
3.260247 0.813951
3.248419 0.818728
3.246265 0.818839
3.254199 0.817325
3.248707 0.820448
3.234554 0.813385
3.240539 0.816069
3.235413 0.820168
3.236615 0.821124
3.242096 0.821370
3.255741 0.816907
3.249702 0.824051
3.222348 0.806584
3.231480 0.814793
3.232534 0.820852
3.119075 0.832479
3.132997 0.835895
3.118654 0.834016
3.126939 0.835731
3.098049 0.821028
3.113266 0.828334
3.105662 0.826540
3.091995 0.822117
3.086159 0.825925
3.093548 0.826046
3.046473 0.804571
3.032646 0.800115
3.034342 0.797596
3.034856 0.801397
3.028285 0.796818
3.052544 0.810902
3.057991 0.808890
3.041304 0.802360
3.048027 0.809219
3.079904 0.831350
3.073857 0.835421
3.081465 0.827307
3.069336 0.832218
3.075393 0.832268
3.055632 0.811567
3.054088 0.810978
3.057776 0.813715
3.053285 0.815265
3.056878 0.819890
3.055660 0.823563
3.060185 0.828515
3.063271 0.828139
2.916058 0.794226
2.999782 0.787484
3.024823 0.800649
3.025922 0.801877
3.020698 0.801985
3.022245 0.803734
3.000302 0.793997
3.007644 0.806899
3.005327 0.806539
3.001006 0.811306
3.016213 0.814205
3.009521 0.814467
3.002815 0.814064
3.010146 0.821070
3.002229 0.819940
3.002574 0.821467
2.993349 0.787099
2.993666 0.787751
2.994236 0.794304
2.967289 0.787376
2.974593 0.794125
2.975210 0.799653
2.968830 0.794665
2.969057 0.800956
2.988977 0.813582
2.989292 0.819941
2.994969 0.819690
2.996524 0.824424
2.998078 0.829046
2.982186 0.807219
2.982845 0.814981
2.971707 0.815262
2.984409 0.823340
2.961514 0.782689
2.955464 0.785662
2.962338 0.788532
2.957678 0.789399
2.957363 0.795818
2.941801 0.782455
2.949407 0.785219
2.949981 0.789819
2.958590 0.802106
2.964142 0.808280
2.935745 0.783307
2.937300 0.787636
2.923648 0.789713
2.925197 0.791748
2.920799 0.794904
2.921213 0.796185
2.917610 0.797844
2.917986 0.802479
2.891842 0.798080
2.897908 0.802266
2.903973 0.805759
2.878186 0.798162
2.872138 0.802040
2.858484 0.802966
2.866088 0.804597
2.867498 0.802480
2.861574 0.804550
2.843891 0.813522
2.835046 0.814614
2.842616 0.809383
2.830239 0.815939
2.840038 0.819600
2.829129 0.821158
2.814605 0.828338
2.808540 0.824640
2.816140 0.824599
2.804013 0.818665
2.911559 0.799645
2.911090 0.801154
2.905505 0.800658
2.904847 0.801329
2.909291 0.802957
2.913115 0.805079
2.907516 0.815660
2.893389 0.799574
2.743310 0.809967
2.796417 0.820440
2.790022 0.820929
2.795127 0.826007
2.790091 0.827097
2.769277 0.813784
2.782186 0.826479
2.782778 0.827923
2.776354 0.820367
2.769308 0.819764
2.796643 0.816055
2.764773 0.807736
2.756674 0.807925
2.766850 0.808915
2.758498 0.804877
2.751920 0.809272
2.745297 0.814894
2.737254 0.810311
2.719085 0.810287
2.697831 0.811076
2.710678 0.808037
2.705431 0.811181
2.700914 0.809460
2.699469 0.808632
2.699335 0.808611
2.685706 0.805670
2.691766 0.807708
2.691749 0.807747
2.693313 0.808785
2.693406 0.809037
2.687250 0.805875
2.732749 0.813566
2.738807 0.814296
2.477973 0.791132
2.480266 0.795187
2.465715 0.789702
2.459795 0.787047
2.459675 0.788870
2.452414 0.789423
2.467951 0.801958
2.466287 0.802374
2.458998 0.802429
2.469982 0.807984
2.465563 0.807939
2.465912 0.812718
2.459608 0.808524
2.459846 0.808975
2.444894 0.789643
2.440309 0.796011
2.441241 0.790807
2.441242 0.797262
2.434046 0.795938
2.426447 0.796409
2.439737 0.803463
2.434194 0.802571
2.435642 0.809822
2.421947 0.802031
2.427918 0.802722
2.422292 0.803386
2.428551 0.809329
2.423113 0.810148
2.423513 0.811413
2.429574 0.813062
2.406736 0.796734
2.401063 0.795849
2.395394 0.796469
2.401214 0.802083
2.395267 0.802485
2.409525 0.791312
2.408281 0.797712
2.414337 0.797409
2.413307 0.797466
2.380976 0.801100
2.374926 0.803531
2.389411 0.796851
2.387800 0.797536
2.390372 0.803513
2.390167 0.803559
2.384073 0.804839
2.388586 0.804817
2.382530 0.805479
2.382187 0.810078
2.384091 0.812686
2.389681 0.815793
2.382959 0.815202
2.384108 0.820391
2.375426 0.809138
2.370422 0.807208
2.371088 0.809928
2.376566 0.815262
2.378057 0.822482
2.370693 0.815726
2.368036 0.816972
2.371999 0.821658
2.362253 0.801974
2.349135 0.794507
2.355724 0.795810
2.355897 0.802060
2.350499 0.802886
2.363666 0.809177
2.364374 0.811235
2.352247 0.804614
2.350702 0.804039
2.356764 0.806853
2.355017 0.810239
2.358321 0.812333
2.343070 0.790570
2.344619 0.792732
2.338563 0.793461
2.337024 0.794824
2.346118 0.797166
2.352007 0.804289
2.329424 0.795219
2.323375 0.798414
2.317333 0.804343
2.303324 0.809113
2.297857 0.815529
2.293127 0.812935
2.292380 0.815197
2.287076 0.815050
2.286016 0.815277
2.286240 0.821567
2.275361 0.817077
2.280091 0.821813
2.322077 0.797157
2.318548 0.803194
2.312821 0.804906
2.300732 0.815108
2.294674 0.814599
2.267384 0.824284
2.266487 0.827425
2.263265 0.828332
2.268928 0.824508
2.263097 0.829643
2.267403 0.832370
2.269224 0.834149
2.267411 0.835798
2.262358 0.840637
2.262791 0.835688
2.263004 0.841887
2.262924 0.841901
2.256861 0.843858
2.214264 0.808201
2.221502 0.803186
2.221997 0.803574
2.215799 0.804169
2.217515 0.809817
2.220330 0.812040
2.216343 0.816004
2.221545 0.810917
2.219952 0.817119
2.234747 0.827886
2.226719 0.827714
2.222631 0.828519
2.228667 0.834302
2.227985 0.835676
2.222699 0.834687
2.221929 0.835971
2.220053 0.828062
2.215756 0.834324
2.215871 0.834927
2.239321 0.835738
2.229511 0.827886
2.232708 0.828670
2.232849 0.834789
2.241487 0.840331
2.243209 0.845878
2.235593 0.838973
2.237144 0.842596
2.244751 0.845295
2.638639 0.788483
2.625978 0.782894
2.673869 0.807436
2.669010 0.801557
2.653854 0.794350
2.659920 0.798750
2.679649 0.805756
2.673583 0.801720
2.661464 0.798978
2.640601 0.789876
2.634124 0.787611
2.641742 0.795253
2.620445 0.777603
2.618899 0.776432
2.599191 0.779154
2.606891 0.776583
2.593134 0.778499
2.588635 0.784452
2.581045 0.788558
2.575562 0.795716
2.575252 0.801595
2.572882 0.802808
2.572826 0.815059
2.574183 0.816295
2.572102 0.824359
2.569750 0.827475
2.622006 0.785133
2.508013 0.814650
2.566057 0.829055
2.561978 0.835314
2.559493 0.840269
2.553973 0.841614
2.552454 0.851746
2.554118 0.848089
2.551493 0.854241
2.538795 0.850559
2.544853 0.851350
2.546404 0.854571
2.541901 0.858730
2.547957 0.858753
2.507967 0.820783
2.511488 0.827997
2.507926 0.826917
2.518547 0.833350
2.512978 0.830170
2.514533 0.835102
2.520598 0.838798
2.522929 0.839655
2.519067 0.844292
2.514831 0.846207
2.519075 0.847638
2.525523 0.840788
2.530505 0.847946
2.532690 0.852665
2.532743 0.852728
2.534005 0.853876
2.534290 0.854084
2.535846 0.859480
2.522154 0.844043
2.491825 0.795998
2.493179 0.793641
2.496652 0.796882
2.501611 0.808861
2.501376 0.810185
2.496669 0.803002
2.491844 0.802128
2.491657 0.802572
2.473453 0.788092
2.460540 0.802939
2.461936 0.804055
2.466789 0.808878
2.505877 0.815205
2.500833 0.816520
2.506905 0.823003
2.507805 0.828946
2.501703 0.823137
2.188501 0.810696
2.175784 0.802072
2.176367 0.801580
2.182438 0.807824
2.155095 0.794928
2.162701 0.797468
2.158188 0.797427
2.157498 0.797616
2.129295 0.781850
2.149021 0.787508
2.148302 0.791269
2.142959 0.785170
2.151344 0.797226
2.155329 0.798329
2.152142 0.801920
2.144527 0.795499
2.130769 0.784722
2.136907 0.787211
2.140312 0.791706
2.138777 0.792063
2.132407 0.792537
2.138084 0.797944
2.138484 0.801491
2.123241 0.782833
2.109594 0.786736
2.103555 0.794647
2.111140 0.787798
2.099785 0.798020
2.203687 0.804555
2.209746 0.805761
2.208200 0.804606
2.197294 0.809605
2.197636 0.807018
2.086538 0.809993
2.079371 0.811991
2.074754 0.810907
2.068068 0.822950
2.067307 0.832890
2.055066 0.835127
2.062603 0.829854
2.056740 0.834153
2.043077 0.831104
2.047595 0.833665
2.050683 0.833632
2.021021 0.828357
2.013718 0.840999
2.009741 0.845240
1.989846 0.834724
1.992537 0.842113
2.003690 0.847567
2.003701 0.847660
2.003733 0.853803
2.029029 0.828888
2.029419 0.830508
2.035476 0.830649
2.030968 0.832949
2.018455 0.835899
2.019131 0.843517
2.015709 0.848292
2.010233 0.847708
2.011481 0.854643
2.011377 0.854706
2.015496 0.849616
2.012844 0.852241
2.006714 0.856143
2.005254 0.856518
1.999193 0.854195
1.987066 0.848412
1.993128 0.850550
1.909495 0.786183
1.898294 0.797268
1.897436 0.802734
1.897422 0.802883
1.891369 0.804615
1.883635 0.809567
1.880052 0.810402
1.867598 0.810781
1.850494 0.784254
1.833710 0.777229
1.838222 0.776287
1.839770 0.778533
1.853449 0.788388
1.840610 0.779966
1.855125 0.790146
1.846892 0.802836
1.856727 0.803581
1.858767 0.798647
1.859858 0.804706
1.841461 0.804464
1.820038 0.770135
1.826171 0.772005
1.812112 0.771208
1.807939 0.775871
1.827638 0.769788
1.853494 0.807350
1.861417 0.811009
1.859912 0.810824
1.861115 0.816371
1.861088 0.816860
1.854511 0.810664
1.854277 0.816595
1.847434 0.805620
1.842929 0.809146
1.848986 0.809496
1.849001 0.816165
1.848050 0.817586
1.859578 0.819079
1.853535 0.824786
1.847485 0.827807
1.841440 0.832272
1.842726 0.829902
1.835326 0.807574
1.827733 0.810448
1.829284 0.813566
1.825942 0.817472
1.824385 0.816267
1.830546 0.818296
1.829305 0.822875
1.829501 0.823402
1.827954 0.822369
1.827762 0.822834
1.833717 0.829303
1.828243 0.828330
1.836425 0.824339
1.836150 0.829818
1.830865 0.830029
1.832825 0.830653
1.830873 0.833347
1.749135 0.796991
1.800344 0.778333
1.794296 0.781526
1.795832 0.778215
1.789785 0.782596
1.782196 0.787160
1.775071 0.785692
1.777725 0.804745
1.777726 0.805429
1.771631 0.791998
1.770465 0.792377
1.770874 0.798160
1.769791 0.797952
1.762504 0.795675
1.763826 0.798348
1.756445 0.794674
1.751937 0.797313
1.756430 0.798945
1.770112 0.804315
1.763410 0.804134
1.764075 0.807374
1.771661 0.801757
1.771674 0.807046
1.765623 0.809736
1.759957 0.804871
1.942871 0.788639
1.944716 0.790513
1.942399 0.790245
1.936815 0.789235
1.933130 0.789861
1.939403 0.785978
1.943724 0.791268
1.930469 0.783865
1.924992 0.779323
1.961454 0.809291
1.962632 0.809728
1.948959 0.802499
1.948960 0.802634
1.954917 0.803504
1.956567 0.805841
1.950513 0.807208
1.953993 0.809681
1.956580 0.811611
1.952034 0.796912
1.958635 0.804603
1.959302 0.810686
1.955635 0.810885
1.952647 0.811546
1.958125 0.812246
1.945356 0.796609
1.942910 0.805627
1.939141 0.809195
1.938348 0.810460
1.944226 0.811509
1.959128 0.815543
1.958072 0.821731
1.970252 0.818202
1.969893 0.817546
1.973658 0.823460
1.977873 0.827484
1.979428 0.832012
1.963843 0.816277
1.964626 0.816887
1.959509 0.817968
1.959696 0.823610
1.960348 0.822876
1.959707 0.824231
1.958174 0.833141
1.937092 0.815608
1.936879 0.816466
1.930831 0.819869
1.924773 0.819274
1.932492 0.817053
1.928503 0.823285
1.939962 0.814619
1.930069 0.824521
1.934497 0.830392
1.927072 0.830101
1.933945 0.831715
1.944535 0.840185
1.938477 0.839582
1.932417 0.838235
1.931467 0.840732
1.924324 0.841881
1.932909 0.847561
1.932441 0.848062
1.926396 0.853373
1.952121 0.834650
1.950857 0.836941
1.947618 0.838796
1.946076 0.839180
1.934863 0.837270
1.933961 0.838257
1.940018 0.838648
1.927570 0.836605
1.926723 0.848162
1.918621 0.778495
1.917085 0.781848
1.913692 0.784747
1.910321 0.786246
1.906539 0.791588
1.911050 0.790612
1.898471 0.791293
1.899495 0.792103
1.896451 0.791795
1.897439 0.797863
1.886859 0.805363
1.917156 0.812150
1.911954 0.815484
1.913390 0.823402
1.914521 0.830409
1.905061 0.815849
1.905011 0.815844
1.900556 0.822953
1.893361 0.822582
1.896191 0.829842
1.908166 0.827493
1.901952 0.830706
1.914828 0.836762
1.921421 0.842967
1.915274 0.843224
1.912738 0.852586
1.920559 0.848208
1.914683 0.848862
1.899458 0.835792
1.899316 0.841925
1.909028 0.837302
1.902623 0.837353
1.900594 0.837040
1.908757 0.843186
1.902378 0.843257
1.900815 0.843144
1.900135 0.847620
1.907374 0.848209
0.412539 0.825436
0.414984 0.826878
0.395236 0.812305
0.394586 0.808003
0.395472 0.814077
0.381551 0.799685
0.390709 0.806189
0.389167 0.806746
0.383040 0.807266
0.355766 0.793214
0.375494 0.799702
0.369443 0.801960
0.377051 0.805577
0.370992 0.804284
0.357307 0.792298
0.353478 0.795366
0.351265 0.798124
0.358867 0.799123
0.336228 0.793723
0.343651 0.792470
0.330001 0.795128
0.331539 0.792983
0.325491 0.796430
0.345201 0.794814
0.339139 0.792312
0.332743 0.796202
0.333642 0.802569
0.333107 0.803421
0.326958 0.808961
0.327066 0.809608
0.310981 0.794343
0.311382 0.800769
0.317895 0.797743
0.319479 0.802043
0.318835 0.802052
0.313708 0.801028
0.312753 0.807206
0.311663 0.807101
0.319637 0.808276
0.318938 0.808166
0.313415 0.812354
0.304247 0.801178
0.304261 0.807357
0.292150 0.808159
0.299755 0.810573
0.307359 0.812377
0.321048 0.815515
0.279739 0.795201
0.278467 0.796957
0.284525 0.797190
0.272413 0.797698
0.252700 0.797405
0.246474 0.800606
0.242128 0.796739
0.286799 0.802479
0.290250 0.808409
0.273954 0.797020
0.261842 0.797361
0.243404 0.866028
0.246879 0.873233
0.246261 0.879434
0.226917 0.791935
0.213250 0.787492
0.214798 0.789268
0.208381 0.789236
0.232057 0.795387
0.228461 0.791945
0.223006 0.826925
0.231017 0.828147
0.216099 0.826587
0.208694 0.825874
0.216887 0.821088
0.210364 0.822890
0.205916 0.783251
0.201737 0.782684
0.196716 0.783843
0.196058 0.789419
0.181150 0.787889
0.182915 0.789304
0.195693 0.825828
0.196542 0.820488
0.189116 0.826406
0.181379 0.820014
0.183090 0.826081
0.191842 0.826863
0.185009 0.827566
0.190662 0.827405
0.184610 0.829246
0.198244 0.820169
0.185741 0.822046
0.230458 0.833508
0.223056 0.839195
0.229906 0.839662
0.231037 0.852595
0.223744 0.851956
0.210428 0.850648
0.219484 0.865907
0.196769 0.849393
0.205937 0.859725
0.199880 0.859598
0.184656 0.849237
0.192260 0.850789
0.186206 0.852087
0.234452 0.840723
0.238345 0.847152
0.240895 0.853932
0.235216 0.852920
0.239417 0.860224
0.238494 0.865593
0.233249 0.859978
0.233485 0.866570
0.227619 0.859451
0.225658 0.863304
0.219613 0.867789
0.239272 0.872318
0.239524 0.878626
0.240901 0.881731
0.233598 0.872955
0.233661 0.879110
0.213918 0.860199
0.207482 0.860800
0.167761 0.784330
0.142650 0.775341
0.122256 0.774506
0.137454 0.773804
0.129854 0.774066
0.115776 0.775137
0.116489 0.776726
0.110155 0.779502
0.106857 0.788207
0.106400 0.800496
0.104908 0.801189
0.104319 0.795748
0.104158 0.805250
0.098104 0.806033
0.093431 0.808438
0.095826 0.813306
0.092080 0.820022
0.091249 0.814817
0.090994 0.820955
0.086032 0.823473
0.072353 0.813963
0.073986 0.820574
0.089008 0.822283
0.081521 0.824521
0.087578 0.824673
0.075613 0.821915
0.075463 0.823737
0.075955 0.828295
0.175362 0.784949
0.170844 0.782663
0.178723 0.783413
0.157179 0.778958
0.170904 0.808495
0.174657 0.814240
0.169758 0.813544
0.178513 0.812138
0.179179 0.815868
0.164820 0.814730
0.151127 0.780605
0.182276 0.821251
0.176028 0.819514
0.182009 0.827387
0.164061 0.820253
0.163776 0.826154
0.166497 0.822113
0.166384 0.822086
0.161841 0.821048
0.169541 0.828062
0.170955 0.830326
0.162079 0.827159
0.164900 0.830489
0.176443 0.839933
0.178806 0.845932
0.171867 0.845034
0.180452 0.841026
0.182689 0.847022
0.046552 0.800094
0.054166 0.806289
0.026802 0.784343
0.028156 0.788529
0.028832 0.789781
0.034424 0.794070
0.036572 0.795487
0.034098 0.794354
0.040495 0.800121
0.029879 0.795845
0.028070 0.795688
0.031731 0.801870
0.027427 0.801307
0.034782 0.795879
0.035985 0.801392
0.042041 0.801086
0.034065 0.803053
0.055707 0.805366
0.060226 0.807648
0.060184 0.807737
0.060821 0.813867
0.066304 0.816904
0.060277 0.809062
0.060999 0.815142
0.061425 0.820927
0.061805 0.822976
0.062803 0.822017
0.069419 0.829207
0.057717 0.821441
0.059758 0.828769
0.028616 0.808340
0.032547 0.809253
0.028264 0.809488
0.019199 0.783082
0.013143 0.783409
0.007083 0.782017
0.001549 0.788657
0.004259 0.794646
-0.011019 0.810623
-0.004950 0.816020
0.020903 0.782918
0.022294 0.786694
0.014482 0.782957
0.016236 0.785567
0.020258 0.796366
0.023910 0.802288
0.014731 0.802292
0.022658 0.802632
0.013997 0.801530
0.010206 0.797001
0.013919 0.802829
0.003678 0.789832
0.003593 0.796801
0.004160 0.801645
-0.002879 0.796797
-0.002187 0.803460
0.022338 0.805178
0.021944 0.808182
0.018754 0.807411
0.022347 0.809088
0.016229 0.808772
0.015850 0.808845
0.012955 0.813844
0.013410 0.815098
0.010657 0.815593
0.010256 0.818327
0.008714 0.819036
0.001958 0.809602
-0.002178 0.809570
0.003388 0.815640
0.002658 0.819028
-0.003406 0.816233
-0.012796 0.809085
0.070183 0.834959
-0.014593 0.871105
1.544247 0.799397
1.536633 0.793406
1.529021 0.787744
1.528949 0.792034
1.538213 0.798977
1.537971 0.798970
1.550872 0.810534
1.550524 0.810711
1.554504 0.816476
1.517008 0.791388
1.516918 0.792158
1.516243 0.797558
1.518478 0.799285
1.504842 0.807630
1.498787 0.808701
1.499716 0.811446
1.506394 0.811406
1.473029 0.813337
1.486689 0.814614
1.492746 0.815023
1.488235 0.815737
1.494295 0.817365
1.482182 0.817052
1.465417 0.808059
1.460909 0.810167
1.466974 0.813800
1.453297 0.805012
1.445683 0.798926
1.451658 0.798409
1.453019 0.799640
1.452107 0.804513
1.439615 0.793919
1.466884 0.812442
1.420139 0.797715
1.419921 0.802142
1.414209 0.798126
1.413865 0.802453
1.408354 0.798601
1.407806 0.800912
1.401478 0.792169
1.401177 0.798054
1.383554 0.789796
1.389215 0.792699
1.382020 0.793592
1.388085 0.797689
1.427503 0.794257
1.429044 0.793239
1.415386 0.792606
1.403271 0.791538
1.303157 0.788532
1.291047 0.789592
1.277981 0.785121
1.278934 0.789831
1.266819 0.788520
1.271334 0.789305
1.265280 0.790830
1.259231 0.794115
1.342572 0.784068
1.345808 0.785362
1.350054 0.791275
1.369909 0.794584
1.362302 0.791534
1.362208 0.791820
1.363844 0.791119
1.344110 0.781808
1.350172 0.784347
1.356172 0.792216
1.328925 0.787953
1.330466 0.787002
1.322870 0.788757
1.325573 0.787426
1.318616 0.787033
1.318353 0.787161
1.332007 0.785934
1.304706 0.790822
1.312302 0.789078
1.306248 0.790464
1.304887 0.793675
1.307043 0.800339
1.298657 0.793887
1.286538 0.791239
1.289700 0.793182
1.287228 0.793905
1.286815 0.799677
1.300217 0.801330
1.301320 0.813149
1.293465 0.805930
1.289506 0.806753
1.294186 0.811971
1.280479 0.790529
1.281292 0.800439
1.275016 0.793986
1.273784 0.794054
1.274840 0.800452
1.685190 0.792535
1.691252 0.795179
1.736764 0.808012
1.738288 0.799847
1.737348 0.803990
1.732246 0.806562
1.720148 0.812302
1.686734 0.793128
1.711006 0.812585
1.712552 0.814058
1.704940 0.809127
1.693697 0.798405
1.698884 0.809230
1.700432 0.810991
1.677593 0.793896
1.675288 0.796832
1.666068 0.797783
1.665157 0.803210
1.653346 0.784787
1.655465 0.785615
1.651924 0.784625
1.651802 0.784767
1.659104 0.791545
1.655729 0.790462
1.659704 0.797865
1.651069 0.804223
1.659454 0.807138
1.680679 0.793461
1.679138 0.795019
1.660771 0.792594
1.652694 0.805436
1.646180 0.785181
1.640747 0.785994
1.646767 0.790924
1.640675 0.792046
1.635039 0.786604
1.634856 0.792562
1.645045 0.797145
1.647317 0.796483
1.650044 0.798152
1.648877 0.803527
1.672604 0.816189
1.678955 0.822222
1.673139 0.819306
1.674144 0.823487
1.666069 0.810019
1.667763 0.816873
1.668016 0.823754
1.660246 0.810514
1.655702 0.810109
1.652894 0.809841
1.651334 0.810337
1.652944 0.816001
1.653337 0.822496
1.660778 0.823157
1.673454 0.829073
1.673167 0.831062
1.667104 0.828439
1.666758 0.828902
1.647979 0.817150
1.642289 0.823870
1.650193 0.828791
1.642100 0.829836
1.647400 0.832419
1.641346 0.833189
1.636302 0.835643
1.621636 0.834031
1.628452 0.835410
1.621936 0.835376
1.629250 0.840174
1.621984 0.841533
1.623543 0.842724
1.623204 0.844703
1.651345 0.811628
1.644684 0.818110
1.648438 0.823619
1.638035 0.836831
1.637023 0.837039
1.625262 0.837983
1.624736 0.839579
1.609561 0.793027
1.605738 0.799237
1.602650 0.804889
1.596316 0.804995
1.601865 0.809178
1.595433 0.810422
1.601678 0.816371
1.597447 0.822887
1.609906 0.811621
1.618943 0.812074
1.605356 0.823742
1.611400 0.825028
1.601951 0.828820
1.615581 0.834826
1.615857 0.835671
1.616960 0.842635
1.612299 0.841766
1.615601 0.843486
1.618674 0.837460
1.618537 0.837775
1.607935 0.829732
1.605593 0.831157
1.609514 0.830574
1.611117 0.837013
1.611074 0.837488
1.589401 0.816874
1.584794 0.817425
1.590955 0.811982
1.584405 0.811918
1.590045 0.823487
1.589789 0.825015
1.571797 0.818287
1.565820 0.818682
1.578250 0.824382
1.582788 0.829005
1.577692 0.831582
1.571175 0.830018
1.570091 0.831343
1.565570 0.827879
1.564029 0.828591
1.561262 0.830933
1.571577 0.842629
1.571661 0.842672
1.550793 0.804805
1.546168 0.806276
1.547332 0.812017
1.552556 0.818418
1.555543 0.823818
1.552823 0.824738
1.557967 0.826444
1.553456 0.827356
1.559525 0.832378
1.248678 0.800907
1.247136 0.801344
1.241083 0.802674
1.231982 0.810779
1.222181 0.811288
1.235039 0.807893
1.236331 0.807014
1.201684 0.814067
1.207740 0.813938
1.191358 0.811637
1.209278 0.811430
1.203227 0.813896
1.204327 0.819279
1.210818 0.810074
1.213666 0.813043
1.216890 0.816918
1.205536 0.819605
1.197181 0.818261
1.196419 0.818782
1.190205 0.812230
1.190562 0.818623
1.188598 0.819206
1.192333 0.825124
1.189475 0.825278
1.198742 0.825568
1.136470 0.805769
1.130414 0.806004
1.181958 0.808362
1.169855 0.812651
1.154676 0.811028
1.156208 0.816540
1.163719 0.811820
1.159281 0.810569
1.185063 0.816140
1.150131 0.807608
1.151678 0.809351
1.145618 0.807653
1.144074 0.807418
1.125895 0.802877
1.132323 0.806388
1.112211 0.791289
1.110668 0.791434
1.095535 0.785809
1.104612 0.791752
1.065167 0.783255
1.086428 0.784852
1.092493 0.788758
1.080368 0.783399
1.072768 0.783309
1.066712 0.783864
1.059122 0.787929
1.045576 0.785987
1.053053 0.782788
1.047001 0.784557
1.039409 0.787457
1.034897 0.788537
1.054603 0.785441
1.025747 0.785437
1.018516 0.786044
1.021252 0.793064
1.028852 0.793076
1.022320 0.794557
1.023283 0.801025
1.010617 0.792585
1.015200 0.794594
1.016257 0.800576
1.010663 0.799991
1.004737 0.799022
1.029843 0.807202
1.023244 0.807097
1.016781 0.811141
1.008513 0.805684
1.009179 0.809741
1.010738 0.816646
1.041456 0.831551
1.042260 0.832822
1.036535 0.828671
1.036268 0.831598
1.030916 0.832483
1.039251 0.837793
1.036225 0.837678
1.036566 0.841821
1.042638 0.838917
1.038108 0.841625
1.029836 0.837740
1.024114 0.838325
1.030035 0.844008
1.024039 0.844377
1.030517 0.845181
1.024464 0.846158
1.026012 0.848680
1.032069 0.848423
1.022131 0.838714
1.022258 0.844826
0.981874 0.813709
0.957641 0.809915
0.960369 0.812340
0.956103 0.812637
0.952628 0.807530
0.951583 0.809583
0.951041 0.812379
0.945543 0.816777
0.977954 0.817554
0.976298 0.818019
0.963631 0.818297
0.962521 0.824484
0.958226 0.831278
0.958502 0.836957
0.957877 0.837129
0.958542 0.843754
0.948226 0.823975
0.945566 0.826780
0.950240 0.831257
0.944624 0.830771
0.951964 0.837555
0.945596 0.839508
0.939493 0.819435
0.939255 0.819595
0.889411 0.813553
0.887947 0.815652
0.888956 0.820555
0.885204 0.813783
0.881845 0.820037
0.939797 0.825932
0.934142 0.826582
0.927506 0.832553
0.933185 0.838288
0.928687 0.843380
0.939336 0.843910
0.938888 0.844110
0.934269 0.845002
0.932876 0.850555
0.913269 0.831934
0.919636 0.837723
0.912680 0.837198
0.908666 0.826906
0.906156 0.832989
0.893847 0.831521
0.901630 0.827055
0.895577 0.828568
0.882369 0.824883
0.853012 0.806131
0.839324 0.792735
0.837751 0.787934
0.819581 0.779736
0.826822 0.779829
0.827187 0.782446
0.859411 0.811572
0.862169 0.812401
0.868226 0.812239
0.875099 0.813709
0.848133 0.800625
0.857042 0.807885
0.872795 0.818028
0.793843 0.780309
0.808567 0.774656
0.813464 0.780473
0.809010 0.779004
0.815070 0.780910
0.800835 0.775071
0.789038 0.781605
0.781233 0.786679
0.775661 0.787624
0.762028 0.797735
0.762762 0.794183
0.757504 0.792630
0.757090 0.794136
0.758388 0.795172
0.766816 0.795284
0.995460 0.811766
0.989880 0.818188
0.988045 0.818284
0.991039 0.822706
0.988131 0.824409
0.998592 0.820327
0.992263 0.826506
0.983426 0.816817
0.983803 0.818817
0.983437 0.821486
0.984043 0.825117
0.984985 0.823719
0.985540 0.826301
0.977368 0.816582
0.977952 0.819301
0.973387 0.819060
0.977383 0.822873
0.978933 0.825504
0.978936 0.827209
0.959190 0.812564
0.967578 0.819374
0.965581 0.819751
0.965267 0.821060
0.962636 0.825761
0.947114 0.828594
0.941058 0.828621
0.981650 0.837009
0.984425 0.831527
0.985164 0.838218
0.985490 0.832367
0.988999 0.839201
0.992722 0.845115
0.986813 0.845639
0.992780 0.851343
0.987166 0.852026
0.993600 0.858103
0.987509 0.858407
0.994059 0.864577
0.998869 0.852224
0.977431 0.843426
0.971379 0.845177
0.979506 0.844968
0.978426 0.850704
0.972362 0.850550
0.982298 0.851802
0.979873 0.857476
0.980568 0.864897
0.973568 0.864514
0.965711 0.850409
0.964917 0.863673
0.987984 0.870998
0.989122 0.884124
0.981571 0.871043
0.980734 0.876485
0.975108 0.877152
0.981607 0.883285
0.975617 0.883666
0.967943 0.876600
0.963045 0.869898
0.962444 0.884215
0.978716 0.890028
0.969296 0.890546
0.953174 0.829818
0.941092 0.843358
0.953591 0.844935
0.954106 0.851453
0.947150 0.843938
0.947823 0.845494
0.947763 0.851553
0.954787 0.859673
0.935053 0.850262
0.941671 0.851854
0.935057 0.852387
0.955412 0.870814
0.955725 0.877172
0.752961 0.794714
0.751285 0.800771
0.749934 0.805620
0.749882 0.805796
0.739189 0.807547
0.732863 0.807661
0.743888 0.810098
0.731777 0.810600
0.725732 0.815575
0.724529 0.818434
0.733222 0.814145
0.727280 0.817382
0.699610 0.800830
0.697226 0.806063
0.715448 0.813794
0.719682 0.818339
0.707548 0.809828
0.706007 0.810658
0.700032 0.807197
0.671036 0.785213
0.658941 0.792672
0.646839 0.797873
0.639861 0.800408
0.640775 0.806464
0.640653 0.806494
0.633079 0.813021
0.684716 0.795726
0.687841 0.794307
0.678640 0.787449
0.674123 0.785396
0.678841 0.788675
0.680188 0.789591
0.670670 0.789126
0.666533 0.789817
0.654425 0.791966
0.642277 0.795433
0.604383 0.799733
0.605425 0.800956
0.610520 0.806054
0.628714 0.816745
0.622167 0.819314
0.621125 0.821485
0.616597 0.815048
0.615066 0.820340
0.594821 0.786713
0.591679 0.786875
0.587680 0.789007
0.595278 0.788211
0.602891 0.794145
0.589228 0.791214
0.581112 0.793133
0.578600 0.793687
0.581138 0.799685
0.574661 0.800021
0.575597 0.801845
0.583177 0.793381
0.630112 0.808262
0.629984 0.814263
0.623878 0.814555
0.568296 0.799348
0.563472 0.796850
0.571065 0.793936
0.555865 0.793950
0.557413 0.795722
0.549810 0.794586
0.545297 0.794325
0.536157 0.795948
0.522071 0.794116
0.510362 0.784848
0.517974 0.789948
0.519328 0.795394
0.539247 0.796987
0.525593 0.797866
0.518767 0.795599
0.504303 0.783887
0.498251 0.785624
0.490653 0.786279
0.486143 0.787617
0.484598 0.786913
0.499791 0.783842
0.505852 0.786127
0.475414 0.794025
0.474779 0.800188
0.480092 0.790007
0.471668 0.801643
0.470501 0.807826
0.472226 0.812328
0.466494 0.815224
0.460588 0.825450
0.450432 0.827733
0.424123 0.825327
0.437042 0.827369
0.449556 0.833141
0.436844 0.833320
0.422588 0.828725
0.426752 0.832083
0.429022 0.833243
0.411216 0.820655
0.416784 0.826694
0.417783 0.821619
0.404397 0.819623
0.397819 0.815269
