2.916327 0.735483
2.880060 0.714633
2.884054 0.722414
2.880278 0.727975
2.928437 0.742407
2.928289 0.748500
2.922418 0.747747
2.916566 0.746975
2.909002 0.748457
2.909303 0.749114
2.915366 0.752245
2.909325 0.757713
2.916224 0.759249
2.875951 0.758265
2.888079 0.765669
2.891005 0.768524
2.887502 0.769054
2.888978 0.774236
2.888297 0.773900
2.881974 0.761941
2.881932 0.761880
2.877045 0.767353
2.882195 0.773459
2.882044 0.773927
2.901715 0.756279
2.903258 0.752563
2.900685 0.753229
2.903263 0.754694
2.895655 0.753856
2.895473 0.755219
2.896158 0.754311
2.891400 0.752465
2.895660 0.755676
2.886055 0.748284
2.889595 0.751411
2.888658 0.755718
2.883190 0.739995
2.891159 0.752431
2.885087 0.749359
2.904356 0.757946
2.897458 0.758533
2.893415 0.766559
2.889614 0.759350
2.887042 0.760139
2.889622 0.762737
2.889635 0.767960
2.876711 0.760385
2.876329 0.766797
2.877526 0.768168
2.890931 0.758646
2.891164 0.758702
2.890168 0.765551
2.840032 0.722375
2.834702 0.706519
2.837430 0.720675
2.832979 0.712280
2.822881 0.703965
2.827500 0.708072
2.818367 0.699898
2.824426 0.701403
2.830487 0.704038
2.757992 0.722707
2.796794 0.702227
2.793596 0.715460
2.800865 0.721951
2.803156 0.700323
2.798646 0.697015
2.795888 0.699564
2.795555 0.707569
2.792325 0.713197
2.796442 0.719433
2.769449 0.716132
2.757168 0.720468
2.841571 0.734959
2.845640 0.742209
2.844093 0.749135
2.841077 0.746694
2.845656 0.748801
2.845151 0.739001
2.846916 0.745049
2.870177 0.760510
2.870789 0.765628
2.851717 0.751366
2.852516 0.752437
2.857779 0.754656
2.786523 0.753277
2.792581 0.754677
2.774832 0.741764
2.766567 0.735188
2.768325 0.739103
2.775326 0.747691
2.780462 0.750467
2.808164 0.727836
2.806024 0.728267
2.801419 0.728237
2.800983 0.727845
2.800136 0.733865
2.796567 0.735533
2.800150 0.739605
2.802280 0.741894
2.801701 0.739425
2.801781 0.739587
2.806223 0.747073
2.807318 0.748199
2.803695 0.745753
2.801720 0.747081
2.788068 0.750734
2.794124 0.751428
2.762255 0.726782
2.769866 0.734779
2.768741 0.739113
2.775551 0.745573
2.782038 0.751977
2.769882 0.741484
2.632315 0.736346
2.631238 0.749575
2.637953 0.749391
2.674355 0.779943
2.668064 0.781487
2.661862 0.775268
2.649361 0.762965
2.646253 0.761670
2.655255 0.769591
2.656618 0.773696
2.638175 0.754817
2.632073 0.754374
2.632528 0.759698
2.744053 0.716749
2.737998 0.716296
2.731937 0.713634
2.731389 0.715361
2.728544 0.714352
2.731947 0.717747
2.734514 0.720738
2.736466 0.724626
2.730409 0.723421
2.731959 0.722788
2.727065 0.728165
2.725908 0.724535
2.751656 0.715375
2.739542 0.713644
2.733550 0.712542
2.732435 0.719900
2.733728 0.756208
2.727862 0.755445
2.721373 0.755509
2.738360 0.760706
2.740030 0.768190
2.738969 0.775497
2.731955 0.782878
2.719835 0.778481
2.726555 0.780787
2.725900 0.782740
2.727414 0.767350
2.734997 0.757994
2.736146 0.758946
2.735010 0.763646
2.728942 0.757793
2.729563 0.759131
2.728954 0.762772
2.722884 0.756372
2.734256 0.767314
2.727420 0.769746
2.733483 0.773789
2.727742 0.773325
2.727436 0.776679
2.721377 0.774942
2.718315 0.729835
2.716771 0.732637
2.712263 0.730179
2.711012 0.734875
2.710878 0.734647
2.710770 0.732713
2.715151 0.741107
2.714006 0.738880
2.716804 0.746238
2.716876 0.753037
2.716851 0.752993
2.713779 0.778248
2.712238 0.782471
2.707719 0.775490
2.715788 0.772129
2.709270 0.775403
2.694069 0.779435
2.695614 0.777625
2.688867 0.780725
2.657529 0.748870
2.651506 0.748319
2.675911 0.782259
2.681968 0.783007
2.650381 0.765764
2.652410 0.771835
2.657735 0.777085
2.638965 0.759701
2.627073 0.756358
2.624316 0.758971
2.618267 0.761147
2.604598 0.757464
2.598547 0.758621
2.599500 0.766688
2.591614 0.762680
2.592509 0.765519
2.578737 0.762675
2.580405 0.767414
2.587424 0.765653
2.573184 0.761503
2.572862 0.767833
2.567308 0.766680
2.574358 0.770472
2.503830 0.788471
2.502696 0.794264
2.556843 0.762867
2.557964 0.768841
2.552638 0.769025
2.560683 0.764365
2.554106 0.767098
2.540440 0.768125
2.548582 0.767510
2.533961 0.762271
2.526416 0.769640
2.533374 0.769267
2.527322 0.770262
2.534932 0.771975
2.519805 0.769867
2.518594 0.773612
2.521290 0.779547
2.521273 0.779755
2.515811 0.781421
2.513551 0.787125
2.506391 0.788279
2.507243 0.793082
2.619277 0.736557
2.614832 0.722104
2.609247 0.723273
2.474281 0.790217
2.443103 0.763198
2.462068 0.783438
2.462160 0.785215
2.441816 0.769971
2.448490 0.781097
2.440979 0.781664
2.442442 0.783698
2.456100 0.783030
2.444436 0.779191
2.443989 0.782003
2.448854 0.772154
2.438040 0.749829
2.437953 0.749685
2.428702 0.743161
2.431792 0.745549
2.413601 0.734611
2.425718 0.737718
2.412099 0.754500
2.395413 0.724059
2.393080 0.749409
2.392383 0.754205
2.438964 0.755786
2.431753 0.761073
2.431829 0.761153
2.433144 0.753457
2.438025 0.767486
2.438021 0.767317
2.436362 0.773446
2.412404 0.755308
2.412984 0.760463
2.416622 0.765736
2.435407 0.776667
2.433726 0.775171
2.436374 0.778335
2.441977 0.773707
2.437056 0.774488
2.441986 0.779609
2.422264 0.776385
2.422317 0.782270
2.422145 0.774210
2.420659 0.788019
2.418234 0.787857
2.383027 0.781155
2.384845 0.781565
2.390913 0.787280
2.389370 0.791008
2.384048 0.788259
2.378349 0.788813
2.406178 0.755026
2.394238 0.756383
2.399993 0.755857
2.390349 0.756056
2.392675 0.761754
2.392404 0.762806
2.387883 0.755173
2.393943 0.757758
2.427493 0.734684
2.427143 0.741052
2.421204 0.733236
2.427278 0.741325
2.433338 0.743712
2.435035 0.747415
2.433804 0.746684
2.432313 0.753092
2.403019 0.724528
2.396963 0.723643
2.432147 0.758984
2.486399 0.793703
2.486902 0.794411
2.494010 0.796035
2.487700 0.799293
2.480346 0.794749
2.481902 0.796788
2.475834 0.790810
2.401496 0.797725
2.409091 0.793341
2.407766 0.796865
2.402885 0.794801
2.416695 0.792709
2.382284 0.796492
2.378752 0.796911
2.385364 0.795284
2.383867 0.794405
2.381498 0.794962
2.283229 0.744697
2.277174 0.744199
2.271108 0.739604
2.259113 0.735920
2.274462 0.757209
2.277200 0.754856
2.275788 0.755145
2.282001 0.763332
2.280349 0.763583
2.283266 0.759773
2.283794 0.760975
2.283275 0.763162
2.274954 0.763128
2.272255 0.760748
2.275672 0.764503
2.277227 0.765697
2.189270 0.789923
2.253771 0.728570
2.252949 0.735558
2.246865 0.729063
2.236141 0.730458
2.236648 0.736380
2.232594 0.736924
2.233228 0.738481
2.227177 0.739833
2.238759 0.728507
2.234762 0.731534
2.230782 0.739656
2.227577 0.740966
2.233458 0.747894
2.233252 0.748310
2.227051 0.747565
2.227215 0.755981
2.219105 0.743634
2.216080 0.762536
2.219569 0.739512
2.219928 0.742543
2.221153 0.749022
2.220585 0.753521
2.217196 0.754586
2.214942 0.760301
2.214045 0.770426
2.215389 0.768367
2.212038 0.769723
2.208329 0.775826
2.205982 0.769204
2.201594 0.773135
2.196856 0.782017
2.203838 0.782208
2.196374 0.789463
2.206004 0.778040
2.204472 0.785939
2.182217 0.803693
2.175175 0.809658
2.181927 0.803343
2.180064 0.801345
2.176567 0.807830
2.171646 0.816744
2.173533 0.823639
2.173073 0.830149
2.184739 0.840822
2.184943 0.843290
2.178673 0.835789
2.180603 0.837324
2.175648 0.836905
2.172519 0.836785
2.178833 0.842852
2.178692 0.843350
2.169922 0.863835
2.169738 0.869976
2.169600 0.870499
2.198429 0.790458
2.186854 0.799775
2.168086 0.823419
2.167118 0.829505
2.163555 0.827841
2.160502 0.832823
2.151652 0.834895
2.152972 0.832874
2.171554 0.814572
2.170710 0.820399
2.169184 0.826178
2.158773 0.843835
2.158650 0.849898
2.153345 0.842493
2.150448 0.840689
2.146874 0.845933
2.148509 0.846318
2.148229 0.846408
2.149139 0.852389
2.148442 0.853023
2.139283 0.851603
2.133230 0.852152
2.127175 0.852650
2.140976 0.847942
2.140825 0.848083
2.134775 0.849887
2.141411 0.853088
2.128719 0.849548
2.381756 0.725563
2.377240 0.720356
2.373586 0.723060
2.370712 0.721320
2.374521 0.729022
2.370124 0.728001
2.374178 0.736950
2.371330 0.742693
2.372958 0.740675
2.374202 0.746914
2.380259 0.747600
2.369690 0.743199
2.368094 0.748389
2.368151 0.748682
2.362093 0.746679
2.362100 0.749329
2.356402 0.746846
2.328728 0.750575
2.336329 0.749070
2.322670 0.749000
2.350311 0.740475
2.350272 0.746449
2.384837 0.716832
2.372707 0.770079
2.371167 0.774670
2.365112 0.774162
2.353830 0.766958
2.381813 0.753217
2.375179 0.753467
2.381824 0.753387
2.375297 0.759240
2.374416 0.766294
2.368757 0.753444
2.362131 0.762551
2.377566 0.782865
2.377736 0.776279
2.376766 0.774745
2.378787 0.780179
2.375992 0.796296
2.358093 0.776710
2.359064 0.776985
2.350640 0.782779
2.351473 0.783248
2.349532 0.759248
2.339369 0.753973
2.340072 0.759932
2.343645 0.752617
2.342844 0.759566
2.345411 0.779703
2.348494 0.771918
2.346956 0.777256
2.340895 0.774835
2.334803 0.767552
2.333296 0.777593
2.334823 0.767378
2.334842 0.775469
2.330952 0.755422
2.331119 0.761325
2.327482 0.763187
2.329848 0.769267
2.330594 0.775215
2.329818 0.773017
2.316615 0.749034
2.315072 0.752497
2.310564 0.750287
2.310585 0.758960
2.296898 0.747952
2.302964 0.752918
2.298451 0.748791
2.304509 0.750341
2.290837 0.745164
2.284784 0.745767
2.278199 0.747310
2.278736 0.748828
2.278360 0.759679
2.272666 0.742205
2.266607 0.740289
2.248414 0.727974
2.250480 0.733243
2.242361 0.728581
1.897426 0.884207
1.885743 0.882622
1.879456 0.870612
1.864642 0.884607
1.867955 0.876820
1.872508 0.881703
1.860184 0.876451
1.859551 0.883191
1.848444 0.874956
1.847972 0.881485
1.843043 0.873612
1.841826 0.881104
1.830297 0.879369
1.769388 0.871396
1.769407 0.871474
1.770345 0.876030
1.773494 0.883473
1.772330 0.873456
1.777039 0.882287
1.757276 0.862497
1.762747 0.864930
1.764897 0.868457
1.768421 0.875006
1.760376 0.861242
1.777211 0.879509
1.699670 0.856748
1.694247 0.850852
1.693045 0.858350
1.705747 0.865905
1.717867 0.870614
1.717620 0.871726
1.704230 0.879829
1.698576 0.871358
1.698230 0.877716
1.697839 0.877767
1.749108 0.857899
1.746694 0.852263
1.733018 0.845771
1.726966 0.846529
1.734568 0.844973
1.728513 0.844970
1.754314 0.858074
1.736024 0.846766
1.729687 0.846636
1.714856 0.845910
1.720293 0.850474
1.708795 0.843547
1.707877 0.849862
1.722452 0.842300
1.710344 0.842557
1.716402 0.843733
1.719384 0.856365
1.713331 0.856932
1.715195 0.863107
1.702741 0.843722
1.701640 0.849595
1.704419 0.840082
1.681500 0.853735
1.679966 0.860826
1.671633 0.857919
1.668153 0.863103
1.660312 0.864957
1.661813 0.864918
1.670599 0.848089
1.662580 0.856058
1.662555 0.862002
1.653961 0.864840
1.634710 0.864748
1.652209 0.840970
1.656791 0.848631
1.649531 0.856279
1.649685 0.857140
1.648147 0.862725
1.654218 0.869592
1.655765 0.867813
1.648706 0.863271
1.646247 0.861691
1.649705 0.865428
1.656375 0.854496
1.657300 0.861266
1.651239 0.858380
1.643848 0.849378
1.637559 0.850165
1.646370 0.840201
1.643247 0.855548
1.642091 0.861712
1.637971 0.854563
1.636033 0.860608
1.691466 0.841322
1.684580 0.844436
1.689090 0.847341
1.683044 0.850892
1.665358 0.840624
2.111986 0.861325
2.113948 0.849395
2.108989 0.843126
2.089247 0.831900
2.083182 0.827726
2.084737 0.828993
2.077586 0.822772
2.071049 0.817501
2.073082 0.826173
2.078683 0.829007
2.064989 0.814880
2.052875 0.813182
2.046816 0.811175
2.025568 0.818557
2.019515 0.818932
2.005882 0.830613
2.007764 0.827356
2.033159 0.812299
2.034228 0.814608
2.027107 0.813556
2.028657 0.813418
2.028589 0.813479
2.015017 0.821577
2.008963 0.821848
2.004453 0.849415
2.027880 0.870210
2.009729 0.856857
2.016368 0.868407
2.027495 0.877166
2.021068 0.881941
2.015184 0.881778
2.015388 0.887923
2.015085 0.887819
2.016896 0.861805
2.022700 0.868548
2.004394 0.856589
2.011311 0.860693
2.005950 0.858746
2.010792 0.867283
2.016830 0.873721
2.011395 0.872432
2.010882 0.879528
2.013474 0.885646
2.110532 0.839458
2.116591 0.841297
2.104462 0.833447
1.997469 0.844236
1.947248 0.863010
1.944681 0.869521
1.949184 0.883891
1.944420 0.882597
1.942222 0.887042
1.939932 0.880087
1.999677 0.835188
2.000931 0.843343
2.001387 0.833815
2.003534 0.839283
1.999335 0.847687
2.001485 0.853034
1.938751 0.851143
1.933122 0.848870
1.921001 0.843501
1.923152 0.841186
1.922616 0.841045
1.928618 0.848231
1.916485 0.838202
1.914938 0.840232
1.894450 0.850106
1.883459 0.847636
1.888157 0.855819
1.904369 0.835559
1.908879 0.838290
1.902830 0.840618
1.892248 0.830246
1.896777 0.840752
1.885195 0.833556
1.930106 0.884417
1.936164 0.885904
1.937713 0.884505
1.940412 0.860773
1.939653 0.867673
1.934601 0.859964
1.887011 0.863234
1.881613 0.860306
1.880751 0.863955
1.879061 0.863812
1.892207 0.875552
1.893298 0.876772
1.892561 0.882595
1.892281 0.882491
1.871016 0.844435
1.864963 0.844992
1.870395 0.847874
1.879115 0.833096
1.876816 0.853818
1.875668 0.861221
1.869642 0.860686
1.875381 0.869388
1.875673 0.867134
1.875576 0.867573
1.869508 0.862111
1.868140 0.868552
1.864188 0.868457
1.857382 0.854773
1.862506 0.861589
1.855863 0.867985
1.850642 0.860275
1.850108 0.866886
1.844476 0.859925
3.400439 0.738432
3.380726 0.738909
3.395931 0.736586
3.455699 0.767094
3.425516 0.746716
3.425213 0.753019
3.438360 0.756204
3.444426 0.761135
3.439907 0.754454
3.445975 0.759887
3.432088 0.746540
3.426247 0.754382
3.412559 0.743075
3.416332 0.744963
3.414521 0.744256
3.419940 0.751494
3.402256 0.737542
3.389196 0.741140
3.391377 0.747202
3.388036 0.752806
3.386102 0.753642
3.382568 0.740579
3.378671 0.740252
3.380733 0.741939
3.379863 0.747476
3.394387 0.739166
3.381552 0.739341
3.391951 0.745089
3.388757 0.744262
3.388473 0.750706
3.382698 0.743775
3.385275 0.757804
3.389452 0.758813
3.386796 0.760760
3.379231 0.762098
3.386835 0.761470
3.380154 0.764817
3.380790 0.765583
3.391155 0.756830
3.371046 0.747673
3.372770 0.754243
3.367185 0.753110
3.365587 0.753095
3.366329 0.760145
3.356521 0.746451
3.356956 0.743753
3.359946 0.754168
3.348397 0.753827
3.360395 0.759477
3.354720 0.758478
3.358894 0.752537
3.359059 0.750423
3.354998 0.755735
3.340531 0.733343
3.342845 0.737486
3.339141 0.741288
3.350729 0.737554
3.336773 0.730510
3.335862 0.734241
3.335425 0.740721
3.330719 0.730698
3.329914 0.733590
3.326746 0.732198
3.329527 0.740005
3.325502 0.737993
3.338328 0.731815
3.332271 0.730767
3.348909 0.741449
3.338258 0.747092
3.341325 0.750667
3.347388 0.753883
3.346396 0.760958
3.339553 0.758974
3.341349 0.760285
3.342008 0.751145
3.336804 0.742833
3.337384 0.744078
3.373177 0.762264
3.374130 0.764280
3.367124 0.762974
3.368088 0.763769
3.367135 0.767544
3.366439 0.771817
3.367555 0.770376
3.367150 0.773426
3.353466 0.763895
3.358707 0.766458
3.352106 0.767828
3.350947 0.767987
3.361889 0.772610
3.361445 0.764029
3.361074 0.765126
3.359447 0.784368
3.359571 0.784417
3.355054 0.777939
3.352952 0.778523
3.353100 0.784249
3.353517 0.784776
3.346658 0.772421
3.339834 0.775160
3.332232 0.776778
3.333781 0.775587
3.321658 0.769858
3.348953 0.759757
3.347408 0.762595
3.341384 0.774448
3.347017 0.777867
3.347455 0.781364
3.335178 0.770608
3.295828 0.745309
3.302022 0.746229
3.301247 0.754220
3.302032 0.760167
3.304184 0.758195
3.299993 0.743932
3.306220 0.750344
3.280014 0.720847
3.285247 0.735322
3.278577 0.721547
3.274111 0.720351
3.279239 0.726666
3.279136 0.726707
3.273104 0.721370
3.271959 0.726060
3.265682 0.727703
3.276444 0.734490
3.277641 0.735239
3.283051 0.724839
3.293101 0.731210
3.286834 0.730988
3.286708 0.731040
3.292858 0.737544
3.280703 0.718242
3.274650 0.719234
3.271451 0.723896
3.308564 0.766599
3.314053 0.770653
3.192564 0.708269
3.183640 0.701519
3.183656 0.701616
3.171519 0.696234
3.177584 0.700886
3.177627 0.701070
3.174776 0.706775
3.166003 0.700156
3.171536 0.703445
3.167716 0.708359
3.213969 0.724852
3.220229 0.728241
3.213987 0.732273
3.212344 0.733458
3.210538 0.739199
3.258564 0.760869
3.255213 0.766472
3.252295 0.774284
3.250738 0.771540
3.248876 0.779069
3.235210 0.776426
3.242817 0.777222
3.210902 0.761295
3.210762 0.761208
3.209314 0.744995
3.223103 0.777520
3.228912 0.780732
3.217034 0.771131
3.210971 0.767776
3.230716 0.780434
3.218583 0.770465
3.212524 0.768297
3.220559 0.777544
3.197335 0.714550
3.201840 0.716767
3.195791 0.734243
3.193595 0.735023
3.189906 0.741813
3.188214 0.730664
3.182165 0.732705
3.189291 0.732210
3.189152 0.739574
3.188977 0.738535
3.182624 0.738422
3.155969 0.735257
3.175500 0.727494
3.169349 0.727113
3.171556 0.711798
3.168406 0.714296
3.166325 0.720007
3.157410 0.725881
3.175208 0.733783
3.169054 0.733409
3.171772 0.738145
3.162457 0.735468
3.164011 0.736582
3.157007 0.732322
3.157559 0.737534
3.185170 0.761257
3.185263 0.761132
3.179119 0.756262
3.205256 0.754865
3.204576 0.752637
3.192750 0.744152
3.197977 0.748373
3.196072 0.754090
3.193429 0.752951
3.206072 0.759172
3.204757 0.758547
3.205493 0.765839
3.206464 0.766247
3.207420 0.757430
3.200284 0.764248
3.200405 0.764438
3.193509 0.745828
3.186726 0.756532
3.180679 0.759426
3.186842 0.751180
3.166999 0.751281
3.173275 0.754050
3.153345 0.753625
3.149081 0.754496
3.153356 0.758653
3.156221 0.760978
3.152670 0.761657
3.153364 0.761698
3.160940 0.749493
3.156459 0.758840
3.155681 0.757714
3.154911 0.759817
3.169497 0.751882
3.174615 0.755815
3.156777 0.744460
3.156426 0.745165
3.162489 0.748618
3.253703 0.734758
3.267065 0.727632
3.259464 0.729694
3.254956 0.727641
3.247758 0.731551
3.242015 0.730659
3.249740 0.740303
3.221572 0.723866
3.223537 0.726344
3.223079 0.724241
3.214008 0.725556
3.223515 0.717757
3.215189 0.732030
3.215344 0.737752
3.222145 0.731365
3.257962 0.749858
3.263376 0.753216
3.258561 0.751994
3.257098 0.759816
3.251740 0.758406
3.250704 0.758063
3.251375 0.764021
3.203390 0.715972
3.208123 0.719175
3.209239 0.725477
3.210192 0.724252
3.206439 0.724935
3.209470 0.726764
3.191264 0.708829
3.184943 0.705829
3.172426 0.699444
3.178687 0.705590
3.124818 0.726756
3.124470 0.726849
3.150359 0.724592
3.126887 0.724793
3.128622 0.730841
3.124791 0.732344
3.125294 0.737618
3.148835 0.750925
3.148845 0.754982
3.142736 0.751878
3.147313 0.762943
3.142804 0.760823
3.148860 0.761398
3.141258 0.762929
3.121513 0.750256
3.129718 0.760927
3.135204 0.763216
3.123073 0.754244
3.115448 0.746144
3.116182 0.747001
3.118541 0.742289
3.110032 0.746621
3.104192 0.747021
3.124768 0.724620
3.119248 0.731188
3.110954 0.749672
3.117011 0.750829
3.101803 0.752234
3.105807 0.753044
3.103243 0.755002
3.095762 0.757869
3.097316 0.758733
3.104904 0.751849
3.076137 0.754762
3.077591 0.754377
3.056067 0.755394
3.038158 0.753010
3.040848 0.751964
3.089704 0.756122
3.063935 0.756448
3.065487 0.756591
3.051247 0.759524
3.050806 0.766012
3.063243 0.757580
3.058205 0.765186
3.051855 0.768001
3.057911 0.768604
3.044227 0.759058
3.044457 0.758161
3.044984 0.765212
3.090998 0.758084
3.085077 0.757420
3.013965 0.722307
3.015422 0.723914
2.983541 0.700982
2.985088 0.699101
3.003287 0.713571
2.998338 0.711564
3.007842 0.721884
3.001745 0.717649
2.995690 0.717167
2.997239 0.716203
3.004327 0.718066
3.009367 0.724264
2.991153 0.703313
2.989641 0.719284
2.989648 0.722201
2.983586 0.718949
2.984075 0.719266
2.983591 0.721194
2.992509 0.718504
2.990665 0.719073
3.033557 0.741735
3.032406 0.741172
3.019939 0.729930
3.026013 0.737759
3.019448 0.735377
3.017437 0.734496
3.019955 0.736719
3.021080 0.739135
3.018517 0.726537
3.016754 0.732289
3.019853 0.738444
3.032087 0.745837
3.031594 0.748151
3.029818 0.747302
3.036107 0.745676
3.027574 0.741812
3.005301 0.727595
3.001404 0.727782
3.000524 0.734849
3.008612 0.732685
3.007243 0.733644
3.002287 0.739128
3.001656 0.739272
2.995372 0.727243
2.994176 0.732549
2.994930 0.733732
2.994186 0.736659
2.995036 0.739506
2.990099 0.734377
2.989237 0.738678
2.994703 0.726712
2.997219 0.732814
2.995733 0.734955
2.989679 0.735220
2.987650 0.737935
3.003326 0.745114
2.994857 0.745656
3.008227 0.725690
3.003875 0.724572
3.011344 0.731847
3.009834 0.731115
2.971073 0.695800
2.978494 0.699655
2.972986 0.701711
2.952512 0.707691
2.965373 0.698729
2.944719 0.714291
2.943227 0.714969
2.932220 0.714048
2.932037 0.714551
2.953274 0.702708
2.947221 0.703672
2.946908 0.705526
2.944196 0.704875
2.946373 0.712138
2.945703 0.716904
2.934617 0.712110
2.980210 0.719621
2.943893 0.720908
2.942634 0.731082
2.946572 0.735074
2.938538 0.734398
2.942650 0.737462
2.950243 0.731897
2.950514 0.732867
2.944182 0.729508
2.941855 0.732526
2.944194 0.734346
2.936575 0.728903
2.930526 0.731003
2.924467 0.729269
2.922935 0.736884
2.938113 0.723372
2.933139 0.718517
2.935374 0.747648
2.935071 0.748467
2.929006 0.744087
2.922955 0.745690
2.930138 0.746072
2.923914 0.745792
2.922963 0.748854
2.929027 0.752529
2.940660 0.718506
2.913854 0.706313
2.913263 0.707405
2.916213 0.712724
2.913096 0.713535
2.913881 0.717715
2.915571 0.720707
2.915708 0.726611
2.918998 0.731987
2.915937 0.732527
2.913888 0.720604
2.906263 0.712759
2.907338 0.714134
2.900193 0.713566
2.900211 0.713581
2.907527 0.706487
2.901747 0.707400
2.889085 0.708894
2.892602 0.712249
2.888472 0.706144
2.894143 0.707825
2.884573 0.708513
2.882040 0.710623
2.895682 0.703168
2.881294 0.720015
2.879440 0.725761
2.916878 0.735842
2.910856 0.749692
2.920561 0.752731
2.910867 0.754274
2.915266 0.758200
2.904806 0.751333
2.904640 0.751431
1.623880 0.842348
1.627507 0.844623
1.623893 0.847897
1.618945 0.851968
1.617826 0.842318
1.617838 0.847396
1.616441 0.849582
1.621501 0.865187
1.628436 0.863894
1.623002 0.863197
1.623916 0.857376
1.630357 0.862002
1.618536 0.857810
1.620122 0.863826
1.618222 0.855118
1.615810 0.855423
1.598110 0.841595
1.599645 0.834902
1.586001 0.841644
1.587015 0.836084
1.584462 0.846895
1.580136 0.842570
1.578415 0.849650
1.543079 0.878502
1.573102 0.849258
1.566612 0.849323
1.570823 0.855095
1.575432 0.836756
1.567841 0.843155
1.564780 0.860161
1.557182 0.863396
1.551129 0.863785
1.547526 0.870142
1.559841 0.855669
1.554215 0.857396
1.553141 0.861923
1.548275 0.853974
1.522391 0.856604
1.539961 0.875406
1.546946 0.867529
1.540592 0.872435
1.526914 0.864688
1.530850 0.868759
1.525875 0.869802
1.520033 0.869020
1.520874 0.870892
1.526935 0.873579
1.526942 0.876236
1.513516 0.869122
1.506267 0.870180
1.513699 0.874802
1.509318 0.875018
1.507583 0.877020
1.501146 0.864958
1.499838 0.870488
1.485940 0.867681
1.473807 0.857816
1.467753 0.857951
1.481416 0.858726
1.487479 0.862197
1.489018 0.857491
1.476894 0.851298
1.470662 0.848251
1.469287 0.850631
1.514791 0.858981
1.509690 0.861125
1.502681 0.858352
1.490553 0.850297
1.494310 0.853971
1.448396 0.852358
1.441973 0.853039
1.448015 0.858762
1.449560 0.845467
1.457163 0.844248
1.452656 0.842383
1.458713 0.844022
1.443562 0.844324
1.438984 0.837901
1.417243 0.839168
1.426869 0.835403
1.419261 0.834242
1.420808 0.832539
1.626966 0.835641
1.633024 0.836825
1.625428 0.840744
1.631744 0.842453
1.625438 0.845109
1.631756 0.848354
1.626110 0.847332
1.625457 0.852850
1.607245 0.832703
1.618487 0.848858
1.595135 0.832173
1.589073 0.829310
1.631520 0.856633
1.352550 0.849577
1.340446 0.851810
1.334387 0.849888
1.307924 0.838950
1.310483 0.830179
1.308576 0.832438
1.313533 0.838484
1.312228 0.836217
1.302498 0.822955
1.305428 0.826043
1.296434 0.818915
1.296410 0.819438
1.297977 0.815667
1.298491 0.816693
1.304042 0.819741
1.309363 0.824196
1.301682 0.832792
1.301869 0.838439
1.295969 0.837727
1.295936 0.859009
1.293432 0.860560
1.320361 0.845440
1.320695 0.850899
1.320729 0.850990
1.307055 0.845254
1.312940 0.844318
1.314663 0.846314
1.322274 0.848226
1.310153 0.843422
1.316218 0.847770
1.300997 0.843332
1.295531 0.844209
1.298657 0.851176
1.295762 0.849818
1.294974 0.856652
1.294936 0.856809
1.405603 0.835263
1.393504 0.839300
1.384366 0.846863
1.378300 0.842150
1.382434 0.845806
1.385913 0.845206
1.382983 0.841542
1.379858 0.844771
1.401094 0.832983
1.367751 0.845879
1.373808 0.846973
1.361703 0.848367
1.348039 0.846786
1.349000 0.847600
1.344087 0.848503
1.311727 0.828074
1.305541 0.821824
1.305598 0.821897
1.299418 0.821417
1.299543 0.821642
1.343437 0.854356
1.202449 0.791920
1.204000 0.791946
1.197937 0.788515
1.196396 0.792602
1.190327 0.786755
1.199475 0.782954
1.291930 0.818926
1.290385 0.821494
1.289723 0.838661
1.270668 0.820646
1.278273 0.820142
1.272218 0.819837
1.279820 0.818087
1.273424 0.821719
1.279591 0.827994
1.251953 0.818608
1.245243 0.818968
1.244312 0.825258
1.264608 0.818193
1.258558 0.820036
1.266573 0.816904
1.267137 0.821525
1.260110 0.820149
1.250488 0.829507
1.281284 0.844606
1.277045 0.845656
1.289349 0.843871
1.284810 0.844133
1.289474 0.849620
1.282456 0.849830
1.275708 0.850779
1.287203 0.858511
1.275256 0.855186
1.281314 0.856796
1.287914 0.857572
1.289243 0.855837
1.288922 0.857625
1.284860 0.861824
1.281527 0.857502
1.281628 0.863279
1.283927 0.854392
1.278690 0.855418
1.283099 0.861377
1.237328 0.834676
1.230437 0.838035
1.239873 0.836664
1.224028 0.839184
1.213101 0.830855
1.208931 0.798757
1.207437 0.804516
1.202887 0.810032
1.208863 0.796595
1.204637 0.802152
1.207227 0.818141
1.208063 0.828882
1.202474 0.821866
1.238900 0.842769
1.232848 0.844059
1.225234 0.840451
0.924410 0.732172
0.918622 0.737241
0.918443 0.743393
0.911396 0.734062
0.912550 0.736767
0.911535 0.743997
0.911862 0.749500
0.897733 0.733088
0.899283 0.732507
0.893228 0.732132
0.878040 0.741781
0.870448 0.747644
0.856809 0.756095
0.860276 0.752238
0.887176 0.732883
0.837100 0.758484
0.825231 0.747392
0.812841 0.741500
0.852306 0.756070
0.843220 0.756732
0.828645 0.745874
0.833321 0.750022
0.831226 0.751977
0.832586 0.753988
0.838656 0.760203
0.834131 0.751415
0.837265 0.756249
0.820448 0.741836
0.826504 0.742445
0.824033 0.743361
0.808333 0.739372
0.815938 0.739150
0.800731 0.740768
0.787629 0.746014
0.784791 0.746541
0.788502 0.750596
0.781045 0.752657
0.767390 0.754798
0.762591 0.745071
0.762875 0.749881
0.747284 0.733804
0.749556 0.739364
0.750730 0.734978
0.756679 0.738313
0.802683 0.743197
1.153916 0.751540
1.155414 0.750991
1.154767 0.757748
1.155485 0.758773
1.147869 0.754940
1.082883 0.739582
1.135754 0.752505
1.134213 0.756299
1.122365 0.752486
1.124806 0.743012
1.123639 0.749669
1.111241 0.745668
1.110443 0.744938
1.121657 0.752427
1.114876 0.751858
1.118775 0.742489
1.117584 0.749311
1.111528 0.748998
1.119110 0.738780
1.103902 0.740039
1.104730 0.743990
1.111104 0.749412
1.104371 0.750372
1.091787 0.737652
1.092675 0.742926
1.089007 0.737928
1.085585 0.743764
1.092407 0.749197
1.185811 0.781365
1.168310 0.779879
1.172559 0.778058
1.173694 0.778016
1.161543 0.760512
1.166505 0.769525
1.167088 0.776222
1.167638 0.777336
1.149431 0.759277
1.075097 0.738927
1.073096 0.746823
1.066029 0.741940
1.071174 0.745768
1.064491 0.747841
1.059978 0.743718
1.073616 0.734666
1.075550 0.736820
1.079664 0.743095
1.079615 0.743055
1.067557 0.732605
0.988727 0.744006
0.982653 0.736043
0.981118 0.742532
0.976597 0.735390
0.983530 0.736582
1.070550 0.749375
1.052383 0.748077
1.025077 0.754026
1.044783 0.750397
1.041365 0.752212
1.046339 0.751950
1.040291 0.755090
1.035296 0.757598
1.026443 0.757137
1.053931 0.747077
1.019030 0.756723
1.005367 0.755663
1.006915 0.754446
0.994794 0.749195
0.961401 0.741573
0.967458 0.742714
0.969005 0.740916
0.949898 0.738438
0.956897 0.741316
0.951027 0.742898
0.937167 0.734673
0.943223 0.735791
0.943879 0.737889
0.937598 0.737683
0.944018 0.743628
0.937990 0.743100
0.925197 0.737065
0.655174 0.699682
0.737043 0.723876
0.746129 0.727829
0.730989 0.723892
0.715828 0.744802
0.709787 0.750574
0.723421 0.739777
0.725927 0.732019
0.718908 0.735316
0.712866 0.744872
0.689612 0.747895
0.696128 0.750550
0.702185 0.752015
0.697187 0.752297
0.703735 0.751285
0.704360 0.751343
0.690089 0.753162
0.700365 0.757772
0.692647 0.759275
0.691649 0.760934
0.708574 0.750422
0.738591 0.722549
0.732537 0.722636
0.668382 0.700577
0.668643 0.706138
0.669179 0.713949
0.656721 0.698080
0.657066 0.698529
0.662781 0.699949
0.657149 0.704343
0.663382 0.710534
0.649121 0.700363
0.648468 0.700444
0.650916 0.698494
0.650985 0.703989
0.644278 0.704331
0.659757 0.732111
0.663592 0.719366
0.658817 0.730769
0.685863 0.760881
0.682545 0.766428
0.676455 0.767761
0.680328 0.770059
0.677437 0.770606
0.662798 0.769269
0.664343 0.766525
0.647664 0.739043
0.646264 0.745794
0.647429 0.753944
0.646549 0.751154
0.658095 0.764717
0.652132 0.766106
0.656744 0.768990
0.648484 0.759915
0.552557 0.694551
0.533899 0.684735
0.527845 0.684871
0.594556 0.731093
0.582449 0.731957
0.588665 0.733317
0.588509 0.734170
0.563250 0.707875
0.570304 0.716979
0.575830 0.726578
0.574978 0.734385
0.550597 0.720310
0.546079 0.714325
0.548970 0.718464
0.548294 0.726444
0.545624 0.734276
0.538751 0.711726
0.527900 0.707995
0.573021 0.754686
0.560283 0.754495
0.560401 0.760241
0.553944 0.760261
0.551995 0.760516
0.559713 0.765101
0.554539 0.766612
0.553339 0.766512
0.542015 0.741299
0.547108 0.754889
0.541518 0.752542
0.536974 0.753373
0.531707 0.747047
0.525169 0.740615
0.535161 0.753221
0.541001 0.739772
0.542427 0.746653
0.537000 0.746192
0.538533 0.738913
0.524880 0.741697
0.530940 0.743906
0.629426 0.708207
0.611273 0.712642
0.637016 0.701608
0.624664 0.710636
0.606803 0.721122
0.603694 0.723451
0.596102 0.728803
0.583992 0.728486
0.559720 0.706104
0.565786 0.710833
0.577151 0.718649
0.542173 0.685368
0.515743 0.687960
0.514198 0.690529
0.500389 0.673188
0.508125 0.683331
0.491473 0.666691
0.477811 0.666008
0.485387 0.666095
0.516268 0.720047
0.520412 0.712201
0.521844 0.707211
0.455818 0.721499
0.453757 0.679513
0.452701 0.685325
0.449333 0.687188
0.453106 0.691263
0.450791 0.693198
0.459667 0.674275
0.452134 0.701364
0.455001 0.705338
0.456166 0.711335
0.458809 0.719580
0.520128 0.732151
0.455890 0.727384
0.444985 0.748474
0.444911 0.753767
0.453219 0.741102
0.451110 0.746808
0.455093 0.739096
0.455297 0.745012
0.437340 0.761167
0.431622 0.767169
0.430873 0.767487
0.444776 0.758074
0.442904 0.763828
0.437063 0.765468
0.432427 0.768661
0.424816 0.766439
0.424860 0.766542
0.420853 0.772165
0.411163 0.769678
0.397631 0.768488
0.399062 0.773047
0.391443 0.767347
0.385009 0.768142
0.386948 0.770674
0.406672 0.774965
0.373393 0.754869
0.373284 0.754809
0.373721 0.760135
0.361853 0.746990
0.355339 0.741182
0.366999 0.754602
0.367196 0.755693
0.362696 0.756766
0.380887 0.768320
0.368757 0.759554
0.338085 0.714839
0.333055 0.712985
0.330796 0.725629
0.332361 0.719803
0.330753 0.733641
0.326018 0.701960
0.320180 0.701256
0.313909 0.700937
0.308074 0.702982
0.327032 0.705475
0.330965 0.711699
0.326902 0.725289
0.348830 0.741274
0.349317 0.746538
0.342812 0.752318
0.336826 0.740119
0.336632 0.746282
0.331443 0.744668
0.141306 0.684117
0.145361 0.687773
0.137900 0.689326
0.129190 0.681183
0.133704 0.685956
0.142482 0.685921
0.270040 0.701303
0.266576 0.706901
0.260634 0.712308
0.258926 0.714311
0.265749 0.718629
0.258854 0.720193
0.273360 0.744977
0.267256 0.732553
0.261416 0.731778
0.266398 0.745499
0.254114 0.715172
0.247082 0.721858
0.242104 0.715074
0.235389 0.708482
0.235611 0.714091
0.236859 0.718052
0.236819 0.720516
0.216529 0.715103
0.229224 0.706175
0.223692 0.701763
0.224709 0.701304
0.229329 0.705967
0.217111 0.704412
0.216665 0.707692
0.216117 0.714321
0.248027 0.726519
0.239859 0.738017
0.241391 0.729732
0.247900 0.732601
0.243441 0.732850
0.239911 0.732559
0.254376 0.726638
0.241372 0.740720
0.243992 0.746826
0.248831 0.745092
0.235618 0.740240
0.233812 0.740826
0.234865 0.738051
0.238861 0.747823
0.233086 0.746948
0.233831 0.748759
0.239892 0.751692
0.254219 0.744600
0.231052 0.745758
0.266388 0.751437
0.141356 0.749025
0.141261 0.749077
0.183742 0.706879
0.185735 0.720578
0.183938 0.720204
0.171628 0.704337
0.174654 0.707879
0.171091 0.708346
0.177695 0.709936
0.177132 0.714776
0.178309 0.719151
0.170929 0.714463
0.168755 0.713279
0.171654 0.715108
0.204152 0.701303
0.210644 0.707142
0.210302 0.713500
0.208261 0.714408
0.201907 0.707992
0.197393 0.703043
0.195036 0.699382
0.192889 0.702896
0.212377 0.698977
0.185259 0.700743
0.185139 0.700705
0.179935 0.706169
0.186853 0.698677
0.186826 0.698939
0.173176 0.703276
0.177817 0.705996
0.173187 0.708043
0.175073 0.711676
0.172506 0.712409
0.182232 0.742283
0.189141 0.727734
0.191687 0.735015
0.188319 0.737078
0.174677 0.744585
0.168625 0.745486
0.183738 0.726306
0.183809 0.734353
0.181431 0.740046
0.170176 0.745338
0.165562 0.700029
0.159512 0.701941
0.147348 0.693878
0.153955 0.699577
0.149745 0.699921
0.147552 0.699528
0.164226 0.708910
0.165585 0.709701
0.159229 0.707006
0.158675 0.712452
0.154011 0.705428
0.140621 0.695433
0.142816 0.701498
0.136893 0.706895
0.145055 0.705439
0.139827 0.714040
0.142908 0.719185
0.139252 0.719692
0.132462 0.720148
0.130734 0.708542
0.125904 0.714390
0.120143 0.715714
0.161050 0.696622
0.167107 0.697299
0.154997 0.696536
0.154961 0.744273
0.156507 0.741888
0.150444 0.738057
0.149871 0.740379
0.148909 0.745096
0.145374 0.747246
0.145912 0.726762
0.145263 0.732087
0.138745 0.732188
0.132752 0.731616
0.144236 0.739331
0.138571 0.738337
0.143942 0.745632
0.142715 0.744899
0.144413 0.748201
0.133597 0.762577
0.120098 0.769881
0.121656 0.772445
0.145136 0.753119
0.142830 0.752989
0.142891 0.759857
0.136841 0.762066
0.131985 0.765964
0.129253 0.769293
0.300470 0.703548
0.295972 0.705681
0.288681 0.700239
0.282308 0.703924
0.275488 0.700649
0.279127 0.705798
0.270197 0.703026
0.101883 0.686858
0.089786 0.691193
0.117078 0.680099
0.109488 0.686388
0.097384 0.688451
0.056418 0.694588
0.082181 0.691934
0.084328 0.692099
0.070072 0.692127
0.048820 0.697479
0.042768 0.698815
0.034223 0.689320
0.036711 0.697801
0.051088 0.693439
0.030643 0.692304
0.030652 0.695927
0.029878 0.680901
0.035030 0.679197
0.026220 0.674707
0.021584 0.670459
0.031464 0.686927
0.031065 0.692794
0.006370 0.669533
0.000320 0.671186
-0.006360 0.675036
0.013974 0.668937
0.007930 0.672758
0.112518 0.718913
0.119143 0.720721
0.114082 0.723649
0.098870 0.723617
0.086749 0.718380
0.085964 0.722014
0.092812 0.722367
0.100414 0.720740
0.094357 0.719607
0.102466 0.749357
0.104998 0.746026
0.102097 0.747960
0.104979 0.746129
0.084845 0.735299
0.098906 0.738543
0.097362 0.741606
0.100992 0.739825
0.097412 0.741684
0.091299 0.738092
0.092506 0.739605
0.086039 0.739642
0.112574 0.741560
0.118950 0.745075
0.118569 0.745137
0.111773 0.745594
0.073703 0.721195
0.074639 0.718172
0.069725 0.712084
0.067780 0.720518
0.082232 0.713180
0.076171 0.710112
0.049086 0.707879
0.054907 0.711341
0.059178 0.706899
0.051590 0.698716
0.050386 0.703727
0.057318 0.714787
0.054447 0.715205
0.060989 0.722493
0.061144 0.712958
0.048859 0.713493
0.048837 0.714112
0.049285 0.719446
0.078634 0.729094
0.073405 0.727493
0.073497 0.733286
0.067487 0.726813
0.067646 0.732524
0.079249 0.740096
0.060511 0.727512
0.054280 0.727239
0.054955 0.730946
0.108550 0.752244
0.104848 0.754077
0.110253 0.758287
0.109521 0.761784
0.110701 0.764742
0.116597 0.771366
0.118261 0.751459
0.111695 0.751619
0.030179 0.707337
0.023898 0.713046
0.023708 0.719215
0.023654 0.725208
0.044319 0.698758
0.037762 0.699935
0.044323 0.700397
0.037093 0.706719
0.031448 0.699773
0.030674 0.704893
0.030688 0.710345
0.025170 0.705489
0.024625 0.707174
