3.462087 0.717636
3.464837 0.711358
3.454791 0.724640
3.442675 0.727051
3.430547 0.734251
3.422938 0.737555
3.474361 0.717856
3.468468 0.716316
3.476062 0.720713
3.470010 0.719259
3.462407 0.718777
3.403216 0.740960
3.391109 0.739107
3.365675 0.755312
3.369046 0.748907
3.383510 0.737811
3.381180 0.736245
3.368420 0.742686
3.371403 0.735979
3.366604 0.743132
3.366279 0.736794
3.392666 0.734981
3.385063 0.735206
3.377471 0.730373
3.382361 0.730477
3.379349 0.724303
3.378787 0.724230
3.372965 0.729495
3.353172 0.763898
3.354172 0.761624
3.359247 0.755584
3.354730 0.759427
3.360537 0.755709
3.347107 0.767914
3.345569 0.764347
3.341061 0.763813
3.348384 0.762161
3.360794 0.755697
3.334153 0.761476
3.332711 0.755269
3.337565 0.761925
3.337073 0.755706
3.328395 0.749113
3.327155 0.742906
3.332011 0.749577
3.321406 0.738570
3.306223 0.728720
3.286523 0.722676
3.282016 0.722447
3.280471 0.721566
3.288074 0.721606
3.268360 0.721458
3.269915 0.718329
3.249464 0.736043
3.255609 0.729710
3.251014 0.730280
3.247041 0.736583
3.259455 0.723416
3.256241 0.724918
3.228877 0.746141
3.222828 0.742839
3.236483 0.744201
3.238408 0.743108
3.231971 0.745984
3.315366 0.731897
3.307761 0.732764
3.301717 0.727730
3.170652 0.729484
3.210694 0.753108
3.209484 0.748325
3.216763 0.747171
3.212238 0.754533
3.197040 0.750954
3.196591 0.748298
3.206172 0.759025
3.204633 0.755685
3.198582 0.753536
3.192399 0.755188
3.191399 0.748645
3.172817 0.751603
3.175560 0.748790
3.172298 0.748675
3.180423 0.750198
3.209361 0.742052
3.202874 0.742028
3.196984 0.742169
3.191000 0.744824
3.184327 0.742209
3.178899 0.740164
3.177361 0.736171
3.177294 0.735791
3.172640 0.742547
3.171461 0.735953
3.171307 0.735286
3.171100 0.717136
3.151462 0.761172
3.146053 0.760957
3.148069 0.767819
3.152323 0.754682
3.145512 0.754564
3.144791 0.742104
3.159481 0.754803
3.166765 0.750068
3.161217 0.748541
3.134078 0.761206
3.127699 0.761214
3.139826 0.754771
3.132419 0.754776
3.140711 0.748809
3.140136 0.742395
3.126907 0.754736
3.128075 0.748865
3.127976 0.742600
3.165250 0.736165
3.166259 0.735992
3.169631 0.723471
3.164893 0.723430
3.159380 0.723169
3.150121 0.717084
3.145176 0.735755
3.141631 0.729691
3.144942 0.723213
3.140222 0.723717
3.141024 0.738038
3.141031 0.735144
3.128463 0.736528
3.139523 0.717985
3.137988 0.712623
3.128030 0.717686
3.127726 0.711353
3.131952 0.704253
2.997083 0.747967
2.997180 0.741757
2.990924 0.735118
2.985245 0.748252
2.984857 0.740340
3.003073 0.718989
2.990329 0.722915
2.991363 0.729458
2.996998 0.727227
2.990947 0.725533
2.983344 0.725611
2.984892 0.725429
2.976145 0.722866
2.972776 0.727317
2.971233 0.725389
2.966726 0.725202
2.965188 0.720658
2.945477 0.719782
2.959130 0.722092
2.926468 0.735429
2.926083 0.729080
2.931822 0.718256
2.927891 0.722715
2.923622 0.722784
2.920936 0.716594
2.933183 0.735524
2.933335 0.733232
2.930978 0.729378
2.934874 0.737127
2.934884 0.732408
2.940848 0.723492
2.939428 0.717252
2.934244 0.723387
2.933371 0.717576
2.927269 0.737862
2.923766 0.735737
2.921229 0.731200
2.919634 0.729586
2.930372 0.723159
2.921001 0.723247
2.920588 0.723339
2.919302 0.717136
2.906060 0.715170
2.912123 0.712003
2.913670 0.712219
2.886363 0.708159
2.895511 0.709301
2.889450 0.711472
2.854533 0.710496
2.833038 0.722386
2.829103 0.722557
2.834818 0.710964
2.828750 0.716046
2.830304 0.713132
2.880316 0.704686
2.875800 0.707790
2.868194 0.709058
2.863637 0.710876
2.862142 0.707686
2.856074 0.713145
2.850016 0.714399
2.843969 0.710444
2.826691 0.722486
2.822691 0.717963
2.824245 0.715381
2.804506 0.725765
2.803329 0.716654
2.812122 0.720514
2.783637 0.741081
2.772281 0.747736
2.773246 0.741804
2.796413 0.728599
2.790175 0.728642
2.796899 0.727638
2.798348 0.722937
2.790981 0.722639
2.796691 0.716272
2.791494 0.716560
2.792419 0.715419
2.798479 0.713584
2.784255 0.728780
2.777777 0.728757
2.774425 0.735350
2.772888 0.735456
2.785992 0.716852
2.772826 0.722921
2.778751 0.719964
2.677571 0.722100
2.680985 0.716052
2.676119 0.715889
2.680195 0.714113
2.674115 0.725037
2.668066 0.721891
2.654390 0.729556
2.655098 0.728707
2.746395 0.760124
2.766266 0.754091
2.766521 0.747935
2.754441 0.758524
2.748372 0.763671
2.739235 0.758379
2.733168 0.763259
2.729693 0.760059
2.726800 0.760008
2.719527 0.755677
2.713509 0.739595
2.715029 0.751269
2.715941 0.748154
2.735400 0.766691
2.730339 0.760558
2.722618 0.757594
2.716326 0.734873
2.713522 0.728683
2.712982 0.722289
2.719130 0.715979
2.711094 0.747929
2.710614 0.741711
2.689269 0.747299
2.695383 0.741481
2.688704 0.741394
2.710102 0.735493
2.710692 0.729254
2.709027 0.728563
2.707486 0.725601
2.701437 0.722377
2.699909 0.714329
2.695851 0.735398
2.689296 0.735754
2.688269 0.722554
2.683716 0.748090
2.682787 0.741550
2.683385 0.735514
2.683263 0.725785
2.675661 0.725297
3.122314 0.761543
3.119187 0.761239
3.116118 0.767846
3.114614 0.761128
3.109897 0.755184
3.120972 0.748748
3.120826 0.742363
3.121304 0.740978
3.114692 0.748682
3.115320 0.742650
3.121372 0.711158
3.111571 0.704308
3.102873 0.716915
3.106885 0.710838
3.101020 0.710713
3.106172 0.708592
3.100095 0.718333
3.099914 0.710670
3.086432 0.720144
3.067707 0.723085
3.081920 0.722021
3.089524 0.721732
3.069809 0.721938
3.056152 0.721390
3.048193 0.716756
3.054609 0.719715
3.050101 0.719403
3.034913 0.711943
3.042510 0.714811
3.036466 0.709694
3.009315 0.748716
3.009407 0.742487
3.028854 0.713464
3.030168 0.710953
3.024336 0.717716
3.018273 0.721405
3.016740 0.715201
3.006066 0.754999
3.000858 0.754579
2.992426 0.754915
2.997766 0.754403
3.000022 0.758126
3.004723 0.748279
3.004573 0.738937
2.991494 0.748205
2.986178 0.754779
2.980218 0.754925
2.979914 0.754965
2.979911 0.748591
2.979124 0.748754
2.998277 0.735851
3.004591 0.731408
2.997714 0.729442
3.003221 0.723385
3.004588 0.717118
3.004546 0.717131
2.985779 0.735949
2.985964 0.729777
2.547789 0.741392
2.540826 0.741210
2.544586 0.734877
2.539713 0.734627
2.571044 0.722377
2.551323 0.725718
2.648339 0.727859
2.636234 0.725604
2.631970 0.722381
2.628642 0.720658
2.647798 0.728838
2.650982 0.722926
2.643843 0.722985
2.637790 0.721672
2.624132 0.721597
2.616527 0.722766
2.609454 0.728200
2.610690 0.722324
2.612024 0.719987
2.596804 0.726243
2.604422 0.719562
2.591752 0.728322
2.590323 0.728346
2.584704 0.721660
2.592909 0.722574
2.560476 0.724576
2.525527 0.737237
2.519241 0.740563
2.519466 0.739694
2.513438 0.727807
2.533119 0.741870
2.527051 0.747662
2.526007 0.740600
2.528596 0.748608
2.520999 0.745934
2.517651 0.741079
2.518753 0.734829
2.515177 0.728734
2.508931 0.727279
2.501329 0.726937
2.487664 0.730168
2.483169 0.724389
2.448222 0.736295
2.436276 0.740559
2.430368 0.740708
2.436102 0.739857
2.442045 0.734141
2.442439 0.734253
2.440550 0.727969
2.430564 0.734369
2.436122 0.731077
2.438337 0.721773
2.430096 0.718915
2.428550 0.718019
2.424041 0.718554
2.467948 0.730725
2.474407 0.728372
2.469506 0.726244
2.452578 0.740715
2.449399 0.740655
2.455827 0.735294
2.457661 0.735014
2.451310 0.739085
2.461895 0.729674
2.437095 0.747043
2.442222 0.740899
2.425518 0.748863
2.424834 0.747215
2.424771 0.740961
2.446221 0.734597
2.438710 0.734734
2.443721 0.732948
2.437282 0.728398
2.431606 0.734687
2.431001 0.722204
2.425098 0.722371
2.293594 0.741938
2.296169 0.739975
2.275025 0.765250
2.276765 0.758989
2.279566 0.752710
2.274605 0.752548
2.269313 0.767529
2.263250 0.770616
2.255656 0.767090
2.251146 0.767883
2.249150 0.765712
2.242030 0.753070
2.244639 0.759571
2.296384 0.733737
2.237580 0.752942
2.235981 0.750277
2.231473 0.749901
2.225417 0.750231
2.217834 0.741962
2.210242 0.736937
2.203078 0.733853
2.209375 0.727245
2.203676 0.727443
2.192092 0.729974
2.198150 0.728856
2.198010 0.727664
2.191600 0.727661
2.190560 0.723219
2.188380 0.727886
2.185315 0.721716
2.211787 0.737992
2.417990 0.716602
2.390692 0.708775
2.398299 0.706705
2.377033 0.709086
2.364175 0.721357
2.364404 0.715183
2.364912 0.713423
2.378578 0.709738
2.386190 0.706082
2.366459 0.713389
2.372446 0.709469
2.419290 0.747501
2.419062 0.741192
2.351251 0.714360
2.352805 0.711780
2.339148 0.710873
2.346752 0.710588
2.345207 0.709570
2.334636 0.712535
2.331552 0.707786
2.320954 0.723172
2.323192 0.721789
2.318791 0.715140
2.325493 0.709713
2.323337 0.715556
2.327034 0.712598
2.307277 0.731481
2.311278 0.727730
2.304371 0.734599
2.288177 0.753057
2.264797 0.770834
2.151159 0.712014
2.145108 0.709899
2.139045 0.713227
2.126517 0.714866
2.132991 0.712343
2.176909 0.719939
2.178468 0.715152
2.178579 0.715124
2.172367 0.715184
2.164809 0.715052
2.134533 0.715285
2.119394 0.720892
2.085597 0.720949
2.067463 0.708205
2.073842 0.715723
2.072802 0.714456
2.075396 0.712761
2.095096 0.719146
2.082984 0.719725
2.081655 0.714852
2.022314 0.711362
2.010200 0.712513
2.002598 0.712638
1.996531 0.717321
2.004463 0.714741
1.990470 0.719543
1.992022 0.718087
1.979906 0.719886
1.984421 0.717302
1.985967 0.717584
1.978367 0.716251
1.971259 0.740167
1.966712 0.739891
1.954102 0.735024
1.953537 0.733541
1.961005 0.740122
1.960814 0.733826
1.970763 0.716927
1.964709 0.716432
1.966256 0.716305
1.952577 0.725320
1.958650 0.718056
1.954112 0.730733
1.954122 0.726485
2.061742 0.711224
2.063296 0.708278
2.055682 0.713366
2.048649 0.714380
2.044180 0.715157
2.035968 0.713075
2.031456 0.714877
2.017791 0.717856
2.005682 0.717538
1.943072 0.732923
1.938881 0.741843
1.932830 0.739927
1.926784 0.736094
1.939348 0.726748
1.938412 0.720375
1.932474 0.726743
1.932631 0.720551
1.922975 0.727024
1.925796 0.720426
1.946486 0.740900
1.948034 0.740832
1.947498 0.739557
1.948664 0.740058
1.940431 0.741046
1.946641 0.733341
1.946523 0.724517
1.934372 0.742605
1.907098 0.723751
1.914704 0.722774
1.908649 0.722329
1.913161 0.720550
1.901041 0.724408
1.889021 0.732863
1.893431 0.728041
1.861572 0.742679
1.867642 0.736404
1.835767 0.758216
1.836683 0.757713
1.837321 0.755658
1.843152 0.751846
1.851271 0.745476
1.855523 0.739953
1.887681 0.732981
1.888770 0.727076
1.881313 0.731217
1.882866 0.728728
1.875252 0.733329
1.870735 0.737400
1.863135 0.736327
1.850440 0.746000
1.851127 0.739799
1.850837 0.739765
1.830463 0.758043
1.810011 0.753082
1.803957 0.752001
1.811553 0.755356
1.819148 0.758672
1.814959 0.752368
1.812541 0.752214
1.805498 0.754991
1.810020 0.749143
1.816914 0.745348
1.810736 0.745413
1.810033 0.743470
1.816090 0.742195
1.806818 0.745260
1.784203 0.769956
1.778160 0.764504
1.785772 0.760435
1.791835 0.757198
1.797893 0.756446
1.780078 0.758304
1.775275 0.752044
1.761365 0.757533
1.772101 0.766054
1.772534 0.764183
1.768749 0.764113
1.772577 0.757961
1.769286 0.757871
1.772819 0.751799
1.765321 0.751708
1.766105 0.740338
1.771825 0.739133
1.766655 0.739405
1.758170 0.745020
1.758083 0.738882
1.759575 0.745581
1.760050 0.740121
1.760053 0.739256
1.773685 0.750050
1.767621 0.753775
1.752457 0.736155
1.747948 0.736248
1.740347 0.735437
1.737492 0.733005
1.738813 0.729478
1.736142 0.726801
1.734314 0.725717
1.726556 0.720179
1.728272 0.720026
0.835351 0.730252
0.829231 0.730398
0.822973 0.724286
0.811146 0.722881
0.817205 0.721318
0.803539 0.724951
0.799028 0.725974
0.780492 0.724040
0.783832 0.721702
0.777765 0.726986
0.775865 0.724115
0.771727 0.719077
0.785386 0.718768
0.792969 0.727478
0.779319 0.724409
0.767216 0.720955
0.759609 0.722278
0.747494 0.724053
0.741428 0.728860
0.727730 0.746299
0.726317 0.742721
0.720131 0.744552
0.721677 0.745422
0.726230 0.736459
0.726139 0.736453
0.730775 0.736858
0.730667 0.730147
0.729267 0.750846
0.735336 0.744813
0.735234 0.743495
0.700412 0.747206
0.682243 0.748236
0.676193 0.745675
0.670147 0.742045
0.661326 0.729961
0.662562 0.733847
0.708013 0.747499
0.701962 0.745795
0.689834 0.753062
0.695897 0.750370
0.682173 0.749693
0.656004 0.730437
0.655584 0.723911
0.657212 0.717469
0.654998 0.717163
0.650354 0.718036
0.644443 0.713757
0.636854 0.707297
0.615617 0.696650
0.611112 0.695245
0.630808 0.703446
0.618291 0.699325
0.558262 0.704814
0.551952 0.703283
0.556848 0.698526
0.551567 0.698491
0.545324 0.698536
0.545912 0.697040
0.543724 0.704978
0.543234 0.698756
0.533777 0.707372
0.526175 0.706641
0.532239 0.703184
0.501890 0.734596
0.515581 0.720227
0.511968 0.717496
0.521648 0.715288
0.514242 0.711286
0.593561 0.737019
0.603501 0.699045
0.605049 0.698838
0.598989 0.700926
0.597446 0.698840
0.589848 0.696810
0.586086 0.699008
0.573228 0.697620
0.565618 0.700543
0.559793 0.699046
0.547273 0.699206
0.489130 0.736091
0.476097 0.744885
0.474569 0.736537
0.495819 0.741401
0.495072 0.736239
0.483699 0.744833
0.487356 0.729618
0.470028 0.750659
0.468486 0.748555
0.468644 0.748420
0.463964 0.754139
0.462427 0.749796
0.462099 0.748427
0.448258 0.742051
0.429109 0.726482
0.416836 0.729580
0.416992 0.729048
0.419556 0.723349
0.423066 0.720998
0.403328 0.731364
0.410937 0.728534
0.398822 0.730643
0.390890 0.729581
0.442726 0.744315
0.436680 0.740472
0.434422 0.736047
0.444285 0.738896
0.442695 0.736409
0.432882 0.730371
0.430665 0.722862
0.418550 0.724710
0.412485 0.728517
0.287627 0.729227
0.293642 0.716643
0.293470 0.710357
0.286977 0.710330
0.286668 0.699044
0.277507 0.729083
0.274504 0.735374
0.275079 0.729300
0.274492 0.727370
0.267655 0.741707
0.256332 0.724953
0.255154 0.748147
0.248677 0.747395
0.244143 0.758283
0.242710 0.747905
0.242623 0.746545
0.238089 0.757905
0.232040 0.755152
0.237364 0.754452
0.231754 0.754799
0.237056 0.748124
0.231542 0.748399
0.242171 0.741516
0.250259 0.732326
0.244404 0.735384
0.243855 0.735773
0.244196 0.735311
0.244170 0.729154
0.241112 0.741670
0.238636 0.735985
0.274521 0.714651
0.254801 0.717297
0.268455 0.718981
0.263245 0.723360
0.262402 0.718310
0.280611 0.699486
0.281446 0.691871
0.255313 0.697950
0.260910 0.694067
0.268517 0.692064
0.256399 0.695768
0.262161 0.691848
0.262463 0.691538
0.229024 0.720506
0.231327 0.716431
0.230598 0.716928
0.231042 0.710200
0.231425 0.710962
0.235121 0.702896
0.247816 0.697930
0.242744 0.693829
0.250340 0.696839
0.231920 0.704439
0.230898 0.704555
0.235705 0.697830
0.231280 0.698447
0.222960 0.724594
0.220595 0.722836
0.223917 0.723078
0.192622 0.751360
0.196594 0.748172
0.192069 0.748071
0.188079 0.748327
0.192636 0.744861
0.179740 0.729516
0.185287 0.723468
0.179418 0.723179
0.212600 0.697568
0.210387 0.697914
0.209370 0.695069
0.205433 0.691447
0.203325 0.690136
0.217654 0.716651
0.214057 0.710481
0.225203 0.717254
0.221978 0.717080
0.214107 0.711003
0.214399 0.704243
0.218494 0.705927
0.210907 0.699378
0.207585 0.698135
0.205419 0.698369
0.204035 0.698200
0.204868 0.692268
0.204886 0.691961
0.192536 0.710811
0.195383 0.704078
0.190351 0.703907
0.180184 0.717196
0.186439 0.710914
0.179443 0.710719
0.185120 0.707117
0.197775 0.697973
0.190623 0.697748
0.190424 0.691453
0.189670 0.688892
0.197286 0.691589
0.197266 0.691526
0.183588 0.700253
0.186268 0.697526
0.185155 0.691310
0.177154 0.691319
0.192854 0.710916
0.198781 0.706084
0.200396 0.704496
0.186667 0.717222
0.186645 0.716771
0.339650 0.743906
0.345707 0.743490
0.340512 0.742199
0.386706 0.733123
0.382079 0.730260
0.366992 0.732632
0.365448 0.731286
0.371507 0.730143
0.353321 0.738444
0.354809 0.735941
0.359187 0.729566
0.358344 0.729647
0.354870 0.737760
0.341210 0.738661
0.347267 0.737844
0.327548 0.740176
0.319947 0.739278
0.321494 0.739531
0.315456 0.742375
0.315433 0.741745
0.313899 0.736212
0.313707 0.735663
0.314499 0.736156
0.334258 0.742245
0.335151 0.739832
0.329099 0.738672
0.284532 0.735671
0.332661 0.729297
0.329551 0.729175
0.312225 0.729456
0.300817 0.722938
0.307860 0.728796
0.302217 0.723401
0.302759 0.717161
0.294201 0.729335
0.294181 0.729272
0.292660 0.723070
0.290023 0.729971
0.289693 0.729418
0.289137 0.723448
0.285325 0.723719
0.288175 0.717007
0.288156 0.716909
0.300306 0.707363
0.294256 0.705387
0.300308 0.704749
0.295813 0.701109
0.288221 0.696687
0.276015 0.737803
0.263888 0.744780
0.251745 0.758893
0.246096 0.761295
0.283630 0.732674
0.282113 0.719086
0.276050 0.722465
0.269982 0.727740
0.263926 0.727998
0.282178 0.691311
0.270060 0.693995
0.256912 0.729950
0.152142 0.703961
0.163899 0.689827
0.170244 0.684938
0.157774 0.691266
0.151771 0.696958
0.145680 0.712670
0.139622 0.713606
0.132026 0.710784
0.144722 0.703672
0.138599 0.703748
0.138498 0.697482
0.132351 0.697465
0.138733 0.691310
0.138131 0.689129
0.174147 0.729786
0.170571 0.703744
0.165900 0.704093
0.173593 0.717135
0.172793 0.710641
0.166952 0.707508
0.160615 0.710847
0.164612 0.697629
0.165330 0.691641
0.089933 0.729474
0.089668 0.723154
0.089610 0.722918
0.126052 0.710057
0.122001 0.717021
0.127512 0.713453
0.107911 0.709862
0.113861 0.710325
0.101511 0.716610
0.094244 0.716348
0.094134 0.716034
0.100202 0.710431
0.095668 0.721679
0.088086 0.712824
0.022662 0.734722
0.031839 0.799852
0.033292 0.797878
0.036236 0.791596
0.037703 0.784867
0.041798 0.785269
0.033388 0.799348
0.015280 0.804435
0.025786 0.798636
0.041062 0.766111
0.044945 0.772752
0.039046 0.753675
0.045297 0.760283
0.046866 0.754551
0.056202 0.738405
0.058927 0.735122
0.055837 0.735058
0.056213 0.733743
0.057750 0.738275
0.061095 0.735594
0.057762 0.733237
0.049374 0.741518
0.043988 0.741582
0.050140 0.741357
0.048021 0.748301
0.050215 0.742032
0.049713 0.735140
0.044974 0.735366
0.050159 0.732909
0.051693 0.739091
0.080384 0.709809
0.074424 0.714205
0.068376 0.711193
0.083698 0.729532
0.083556 0.722101
0.081645 0.716409
0.074692 0.716654
0.054809 0.716052
0.054701 0.709783
0.054597 0.709790
0.056271 0.708331
0.048652 0.715367
0.050208 0.711625
0.044162 0.707459
0.063874 0.708412
0.036472 0.745778
0.041663 0.747887
0.037835 0.741661
0.038030 0.740979
0.030923 0.741343
0.030303 0.741314
0.023968 0.740989
0.032673 0.735081
0.029921 0.734966
0.030444 0.734011
0.023746 0.734758
0.016791 0.731515
0.018497 0.729154
0.033576 0.735579
0.039255 0.710041
0.033756 0.703907
0.030523 0.699228
0.022911 0.703334
0.024463 0.701265
0.018409 0.700539
0.013519 0.704284
0.011837 0.704138
1.675196 0.715805
1.673700 0.713465
1.668495 0.713809
1.673655 0.712934
1.671446 0.707252
1.668592 0.707602
1.662432 0.713631
1.666173 0.707337
1.603810 0.774586
1.599888 0.769810
1.599944 0.763575
1.610370 0.769790
1.609646 0.763895
1.614261 0.757584
1.604787 0.770026
1.605086 0.763880
1.605386 0.762001
1.612487 0.757960
1.610324 0.758183
1.616248 0.750930
1.616408 0.738498
1.616010 0.735589
1.609678 0.738405
1.611894 0.751536
1.612279 0.745157
1.591796 0.751247
1.603889 0.740138
1.603898 0.736269
1.592748 0.744999
1.597829 0.742053
1.596685 0.738350
1.605451 0.751523
1.599921 0.751810
1.599371 0.744304
1.605428 0.743724
1.598311 0.751642
1.593310 0.747278
1.593317 0.744058
1.622394 0.725906
1.643380 0.712403
1.649438 0.710927
1.635782 0.710030
1.625032 0.720010
1.627459 0.713736
1.625200 0.718362
1.631262 0.715495
1.616023 0.730024
1.617459 0.726334
1.617585 0.723647
1.607305 0.732290
1.609969 0.729596
1.611526 0.725089
1.605354 0.732791
1.598861 0.732762
1.605299 0.726539
1.598939 0.726553
1.605471 0.724960
1.599417 0.724436
1.590243 0.734683
1.591804 0.728747
1.713067 0.719248
1.704114 0.713895
1.702521 0.711952
1.700978 0.709716
1.695618 0.714044
1.688852 0.716723
1.684719 0.714245
1.675808 0.714091
1.682814 0.709353
1.544787 0.723438
1.538687 0.719517
1.531733 0.713124
1.583932 0.732123
1.581178 0.726014
1.579699 0.726278
1.564465 0.738806
1.567082 0.732010
1.566022 0.734430
1.568295 0.732464
1.566466 0.732642
1.568762 0.725750
1.572101 0.724638
1.566036 0.728657
1.564682 0.726298
1.590956 0.745556
1.558400 0.743058
1.552349 0.740932
1.559957 0.739241
1.553892 0.742763
1.548707 0.738541
1.547339 0.738904
1.548165 0.739176
1.545104 0.739123
1.548748 0.732309
1.548803 0.732823
1.546317 0.731082
1.541118 0.726210
1.547860 0.732587
1.540471 0.720054
1.534236 0.718223
1.517510 0.719412
1.519038 0.714713
1.526628 0.720192
1.520979 0.719966
1.514520 0.719202
1.502414 0.717102
1.493269 0.714607
1.481160 0.713726
1.494664 0.713511
1.494383 0.713567
1.468992 0.738483
1.469062 0.738433
1.474172 0.732114
1.470540 0.738649
1.475534 0.732602
1.475746 0.719624
1.476622 0.727074
1.371937 0.753898
1.380220 0.744232
1.344315 0.775514
1.343892 0.769287
1.347551 0.775910
1.352216 0.769634
1.347046 0.769520
1.346140 0.765930
1.352197 0.763404
1.359819 0.757265
1.358272 0.756810
1.327909 0.793923
1.335509 0.795290
1.329457 0.794087
1.335815 0.788119
1.341690 0.788550
1.341526 0.788516
1.341646 0.782302
1.341594 0.782248
1.321860 0.791270
1.320929 0.788077
1.315808 0.789707
1.313554 0.781562
1.312776 0.775559
1.315551 0.769281
1.314815 0.769452
1.305265 0.762749
1.300675 0.758446
1.294615 0.760483
1.282492 0.765580
1.281838 0.762926
1.280965 0.756554
1.280936 0.756433
1.309172 0.781852
1.308494 0.782374
1.309317 0.775970
1.309464 0.769783
1.296158 0.762210
1.284047 0.762020
1.261662 0.762649
1.255206 0.752392
1.251780 0.750211
1.255253 0.743922
1.255242 0.743926
1.244019 0.737874
1.276429 0.768961
1.274885 0.767014
1.268828 0.767848
1.264318 0.769137
1.259303 0.763550
1.256110 0.750624
1.250722 0.741963
1.255257 0.730617
1.253483 0.731484
1.237996 0.731270
1.235543 0.730634
1.245763 0.731613
1.243145 0.731025
1.229506 0.722778
1.240182 0.732238
1.462106 0.738290
1.453106 0.731987
1.449308 0.726102
1.449130 0.725821
1.435630 0.734424
1.437181 0.733300
1.442226 0.732172
1.440114 0.731732
1.437188 0.730316
1.442352 0.725463
1.441340 0.725478
1.436559 0.725835
1.462929 0.741894
1.458572 0.738619
1.464475 0.742937
1.450849 0.728902
1.448732 0.726347
1.450859 0.724250
1.453552 0.720026
1.449593 0.719669
1.450876 0.717208
1.437201 0.724260
1.442814 0.719554
1.441261 0.719728
1.423618 0.738266
1.423515 0.736286
1.433036 0.738566
1.429031 0.738639
1.428813 0.732415
1.431136 0.728609
1.424175 0.731990
1.425078 0.729373
1.431146 0.724031
1.416387 0.738025
1.409816 0.737977
1.409894 0.737998
1.403789 0.741617
1.404808 0.738385
1.410399 0.731906
1.411420 0.729488
1.417818 0.732213
1.405864 0.732489
1.397737 0.740089
1.399292 0.736906
1.380699 0.745108
1.385626 0.740403
1.101547 0.743609
1.100755 0.743665
1.100558 0.737371
1.100628 0.737184
1.104627 0.731093
1.112775 0.721254
1.217227 0.719093
1.215862 0.716312
1.203752 0.716204
1.199242 0.716911
1.197306 0.718998
1.191643 0.715504
1.160869 0.731970
1.184036 0.717367
1.176904 0.712626
1.164314 0.720526
1.160118 0.724895
1.157672 0.718527
1.170124 0.718974
1.168448 0.712772
1.171939 0.711084
1.184666 0.712993
1.179545 0.710055
1.167394 0.727312
1.171002 0.725708
1.172974 0.719443
1.173488 0.710339
1.141548 0.760738
1.140910 0.756663
1.148178 0.756940
1.135493 0.760306
1.134881 0.756782
1.145401 0.750569
1.140592 0.750329
1.147515 0.744301
1.134442 0.750409
1.153621 0.737929
1.147913 0.738155
1.145295 0.738114
1.147804 0.731886
1.151974 0.724960
1.145625 0.718737
1.143623 0.718937
1.146648 0.725282
1.147697 0.719777
1.147311 0.719258
1.140110 0.725239
1.137097 0.718568
1.137441 0.719048
1.138551 0.718156
1.140099 0.717666
1.134022 0.727171
1.132482 0.723837
1.126429 0.722701
1.135034 0.719437
1.128217 0.719298
1.098190 0.744164
1.122312 0.738163
1.126347 0.725482
1.120960 0.718835
1.120284 0.718815
1.121935 0.717274
1.113359 0.718969
1.102817 0.731838
1.088491 0.748106
1.080879 0.752510
1.075026 0.749806
1.082435 0.748459
1.081171 0.743554
1.080902 0.742252
1.079200 0.743991
1.076403 0.738717
1.076411 0.731083
1.078945 0.731536
1.067812 0.724682
1.070552 0.719240
1.070393 0.718785
1.054925 0.712180
1.048286 0.712112
1.048121 0.705828
1.042512 0.712002
1.041567 0.702420
1.061232 0.723592
1.056739 0.716741
1.050675 0.720714
1.049326 0.718651
1.062796 0.716238
1.057114 0.712229
1.055662 0.712396
1.050687 0.715232
1.052045 0.712824
1.049155 0.708611
1.044302 0.719088
1.044631 0.715667
1.043110 0.704034
0.989988 0.720602
0.983934 0.719607
0.971729 0.718418
1.005935 0.725343
1.022039 0.705691
1.029455 0.703016
1.023404 0.700736
1.003659 0.714564
1.009723 0.710824
1.005559 0.718985
1.005208 0.713678
1.005465 0.712633
1.015783 0.708953
1.011277 0.708269
1.017344 0.702783
1.005675 0.706560
1.031001 0.703704
1.024950 0.701678
0.991517 0.728447
0.993060 0.730436
0.999123 0.726896
1.002163 0.718924
0.980400 0.731606
0.985468 0.725643
0.985276 0.724878
0.979424 0.720505
0.973368 0.720990
0.996427 0.711923
1.090040 0.747686
1.096098 0.746643
1.096462 0.737967
1.096201 0.738001
1.083988 0.746397
0.953163 0.749790
0.952260 0.743714
0.945984 0.750007
0.945934 0.749546
0.947529 0.751159
0.947091 0.743656
0.941589 0.737169
0.946490 0.731000
0.970068 0.712245
0.965789 0.710336
0.957885 0.711880
0.959773 0.706209
0.959646 0.706202
0.947759 0.725170
0.941590 0.724706
0.953673 0.712751
0.953534 0.712545
0.952128 0.711303
0.943340 0.712213
0.947625 0.709372
0.926291 0.741129
0.938274 0.750203
0.940784 0.743686
0.936622 0.744007
0.933898 0.739564
0.932351 0.738884
0.938845 0.730637
0.932133 0.730550
0.923153 0.736997
0.926014 0.730627
0.923695 0.730755
0.927840 0.740429
0.925434 0.737455
0.923193 0.731268
0.932378 0.727380
0.939295 0.724528
0.932390 0.722481
0.938445 0.722304
0.926621 0.724564
0.926334 0.722714
0.939990 0.723129
0.937087 0.718554
0.940008 0.715568
0.941547 0.719048
0.920284 0.720063
0.921631 0.718770
0.925300 0.725000
0.967281 0.734184
0.969527 0.731463
0.960436 0.731359
0.954232 0.731425
0.967815 0.719042
0.900559 0.725379
0.906461 0.724289
0.880838 0.728014
0.886895 0.727305
0.882386 0.728109
0.888022 0.724506
0.908188 0.713755
0.888950 0.725155
0.874765 0.735628
0.874227 0.730458
0.867933 0.736726
0.867733 0.730432
0.869005 0.737035
0.863377 0.717868
0.864785 0.718319
0.864202 0.736056
0.862733 0.730839
0.855091 0.718806
0.861153 0.716082
0.856975 0.724807
0.862683 0.723550
0.863351 0.718564
0.857643 0.718447
0.862700 0.716167
0.851129 0.724992
0.849035 0.718917
0.850582 0.719163
0.836907 0.726384
0.842970 0.722962
0.838449 0.728454
0.844509 0.727064
0.844526 0.719214
0.844527 0.718642
0.830848 0.727934
