2.753545 0.821214
2.764162 0.823257
2.762008 0.822060
2.762692 0.826553
2.761148 0.823862
2.762135 0.825463
2.761870 0.827064
2.756081 0.823156
2.756862 0.830047
2.765595 0.830341
2.774845 0.840346
2.768788 0.840788
2.762555 0.833762
2.762950 0.839871
3.445760 0.826004
3.440364 0.828192
3.438969 0.828227
3.433653 0.827664
3.426749 0.826742
3.445738 0.831256
3.426773 0.832083
3.425825 0.831944
3.428016 0.836985
3.440270 0.833279
3.440188 0.833374
3.446370 0.834657
3.447831 0.835554
3.441858 0.837824
3.434243 0.830666
3.430721 0.834665
3.431058 0.839937
3.428997 0.841940
3.423211 0.842979
3.428440 0.846091
3.425506 0.849403
3.427577 0.854441
3.430703 0.864701
3.420121 0.831684
3.413000 0.833263
3.419058 0.833092
3.414536 0.832184
3.414164 0.832706
3.415269 0.834981
3.408472 0.830115
3.407823 0.832944
3.405950 0.834647
3.420512 0.836062
3.406950 0.836195
3.423103 0.843103
3.423712 0.848079
3.414514 0.842191
3.416105 0.843800
3.421749 0.849917
3.416791 0.848682
3.417666 0.852522
3.422906 0.851709
3.404384 0.845510
3.405964 0.843362
3.414841 0.850863
3.409756 0.848156
3.402281 0.840111
3.403022 0.841635
3.402447 0.842039
3.404005 0.849874
3.404400 0.849759
3.397983 0.855124
3.390376 0.858991
3.391914 0.858758
3.445842 0.858747
3.438263 0.858303
3.431334 0.857700
3.444267 0.862650
3.443322 0.866021
3.438296 0.863647
3.436892 0.866074
3.367513 0.830383
3.347351 0.828139
3.355589 0.831755
3.373537 0.837617
3.379797 0.858668
3.372186 0.852952
3.363009 0.836584
3.356955 0.838020
3.364176 0.841415
3.329637 0.833739
3.337236 0.835271
3.309922 0.832359
3.317407 0.833141
3.311456 0.831075
3.344834 0.835753
3.274771 0.814348
3.261311 0.812184
3.249649 0.815777
3.237086 0.814629
3.229486 0.813099
3.223426 0.812243
3.222949 0.814009
3.217788 0.816637
3.224967 0.813129
3.232569 0.815877
3.226518 0.818506
3.218919 0.817163
3.218091 0.822478
3.217393 0.821447
3.171895 0.815012
3.171471 0.815282
3.212878 0.823070
3.213770 0.830325
3.212511 0.833862
3.208482 0.845215
3.202367 0.847946
3.172748 0.822270
3.173915 0.829950
3.172109 0.837924
3.173419 0.843098
3.182654 0.847497
3.182194 0.848629
3.184202 0.851268
3.190260 0.851485
3.175968 0.844166
3.176588 0.844454
3.164491 0.821569
3.129536 0.831953
3.123483 0.833942
3.122658 0.836075
3.167408 0.827306
3.168816 0.832715
3.167034 0.833276
3.162903 0.833068
3.162343 0.830546
3.155310 0.833889
3.150791 0.834227
3.157485 0.835971
3.169649 0.836314
3.143188 0.831553
3.297792 0.827208
3.302751 0.831754
3.288640 0.820477
3.290186 0.823329
3.291744 0.830869
3.285686 0.830736
3.305402 0.832575
3.274809 0.821530
3.276521 0.819234
3.278079 0.826646
3.264400 0.817040
3.270455 0.816215
3.279634 0.833071
3.273698 0.835958
3.273586 0.836384
3.267525 0.835439
3.267529 0.837010
3.265990 0.836684
3.271350 0.843316
3.275253 0.840809
3.272847 0.839495
3.274344 0.846261
3.273631 0.853035
3.270085 0.857525
3.278501 0.843766
3.274619 0.854926
3.269396 0.860964
3.269213 0.861164
3.252291 0.819663
3.253878 0.837935
3.259464 0.838538
3.253291 0.839116
3.261109 0.836630
3.247849 0.841193
3.247829 0.841318
3.241757 0.835650
3.241491 0.841398
3.236429 0.844276
3.241776 0.843152
3.246166 0.846705
3.255479 0.861381
3.261537 0.861413
3.244904 0.855580
3.249422 0.861933
3.263083 0.864362
3.257031 0.866596
3.264624 0.865591
3.244893 0.858496
3.245398 0.858913
3.247528 0.863932
3.237998 0.851209
3.213826 0.837086
3.211418 0.842722
3.210470 0.844001
3.103782 0.837728
3.091682 0.843795
3.082327 0.839962
3.079038 0.839276
3.079202 0.844920
3.085629 0.845306
3.111598 0.834545
3.110693 0.837997
3.105311 0.834622
3.093216 0.842213
3.087155 0.841199
3.061383 0.839778
3.067442 0.840680
3.034087 0.844124
3.047729 0.839810
3.047491 0.840780
3.047747 0.846413
3.041672 0.840455
3.041353 0.846734
3.047545 0.851508
3.046436 0.852123
3.042018 0.853394
3.040250 0.852955
2.993094 0.832149
2.986906 0.830434
2.982378 0.836662
2.981463 0.832494
2.981397 0.837669
2.978428 0.837191
2.974932 0.836480
2.976095 0.840021
2.974026 0.837782
3.021363 0.838111
3.014354 0.836112
3.000684 0.829854
2.994631 0.831611
3.002225 0.831269
2.996170 0.832185
2.988565 0.828813
2.986094 0.844851
2.982515 0.831864
2.978801 0.835172
2.977322 0.840696
2.978182 0.844312
2.982542 0.841911
2.983819 0.853215
2.984019 0.848318
2.978766 0.850794
2.979098 0.856761
2.978065 0.857847
2.972015 0.860565
2.971258 0.860883
2.973872 0.859302
2.973552 0.860232
2.967219 0.864806
2.965968 0.865057
2.959820 0.871133
2.959923 0.869365
2.947503 0.869427
2.932451 0.859111
2.932590 0.859820
2.926461 0.854872
2.926128 0.858303
2.928070 0.859957
2.911301 0.845093
2.905237 0.843010
2.914384 0.847839
2.907145 0.843469
2.871854 0.836300
2.844524 0.827671
2.865793 0.835545
2.853244 0.829079
2.853325 0.831932
2.887052 0.838870
2.893116 0.840742
2.879451 0.836895
2.873695 0.836592
2.867331 0.835069
2.934187 0.862641
2.839993 0.824020
2.826333 0.821221
2.818737 0.821471
2.812683 0.822776
2.824798 0.822533
2.832400 0.824981
2.817674 0.822372
2.812220 0.824403
2.800022 0.831168
2.800637 0.837733
2.788742 0.834502
2.782974 0.835914
2.781679 0.838293
2.794988 0.839372
2.789474 0.839167
2.782252 0.839732
2.779400 0.843912
2.777681 0.840760
2.776385 0.841108
2.770342 0.846704
2.771901 0.854741
2.757153 0.841220
2.758237 0.850485
2.759797 0.858972
2.767405 0.863303
2.567485 0.816167
2.572918 0.823590
2.559496 0.818073
2.553444 0.819804
2.550278 0.823824
2.520063 0.814157
2.520899 0.817533
2.507949 0.814958
2.513556 0.815740
2.501895 0.815937
2.500348 0.813042
2.495832 0.814186
2.489776 0.815016
2.488232 0.812690
2.514506 0.817663
2.515327 0.824644
2.515181 0.825195
2.509976 0.821603
2.517396 0.834164
2.476125 0.815776
2.477670 0.818988
2.464011 0.816440
2.459100 0.820711
2.471614 0.819359
2.465564 0.822210
2.465753 0.823610
2.464405 0.828698
2.460617 0.831183
2.469231 0.831441
2.473293 0.836197
2.473294 0.836409
2.466139 0.839131
2.472418 0.841641
2.465887 0.847858
2.436710 0.819019
2.430658 0.821076
2.424040 0.824063
2.418784 0.825269
2.418786 0.830593
2.410945 0.820428
2.398888 0.824202
2.412730 0.826089
2.406503 0.826555
2.400390 0.829126
2.412591 0.831120
2.456412 0.815539
2.457535 0.819986
2.453466 0.818106
2.450530 0.824177
2.449620 0.823970
2.463007 0.852387
2.455083 0.857892
2.455283 0.863323
2.453019 0.860279
2.444539 0.870880
2.407038 0.832954
2.407300 0.845696
2.402563 0.847605
2.411163 0.866535
2.430889 0.872100
2.433428 0.873808
2.415001 0.868814
2.420309 0.871550
2.406644 0.867213
2.386730 0.826458
2.394334 0.830000
2.388274 0.828724
2.380680 0.829728
2.382228 0.833318
2.379826 0.835364
2.374641 0.836444
2.376649 0.841125
2.375950 0.840695
2.372493 0.838337
2.377043 0.846415
2.376208 0.847492
2.362538 0.841192
2.364089 0.846116
2.370157 0.850012
2.356481 0.841908
2.351966 0.843284
2.344206 0.847105
2.389210 0.836106
2.389846 0.841629
2.395638 0.841343
2.383813 0.838289
2.383613 0.838241
2.377748 0.848394
2.385352 0.851426
2.390849 0.850052
2.397478 0.855207
2.397550 0.859077
2.399038 0.863470
2.378590 0.851396
2.385471 0.852272
2.379668 0.853623
2.376736 0.853208
2.373238 0.852266
2.367816 0.851025
2.371731 0.855869
2.371711 0.855875
2.336898 0.846536
2.330720 0.844910
2.338317 0.845303
2.333743 0.852277
2.318601 0.843648
2.326218 0.851438
2.327767 0.855717
2.316924 0.851175
2.321713 0.857058
2.304932 0.837892
2.291283 0.839727
2.298875 0.838530
2.287338 0.844343
2.286776 0.844478
2.312536 0.841305
2.311766 0.846569
2.300426 0.843298
2.294374 0.845283
2.245572 0.838668
2.233769 0.845746
2.220970 0.845977
2.200312 0.836206
2.209468 0.844826
2.203416 0.846849
2.195744 0.841883
2.188204 0.839307
2.191302 0.847400
2.176091 0.840390
2.183350 0.842945
2.171580 0.843637
2.277616 0.834766
2.279167 0.839468
2.276523 0.839267
2.267039 0.834813
2.265506 0.836861
2.260771 0.837535
2.235525 0.844014
2.229839 0.845604
2.222636 0.844065
2.210451 0.846802
2.204962 0.849684
2.164254 0.843509
2.157920 0.841160
2.145806 0.841761
2.136661 0.837649
2.124541 0.835833
2.132917 0.840179
2.114731 0.837555
2.085135 0.842635
2.051750 0.835087
2.079079 0.842778
2.073012 0.839519
2.068444 0.839056
2.059359 0.839703
2.066957 0.840439
2.067760 0.844239
2.054841 0.840667
2.104848 0.842603
2.081467 0.844014
2.092736 0.843966
2.088231 0.849907
2.074213 0.844231
2.082179 0.852069
2.068521 0.850548
2.070073 0.855627
2.060576 0.846865
2.062459 0.848772
2.067944 0.854574
1.992595 0.827130
1.980486 0.829872
1.968368 0.828568
1.974425 0.828249
1.960774 0.829166
1.948663 0.830739
1.950208 0.833904
1.956265 0.833451
1.954720 0.830888
1.940063 0.832292
1.934968 0.829591
1.944152 0.834228
1.942613 0.834106
1.937313 0.836250
1.934272 0.835015
1.936562 0.836685
1.903181 0.830469
1.928945 0.828502
1.922897 0.832376
1.930483 0.828814
1.933042 0.833256
1.931917 0.833154
1.925985 0.836792
1.918291 0.831676
1.910777 0.830550
1.916832 0.829806
1.912321 0.832942
1.891067 0.831410
1.878968 0.837256
1.875404 0.841579
1.898647 0.831113
1.892108 0.830941
1.880569 0.838927
1.880510 0.839033
1.872771 0.839995
1.867485 0.838706
1.861601 0.839887
1.854788 0.839148
1.854742 0.839433
1.848484 0.839465
1.874364 0.844859
1.868119 0.845297
1.873401 0.848197
1.866237 0.846766
1.867311 0.848942
1.866887 0.850074
1.847391 0.842513
1.847157 0.842920
1.853220 0.845225
1.861846 0.845673
1.855483 0.844272
1.854468 0.843783
1.861562 0.850382
1.856101 0.849520
1.860811 0.854170
1.839553 0.840140
1.833502 0.842978
1.842634 0.842392
1.841145 0.842943
1.841099 0.842980
1.835049 0.846081
1.822915 0.839348
1.822488 0.839115
1.821384 0.842015
1.823732 0.845204
1.828992 0.846502
1.827448 0.844039
1.829668 0.845889
2.046675 0.833287
2.032032 0.832432
2.025982 0.835622
2.033585 0.837916
2.021476 0.840368
2.021894 0.842866
2.027539 0.842518
2.047228 0.834485
2.048780 0.839216
2.041177 0.836829
2.041350 0.837749
2.035273 0.843821
2.043658 0.847798
2.044303 0.855302
2.036387 0.851399
2.038265 0.862721
2.028467 0.848411
2.029970 0.854915
2.028725 0.854247
2.022669 0.855060
2.023058 0.856754
2.030668 0.861964
2.024246 0.863576
2.026173 0.871294
2.006255 0.829477
2.014502 0.835655
2.008195 0.835962
2.009366 0.842584
2.005094 0.830213
1.995679 0.829977
1.994142 0.830575
1.992176 0.833921
1.991699 0.837356
1.996002 0.842732
2.003815 0.839100
2.003480 0.839544
2.000970 0.844802
1.996401 0.840116
1.997245 0.840378
2.015792 0.848893
2.009289 0.848800
2.010316 0.856201
2.017008 0.859922
2.020119 0.872827
2.013399 0.865849
1.997270 0.849741
2.003818 0.850811
1.998277 0.852693
1.995303 0.850895
2.004013 0.856512
1.997150 0.855686
1.998837 0.860848
2.000386 0.864680
2.039817 0.868226
2.033772 0.873030
2.027721 0.875166
1.981829 0.834859
1.981534 0.835357
1.988099 0.835827
1.989626 0.831946
1.989632 0.834409
1.975972 0.831644
1.970300 0.832415
1.977218 0.838646
1.971706 0.840601
1.963862 0.833947
1.990034 0.842907
1.990497 0.849979
1.983789 0.849467
1.985488 0.858236
1.991234 0.857981
1.992783 0.862574
1.986730 0.863721
1.979106 0.853359
1.980981 0.861558
1.994327 0.864448
1.988279 0.867921
1.957820 0.839929
1.951766 0.841212
2.749023 0.820722
2.747881 0.824868
2.742964 0.820568
2.742104 0.820959
2.738315 0.823385
2.742550 0.827167
2.741686 0.828236
2.745315 0.829724
2.743651 0.833295
2.746372 0.838269
2.697523 0.834921
2.700765 0.837709
2.699060 0.834699
2.701255 0.835670
2.702529 0.840822
2.702379 0.844229
2.705819 0.854412
2.750738 0.836014
2.749901 0.839596
2.752143 0.846185
2.751342 0.854988
2.748716 0.851993
2.746140 0.857634
2.753735 0.857523
2.755289 0.863442
2.747679 0.857998
2.740799 0.857991
2.739487 0.860612
2.728590 0.864728
2.727989 0.865923
2.702183 0.852666
2.721924 0.863322
2.720387 0.863527
2.708259 0.859209
2.685409 0.835628
2.692994 0.831987
2.692367 0.835476
2.686949 0.836467
2.676173 0.841020
2.668429 0.844651
2.680901 0.840168
2.667424 0.852880
2.661210 0.848090
2.661153 0.848259
2.660376 0.851992
2.655182 0.849250
2.655156 0.849275
2.647351 0.852234
2.640948 0.851877
2.622847 0.838144
2.606564 0.836054
2.614162 0.836998
2.608107 0.838104
2.604128 0.840663
2.603474 0.846092
2.615700 0.836848
2.635975 0.844298
2.632738 0.848861
2.625218 0.841177
2.624055 0.846672
2.609638 0.835833
2.608549 0.838130
2.609035 0.843374
2.605160 0.851322
2.628352 0.852518
2.583927 0.857509
2.599178 0.858746
2.591530 0.860066
2.587020 0.863808
2.567099 0.820607
2.567410 0.825515
2.565460 0.830476
2.568493 0.838340
2.561045 0.821976
2.561546 0.826724
2.555001 0.827354
2.561426 0.831787
2.559118 0.831326
2.561892 0.838050
2.567721 0.859642
2.571821 0.860785
2.558145 0.852259
2.552092 0.854077
2.564204 0.853083
2.565756 0.858495
2.559689 0.854972
2.538447 0.857351
2.541532 0.860941
2.524952 0.853372
2.533118 0.861114
2.527870 0.857805
2.534562 0.858767
2.514539 0.837364
2.518672 0.842073
2.518334 0.845561
2.518714 0.849356
2.458592 0.860946
2.452342 0.867587
2.446078 0.871224
1.569606 0.842216
1.557633 0.841058
1.563281 0.842481
1.551580 0.842807
1.543984 0.842811
1.532901 0.846374
1.531893 0.852036
1.526817 0.852432
1.527382 0.855506
1.530589 0.858471
1.521782 0.849037
1.520800 0.853336
1.514402 0.853453
1.521328 0.856829
1.518220 0.860148
1.514408 0.858760
1.522471 0.867345
1.515537 0.865840
1.511181 0.871766
1.515317 0.874063
1.446976 0.847107
1.507999 0.853564
1.507616 0.858076
1.500072 0.854413
1.508970 0.863372
1.495660 0.854747
1.494021 0.856477
1.483411 0.856120
1.481902 0.855551
1.474930 0.848631
1.475957 0.853802
1.469440 0.848656
1.469306 0.853661
1.467937 0.856171
1.454337 0.849461
1.460646 0.853058
1.456738 0.849094
1.449366 0.847201
1.434857 0.845847
1.422736 0.843896
1.415143 0.845027
1.388386 0.836026
1.408542 0.840762
1.403008 0.837428
1.406491 0.839061
1.410616 0.842175
1.409592 0.845078
1.406159 0.844432
1.389342 0.833047
1.396358 0.837058
1.396948 0.836865
1.436394 0.845331
1.381757 0.836789
1.369651 0.840356
1.377238 0.837383
1.358064 0.842279
1.363210 0.842660
1.351491 0.845632
1.341342 0.843099
1.336936 0.841751
1.331320 0.843460
1.337827 0.841625
1.331773 0.842985
1.333322 0.847121
1.327270 0.849007
1.353029 0.845580
1.299042 0.848785
1.274217 0.857695
1.268166 0.860425
1.196792 0.833768
1.230267 0.855410
1.238427 0.860952
1.221104 0.844517
1.208992 0.845637
1.202939 0.847314
1.219360 0.846129
1.222747 0.851190
1.210532 0.846201
1.204483 0.849665
1.318100 0.848155
1.299955 0.846334
1.306014 0.846777
1.295460 0.855299
1.303060 0.857137
1.297009 0.859692
1.287860 0.854274
1.283928 0.858163
1.288889 0.864263
1.286081 0.869954
1.275769 0.863227
1.263666 0.867872
1.271268 0.870490
1.265214 0.871716
1.257615 0.870187
1.251558 0.870577
1.167997 0.832827
1.155889 0.835575
1.136172 0.833226
1.148284 0.832189
1.150284 0.837647
1.143773 0.835354
1.137719 0.836839
1.189256 0.836561
1.190805 0.840744
1.196283 0.839291
1.195858 0.843721
1.194210 0.846164
1.196884 0.848073
1.183195 0.835365
1.171090 0.839253
1.175601 0.835701
1.198417 0.846872
1.163495 0.839326
1.158996 0.842288
1.152933 0.845638
1.151391 0.843582
1.139275 0.843660
1.130125 0.837367
1.125613 0.840493
1.133641 0.842320
1.118008 0.836938
1.113494 0.839056
1.098295 0.836159
1.092130 0.837798
1.098306 0.840484
1.100467 0.842019
1.097169 0.842461
1.078585 0.836786
1.093783 0.839142
1.087735 0.842610
1.027038 0.834031
1.030067 0.836096
1.026442 0.835279
1.027051 0.838589
1.027598 0.842940
1.022587 0.837104
1.020718 0.842083
1.014938 0.839961
1.008882 0.840653
1.002834 0.843710
1.008301 0.843088
1.002473 0.844364
1.002846 0.848493
1.003520 0.851803
1.002858 0.852864
0.989191 0.847878
0.990738 0.851076
0.991167 0.852018
0.984672 0.848343
0.983781 0.849665
0.990423 0.856747
0.990921 0.857754
0.984678 0.858190
0.984088 0.858313
0.985126 0.864416
0.981806 0.863968
0.978626 0.852551
0.977817 0.852057
0.977447 0.853876
0.978639 0.857445
0.978777 0.859319
0.928737 0.857122
0.921563 0.855861
0.927110 0.861142
0.919498 0.855079
0.921049 0.859978
0.921297 0.860067
0.928142 0.862516
0.926109 0.868116
0.926901 0.871398
0.916738 0.850048
0.908471 0.850214
0.914972 0.852678
0.915444 0.856557
0.908497 0.855546
0.914985 0.857506
0.895256 0.851209
0.901183 0.853785
0.894463 0.853247
0.900749 0.858206
0.894274 0.858169
0.893738 0.858237
0.928678 0.872316
0.926965 0.876705
0.932129 0.881335
0.929855 0.878298
0.936308 0.885060
0.860348 0.849035
0.860968 0.849446
0.854281 0.845453
0.841585 0.845444
0.834574 0.847481
0.830052 0.846768
0.869487 0.850994
0.862548 0.848709
0.883157 0.857121
0.880175 0.864246
0.881640 0.864731
0.867963 0.856159
0.874020 0.856042
0.861894 0.851925
0.862131 0.852635
0.877095 0.855629
0.848933 0.849104
1.058872 0.836083
1.066478 0.840289
1.068013 0.839206
1.052439 0.835621
1.053211 0.837194
1.046532 0.836739
1.045766 0.837336
1.048311 0.842589
1.054368 0.842112
1.055908 0.843010
1.049858 0.846215
1.042257 0.844156
1.034659 0.843163
1.030830 0.839358
1.034287 0.843409
1.034670 0.847009
1.037509 0.849137
1.033048 0.849734
1.016481 0.841741
1.010428 0.843420
1.004380 0.846776
0.998046 0.848523
0.998304 0.854341
0.998173 0.859371
0.997342 0.859884
0.992340 0.850077
0.992309 0.855290
0.992181 0.855258
0.993844 0.862251
0.996177 0.863425
0.994382 0.864852
0.993851 0.865047
0.988090 0.861136
0.986247 0.862177
0.987790 0.864484
0.987804 0.864600
0.992309 0.863897
0.991145 0.866057
0.987215 0.868669
0.984773 0.870296
0.987811 0.871998
0.986908 0.871972
0.990792 0.874801
0.988428 0.876451
0.987824 0.876841
0.979926 0.856933
0.980197 0.864842
0.974133 0.862661
0.974482 0.863754
0.983057 0.878685
0.976706 0.878905
0.981776 0.880530
0.975716 0.879421
0.974182 0.880589
0.963221 0.872446
0.963401 0.878093
0.956869 0.877938
0.968113 0.876616
0.962067 0.881100
0.969661 0.880167
0.957551 0.882848
0.962766 0.883930
0.957559 0.885525
0.956014 0.883167
0.950801 0.878740
0.951499 0.884752
0.944753 0.879587
0.943905 0.885261
0.945439 0.883738
0.946076 0.887600
0.945449 0.887699
0.931992 0.879901
0.930914 0.879566
0.931734 0.884765
0.931787 0.884821
0.937850 0.886542
0.936068 0.887580
1.807708 0.833568
1.813780 0.838956
1.801650 0.833358
1.800116 0.835212
1.794056 0.834164
1.795598 0.835552
1.789546 0.837654
1.768294 0.836739
1.781944 0.835545
1.769684 0.836749
1.777427 0.836550
1.762238 0.837386
1.765324 0.840971
1.765143 0.841094
1.759275 0.844550
1.760307 0.843673
1.759290 0.849857
1.765347 0.849458
1.764451 0.849851
1.765357 0.853337
1.757753 0.850466
1.759361 0.854486
1.758895 0.856992
1.815666 0.838363
1.803199 0.837673
1.797147 0.839628
1.761239 0.855653
1.760844 0.855928
1.750145 0.845878
1.739581 0.850679
1.733523 0.850660
1.750761 0.848273
1.751270 0.854623
1.749985 0.855744
1.751713 0.856871
1.751436 0.858907
1.726803 0.857381
1.721415 0.853729
1.715164 0.854707
1.709305 0.855740
1.709257 0.855845
1.714422 0.858469
1.713833 0.858439
1.707798 0.858127
1.707774 0.858145
1.694121 0.858397
1.704982 0.861843
1.704548 0.867218
1.697236 0.873219
1.754334 0.855599
1.699142 0.877459
1.666775 0.843896
1.672835 0.844758
1.674377 0.846458
1.682291 0.852830
1.682778 0.859779
1.689822 0.866276
1.689660 0.871249
1.684516 0.868641
1.684392 0.873675
1.691186 0.875909
1.686678 0.880403
1.692736 0.880703
1.662252 0.842889
1.647220 0.842486
1.632642 0.840751
1.643771 0.840663
1.636483 0.842923
1.620904 0.841491
1.622828 0.842326
1.628887 0.842881
1.613242 0.843362
1.609187 0.847043
1.601582 0.843387
1.612290 0.857024
1.604697 0.858179
1.606247 0.862706
1.583411 0.844659
1.571290 0.842703
1.589475 0.846508
1.595533 0.846654
1.591022 0.850101
1.595954 0.851032
1.591517 0.852704
1.592442 0.859895
1.584963 0.849643
1.594137 0.864795
1.600197 0.865840
1.553130 0.847645
1.522875 0.860566
1.528933 0.860383
1.531250 0.861765
1.529410 0.863055
1.534499 0.866644
1.529897 0.869342
1.528961 0.870883
1.520064 0.863296
1.522892 0.866425
1.524887 0.867949
1.522905 0.871342
1.525304 0.873220
1.523476 0.874700
1.522914 0.874693
1.518113 0.874193
1.516763 0.874175
0.703794 0.835666
0.814854 0.844137
0.824006 0.850912
0.804287 0.848031
0.788827 0.843199
0.776965 0.842506
0.766330 0.841470
0.770911 0.843921
0.784567 0.845036
0.790634 0.848204
0.772466 0.850318
0.763308 0.840849
0.755707 0.839261
0.758782 0.839090
0.765159 0.842315
0.765523 0.848347
0.743598 0.841382
0.738145 0.839870
0.738056 0.844991
0.745123 0.836669
0.752349 0.842530
0.751804 0.857318
0.759792 0.858349
0.759540 0.859913
0.758839 0.860348
0.752774 0.857593
0.752788 0.862950
0.759306 0.864751
0.746722 0.859731
0.746615 0.859889
0.760130 0.850542
0.766414 0.852263
0.761920 0.862242
0.764812 0.864418
0.765702 0.866246
0.754324 0.861906
0.766467 0.871784
0.765402 0.874982
0.760416 0.874696
0.754363 0.876481
0.761966 0.879067
0.766910 0.878157
0.768190 0.883305
0.748262 0.860734
0.741593 0.862823
0.747579 0.867158
0.754139 0.881839
0.725500 0.831545
0.723377 0.830782
0.725943 0.834871
0.725407 0.835315
0.731496 0.846815
0.725452 0.851977
0.732313 0.841154
0.726752 0.843004
0.726969 0.844495
0.737307 0.850750
0.732948 0.847748
0.732747 0.847971
0.734589 0.853120
0.726992 0.852618
0.728538 0.855930
0.717803 0.832358
0.717564 0.832097
0.717811 0.835251
0.719351 0.836038
0.717317 0.837986
0.717761 0.841302
0.705687 0.832348
0.711747 0.833041
0.704631 0.832057
0.710579 0.836330
0.717528 0.842646
0.719518 0.846388
0.716173 0.852176
0.719398 0.853548
0.719929 0.842248
0.722115 0.849421
0.721266 0.850288
0.720579 0.854159
0.736172 0.870052
0.736075 0.870256
0.737723 0.874662
0.735819 0.874814
0.737741 0.881429
0.739329 0.880481
0.734432 0.875803
0.732016 0.879523
0.740688 0.887052
0.759011 0.889520
0.757466 0.886950
0.752801 0.887362
0.748314 0.879806
0.743809 0.885495
0.748328 0.887962
0.749878 0.889480
0.751283 0.890628
0.750278 0.891061
0.745636 0.892288
0.744899 0.891792
0.752958 0.891154
0.692037 0.833696
0.679927 0.835909
0.678385 0.834060
0.669241 0.837755
0.667829 0.842309
0.666291 0.842002
0.660228 0.840224
0.645787 0.842910
0.648122 0.843902
0.648305 0.849299
0.644398 0.846446
0.649050 0.854518
0.645506 0.851635
0.645231 0.860366
0.649713 0.863753
0.651857 0.864821
0.640533 0.846488
0.641522 0.850953
0.619569 0.863850
0.619379 0.863776
0.617887 0.864085
0.621917 0.868853
0.618895 0.865904
0.618275 0.880024
0.615954 0.859036
0.607957 0.851413
0.605740 0.852769
0.584491 0.852810
0.604838 0.865754
0.612672 0.863263
0.590407 0.857366
0.589309 0.857846
0.585550 0.860610
0.584511 0.859962
0.600113 0.863992
0.598758 0.866519
0.592820 0.862272
0.586691 0.868241
0.587608 0.868339
0.593595 0.874460
0.586082 0.872546
0.699492 0.834765
0.691099 0.865214
0.690696 0.871843
0.697294 0.872151
0.692244 0.875701
0.692261 0.882316
0.693681 0.883280
0.691329 0.881563
0.693823 0.886678
0.693811 0.886672
0.683635 0.863135
0.683345 0.867840
0.677028 0.866827
0.675091 0.868395
0.678543 0.865955
0.684648 0.875721
0.684564 0.875814
0.677352 0.874092
0.678603 0.880422
0.686191 0.877484
0.680136 0.878383
0.686748 0.880120
0.679637 0.878770
0.686206 0.883406
0.685712 0.883277
0.687843 0.887662
0.687756 0.887635
0.674257 0.871895
0.672991 0.873102
0.672900 0.877396
0.650923 0.867557
0.650650 0.868333
0.650142 0.873740
0.653518 0.883459
0.653733 0.887296
0.652854 0.887960
0.644820 0.857700
0.644235 0.858573
0.645198 0.865693
0.639924 0.866207
0.646350 0.871418
0.633531 0.866337
0.634646 0.875422
0.626253 0.864637
0.627804 0.873119
0.647098 0.878243
0.648851 0.887141
0.649162 0.891269
0.647778 0.895531
0.642139 0.897198
0.636035 0.897917
0.634711 0.899432
0.622476 0.877481
0.622766 0.882770
0.622555 0.884874
0.630268 0.895793
0.629493 0.892448
0.626441 0.890974
0.620102 0.888469
0.621174 0.893961
0.577835 0.852740
0.575809 0.850967
0.578151 0.858693
0.570844 0.855320
0.571784 0.858878
0.579519 0.856186
0.573562 0.857216
0.572900 0.861146
0.566571 0.856115
0.566328 0.856939
0.564788 0.856207
0.569866 0.860459
0.560282 0.861350
0.579854 0.851600
0.579984 0.857583
0.576868 0.862883
0.581323 0.865674
0.565751 0.859091
0.561824 0.862838
0.551127 0.852954
0.552678 0.857855
0.539005 0.850958
0.545060 0.850268
0.540067 0.854724
0.546619 0.857768
0.540566 0.859339
0.529614 0.850487
0.525344 0.848334
0.526870 0.843525
0.526967 0.843555
0.531006 0.851721
0.524005 0.849271
0.531337 0.853602
0.534504 0.857880
0.532959 0.855345
0.526889 0.850735
0.530120 0.857149
0.548167 0.861717
0.555791 0.865797
0.540160 0.859185
0.542108 0.861095
0.570258 0.865750
0.572412 0.866570
0.580653 0.869095
0.578408 0.868003
0.577832 0.873422
0.554233 0.864490
0.511299 0.843434
0.505393 0.844549
0.520494 0.843736
0.513222 0.845802
0.519286 0.848048
0.501104 0.845279
0.487460 0.848308
0.493519 0.848692
0.486644 0.851124
0.481408 0.850811
0.475370 0.857930
0.495060 0.850287
0.489212 0.851082
0.482920 0.851421
0.483018 0.851627
0.482553 0.856845
0.489561 0.862372
0.483097 0.862356
0.482599 0.862160
0.490570 0.861576
0.524395 0.894108
0.518070 0.894374
0.517526 0.894223
0.469323 0.862177
0.463269 0.863780
0.490580 0.865139
0.476926 0.865158
0.478474 0.868461
0.472428 0.873415
0.466383 0.877841
0.466577 0.883692
0.466399 0.883810
0.475796 0.880509
0.473820 0.880414
0.468183 0.886859
0.467945 0.886964
0.526324 0.908653
0.448040 0.849933
0.441977 0.847697
0.434376 0.845959
0.440433 0.845542
0.422268 0.848547
0.423803 0.847465
0.429864 0.848766
0.419685 0.851876
0.416955 0.853838
0.423926 0.859997
0.423450 0.859225
0.424681 0.865245
0.417487 0.860229
0.402558 0.849546
0.404100 0.851134
0.411476 0.855838
0.409584 0.861934
0.407088 0.858915
0.411730 0.863365
0.457183 0.852819
0.449586 0.852498
0.457221 0.853525
0.455243 0.852916
0.457042 0.858892
0.455533 0.858817
0.460064 0.856516
0.458038 0.862115
0.457422 0.862666
0.443528 0.852533
0.458096 0.858771
0.452700 0.867001
0.457633 0.868398
0.465545 0.878507
0.459359 0.877225
0.459357 0.882522
0.455678 0.879854
0.457900 0.884869
0.456514 0.888457
0.461892 0.888687
0.455832 0.888123
0.398019 0.849433
0.396501 0.849819
0.390441 0.848715
0.391983 0.850011
0.376783 0.847216
0.379870 0.851417
0.356735 0.844238
0.357067 0.845243
0.364665 0.846400
0.351002 0.842619
0.352551 0.846934
0.346492 0.846458
0.344952 0.845769
0.354102 0.851659
0.293848 0.858281
0.279769 0.848911
0.281326 0.856077
0.287383 0.856003
0.267653 0.849271
0.268665 0.854275
0.253993 0.846600
0.255543 0.851198
0.262617 0.855109
0.257089 0.854207
0.241880 0.847986
0.247939 0.848283
0.249478 0.848413
0.340447 0.851313
0.332849 0.850597
0.326781 0.846952
0.320424 0.849195
0.325251 0.849574
0.329623 0.852018
0.321481 0.851373
0.322287 0.856524
0.323365 0.871107
0.334915 0.874034
0.323863 0.870318
0.325726 0.871885
0.323873 0.874276
0.325001 0.879758
0.331481 0.878540
0.315509 0.850541
0.308628 0.854327
0.310086 0.859794
0.294981 0.856802
0.304758 0.873324
0.311141 0.872525
0.310317 0.875924
0.310687 0.876884
0.291482 0.861072
0.295008 0.866962
0.296556 0.870604
0.302619 0.872527
0.304164 0.875237
0.298109 0.876352
0.305339 0.879157
0.296444 0.877802
0.318290 0.873956
0.317734 0.878092
0.317826 0.878521
0.310444 0.873975
0.311767 0.878124
0.311925 0.879422
0.306488 0.881530
0.304352 0.880117
0.299654 0.878895
0.296460 0.881197
0.290479 0.863735
0.288939 0.862701
0.276825 0.863564
0.284431 0.867206
0.290506 0.873361
0.291284 0.876814
0.288025 0.875573
0.278755 0.871500
0.278384 0.871644
0.280763 0.874631
0.264261 0.858488
0.270760 0.860698
0.271980 0.867116
0.272317 0.867997
0.310234 0.879940
0.310156 0.881288
0.304691 0.883127
0.304191 0.885228
0.298130 0.884200
0.295328 0.883284
0.292164 0.880364
0.313320 0.883493
0.299667 0.883713
0.216126 0.853672
0.235826 0.849164
0.229612 0.848336
0.230334 0.849818
0.230333 0.855110
0.227880 0.854239
0.237842 0.851990
0.231663 0.852564
0.237380 0.855216
0.236769 0.856408
0.232321 0.859200
0.231338 0.861010
0.216963 0.855717
0.217670 0.855927
0.219225 0.862386
0.223738 0.859385
0.224018 0.860704
0.222174 0.863715
0.225292 0.865614
0.229179 0.866155
0.227178 0.867193
0.219709 0.867454
0.199051 0.851422
0.193859 0.852118
0.204017 0.856125
0.213876 0.859535
0.186775 0.858476
0.172204 0.861548
0.179805 0.863307
0.166154 0.863992
0.163125 0.866939
0.167696 0.865628
0.161642 0.867170
0.153901 0.867858
0.147983 0.865282
0.146700 0.866351
0.155584 0.867291
0.168441 0.865895
0.013631 0.837111
0.112813 0.867010
0.108575 0.870800
0.102525 0.873342
0.141926 0.865497
0.134333 0.866311
0.127300 0.860972
0.122210 0.863954
0.129810 0.865473
0.110109 0.869305
0.108355 0.870971
0.107609 0.876403
0.111658 0.873638
0.108319 0.879684
0.105624 0.882016
0.043113 0.860996
0.044911 0.867041
0.047892 0.869047
0.043481 0.866533
0.043218 0.866331
0.045130 0.874761
0.045715 0.871079
0.050025 0.880843
0.020510 0.838851
0.022061 0.843558
0.029674 0.850028
0.030301 0.855368
0.023577 0.849523
0.025173 0.857242
0.013416 0.838913
0.016011 0.846548
0.008402 0.841499
0.017557 0.849627
0.011501 0.850676
0.010836 0.860058
0.013073 0.863102
0.014733 0.864837
0.012409 0.863689
0.013084 0.867278
0.013099 0.872818
0.016211 0.875302
0.012013 0.873504
0.013113 0.877784
0.032786 0.863659
0.043014 0.867780
0.039581 0.864844
0.043818 0.872977
0.013594 0.876712
-0.002160 0.847502
0.002349 0.843703
0.005092 0.851343
0.005474 0.857414
-0.001139 0.851809
0.003941 0.857597
-0.000639 0.858124
-0.000802 0.858244
-0.011434 0.850982
-0.009753 0.848792
-0.015753 0.856889
-0.012032 0.859779
0.005806 0.863390
0.007030 0.868587
0.008466 0.876345
-0.014225 0.866505
-0.011464 0.866987
-0.014220 0.868551
-0.012684 0.867839
-0.012290 0.871295
-0.011854 0.873780
-0.012723 0.875713
-0.013064 0.875891
-0.003508 0.883696
-0.013872 0.882775
-0.009563 0.884793
0.106577 0.881884
0.104511 0.883084
0.099573 0.884752
0.097600 0.886463
0.098490 0.888320
0.098462 0.897012
0.087727 0.904274
0.099985 0.892325
0.093761 0.901015
0.089643 0.902901
0.089047 0.904121
0.069313 0.895700
0.073844 0.899712
0.067800 0.897830
0.082986 0.902834
0.081452 0.904579
0.073698 0.900356
0.062827 0.900862
0.050215 0.882769
0.047709 0.885756
0.045855 0.886727
0.048538 0.888342
0.047074 0.889763
0.046509 0.889704
0.045070 0.892160
0.042875 0.894376
0.042013 0.898575
0.055108 0.903594
0.048584 0.903459
0.042641 0.904499
0.040677 0.903434
0.042029 0.904610
0.022309 0.901389
0.023665 0.905302
0.023619 0.905728
0.001006 0.881249
0.007073 0.884714
-0.006596 0.879170
0.013517 0.889701
0.012486 0.893202
0.004107 0.890509
0.002561 0.887700
0.013983 0.901705
0.017796 0.903737
-0.015607 0.889548
-0.012916 0.893270
-0.014995 0.894871
-0.015592 0.895157
0.020387 0.911506
0.014379 0.917661
-0.014144 0.918148
-0.012443 0.922808
0.050372 0.896525
0.041834 0.895989
0.043549 0.897967
0.047987 0.900468
0.020049 0.904279
0.019424 0.909839
0.015814 0.915486
0.015550 0.920851
0.013893 0.922319
0.008975 0.925485
0.002763 0.928004
0.011313 0.940873
0.004653 0.940451
-0.004479 0.929659
-0.002553 0.933624
-0.016267 0.925175
-0.008910 0.933832
-0.007904 0.941188
0.011941 0.944254
0.005889 0.946577
-0.007773 0.943324
-0.000162 0.949593
