3.470117 0.755649
3.474950 0.761558
3.458741 0.749697
3.434089 0.745448
3.444672 0.753843
3.452265 0.749707
3.432549 0.751235
3.431003 0.757249
3.432637 0.751234
3.430972 0.757357
3.438616 0.752328
3.438050 0.754399
3.430859 0.756630
3.440152 0.746717
3.418355 0.756814
3.412344 0.755102
3.424066 0.759138
3.417343 0.760288
3.410850 0.760359
3.424507 0.756901
3.417397 0.759477
3.411449 0.757514
3.409680 0.758236
3.404552 0.750510
3.406566 0.751396
3.405958 0.750291
3.403290 0.737348
3.401271 0.736248
3.412957 0.727315
3.406904 0.725714
3.403818 0.731063
3.404812 0.730724
3.400854 0.723943
3.401318 0.722084
3.404872 0.724315
3.411136 0.720087
3.407976 0.721280
3.408466 0.718995
3.403948 0.711806
3.400752 0.699158
3.394945 0.696011
3.395786 0.693376
3.390422 0.689027
3.392476 0.689048
3.390436 0.688415
3.389700 0.675500
3.387901 0.673256
3.387474 0.674795
3.382517 0.685940
3.382600 0.668778
3.379276 0.672264
3.377113 0.664487
3.373157 0.655295
3.370984 0.638445
3.368843 0.643912
3.366898 0.636995
3.337981 0.641548
3.345215 0.638316
3.335891 0.635527
3.346771 0.631871
3.279879 0.667117
3.273826 0.665499
3.267771 0.663903
3.293766 0.657520
3.288194 0.659593
3.281262 0.661464
3.287005 0.663694
3.280673 0.663229
3.281450 0.660077
3.268906 0.659337
3.267257 0.657197
3.274767 0.661104
3.268272 0.661278
3.325074 0.641571
3.324669 0.642593
3.318695 0.641286
3.310755 0.642587
3.310575 0.647243
3.303659 0.649060
3.331724 0.640795
3.331448 0.641318
3.298908 0.652409
3.300409 0.646373
3.290599 0.649541
3.278533 0.646419
3.278489 0.646400
3.272432 0.644876
3.366897 0.624151
3.364571 0.617138
3.355924 0.621170
3.357471 0.615125
3.358127 0.612238
3.351650 0.612339
3.261714 0.662439
3.260181 0.667845
3.264095 0.652947
3.263274 0.655784
3.259529 0.645605
3.248710 0.637491
3.263439 0.668479
3.261206 0.663676
3.256676 0.666757
3.261737 0.661471
3.262259 0.648904
3.264480 0.643047
3.254773 0.638448
3.248689 0.637021
3.230312 0.633774
3.217285 0.644489
3.213886 0.647499
3.216894 0.643783
3.223649 0.634597
3.216421 0.637625
3.221679 0.638577
3.216389 0.636896
3.211035 0.642900
3.208770 0.642097
3.208080 0.644439
3.201489 0.644992
3.186762 0.648962
3.196657 0.639032
3.195118 0.644800
3.189060 0.643356
3.190609 0.637251
3.188566 0.636574
3.184346 0.641923
3.206307 0.628864
3.205802 0.628715
3.191490 0.633670
3.199758 0.626683
3.200174 0.624966
3.196732 0.625808
3.193579 0.650534
3.199768 0.626265
3.249761 0.632489
3.236694 0.634041
3.236853 0.632866
3.230700 0.631705
3.231595 0.627844
3.207354 0.622433
3.207994 0.619625
3.207365 0.621985
3.207120 0.615608
3.208911 0.615958
3.204401 0.608398
3.211060 0.607157
3.199627 0.601428
3.188105 0.596574
3.174894 0.597781
3.186737 0.601381
3.174563 0.598541
3.168810 0.598857
3.161892 0.597642
3.155575 0.597648
3.149175 0.597450
3.135796 0.599309
3.129374 0.599198
3.149378 0.596132
3.136472 0.597050
3.129509 0.598147
3.116759 0.597557
3.105963 0.589820
3.100400 0.585882
3.085862 0.571932
3.095132 0.581265
3.085488 0.568561
3.082521 0.564046
3.081879 0.557667
3.075833 0.555752
3.066806 0.540965
3.071838 0.546332
3.063874 0.533619
3.054581 0.538165
3.055085 0.536199
3.060761 0.538942
3.056451 0.530874
2.866495 0.781176
2.855923 0.786112
2.875268 0.769967
2.870070 0.775068
2.887056 0.760732
2.882254 0.758916
2.894522 0.749796
2.899000 0.744119
2.893989 0.749041
2.905994 0.741284
2.899645 0.740883
2.892220 0.741596
2.966402 0.734777
2.959001 0.735820
2.974254 0.727177
2.973310 0.730111
2.976435 0.718936
2.977507 0.725343
2.978983 0.719299
2.977322 0.724707
2.978637 0.718617
2.979029 0.712892
2.947584 0.730386
2.946854 0.732874
2.942487 0.725278
2.941535 0.728576
2.934954 0.728969
2.975217 0.705504
2.973857 0.703585
2.969159 0.696754
2.957411 0.692261
2.944742 0.697755
2.950323 0.692757
2.956991 0.668622
2.978452 0.705723
2.975663 0.698590
2.969938 0.693168
2.958415 0.687907
2.951663 0.692483
2.951417 0.689923
2.943976 0.693786
2.944770 0.690343
2.952361 0.686324
2.952749 0.684733
2.949586 0.685532
2.946835 0.682637
2.946310 0.684567
2.950462 0.679334
2.955457 0.674104
2.950944 0.666666
2.927860 0.732237
2.932784 0.726806
2.908161 0.733059
2.906616 0.739014
2.915747 0.729231
2.909694 0.727578
2.916854 0.724614
2.921856 0.729736
2.911628 0.740110
2.911984 0.733776
2.908790 0.730375
2.910565 0.723448
2.903545 0.732209
2.903795 0.725265
2.903658 0.725221
2.905207 0.719068
2.935683 0.701514
2.931092 0.694126
2.937156 0.695292
2.937437 0.694127
2.939428 0.686926
2.934148 0.688645
2.932219 0.689883
2.933186 0.685553
2.932655 0.687397
2.938715 0.688778
2.943278 0.683927
2.939971 0.684246
2.949984 0.665790
2.837169 0.810014
2.845584 0.802366
2.842669 0.800796
2.839564 0.799595
2.830606 0.810450
2.832114 0.810380
2.829843 0.812352
2.823430 0.812204
2.847344 0.795564
2.852688 0.789916
2.817539 0.810532
2.811228 0.809988
2.811805 0.807225
2.797600 0.812819
2.798626 0.808522
2.785748 0.809285
2.780816 0.803374
2.785846 0.808347
2.774776 0.801773
2.762722 0.806763
2.775168 0.799677
2.775674 0.797186
2.769329 0.797288
2.769896 0.794724
2.754485 0.804863
2.754684 0.804010
2.762289 0.799387
2.756764 0.795457
2.747531 0.807385
2.748587 0.802704
2.748627 0.802540
2.742227 0.802922
2.742560 0.801452
2.744045 0.794969
2.744117 0.794981
2.744788 0.788737
2.744181 0.782164
2.745666 0.788825
2.747127 0.782724
2.961424 0.656441
2.956258 0.661547
2.963183 0.644211
2.961793 0.643698
2.954049 0.654114
2.952160 0.653493
2.957147 0.641863
2.963248 0.637650
2.963221 0.624810
2.954186 0.628191
2.957268 0.616554
2.952762 0.608846
3.035888 0.578475
3.030870 0.580845
3.031760 0.576927
3.032266 0.574858
3.024877 0.582093
3.018302 0.579548
3.020056 0.572710
3.017781 0.573872
3.025243 0.577092
3.025712 0.575102
3.019506 0.574306
3.020231 0.571480
2.949799 0.595233
2.942209 0.599257
2.943747 0.593558
2.939441 0.591871
2.945288 0.587784
2.946215 0.581343
2.941312 0.586515
2.946853 0.580949
2.942450 0.586212
2.964965 0.559823
2.948385 0.575521
2.951579 0.575687
2.956004 0.570332
2.959913 0.565575
2.956557 0.564106
3.033378 0.571074
3.035442 0.571335
3.033842 0.568716
3.033314 0.570611
3.024950 0.569278
3.028161 0.566270
3.027978 0.566426
3.022711 0.568096
3.047747 0.539653
3.034825 0.539734
3.029232 0.537647
3.017141 0.533232
3.023726 0.532186
3.017592 0.530952
3.011562 0.529309
2.987163 0.546206
2.981178 0.547689
2.967935 0.554157
2.974302 0.549223
3.004705 0.531482
2.997757 0.533356
2.992143 0.534633
2.988452 0.540114
3.005211 0.528921
2.995118 0.528385
2.729740 0.775597
2.735742 0.776809
2.717167 0.774313
2.723441 0.774467
2.717164 0.773789
2.710879 0.773517
2.710428 0.774899
2.710894 0.772952
2.712441 0.766847
2.695787 0.781681
2.689619 0.781014
2.683564 0.779384
2.688959 0.783153
2.682539 0.783032
2.697220 0.776531
2.691161 0.775156
2.691489 0.773824
2.685109 0.773446
2.686202 0.769290
2.702117 0.777289
2.709850 0.766411
2.707276 0.772179
2.700628 0.770486
2.698902 0.769536
2.698786 0.769710
2.713047 0.760800
2.710488 0.754339
2.713683 0.754540
2.690370 0.762060
2.688204 0.761307
2.686659 0.767294
2.692718 0.768684
2.692980 0.767471
2.688626 0.767433
2.686672 0.766770
2.668364 0.788234
2.671524 0.782941
2.676262 0.782355
2.672729 0.776828
2.677510 0.777809
2.662298 0.787107
2.654708 0.791097
2.650034 0.784538
2.639054 0.787522
2.635990 0.788991
2.632020 0.779375
2.631231 0.785532
2.642525 0.788136
2.636002 0.788419
2.630296 0.785511
2.629608 0.772281
2.628035 0.769715
2.623424 0.770708
2.619226 0.776059
2.628778 0.784320
2.627519 0.771474
2.628840 0.777912
2.625987 0.776949
2.679125 0.771729
2.681908 0.765723
2.682990 0.759575
2.685247 0.747425
2.708265 0.747357
2.699985 0.740722
2.705967 0.741988
2.688100 0.742231
2.699697 0.738138
2.694545 0.736221
2.693629 0.739279
2.687492 0.738565
2.684587 0.740715
2.684249 0.740058
2.598664 0.783118
2.605096 0.783158
2.592610 0.781530
2.612304 0.780919
2.615820 0.781612
2.612260 0.780378
2.589716 0.774973
2.588955 0.774185
2.588222 0.773490
2.589633 0.768513
2.555167 0.798910
2.551795 0.804468
2.557418 0.786016
2.557989 0.779742
2.577762 0.771932
2.568378 0.775771
2.562330 0.773893
2.569936 0.769214
2.579922 0.766063
2.578654 0.759322
2.583584 0.766704
2.577531 0.765042
2.583120 0.768234
2.578866 0.765194
2.585129 0.760701
2.579723 0.758988
2.579622 0.756716
2.578564 0.758693
2.573033 0.757012
2.546968 0.809677
2.548312 0.803866
2.541474 0.805374
2.542224 0.801936
2.550086 0.796542
2.529327 0.802433
2.523450 0.800758
2.524309 0.796775
2.529573 0.800959
2.525480 0.791759
2.552617 0.784209
2.555373 0.775810
2.551817 0.777580
2.520183 0.787781
2.520599 0.785638
2.515624 0.780407
2.516772 0.781510
2.515900 0.778807
2.512273 0.780365
2.492490 0.794815
2.494032 0.788981
2.499373 0.792943
2.509686 0.778412
2.503581 0.777065
2.498045 0.773497
2.509241 0.779814
2.502212 0.784228
2.503182 0.778441
2.497128 0.776819
2.501644 0.784110
2.595103 0.750670
2.582168 0.746998
2.580626 0.752884
2.589761 0.742938
2.577584 0.752633
2.575227 0.745616
2.574582 0.750894
2.577651 0.739786
2.564831 0.739495
2.565544 0.736543
2.567089 0.730542
2.195165 1.037204
2.189188 1.041476
2.183956 1.044444
2.196125 1.031032
2.192435 1.023042
2.183989 1.043790
2.189484 1.040964
2.194101 1.035714
2.194496 1.029392
2.219758 0.926669
2.213584 0.928430
2.226307 0.921918
2.229894 0.914585
2.223466 0.920573
2.215873 0.924485
2.238560 0.905956
2.250362 0.895314
2.249113 0.900823
2.245635 0.906362
2.250353 0.894715
2.253348 0.889654
2.252294 0.877575
2.471164 0.803402
2.474948 0.797764
2.464203 0.805387
2.457957 0.804588
2.463976 0.805714
2.457168 0.807104
2.479962 0.793690
2.486435 0.793259
2.481913 0.786264
2.477397 0.778956
2.477811 0.776930
2.465287 0.775828
2.445288 0.803122
2.439402 0.800757
2.442053 0.795817
2.436280 0.793724
2.435475 0.780678
2.495053 0.770154
2.494165 0.763174
2.467788 0.769638
2.485856 0.748560
2.460779 0.768182
2.454752 0.766237
2.442615 0.763444
2.446908 0.764328
2.446937 0.738666
2.434173 0.773927
2.433950 0.771884
2.428225 0.769055
2.435021 0.767587
2.422914 0.764321
2.410214 0.761415
2.404859 0.740800
2.407842 0.747555
2.432362 0.802706
2.472410 0.802343
2.470729 0.804022
2.486062 0.794541
2.445251 0.802754
2.427297 0.797441
2.428845 0.791323
2.433865 0.779681
2.436927 0.774035
2.441086 0.768748
2.491075 0.775132
2.492628 0.768871
2.485025 0.773407
2.494180 0.762598
2.473496 0.768073
2.489383 0.756432
2.486221 0.754463
2.485698 0.747908
2.485155 0.747734
2.480773 0.739698
2.461694 0.763782
2.455244 0.763776
2.449314 0.761748
2.450242 0.757909
2.436131 0.762841
2.446538 0.750787
2.468535 0.737031
2.462489 0.735083
2.442760 0.737113
2.445009 0.727718
2.421245 0.795709
2.424909 0.783826
2.424474 0.757756
2.409843 0.754295
2.412360 0.754754
2.410873 0.748135
2.441105 0.736561
2.436720 0.734959
2.443625 0.730781
2.439266 0.725469
2.439101 0.729056
2.437496 0.731861
2.409154 0.734853
2.400995 0.723779
2.400476 0.725649
2.396412 0.716499
2.395056 0.721260
2.389978 0.715909
2.247437 0.862480
2.255152 0.851609
2.252675 0.850752
2.242049 0.866666
2.235942 0.865066
2.231400 0.857882
2.237483 0.859239
2.230032 0.862704
2.245082 0.854834
2.239033 0.853088
2.232976 0.851538
2.234517 0.845764
2.234775 0.844729
2.255790 0.837790
2.264875 0.840025
2.270034 0.834914
2.270995 0.828755
2.256646 0.834911
2.263385 0.833565
2.258862 0.826603
2.252095 0.837363
2.248319 0.842222
2.249149 0.838457
2.242127 0.840948
2.236074 0.839313
2.236586 0.837139
2.283979 0.813378
2.287397 0.807829
2.284300 0.806428
2.312106 0.793886
2.285425 0.800912
2.284672 0.800561
2.286338 0.793752
2.274381 0.816081
2.263963 0.821124
2.266477 0.821535
2.274052 0.816814
2.272550 0.822361
2.278500 0.811375
2.282680 0.793173
2.282273 0.786649
2.309018 0.805799
2.290848 0.801281
2.296907 0.802725
2.291852 0.797209
2.287892 0.787413
2.281817 0.786023
2.276564 0.781352
2.277316 0.778748
2.277238 0.772528
2.270282 0.764339
2.263469 0.743352
2.260439 0.736165
2.319716 0.789111
2.313659 0.787627
2.346800 0.706151
2.347421 0.706236
2.350653 0.706541
2.346105 0.710903
2.340006 0.710059
2.342610 0.699912
2.337309 0.703737
2.332734 0.701979
2.273904 0.777513
2.270716 0.770277
2.266267 0.762721
2.264600 0.755873
2.311106 0.696208
2.299954 0.694237
2.297440 0.699469
2.304006 0.698976
2.293981 0.699136
2.284731 0.699212
2.281839 0.696049
2.290056 0.703067
2.283805 0.702286
2.280871 0.689384
2.280445 0.695095
2.279518 0.693849
2.175862 1.045129
2.170805 1.050261
2.176879 1.046884
2.169424 1.050279
2.161186 1.033190
2.178449 1.015625
2.164694 1.029457
2.167805 1.023197
2.162133 1.028933
2.155556 1.029423
2.171090 1.017612
2.184788 1.015519
2.178688 1.014151
2.178310 1.015123
2.166674 1.022311
2.163269 1.023966
2.130370 1.051814
2.132414 1.052135
2.133451 1.040215
2.133562 1.046002
2.124308 1.050534
2.125848 1.044804
2.148153 1.033705
2.141063 1.036188
2.140436 1.036123
2.146554 1.030630
2.141307 1.034671
2.139758 1.035322
2.134791 1.035491
2.134208 1.034539
2.130478 1.027064
2.128941 1.032740
2.124432 1.025093
2.111694 1.049523
2.113735 1.041763
2.116836 1.029325
2.098543 1.050202
2.091486 1.048142
2.100087 1.044310
2.096085 1.036464
2.103178 1.032284
2.095363 1.029857
2.098682 1.024212
2.112710 1.020418
2.107554 1.007872
2.105161 0.994428
2.105530 0.988104
2.106274 1.020097
2.103536 1.012667
2.103478 1.012088
2.105764 1.006243
2.105239 1.000255
2.106268 0.999946
2.107338 0.987368
2.158898 0.976006
2.159508 0.987905
2.161630 0.988337
2.162585 0.976496
2.164406 0.976780
2.161043 0.982298
2.168657 0.977330
2.167113 0.983318
2.167201 0.983331
2.154636 0.982172
2.162213 0.970432
2.168814 0.964468
2.172074 0.958874
2.179455 0.954329
2.117076 0.978272
2.109803 0.981477
2.142056 0.980919
2.135550 0.981134
2.129598 0.979191
2.129611 0.978612
2.116380 0.980420
2.116687 0.978700
2.110936 0.981858
2.187262 0.950495
2.182325 0.942214
2.179466 0.940920
2.189529 0.938235
2.194370 0.927888
2.187525 0.931308
2.181092 0.935479
2.181023 0.929317
2.182157 0.924647
2.179068 0.928541
2.194178 0.927563
2.178390 0.934220
2.178408 0.927799
2.200794 0.927995
2.197715 0.926865
2.207360 0.926469
2.188629 0.924643
2.182579 0.922871
2.176679 0.920933
2.184132 0.916605
2.178100 0.914790
1.963648 1.047805
1.963049 1.053999
1.969710 1.049086
1.957584 1.046557
1.956039 1.052547
1.972797 1.037215
1.959123 1.040851
1.960865 1.034521
1.966414 1.037471
1.949972 1.051458
1.945471 1.043568
1.936964 1.052242
1.937861 1.048371
1.939418 1.041906
1.931804 1.046883
1.932132 1.040289
1.948555 1.031903
1.947019 1.037497
1.942502 1.030203
1.940965 1.035855
1.934907 1.034421
1.974105 1.025917
1.968434 1.030170
1.973526 1.031558
1.974173 1.025303
1.975127 1.019125
1.949319 1.029241
1.943536 1.026642
1.937695 1.024264
1.973553 1.011704
1.970755 1.010428
1.971185 0.998257
1.969899 0.991508
1.968616 0.997032
1.953904 0.988054
1.945884 0.991780
1.947287 0.985773
1.959238 0.982993
1.954887 0.981377
1.965390 0.983360
1.948838 0.979582
1.960237 0.976830
1.959558 0.970241
1.957974 0.969621
1.971737 0.966463
1.971628 0.966820
1.966266 0.962645
1.959322 0.964568
1.959276 0.963753
1.970116 0.978720
1.966699 0.971430
1.961367 0.969487
1.965924 0.963406
1.952071 0.967709
1.952037 0.967243
1.950389 0.973364
1.960338 0.960033
1.959541 0.962691
1.957832 0.962163
1.953471 0.961738
1.952067 0.961288
1.954311 0.957849
2.186700 0.881799
2.195456 0.872819
2.188515 0.878978
2.187006 0.880062
2.191509 0.873318
2.180381 0.881287
2.176792 0.876603
2.180625 0.879788
2.177395 0.876149
2.178345 0.869968
2.176169 0.871505
2.210617 0.863459
2.217685 0.860541
2.200676 0.869229
2.225547 0.856114
2.223751 0.850042
2.224438 0.859875
2.226913 0.850317
2.175936 0.863551
2.175474 0.862243
2.176098 0.855977
2.179363 0.850963
2.184375 0.840023
2.228459 0.844278
2.223526 0.838287
2.230307 0.836471
2.204571 0.836207
2.191355 0.837964
2.191543 0.836698
2.227455 0.746754
2.221394 0.745468
2.207731 0.748597
2.213279 0.751969
2.230542 0.734921
2.195628 0.745197
2.206485 0.728174
2.189441 0.730948
2.188156 0.724009
2.228161 0.727959
2.183647 0.716417
2.189704 0.717900
2.198854 0.707346
2.254779 0.740508
2.248733 0.738603
2.233190 0.747879
2.242677 0.737056
2.225968 0.752251
2.225462 0.752336
2.219474 0.752420
2.212650 0.753874
2.206199 0.754000
2.194140 0.750588
2.189647 0.743222
2.182105 0.722253
2.179863 0.720892
2.250277 0.732651
2.253816 0.727440
2.244224 0.730974
2.251862 0.719943
2.259001 0.715918
2.256464 0.708453
2.239351 0.724712
2.221819 0.718130
2.264053 0.704502
2.257986 0.702348
2.269024 0.685009
2.266338 0.692107
2.262021 0.690406
2.259445 0.683328
2.207875 0.722343
2.201974 0.720045
2.209419 0.716404
2.215738 0.716684
2.211982 0.710377
2.204910 0.708847
2.209225 0.709676
2.203379 0.714247
2.217039 0.711173
2.205176 0.708060
2.204847 0.708321
2.213616 0.704373
2.212180 0.704885
2.205489 0.706351
2.206090 0.703474
2.206045 0.701855
2.211744 0.697478
2.208559 0.694386
2.214137 0.697490
2.214091 0.697429
2.208781 0.692979
2.208028 0.695779
2.190652 0.713888
2.197321 0.712814
2.190290 0.714779
2.184827 0.711449
2.179658 0.714995
2.183816 0.714868
2.182943 0.715250
2.199827 0.703274
2.198739 0.700590
2.200417 0.700609
2.201505 0.696734
2.201957 0.694835
2.202499 0.692322
2.200382 0.693990
2.201971 0.694271
1.925651 1.046052
1.928837 1.033453
1.810870 1.039765
1.828754 1.032666
1.822817 1.037579
1.813648 1.029885
1.818176 1.036716
1.829879 1.026528
1.821252 1.025310
1.851681 1.006550
1.854302 1.006486
1.856991 0.994889
1.856322 0.988342
1.860849 0.995222
1.832725 1.014405
1.839548 1.004327
1.845609 1.005647
1.838456 1.008198
1.844095 1.010821
1.830143 1.014346
1.825890 1.007305
1.833495 1.002706
1.831951 1.008603
1.827442 1.001020
1.847154 0.999716
1.842647 0.992014
1.830764 0.987900
1.933764 0.988737
1.935178 0.982626
1.936732 0.976265
1.929109 0.981670
1.922859 0.973743
1.930115 0.977259
1.949919 0.960149
1.946573 0.965722
1.939833 0.963914
1.947438 0.959286
1.920875 0.966822
1.931841 0.970004
1.924178 0.967034
1.921035 0.962361
1.926423 0.965975
1.912103 0.946895
1.915750 0.957287
1.913551 0.950894
1.901499 0.937391
1.941386 0.957587
1.865486 0.977200
1.863940 0.983202
1.860975 0.969725
1.862525 0.963552
1.865625 0.951167
1.854773 0.975060
1.839691 0.978164
1.845748 0.979617
1.854912 0.968471
1.856466 0.962103
1.842786 0.965986
1.844336 0.959825
1.827578 0.975132
1.836725 0.964666
1.838274 0.958550
1.832218 0.957028
1.859561 0.949946
1.861119 0.943475
1.855056 0.942207
1.839832 0.951996
1.845890 0.953412
1.841384 0.945721
1.847444 0.947117
1.896140 0.933617
1.885090 0.925916
1.874487 0.917512
1.874160 0.918231
1.879228 0.923109
1.883927 0.929924
1.856606 0.936041
1.859705 0.923721
1.844487 0.933290
1.853646 0.922328
1.845779 0.927225
1.868552 0.914942
1.867300 0.919481
1.863262 0.910981
1.855189 0.916393
1.861248 0.917831
1.857220 0.908820
1.856735 0.910388
1.843062 0.913965
1.852032 0.904468
1.844607 0.908014
1.851031 0.907804
1.806060 1.033798
1.799779 1.032699
1.809137 1.022459
1.802629 1.026607
1.797778 1.024782
1.810690 1.016117
1.802562 1.013152
1.813897 1.003796
1.813790 1.003747
1.815343 0.997451
1.811808 1.002660
1.813172 0.996584
1.813180 0.990164
1.814374 0.989895
1.811470 0.986599
1.805179 0.986491
1.798746 0.986425
1.805572 0.984443
1.793777 0.981202
1.787634 0.979447
1.792843 0.983772
1.819983 0.979335
1.818436 0.985351
1.812384 0.983656
1.815471 0.971882
1.824618 0.961436
1.823073 0.967397
1.817020 0.965740
1.806320 0.982473
1.800256 0.981312
1.804767 0.963523
1.812520 0.957721
1.799761 0.957322
1.806465 0.956175
1.800414 0.954445
1.788361 0.977174
1.786287 0.964058
1.784157 0.975778
1.783462 0.969176
1.792790 0.959870
1.793208 0.957719
1.791050 0.958851
1.793771 0.954991
1.791094 0.958271
1.827033 0.948744
1.820115 0.953543
1.803501 0.942632
1.808012 0.950111
1.801961 0.948404
1.823214 0.941232
1.829270 0.942762
1.832363 0.930724
1.826307 0.929171
1.818701 0.933863
1.820247 0.927825
1.811103 0.938148
1.806589 0.930767
1.814193 0.926229
1.797451 0.940851
1.796235 0.946732
1.777752 0.941683
1.785343 0.937668
1.773227 0.934733
1.800533 0.929258
1.780819 0.930700
1.786778 0.932500
1.835458 0.918519
1.823339 0.915846
1.837185 0.912045
1.750437 0.947568
1.744618 0.945422
1.742832 0.952157
1.751969 0.942111
1.765635 0.938820
1.741400 0.933194
1.723120 0.953537
1.716525 0.954349
1.718600 0.946415
1.732266 0.943094
1.726209 0.941610
1.729298 0.929677
1.715645 0.932439
1.768707 0.927629
1.761111 0.931842
1.748997 0.928904
1.742942 0.927354
1.730839 0.923885
1.724943 0.921527
1.718743 0.920184
1.727432 0.912386
1.721822 0.908675
1.721468 0.909929
1.440426 1.050650
1.444681 1.045314
1.446803 1.039436
1.431793 1.060121
1.439354 1.055168
1.443157 1.050163
1.448965 1.038790
1.451071 1.032902
1.450877 1.027636
1.459943 1.017109
1.465261 1.012044
1.458521 1.030217
1.463688 1.017432
1.464965 1.023589
1.466286 1.017501
1.463724 1.011021
1.463690 1.010594
1.463100 1.004442
1.459091 1.002949
1.451000 0.994946
1.453278 1.000349
1.573940 0.956946
1.560709 0.958760
1.559355 0.963396
1.547084 0.961621
1.546730 0.962957
1.534293 0.961715
1.526985 0.964493
1.521445 0.961418
1.520455 0.964275
1.469766 0.987243
1.456111 0.990107
1.462167 0.991618
1.465260 0.979530
1.509343 0.958391
1.508256 0.961531
1.502449 0.960119
1.502732 0.958447
1.495244 0.963057
1.495688 0.960752
1.492067 0.960466
1.490556 0.956187
1.491167 0.953673
1.495040 0.954175
1.496687 0.956336
1.498769 0.949234
1.495278 0.947815
1.493145 0.940854
1.492143 0.946424
1.490790 0.939656
1.471592 0.929098
1.706503 0.942740
1.692838 0.945954
1.694509 0.939579
1.700444 0.941311
1.695936 0.933719
1.696470 0.931429
1.688021 0.939729
1.686788 0.944207
1.681925 0.936911
1.680730 0.942775
1.689163 0.935275
1.683816 0.930933
1.689874 0.932435
1.690992 0.927633
1.684660 0.927171
1.681101 0.929713
1.589765 0.945351
1.592849 0.933628
1.608250 0.923270
1.603557 0.916539
1.595942 0.921569
1.599040 0.909307
1.608195 0.898481
1.606649 0.904506
1.600586 0.903259
1.603267 0.892384
1.714745 0.906150
1.706610 0.891873
1.718852 0.895414
1.704188 0.878365
1.704259 0.884207
1.698333 0.873842
1.694501 0.869483
1.688064 0.864125
1.682889 0.859157
1.672526 0.849266
1.692973 0.869588
1.671738 0.851778
1.676773 0.856790
1.641682 0.869071
1.640237 0.868520
1.638353 0.867435
1.644049 0.859680
1.650761 0.858664
1.653983 0.858001
1.657250 0.853593
1.666040 0.849347
1.664948 0.852591
1.605238 0.884663
1.634784 0.870645
1.631391 0.866271
1.634184 0.872442
1.636521 0.863331
1.631967 0.865810
1.625063 0.858367
1.636670 0.863294
1.638053 0.857911
1.632320 0.855108
1.610582 0.864406
1.609314 0.866469
1.617879 0.861108
1.622314 0.856932
1.616358 0.861838
1.635652 0.866445
1.615935 0.868002
1.638191 0.856309
1.631129 0.852182
1.624995 0.857047
1.575722 0.950535
1.582153 0.950195
1.583832 0.938242
1.585441 0.932233
1.583816 0.919110
1.589877 0.920398
1.591428 0.914164
1.586914 0.906790
1.597623 0.889676
1.590009 0.894671
1.602276 0.870997
1.594662 0.875978
1.596217 0.869595
1.604803 0.861790
1.598936 0.859511
1.597763 0.863556
1.604577 0.862118
1.603824 0.864884
1.590149 0.868599
1.591933 0.861664
1.590179 0.862209
1.484600 0.928555
1.478944 0.925455
1.472342 0.926043
1.472453 0.925061
2.470079 0.731087
2.453022 0.722144
2.441339 0.717718
2.445156 0.718329
2.445862 0.724675
2.439794 0.723666
2.440460 0.720818
2.437291 0.722749
2.392896 0.705297
2.388388 0.697631
2.377071 0.691313
2.386851 0.703273
2.376287 0.694170
2.363138 0.694789
2.353457 0.700830
2.370900 0.690224
2.359340 0.684994
2.358239 0.688741
2.342912 0.698660
2.348969 0.700133
2.350015 0.695651
2.344084 0.693627
2.352439 0.686198
2.348228 0.678023
2.337642 0.693593
2.334112 0.695906
2.336699 0.672115
2.318500 0.667620
2.350534 0.693365
2.344477 0.691864
2.352081 0.687318
2.304376 0.682526
2.306584 0.689184
2.310814 0.671330
2.305651 0.676433
2.311986 0.671007
2.310842 0.672322
2.307898 0.676388
2.282355 0.683271
2.292980 0.673212
2.287594 0.671222
2.293523 0.659888
2.292409 0.653184
2.294613 0.659972
2.289585 0.654083
2.294378 0.647265
2.293263 0.640267
2.280044 0.675724
2.277371 0.681466
2.265976 0.672763
2.263257 0.677875
2.261661 0.671046
2.257967 0.657264
2.258211 0.656752
2.285595 0.644818
2.283074 0.650229
2.278565 0.646743
2.287661 0.636958
2.283404 0.638054
2.287140 0.638821
2.265467 0.648029
2.273339 0.642493
2.256997 0.650017
1.432119 1.058767
1.406133 1.059477
1.402519 1.053845
1.395349 1.039187
1.392481 1.032040
1.396057 1.013699
1.431260 1.061575
1.403897 1.060011
1.399696 1.058370
1.397505 1.051963
1.390675 1.043287
1.392151 1.037178
1.392356 1.018547
1.393616 1.024702
1.440832 1.005198
1.438682 1.007495
1.439688 1.003037
1.423944 1.014648
1.425699 1.008200
1.431177 1.011602
1.430781 1.012612
1.423763 1.014824
1.427386 0.976083
1.412857 1.007579
1.413578 1.010511
1.406706 1.005872
1.392715 1.012218
1.393441 1.011809
1.400851 1.003547
1.394272 1.004591
1.394465 1.005646
1.399966 1.006618
1.421326 0.974714
1.372919 0.960822
1.360799 0.958104
1.347384 0.959977
1.348683 0.955174
1.271323 1.031783
1.272511 1.026650
1.278916 1.022416
1.274484 1.018900
1.275601 1.014723
1.254330 1.022670
1.265017 1.031219
1.265899 1.027220
1.266462 1.024844
1.268012 1.018673
1.252027 1.015580
1.256318 1.022463
1.261959 1.017042
1.255899 1.015679
1.269557 1.012721
1.263504 1.011068
1.266579 0.999765
1.252704 1.009336
1.258849 1.004414
1.253826 1.008989
1.260522 0.998319
1.295474 0.986429
1.296434 0.986556
1.294347 0.990721
1.289419 0.984873
1.288107 0.989899
1.288222 0.984466
1.294561 0.979654
1.290964 0.978904
1.287770 0.977924
1.294041 0.967460
1.292499 0.973320
1.298950 0.967920
1.295388 0.973439
1.336574 0.952027
1.325115 0.948881
1.318411 0.947255
1.295593 0.961192
1.299389 0.961607
1.296441 0.957393
1.306306 0.943908
1.300256 0.942173
1.263928 0.984622
1.264085 0.983462
1.267468 0.979182
1.264060 0.984740
1.280339 0.970948
1.286439 0.971951
1.285865 0.973999
1.279766 0.972624
1.285165 0.976212
1.279861 0.971743
1.275487 0.975985
1.272787 0.974673
1.276056 0.968517
1.274643 0.966930
1.268293 0.966513
1.257585 0.984204
1.257682 0.983275
1.252238 0.979346
1.256559 0.982830
1.253231 0.974964
1.247454 0.972849
1.242600 0.966625
1.248576 0.968029
1.238582 0.956615
1.286460 0.965941
1.291014 0.954265
1.291004 0.953635
1.290779 0.954314
1.288976 0.952532
1.292605 0.940607
1.289440 0.946226
1.294197 0.940763
1.430475 0.964195
1.432443 0.970973
1.423001 0.968056
1.465534 0.927644
1.466344 0.924280
1.447383 0.922350
1.454650 0.923472
1.420073 0.928015
1.436086 0.919924
1.432819 0.924904
1.421608 0.922454
1.380523 0.956272
1.382062 0.950497
1.403332 0.942680
1.389664 0.946054
1.383980 0.938765
1.367387 0.957443
1.363884 0.946382
1.369943 0.947756
1.351766 0.943571
1.377539 0.943500
1.373019 0.936413
1.406409 0.931283
1.398807 0.935729
1.401884 0.924364
1.407948 0.925530
1.392749 0.934308
1.388226 0.927274
1.380622 0.931892
1.460611 0.921482
1.460540 0.921208
1.345710 0.942039
1.344169 0.947862
1.332058 0.944744
1.326005 0.943087
1.313894 0.940030
1.309383 0.932498
1.295877 0.934974
1.301799 0.936284
1.295744 0.934700
1.303574 0.929572
1.297648 0.927529
1.303340 0.930436
1.306413 0.919249
1.304873 0.924956
1.300358 0.917684
1.298692 0.923493
1.296797 0.929430
1.295374 0.928466
1.292501 0.934157
1.231591 0.959247
1.226224 0.955025
1.232636 0.954647
1.226115 0.954923
1.219468 0.955689
1.216656 0.947562
1.207737 0.951087
1.215675 0.945856
1.214392 0.934148
1.210824 0.939266
1.210816 0.932640
1.204781 0.937218
1.212256 0.927186
1.213844 0.927309
1.212807 0.914489
1.218014 0.908210
1.212786 0.901649
1.214336 0.899724
1.207171 0.893180
1.207465 0.887463
1.205409 0.885725
1.205518 0.879329
1.247544 0.871655
1.250156 0.872013
1.246593 0.875088
1.244704 0.870627
1.249097 0.865333
1.249127 0.865211
1.243037 0.864010
1.242579 0.865594
1.230353 0.862958
1.247564 0.870838
1.246754 0.864128
1.242234 0.866398
1.243063 0.862942
1.235848 0.866141
1.211700 0.868652
1.217165 0.864073
1.224251 0.861598
1.216011 0.868032
1.246874 0.858342
1.246133 0.851832
1.246844 0.848975
1.241452 0.844850
1.246140 0.851534
1.246954 0.857756
1.244313 0.850662
1.240100 0.849334
1.241734 0.843583
1.241640 0.843553
1.235583 0.842090
1.229072 0.842255
1.217408 0.837822
1.212317 0.832131
1.235588 0.841886
1.234825 0.844469
1.231919 0.840515
1.223479 0.838670
1.229846 0.838726
1.225347 0.831112
1.220052 0.826607
1.182866 0.841449
1.184752 0.838485
1.171148 0.842295
1.171936 0.838639
1.156460 0.848185
1.158275 0.841746
1.165881 0.837104
1.178727 0.836823
1.206310 0.830965
1.206998 0.827718
1.200608 0.828050
1.197462 0.825899
1.194430 0.831548
1.190766 0.837037
1.189768 0.819448
1.208395 0.821753
1.201215 0.824592
1.200268 0.819607
1.193285 0.830680
1.194748 0.824941
1.188694 0.823285
1.188366 0.824391
1.194759 0.824497
1.196291 0.819045
1.197835 0.813074
1.203870 0.807675
1.191771 0.811903
1.193392 0.805321
1.203177 0.801075
1.196433 0.792860
1.168968 0.825258
1.167424 0.831178
1.170603 0.825486
1.173488 0.832355
1.162910 0.823862
1.161494 0.829073
1.176575 0.820544
1.182641 0.821667
1.184516 0.814774
1.170509 0.819480
1.175041 0.826084
1.182198 0.823283
1.176251 0.832768
1.175823 0.826235
1.185716 0.810376
1.188670 0.798587
1.167550 0.805686
1.173607 0.807161
1.169098 0.799591
1.175157 0.800989
1.143451 0.849672
1.137845 0.846376
1.126439 0.840535
1.153778 0.833669
1.146172 0.838306
1.149263 0.826297
1.141664 0.830711
1.127991 0.834268
1.134052 0.835580
1.135603 0.829359
1.143206 0.824819
1.117284 0.851339
1.119513 0.842402
1.111231 0.849694
1.106197 0.844011
1.105910 0.841750
1.105697 0.835278
1.112788 0.843204
1.114339 0.836991
1.108205 0.835630
1.108354 0.835052
1.120749 0.837586
1.115335 0.833547
1.128812 0.828322
1.109141 0.832546
1.156858 0.822081
1.152341 0.814889
1.109684 0.796552
1.106810 0.802244
1.103127 0.782648
1.102186 0.783671
1.109578 0.777871
1.095997 0.782650
1.097857 0.800291
1.103917 0.801686
1.103446 0.803362
1.096630 0.804782
1.099400 0.794428
1.105456 0.795952
1.091769 0.798586
1.100948 0.788306
1.107010 0.789620
1.108476 0.789821
1.106330 0.782853
1.094898 0.786520
1.089805 0.781087
1.077540 0.778605
1.071132 0.778441
1.065295 0.776602
1.059377 0.774527
1.084891 0.775656
1.084951 0.774862
1.072212 0.774809
1.078277 0.775930
1.080926 0.765972
1.074589 0.765528
1.075645 0.760330
1.068942 0.762395
1.069509 0.759620
1.063425 0.757671
1.190327 0.785569
1.192075 0.773179
1.188187 0.771570
1.190496 0.766124
1.184450 0.764210
1.184520 0.763925
1.178383 0.762701
1.178395 0.762640
1.189461 0.759052
1.187518 0.752239
1.179624 0.757346
1.183037 0.744468
1.172227 0.761556
1.164827 0.765052
1.164242 0.764903
1.166274 0.759994
1.172472 0.760597
1.168454 0.753708
1.173672 0.755399
1.167959 0.759423
1.161766 0.752336
1.160220 0.758348
1.158979 0.762386
1.147897 0.755808
1.147844 0.755496
1.174195 0.748161
1.177394 0.741416
1.176982 0.742865
1.170932 0.741080
1.160655 0.745305
1.163328 0.745661
1.158568 0.738355
1.164878 0.739476
1.141867 0.754169
1.142013 0.753074
1.135686 0.752594
1.129956 0.750044
1.122653 0.753104
1.174012 0.729557
1.172472 0.735330
1.167956 0.728068
1.161783 0.732753
1.166419 0.733677
1.088964 0.759682
1.112202 0.765080
1.109636 0.763853
1.111657 0.758521
1.115759 0.754835
1.110298 0.757596
1.109561 0.754369
1.110245 0.751350
1.096578 0.754705
1.090238 0.759492
1.088628 0.760532
1.089488 0.756660
1.103161 0.754174
1.103872 0.750875
1.105086 0.746139
1.092079 0.746680
1.097395 0.750976
1.099060 0.744487
1.111927 0.745152
1.105738 0.743694
1.100248 0.740385
1.066291 0.747381
1.075838 0.760096
1.080158 0.743256
1.078905 0.747610
1.086924 0.742028
1.063577 0.757597
1.074331 0.742606
1.067640 0.740904
1.066904 0.744101
1.038984 0.778027
1.038856 0.778502
1.058054 0.771188
1.055937 0.770030
1.052517 0.775431
1.054066 0.769286
1.050389 0.768618
1.045993 0.775850
1.054832 0.766540
1.049553 0.761861
1.055617 0.763052
1.055378 0.763897
1.056908 0.757928
1.048864 0.764142
1.050337 0.758397
1.040397 0.772678
1.041561 0.767979
1.037696 0.771811
1.043370 0.766261
1.044776 0.755448
1.044138 0.757416
1.007244 0.777520
1.006967 0.777651
1.011716 0.778045
1.006407 0.779283
1.012840 0.772526
1.012376 0.765991
1.016176 0.766486
1.014631 0.772405
1.014454 0.773061
1.032483 0.752552
1.025139 0.756037
1.011662 0.759081
1.015347 0.759703
1.013214 0.752798
1.019274 0.754186
1.018111 0.758287
1.015125 0.759071
0.994844 0.774367
1.000253 0.778128
0.993256 0.767547
0.994506 0.767243
0.991806 0.760761
0.990672 0.765697
0.990756 0.764342
0.979231 0.758975
1.005606 0.757574
0.996433 0.761938
0.995594 0.754678
0.992633 0.757538
1.006962 0.751976
1.000064 0.753717
0.994017 0.753697
0.993389 0.754073
1.007165 0.751021
1.000227 0.752560
1.001582 0.747271
0.988419 0.759274
0.986094 0.757880
0.979849 0.756971
0.987443 0.752781
0.992260 0.753830
0.988837 0.746539
0.985912 0.758152
0.992723 0.746942
0.975330 0.749803
0.970817 0.742367
0.969283 0.747882
0.968402 0.753601
0.966110 0.746593
0.939016 0.739745
0.939504 0.739821
0.934498 0.732485
0.932958 0.738278
0.932277 0.740824
0.919307 0.740998
0.926908 0.736495
0.920856 0.734862
0.928521 0.730311
0.858594 0.752317
0.861695 0.739927
0.862934 0.746614
0.861447 0.740848
0.860156 0.745651
0.852545 0.750519
0.846484 0.749177
0.855649 0.737994
0.854103 0.743989
0.850207 0.734375
0.845903 0.742281
0.847195 0.736190
0.849590 0.736588
0.848046 0.742527
0.857181 0.732550
0.748457 0.795147
0.743412 0.800283
0.736174 0.802232
0.730381 0.799666
0.736769 0.799384
0.727679 0.796281
0.731050 0.796392
0.608261 0.797237
0.609809 0.791142
0.612906 0.778930
0.754313 0.783798
0.755302 0.771214
0.758478 0.765522
0.766081 0.760985
0.756659 0.758102
0.757003 0.751769
0.763119 0.747344
0.749347 0.775319
0.721572 0.783718
0.722030 0.781299
0.752438 0.763344
0.753994 0.756935
0.754076 0.750446
0.758624 0.739173
0.753734 0.737509
0.793549 0.728496
0.800971 0.724596
0.801205 0.718075
0.795087 0.722804
0.805547 0.718575
0.797864 0.712111
0.804244 0.711938
0.805800 0.712216
0.799388 0.705619
0.781438 0.725439
0.782977 0.719679
0.776924 0.717988
0.770880 0.716013
0.757814 0.726296
0.754422 0.731259
0.755557 0.719304
0.753059 0.710737
0.757426 0.719176
0.787475 0.701761
0.787627 0.701133
0.773965 0.704280
0.767915 0.702473
0.781570 0.699645
0.781667 0.699254
0.783122 0.693354
0.769456 0.696722
0.777057 0.692212
0.760309 0.707141
0.747835 0.705958
0.754247 0.705884
0.763395 0.695360
0.789182 0.694748
0.709896 0.779170
0.700088 0.770009
0.717265 0.774817
0.705814 0.769160
0.702141 0.757817
0.692124 0.761567
0.690325 0.754421
0.695761 0.758054
0.692733 0.744192
0.687797 0.738282
0.677210 0.729788
0.673256 0.717629
0.672301 0.723579
0.666252 0.721731
0.671789 0.725240
0.665818 0.723364
0.666257 0.721535
0.658647 0.726324
0.661917 0.726987
0.657849 0.729289
0.652595 0.724652
0.652597 0.724550
0.660198 0.720155
0.666443 0.715291
0.659396 0.719922
0.629785 0.738265
0.623732 0.736645
0.622187 0.742658
0.631329 0.732326
0.634780 0.732929
0.632886 0.725892
0.627291 0.722673
0.669319 0.703793
0.667952 0.709253
0.676016 0.685617
0.679774 0.673733
0.675640 0.678521
0.678736 0.666459
0.675307 0.660694
1.062587 0.752458
1.061983 0.745886
1.062592 0.751877
1.062303 0.745379
1.039336 0.751507
1.061784 0.739711
1.060857 0.743059
1.062325 0.737338
1.061795 0.739241
1.055302 0.739568
1.056203 0.736055
1.052415 0.737032
1.008699 0.745531
1.003009 0.742238
0.990705 0.739908
0.994289 0.740916
0.978425 0.737628
0.979972 0.731590
0.973918 0.729942
0.972372 0.735963
0.972152 0.735876
0.967312 0.730519
0.960977 0.726615
0.967746 0.734160
0.966615 0.732699
0.961282 0.728335
0.950366 0.721141
0.949710 0.723204
0.932535 0.715212
0.936051 0.726190
0.937594 0.720291
0.931546 0.718496
0.927706 0.708895
0.930058 0.711722
0.924518 0.703890
0.923787 0.698467
0.913433 0.688538
0.908993 0.680904
0.904309 0.673281
0.904155 0.666609
0.895479 0.657598
0.897019 0.651837
0.893791 0.663987
0.891958 0.662909
0.900218 0.646355
0.883539 0.653656
0.875776 0.658624
0.877321 0.652624
0.872600 0.646002
0.892825 0.643159
0.880401 0.641128
0.810561 0.662134
0.813495 0.656390
0.802993 0.685238
0.805874 0.679546
0.812065 0.655423
0.868284 0.638242
0.862239 0.636304
0.830366 0.641429
0.821146 0.645961
0.850549 0.631375
0.844614 0.629363
0.832916 0.635038
0.821781 0.645049
0.791774 0.685006
0.798327 0.684397
0.784661 0.687668
0.801412 0.672679
0.802955 0.666768
0.804050 0.666825
0.790730 0.688667
0.797290 0.688129
0.806775 0.660500
0.713536 0.663353
0.670145 0.655665
0.664710 0.652250
0.653198 0.646285
0.648375 0.639939
0.576438 0.795536
0.550668 0.795428
0.520368 0.788615
0.521913 0.782624
0.603748 0.789814
0.605297 0.783665
0.590090 0.792808
0.593183 0.780688
0.568941 0.775372
0.577982 0.789592
0.573464 0.782315
0.565871 0.786463
0.579553 0.777260
0.572996 0.769781
0.570823 0.775645
0.602331 0.770186
0.608389 0.771648
0.609937 0.765546
0.590222 0.767055
0.605427 0.757976
0.606974 0.751925
0.613032 0.753411
0.600917 0.750472
0.599370 0.756493
0.593742 0.753399
0.584166 0.765490
0.585716 0.759352
0.575795 0.764074
0.575578 0.757603
0.578544 0.762345
0.576527 0.757223
0.574302 0.750236
0.575148 0.750361
0.581204 0.751817
0.576704 0.743952
0.560848 0.781584
0.548554 0.779220
0.543062 0.775478
0.553750 0.783820
0.548384 0.782175
0.543234 0.774263
0.530910 0.772557
0.537825 0.770202
0.523465 0.776412
0.525028 0.769676
0.570695 0.742651
0.515858 0.781084
0.515258 0.774352
0.517412 0.774734
0.505316 0.771030
0.488214 0.767475
0.480578 0.771950
0.499252 0.769825
0.486119 0.770589
0.479219 0.772335
0.514444 0.761323
0.517374 0.768472
0.514474 0.761195
0.508895 0.757798
0.519305 0.766953
0.513815 0.763209
0.507404 0.763050
0.505462 0.764829
0.502336 0.758116
0.459694 0.798325
0.452093 0.802793
0.447574 0.795678
0.451676 0.804278
0.445483 0.803274
0.450664 0.783727
0.456725 0.785021
0.452207 0.777818
0.458264 0.779288
0.455179 0.791032
0.463555 0.786281
0.466797 0.780681
0.441515 0.794204
0.435626 0.791929
0.429688 0.789931
0.441663 0.799981
0.471477 0.777917
0.418265 0.784172
0.419144 0.780204
0.410168 0.773299
0.409729 0.767156
0.409541 0.766722
0.408722 0.770532
0.403777 0.764813
0.404781 0.761301
0.402238 0.770527
0.386328 0.754404
0.391148 0.763600
0.385864 0.759048
0.383632 0.753097
0.381087 0.746028
0.383851 0.733891
0.387855 0.722070
0.391419 0.710139
0.393929 0.704359
0.391307 0.703692
0.395020 0.698311
0.396422 0.698576
0.388965 0.696737
0.387088 0.703996
0.388579 0.698188
0.380892 0.703002
0.382107 0.698269
0.375310 0.699588
0.390245 0.715660
0.388426 0.721621
0.387936 0.708649
0.381374 0.700737
0.397672 0.698280
0.394299 0.700485
0.387831 0.700550
0.298157 0.672493
0.616126 0.741274
0.604011 0.738346
0.619221 0.729110
0.623953 0.717326
0.613162 0.727710
0.608644 0.720551
0.590353 0.741332
0.590629 0.735128
0.584302 0.739568
0.585848 0.733557
0.601045 0.724916
0.594991 0.723249
0.604135 0.712974
0.582879 0.720218
0.584424 0.714271
0.590908 0.714160
0.619351 0.703465
0.625419 0.704529
0.620900 0.697307
0.611737 0.708456
0.614837 0.696093
0.624003 0.684845
0.617802 0.684216
0.613422 0.676415
0.572194 0.736334
0.573745 0.730154
0.566073 0.735301
0.566128 0.735290
0.561470 0.728326
0.560884 0.727562
0.566734 0.732421
0.562348 0.727342
0.563181 0.721018
0.569237 0.722550
0.576834 0.718278
0.570782 0.716562
0.572326 0.710620
0.552583 0.712680
0.552426 0.712574
0.557114 0.719945
0.558672 0.713443
0.552596 0.712083
0.552613 0.712011
0.563004 0.701815
0.560220 0.707321
0.554163 0.705835
0.547631 0.704937
0.547949 0.698601
0.549639 0.698861
0.547788 0.705675
0.548430 0.703172
0.581653 0.699953
0.575087 0.700407
0.563295 0.696047
0.557239 0.694498
0.621037 0.671351
0.624140 0.658903
0.619625 0.651569
0.621182 0.645087
0.612009 0.656656
0.611458 0.649939
0.606395 0.642235
0.642886 0.636188
0.637247 0.633022
0.632192 0.627579
0.627138 0.622138
0.616317 0.637725
0.619766 0.625463
0.604103 0.635235
0.607644 0.622816
0.621873 0.617514
0.621309 0.619582
0.615249 0.618160
0.610734 0.610878
0.616791 0.612315
0.403799 0.694035
0.402085 0.695836
0.404181 0.687207
0.403548 0.680510
0.400309 0.677054
0.395166 0.671952
0.396724 0.665462
0.386151 0.656678
0.375815 0.647778
0.369966 0.644467
0.398276 0.659164
0.381807 0.648060
0.370999 0.639528
0.365596 0.635809
0.349675 0.673591
0.351226 0.667334
0.337565 0.670463
0.343623 0.671854
0.339115 0.664255
0.346715 0.659831
0.345177 0.665495
0.322509 0.653011
0.328570 0.654329
0.324750 0.647028
0.358962 0.637059
0.356571 0.630050
0.357087 0.629565
0.354473 0.628599
0.355501 0.622739
0.350951 0.617455
0.349965 0.621013
0.326737 0.636957
0.333769 0.634692
0.338497 0.631257
0.334037 0.636545
0.332727 0.638201
0.326781 0.636235
0.342344 0.626264
0.341251 0.625535
0.342359 0.625644
0.343891 0.620213
0.339965 0.618786
0.338366 0.616218
0.343908 0.619485
0.305761 0.667907
0.308849 0.656008
0.310393 0.650119
0.296739 0.652904
0.295196 0.658805
0.305847 0.642397
0.299836 0.640675
0.320948 0.633827
0.317303 0.632286
0.313491 0.637826
0.308988 0.629991
0.315815 0.629245
0.313468 0.625509
0.310525 0.624371
0.296604 0.628132
0.304476 0.622555
0.312067 0.618501
0.314281 0.612251
0.310271 0.617653
0.313624 0.612024
0.307569 0.610469
0.301515 0.608842
0.306027 0.616325
0.345437 0.614208
0.348722 0.614592
0.347456 0.607850
0.340928 0.606615
0.339384 0.612553
0.333336 0.610687
0.333317 0.610757
0.328556 0.604163
0.334875 0.605018
0.346692 0.601235
0.351635 0.589543
0.348552 0.601237
0.349841 0.588605
0.322218 0.603724
0.315257 0.606080
0.322012 0.604011
0.308674 0.604405
0.303059 0.602924
0.304609 0.596781
0.358455 0.578553
0.353908 0.583814
0.357463 0.577696
0.354537 0.583376
0.363642 0.573455
0.360336 0.572004
0.365429 0.567493
0.363883 0.566715
0.362368 0.566098
0.358340 0.562966
0.346148 0.560198
0.332883 0.561614
0.319584 0.563166
0.184098 0.740931
0.178044 0.739335
0.178029 0.739383
0.184229 0.739845
0.177060 0.742644
0.185640 0.735152
0.187226 0.735235
0.181127 0.727698
0.184157 0.728034
0.189145 0.735144
0.189399 0.728784
0.182900 0.714876
0.183952 0.708725
0.184075 0.715283
0.183934 0.714544
0.170089 0.737297
0.170843 0.741731
0.165948 0.735651
0.173525 0.732190
0.162968 0.728481
0.163306 0.721338
0.158923 0.713279
0.158478 0.714401
0.154476 0.704927
0.148997 0.701134
0.051990 0.829441
0.052532 0.826783
0.056748 0.825253
0.045044 0.830824
0.058649 0.819319
0.058985 0.812987
0.056388 0.805910
0.055791 0.805135
0.051902 0.803597
0.055339 0.810870
0.045596 0.803005
0.032906 0.828397
0.028675 0.819744
0.033221 0.826624
0.033715 0.799809
0.028140 0.810942
0.028260 0.805176
0.028859 0.804704
0.030642 0.811068
0.034949 0.805680
0.052715 0.800921
0.041316 0.795372
0.035256 0.794005
0.017227 0.763388
0.011174 0.761761
0.062869 0.735201
0.064418 0.729083
0.136133 0.701533
0.130349 0.698936
0.125831 0.693945
0.126664 0.693545
0.125478 0.692227
0.108569 0.702392
0.102429 0.706590
0.121117 0.692133
0.114542 0.696884
0.095672 0.708377
0.081828 0.712047
0.095565 0.708255
0.081169 0.714029
0.074037 0.716735
0.067513 0.716936
0.020329 0.750925
0.014276 0.749274
0.023422 0.738862
0.011315 0.735595
0.020461 0.725182
0.028060 0.720853
0.015954 0.717539
0.014408 0.723510
0.061023 0.717708
0.054612 0.717554
0.060732 0.718313
0.055202 0.714719
0.043365 0.711101
0.048094 0.699243
0.050893 0.706244
0.053992 0.693950
0.039612 0.704110
0.041864 0.691486
0.042693 0.685024
0.044960 0.679312
0.287731 0.637335
0.289279 0.631246
0.229254 0.614058
0.228224 0.616043
0.221539 0.618987
0.183661 0.702233
0.181884 0.695364
0.177306 0.691925
0.176867 0.693078
0.164812 0.690407
0.157896 0.692148
0.155094 0.688553
0.157964 0.691325
0.155625 0.688070
0.152786 0.681550
0.154045 0.681246
0.152180 0.674350
0.149983 0.673218
0.150725 0.667559
0.148161 0.654416
0.152835 0.655256
0.132955 0.663478
0.156362 0.661990
0.152631 0.667466
0.156930 0.649285
0.203526 0.623224
0.199622 0.629543
0.203624 0.622628
0.200625 0.625076
0.214965 0.619467
0.208923 0.617553
0.193854 0.626880
0.194903 0.622232
0.192377 0.607020
0.198702 0.607422
0.190608 0.613831
0.191152 0.611711
0.184769 0.611778
0.186321 0.605514
0.189295 0.618679
0.146063 0.627862
0.146757 0.634280
0.153722 0.622775
0.171478 0.612961
0.164240 0.616028
0.160411 0.618055
0.178718 0.610021
0.177094 0.609457
0.180299 0.603723
0.292369 0.619268
0.284770 0.623620
0.287865 0.611514
0.298554 0.595202
0.290958 0.599449
0.294056 0.587153
0.230817 0.607964
0.231914 0.603564
0.308487 0.556125
0.302719 0.553462
0.290119 0.552284
0.283674 0.552261
0.276117 0.556574
0.226596 0.599277
0.220532 0.597769
0.214314 0.596861
0.220497 0.597383
0.214104 0.597157
0.207577 0.598192
0.206266 0.604035
0.193919 0.601175
0.199975 0.602658
0.203647 0.577694
0.194430 0.594605
0.189423 0.593084
0.181821 0.597531
0.183550 0.590524
0.194822 0.588285
0.190980 0.586631
0.194074 0.574490
0.213687 0.548467
0.201661 0.570656
0.197158 0.562781
0.193980 0.561785
0.204755 0.558515
0.206692 0.550593
0.202649 0.551146
0.198754 0.556577
0.048045 0.667610
0.051145 0.655229
0.052230 0.655346
0.053501 0.667934
0.055991 0.655716
0.052693 0.649146
0.053528 0.649257
0.057032 0.643131
0.058071 0.630548
0.058895 0.617912
0.057222 0.611065
0.057184 0.604634
0.056132 0.591527
0.059428 0.585356
0.059279 0.572011
0.057023 0.559048
0.054201 0.551907
0.047085 0.544099
0.008766 0.568293
0.018327 0.562047
0.039530 0.548174
