3.424926 0.778420
3.403794 0.760160
3.473614 0.789786
3.472763 0.790398
3.466915 0.790662
3.460826 0.789246
3.447902 0.789335
3.435516 0.787307
3.430461 0.781949
3.424513 0.779981
3.430329 0.782373
3.424151 0.781307
3.419061 0.776686
3.419464 0.774495
3.408317 0.767580
3.401087 0.765647
3.392243 0.754797
3.386015 0.755509
3.385571 0.755665
3.378323 0.758785
3.374661 0.752610
3.379586 0.753792
3.380749 0.747716
3.375080 0.746154
3.379517 0.734506
3.372130 0.732392
3.372284 0.719765
3.366828 0.718205
3.370689 0.712925
3.366182 0.705309
3.365220 0.692171
3.362175 0.704118
3.302672 0.676080
3.306935 0.677116
3.302681 0.675985
3.296614 0.674549
3.291449 0.673162
3.296626 0.674437
3.290720 0.672332
3.359209 0.677742
3.357033 0.664292
3.359029 0.682695
3.356423 0.644796
3.356057 0.643949
3.354339 0.650591
3.349830 0.642988
3.349260 0.645177
3.349843 0.642849
3.349973 0.636515
3.351385 0.636831
3.358132 0.625701
3.339258 0.633936
3.331741 0.638129
3.331209 0.638359
3.333207 0.632323
3.347321 0.642287
3.331366 0.638212
3.302728 0.663323
3.298829 0.665955
3.298156 0.668566
3.304214 0.670081
3.293608 0.661142
3.292103 0.666979
3.320343 0.648479
3.314908 0.653467
3.308215 0.654465
3.301962 0.656681
3.306848 0.670644
3.305768 0.663926
3.316461 0.647329
3.309898 0.652077
3.308303 0.654000
3.301028 0.656261
3.281264 0.658961
3.275246 0.657267
3.277201 0.649616
3.286052 0.665379
3.286061 0.665282
3.287607 0.659237
3.280408 0.662193
3.274779 0.658980
3.272645 0.655462
3.275495 0.656149
3.281553 0.657674
3.276485 0.637096
3.278588 0.644041
3.319749 0.641881
3.324353 0.641675
3.323031 0.642533
3.325617 0.636691
3.328700 0.624698
3.325505 0.623819
3.324203 0.616962
3.278433 0.631146
3.356444 0.612373
3.359111 0.606631
3.359623 0.593840
3.359878 0.587458
3.357686 0.587033
3.358598 0.583370
3.352666 0.581339
3.351649 0.585269
3.325741 0.610994
3.344703 0.587260
3.338108 0.587824
3.320266 0.607168
3.315184 0.601766
3.316717 0.595860
3.322773 0.597397
3.310467 0.595023
3.318263 0.589813
3.324319 0.591349
3.326101 0.584323
3.319528 0.584804
3.312559 0.588272
3.303077 0.598639
3.163645 0.627817
3.159676 0.629902
3.163356 0.627557
3.156431 0.632238
3.168029 0.622384
3.163513 0.614870
3.170852 0.616574
3.169592 0.616155
3.146114 0.632486
3.146104 0.632404
3.140183 0.630457
3.134283 0.628299
3.133868 0.629798
3.127055 0.631278
3.126335 0.634034
3.121456 0.628007
3.120488 0.629693
3.120419 0.631946
3.128255 0.626648
3.128910 0.624084
3.124895 0.624371
3.129087 0.625255
3.128516 0.625499
3.121880 0.626225
3.129626 0.618944
3.134459 0.613730
3.137922 0.608165
3.124110 0.617438
3.115961 0.628353
3.093035 0.612883
3.093817 0.609868
3.097976 0.610863
3.095376 0.603678
3.096921 0.597628
3.109033 0.600711
3.086214 0.614377
3.080157 0.612843
3.079241 0.616378
3.076869 0.611923
3.090097 0.602403
3.084791 0.594755
3.090857 0.596162
3.091237 0.596246
3.078738 0.593177
3.076956 0.599047
3.086224 0.614264
3.080172 0.612693
3.072222 0.593352
3.270606 0.624808
3.263724 0.620942
3.245330 0.622871
3.252941 0.618227
3.246641 0.617615
3.241377 0.612968
3.236826 0.605531
3.211564 0.603415
3.206023 0.599851
3.199732 0.599229
3.192585 0.601953
3.212106 0.601262
3.179241 0.603688
3.173139 0.602327
3.170215 0.603514
3.171131 0.610164
3.134211 0.603204
3.128545 0.600130
3.121834 0.601152
3.097558 0.595174
3.086339 0.588676
3.080284 0.587134
3.068181 0.583931
3.062101 0.582466
3.062162 0.582228
3.066764 0.564239
3.061418 0.559889
3.050169 0.553416
3.056205 0.555014
2.959809 0.730467
2.958268 0.736470
2.965830 0.731895
2.960543 0.736994
2.952215 0.734896
2.950672 0.740912
2.953752 0.728934
2.936203 0.737383
2.932495 0.736367
2.941469 0.726540
2.941409 0.726676
2.935289 0.724254
2.932974 0.730110
2.935601 0.724145
2.926643 0.741390
2.924896 0.740849
2.918154 0.742050
2.918278 0.741470
2.926062 0.736252
2.927990 0.728724
2.930676 0.722919
2.921941 0.727124
2.911915 0.741132
2.906711 0.736428
2.912234 0.739974
2.902875 0.728874
2.905301 0.716635
2.904275 0.716335
2.909639 0.736894
2.912795 0.737666
2.910605 0.730692
2.903766 0.722562
2.906674 0.723239
2.900718 0.715269
2.872556 0.743696
2.867579 0.745502
2.877642 0.735327
2.874506 0.740822
2.875919 0.734733
2.875071 0.733849
2.871210 0.733531
2.875650 0.731676
2.982957 0.710632
2.977277 0.712522
2.987395 0.705156
2.967425 0.725820
2.962918 0.718209
2.970701 0.713114
2.964488 0.712184
2.971138 0.711300
2.965231 0.709172
2.952202 0.722124
2.947952 0.726413
2.954426 0.716244
2.958389 0.710793
2.955301 0.722848
2.957049 0.715950
2.959405 0.706728
2.956575 0.710184
2.988798 0.692761
2.991718 0.680631
2.993436 0.674624
2.993613 0.674668
2.982550 0.671843
2.974395 0.673405
2.992794 0.687188
2.996573 0.675254
2.992523 0.680668
2.975456 0.669862
2.963157 0.666903
2.968175 0.672502
2.963698 0.667031
2.968662 0.670485
2.967429 0.667813
2.902580 0.709454
2.901042 0.708034
2.895669 0.703814
2.893882 0.710709
2.888991 0.699537
2.887003 0.698868
2.882173 0.691349
2.880096 0.689023
2.879675 0.690592
2.879531 0.691129
2.832245 0.775353
2.830617 0.774905
2.833601 0.770027
2.833815 0.769186
2.825951 0.774720
2.820394 0.771222
2.828642 0.764181
2.813913 0.771338
2.807006 0.773128
2.799285 0.778102
2.793646 0.778363
2.832326 0.774929
2.832169 0.775157
2.825376 0.779871
2.834817 0.769384
2.834164 0.767735
2.817713 0.777915
2.813189 0.774089
2.805644 0.774833
2.793243 0.778116
2.807575 0.770813
2.777319 0.788465
2.770602 0.789508
2.780164 0.788008
2.777609 0.787269
2.770913 0.788158
2.776226 0.792528
2.762056 0.789500
2.777968 0.785791
2.783020 0.788404
2.782448 0.781951
2.765144 0.785491
2.763553 0.783575
2.780698 0.775218
2.786760 0.776679
2.786604 0.777238
2.779984 0.752561
2.758378 0.786855
2.752606 0.784198
2.754932 0.775037
2.759443 0.782612
2.748876 0.773501
2.742826 0.771865
2.759238 0.783273
2.760724 0.777539
2.759986 0.776217
2.754949 0.774841
2.754317 0.777286
2.750642 0.773687
2.743181 0.770372
2.756482 0.768928
2.756488 0.768858
2.760905 0.763554
2.758404 0.761368
2.750421 0.767454
2.744496 0.765813
2.744400 0.765689
2.750439 0.767244
2.745930 0.759638
2.759567 0.756932
2.753518 0.755297
2.747470 0.753656
2.749222 0.746722
2.833757 0.756362
2.844480 0.752775
2.843696 0.755758
2.850858 0.752972
2.837713 0.753928
2.851613 0.749929
2.844374 0.753014
2.838175 0.752028
2.858667 0.747656
2.859702 0.743534
2.853649 0.741967
2.852106 0.747991
2.861251 0.737456
2.862799 0.731393
2.863962 0.738129
2.841542 0.738839
2.849135 0.734419
2.850683 0.728342
2.829278 0.761747
2.824560 0.760462
2.824785 0.753958
2.824063 0.756769
2.825474 0.751244
2.818264 0.754217
2.819425 0.749670
2.814054 0.751182
2.837223 0.730497
2.864336 0.725427
2.867419 0.713440
2.862534 0.707165
2.851618 0.715630
2.869473 0.701002
2.872227 0.694575
2.874778 0.684586
2.870860 0.688461
2.867957 0.700454
2.873622 0.689018
2.873423 0.689789
2.869744 0.694461
2.782395 0.743148
2.780849 0.749194
2.785617 0.743921
2.783997 0.749957
2.782899 0.741146
2.787042 0.724912
2.788587 0.718866
2.777298 0.748246
2.775131 0.746302
2.769472 0.743204
2.776337 0.741628
2.777233 0.738073
2.777895 0.735471
2.770282 0.740069
2.771290 0.736087
2.771838 0.733933
2.758167 0.737014
2.764223 0.738551
2.756627 0.743004
2.755102 0.742729
2.763593 0.740965
2.765240 0.734517
2.762613 0.731598
2.782531 0.717329
2.762265 0.725213
2.762811 0.718795
2.770414 0.714285
2.768870 0.720313
2.791682 0.706737
2.792141 0.693993
2.784077 0.711269
2.778022 0.709717
2.773505 0.702185
2.781102 0.697734
2.765907 0.706657
2.759852 0.705109
2.765419 0.700068
2.768945 0.694857
2.763013 0.693004
2.790263 0.687050
2.784195 0.685621
2.791808 0.681004
2.785743 0.679553
2.786777 0.675449
2.776586 0.690215
2.778134 0.684142
2.776382 0.683683
2.771101 0.688782
2.772089 0.682480
2.769370 0.688179
2.779687 0.678007
2.780897 0.673216
2.774672 0.676634
3.000436 0.672471
3.001465 0.668445
2.998522 0.663026
3.005578 0.664656
3.002541 0.670329
3.002931 0.657705
2.999901 0.650484
2.999698 0.650111
3.003484 0.651223
2.986930 0.647172
2.987514 0.647266
2.987527 0.647114
3.001178 0.644217
3.001185 0.644151
2.995123 0.642669
2.995129 0.642606
2.986319 0.640569
2.991971 0.641834
2.999772 0.624407
3.005830 0.625939
2.977085 0.662875
2.971601 0.659092
2.972247 0.656449
2.976833 0.663732
2.972327 0.656101
2.964710 0.660759
2.964294 0.662333
2.965344 0.658223
2.981477 0.645528
2.948618 0.647940
2.960193 0.640347
2.948991 0.646595
2.955691 0.645560
2.959545 0.646452
2.958638 0.639772
2.954942 0.648436
2.961759 0.646977
2.984421 0.634159
2.972437 0.630562
2.983009 0.639607
2.971343 0.634734
2.976966 0.637936
2.977076 0.612396
2.976810 0.613333
2.963594 0.634768
2.966534 0.628429
2.966382 0.629014
2.964850 0.634884
2.970360 0.613455
2.970328 0.613452
2.963068 0.608659
3.014966 0.615494
3.017365 0.616075
3.014403 0.617676
3.014971 0.615445
3.016304 0.610236
3.008909 0.613956
3.010457 0.607898
3.008187 0.616762
3.008916 0.613887
3.017628 0.603245
3.017692 0.596812
2.999261 0.611452
3.004082 0.607579
3.004481 0.606015
2.988494 0.608703
2.992564 0.602161
2.991141 0.602930
2.998948 0.602427
3.015390 0.588563
3.021161 0.591182
3.010115 0.583959
2.998149 0.580297
2.998488 0.578917
2.984681 0.607847
2.983788 0.611264
2.966515 0.603202
2.962003 0.595628
2.960461 0.601624
2.959761 0.604314
2.963550 0.589566
2.964683 0.585044
2.986263 0.576324
2.979673 0.576867
2.970942 0.578428
2.942656 0.646146
2.941921 0.648903
2.936867 0.640662
2.931149 0.632932
2.922454 0.624131
2.926973 0.631640
2.928222 0.612844
2.921401 0.617367
2.928635 0.599979
2.922486 0.604746
2.955953 0.594019
2.957504 0.587909
2.955344 0.596355
2.954282 0.593519
2.957078 0.587785
2.927726 0.586738
2.921941 0.591709
2.928770 0.574151
2.930316 0.568091
2.921175 0.578579
3.040257 0.541719
3.039585 0.544319
3.049975 0.534125
3.049060 0.532510
3.037119 0.537290
3.041135 0.538221
3.042415 0.533270
3.028604 0.536828
3.036618 0.530710
3.033535 0.542717
3.027478 0.541176
3.004790 0.529078
2.999124 0.525978
2.993414 0.523075
2.994233 0.519832
3.000291 0.521361
3.006349 0.522875
3.007897 0.516812
3.001844 0.515248
2.986629 0.524370
2.949120 0.547062
2.948519 0.547313
2.736140 0.772771
2.739455 0.759795
2.724167 0.769137
2.729760 0.772407
2.739876 0.758080
2.717268 0.770809
2.695789 0.779318
2.688664 0.781989
2.694373 0.759603
2.711106 0.769677
2.697732 0.773217
2.697347 0.773110
2.699244 0.767156
2.698894 0.767052
2.699389 0.765039
2.689742 0.777656
2.691296 0.771521
2.685242 0.769959
2.687361 0.761705
2.685362 0.763612
2.692842 0.765472
2.712044 0.766087
2.705818 0.765209
2.691768 0.758799
2.693926 0.761171
2.692996 0.758967
2.692838 0.746175
2.691286 0.746253
2.635554 0.776879
2.643331 0.772224
2.616093 0.788307
2.622993 0.786507
2.616944 0.784875
2.630225 0.783487
2.624544 0.780392
2.632200 0.775626
2.625656 0.775991
2.618490 0.778814
2.619126 0.776304
2.639764 0.771199
2.626024 0.774472
2.619582 0.774439
2.677621 0.774705
2.679171 0.768594
2.650124 0.767511
2.667133 0.752509
2.672867 0.742690
2.659265 0.756803
2.669034 0.746399
2.734614 0.753492
2.746353 0.746943
2.729293 0.749150
2.730724 0.743466
2.725691 0.737918
2.744498 0.740121
2.747596 0.727938
2.735242 0.725784
2.729770 0.721949
2.743857 0.752606
2.740203 0.756780
2.734467 0.750209
2.731720 0.743057
2.708165 0.730821
2.700559 0.735397
2.720455 0.733162
2.721554 0.728767
2.709402 0.725835
2.690429 0.739113
2.695252 0.730819
2.691863 0.733031
2.702387 0.728044
2.691962 0.726608
2.696530 0.725722
2.699236 0.715218
2.696711 0.721372
2.697609 0.721568
2.705221 0.716959
2.703171 0.722869
2.743090 0.720293
2.746183 0.708194
2.744639 0.714217
2.750697 0.715740
2.740129 0.706633
2.737042 0.718665
2.734864 0.718063
2.730002 0.720948
2.740292 0.713000
2.739038 0.710827
2.738597 0.712535
2.733220 0.708347
2.752822 0.707372
2.747383 0.703408
2.740807 0.703898
2.734833 0.698707
2.726391 0.716054
2.726725 0.708618
2.728014 0.703581
2.721956 0.702067
2.722518 0.699836
2.718779 0.701215
2.713462 0.706305
2.726233 0.715859
2.725267 0.714232
2.727157 0.706832
2.720424 0.707956
2.720428 0.707915
2.705814 0.714630
2.706987 0.710031
2.705416 0.710543
2.713560 0.709555
2.729569 0.697417
2.729961 0.695853
2.723519 0.695822
2.723469 0.695806
2.688451 0.732248
2.674817 0.734959
2.682065 0.731936
2.689632 0.727474
2.610881 0.783416
2.608369 0.776386
2.612431 0.777316
2.613981 0.771212
2.614532 0.768952
2.602387 0.765988
2.590701 0.761318
2.562439 0.771002
2.568496 0.772534
2.570038 0.766529
2.565529 0.758933
2.563983 0.764971
2.565758 0.783126
2.566959 0.778480
2.570922 0.779390
2.559362 0.782933
2.573424 0.767272
2.577976 0.768292
2.576034 0.774246
2.581269 0.762827
2.530743 0.795250
2.536545 0.796567
2.537016 0.796666
2.530476 0.795205
2.523672 0.796441
2.542280 0.785302
2.539681 0.791085
2.539492 0.790851
2.540950 0.784774
2.545582 0.785820
2.529942 0.797075
2.523353 0.797616
2.543941 0.772832
2.554848 0.775376
2.553311 0.781355
2.543917 0.772635
2.548794 0.773816
2.547253 0.779825
2.556382 0.769467
2.550031 0.769010
2.512528 0.789694
2.507300 0.784905
2.494144 0.785890
2.495692 0.779820
2.513238 0.790459
2.508988 0.783062
2.508182 0.781325
2.503230 0.775457
2.504370 0.775295
2.503977 0.772455
2.497152 0.773996
2.498359 0.769194
2.495489 0.773027
2.304577 0.885801
2.307802 0.883948
2.294500 0.885620
2.289155 0.881863
2.294061 0.887239
2.357184 0.842255
2.364556 0.836637
2.374567 0.819851
2.380025 0.795456
2.377029 0.788243
2.371687 0.831836
2.379152 0.814396
2.383414 0.802587
2.377829 0.788264
2.382424 0.795752
2.488778 0.781530
2.475150 0.784373
2.475242 0.787206
2.480189 0.782020
2.466745 0.792026
2.460171 0.792507
2.461688 0.786693
2.470529 0.786139
2.466794 0.791756
2.454726 0.788606
2.454183 0.790696
2.456262 0.782678
2.450219 0.780977
2.450415 0.774742
2.454136 0.790804
2.449687 0.782966
2.451899 0.774796
2.457256 0.763404
2.455458 0.769393
2.457095 0.754044
2.451849 0.749328
2.460886 0.764192
2.459008 0.757262
2.444831 0.747336
2.439354 0.747656
2.372586 0.774215
2.378066 0.781876
2.377612 0.775174
2.380364 0.751398
2.379181 0.749777
2.432896 0.747764
2.420104 0.741022
2.417121 0.733691
2.427261 0.744490
2.409496 0.738468
2.403442 0.736893
2.393757 0.747192
2.397390 0.735298
2.395846 0.741323
2.383230 0.744361
2.393353 0.734047
2.391754 0.740088
2.404988 0.730832
2.411574 0.732396
2.405652 0.728153
2.411511 0.730388
2.398933 0.729296
2.399558 0.726759
2.395968 0.728411
2.399711 0.726074
2.393242 0.726144
2.334332 0.854711
2.341585 0.852703
2.348917 0.849253
2.320101 0.861160
2.307302 0.880048
2.311422 0.880937
2.310502 0.873480
2.311820 0.868367
2.313927 0.868845
2.312595 0.868338
2.286058 0.868130
2.293649 0.863790
2.287608 0.862033
2.282596 0.856466
2.271220 0.850497
2.265809 0.846423
2.259606 0.845457
2.240715 0.843652
2.280515 0.873045
2.273494 0.866739
2.281558 0.860431
2.281573 0.866866
2.280017 0.866434
2.275495 0.858967
2.267898 0.863420
2.266104 0.862916
2.269445 0.857366
2.263401 0.855703
2.266251 0.850056
2.265418 0.847849
2.260566 0.848604
2.264946 0.849660
2.248934 0.845635
2.235317 0.839420
2.367103 0.759921
2.371709 0.767355
2.372819 0.761190
2.373721 0.754973
2.374534 0.755040
2.370473 0.741104
2.364034 0.739502
2.370094 0.741010
2.363509 0.741537
2.359854 0.738536
2.356468 0.743931
2.350498 0.742046
2.363614 0.732903
2.357153 0.741164
2.350940 0.740236
2.373249 0.722464
2.370220 0.715286
2.371490 0.715565
2.370798 0.712997
2.363282 0.726514
2.356139 0.719967
2.358104 0.712231
2.359552 0.706517
2.345860 0.734942
2.341347 0.727386
2.344333 0.721676
2.345501 0.736278
2.337425 0.732665
2.338403 0.726465
2.339331 0.720253
2.350360 0.717336
2.352049 0.710683
2.346621 0.709216
2.353415 0.705290
2.263576 0.759280
2.253964 0.763273
2.259040 0.757796
2.251616 0.762350
2.271528 0.748087
2.277670 0.743204
2.285042 0.738778
2.294950 0.732148
2.284515 0.738503
2.315574 0.727295
2.313165 0.726614
2.309536 0.725560
2.304144 0.730616
2.315453 0.720750
2.312038 0.713430
2.312634 0.713413
2.310509 0.693696
2.306276 0.687897
2.312177 0.706869
2.305158 0.692180
2.299809 0.687867
2.150040 1.039967
2.139057 1.043436
2.131675 1.043238
2.152138 1.033879
2.154452 1.028198
2.153820 1.027859
2.126203 1.039523
2.119817 1.039152
2.114459 1.034992
2.114194 1.035913
2.153023 1.014939
2.149954 1.013976
2.153450 1.008668
2.155524 1.009129
2.155933 1.009053
2.162409 1.004439
2.168994 0.998149
2.165124 1.004951
2.131051 1.045605
2.143511 1.037988
2.121402 1.058120
2.124727 1.045109
2.147071 1.032447
2.160277 1.006941
2.153096 1.009801
2.147500 1.013208
2.072489 1.058853
2.083722 1.048826
2.108408 1.033426
2.101856 1.033705
2.101465 1.033837
2.093905 1.039583
2.075841 1.059718
2.080931 1.047805
2.095760 1.032237
2.076917 1.053230
2.109005 1.030895
2.103019 1.029076
2.170288 0.993212
2.179258 0.983346
2.182444 0.970885
2.177873 0.988862
2.177776 0.988693
2.181333 0.983297
2.186925 0.978130
2.190036 0.959725
2.194064 0.941602
2.193659 0.947754
2.194481 0.935262
2.195782 0.929147
2.196770 0.935651
2.200299 0.917209
2.193649 0.947601
2.198187 0.929411
2.204702 0.905278
1.988012 1.050224
1.984294 1.055679
1.978881 1.060582
1.982573 1.055070
1.981971 1.048506
1.983811 1.041388
1.976554 1.034187
1.973725 1.030372
1.973622 1.030657
1.950978 1.021208
1.948490 1.020747
1.943264 1.023239
1.934517 1.030075
1.976105 1.059735
1.977773 1.047262
1.972508 1.034942
1.967435 1.029554
1.962879 1.022324
1.956947 1.020296
1.962494 1.023716
2.202971 0.898388
2.198647 0.884386
2.193882 0.875473
2.189564 0.867125
2.185284 0.858629
2.186636 0.861972
2.182877 0.854563
2.196787 0.838707
2.189186 0.843202
2.195244 0.844730
2.181311 0.847714
2.180816 0.841307
2.178233 0.835730
2.183282 0.835319
2.181129 0.841219
2.183127 0.841688
2.229109 0.838583
2.212266 0.828760
2.217653 0.832812
2.200442 0.824546
2.205148 0.831261
2.198336 0.832632
2.193812 0.825171
2.192276 0.831123
2.187760 0.823588
2.195831 0.819351
2.195266 0.812759
2.195351 0.819220
2.189303 0.817570
2.186642 0.816831
2.190860 0.811410
2.195563 0.806387
2.194829 0.806023
2.200540 0.794584
2.210697 0.784286
2.200918 0.788413
2.195569 0.793122
2.173902 0.827432
2.170842 0.819419
2.159668 0.784329
2.165025 0.772803
2.178935 0.827761
2.179405 0.821432
2.174381 0.813700
2.169972 0.806125
2.166246 0.798726
2.163660 0.791714
2.159016 0.790431
2.161805 0.778245
2.241909 0.763233
2.230272 0.758285
2.234707 0.766046
2.233310 0.764261
2.242179 0.766389
2.234699 0.766002
2.228792 0.763875
2.229685 0.760378
2.205059 0.776576
2.208153 0.770919
2.208567 0.777288
2.205820 0.770138
2.226430 0.756244
2.227770 0.750139
2.230913 0.750752
2.231372 0.750730
2.233884 0.744015
2.229002 0.737877
2.229125 0.737384
2.234189 0.742744
2.233887 0.732024
2.224606 0.729909
2.202512 0.765943
2.197157 0.761651
2.192655 0.753936
2.185044 0.758570
2.186601 0.752378
2.203219 0.762975
2.203171 0.762878
2.197918 0.755087
2.193532 0.750391
2.171646 0.761599
2.171842 0.761463
2.165831 0.766376
2.177917 0.756566
2.180549 0.750784
2.175770 0.755881
2.176665 0.749660
2.189791 0.746700
2.198836 0.729789
2.188495 0.745064
2.188140 0.746416
2.189689 0.740333
2.183640 0.738699
2.188742 0.743968
2.184461 0.745339
2.188472 0.744947
2.184381 0.745181
2.181913 0.745372
2.186734 0.726584
2.179126 0.731160
2.245694 0.715690
2.252330 0.704634
2.248276 0.710046
2.235277 0.719624
2.232221 0.725238
2.241357 0.714831
2.220097 0.722299
2.226154 0.723832
2.227706 0.717708
2.229246 0.711740
2.223195 0.710120
2.240188 0.719253
2.235369 0.725953
2.256477 0.692797
2.262468 0.681430
2.262704 0.694236
2.263560 0.681557
2.207986 0.719207
2.201932 0.717644
2.203479 0.711586
2.217137 0.708597
2.216042 0.712854
2.205021 0.705591
2.189820 0.714564
1.897649 1.059349
1.903109 1.054256
1.912256 1.043708
1.894677 1.058291
1.897068 1.052552
1.898615 1.046494
1.906215 1.042003
1.900558 1.038832
1.908185 1.034226
1.888652 1.060372
1.878314 1.060860
1.881852 1.061694
1.894383 1.058346
1.887792 1.063563
1.892841 1.051372
1.894141 1.045255
1.924365 1.033931
1.929017 1.028522
1.930557 1.022401
1.918248 1.032196
1.745965 1.063397
1.739024 1.065143
1.734841 1.056381
1.730063 1.055082
1.736373 1.050510
1.731201 1.049092
1.733922 1.062387
1.721778 1.052838
1.727352 1.035348
1.718672 1.043872
1.711929 1.044948
1.700472 1.039291
1.710736 1.024591
1.719764 1.039665
1.707671 1.036392
1.701883 1.033838
1.689508 1.031714
1.697089 1.027408
1.704681 1.023035
1.692570 1.019936
1.664158 1.029939
1.639493 1.025484
1.638913 1.025227
1.633674 1.023011
1.684980 1.024304
1.683447 1.030216
1.671334 1.027139
1.673811 1.017582
1.672869 1.021200
1.686514 1.018404
1.658713 1.023967
1.666811 1.019682
1.668346 1.013778
1.647110 1.020964
1.654700 1.016589
1.642586 1.013533
1.641240 1.018718
1.650179 1.009157
1.656237 1.010652
1.638065 1.006092
1.636886 1.010620
1.628941 1.016352
1.580474 1.004242
1.621600 1.019771
1.610065 1.014496
1.609240 1.017660
1.624163 1.008868
1.616823 1.013328
1.604146 1.012413
1.605226 1.008301
1.603183 1.016116
1.592424 1.007909
1.590399 1.015653
1.578946 1.010072
1.577416 1.015978
1.571561 1.013641
1.539385 1.038710
1.529276 1.027843
1.536408 1.025238
1.542473 1.026663
1.543809 1.014143
1.545571 1.014489
1.530349 1.023743
1.533443 1.011615
1.519513 1.040811
1.512063 1.044719
1.523146 1.034659
1.521217 1.034101
1.513619 1.038550
1.499948 1.041669
1.524297 1.022150
1.522327 1.029794
1.523261 1.026139
1.521379 1.027760
1.521765 1.021412
1.517540 1.023283
1.514301 1.019505
1.516709 1.026478
1.510656 1.024900
1.518863 1.018104
1.547599 1.047057
1.543098 1.049320
1.545148 1.041357
1.550495 1.041347
1.547268 1.034203
1.550802 1.034976
1.537851 1.044638
1.536921 1.048244
1.532119 1.043104
1.533340 1.037058
1.546640 1.027594
1.546586 1.014682
1.545174 1.020639
1.527405 1.034991
1.515588 1.032563
1.522459 1.029101
1.501392 1.035889
1.504145 1.035961
1.501050 1.037159
1.510061 1.027202
1.508854 1.024394
1.510670 1.024762
1.509125 1.030804
1.512860 1.025287
1.523125 1.026564
1.519307 1.020614
1.518827 1.018137
1.518271 1.020263
1.517775 1.022180
1.521460 1.007752
1.515896 1.019613
1.510829 1.018449
1.510239 1.018168
1.507038 1.013710
1.513758 1.012695
1.515311 1.006586
1.518373 1.013795
1.507708 1.011098
1.505233 1.010440
1.492787 1.039804
1.486379 1.044259
1.473460 1.044330
1.468819 1.040132
1.469998 1.033985
1.492474 1.020435
1.493663 1.020684
1.491981 1.022329
1.492481 1.020354
1.487027 1.018990
1.474309 1.028638
1.478733 1.023320
1.473812 1.017702
1.472725 1.015338
1.474320 1.015650
1.472026 1.002264
1.475165 0.996618
1.495006 1.035631
1.490830 1.039139
1.479861 1.044351
1.473694 1.043309
1.468568 1.038121
1.469575 1.040033
1.476647 1.022620
1.471975 1.027875
1.473753 1.021751
1.479203 1.016823
1.475876 1.009490
1.481935 1.011001
1.484276 1.011539
1.478404 1.016489
1.477418 1.003477
1.479580 1.004022
1.478171 0.997214
1.481423 1.004360
1.478452 0.999352
1.467373 1.033149
1.469379 1.027083
1.467578 1.033072
1.476588 0.996676
1.554634 1.004336
1.556253 0.998046
1.548648 1.002585
1.548499 1.008893
1.545956 1.001797
1.541052 1.007011
1.549234 0.996186
1.534508 1.007365
1.529757 1.004108
1.524435 0.996279
1.513525 0.988499
1.540356 0.984475
1.534499 0.979529
1.566835 1.006972
1.554158 1.006086
1.560139 1.007851
1.547604 1.008494
1.547125 1.008353
1.548333 1.003564
1.541841 1.003798
1.541076 1.006751
1.540647 1.008399
1.544848 1.001341
1.542251 0.994229
1.543175 0.998500
1.535009 1.005312
1.528882 1.004024
1.534816 1.005972
1.516852 1.000575
1.510802 0.998980
1.518387 0.994631
1.534131 0.983476
1.528454 0.980369
1.523481 0.974663
1.521706 0.975950
1.518773 0.967841
1.516575 0.968189
1.501236 0.986102
1.492326 0.975210
1.473924 0.983406
1.485464 0.972092
1.479103 0.971745
1.478953 0.971795
1.473654 0.976890
1.498630 0.945804
1.493050 0.942398
1.460796 0.954264
1.472939 0.938023
1.467610 0.943110
1.505988 0.992562
1.506448 0.990838
1.497716 0.982858
1.499633 0.989661
1.494060 0.975476
1.495732 0.982200
1.485525 0.971739
1.491212 0.974686
1.485168 0.973050
1.474357 0.990205
1.474365 0.989659
1.472721 0.982789
1.475483 0.977181
1.471371 0.976565
1.479409 0.970427
1.477936 0.971358
1.473047 0.970039
1.480016 0.967971
1.467481 0.966538
1.461909 0.963099
1.513476 0.963321
1.513369 0.963664
1.508529 0.957435
1.508847 0.956113
1.503976 0.952213
1.492322 0.945046
1.474599 0.963929
1.472706 0.963437
1.462483 0.960874
1.465981 0.961720
1.462722 0.954577
1.487549 0.938559
1.471838 0.944007
1.480477 0.939764
1.690395 0.851635
1.684338 0.850094
1.685889 0.843985
2.294056 0.683047
2.285244 0.674349
2.273445 0.664951
2.261349 0.668248
2.267394 0.663334
2.277900 0.672623
2.272419 0.668828
2.264314 0.675307
2.264517 0.675351
2.265502 0.669153
1.408666 1.063659
1.402653 1.068375
1.399570 1.067427
1.396772 1.066616
1.402409 1.061703
1.408363 1.056937
1.406954 1.052054
1.418700 1.046680
1.413862 1.050366
1.411398 1.051264
1.421001 1.047566
1.421113 1.047120
1.413648 1.051101
1.417323 1.039880
1.419474 1.040265
1.416520 1.039788
1.416490 1.039376
1.412472 1.030455
1.412695 1.031957
1.338590 1.067397
1.338336 1.068254
1.335894 1.064226
1.333835 1.057450
1.332198 1.050387
1.332522 1.043858
1.335901 1.038436
1.334019 1.037792
1.346776 1.015421
1.339493 1.026292
1.346067 1.015073
1.408508 1.024734
1.402210 1.020226
1.406083 1.023819
1.400565 1.015961
1.401592 1.009903
1.408937 0.999053
1.407940 0.997616
1.439671 0.974455
1.431520 0.981058
1.412626 0.993546
1.424642 0.983719
1.430088 0.978662
1.424070 0.984973
1.418875 0.988389
1.412249 0.993146
1.347053 1.008884
1.346614 1.008763
1.341340 1.005997
1.341492 1.005289
1.335453 1.003678
1.341760 1.004170
1.335891 1.001897
1.328422 1.006059
1.322806 1.002687
1.316739 1.001264
1.311482 0.996438
1.306001 0.992713
1.295424 0.983729
1.299809 0.991632
1.259532 0.986699
1.255652 0.987912
1.264980 0.981642
1.278286 0.975065
1.268007 0.975967
1.283508 0.979773
1.270823 0.978915
1.270557 0.979880
1.256187 0.985756
1.263792 0.981211
1.264014 0.980317
1.257743 0.979595
1.264896 0.976793
1.249495 0.986762
1.244892 0.982961
1.244224 0.982147
1.241896 0.975749
1.249354 0.964758
1.248440 0.965640
1.250256 0.958514
1.245628 0.976550
1.250886 0.981204
1.247170 0.970533
1.250380 0.964845
1.248990 0.963373
1.253236 0.971974
1.254123 0.968458
1.249111 0.964387
1.243822 0.956722
1.238068 0.955117
1.245420 0.952213
1.440002 0.968298
1.444640 0.969306
1.454241 0.959039
1.454397 0.965212
1.234277 0.945211
1.227604 0.946014
1.217607 0.934634
1.230442 0.935091
1.219833 0.926120
1.215596 0.917457
1.214136 0.923050
1.204284 0.911111
1.206141 0.902146
1.199089 0.900160
1.203093 0.915694
1.196033 0.892868
1.191881 0.891728
1.194280 0.879588
1.193886 0.873039
1.190641 0.878512
1.165551 0.860635
1.190994 0.862264
1.185580 0.858183
1.191380 0.860619
1.178294 0.861477
1.172366 0.859427
1.181819 0.857061
1.172516 0.858705
1.186932 0.864666
1.183962 0.857459
1.179134 0.857963
1.172618 0.858218
1.187132 0.852043
1.189330 0.852530
1.184696 0.851347
1.190226 0.846311
1.181775 0.847714
1.188693 0.845834
1.187148 0.851873
1.184052 0.844582
1.182479 0.844866
1.177140 0.840516
1.160485 0.855306
1.160161 0.856484
1.154941 0.851661
1.187987 0.839138
1.195157 0.834674
1.194928 0.828166
1.192205 0.827317
1.196413 0.815686
1.172064 0.835131
1.171988 0.835053
1.190162 0.813896
1.166302 0.832530
1.163036 0.820166
1.162240 0.823184
1.158802 0.818944
1.163055 0.819918
1.165474 0.826941
1.164506 0.820244
1.165863 0.814142
1.164782 0.813133
1.158082 0.818603
1.182687 0.793642
1.189637 0.800864
1.171886 0.785425
1.170531 0.783088
1.150375 0.844376
1.144570 0.841851
1.143221 0.847022
1.131106 0.843955
1.132645 0.837980
1.126603 0.836312
1.140142 0.827075
1.137726 0.832906
1.135737 0.825878
1.129687 0.824274
1.132655 0.831458
1.129522 0.824906
1.115901 0.852981
1.108901 0.855132
1.118992 0.840886
1.120002 0.847575
1.111384 0.845463
1.097734 0.848346
1.105324 0.843961
1.106872 0.837888
1.099271 0.842392
1.096300 0.841523
1.120545 0.834779
1.123619 0.822762
1.108782 0.830337
1.102375 0.830172
1.150702 0.817844
1.149400 0.822851
1.150323 0.823072
1.158925 0.812370
1.156887 0.818789
1.143796 0.819627
1.140564 0.820735
1.143338 0.821379
1.142731 0.823699
1.140399 0.820537
1.137283 0.819828
1.132771 0.812257
1.138827 0.813793
1.139721 0.813915
1.134321 0.806156
1.140152 0.808545
1.140113 0.807566
1.125172 0.816730
1.118498 0.817556
1.117606 0.814718
1.126719 0.810665
1.120674 0.809020
1.125330 0.803792
1.129904 0.773004
1.115866 0.777457
1.114740 0.781788
1.120806 0.783238
1.122608 0.776207
1.096845 0.835214
1.104057 0.798297
1.084338 0.799754
1.109369 0.780530
1.103772 0.785550
1.101079 0.784787
1.105601 0.792261
1.107412 0.785194
1.101451 0.783277
1.101090 0.784673
1.089309 0.780305
1.095035 0.783120
1.077212 0.777257
1.072200 0.771524
1.062425 0.762098
1.061927 0.761339
1.061449 0.761683
1.061791 0.761769
1.167162 0.778664
1.161911 0.773969
1.162124 0.773027
1.156243 0.770797
1.143669 0.769623
1.137151 0.769784
1.032906 0.774014
1.044518 0.776707
1.031365 0.780003
1.037829 0.781448
1.044231 0.770349
1.044816 0.764050
1.048133 0.764731
1.055336 0.761785
1.049667 0.758808
1.024313 0.782327
1.018316 0.780450
1.012322 0.778762
1.006386 0.776749
1.005762 0.779088
0.994234 0.773817
0.987952 0.773156
0.994102 0.774232
0.988276 0.771786
0.973774 0.778155
0.976087 0.772131
0.967717 0.776642
0.962815 0.770551
0.968951 0.771681
0.957403 0.766383
0.947425 0.758364
0.935771 0.750163
0.925092 0.741465
0.920320 0.738712
0.913310 0.737080
0.906754 0.737495
0.903478 0.734413
0.903714 0.728025
0.901728 0.727349
0.902800 0.727602
0.899645 0.720368
0.677935 0.825295
0.670974 0.852431
0.676450 0.850402
0.682693 0.839242
0.678678 0.847521
0.681109 0.845143
0.682748 0.831590
0.678969 0.821128
0.680152 0.816503
0.694748 0.809864
0.706603 0.800209
0.683441 0.813640
0.710738 0.788368
0.664699 0.851867
0.650454 0.857127
0.663596 0.855978
0.657087 0.856289
0.649850 0.859363
0.643791 0.857957
0.643211 0.860105
0.637022 0.859079
0.624994 0.855660
0.617738 0.858940
0.613723 0.849279
0.606586 0.852092
0.608110 0.846016
0.597793 0.835884
0.603322 0.839410
0.672151 0.772060
0.666092 0.770570
0.744939 0.764989
0.738770 0.763286
0.748791 0.752949
0.741995 0.751098
0.731286 0.767884
0.734394 0.755589
0.736626 0.749681
0.728334 0.754089
0.745777 0.745731
0.731441 0.741856
0.739316 0.737470
0.807438 0.697018
0.805893 0.703058
0.774429 0.720808
0.768535 0.723035
0.769549 0.718955
0.762766 0.720260
0.756373 0.720140
0.750309 0.718625
0.756925 0.717872
0.742127 0.725301
0.751160 0.714697
0.744526 0.719453
0.780219 0.709391
0.775396 0.707988
0.781284 0.690322
0.781672 0.696843
0.776948 0.695487
0.777172 0.689138
0.777180 0.689059
0.705706 0.774032
0.692290 0.768988
0.698645 0.769263
0.686374 0.766793
0.721355 0.745944
0.725011 0.741801
0.719461 0.738380
0.719511 0.738079
0.715186 0.731474
0.711521 0.724090
0.679753 0.767462
0.673710 0.765864
0.673766 0.765646
0.669419 0.757510
0.673584 0.759380
0.666218 0.744848
0.672291 0.746179
0.667910 0.732299
0.673843 0.740073
0.664804 0.725122
0.671887 0.720252
0.666141 0.712504
0.670270 0.713390
0.706249 0.714343
0.701318 0.708287
0.695711 0.705093
0.690383 0.700695
0.690724 0.699233
0.679686 0.692073
0.680739 0.687838
0.662983 0.698803
0.669004 0.700168
0.676417 0.689338
0.660425 0.691749
0.664269 0.686237
0.672563 0.694549
0.668049 0.686990
0.677736 0.683228
0.675349 0.683684
0.676845 0.676553
0.671130 0.675006
0.669587 0.681018
0.663524 0.679547
0.665073 0.673465
0.676967 0.663691
0.675312 0.658696
0.674223 0.662896
0.666617 0.667434
0.669559 0.655964
0.668171 0.661301
0.662081 0.659988
0.662039 0.659879
0.900329 0.712145
0.897660 0.707138
0.892407 0.699349
0.892422 0.699176
0.887845 0.685215
0.886316 0.691085
0.883566 0.676764
0.878146 0.672610
0.872670 0.668794
0.861806 0.660945
0.851028 0.652510
0.845219 0.649995
0.839722 0.647028
0.832892 0.647747
0.827340 0.650315
0.801525 0.669568
0.809134 0.664976
0.784345 0.678209
0.778723 0.683038
0.784786 0.684520
0.784728 0.678127
0.793923 0.674060
0.791289 0.667087
0.784565 0.671818
0.787862 0.672584
0.816726 0.660577
0.818266 0.654607
0.591199 0.836573
0.591761 0.834242
0.580108 0.829488
0.574882 0.824565
0.579814 0.830426
0.574228 0.824300
0.564528 0.814590
0.570502 0.816373
0.560904 0.803444
0.537109 0.795788
0.538655 0.789727
0.543949 0.794146
0.542008 0.790425
0.556221 0.796518
0.547754 0.785444
0.548866 0.785577
0.547542 0.778942
0.548325 0.772540
0.524508 0.766458
0.547636 0.766069
0.545529 0.762711
0.547651 0.765918
0.546219 0.759911
0.540074 0.758810
0.540457 0.757215
0.533261 0.760226
0.530785 0.761767
0.533104 0.760746
0.510313 0.774305
0.518124 0.768983
0.500950 0.779791
0.495714 0.780956
0.489995 0.783593
0.479593 0.787385
0.474244 0.789244
0.481536 0.785862
0.460448 0.792743
0.447100 0.794501
0.447953 0.791069
0.441778 0.789991
0.435880 0.787912
0.431989 0.777898
0.435150 0.782337
0.340217 0.783892
0.342881 0.771825
0.340705 0.777717
0.341665 0.777937
0.346717 0.779103
0.334713 0.779917
0.333486 0.782174
0.328677 0.778294
0.317307 0.772294
0.317384 0.771907
0.316810 0.771616
0.312933 0.764155
0.298019 0.771957
0.291105 0.773771
0.306881 0.762559
0.305344 0.768534
0.293223 0.765530
0.255206 0.788143
0.255113 0.788498
0.262808 0.783638
0.263812 0.783877
0.264201 0.778173
0.258290 0.776146
0.256745 0.782187
0.261842 0.787324
0.254477 0.790900
0.268425 0.778460
0.277990 0.774607
0.281108 0.762474
0.273510 0.766940
0.271730 0.773862
0.260233 0.768455
0.265910 0.771422
0.261399 0.763840
0.268993 0.759427
0.427114 0.771638
0.421904 0.766778
0.410248 0.763233
0.403883 0.761660
0.397404 0.761771
0.392312 0.758653
0.398688 0.740936
0.410739 0.759981
0.404328 0.759822
0.391788 0.758476
0.397816 0.760066
0.396702 0.746722
0.400952 0.747762
0.401002 0.741371
0.362937 0.770351
0.363619 0.770520
0.364487 0.764266
0.350816 0.754505
0.356885 0.768773
0.353923 0.755106
0.391282 0.751942
0.393262 0.745999
0.390991 0.758162
0.392077 0.751990
0.353458 0.742284
0.370302 0.733689
0.364288 0.732154
0.360092 0.731043
0.358549 0.737065
0.357714 0.743215
0.365100 0.736620
0.399523 0.728173
0.403934 0.729221
0.377097 0.728817
0.375361 0.721802
0.376853 0.715866
0.377805 0.722548
0.371209 0.714577
0.396951 0.713043
0.397059 0.714566
0.397137 0.708138
0.386008 0.705244
0.397827 0.695583
0.395589 0.701459
0.395148 0.694762
0.395713 0.701325
0.387733 0.698520
0.373881 0.702311
0.367815 0.700902
0.366757 0.706993
0.383030 0.691741
0.393612 0.700727
0.344261 0.765728
0.344332 0.765595
0.344771 0.765699
0.345374 0.759565
0.346797 0.757772
0.344691 0.759238
0.346322 0.759614
0.308417 0.756628
0.346427 0.734112
0.352490 0.735560
0.347974 0.728034
0.354367 0.728230
0.296301 0.753611
0.303903 0.749100
0.393933 0.688141
0.390634 0.687212
0.393734 0.681643
0.384884 0.679383
0.399773 0.676762
0.402713 0.665239
0.402868 0.664632
0.393722 0.675165
0.387667 0.673608
0.393549 0.668701
0.416498 0.655218
0.410590 0.659657
0.405971 0.652397
0.420537 0.649802
0.415161 0.648250
0.413580 0.647818
0.407526 0.646252
0.398364 0.656968
0.399914 0.650868
0.401322 0.645435
0.403458 0.645262
0.419045 0.642974
0.415130 0.641723
0.419617 0.636674
0.417384 0.633067
0.419810 0.636539
0.417992 0.630564
0.416678 0.635665
0.404943 0.639374
0.409064 0.640285
0.410932 0.640721
0.411158 0.632187
0.408082 0.633728
0.410608 0.634267
0.412932 0.634784
0.160082 0.847536
0.150519 0.844423
0.148790 0.851129
0.155245 0.851099
0.148473 0.852359
0.144269 0.843627
0.142738 0.849558
0.138209 0.842028
0.138145 0.841934
0.157929 0.840659
0.154970 0.826958
0.147354 0.831618
0.145808 0.837662
0.134677 0.830804
0.139591 0.836694
0.148906 0.825496
0.144387 0.818017
0.160402 0.830908
0.149854 0.821691
0.133419 0.835529
0.139879 0.810404
0.145856 0.812167
0.145262 0.811504
0.145029 0.804995
0.142986 0.798122
0.123128 0.825468
0.128289 0.830434
0.122590 0.827413
0.118819 0.824237
0.117783 0.821056
0.111032 0.822200
0.116776 0.824923
0.124320 0.820844
0.126967 0.813607
0.112571 0.816228
0.114118 0.810164
0.135368 0.802829
0.124454 0.799882
0.136922 0.796687
0.138473 0.790571
0.138548 0.790272
0.132317 0.789414
0.132417 0.789014
0.115673 0.804020
0.123221 0.793119
0.116401 0.791235
0.250687 0.780663
0.249147 0.786635
0.248736 0.788209
0.248277 0.789918
0.243658 0.785179
0.241590 0.784506
0.244715 0.779001
0.244642 0.778980
0.240078 0.777670
0.252235 0.774598
0.245624 0.772785
0.247738 0.766836
0.241697 0.765158
0.191572 0.784626
0.249285 0.760774
0.255345 0.762285
0.250824 0.754810
0.256887 0.756273
0.244034 0.756112
0.258422 0.750370
0.224273 0.754437
0.225015 0.754712
0.234206 0.744090
0.227328 0.748769
0.232668 0.750040
0.211912 0.755598
0.202730 0.748937
0.201681 0.735773
0.219141 0.752458
0.206903 0.749868
0.201817 0.744521
0.201065 0.741911
0.198504 0.734808
0.208368 0.724585
0.200973 0.722599
0.208565 0.718219
0.164259 0.790535
0.158203 0.788988
0.146419 0.786002
0.134227 0.781851
0.127462 0.783081
0.196467 0.714965
0.151226 0.716443
0.158216 0.711780
0.143987 0.718475
0.155606 0.698309
0.160121 0.705844
0.157118 0.711341
0.159200 0.705424
0.157945 0.698654
0.146334 0.721485
0.137325 0.719231
0.103433 0.826679
0.104972 0.820698
0.091322 0.823587
0.100457 0.813176
0.108062 0.808635
0.094601 0.811605
0.095989 0.805365
0.086820 0.815924
0.086318 0.809351
0.088181 0.803378
0.103558 0.800969
0.104537 0.797074
0.094762 0.798609
0.067477 0.740242
0.061106 0.739902
0.066327 0.727007
0.065562 0.722460
0.066561 0.726914
0.132394 0.713352
0.125160 0.709789
0.123412 0.702895
0.125977 0.713126
0.124997 0.703139
0.125332 0.690522
0.125294 0.696927
0.126069 0.690515
0.125961 0.687934
0.120270 0.684958
0.114437 0.682535
0.102184 0.680108
0.088113 0.684683
0.095057 0.682745
0.089012 0.681074
0.080857 0.687839
0.052255 0.742758
0.047039 0.744465
0.046609 0.746061
0.058999 0.737881
0.039948 0.746882
0.034447 0.743256
0.060367 0.717545
0.063313 0.719635
0.011350 0.751659
0.011542 0.751560
0.028963 0.739471
0.022369 0.740031
0.028825 0.739921
0.021608 0.742922
0.050983 0.703841
0.054568 0.704661
0.059956 0.712328
0.052531 0.697769
0.054885 0.698135
0.067347 0.690225
0.058463 0.692760
0.046694 0.670413
0.032818 0.699181
0.030852 0.698606
0.025541 0.702367
0.025616 0.703560
0.023281 0.702963
0.028045 0.697730
0.029868 0.685366
0.026379 0.690856
0.026081 0.684331
0.014659 0.694433
0.019521 0.700578
0.019183 0.701893
0.010541 0.693261
0.009500 0.689403
0.040382 0.675249
0.032968 0.673183
0.040562 0.668761
0.199546 0.703023
0.195036 0.695436
0.188674 0.693766
0.186737 0.699557
0.183191 0.691166
0.192079 0.681705
0.186024 0.680145
0.178436 0.684509
0.174230 0.677016
0.189357 0.674598
0.183056 0.666562
0.175466 0.670918
0.170951 0.663382
0.169422 0.669278
0.184603 0.660498
0.176018 0.658297
0.170130 0.656793
0.174367 0.651428
0.150965 0.691162
0.145445 0.687515
0.145889 0.685677
0.140160 0.682849
0.126900 0.684234
0.134504 0.679717
0.140948 0.675133
0.138513 0.674344
0.142628 0.668946
0.159176 0.647550
0.167984 0.649786
0.161935 0.648163
0.166445 0.655753
0.160394 0.654151
0.145506 0.661920
0.154960 0.652921
0.150904 0.658332
0.153525 0.655781
0.182355 0.647020
0.169533 0.643697
0.171087 0.637556
0.172627 0.631568
0.165029 0.636033
0.167400 0.626831
0.166572 0.630028
0.201747 0.568100
0.109187 0.677837
0.102661 0.678212
0.096609 0.676618
0.096919 0.675361
0.094906 0.676108
0.067770 0.656451
0.061818 0.661337
0.067763 0.656279
0.070973 0.650685
0.068147 0.630758
0.066455 0.643205
0.074394 0.637274
0.070476 0.618278
0.055773 0.659665
0.049119 0.660463
0.065177 0.610659
0.066586 0.617418
0.065362 0.604075
0.061775 0.590262
0.008500 0.583107
0.019010 0.576306
0.060779 0.577111
0.059254 0.570282
0.055911 0.558109
0.050153 0.555051
0.050236 0.555071
0.028644 0.568905
0.043109 0.557723
