0.728610 0.504851
0.733050 0.498644
0.728132 0.503013
0.735452 0.498257
0.733561 0.498766
0.734002 0.500180
0.543530 0.699186
0.542028 0.697326
0.461991 0.738811
0.455632 0.742603
0.459960 0.738286
0.455017 0.740729
0.463099 0.739665
0.339510 0.801491
0.337995 0.799674
0.340364 0.801166
0.337450 0.799736
0.337898 0.797444
0.333718 0.796910
0.340278 0.792004
0.340366 0.788157
0.251728 0.829674
0.256446 0.823452
0.253763 0.826749
0.249730 0.824875
0.258342 0.824671
0.258382 0.824246
0.258071 0.824252
0.257395 0.816266
0.070759 0.804262
0.070778 0.798588
0.063342 0.799072
0.070537 0.795516
0.069652 0.796356
0.070262 0.794282
0.069897 0.794560
0.069264 0.789943
0.066892 0.787522
-0.127362 0.746088
-0.129970 0.747030
-0.126765 0.745487
-0.128327 0.744745
-0.127945 0.738561
-0.264200 0.717014
-0.254802 0.713775
-0.257023 0.714568
-0.255011 0.708687
-0.258491 0.712435
-0.321572 0.710875
-0.321692 0.710276
-0.320534 0.702984
-0.320464 0.702474
-0.318736 0.696676
-0.317127 0.690079
-0.316741 0.687546
-0.315943 0.682846
-0.315718 0.679391
-0.423980 0.539302
-0.421860 0.537901
-0.427899 0.534889
-0.489271 0.441542
-0.489270 0.441158
-0.490261 0.438019
-0.568862 0.335803
-0.633728 0.139446
0.574777 0.693776
0.574538 0.691994
0.582235 0.687353
0.580703 0.685552
0.579183 0.683772
0.573640 0.683739
0.537593 0.698176
0.535915 0.696742
0.534752 0.694066
0.403114 0.775469
0.403756 0.769350
0.413007 0.766112
0.411022 0.766945
0.411166 0.765098
0.411024 0.765155
0.410834 0.765186
0.345355 0.802738
0.347769 0.802339
0.346059 0.802923
0.345091 0.801457
0.344568 0.799113
0.342459 0.799567
0.218582 0.838813
0.217135 0.836815
0.219680 0.836530
0.219225 0.836253
0.217651 0.833446
0.217066 0.833892
0.219288 0.826899
0.219387 0.825585
0.166983 0.802594
0.160173 0.805301
0.165501 0.800692
0.158288 0.803033
0.056399 0.797204
0.049183 0.801082
0.056648 0.797229
0.059101 0.791913
0.059766 0.788781
0.060158 0.784487
0.057404 0.782968
0.062291 0.778685
0.060871 0.777707
0.065672 0.774786
0.065748 0.773828
0.065312 0.774233
0.064067 0.774068
-0.058985 0.799185
-0.059379 0.794546
-0.059978 0.791420
-0.060057 0.790652
-0.134252 0.741851
-0.133839 0.741638
-0.134948 0.741054
-0.129436 0.735421
-0.131774 0.735731
-0.131810 0.735677
-0.131848 0.735684
-0.136557 0.726269
-0.184531 0.729417
-0.186278 0.728200
-0.182658 0.730365
-0.183463 0.730397
-0.184389 0.730727
-0.185422 0.728696
-0.188416 0.726115
-0.181973 0.717414
-0.180921 0.716179
-0.181069 0.715152
-0.316129 0.713117
-0.316412 0.711398
-0.315779 0.706623
-0.315190 0.704215
-0.319846 0.703090
-0.313820 0.697266
-0.311774 0.691332
-0.311674 0.690748
-0.310649 0.684022
-0.391400 0.569866
-0.391491 0.569814
-0.462072 0.463694
-0.464005 0.462936
-0.532795 0.373521
-0.533683 0.373684
-0.606241 0.274286
-0.607004 0.268592
-0.597735 0.247398
-0.602879 0.249231
-0.580968 0.194240
0.733409 0.498302
0.738703 0.495302
0.740851 0.493933
0.740555 0.494159
0.743514 0.488339
0.743120 0.488327
0.742898 0.488557
0.427543 0.761489
0.426014 0.759710
0.420915 0.761936
0.351486 0.808889
0.350090 0.806771
0.348346 0.804739
0.350448 0.802723
0.351279 0.798207
0.223176 0.843740
0.223104 0.842039
0.228365 0.839005
0.226155 0.836650
0.233068 0.828706
0.236607 0.825473
0.234358 0.826961
0.233027 0.827816
0.233714 0.825992
0.233977 0.820844
0.230980 0.823828
0.237883 0.823293
0.079773 0.815434
0.074417 0.812102
0.083961 0.802969
0.081333 0.803937
0.076380 0.804703
0.084350 0.802718
0.001102 0.781464
-0.000010 0.778630
-0.004757 0.779682
-0.070200 0.789883
-0.070200 0.789654
-0.070368 0.789673
-0.070401 0.784762
-0.071521 0.781982
-0.154444 0.723255
-0.156485 0.722765
-0.284844 0.725448
-0.284772 0.725030
-0.284460 0.718859
-0.284729 0.716052
-0.284217 0.712653
-0.283311 0.709176
-0.446823 0.527347
-0.447222 0.527352
-0.447773 0.524121
-0.452511 0.524060
-0.446235 0.507043
-0.445476 0.505589
-0.441916 0.502050
-0.444876 0.499454
-0.495330 0.434822
-0.495168 0.430437
-0.496150 0.431337
-0.596493 0.292871
-0.600653 0.284817
-0.679107 0.130637
0.826586 0.362086
0.829963 0.356797
0.833167 0.350908
0.832427 0.351236
0.837665 0.341510
0.835112 0.344821
0.834519 0.345569
0.714802 0.512552
0.716728 0.513340
0.716122 0.513167
0.716041 0.513658
0.485752 0.726987
0.486441 0.727325
0.486341 0.725514
0.485161 0.725384
0.483375 0.724091
0.488922 0.719063
0.485656 0.720163
0.487038 0.718166
0.486189 0.717931
0.485838 0.718524
0.301855 0.812489
0.310500 0.804958
0.305294 0.807225
0.308755 0.803723
0.304941 0.805437
0.105002 0.825044
0.104876 0.824423
0.104632 0.820359
0.005317 0.813883
0.003678 0.812367
0.001152 0.815412
0.005918 0.813592
0.005798 0.812682
0.004430 0.810484
0.001863 0.810291
0.003850 0.806350
0.011449 0.787987
0.012859 0.778196
0.012656 0.778642
0.012389 0.778579
0.016573 0.774505
0.015470 0.773856
0.013912 0.774416
-0.135761 0.729747
-0.136565 0.726312
-0.139169 0.727167
-0.136585 0.726208
-0.169317 0.723104
-0.166524 0.721746
-0.168112 0.721856
-0.218443 0.750752
-0.218064 0.750582
-0.215135 0.746005
-0.215389 0.737512
-0.214977 0.737195
-0.216194 0.736612
-0.211636 0.733237
-0.216561 0.730192
-0.219737 0.727553
-0.210641 0.725699
-0.210633 0.725611
-0.210698 0.725662
-0.217060 0.722050
-0.209261 0.718760
-0.214551 0.716499
-0.206859 0.713365
-0.204832 0.707406
-0.204158 0.703803
-0.208996 0.705567
-0.204048 0.699568
-0.202191 0.693350
-0.202188 0.693274
-0.202300 0.693296
-0.290042 0.716958
-0.290013 0.714905
-0.290339 0.712089
-0.293749 0.712679
-0.289952 0.705994
-0.294312 0.704528
-0.364149 0.592278
-0.361596 0.589833
-0.427927 0.533307
-0.428673 0.534431
-0.432634 0.531771
-0.427184 0.528810
-0.545844 0.374414
-0.546868 0.375574
-0.547499 0.375805
-0.587559 0.307871
-0.591555 0.301882
-0.568322 0.242920
-0.575658 0.246550
-0.568473 0.242037
-0.559636 0.215588
0.793160 0.418408
0.799199 0.407624
0.802737 0.402395
0.807024 0.392012
0.804978 0.395074
0.808364 0.390275
0.624356 0.634346
0.627246 0.630585
0.626849 0.628783
0.629117 0.624852
0.629503 0.623273
0.633131 0.619766
0.632726 0.617938
0.635865 0.612581
0.638199 0.606982
0.637355 0.605053
0.640619 0.601414
0.638978 0.599227
0.644854 0.593248
0.643493 0.595984
0.642493 0.593529
0.642032 0.593483
0.642119 0.593866
0.549066 0.701203
0.547867 0.698600
0.479267 0.727340
0.474423 0.729373
0.478115 0.724617
0.473472 0.727395
0.234659 0.826607
0.238955 0.823306
0.236725 0.820924
0.236812 0.819285
0.247581 0.813906
0.242714 0.818145
0.243632 0.816091
0.241939 0.816196
0.247631 0.813131
0.246755 0.810341
0.246074 0.810753
0.245067 0.810837
0.092075 0.814420
0.095488 0.814915
0.094868 0.813043
0.094101 0.812790
0.089423 0.810336
-0.000221 0.811878
-0.002961 0.807506
0.000074 0.811143
-0.000391 0.810892
-0.000550 0.811279
-0.002773 0.807287
-0.002789 0.807075
-0.002923 0.807063
-0.002912 0.807169
0.007328 0.787392
0.006916 0.785832
0.006584 0.778012
0.008933 0.779859
0.008668 0.778407
0.008218 0.778764
0.008274 0.779015
-0.045532 0.797265
-0.049053 0.797810
-0.046011 0.792856
-0.225104 0.751546
-0.227455 0.751830
-0.227766 0.751801
-0.220054 0.727352
-0.217953 0.721497
-0.215229 0.715626
-0.215621 0.715990
-0.212561 0.711594
-0.211415 0.706086
-0.216593 0.709574
-0.211180 0.704650
-0.209980 0.697440
-0.209774 0.696373
-0.210544 0.696596
-0.213576 0.696184
-0.332106 0.672759
-0.331101 0.671445
-0.330908 0.669765
-0.331893 0.670236
-0.332149 0.670764
-0.323712 0.646510
-0.323768 0.646298
-0.324646 0.642881
-0.325865 0.643263
-0.457147 0.467244
-0.457805 0.466096
-0.457446 0.467039
-0.519459 0.377512
-0.520874 0.378481
-0.578397 0.322302
-0.578896 0.321702
-0.557995 0.239283
-0.555833 0.233631
-0.632503 0.140141
-0.704848 0.077356
-0.705470 0.076377
0.687968 0.556500
0.683769 0.554345
0.689621 0.549977
0.690321 0.547652
0.688958 0.549607
0.691549 0.543865
0.693221 0.537373
0.689953 0.537284
0.695254 0.531417
0.695286 0.529635
0.693715 0.530444
0.695095 0.526239
0.693696 0.524117
0.701229 0.520372
0.699736 0.521343
0.699480 0.519128
0.699068 0.519129
0.699024 0.519423
0.589200 0.685792
0.589004 0.685107
0.588611 0.681644
0.586703 0.683063
0.588027 0.677518
0.583720 0.680494
0.462700 0.738435
0.462794 0.736779
0.471763 0.730241
0.464620 0.732717
0.469858 0.729397
0.465725 0.731354
0.251182 0.820750
0.248383 0.822148
0.251344 0.820911
0.251260 0.820557
0.251015 0.820640
0.246446 0.817561
0.254549 0.812341
0.252513 0.813644
0.248197 0.813501
0.249495 0.812177
0.090337 0.808520
0.087978 0.808790
0.087337 0.809409
0.082800 0.806657
-0.023069 0.793058
-0.016606 0.788398
-0.017896 0.788317
-0.012908 0.784775
-0.013189 0.784999
-0.013385 0.785088
-0.015770 0.781094
-0.015626 0.780356
-0.016023 0.780721
-0.016465 0.780771
-0.087632 0.758796
-0.088687 0.755800
-0.090482 0.754698
-0.091283 0.753038
-0.270911 0.723265
-0.271031 0.722627
-0.271409 0.722828
-0.271442 0.718041
-0.348289 0.632922
-0.350392 0.633556
-0.351930 0.632804
-0.346268 0.630763
-0.349816 0.628809
-0.347416 0.623238
-0.347854 0.615095
-0.343727 0.610039
-0.345041 0.607969
-0.339531 0.605005
-0.344322 0.601867
-0.339881 0.598605
-0.343476 0.595812
-0.340593 0.590378
-0.386315 0.573023
-0.384243 0.573458
-0.384609 0.573384
-0.391256 0.569970
-0.475133 0.459010
-0.563919 0.344929
-0.564022 0.340911
-0.564160 0.339921
-0.601172 0.283083
-0.606183 0.275156
-0.590894 0.246167
-0.591742 0.246302
-0.575266 0.198145
-0.575669 0.196859
-0.707198 0.040942
0.749375 0.484211
0.753834 0.478394
0.752630 0.477817
0.753221 0.479068
0.446159 0.760357
0.444452 0.758133
0.440900 0.755386
0.453759 0.743529
0.448367 0.746711
0.452219 0.741773
0.446275 0.744387
0.336128 0.794096
0.334825 0.791725
0.335069 0.790967
0.334749 0.786319
0.330717 0.788014
0.222881 0.843921
0.221143 0.842671
0.223010 0.843728
0.221562 0.843252
0.221268 0.841110
0.219105 0.840822
0.225925 0.839131
0.226776 0.834186
0.224788 0.833546
0.223418 0.835327
0.228368 0.830214
0.226313 0.832091
0.226458 0.829367
0.224038 0.829696
0.225457 0.826283
0.228958 0.816627
0.133303 0.817738
0.127700 0.818997
0.131709 0.816146
0.136680 0.814920
0.135307 0.815980
0.134569 0.816482
-0.080642 0.778648
-0.080652 0.778514
-0.080754 0.778532
-0.080552 0.772804
-0.083073 0.774863
-0.082322 0.770049
-0.083354 0.768061
-0.082662 0.763647
-0.235674 0.746265
-0.236945 0.743809
-0.236864 0.742689
-0.237503 0.742773
-0.235894 0.735579
-0.238923 0.736046
-0.235904 0.735124
-0.236156 0.735190
-0.234583 0.728110
-0.237031 0.728613
-0.237610 0.720452
-0.228451 0.710290
-0.224062 0.700366
-0.226919 0.703589
-0.223547 0.699640
-0.223510 0.698985
-0.224150 0.699289
-0.224479 0.695819
-0.225846 0.697105
-0.369868 0.590710
-0.370958 0.591535
-0.373643 0.589622
-0.373541 0.585033
-0.439218 0.524193
-0.438833 0.523737
-0.503911 0.413340
-0.502355 0.415207
-0.502373 0.415097
-0.502743 0.414613
-0.503948 0.412990
-0.599666 0.174072
-0.652382 0.132883
-0.653637 0.132054
0.687431 0.538998
0.685838 0.542069
0.688622 0.537258
0.688701 0.535822
0.687721 0.532679
0.692092 0.527354
0.690534 0.525631
0.685059 0.527806
0.530117 0.695376
0.529391 0.695558
0.528680 0.693369
0.528160 0.693503
0.377532 0.813565
0.391961 0.787004
0.389823 0.786751
0.383139 0.788341
0.393052 0.787794
0.395051 0.781795
0.262908 0.828778
0.261307 0.827166
0.259507 0.828600
0.258554 0.824634
0.199716 0.821569
0.203914 0.816663
0.201003 0.819784
0.198185 0.818497
0.204565 0.816149
0.202048 0.815052
0.179573 0.797244
0.181363 0.798363
0.180277 0.797769
0.180420 0.798809
0.114922 0.825947
0.119309 0.820997
0.115070 0.821483
0.118272 0.817992
0.112784 0.819105
0.006468 0.813387
0.009156 0.811643
0.005470 0.811384
0.021009 0.779276
0.024000 0.777428
0.022677 0.777914
0.018610 0.775833
-0.037308 0.792566
-0.039160 0.794494
-0.038937 0.791038
-0.040583 0.792380
-0.101752 0.751126
-0.107984 0.750928
-0.098507 0.748642
-0.099963 0.749610
-0.160307 0.722055
-0.162019 0.720724
-0.163669 0.721752
-0.167286 0.721574
-0.194690 0.723098
-0.197892 0.724938
-0.194295 0.718675
-0.193085 0.713461
-0.197823 0.716946
-0.192774 0.711946
-0.192242 0.705747
-0.192438 0.703449
-0.309712 0.712930
-0.312733 0.713244
-0.309975 0.707983
-0.309893 0.705392
-0.307635 0.699771
-0.305995 0.693231
-0.305925 0.692249
-0.355302 0.628990
-0.353497 0.626663
-0.355944 0.625262
-0.351073 0.621305
-0.350529 0.617045
-0.354172 0.619490
-0.356518 0.617112
-0.346885 0.600566
-0.344383 0.595311
-0.341560 0.589003
-0.342263 0.589490
-0.399644 0.569023
-0.396411 0.566536
-0.397450 0.567652
-0.507416 0.406221
-0.507587 0.405571
-0.507448 0.399316
-0.510248 0.396776
-0.601357 0.170537
0.670211 0.558242
0.669505 0.556321
0.673906 0.551345
0.677233 0.544940
0.675928 0.545652
0.680677 0.540024
0.680148 0.540311
0.679462 0.540419
0.684825 0.529351
0.442342 0.761840
0.441251 0.758940
0.435099 0.761609
0.440386 0.755513
0.433335 0.759400
0.444089 0.751845
0.441362 0.753069
0.440339 0.755041
0.444180 0.751615
0.444087 0.751718
0.443325 0.748150
0.442264 0.749482
0.272023 0.828686
0.269883 0.826352
0.278190 0.825106
0.278178 0.822321
0.275380 0.823399
0.276250 0.821536
0.275808 0.821499
0.274502 0.821442
0.196364 0.814065
0.199308 0.812325
0.197905 0.812916
0.195605 0.811402
0.198390 0.793346
0.099337 0.823352
0.099143 0.822605
0.098899 0.822910
0.098754 0.819186
0.097549 0.816611
0.095976 0.814014
-0.075051 0.786161
-0.075860 0.782548
-0.077703 0.781562
-0.079902 0.777090
-0.146612 0.719538
-0.150947 0.721905
-0.148839 0.719517
-0.149920 0.720543
-0.217803 0.750426
-0.212886 0.745609
-0.212604 0.744022
-0.210770 0.739947
-0.211039 0.733571
-0.202705 0.727277
-0.205821 0.728847
-0.202143 0.722683
-0.201337 0.718231
-0.205006 0.721079
-0.200859 0.715591
-0.198874 0.709568
-0.197933 0.704107
-0.198229 0.701527
-0.198235 0.699276
-0.202066 0.693367
-0.302586 0.716608
-0.303149 0.712383
-0.303909 0.708689
-0.301725 0.703217
-0.303927 0.707575
-0.301347 0.702434
-0.301282 0.702109
-0.301691 0.702280
-0.300046 0.695387
-0.411294 0.566403
-0.412779 0.567202
-0.408978 0.563923
-0.412661 0.561802
-0.414521 0.559560
-0.413823 0.553454
-0.479947 0.455185
-0.481237 0.452805
-0.484690 0.449106
-0.524951 0.375385
-0.575143 0.330045
-0.575533 0.329033
-0.613352 0.254715
-0.611202 0.249344
-0.615265 0.251793
-0.593091 0.187211
0.808904 0.389952
0.812765 0.384813
0.816580 0.379662
0.819686 0.373471
0.818466 0.373933
0.822427 0.368596
0.523333 0.696476
0.521715 0.694914
0.516089 0.696148
0.373879 0.816372
0.368562 0.817151
0.376068 0.814069
0.376193 0.810577
0.373748 0.798118
0.382758 0.788547
0.377249 0.792865
0.384849 0.788922
0.383191 0.788736
0.383308 0.790079
0.327806 0.793411
0.325444 0.794405
0.325866 0.792669
0.325683 0.792662
0.325681 0.792798
0.209077 0.825240
0.209112 0.825211
0.209191 0.824955
0.208748 0.824652
0.209041 0.825172
0.207899 0.822564
0.207863 0.817063
0.203100 0.819994
0.211800 0.818442
0.210752 0.818658
0.208228 0.814855
0.174424 0.799850
0.168407 0.801485
0.172830 0.798232
0.167843 0.799622
0.030226 0.777718
0.028013 0.777629
0.027362 0.778152
0.025055 0.777783
-0.025052 0.793653
-0.026230 0.791020
-0.023968 0.793583
-0.027739 0.791643
-0.024243 0.786038
-0.029864 0.789327
-0.020755 0.788536
-0.021640 0.788083
-0.022214 0.788728
-0.023483 0.785296
-0.023599 0.784423
-0.024659 0.784593
-0.065484 0.793948
-0.065305 0.790199
-0.065095 0.787369
-0.116628 0.750994
-0.114896 0.749741
-0.111634 0.744111
-0.112361 0.744551
-0.189010 0.728872
-0.188799 0.724223
-0.190054 0.721755
-0.188505 0.717876
-0.189791 0.718652
-0.191161 0.718963
-0.186284 0.714917
-0.186185 0.712074
-0.191553 0.712538
-0.187006 0.708536
-0.296503 0.717253
-0.297185 0.713336
-0.296950 0.711262
-0.295795 0.704265
-0.302793 0.708262
-0.295791 0.704002
-0.298558 0.703234
-0.294097 0.697543
-0.352817 0.595698
-0.350457 0.592972
-0.347115 0.587034
-0.347917 0.587790
-0.350084 0.587519
-0.499781 0.424479
-0.501415 0.421742
-0.502330 0.415167
-0.620634 0.151733
0.715851 0.511909
0.725181 0.508068
0.722850 0.509411
0.723308 0.507145
0.722529 0.507625
0.564666 0.699554
0.559030 0.701629
0.563376 0.697149
0.558261 0.699679
0.562222 0.694450
0.556767 0.697558
0.433522 0.762400
0.432208 0.760095
0.435115 0.763013
0.315345 0.805678
0.314709 0.803767
0.313026 0.801581
0.320054 0.796931
0.318001 0.798460
0.319103 0.793707
0.315567 0.796037
0.136753 0.815432
0.144549 0.811106
0.141454 0.812259
0.142616 0.810314
0.141551 0.810577
0.141063 0.808616
0.140774 0.808677
0.034902 0.803360
0.035269 0.803494
0.035232 0.802534
0.034944 0.803000
0.034299 0.802882
0.041661 0.780843
0.039457 0.780765
0.036871 0.781376
0.043112 0.779253
-0.106790 0.747858
-0.108132 0.745615
-0.110410 0.750187
-0.109190 0.745927
-0.230551 0.749306
-0.232451 0.748445
-0.234948 0.741879
-0.224424 0.718565
-0.227321 0.717269
-0.221709 0.713628
-0.226604 0.711166
-0.219814 0.707466
-0.222585 0.706073
-0.216968 0.702747
-0.215921 0.695875
-0.327082 0.676059
-0.324700 0.674285
-0.327107 0.670643
-0.327098 0.670510
-0.326493 0.666172
-0.327424 0.664194
-0.319047 0.655983
-0.322794 0.660990
-0.324675 0.658716
-0.318945 0.655731
-0.319007 0.655816
-0.323810 0.652672
-0.324071 0.650923
-0.323723 0.646399
-0.322952 0.644942
-0.405700 0.568288
-0.401867 0.564321
-0.403194 0.565814
-0.469729 0.461368
-0.470008 0.461333
-0.514924 0.382049
-0.514275 0.381605
-0.515924 0.380751
-0.592941 0.299850
-0.596022 0.294221
-0.576209 0.246777
-0.576196 0.246230
-0.563878 0.204715
0.694057 0.558864
0.695677 0.552292
0.699311 0.539739
0.709938 0.514461
0.706636 0.517124
0.707902 0.513931
0.706291 0.515316
0.589578 0.685639
0.598173 0.679221
0.595415 0.681101
0.597197 0.676038
0.592379 0.678475
0.590068 0.676108
0.555397 0.701234
0.554168 0.698721
0.418437 0.762787
0.420593 0.763006
0.420148 0.763080
0.419975 0.763344
0.268710 0.830128
0.267274 0.828116
0.269363 0.818605
0.269138 0.817869
0.268501 0.817959
0.126398 0.819137
0.128344 0.819899
0.127040 0.819347
0.126600 0.820380
0.125890 0.817608
0.125400 0.816040
0.125013 0.816301
0.124688 0.816413
0.035236 0.803166
0.041191 0.797909
0.041964 0.797749
0.041069 0.796949
0.044873 0.793115
0.044752 0.788988
0.042077 0.790938
0.050968 0.779064
0.049009 0.778337
0.047588 0.779174
0.044807 0.779146
-0.095838 0.752210
-0.092962 0.750632
-0.094162 0.751533
-0.239393 0.734076
-0.238950 0.728328
-0.238530 0.726295
-0.238085 0.720613
-0.240321 0.721316
-0.237949 0.719242
-0.343596 0.637056
-0.343559 0.637027
-0.343679 0.636973
-0.339788 0.633159
-0.339974 0.633439
-0.376076 0.584762
-0.373520 0.583991
-0.373995 0.584773
-0.377859 0.582023
-0.464023 0.517154
-0.464524 0.512790
-0.463911 0.514317
-0.464291 0.512208
-0.464499 0.512307
-0.464527 0.512424
-0.450411 0.471885
-0.452201 0.470756
-0.552808 0.375964
-0.553545 0.372335
-0.553351 0.371724
-0.554991 0.371855
-0.622447 0.148583
0.762711 0.472061
0.760137 0.474855
0.764220 0.470441
0.660989 0.568054
0.662599 0.566852
0.668599 0.559985
0.665684 0.563173
0.666045 0.560753
0.665395 0.561386
0.501079 0.712216
0.500622 0.710390
0.507265 0.704930
0.503759 0.706727
0.505303 0.704220
0.503615 0.704985
0.364756 0.807433
0.363464 0.805071
0.366435 0.804173
0.364324 0.800996
0.287400 0.820727
0.286155 0.818671
0.293982 0.814529
0.290317 0.815306
0.292401 0.812884
0.289166 0.813270
0.185113 0.799276
0.189810 0.798733
0.187733 0.798299
0.185591 0.798978
0.111660 0.824260
0.106929 0.825326
0.111047 0.820191
0.023342 0.810376
0.031771 0.784116
0.035185 0.781174
0.034274 0.781752
0.029246 0.779055
-0.052658 0.799221
-0.053001 0.795114
-0.053105 0.794725
-0.053532 0.794759
-0.053327 0.789700
-0.264920 0.717607
-0.262495 0.720128
-0.262584 0.717370
-0.264358 0.717292
-0.265462 0.718323
-0.265080 0.716213
-0.358474 0.593962
-0.359446 0.595269
-0.354125 0.588704
-0.356397 0.590837
-0.434317 0.527806
-0.432908 0.525847
-0.511063 0.393865
-0.511959 0.389944
-0.510984 0.383940
-0.583994 0.314824
-0.585581 0.311680
-0.561247 0.241095
-0.567409 0.242739
-0.557287 0.218887
-0.682073 0.116572
-0.682052 0.113766
0.842114 0.333565
0.842364 0.327328
0.845394 0.321941
0.851926 0.309623
0.852504 0.303481
0.854099 0.297660
0.859074 0.284867
0.860080 0.278859
0.862688 0.273345
0.865640 0.259934
0.866502 0.253888
0.871720 0.234857
0.873518 0.229099
0.875948 0.215528
0.877604 0.209723
0.884381 0.191165
0.885020 0.185055
0.891390 0.166369
0.896132 0.147198
0.898341 0.141557
0.908830 0.117816
0.914919 0.092747
0.920256 0.073750
0.927732 0.049097
0.613692 0.653406
0.613358 0.651607
0.615013 0.647512
0.615190 0.645851
0.620012 0.641005
0.624285 0.634416
0.623424 0.635369
0.623343 0.635708
0.509952 0.702296
0.514577 0.696895
0.510206 0.700673
0.517684 0.694746
0.515343 0.696326
0.513180 0.696975
0.284739 0.821778
0.283075 0.820342
0.189653 0.809383
0.193664 0.804950
0.190670 0.808823
0.188369 0.807530
0.193932 0.804732
0.193437 0.804444
0.189245 0.801481
0.198298 0.793372
0.198343 0.793365
0.198334 0.793284
0.198299 0.793296
0.198169 0.793280
0.159248 0.806072
0.154834 0.809989
0.157101 0.805829
0.155893 0.808619
0.046890 0.805120
0.048801 0.801237
0.046454 0.800254
0.051931 0.796956
0.045902 0.793782
0.053595 0.790440
0.054283 0.786628
0.051793 0.789260
0.052940 0.784382
0.049040 0.786740
0.053301 0.780976
0.059226 0.774280
0.054093 0.777363
0.057458 0.773073
0.055090 0.774659
0.053224 0.775387
-0.007788 0.782213
-0.010110 0.784368
-0.004753 0.780249
-0.005794 0.780296
-0.006301 0.780925
-0.007499 0.777725
-0.007565 0.776068
-0.009221 0.776660
-0.122607 0.750070
-0.120255 0.748490
-0.117078 0.741872
-0.118259 0.742484
-0.241482 0.717819
-0.242064 0.713652
-0.242089 0.712375
-0.242449 0.709030
-0.245540 0.703742
-0.324125 0.695778
-0.323467 0.694134
-0.324057 0.695495
-0.324171 0.695494
-0.321182 0.682789
-0.321279 0.681623
-0.321777 0.681900
-0.321433 0.677806
-0.326899 0.670673
-0.318953 0.655854
-0.378751 0.575581
-0.382169 0.579264
-0.378663 0.575526
-0.379411 0.575250
-0.460326 0.523768
-0.460550 0.520467
-0.462625 0.520997
-0.457018 0.509888
-0.454117 0.508253
-0.456310 0.508816
-0.447672 0.480897
-0.445633 0.479843
-0.447704 0.477985
-0.559324 0.370780
-0.560652 0.370133
-0.557590 0.364031
-0.612256 0.160444
-0.706734 0.039111
0.764801 0.469961
0.769372 0.465039
0.769921 0.458910
0.770933 0.457525
0.774202 0.452201
0.776885 0.446703
0.779042 0.440866
0.778986 0.441033
0.782567 0.432668
0.780589 0.434180
0.780449 0.435177
0.601564 0.676658
0.599756 0.674401
0.602966 0.669067
0.602293 0.667194
0.607341 0.664086
0.606089 0.662030
0.611195 0.656903
0.610069 0.658610
0.609313 0.656001
0.608819 0.656543
0.486424 0.726694
0.496123 0.716922
0.496031 0.716992
0.494803 0.714620
0.494376 0.714805
0.366638 0.818609
0.367500 0.816989
0.365289 0.816157
0.370243 0.812107
0.371529 0.806366
0.364369 0.809568
0.368940 0.807264
0.366519 0.808556
0.368749 0.804587
0.371590 0.800620
0.368314 0.802781
0.373267 0.798630
0.372887 0.799535
0.376535 0.793846
0.376221 0.794070
0.376000 0.794175
0.301014 0.812813
0.301540 0.812784
0.300580 0.811329
0.300163 0.809345
0.299265 0.810027
0.150562 0.811926
0.148100 0.812472
0.073951 0.812136
0.075699 0.807764
0.073925 0.811846
0.073730 0.811894
0.074302 0.805649
0.076328 0.806194
0.076174 0.806226
0.074603 0.803849
0.073538 0.803839
0.071695 0.795298
-0.029443 0.788763
-0.033343 0.789949
-0.031121 0.787364
-0.033643 0.788176
-0.140431 0.727329
-0.140681 0.726193
-0.141414 0.722405
-0.179655 0.729321
-0.183473 0.729285
-0.174425 0.720010
-0.177631 0.723351
-0.180976 0.723737
-0.172990 0.721352
-0.180866 0.715778
-0.248194 0.713113
-0.247735 0.710681
-0.253863 0.707527
-0.246331 0.703780
-0.246255 0.702659
-0.247038 0.702722
-0.247292 0.703209
-0.330059 0.640547
-0.417561 0.546582
-0.417321 0.544131
-0.418607 0.541743
-0.485181 0.449900
-0.485045 0.446451
-0.488579 0.441632
-0.486832 0.440476
-0.566177 0.375952
-0.564611 0.369285
-0.564364 0.367517
-0.563010 0.362675
-0.561132 0.356489
-0.560800 0.352991
-0.562436 0.348983
-0.610880 0.259430
-0.605308 0.250465
0.786086 0.430579
0.786226 0.428933
0.791287 0.425851
0.790365 0.423423
0.790127 0.423710
0.790165 0.423813
0.792907 0.418881
0.794542 0.412970
0.794782 0.412367
0.794670 0.412519
0.794652 0.412553
0.646518 0.588890
0.648212 0.583096
0.653113 0.578275
0.652842 0.576520
0.658733 0.568786
0.654793 0.572483
0.656240 0.569410
0.654967 0.570845
0.573043 0.694470
0.568273 0.698113
0.571481 0.692746
0.566254 0.695792
0.563845 0.693395
0.574142 0.686094
0.574379 0.685499
0.573631 0.684568
0.574175 0.685579
0.392717 0.786619
0.392695 0.784933
0.395815 0.781254
0.399876 0.777473
0.395417 0.779444
0.402062 0.776502
0.401555 0.776686
0.404934 0.770434
0.403289 0.769329
0.403666 0.771027
0.358991 0.808801
0.358644 0.806854
0.357806 0.807584
0.357851 0.803231
0.354297 0.804832
0.213972 0.828855
0.213645 0.825204
0.214130 0.822852
0.217426 0.821919
0.216354 0.821077
0.061901 0.799323
0.062487 0.799217
0.063118 0.796276
0.066620 0.796465
0.063793 0.792176
0.061956 0.792335
0.069110 0.786908
0.066975 0.786620
0.066451 0.787155
0.066158 0.780994
0.066074 0.774671
-0.084601 0.761452
-0.083017 0.763107
-0.084453 0.761549
-0.084622 0.761359
-0.278477 0.725384
-0.283624 0.725448
-0.278135 0.719174
-0.278149 0.718945
-0.278587 0.718958
-0.278695 0.714728
-0.335445 0.638149
-0.337221 0.636991
-0.343452 0.637042
-0.339362 0.633679
-0.413329 0.555634
-0.413560 0.554805
-0.413640 0.555214
-0.414197 0.552186
-0.413080 0.546507
-0.416574 0.546314
-0.452809 0.526460
-0.454071 0.523995
-0.447395 0.507300
-0.450486 0.510782
-0.444737 0.495035
-0.443561 0.494174
-0.445040 0.493095
-0.444150 0.487066
-0.447471 0.484368
-0.540120 0.375967
-0.606826 0.164414
