3.374973 0.702990
3.375941 0.707153
3.369836 0.707625
3.369153 0.707535
3.375861 0.717126
3.374416 0.715638
3.378354 0.728250
3.382160 0.731980
3.374811 0.722304
3.380302 0.728354
3.374685 0.725824
3.379910 0.728770
3.368722 0.714101
3.367575 0.727172
3.361738 0.724505
3.348977 0.725685
3.453720 0.745292
3.447018 0.746770
3.441693 0.749825
3.441605 0.755378
3.419650 0.760740
3.435182 0.751549
3.434243 0.751882
3.426568 0.754421
3.427715 0.752055
3.427994 0.759303
3.428419 0.758792
3.413203 0.759060
3.399936 0.761526
3.401090 0.756835
3.407148 0.758444
3.414765 0.761737
3.395029 0.754085
3.401115 0.750442
3.397652 0.755331
3.390510 0.746312
3.388964 0.749894
3.391535 0.746997
3.344918 0.775896
3.322245 0.763021
3.316186 0.760777
3.340917 0.768974
3.334952 0.767983
3.328914 0.767145
3.328716 0.773756
3.328520 0.773308
3.338903 0.782597
3.334387 0.775952
3.326794 0.781620
3.332934 0.782834
3.314655 0.770073
3.383300 0.746150
3.352634 0.746670
3.351721 0.754699
3.384443 0.741830
3.373859 0.729784
3.378375 0.736044
3.377066 0.736625
3.372907 0.734806
3.379931 0.736653
3.366478 0.734777
3.354151 0.732484
3.359520 0.735823
3.360220 0.737998
3.335889 0.756220
3.337438 0.754104
3.331877 0.750361
3.325320 0.749943
3.320039 0.748226
3.326860 0.744616
3.346571 0.742645
3.340515 0.742018
3.341950 0.759027
3.343479 0.758354
3.343416 0.758294
3.341963 0.763910
3.333509 0.760366
3.335908 0.763484
3.331284 0.756938
3.337452 0.759391
3.345138 0.755172
3.344276 0.756728
3.338986 0.751772
3.341980 0.770435
3.341989 0.773395
3.335928 0.770862
3.336422 0.770342
3.335931 0.771747
3.329870 0.769155
3.330605 0.769073
3.329882 0.773675
3.325330 0.753772
3.325611 0.755373
3.323647 0.770111
3.307030 0.687034
3.314732 0.675136
3.308682 0.676258
3.311319 0.687327
3.309754 0.676101
3.308693 0.680577
3.314753 0.683024
3.294692 0.680554
3.300284 0.687657
3.303189 0.677555
3.295685 0.676574
3.284422 0.659296
3.290487 0.663525
3.289994 0.666266
3.290495 0.666423
3.284442 0.666737
3.277404 0.665646
3.278385 0.665776
3.294427 0.671076
3.292897 0.679575
3.290855 0.675222
3.290523 0.677193
3.288195 0.684285
3.286339 0.675356
3.284002 0.675053
3.314763 0.686556
3.305623 0.695157
3.307166 0.690960
3.306397 0.693687
3.300357 0.692858
3.296751 0.690742
3.301125 0.695280
3.308709 0.686175
3.301903 0.689709
3.260203 0.673327
3.253584 0.686473
3.257163 0.683369
3.266285 0.667938
3.261892 0.675511
3.250542 0.694775
3.247116 0.696331
3.246503 0.705005
3.243768 0.702585
3.245193 0.710985
3.238920 0.714431
3.233474 0.715247
3.239804 0.719536
3.235845 0.720890
3.250171 0.708747
3.246520 0.711198
3.252774 0.705723
3.240468 0.711615
3.240478 0.715617
3.234415 0.711713
3.234416 0.712464
3.255634 0.692995
3.259667 0.697936
3.280150 0.746069
3.279934 0.751156
3.278298 0.756376
3.301667 0.775520
3.294961 0.777618
3.305875 0.765427
3.304516 0.758960
3.302547 0.769596
3.297631 0.765224
3.304093 0.766082
3.281489 0.768973
3.285911 0.757846
3.284366 0.761733
3.290438 0.768719
3.305591 0.744967
3.293128 0.739828
3.299896 0.744509
3.287429 0.744182
3.304630 0.753374
3.292854 0.751091
3.286668 0.750563
3.292828 0.756511
3.201566 0.754553
3.215618 0.740195
3.209147 0.746849
3.208415 0.747102
3.215208 0.751733
3.208589 0.752663
3.201524 0.748026
3.204696 0.751581
3.202662 0.751033
3.235925 0.732842
3.235663 0.732948
3.229814 0.735701
3.238947 0.724514
3.241348 0.730308
3.238959 0.728714
3.237412 0.732088
3.231362 0.732846
3.231376 0.738201
3.223757 0.734080
3.217706 0.734990
3.214178 0.738808
3.215318 0.735587
3.217714 0.738402
3.225307 0.732323
3.219253 0.732344
3.216178 0.745404
3.218486 0.750029
3.224629 0.740310
3.219152 0.741429
3.209238 0.743482
3.210121 0.744042
3.219646 0.755525
3.215636 0.756230
3.200909 0.759781
3.201233 0.756465
3.190347 0.783858
3.183933 0.784445
3.183411 0.783583
3.190352 0.785909
3.184306 0.788352
3.178442 0.777135
3.171967 0.777197
3.153009 0.776421
3.166119 0.778824
3.166577 0.785750
3.153570 0.780620
3.154410 0.784288
3.146406 0.779523
3.147964 0.780607
3.132166 0.755550
3.113047 0.786470
3.129936 0.760155
3.124744 0.765209
3.122158 0.766771
3.116103 0.766199
3.117656 0.765360
3.134292 0.776784
3.114583 0.779194
3.130043 0.770672
3.123336 0.771204
3.116485 0.772030
3.122180 0.775142
3.116125 0.774434
3.105504 0.748626
3.102907 0.762737
3.097903 0.751749
3.092086 0.747781
3.095510 0.776813
3.100935 0.784370
3.106996 0.787095
3.102205 0.774874
3.108809 0.779908
3.101338 0.782009
3.115658 0.764023
3.109755 0.767249
3.109846 0.772424
3.131259 0.743732
3.127721 0.740942
3.126749 0.739493
3.120695 0.739186
3.114643 0.739525
3.193828 0.761292
3.187225 0.761619
3.191876 0.774439
3.191560 0.776660
3.193426 0.772277
3.193428 0.773530
3.187977 0.766778
3.184200 0.769669
3.185584 0.775694
3.192728 0.781427
3.185846 0.783030
3.194968 0.768016
3.166845 0.779831
3.179791 0.782203
3.172851 0.786096
3.129489 0.751805
3.133202 0.757625
3.131867 0.756216
3.132357 0.748829
3.130871 0.763614
3.094944 0.745947
3.101003 0.748050
2.934209 0.767119
2.927298 0.776743
2.926592 0.778920
2.920849 0.776753
2.929116 0.767654
2.923990 0.765780
2.922075 0.772140
2.929679 0.770527
2.926730 0.774835
2.928142 0.777056
2.923058 0.772230
2.921523 0.770804
2.929328 0.780505
2.927797 0.781072
2.922099 0.781109
2.916022 0.772185
2.915459 0.774586
2.910342 0.771881
2.911505 0.765584
2.917565 0.767961
2.915577 0.779710
2.912740 0.778343
2.844758 0.768422
2.844399 0.768798
2.838717 0.773148
2.838157 0.773305
2.840213 0.751473
2.848810 0.755361
2.846750 0.754051
2.850581 0.760911
2.847834 0.755671
2.841797 0.750997
2.847840 0.758357
2.846304 0.764981
2.840967 0.763438
2.840260 0.768480
3.075225 0.744771
3.067614 0.743362
3.061552 0.740195
3.055497 0.739834
3.069167 0.742641
3.057036 0.734072
3.059231 0.735293
3.062577 0.742223
3.059539 0.740684
3.049432 0.735536
3.051783 0.741068
3.041828 0.736902
3.043378 0.735282
3.037298 0.725282
3.039809 0.730774
3.034734 0.721413
3.037812 0.729422
3.038866 0.730274
3.033054 0.726541
2.997877 0.729352
2.991819 0.727437
2.967054 0.726009
3.025185 0.723059
3.011518 0.721406
3.019125 0.720929
3.013083 0.724907
3.026730 0.719674
3.027423 0.718973
3.021325 0.719667
3.005474 0.724957
2.998797 0.723426
3.000974 0.724259
2.982628 0.715973
2.975163 0.708881
2.979098 0.706816
2.993356 0.720913
2.994155 0.721093
2.986310 0.727131
3.085800 0.752927
3.079081 0.751919
3.087339 0.747108
3.079383 0.748610
2.956433 0.713801
2.950222 0.713326
2.931200 0.696284
2.925141 0.694189
2.917683 0.694826
2.913047 0.698991
2.958493 0.685110
2.960394 0.688378
2.964537 0.694320
2.964511 0.694240
2.970633 0.697183
2.960050 0.685801
2.966114 0.689428
2.944843 0.689241
2.944028 0.689608
2.944656 0.695446
2.946388 0.685497
2.953995 0.685195
2.966488 0.703206
2.971279 0.697117
2.957008 0.711125
2.950951 0.709548
2.939681 0.687075
2.938798 0.692234
2.940754 0.684883
2.936765 0.690612
2.932739 0.690188
2.933433 0.692037
2.926695 0.693809
2.934277 0.683941
2.934283 0.686195
2.928221 0.683131
2.934296 0.691351
2.927435 0.684050
2.965935 0.726104
2.953928 0.721883
2.959130 0.724958
2.953949 0.729463
2.962217 0.720515
2.957565 0.721382
2.961595 0.727251
2.954536 0.733783
2.948217 0.722780
2.947579 0.723433
2.948523 0.727529
2.952128 0.720672
2.949428 0.721559
2.931556 0.741242
2.925206 0.741047
2.925102 0.741564
2.919041 0.738468
2.907796 0.696911
2.905441 0.699760
2.897848 0.705797
2.890188 0.712146
2.889907 0.711958
2.878135 0.706612
2.886529 0.702800
2.881226 0.699703
2.906985 0.695868
2.867565 0.699901
2.861519 0.702856
2.929921 0.766009
2.840257 0.705697
2.603779 0.684221
2.605328 0.682082
2.618543 0.690635
2.616362 0.689334
2.622493 0.695327
2.617253 0.692867
2.628042 0.702549
2.622886 0.699889
2.610936 0.689624
2.609848 0.689830
2.611402 0.689323
2.826824 0.710390
2.819600 0.716870
2.820573 0.717841
2.812166 0.718907
2.811431 0.725600
2.811634 0.725793
2.815235 0.722887
2.814110 0.720291
2.817666 0.745928
2.828101 0.749571
2.822048 0.749296
2.815168 0.740281
2.809007 0.746802
2.805305 0.747682
2.816051 0.731692
2.815359 0.736930
2.824089 0.734726
2.822210 0.743165
2.823591 0.745378
2.798371 0.726122
2.787294 0.711696
2.786156 0.719389
2.792499 0.724939
2.781678 0.725220
2.785665 0.726511
2.803840 0.731529
2.783128 0.741669
2.788691 0.748830
2.791729 0.730262
2.784159 0.744689
2.834163 0.752435
2.832623 0.757990
2.826404 0.755790
2.831878 0.763486
2.826186 0.761932
2.831469 0.769673
2.825599 0.768488
2.821104 0.753780
2.815668 0.751717
2.815179 0.758080
2.815292 0.763230
2.829650 0.747225
2.835711 0.749794
2.832157 0.773616
2.825774 0.773489
2.832666 0.773895
2.826612 0.773903
2.819239 0.773675
2.813957 0.771314
2.803821 0.756195
2.801252 0.761167
2.807488 0.753287
2.807704 0.758646
2.800482 0.761781
2.802367 0.762379
2.794841 0.771003
2.794738 0.754705
2.794261 0.761321
2.789683 0.752139
2.784614 0.749345
2.789219 0.758450
2.783712 0.756553
2.787006 0.768338
2.787170 0.769706
2.787707 0.766903
2.794744 0.765694
2.794335 0.765589
2.794837 0.770884
2.788722 0.768722
2.773460 0.718991
2.777117 0.740770
2.773899 0.741608
2.772502 0.755440
2.777949 0.744417
2.774286 0.746969
2.778914 0.749551
2.773969 0.752252
2.740476 0.771265
2.764849 0.763134
2.761403 0.770308
2.766057 0.759909
2.767398 0.765420
2.755356 0.772870
2.747326 0.775773
2.734092 0.774755
2.728424 0.780254
2.720544 0.777844
2.715852 0.779611
2.735654 0.777826
2.777493 0.756096
2.656929 0.770788
2.655091 0.770884
2.662856 0.781717
2.662711 0.782848
2.650700 0.779013
2.652883 0.784611
2.656977 0.776034
2.654706 0.776147
2.649206 0.786086
2.656499 0.787737
2.656824 0.789766
2.600294 0.747688
2.592577 0.755374
2.594092 0.752198
2.588542 0.799852
2.588579 0.800219
2.635027 0.797470
2.629433 0.793611
2.628467 0.797705
2.641602 0.787584
2.643085 0.788807
2.637562 0.791290
2.648033 0.794632
2.643020 0.797332
2.635576 0.798144
2.629526 0.799341
2.623460 0.794931
2.595371 0.759507
2.603256 0.756586
2.605265 0.781804
2.606811 0.778529
2.593556 0.773942
2.598959 0.781433
2.600423 0.773082
2.615929 0.791819
2.596138 0.795434
2.590098 0.800428
2.591948 0.787956
2.592876 0.794128
2.591640 0.795487
2.617396 0.790937
2.685947 0.748069
2.688897 0.754552
2.674587 0.756052
2.680496 0.746027
2.673573 0.747008
2.672817 0.752435
2.667627 0.763839
2.668863 0.760612
2.674837 0.758038
2.687678 0.749894
2.681088 0.746727
2.689402 0.756599
2.675037 0.747333
2.673232 0.749148
2.702260 0.771617
2.708461 0.776180
2.709885 0.777814
2.664385 0.772003
2.669861 0.771422
2.665141 0.772525
2.664396 0.776053
2.668567 0.779936
2.630237 0.720224
2.625368 0.733595
2.623126 0.734033
2.627788 0.730534
2.623914 0.735371
2.609411 0.741081
2.617474 0.737876
2.631848 0.711725
2.635957 0.717584
2.633740 0.714771
2.634112 0.708342
2.634116 0.709680
2.632437 0.713766
2.646208 0.766136
2.646104 0.766551
2.640053 0.765749
2.640154 0.765794
2.641936 0.757094
2.635350 0.756842
2.614992 0.746246
2.610298 0.749993
2.601881 0.749872
2.841578 0.706107
2.830916 0.712899
2.232364 0.771385
2.226310 0.771373
2.213877 0.756767
2.214569 0.760701
2.208962 0.760819
2.218706 0.773117
2.211205 0.769810
2.214311 0.766597
2.211836 0.766533
2.208137 0.766826
2.198792 0.822688
2.242178 0.786233
2.236881 0.778076
2.238078 0.778679
2.236890 0.781749
2.236582 0.775105
2.236703 0.780463
2.240122 0.792970
2.234204 0.794736
2.236904 0.786773
2.237646 0.789272
2.224769 0.776346
2.230159 0.805678
2.219987 0.808159
2.234655 0.809881
2.233473 0.817657
2.227139 0.812061
2.220963 0.811515
2.227556 0.816586
2.221367 0.816072
2.237526 0.797949
2.213137 0.775393
2.209631 0.774934
2.212659 0.775462
2.215483 0.772358
2.206671 0.774400
2.207423 0.807491
2.205453 0.816903
2.202136 0.808749
2.200054 0.814743
2.201448 0.811885
2.199067 0.813659
2.195985 0.811906
2.199441 0.845138
2.196735 0.837620
2.191983 0.834145
2.200838 0.841941
2.198122 0.840137
2.191920 0.839644
2.202058 0.856127
2.194261 0.858756
2.198978 0.861065
2.190511 0.863307
2.197884 0.846892
2.202548 0.852848
2.232341 0.824475
2.232346 0.826572
2.195902 0.823921
2.165265 0.881425
2.162624 0.897822
2.160408 0.894137
2.156598 0.919751
2.153416 0.924374
2.153327 0.924628
2.151050 0.927725
2.158006 0.896630
2.156464 0.901363
2.154774 0.902095
2.151908 0.898359
2.154761 0.907421
2.156986 0.916409
2.151607 0.921036
2.149834 0.912119
2.152270 0.929815
2.146852 0.937799
2.126124 0.936390
2.134254 0.940397
2.154241 0.926723
2.100333 0.928440
2.088226 0.928402
2.082168 0.926595
2.074567 0.929352
2.113727 0.932093
2.115302 0.934244
2.101881 0.925585
2.109501 0.929790
2.089768 0.923260
2.085259 0.919684
2.077666 0.925163
2.179253 0.859879
2.181560 0.863727
2.172535 0.864311
2.189398 0.831757
2.167241 0.872314
2.161314 0.876869
2.163500 0.885847
2.176242 0.862883
2.155850 0.890188
2.543094 0.751930
2.577089 0.697243
2.570481 0.701621
2.584082 0.691191
2.597726 0.684564
2.591684 0.688355
2.593222 0.682316
2.578047 0.697961
2.580752 0.691002
2.567639 0.710015
2.569179 0.706860
2.588595 0.757933
2.557542 0.726089
2.556307 0.731248
2.561012 0.718536
2.561255 0.714513
2.559166 0.722929
2.543004 0.746894
2.539530 0.751769
2.550888 0.735878
2.547568 0.738795
2.400675 0.661077
2.394730 0.659864
2.388779 0.658850
2.387319 0.659130
2.395060 0.674173
2.393625 0.672840
2.388705 0.664366
2.387850 0.671478
2.372666 0.674602
2.381564 0.671155
2.451580 0.757072
2.452145 0.759210
2.453696 0.757830
2.446078 0.754452
2.440023 0.753945
2.446824 0.754815
2.440965 0.753614
2.435500 0.744704
2.429445 0.744318
2.437207 0.746465
2.435046 0.747181
2.428976 0.746412
2.430992 0.741570
2.436664 0.743880
2.434460 0.754803
2.434294 0.754079
2.429192 0.751338
2.437573 0.751848
2.436186 0.750227
2.423097 0.745257
2.409493 0.741370
2.416418 0.745737
2.410155 0.745366
2.417327 0.740169
2.424932 0.738847
2.423391 0.743831
2.411267 0.737889
2.423396 0.750027
2.393592 0.712915
2.399931 0.725585
2.403648 0.733633
2.400686 0.727067
2.405205 0.734228
2.394142 0.722497
2.395453 0.756425
2.396066 0.743495
2.402123 0.744688
2.396714 0.746494
2.396081 0.749492
2.401023 0.753777
2.394100 0.747540
2.403168 0.746477
2.407556 0.751277
2.396097 0.693453
2.393107 0.676169
2.387556 0.677452
2.392678 0.687884
2.385537 0.690380
2.385131 0.693123
2.389589 0.684137
2.390539 0.701629
2.390246 0.701198
2.385784 0.706355
2.388991 0.714497
2.365795 0.680727
2.367942 0.684654
2.361650 0.687177
2.572805 0.778880
2.578779 0.784980
2.584031 0.795430
2.585655 0.796532
2.577613 0.790147
2.537408 0.763565
2.540863 0.770923
2.535529 0.767967
2.529480 0.769448
2.540051 0.776606
2.538565 0.786353
2.538126 0.786389
2.515818 0.769754
2.523574 0.766728
2.517361 0.765140
2.508222 0.774349
2.509771 0.771947
2.505687 0.773415
2.502627 0.770033
2.496919 0.768523
2.503424 0.773760
2.497183 0.773347
2.510356 0.765338
2.509935 0.779004
2.509426 0.779249
2.502826 0.780350
2.496229 0.780660
2.475695 0.770888
2.474672 0.779464
2.474959 0.776108
2.470194 0.781185
2.491598 0.767570
2.478392 0.766872
2.478003 0.773149
2.477951 0.773409
2.586462 0.768588
2.583566 0.771598
2.581824 0.762657
2.581524 0.776639
2.588604 0.761445
2.586062 0.781449
2.586106 0.786733
2.582448 0.787424
2.544042 0.764426
2.542897 0.757553
2.537930 0.765590
2.462760 0.782413
2.455150 0.782406
2.450688 0.776288
2.456701 0.780597
2.446771 0.770452
2.437381 0.769212
2.409681 0.787661
2.403626 0.787516
2.435196 0.763607
2.432360 0.777251
2.423333 0.784059
2.433169 0.772478
2.426422 0.776579
2.417283 0.785612
2.412770 0.779912
2.405170 0.783220
2.455170 0.759486
2.452681 0.762528
2.459766 0.764017
2.462311 0.757078
2.458797 0.772781
2.464312 0.781294
2.452155 0.763294
2.453062 0.765964
2.447339 0.767153
2.454357 0.757960
2.451461 0.759002
2.447212 0.759381
2.434706 0.758604
2.436791 0.765776
2.434535 0.764333
2.397918 0.778675
2.395967 0.775834
2.401350 0.785246
2.399241 0.781317
2.399113 0.781921
2.397037 0.761950
2.392521 0.766690
2.400384 0.759028
2.396114 0.761578
2.400650 0.775440
2.302320 0.720426
2.278695 0.705294
2.277871 0.712337
2.287303 0.735503
2.296036 0.719676
2.296138 0.719882
2.289551 0.720176
2.289984 0.720664
2.290806 0.722959
2.296730 0.729391
2.282391 0.726170
2.284844 0.727316
2.276329 0.722868
2.275606 0.727699
2.283674 0.735872
2.282405 0.731514
2.282408 0.732632
2.279380 0.731914
2.275595 0.731418
2.274809 0.735841
2.283921 0.716821
2.284297 0.717727
2.278569 0.716263
2.277875 0.719664
2.283936 0.722596
2.337862 0.702893
2.324297 0.704281
2.326165 0.708607
2.342309 0.691393
2.343291 0.696833
2.352903 0.693138
2.347156 0.693971
2.341922 0.701977
2.338805 0.706345
2.309533 0.713496
2.307629 0.714876
2.318832 0.709304
2.304570 0.721183
2.302688 0.728267
2.297594 0.720946
2.297601 0.723793
2.298067 0.750577
2.291466 0.755009
2.285418 0.757285
2.277814 0.758916
2.273310 0.756639
2.293427 0.741507
2.289840 0.738618
2.292701 0.748349
2.289919 0.752656
2.288472 0.736439
2.288974 0.737429
2.288481 0.739640
2.282430 0.740789
2.287293 0.746223
2.288500 0.746784
2.282087 0.743705
2.286839 0.757894
2.280159 0.758370
2.256890 0.712989
2.271070 0.713073
2.265344 0.711593
2.259681 0.707482
2.263679 0.710498
2.260461 0.708398
2.257859 0.709734
2.271803 0.713008
2.270276 0.723146
2.268381 0.725142
2.271823 0.720552
2.265774 0.722120
2.270665 0.729974
2.250553 0.720518
2.248221 0.731190
2.253654 0.723211
2.254566 0.714645
2.267203 0.742427
2.265699 0.755652
2.265702 0.756672
2.266658 0.752967
2.269016 0.739250
2.270095 0.736044
2.262535 0.744149
2.262199 0.743699
2.234200 0.749381
2.246620 0.739675
2.243010 0.744476
2.237686 0.741879
2.249181 0.736658
2.267352 0.758203
2.234647 0.760825
2.233451 0.761622
2.237419 0.766526
2.232937 0.768035
2.235739 0.757626
2.227214 0.750502
2.227304 0.761013
2.227052 0.766898
2.273218 0.714044
2.060942 0.943149
2.054888 0.942841
2.068516 0.930333
2.062289 0.931854
2.056914 0.930759
2.064026 0.933203
2.062478 0.936375
2.062480 0.936952
2.065118 0.942504
2.063005 0.941127
2.061805 0.933392
2.054525 0.925122
2.056425 0.930663
2.044278 0.921217
2.049744 0.926473
2.057302 0.934245
2.056431 0.938253
2.053974 0.941055
2.036672 0.922320
2.032156 0.915709
2.040325 0.918715
2.033703 0.913115
2.026404 0.915440
2.024562 0.921157
2.018502 0.918727
2.027647 0.911896
2.028171 0.911848
2.025398 0.912610
1.983606 0.932164
2.012454 0.920835
2.006400 0.921034
2.013998 0.917003
2.007943 0.916396
1.997264 0.930844
1.986708 0.929340
2.000353 0.923167
1.971121 0.933800
1.963552 0.931968
1.963912 0.940276
1.959398 0.934676
1.958779 0.938028
1.973041 0.927760
1.979098 0.928832
1.974357 0.927184
1.964436 0.928721
1.961202 0.933647
2.071613 0.925464
1.706219 0.938923
1.698617 0.941381
1.699493 0.936294
1.701718 0.937758
1.694108 0.937521
1.695152 0.936825
1.685628 0.929143
1.690017 0.934170
1.689607 0.936344
1.677476 0.927801
1.675510 0.937454
1.670361 0.934822
1.663475 0.935717
1.657777 0.933467
3.364598 0.664867
3.375828 0.671667
3.373869 0.672007
3.372661 0.679955
3.378318 0.686018
3.376866 0.691341
3.371690 0.693846
3.372818 0.684279
3.372360 0.689036
3.366707 0.688979
3.372214 0.699241
3.371115 0.698485
3.365635 0.696529
3.455834 0.747546
3.455712 0.747580
3.369101 0.704177
3.363274 0.655517
3.363416 0.655701
3.343553 0.653660
3.351158 0.652533
3.351609 0.653499
3.344608 0.654631
3.332723 0.650021
3.339195 0.652538
3.332989 0.649418
3.325378 0.648146
3.319329 0.649694
3.326926 0.645638
3.325174 0.645675
3.356617 0.661792
3.362776 0.667745
3.355709 0.671820
3.361764 0.672677
3.355077 0.675669
3.344401 0.660429
3.349654 0.671457
3.314494 0.665021
3.316291 0.676530
3.311723 0.650781
3.310995 0.659248
3.309774 0.655699
3.301360 0.657968
3.312709 0.652738
3.298075 0.655940
3.298510 0.656649
3.294007 0.656997
3.311047 0.662728
3.310504 0.669203
3.309435 0.669681
3.308108 0.660822
3.298089 0.661380
3.292040 0.662736
3.295081 0.667811
3.285990 0.664123
1.418037 0.931477
1.419792 0.929148
1.411126 0.932432
1.404875 0.932037
1.407665 0.921826
1.413727 0.924651
1.394247 0.931273
1.386411 0.927319
1.384876 0.934550
1.400341 0.928723
1.387958 0.924844
1.394016 0.926015
1.374297 0.924869
1.373172 0.930978
1.368249 0.926765
1.361671 0.928162
1.178906 0.730218
1.181792 0.735916
1.160647 0.718617
1.174731 0.720963
1.174507 0.726264
1.168261 0.720984
1.192116 0.861542
1.190853 0.880596
1.195804 0.872681
1.197423 0.878235
1.192394 0.884305
1.195676 0.921487
1.196874 0.930418
1.198413 0.924505
1.192211 0.889600
1.191730 0.898238
1.191128 0.906866
1.191308 0.903505
1.206021 0.924677
1.211070 0.927657
1.199959 0.921448
1.201134 0.921627
1.199315 0.920579
1.193932 0.917799
1.177063 0.789920
1.176905 0.795590
1.175748 0.798980
1.149988 0.802391
1.172010 0.781705
1.165158 0.784625
1.173993 0.789041
1.172072 0.786926
1.169704 0.788474
1.169695 0.799276
1.174259 0.794394
1.171148 0.793985
1.166487 0.790543
1.171236 0.794042
1.159094 0.781171
1.182559 0.753433
1.179788 0.758376
1.174411 0.775079
1.173470 0.771568
1.176181 0.768572
1.183682 0.746835
1.168297 0.779586
1.174493 0.777038
1.172770 0.786546
1.178113 0.791540
1.173284 0.789830
1.172787 0.792908
1.166716 0.786193
1.166728 0.790629
1.154604 0.784316
1.160667 0.787785
1.174987 0.804895
1.175461 0.809261
1.186328 0.824116
1.186641 0.820710
1.182009 0.814408
1.176571 0.812364
1.186730 0.841498
1.191321 0.832454
1.188995 0.838406
1.185743 0.836035
1.188288 0.847015
1.188902 0.852417
1.185401 0.843265
1.184951 0.843017
1.185764 0.848658
1.179182 0.841649
1.186451 0.829223
1.180338 0.832867
1.173981 0.833751
1.165827 0.816008
1.161445 0.816929
1.162238 0.820872
1.162128 0.820893
1.168368 0.812985
1.170363 0.811886
1.155510 0.805189
1.156047 0.809425
1.156062 0.810063
1.151547 0.803915
1.152999 0.805638
1.156755 0.814817
1.156161 0.814553
1.199265 0.864445
1.190938 0.850644
1.055323 0.788466
1.048802 0.788625
1.042483 0.783026
1.043011 0.787282
1.031429 0.773894
1.031297 0.779520
1.019331 0.766919
1.012181 0.768377
1.011445 0.768554
1.005996 0.766258
1.005524 0.768818
1.000299 0.766298
1.019213 0.772514
1.012328 0.773416
1.013291 0.776815
1.005539 0.774128
1.000093 0.772076
0.957514 0.745960
0.963574 0.748649
1.141754 0.700653
1.107624 0.682852
1.101574 0.684207
1.087916 0.685576
1.089467 0.683835
1.081864 0.686023
1.083413 0.683614
1.069748 0.682652
1.056089 0.684026
1.063700 0.684868
1.135401 0.766773
1.140905 0.770284
1.132055 0.767551
1.128435 0.767850
1.149219 0.708811
1.154986 0.715551
1.156093 0.718640
1.142899 0.708551
1.139664 0.705698
1.143661 0.712339
1.057365 0.733583
1.054073 0.732622
1.051479 0.765725
1.045422 0.764442
1.047693 0.750901
1.053031 0.764830
1.059089 0.766374
1.046968 0.761266
1.048482 0.746011
1.051115 0.749612
1.056075 0.740346
1.056526 0.740660
1.050013 0.737360
1.052594 0.746461
1.048499 0.752415
1.048510 0.756421
1.138223 0.677460
1.135269 0.676338
1.128406 0.677194
1.121964 0.677190
1.114562 0.679162
1.134444 0.683386
1.133883 0.689896
1.128889 0.680829
1.137980 0.702135
1.109484 0.681721
1.103036 0.681730
1.028804 0.697913
1.028962 0.690603
1.049233 0.679252
1.043960 0.675510
1.045510 0.673695
1.046197 0.674003
1.031855 0.676242
1.037911 0.677112
1.039453 0.672336
1.031884 0.673613
1.025799 0.675362
1.026059 0.675637
1.018190 0.675015
1.019225 0.676433
1.022737 0.692979
1.025814 0.680971
1.025883 0.681514
1.024270 0.685101
1.018204 0.680540
1.012001 0.678030
1.010605 0.683703
0.957037 0.701093
0.946047 0.686488
0.950914 0.695090
0.951029 0.700193
1.031125 0.713608
1.036286 0.719617
1.022938 0.715911
1.039438 0.728503
1.036658 0.733693
1.024223 0.729023
1.025481 0.735587
1.028525 0.727293
1.017389 0.736258
1.037828 0.769538
1.031767 0.766876
1.039592 0.760177
1.038631 0.760049
1.040913 0.760373
1.034866 0.763065
1.027255 0.761873
1.026011 0.766434
1.015746 0.760413
1.021194 0.759173
1.029422 0.748731
1.043958 0.736392
1.042433 0.747263
1.042189 0.748980
1.031378 0.739387
1.030320 0.745364
1.030329 0.748410
1.024961 0.739332
1.042604 0.753514
1.011145 0.751099
1.008380 0.752234
1.013960 0.742771
1.017477 0.746815
1.012592 0.747928
1.014877 0.757478
1.015135 0.757110
1.008468 0.756078
1.009080 0.756491
1.007539 0.761614
1.015702 0.753683
1.016683 0.754736
1.002301 0.751480
0.995740 0.751721
0.989676 0.745591
0.989787 0.750713
0.990901 0.749485
1.002459 0.756516
1.001485 0.761506
0.999735 0.763626
0.996317 0.755900
0.996975 0.757068
1.034876 0.704879
0.962233 0.709015
0.956394 0.707765
0.961372 0.716133
0.955720 0.714501
0.944681 0.710730
0.954512 0.723973
0.954230 0.731016
0.953361 0.730053
0.949469 0.727013
0.954498 0.736368
0.953338 0.735454
0.949550 0.718337
0.977233 0.747480
0.984262 0.748833
0.971175 0.745779
0.972406 0.746738
0.965684 0.748498
0.959071 0.746635
1.125733 0.786918
1.119674 0.785117
1.137881 0.802421
1.133877 0.795831
1.147720 0.773293
1.142083 0.771636
1.141594 0.778000
1.135462 0.777364
1.141929 0.782693
1.135493 0.782678
1.132491 0.792278
1.135089 0.797961
1.144706 0.804561
1.127282 0.784786
1.121600 0.773998
1.119864 0.774643
1.122175 0.778175
1.121221 0.781957
1.115160 0.779206
1.114944 0.779312
1.116846 0.776209
1.116715 0.776174
1.133201 0.783684
1.129985 0.786616
1.064234 0.774065
1.065772 0.779588
1.063627 0.780620
1.060006 0.782213
1.058134 0.787282
1.064129 0.770678
1.063982 0.776004
1.056042 0.789718
1.049992 0.791087
1.026322 0.771155
1.027282 0.771944
1.028659 0.778083
1.019994 0.776953
1.019687 0.777026
1.035472 0.784314
1.031808 0.782337
0.997765 0.768714
0.872647 0.701663
0.869714 0.707283
0.857805 0.731827
0.849905 0.732861
0.855965 0.735186
0.843292 0.741825
0.823533 0.731994
0.836936 0.741644
0.824940 0.734458
0.831494 0.739614
0.868583 0.724547
0.866073 0.729527
0.867931 0.715751
0.869753 0.721313
0.864282 0.725935
0.857129 0.734526
0.852968 0.733147
0.801665 0.680414
0.804449 0.681696
0.805999 0.679891
0.798387 0.678478
0.798949 0.678827
0.797073 0.679804
0.799940 0.677860
0.807870 0.686546
0.803820 0.687417
0.797497 0.687168
0.794214 0.684746
0.797346 0.692827
0.796120 0.690331
0.795330 0.681545
0.783342 0.695402
0.777396 0.694093
0.782183 0.672519
0.796831 0.699239
0.797004 0.698886
0.803399 0.705310
0.796330 0.705627
0.797204 0.716568
0.807256 0.711157
0.801430 0.715634
0.798426 0.692786
0.804488 0.696289
0.804490 0.697302
0.789291 0.703529
0.783124 0.700916
0.788790 0.710145
0.784017 0.704455
0.774675 0.704908
0.790846 0.703270
0.778256 0.703073
0.810590 0.732106
0.804411 0.729415
0.805393 0.729534
0.802995 0.727976
0.799683 0.722213
0.796258 0.725154
0.798351 0.726960
0.818626 0.735357
0.817963 0.735544
0.811088 0.736426
0.818017 0.740805
0.818104 0.740842
0.811195 0.741573
0.805737 0.734193
0.805120 0.733593
0.805709 0.739631
0.806747 0.719776
0.728325 0.708923
0.765034 0.687338
0.768094 0.668931
0.774151 0.670042
0.766564 0.678595
0.768103 0.672175
0.774158 0.673025
0.765221 0.670280
0.761443 0.673169
0.760260 0.673534
0.760153 0.679096
0.754442 0.677590
0.747783 0.680066
0.770967 0.694061
0.764212 0.694704
0.764940 0.703936
0.759284 0.691588
0.753848 0.689540
0.743286 0.690128
0.733570 0.697548
0.717813 0.713410
0.928364 0.672398
0.939962 0.680406
0.934078 0.684597
0.917309 0.668633
0.896930 0.665968
0.904539 0.666141
0.939604 0.691837
0.934093 0.689933
0.939769 0.696868
0.933990 0.695523
0.877238 0.674364
0.884829 0.668141
0.871188 0.675960
0.871191 0.677205
0.872271 0.681547
0.871203 0.681759
0.874081 0.694057
0.863941 0.688442
0.869534 0.698563
0.886374 0.664188
0.107185 0.639582
0.094650 0.637296
0.081983 0.636840
0.109442 0.668043
0.109631 0.672999
0.103767 0.666452
0.115500 0.681197
0.110018 0.677567
0.103273 0.678178
0.101153 0.647838
0.101277 0.647912
0.093561 0.641564
0.082692 0.640753
0.088465 0.647491
0.097695 0.660342
0.091461 0.659908
0.092031 0.663082
0.098087 0.663990
0.094339 0.654027
0.090313 0.655169
0.087123 0.655589
0.086251 0.675409
0.087656 0.666884
0.090508 0.674752
0.089919 0.681205
0.096185 0.678654
0.075324 0.686902
0.097778 0.670876
0.096169 0.669962
0.092221 0.663700
0.085756 0.663261
0.085994 0.669345
0.081852 0.730909
0.068906 0.733289
0.115204 0.689868
0.113211 0.691215
0.107159 0.691548
0.108696 0.685260
0.114401 0.687141
0.108587 0.685853
0.095931 0.687317
0.101100 0.689881
0.094034 0.715118
0.098508 0.721042
0.097932 0.721274
0.090402 0.703996
0.087227 0.695364
0.076876 0.686249
0.081392 0.692408
0.080619 0.690655
0.091173 0.709413
0.088681 0.717787
0.091035 0.722196
0.087948 0.723014
0.090947 0.727748
0.090391 0.705955
0.076841 0.734559
0.070602 0.735178
0.084438 0.730313
0.068798 0.637448
0.062045 0.638087
0.056203 0.636844
0.048889 0.638640
0.069264 0.684875
0.057154 0.683633
0.043498 0.686093
0.075971 0.641314
0.075821 0.646993
0.063262 0.642203
0.057919 0.643616
0.055238 0.644177
0.048146 0.645515
0.041260 0.644802
0.048543 0.650048
0.043560 0.647485
0.030534 0.636620
0.011700 0.633338
0.018175 0.635534
-0.001963 0.632792
0.023778 0.684389
0.019263 0.678030
0.024369 0.675979
0.014744 0.670579
-0.002818 0.659774
0.007132 0.669389
0.002546 0.665799
0.002613 0.661854
0.003702 0.662593
0.037158 0.646989
0.038157 0.719563
0.031812 0.719358
0.057120 0.732627
0.051269 0.729805
0.049931 0.735425
0.044564 0.730338
0.037617 0.731367
0.044033 0.736787
0.031365 0.738016
0.027500 0.719874
0.014538 0.732174
0.025124 0.730557
0.019208 0.729480
0.019235 0.729590
0.025293 0.731227
-0.002353 0.739396
0.009688 0.736864
0.004519 0.738518
0.004057 0.743986
0.004064 0.746487
0.007566 0.741935
-0.001993 0.745163
0.069629 0.686447
0.031388 0.684687
0.037079 0.687118
0.695823 0.724217
0.688771 0.725476
0.695967 0.729272
0.698285 0.736388
0.694564 0.737505
0.661224 0.710223
0.661730 0.715602
0.661173 0.739916
0.680258 0.732075
0.675580 0.734330
0.681878 0.737089
0.676268 0.735381
0.658942 0.722110
0.665000 0.723712
0.667585 0.739103
0.669544 0.727289
0.669528 0.734606
0.669075 0.732577
0.656007 0.732259
0.659790 0.738071
0.658158 0.729155
0.663473 0.734094
0.702870 0.721673
0.710456 0.713511
0.704410 0.716364
0.701562 0.719434
0.700612 0.727999
0.702900 0.732748
0.703899 0.725089
0.661425 0.706864
0.666003 0.712798
0.660478 0.715263
0.643795 0.686250
0.647712 0.691041
0.612468 0.672644
0.625245 0.678224
0.631024 0.684947
0.618783 0.683624
0.653682 0.700519
0.655173 0.718131
0.654129 0.723302
0.622844 0.739219
0.617973 0.728224
0.625582 0.728646
0.611911 0.725325
0.615321 0.721568
0.607403 0.721838
0.655934 0.697975
0.700335 0.741990
0.694278 0.743445
0.682417 0.741354
0.661934 0.739839
0.620985 0.753408
0.620969 0.753774
0.626468 0.745759
0.628192 0.752169
0.629624 0.754624
0.622006 0.757004
0.607640 0.754683
0.608042 0.759200
0.601646 0.759101
0.631655 0.735963
0.634689 0.740122
0.631762 0.743082
0.634943 0.748836
0.590672 0.736693
0.560364 0.721494
0.549631 0.723043
0.544437 0.725752
0.541864 0.730721
0.540674 0.731260
0.536171 0.729613
0.528566 0.730579
0.513361 0.735131
0.487594 0.736270
0.488763 0.731291
0.508855 0.732628
0.516451 0.727769
0.490668 0.722937
0.502794 0.729815
0.498269 0.720027
0.492216 0.720254
0.578610 0.691881
0.606395 0.671880
0.598941 0.673964
0.606262 0.677509
0.599486 0.678187
0.593793 0.679005
0.587511 0.684536
0.580156 0.688631
0.592070 0.730580
0.595295 0.721311
0.601352 0.722778
0.558574 0.710206
0.569958 0.699622
0.564219 0.704216
0.561414 0.716969
0.555620 0.715630
0.589658 0.746553
0.587086 0.740600
0.589499 0.757587
0.459412 0.658633
0.456867 0.679916
0.459967 0.673980
0.463910 0.671113
0.468814 0.677088
0.463396 0.680366
0.469458 0.683425
0.462063 0.679569
0.445220 0.674526
0.451278 0.676337
0.451640 0.677421
0.445878 0.676035
0.439163 0.673728
0.439184 0.681272
0.460405 0.663002
0.454351 0.650434
0.441926 0.643550
0.454948 0.654577
0.458156 0.661668
0.404296 0.635984
0.403913 0.641917
0.424003 0.632765
0.431215 0.639673
0.417953 0.633986
0.418202 0.634560
0.410667 0.634107
0.407176 0.638995
0.431564 0.676884
0.419420 0.680711
0.425507 0.676087
0.419456 0.676427
0.418740 0.678808
0.433201 0.675604
0.427056 0.673894
0.402792 0.654907
0.408896 0.661863
0.402496 0.661774
0.413828 0.676604
0.413402 0.676707
0.434642 0.665031
0.434200 0.668203
0.397187 0.648720
0.395420 0.649498
0.383172 0.651033
0.369820 0.651990
0.357072 0.651699
0.352794 0.649280
0.384552 0.687425
0.396734 0.653458
0.396601 0.655284
0.390257 0.660460
0.384472 0.653742
0.377465 0.654884
0.377415 0.660364
0.364885 0.654257
0.320682 0.677835
0.312106 0.666057
0.344914 0.650193
0.333067 0.645333
0.320885 0.649810
0.319421 0.651250
0.316653 0.654591
0.309492 0.651691
0.327345 0.646595
0.322016 0.646606
0.323757 0.675384
0.455348 0.739096
0.436452 0.732851
0.479239 0.692480
0.474189 0.694753
0.468257 0.688353
0.479974 0.697916
0.481632 0.706821
0.482328 0.725931
0.481909 0.732135
0.480113 0.732727
0.463004 0.735793
0.484066 0.715837
0.484598 0.716828
0.488944 0.721806
0.484831 0.712578
0.446692 0.705455
0.440272 0.708937
0.446707 0.711152
0.439108 0.714677
0.451255 0.700869
0.462932 0.686048
0.457037 0.684923
0.461913 0.693572
0.461799 0.693727
0.457035 0.690300
0.445307 0.682570
0.443418 0.682467
0.451393 0.697533
0.449566 0.705980
0.450054 0.711392
0.457626 0.733145
0.451238 0.723155
0.450961 0.724164
0.453564 0.732605
0.450083 0.731318
0.452866 0.720440
0.452871 0.720256
0.458850 0.724242
0.461767 0.726944
0.444949 0.723273
0.444608 0.731418
0.443501 0.731603
0.458136 0.738523
0.455784 0.740589
0.449719 0.736566
0.457338 0.740333
0.444105 0.735722
0.437328 0.736401
0.424270 0.740831
0.420473 0.740326
0.430001 0.735535
0.422263 0.731854
0.423857 0.737383
0.427932 0.702459
0.433044 0.710676
0.422200 0.700996
0.413482 0.699276
0.420935 0.710138
0.419397 0.716408
0.414882 0.710166
0.414077 0.715149
0.413952 0.704683
0.423341 0.687948
0.431604 0.684222
0.418296 0.685078
0.410879 0.684909
0.412378 0.689385
0.421841 0.733771
0.418637 0.728007
0.404294 0.696800
0.405956 0.698295
0.403824 0.699039
0.404828 0.697004
0.396681 0.695018
0.396886 0.695141
0.399669 0.692132
0.398350 0.691694
0.396419 0.697055
0.398245 0.698439
0.389599 0.696428
0.390618 0.691981
0.391815 0.691876
0.390632 0.697073
0.386114 0.690075
0.387485 0.690544
0.385351 0.690267
0.386117 0.690771
0.384573 0.694966
0.474628 0.683190
0.480742 0.689335
0.378857 0.686656
0.377825 0.687304
0.378513 0.692339
0.378644 0.692737
0.372671 0.695328
0.376974 0.698721
0.374346 0.682720
0.381052 0.682191
0.315969 0.717335
0.311306 0.709099
0.310458 0.721554
0.310283 0.722080
0.300574 0.718694
0.298643 0.715052
0.304220 0.718750
0.307747 0.693527
0.308440 0.702319
0.309403 0.699078
0.314085 0.685663
0.313179 0.713600
0.311821 0.715702
0.306342 0.706073
0.306180 0.711779
0.305764 0.714763
0.307283 0.701252
0.298156 0.714701
0.284494 0.714664
0.272378 0.711680
0.279986 0.711033
0.293642 0.709426
0.299700 0.710742
0.322341 0.683632
0.229540 0.643554
0.229712 0.660019
0.225750 0.656113
0.254176 0.695887
0.249664 0.690880
0.243345 0.691808
0.236118 0.688638
0.229936 0.686581
0.226790 0.670278
0.228419 0.675836
0.193696 0.658641
0.195584 0.655521
0.217860 0.636411
0.223919 0.638062
0.211810 0.637523
0.206376 0.642910
0.200107 0.647426
0.189404 0.662647
0.185509 0.666265
0.219410 0.634410
0.224990 0.639691
0.260582 0.702770
0.265527 0.710474
0.267869 0.707642
0.256866 0.698915
0.261745 0.705032
0.174853 0.666046
0.168733 0.670738
0.143924 0.652692
0.145110 0.658112
0.163287 0.663898
0.149846 0.661591
0.175413 0.671155
0.125910 0.644626
0.132902 0.648858
0.132992 0.654114
0.126615 0.648537
0.114023 0.642566
0.101815 0.641177
