3.115029 0.702206
3.182223 0.738959
3.170610 0.731144
3.176308 0.738066
3.191499 0.767723
3.190801 0.771170
3.186260 0.755477
3.180211 0.757315
3.173995 0.758670
3.187791 0.747013
3.181744 0.745431
3.176216 0.743889
3.178014 0.750690
3.174460 0.755966
3.186359 0.765512
3.185726 0.765575
3.178677 0.764720
3.184746 0.770627
3.176965 0.770284
3.172623 0.764848
3.166569 0.764878
3.167272 0.765106
3.167805 0.769893
3.172661 0.764172
3.174184 0.768157
3.174447 0.769561
3.163415 0.726770
3.164484 0.730610
3.158637 0.729611
3.164678 0.735960
3.150735 0.726417
3.152185 0.729626
3.137765 0.730245
3.139314 0.728785
3.127997 0.733950
3.128884 0.731245
3.124122 0.737771
3.122074 0.744568
3.125956 0.736576
3.124112 0.742037
3.127212 0.728300
3.127115 0.728303
3.152907 0.764318
3.158967 0.766790
3.140794 0.762493
3.134741 0.762753
3.159911 0.766659
3.154966 0.769815
3.148451 0.764257
3.148868 0.769243
3.122628 0.760869
3.112904 0.754794
3.114302 0.752145
3.115012 0.757032
3.115504 0.759827
3.116578 0.762542
3.110507 0.755902
3.110029 0.758190
3.110523 0.761826
3.113301 0.749282
3.101381 0.706660
3.102910 0.697763
3.108967 0.698682
3.101861 0.704910
3.096870 0.702891
3.056330 0.705647
3.050723 0.705825
3.049605 0.706131
3.043780 0.703272
3.040489 0.704710
3.045337 0.704685
3.099856 0.717729
3.089280 0.709350
3.069525 0.710779
3.075631 0.714151
3.049851 0.709668
3.051398 0.707309
3.049856 0.712063
3.055784 0.717890
3.056266 0.717075
3.057480 0.718469
3.049557 0.717524
3.050607 0.715761
3.076739 0.709478
3.043102 0.717545
3.030716 0.717708
3.023052 0.713118
3.023251 0.718431
3.030374 0.712038
3.030131 0.712031
3.030156 0.717847
3.024105 0.718947
3.041695 0.710477
3.042055 0.707764
3.043806 0.713642
3.043816 0.717450
3.037834 0.721368
3.010581 0.718065
3.011995 0.718210
3.005938 0.716644
2.990772 0.713232
2.990389 0.713293
2.998321 0.712928
2.991252 0.723733
2.993284 0.716452
2.997335 0.722537
2.999409 0.715192
2.998324 0.728366
2.957365 0.723605
2.978493 0.712195
2.978729 0.717457
2.980159 0.712602
2.983637 0.715423
2.980170 0.717565
2.974101 0.711308
2.977791 0.717554
2.964949 0.714642
2.966501 0.714316
2.961932 0.718623
2.928590 0.762637
2.934969 0.765730
2.928103 0.766444
2.928601 0.767477
2.915724 0.767000
2.922198 0.754214
2.922520 0.756295
2.924343 0.759512
2.921698 0.760719
2.922539 0.764020
2.922752 0.764609
2.916485 0.763874
2.901146 0.774115
2.888647 0.762149
2.908895 0.770544
2.907348 0.773357
2.904370 0.761246
2.889177 0.769402
2.890480 0.770391
2.864451 0.753810
2.860564 0.749520
2.883119 0.768058
2.876607 0.760708
2.875379 0.757025
2.884668 0.766123
2.870982 0.756739
2.872531 0.755067
2.872539 0.758139
2.866478 0.755668
2.871019 0.764931
2.865541 0.763326
2.984114 0.724905
2.978995 0.722684
2.943722 0.730477
2.941726 0.733283
2.941201 0.747284
2.943747 0.740650
2.937699 0.742944
2.931644 0.742655
2.936160 0.748350
2.925597 0.745463
2.952868 0.725070
2.947578 0.728383
2.930113 0.751282
2.930123 0.754779
2.930921 0.757455
2.929760 0.757989
2.926798 0.757016
2.923493 0.757693
2.924078 0.758546
2.936195 0.761838
2.938662 0.763935
2.936202 0.764749
2.917196 0.757451
2.693603 0.779089
2.687563 0.783905
2.675452 0.783119
2.660261 0.792008
2.663349 0.785281
2.655753 0.789253
2.646777 0.788233
2.649683 0.783004
2.629401 0.752607
2.614811 0.743395
2.613266 0.746567
2.614091 0.748102
2.620877 0.748062
2.612380 0.755180
2.619352 0.759052
2.611417 0.789985
2.616296 0.778493
2.623882 0.770541
2.633023 0.762827
2.630000 0.766727
2.625419 0.764400
2.636015 0.780192
2.637558 0.776638
2.631670 0.772239
2.611770 0.768819
2.845193 0.748808
2.828519 0.754656
2.832297 0.748056
2.839145 0.750900
2.833092 0.751701
2.831646 0.752205
2.827732 0.750550
2.852805 0.750502
2.846749 0.750223
2.834635 0.747333
2.840694 0.749428
2.828579 0.746792
2.779172 0.754888
2.756308 0.734496
2.755755 0.739490
2.750447 0.733501
2.754287 0.740923
2.761816 0.742785
2.750117 0.745384
2.750283 0.750781
2.746357 0.734433
2.737588 0.737701
2.744214 0.744481
2.744220 0.750151
2.781541 0.746676
2.787607 0.750895
2.775482 0.744486
2.777022 0.739298
2.752611 0.718514
2.747768 0.720529
2.740621 0.709323
2.742173 0.708487
2.746689 0.714558
2.748143 0.715209
2.757812 0.724460
2.751860 0.725447
2.754305 0.718255
2.745175 0.725857
2.763359 0.738399
2.757590 0.737983
2.752260 0.730445
2.750908 0.738385
2.751649 0.737144
2.764903 0.734911
2.758634 0.730199
2.755252 0.743891
2.739809 0.729720
2.744820 0.737790
2.746724 0.728272
2.843245 0.775946
2.842548 0.781497
2.836116 0.781314
2.822904 0.775696
2.823998 0.777650
2.830065 0.782628
2.810266 0.769534
2.809935 0.775839
2.816391 0.777708
2.811873 0.770782
2.810332 0.775647
2.799742 0.761446
2.805575 0.766642
2.838696 0.767022
2.839829 0.763231
2.833158 0.760788
2.830936 0.757777
2.833112 0.759444
2.843697 0.771383
2.846838 0.773539
2.843713 0.777509
2.842557 0.780801
2.837658 0.777058
2.844533 0.771807
2.836257 0.778053
2.831613 0.780302
2.825548 0.776271
2.807591 0.758035
2.801276 0.754376
2.805479 0.763467
2.780011 0.755409
2.792131 0.760247
2.689722 0.693276
2.688972 0.700208
2.689061 0.700417
2.683449 0.713502
2.690139 0.703884
2.683018 0.704557
2.682697 0.704992
2.731909 0.720852
2.730944 0.727126
2.729987 0.740182
2.730287 0.740573
2.727880 0.732425
2.726573 0.730306
2.728458 0.738129
2.726552 0.736024
2.731546 0.742503
2.725494 0.743374
2.731902 0.743525
2.725475 0.743498
2.702200 0.746488
2.694590 0.740029
2.693491 0.731494
2.693660 0.739196
2.681062 0.718873
2.680476 0.726317
2.681519 0.726080
2.687578 0.727720
2.682379 0.716253
2.682661 0.722648
2.692194 0.737006
2.730053 0.703833
2.736109 0.704823
2.720893 0.703924
2.723368 0.706617
2.716482 0.697443
2.702712 0.696447
2.699841 0.698427
2.704263 0.695747
2.702677 0.695963
2.704273 0.700020
2.705791 0.701950
2.691027 0.691053
2.693585 0.697750
2.688662 0.697219
2.692145 0.692012
2.694731 0.695117
2.690616 0.701093
2.696675 0.703160
2.690623 0.704257
2.698215 0.697923
2.733165 0.724379
2.733818 0.728971
2.724908 0.729352
2.622414 0.741781
2.705015 0.760850
2.707881 0.769595
2.701192 0.771395
2.705848 0.766577
2.702735 0.767809
2.703648 0.770392
2.733612 0.749987
2.724312 0.751117
2.711520 0.750962
2.705714 0.749903
2.704158 0.758176
2.704264 0.758119
2.711848 0.749248
2.705795 0.749508
2.709409 0.764204
2.699169 0.754584
2.698292 0.751536
2.697906 0.751669
2.698112 0.757515
2.698208 0.757589
2.699729 0.745076
2.695143 0.773755
2.695022 0.773825
2.690059 0.771561
2.689099 0.777380
2.696687 0.770052
2.688542 0.770384
2.628482 0.747168
2.630924 0.750023
2.116307 0.868048
2.117568 0.858197
2.118036 0.858968
2.117582 0.863451
2.116397 0.865262
2.111515 0.858548
2.105552 0.863958
2.435916 0.717904
2.423808 0.717965
2.404073 0.710118
2.405628 0.711129
2.405691 0.711192
2.399182 0.711304
2.391947 0.702804
2.395480 0.707349
2.392937 0.705302
2.387071 0.706433
2.385904 0.707714
2.386258 0.711368
2.378307 0.711097
2.379857 0.710274
2.379863 0.712706
2.370777 0.710324
2.372260 0.713922
2.555655 0.738945
2.598106 0.767580
2.595429 0.768558
2.598119 0.772659
2.586003 0.769602
2.600699 0.783190
2.602651 0.785090
2.605015 0.789287
2.595924 0.783885
2.598998 0.774578
2.604187 0.778802
2.598602 0.779348
2.587139 0.773299
2.585538 0.773976
2.586020 0.776532
2.592268 0.779165
2.590542 0.784555
2.593577 0.788048
2.589967 0.788706
2.587575 0.787402
2.590555 0.789938
2.592085 0.780795
2.594417 0.785380
2.586292 0.784518
2.592098 0.786036
2.558522 0.770149
2.558683 0.770634
2.553198 0.768528
2.559171 0.775843
2.557987 0.777002
2.557723 0.783104
2.557170 0.786159
2.549043 0.783171
2.553198 0.774189
2.552646 0.777493
2.547803 0.740861
2.535055 0.756339
2.540497 0.761407
2.541745 0.754262
2.549022 0.746628
2.545930 0.751939
2.541310 0.757106
2.485927 0.789932
2.546107 0.769635
2.545040 0.777298
2.540236 0.768658
2.519272 0.778187
2.524261 0.774847
2.546732 0.768568
2.542565 0.765635
2.540520 0.770275
2.547573 0.772815
2.544338 0.774234
2.546596 0.778532
2.545103 0.771559
2.541688 0.771881
2.534416 0.773167
2.506560 0.784155
2.513509 0.781601
2.505628 0.784860
2.507541 0.786471
2.493520 0.785076
2.495078 0.786784
2.487480 0.790253
2.431375 0.764287
2.425321 0.764464
2.437433 0.765818
2.449940 0.741416
2.449530 0.738592
2.447576 0.727102
2.447665 0.733460
2.447235 0.732701
2.443539 0.724339
2.437474 0.720171
2.449606 0.729846
2.449538 0.730318
2.451967 0.748411
2.450648 0.756317
2.445373 0.754326
2.450651 0.761961
2.444987 0.760640
2.448089 0.743667
2.448004 0.744236
2.438703 0.759894
2.440503 0.751807
2.432911 0.757730
2.426590 0.758598
2.466885 0.784198
2.467137 0.789417
2.454099 0.788229
2.455616 0.789837
2.461273 0.782777
2.455475 0.781684
2.461634 0.787828
2.479884 0.794624
2.472693 0.796582
2.466737 0.795756
2.473835 0.796617
2.467783 0.797072
2.460589 0.795256
2.453974 0.795548
2.454117 0.795550
2.461725 0.795731
2.455673 0.796995
2.449450 0.769662
2.449113 0.775888
2.448032 0.783070
2.429835 0.769317
2.436453 0.769853
2.435910 0.777940
2.448771 0.797522
2.446004 0.798151
2.447492 0.803011
2.446532 0.803945
2.439239 0.804350
2.440483 0.806026
2.448973 0.800400
2.448081 0.802165
2.442031 0.804027
2.427755 0.790653
2.433109 0.798166
2.422400 0.788805
2.421953 0.788976
2.422951 0.793546
2.433663 0.802874
2.482213 0.785732
2.481430 0.792007
2.469744 0.785043
2.426231 0.764219
2.404077 0.773583
2.419436 0.765945
2.418964 0.766185
2.411020 0.769275
2.405485 0.767735
2.391765 0.754746
2.398731 0.762605
2.398762 0.768209
2.391873 0.768967
2.392983 0.760515
2.381344 0.746241
2.387400 0.746999
2.363862 0.768570
2.381936 0.746989
2.388401 0.752619
2.382288 0.752068
2.387224 0.765943
2.381552 0.758976
2.381718 0.764383
2.368175 0.754980
2.374673 0.747261
2.375469 0.752989
2.375264 0.753041
2.375039 0.759094
2.374901 0.765005
2.369150 0.758172
2.368262 0.765332
2.367738 0.768021
2.411904 0.717252
2.405653 0.716934
2.405583 0.716943
2.398807 0.717607
2.392032 0.718163
2.379418 0.717711
2.373259 0.717237
2.373820 0.717031
2.379878 0.718400
2.407614 0.776157
2.410162 0.785979
2.413753 0.788090
2.414681 0.793028
2.418474 0.794242
2.395904 0.784386
2.403261 0.777172
2.397665 0.775728
2.404088 0.778065
2.399683 0.780935
2.396496 0.784218
2.404102 0.783979
2.402559 0.787404
2.404124 0.792445
2.404823 0.792785
2.410675 0.775518
2.404703 0.773065
2.405887 0.778414
2.404513 0.778699
2.411708 0.783257
2.417565 0.785744
2.411716 0.786314
2.418711 0.771813
2.410450 0.792906
2.391561 0.775154
2.390431 0.779694
2.385920 0.775633
2.384379 0.780580
2.378331 0.782896
2.367386 0.777385
2.366807 0.774524
2.370193 0.780533
2.367535 0.783026
2.372275 0.782349
2.370731 0.785574
2.373992 0.772535
2.372675 0.780078
2.606573 0.738865
2.602679 0.733822
2.590742 0.731521
2.582953 0.729749
2.605680 0.754756
2.605628 0.761239
2.610297 0.738388
2.571363 0.734999
2.572186 0.732293
2.569670 0.737671
2.577859 0.731199
2.557205 0.738045
2.557582 0.738467
2.551152 0.738211
2.605303 0.767573
2.605615 0.772716
2.599673 0.773465
2.604179 0.778022
2.587555 0.769354
2.593621 0.774127
2.220662 0.740593
2.221992 0.741821
2.216151 0.737037
2.214607 0.740333
2.213246 0.740872
2.210975 0.737868
2.361116 0.720467
2.360427 0.726029
2.349505 0.740095
2.355319 0.731129
2.367541 0.710347
2.366210 0.715456
2.360570 0.717635
2.360261 0.723108
2.360176 0.723359
2.222688 0.738268
2.305541 0.789124
2.311604 0.792941
2.293432 0.788749
2.289350 0.791354
2.280170 0.790352
2.285836 0.792859
2.287795 0.782753
2.286447 0.789920
2.267639 0.779523
2.269193 0.779907
2.236454 0.770320
2.243358 0.763884
2.243384 0.763951
2.239688 0.769062
2.238504 0.761179
2.234294 0.791595
2.255520 0.775035
2.263131 0.776520
2.243408 0.773194
2.249468 0.775540
2.235803 0.774257
2.235813 0.778184
2.237361 0.775915
2.244966 0.775478
2.241346 0.783299
2.236161 0.787799
2.251028 0.778574
2.243439 0.785455
2.243442 0.786802
2.240984 0.780483
2.238165 0.778775
2.237390 0.787677
2.232667 0.818902
2.234512 0.805045
2.234325 0.803564
2.238397 0.808316
2.232807 0.817420
2.234354 0.815298
2.356536 0.756518
2.358012 0.762304
2.342213 0.749329
2.334346 0.761539
2.351060 0.740835
2.361661 0.758609
2.361669 0.762056
2.337421 0.749708
2.345015 0.744183
2.320699 0.767100
2.320472 0.775528
2.318554 0.769241
2.315001 0.774491
2.328292 0.761646
2.322540 0.772056
2.321648 0.783635
2.320347 0.781402
2.316964 0.788759
2.314682 0.781901
2.314164 0.786638
2.302552 0.770302
2.307051 0.772185
2.308587 0.765469
2.310411 0.768357
2.309218 0.767108
2.306239 0.767907
2.308386 0.774177
2.302302 0.773574
2.311921 0.771414
2.304087 0.766248
2.308505 0.779654
2.307087 0.786334
2.302128 0.779543
2.331374 0.752448
2.295428 0.779973
2.276790 0.775698
2.282846 0.776626
2.272955 0.778405
2.230877 0.763191
2.231542 0.756404
2.237800 0.760440
2.225200 0.755442
2.226182 0.754564
2.225213 0.760343
2.223149 0.747580
2.219994 0.748474
2.214305 0.747195
2.212682 0.746453
2.209439 0.744558
2.219142 0.753860
2.218950 0.755903
2.220172 0.759506
2.208623 0.751598
2.214212 0.757925
2.231323 0.768090
2.224947 0.767979
2.233820 0.776852
2.231152 0.774048
2.223958 0.773013
2.219389 0.766492
2.231748 0.796316
2.227997 0.824024
2.225409 0.826546
2.223672 0.827408
2.229145 0.821381
2.226765 0.822419
2.220710 0.821669
2.233676 0.788108
2.230943 0.785756
2.234272 0.793820
2.235351 0.799593
2.211571 0.830197
2.212870 0.833611
2.211126 0.839044
2.204424 0.837524
2.202462 0.850001
2.213604 0.860794
2.211537 0.878751
2.215331 0.867619
2.213473 0.866670
2.213509 0.872266
2.213083 0.875963
2.200935 0.860150
2.207139 0.860831
2.196743 0.868402
2.207573 0.865746
2.203401 0.866319
2.200378 0.867025
2.207380 0.871737
2.204370 0.872060
2.188807 0.852566
2.194926 0.854032
2.181561 0.852686
2.175806 0.853675
2.169097 0.854373
2.170656 0.856642
2.190341 0.845267
2.184296 0.848338
2.191885 0.841561
2.181063 0.849855
2.178468 0.857986
2.176304 0.858486
2.171547 0.857243
2.176716 0.859096
2.178907 0.855279
2.225220 0.825616
2.165127 0.850908
2.156977 0.849645
2.158531 0.850489
2.146414 0.846819
2.137594 0.850717
2.140368 0.849865
2.128187 0.852481
2.124235 0.857692
2.132770 0.853313
2.119690 0.862855
2.119547 0.868500
2.119005 0.868694
2.112240 0.863547
2.227936 0.745329
2.234351 0.752017
2.228296 0.751411
2.227700 0.750964
1.977614 0.895963
2.058433 0.862258
2.054130 0.866881
2.053064 0.865553
2.050854 0.872900
2.050869 0.879011
2.047239 0.874562
2.045912 0.872415
2.044638 0.871494
2.046358 0.875015
2.047372 0.877436
2.044850 0.877167
2.040915 0.869989
2.040302 0.874136
2.039535 0.877975
2.040311 0.878021
2.048901 0.895252
2.034175 0.907824
2.047872 0.902748
2.047824 0.902958
2.042113 0.901493
2.036862 0.899478
2.035717 0.903567
2.052532 0.889199
2.051827 0.886324
2.052430 0.882077
2.054272 0.883825
2.056918 0.889764
2.051489 0.890886
2.043210 0.893974
2.043763 0.893038
2.038108 0.891715
2.046476 0.891394
2.042919 0.891015
2.038783 0.887311
2.039343 0.889657
2.091268 0.860663
2.097848 0.856239
2.098510 0.859302
2.088048 0.853714
2.089171 0.851047
2.087283 0.852411
2.088397 0.859381
2.093356 0.859461
2.081219 0.848297
2.086437 0.856402
2.073621 0.851676
2.088819 0.845507
2.093872 0.848796
2.082765 0.845752
2.067571 0.853428
2.059975 0.857580
2.053922 0.858172
2.055584 0.849976
2.049412 0.854842
2.043600 0.848471
2.048100 0.863072
2.028168 0.903408
2.027920 0.903381
2.023075 0.895345
2.022347 0.902241
2.021311 0.909658
2.023583 0.892986
2.026022 0.894740
2.024886 0.892280
2.032153 0.901037
2.017522 0.890309
2.015986 0.897214
2.011469 0.890965
2.003872 0.895165
2.034246 0.873366
2.033594 0.877134
2.031589 0.875757
2.034256 0.877558
2.019072 0.888971
2.025133 0.892164
2.031193 0.894330
2.032492 0.890333
2.032390 0.889895
2.019634 0.890289
2.012322 0.890498
1.990558 0.888053
1.999353 0.887729
1.997807 0.890455
1.993303 0.889353
1.996701 0.869128
1.996495 0.868864
1.985686 0.885480
1.986252 0.886575
1.987247 0.888460
1.979632 0.885270
1.978615 0.883996
1.972024 0.885075
1.959904 0.880003
1.947777 0.872792
1.941720 0.871598
1.922010 0.873585
1.915956 0.873388
1.923056 0.867511
1.921273 0.881855
1.922016 0.876294
1.923117 0.880689
1.923201 0.878590
1.918760 0.880217
1.911431 0.864008
1.903995 0.867054
1.899313 0.860270
1.891717 0.864798
1.884123 0.869425
1.893255 0.858693
1.887210 0.862074
1.855909 0.876155
1.864407 0.869265
1.858354 0.869840
1.879611 0.865584
1.872001 0.863964
1.872905 0.864000
1.880678 0.862090
1.865946 0.864004
1.864101 0.865819
1.859377 0.871909
1.867918 0.862726
1.853583 0.906854
1.967508 0.879016
1.975189 0.877841
1.962990 0.872307
1.961445 0.875302
1.952291 0.869882
1.956937 0.872886
1.944423 0.866151
1.936846 0.865974
1.938752 0.864063
1.944814 0.867065
1.925086 0.861969
1.934404 0.862324
1.919031 0.861267
1.906921 0.860699
1.641571 0.901613
1.631171 0.896591
1.635518 0.901953
1.834079 0.908341
1.828024 0.908081
1.810302 0.895624
1.815893 0.899139
1.802456 0.889998
1.797776 0.895113
1.797691 0.895157
1.796185 0.901729
1.801061 0.901103
1.802253 0.907254
1.849643 0.875469
1.844698 0.871733
1.830677 0.882536
1.830333 0.888774
1.823891 0.883121
1.824839 0.887163
1.832592 0.872527
1.839016 0.873653
1.826545 0.875006
1.824999 0.877697
1.825024 0.888022
1.846897 0.871230
1.846648 0.883008
1.853857 0.871298
1.840203 0.873849
1.837393 0.896625
1.837155 0.896621
1.844758 0.895050
1.849280 0.903472
1.848732 0.907327
1.842320 0.901611
1.835588 0.902103
1.843024 0.906092
1.837763 0.898439
1.826579 0.888439
1.835109 0.893581
1.832027 0.891580
1.835513 0.902046
1.831866 0.897530
1.831120 0.904361
1.831225 0.904465
1.824862 0.903791
1.825066 0.904464
1.817408 0.884089
1.818314 0.887302
1.811872 0.881642
1.811889 0.887273
1.804568 0.888764
1.820482 0.871744
1.814342 0.871803
1.812886 0.875813
1.809402 0.879529
1.809442 0.876782
1.820515 0.884730
1.818970 0.887893
1.810796 0.885325
1.812914 0.887022
1.817454 0.902026
1.821678 0.906193
1.818996 0.898037
1.811123 0.899896
1.805238 0.898962
1.811396 0.900727
1.807546 0.904685
1.785462 0.899714
1.785848 0.899065
1.779559 0.894898
1.779099 0.899580
1.777036 0.898523
1.779574 0.901196
1.781108 0.893689
1.706765 0.899455
1.709609 0.902351
1.699117 0.904108
1.700722 0.903736
1.698911 0.895558
1.693603 0.896871
1.699633 0.901270
1.694664 0.902761
1.701025 0.895202
1.702256 0.896512
1.708316 0.899085
1.702793 0.897903
1.702271 0.902521
1.697502 0.898281
1.696209 0.899250
1.682499 0.880277
1.688450 0.883368
1.688566 0.884966
1.688092 0.889629
1.686510 0.888580
1.674344 0.876002
1.670368 0.870898
1.676441 0.878416
1.683916 0.874460
1.684389 0.873660
1.690107 0.880208
1.690539 0.880594
1.685340 0.877735
1.687559 0.885916
1.677977 0.871584
1.679532 0.872520
1.673469 0.868886
1.680984 0.894720
1.687377 0.896501
1.676288 0.895898
1.684069 0.886751
1.682524 0.889659
1.681208 0.890892
1.677749 0.893271
1.687053 0.900586
1.687061 0.903678
1.680286 0.903258
1.677580 0.901669
1.681013 0.906059
1.678231 0.898972
1.688613 0.903350
1.682558 0.902814
1.691006 0.890395
1.664316 0.871729
1.658265 0.872648
1.652213 0.873442
1.652335 0.873391
1.644600 0.871201
1.638540 0.868559
1.646135 0.864134
1.646611 0.867354
1.640251 0.860711
1.646511 0.872349
1.665857 0.867031
1.661674 0.871846
1.660522 0.870468
1.653765 0.873063
1.659823 0.874685
1.661352 0.865552
1.647684 0.862634
1.648462 0.863412
1.642043 0.857693
1.641788 0.863797
1.647694 0.866618
1.641650 0.870354
1.649145 0.888432
1.648152 0.895637
1.651199 0.884781
1.643853 0.882512
1.642335 0.889375
1.646176 0.880196
1.644632 0.883813
1.638580 0.884325
1.638035 0.887111
1.636106 0.885920
1.643406 0.878297
1.639632 0.878754
1.637049 0.892980
1.637782 0.893205
1.636021 0.894323
1.637058 0.896717
1.643116 0.898142
1.647282 0.892766
1.644659 0.894511
1.638592 0.889500
1.640810 0.892073
1.638985 0.891194
1.634013 0.858281
1.633181 0.861779
1.626428 0.867144
1.632052 0.868570
1.614307 0.862146
1.621907 0.859480
1.636130 0.877522
1.634068 0.879930
1.636724 0.855825
1.629504 0.855375
1.623450 0.855117
3.454575 0.721164
3.456608 0.715556
3.450064 0.717173
3.457663 0.714278
3.444002 0.714142
3.441941 0.714863
3.438334 0.753792
3.456401 0.724838
3.442888 0.731797
3.445288 0.737689
3.438105 0.745335
3.435423 0.750682
3.419727 0.753030
3.415216 0.749242
3.441961 0.724194
3.441032 0.731429
3.436036 0.728287
3.437956 0.717267
3.437476 0.720908
3.442457 0.734705
3.439123 0.742671
3.442048 0.734585
3.440686 0.748493
3.430309 0.763655
3.436263 0.756420
3.431850 0.758960
3.433401 0.758122
3.424132 0.760886
3.425794 0.758326
3.427343 0.757011
3.394529 0.739475
3.387930 0.739743
3.389401 0.730654
3.392189 0.731882
3.389410 0.734279
3.390180 0.734547
3.389420 0.738354
3.407603 0.746733
3.399786 0.746770
3.395484 0.742649
3.402569 0.748125
3.384631 0.728765
3.377283 0.727203
3.363822 0.725970
3.371226 0.725779
3.372776 0.724784
3.330278 0.739284
3.343101 0.744939
3.333969 0.745209
3.336351 0.747097
3.342407 0.748127
3.322685 0.745083
3.318168 0.738883
3.310574 0.743410
3.309040 0.751430
3.304537 0.750082
3.304485 0.750540
3.302997 0.755612
3.307430 0.742358
3.306073 0.743628
3.357568 0.726761
3.353668 0.730499
3.351290 0.733037
3.339412 0.729307
3.333361 0.730726
3.331817 0.734208
3.344029 0.737706
3.337501 0.737171
3.331830 0.739054
3.338012 0.742664
3.332120 0.741745
3.346369 0.728109
3.325776 0.739324
3.329337 0.741950
3.339357 0.769611
3.291642 0.743422
3.290878 0.751576
3.290996 0.751765
3.296940 0.754491
3.298924 0.749065
3.292427 0.749717
3.286348 0.739793
3.280293 0.739206
3.278749 0.742835
3.284808 0.744910
3.288932 0.748787
3.265106 0.750217
3.262985 0.748767
3.251444 0.749746
3.253005 0.752612
3.274238 0.739092
3.207769 0.692054
3.206515 0.690927
3.205184 0.698850
3.199908 0.688383
3.193856 0.689203
3.200959 0.689423
3.193863 0.692052
3.199925 0.694876
3.193093 0.697495
3.233635 0.739865
3.215068 0.729105
3.216376 0.724352
3.216886 0.723491
3.216620 0.729041
3.221930 0.731517
3.221813 0.737381
3.217037 0.735305
3.205503 0.703960
3.204333 0.717265
3.199558 0.703119
3.193894 0.703833
3.197988 0.707912
3.212444 0.726303
3.210334 0.723675
3.210567 0.729496
3.204922 0.721950
3.179766 0.698248
3.173593 0.697788
3.180256 0.691761
3.181741 0.685974
3.188129 0.689330
3.182582 0.687827
3.187805 0.690500
3.181755 0.691800
3.177175 0.691521
3.174096 0.691279
3.173985 0.691173
3.176620 0.688674
3.186676 0.697453
3.162022 0.684463
3.161075 0.684140
3.160505 0.698802
3.162060 0.699829
3.142340 0.697461
3.148402 0.700771
3.140802 0.703142
3.172777 0.719159
3.170936 0.724930
3.159040 0.733717
3.238817 0.752635
3.232541 0.752352
3.242947 0.757778
3.238597 0.758668
3.239363 0.760275
3.240670 0.755204
3.232029 0.758881
3.226030 0.758134
3.227255 0.760105
3.233311 0.761244
3.221171 0.748450
3.220935 0.750199
3.221188 0.755281
3.165101 0.736291
3.130230 0.696572
3.128684 0.699540
3.122624 0.697121
3.098409 0.697359
1.268664 0.887233
1.271119 0.890998
1.270132 0.888251
1.268684 0.895215
1.177773 0.731021
1.195508 0.737333
1.201160 0.742785
1.202293 0.756964
1.200070 0.753971
1.189147 0.737194
1.189897 0.737662
1.183833 0.733890
1.177419 0.735240
1.182293 0.738796
1.176243 0.740345
1.195567 0.801206
1.198222 0.807119
1.190581 0.779649
1.192940 0.775117
1.188824 0.777984
1.204507 0.762845
1.200526 0.766473
1.190219 0.785918
1.195941 0.795419
1.197432 0.798609
1.196273 0.797901
1.196788 0.802715
1.190422 0.796906
1.190544 0.802385
1.185377 0.783216
1.185355 0.783354
1.183833 0.795822
1.183499 0.803387
1.177652 0.796715
1.177528 0.796472
1.177538 0.802587
1.176950 0.802068
1.189093 0.870791
1.211076 0.888972
1.204586 0.889360
1.197427 0.893429
1.198974 0.891142
1.190844 0.891612
1.190622 0.882213
1.188173 0.884750
1.192912 0.887930
1.192867 0.888175
1.189402 0.890507
1.263687 0.890188
1.256585 0.898713
1.248975 0.897743
1.218298 0.862734
1.218623 0.859982
1.220869 0.865870
1.216287 0.868147
1.219974 0.871430
1.232072 0.887248
1.236860 0.895022
1.232673 0.891924
1.224732 0.886769
1.218667 0.879689
1.191316 0.828858
1.197007 0.821045
1.198026 0.826786
1.200516 0.824991
1.197430 0.832889
1.206620 0.847409
1.209268 0.839278
1.206596 0.835124
1.202031 0.809905
1.200961 0.815936
1.208039 0.854011
1.214104 0.858214
1.213425 0.863455
1.207826 0.867678
1.201119 0.856817
1.195086 0.856116
1.201217 0.862299
1.194063 0.863512
1.194968 0.868627
1.214220 0.853867
1.214160 0.851102
1.213972 0.873844
1.212612 0.882207
1.207964 0.873115
1.193418 0.881578
1.201404 0.873311
1.199570 0.887735
1.587001 0.868303
1.587471 0.891150
1.587089 0.897472
1.573356 0.874437
1.567291 0.870060
1.574579 0.868486
1.561233 0.868510
1.555181 0.869272
1.556729 0.867454
1.601951 0.860108
1.609792 0.856677
1.590087 0.860546
1.597735 0.856377
1.576433 0.862865
1.564320 0.861063
1.547594 0.877217
1.543492 0.872246
1.535492 0.879473
1.531050 0.871507
1.544557 0.904295
1.538497 0.902131
1.538087 0.904046
1.540752 0.888200
1.536597 0.886294
1.540125 0.894923
1.534821 0.893005
1.533961 0.900120
1.527940 0.900775
1.552214 0.861652
1.158031 0.720184
1.161631 0.724393
1.153508 0.711805
1.141568 0.696896
1.127934 0.695412
1.117109 0.682182
1.111054 0.681549
1.108888 0.682081
1.111060 0.683880
1.085289 0.683599
1.071632 0.685158
1.073180 0.682945
1.080784 0.681632
1.074087 0.724338
1.108327 0.709581
1.095890 0.701483
1.101952 0.704698
1.116324 0.689972
1.119828 0.697334
1.114740 0.696777
1.115595 0.697964
1.118370 0.686508
1.114538 0.688326
1.123186 0.691413
1.117131 0.690877
1.123205 0.698582
1.103482 0.695238
1.103281 0.695892
1.117694 0.702726
1.115708 0.708148
1.117162 0.703144
1.109571 0.709392
1.102935 0.707806
1.097618 0.706214
1.088325 0.696702
1.089836 0.701257
1.088940 0.688342
1.092908 0.688189
1.091761 0.694285
1.096466 0.692039
1.068899 0.710896
1.076821 0.717940
1.091836 0.699144
1.059532 0.687985
1.067136 0.686461
1.055320 0.693141
1.058014 0.701734
1.058015 0.702152
1.057519 0.714013
1.063822 0.722162
1.057109 0.713041
1.170188 0.739581
1.175788 0.734418
1.171733 0.736815
1.167655 0.733552
1.077425 0.752243
1.076172 0.762481
0.968543 0.741757
0.963374 0.744913
0.956437 0.742470
1.053442 0.735801
1.061033 0.729301
1.054985 0.731974
1.047386 0.735211
1.048937 0.734517
1.048881 0.734616
1.041338 0.737616
1.026363 0.745774
1.033729 0.736722
1.034995 0.736397
1.032164 0.738367
1.033059 0.744094
1.035299 0.743524
1.019968 0.745693
1.020091 0.745642
1.006439 0.749396
1.029811 0.749385
1.027151 0.750094
1.028209 0.754865
1.027595 0.755024
1.021226 0.749224
1.014714 0.749341
1.021039 0.755214
1.014694 0.755051
1.050245 0.726763
1.000387 0.749563
0.995873 0.744977
1.002080 0.748921
0.982203 0.741492
0.988269 0.745983
0.983749 0.738625
0.991350 0.736119
0.985285 0.731941
0.974155 0.737657
0.977857 0.734980
0.971897 0.734175
0.971633 0.735215
0.970094 0.740619
0.967772 0.742607
0.965812 0.748051
0.963218 0.749268
0.953729 0.741109
0.958001 0.746948
0.950371 0.737563
0.944318 0.737888
0.924714 0.737679
0.932211 0.738424
0.925642 0.741786
0.912501 0.740257
0.898858 0.747246
0.906456 0.743559
0.879237 0.732670
0.873416 0.731608
0.865286 0.725762
0.854093 0.731600
0.891770 0.738922
0.885448 0.738716
0.891670 0.744747
0.885205 0.744783
0.880046 0.742617
0.873385 0.737319
0.873298 0.743131
0.886748 0.746248
0.866852 0.737471
0.866422 0.743861
0.854355 0.738626
0.859809 0.744151
0.846902 0.738527
0.847637 0.748623
0.840801 0.749283
0.951924 0.737702
0.945874 0.738905
0.739161 0.679332
0.748171 0.704531
0.752277 0.710606
0.759039 0.717590
0.758423 0.716906
0.758831 0.723602
0.754169 0.720619
0.742506 0.689857
0.748429 0.701772
0.754876 0.715527
0.832580 0.746632
0.833289 0.751081
0.811898 0.753670
0.820014 0.753734
0.800873 0.751424
0.807911 0.755599
0.801859 0.756092
0.788563 0.745497
0.789735 0.750298
0.769243 0.739121
0.769996 0.740175
0.771542 0.737700
0.777601 0.739490
0.763354 0.732523
0.757866 0.731718
0.763038 0.738715
0.757884 0.738781
0.765484 0.736128
0.752358 0.729321
0.751813 0.732145
0.745758 0.731728
0.747290 0.723502
0.751134 0.737051
0.745192 0.736210
0.751829 0.738682
0.739702 0.730950
0.739156 0.735527
0.737052 0.734321
1.155052 0.708120
1.159255 0.712948
1.148979 0.700925
1.136837 0.687484
1.136984 0.687707
1.130794 0.687281
1.131756 0.693054
1.130798 0.693446
0.012073 0.719718
0.009777 0.720842
0.003318 0.720871
0.004484 0.721119
0.010541 0.722642
-0.004149 0.717963
0.650226 0.769199
0.644175 0.770120
0.636582 0.775539
0.638128 0.773028
0.624468 0.773400
0.618409 0.771408
0.626013 0.770190
0.619960 0.770447
0.510797 0.695271
0.604739 0.767538
0.604766 0.767545
0.607592 0.773528
0.610813 0.775576
0.612352 0.770292
0.598678 0.764920
0.592609 0.759236
0.599501 0.764236
0.574427 0.751078
0.580487 0.753471
0.582037 0.752266
0.562328 0.754659
0.569928 0.752135
0.563877 0.753062
0.553211 0.709734
0.546880 0.705520
0.547152 0.707643
0.556875 0.711751
0.553221 0.713315
0.553857 0.715933
0.546926 0.711092
0.540082 0.712729
0.540235 0.711516
0.540089 0.709931
0.542374 0.718602
0.540981 0.724084
0.540733 0.716336
0.541335 0.715326
0.542548 0.721493
0.535041 0.706291
0.522908 0.696751
0.546980 0.733164
0.544401 0.730093
0.544922 0.737134
0.548825 0.747103
0.554596 0.753899
0.556275 0.755063
0.548702 0.752965
0.550218 0.753827
0.543693 0.744875
0.542334 0.743927
0.544916 0.749852
0.679048 0.685980
0.732304 0.669060
0.727135 0.666538
0.720269 0.655925
0.721510 0.657184
0.713896 0.654137
0.715189 0.653618
0.721902 0.658841
0.721276 0.665567
0.715385 0.658966
0.702430 0.662983
0.699850 0.668333
0.708694 0.653705
0.705460 0.654883
0.709093 0.658715
0.701796 0.657683
0.701822 0.667555
0.695559 0.676292
0.696874 0.673657
0.690815 0.681415
0.666939 0.685781
0.660878 0.683157
0.641131 0.670191
0.641581 0.670394
0.629001 0.661820
0.632113 0.663737
0.629928 0.661826
0.629017 0.667924
0.626272 0.665968
0.641167 0.684059
0.647227 0.686649
0.646878 0.688501
0.648535 0.680053
0.623196 0.676820
0.636241 0.679069
0.625761 0.674315
0.629363 0.679791
0.635047 0.686737
0.654022 0.705495
0.659343 0.690165
0.657800 0.693849
0.653086 0.696958
0.652065 0.696284
0.652944 0.702579
0.652180 0.701759
0.654192 0.711136
0.656917 0.721643
0.654820 0.714082
0.646471 0.694857
0.639881 0.695104
0.677496 0.748725
0.667561 0.731082
0.666192 0.746187
0.665528 0.745850
0.661300 0.742119
0.660616 0.734409
0.661518 0.751312
0.658889 0.759450
0.658135 0.758779
0.639664 0.766382
0.615364 0.670564
0.602605 0.675778
0.600428 0.690792
0.622000 0.681330
0.617327 0.681819
0.615004 0.684361
0.615786 0.686627
0.611084 0.689563
0.600852 0.684416
0.588084 0.687486
0.587098 0.691551
0.589619 0.680465
0.596331 0.682331
0.579627 0.688946
0.577517 0.682376
0.622945 0.661065
0.624469 0.660169
0.620369 0.662455
0.624497 0.660281
0.618442 0.659928
0.616906 0.666335
0.604789 0.663124
0.604502 0.666916
0.606531 0.694715
0.600253 0.696746
0.599907 0.696774
0.593312 0.697592
0.594171 0.700621
0.587254 0.696939
0.587109 0.708514
0.580288 0.694663
0.581223 0.707589
0.556028 0.708877
0.548209 0.703259
0.550230 0.696251
0.536577 0.699650
0.544415 0.693152
0.559009 0.714847
0.547960 0.715022
0.530509 0.694455
0.524447 0.691271
0.497134 0.694669
0.508271 0.698007
0.498681 0.692302
0.491078 0.693918
0.483478 0.696775
0.492251 0.694186
0.485496 0.694708
0.485289 0.700735
0.484678 0.707435
0.463773 0.700315
0.477886 0.696671
0.478280 0.701679
0.471369 0.696491
0.464911 0.696097
0.459269 0.699276
0.466137 0.700444
0.399476 0.709854
0.443946 0.705038
0.431969 0.707911
0.439565 0.704261
0.418309 0.708762
0.413054 0.708694
0.419676 0.708068
0.406396 0.709054
0.400159 0.713527
0.406345 0.714818
0.386495 0.711918
0.372839 0.714149
0.380439 0.711604
0.364808 0.719678
0.360736 0.716091
0.345535 0.721106
0.353138 0.719718
0.333417 0.717359
0.328916 0.717252
0.316593 0.705185
0.315040 0.702239
0.317668 0.710934
0.321299 0.713707
0.316713 0.708073
0.309155 0.699646
0.304648 0.696871
0.297023 0.689761
0.290960 0.686490
0.292748 0.688147
0.291612 0.688433
0.286505 0.690655
0.298579 0.691151
0.290816 0.694006
0.357942 0.726572
0.357693 0.726479
0.351266 0.726450
0.351598 0.724810
0.341034 0.721363
0.206078 0.698871
0.208908 0.696256
0.207705 0.701779
0.274127 0.678051
0.273545 0.669560
0.273234 0.675168
0.271840 0.680673
0.248559 0.677189
0.253737 0.681487
0.247872 0.682098
0.262182 0.662400
0.249641 0.656452
0.248055 0.655531
0.256122 0.660058
0.251611 0.656067
0.249652 0.673450
0.284395 0.691370
0.277971 0.691337
0.284535 0.696791
0.278078 0.702485
0.271806 0.689070
0.272244 0.695792
0.272026 0.701834
0.230341 0.655652
0.221253 0.655417
0.221712 0.661111
0.243993 0.652012
0.239413 0.654601
0.231902 0.658413
0.243144 0.673559
0.241812 0.681458
0.216704 0.664788
0.220192 0.669359
0.224317 0.667326
0.221109 0.680755
0.216353 0.674593
0.210280 0.676707
0.211822 0.682513
0.215281 0.688408
0.170429 0.670996
0.169694 0.675078
0.160594 0.671272
0.164396 0.674545
0.168186 0.692740
0.165139 0.683031
0.169733 0.690603
0.187169 0.698021
0.192430 0.703938
0.193984 0.704127
0.180875 0.697768
0.175660 0.695699
0.181526 0.702341
0.186402 0.714305
0.189157 0.716601
0.184555 0.719434
0.178796 0.714905
0.177737 0.720073
0.175316 0.717880
0.180341 0.711673
0.174289 0.712138
0.143921 0.674105
0.137863 0.672245
0.153069 0.668852
0.139405 0.667616
0.133347 0.666162
0.126582 0.678804
0.127295 0.667222
0.126878 0.668382
0.124229 0.682553
0.128277 0.687497
0.120221 0.697797
0.115436 0.699490
0.116426 0.703472
0.109139 0.705019
0.109057 0.705037
0.110630 0.707350
0.125681 0.695616
0.191285 0.722481
0.184706 0.724838
0.185294 0.729524
0.177875 0.725493
0.172770 0.726079
0.178838 0.731358
0.166708 0.722375
0.166711 0.723617
0.095449 0.658159
0.102217 0.660849
0.098443 0.676449
0.093936 0.673936
0.092391 0.676605
0.101527 0.667544
0.087837 0.656143
0.077266 0.649768
0.076928 0.654367
0.083332 0.654556
0.077280 0.655228
0.069658 0.649644
0.071204 0.646743
0.069147 0.647265
0.063609 0.651300
0.049954 0.653564
0.051514 0.656615
0.039927 0.655299
0.043907 0.650064
0.045045 0.653817
0.049585 0.670397
0.048742 0.669767
0.037681 0.663473
0.042385 0.668482
0.089349 0.702074
0.095407 0.703879
0.096000 0.699675
0.092028 0.691899
0.090641 0.697830
0.083293 0.701685
0.070895 0.692890
0.071180 0.699471
0.102784 0.704750
0.103019 0.705344
0.095421 0.709366
0.095485 0.703546
0.090071 0.704458
0.096971 0.708313
0.096273 0.726106
0.093956 0.717437
0.095346 0.723432
0.095152 0.723214
0.084276 0.703367
0.061161 0.681895
0.065476 0.696808
0.061220 0.688581
0.060718 0.688314
0.053723 0.677905
0.048472 0.675890
0.055287 0.680947
0.049939 0.709972
0.054083 0.713060
0.059162 0.727674
0.062094 0.728640
0.065338 0.702714
0.065554 0.708752
0.059076 0.700954
0.058873 0.702752
0.051488 0.708249
0.060191 0.716579
0.037830 0.709624
0.050204 0.701464
0.039375 0.706313
0.092081 0.678413
0.089876 0.677608
0.090200 0.683279
0.092676 0.675136
0.036252 0.657781
0.024227 0.670505
0.009035 0.678684
0.018166 0.667414
0.010572 0.672995
0.016775 0.675028
0.015378 0.675131
0.002977 0.677077
0.006027 0.674136
0.036823 0.651156
0.036588 0.657209
0.037854 0.657113
0.036851 0.662425
0.031802 0.657810
0.031410 0.660748
0.037542 0.666949
0.012025 0.694486
0.017419 0.681005
0.031768 0.706239
0.015783 0.706064
0.019657 0.705258
0.016190 0.708980
0.013813 0.711483
0.015329 0.717289
0.012089 0.720878
0.004014 0.685097
0.007504 0.687505
0.009335 0.691305
0.011508 0.683123
0.007968 0.684677
0.000887 0.685765
-0.000048 0.693012
-0.000087 0.693850
-0.003072 0.679378
0.001441 0.683865
-0.004611 0.685257
0.008947 0.696903
0.001774 0.698911
-0.000072 0.699587
0.001476 0.697973
-0.006121 0.701904
0.006029 0.718631
0.085145 0.738959
0.080285 0.739926
0.093106 0.731401
0.088749 0.736586
0.064028 0.733828
0.066616 0.736737
0.072674 0.738136
0.068167 0.735693
