3.458084 0.876285
3.458881 0.876729
3.451619 0.875983
3.446601 0.878998
3.439140 0.879794
3.434034 0.880217
3.426405 0.879773
3.420348 0.881825
3.421415 0.881245
3.407965 0.883710
3.395577 0.885576
3.409184 0.883700
3.402037 0.883524
3.395765 0.884007
3.389328 0.886308
3.383313 0.885641
3.389939 0.884431
3.356979 0.885928
3.368638 0.885278
3.358114 0.886000
3.351371 0.886756
3.338829 0.888065
3.318321 0.886062
3.331913 0.886348
3.318941 0.883864
3.305616 0.886770
3.305782 0.885119
3.285937 0.885553
3.292446 0.883515
3.279301 0.884872
3.266786 0.884013
3.253957 0.886523
3.247793 0.887568
3.254212 0.885205
3.245910 0.884325
3.292693 0.882201
3.279613 0.881537
3.234498 0.886114
3.234270 0.883027
3.221356 0.885222
3.208465 0.882989
3.188720 0.883793
3.195215 0.881704
3.182019 0.882872
3.174985 0.878462
3.167446 0.881074
3.227359 0.879102
3.214454 0.879080
3.207633 0.879196
3.190741 0.877177
3.181626 0.876940
3.169231 0.878791
3.162277 0.876932
3.155346 0.879665
3.142088 0.878350
3.142007 0.875779
3.135584 0.878151
3.128828 0.874748
3.108855 0.872454
3.102117 0.871400
3.088722 0.869579
3.148697 0.874425
3.121310 0.868587
3.108657 0.869484
3.102307 0.869850
3.089383 0.869752
3.082191 0.867027
3.062104 0.866571
3.055667 0.866615
3.024077 0.869017
3.010866 0.867554
3.068939 0.865730
3.062546 0.863719
3.050058 0.867442
3.043927 0.868606
3.030713 0.867449
3.035820 0.863598
2.998684 0.870491
2.986300 0.870133
2.979510 0.871131
2.966870 0.872076
2.960361 0.871855
2.947150 0.870710
2.940280 0.869169
2.932925 0.868315
2.927026 0.867866
2.906643 0.861809
2.899445 0.861336
2.900140 0.861616
2.885926 0.859068
2.892831 0.857551
2.878942 0.854523
2.866268 0.855652
2.847791 0.861109
2.854371 0.859321
2.848121 0.860051
2.907333 0.862128
2.886552 0.857640
2.873910 0.857796
2.860529 0.856025
2.834081 0.861683
2.835346 0.860503
2.828749 0.862228
2.828515 0.860797
2.816543 0.862503
2.804637 0.866142
2.796797 0.863304
2.797725 0.864444
2.836240 0.861569
2.797434 0.861158
2.784210 0.864440
2.778078 0.865598
2.784386 0.862826
2.778326 0.864254
2.764802 0.864217
2.764978 0.862607
2.758473 0.864657
2.745573 0.864368
2.733375 0.864963
2.784821 0.862211
2.720508 0.865079
2.708290 0.867575
2.702409 0.871900
2.696425 0.873608
2.702220 0.868970
2.690097 0.871815
2.677068 0.873571
2.670508 0.873164
2.657703 0.872891
2.638146 0.872740
2.645254 0.872927
2.631648 0.872559
2.618855 0.872945
2.632192 0.872324
2.618998 0.871236
2.612581 0.873588
2.605578 0.869318
2.593425 0.870692
2.593166 0.871104
2.580187 0.870809
2.573024 0.870427
2.560366 0.869066
2.549166 0.869160
2.534032 0.869336
2.534928 0.869850
2.528316 0.869787
2.521100 0.869807
2.514766 0.869634
2.515312 0.869397
2.508368 0.869821
2.495379 0.869490
2.508745 0.868964
2.482486 0.869511
2.483221 0.869968
2.476417 0.870905
2.463568 0.871083
2.450909 0.871956
2.457804 0.871365
2.438597 0.876378
2.445358 0.873025
2.427126 0.881605
2.421271 0.881051
2.394053 0.904602
2.390212 0.916277
2.404923 0.897030
2.404076 0.891664
2.399693 0.894885
2.409513 0.885714
2.397871 0.890333
2.388772 0.908739
2.388011 0.903973
2.392533 0.894891
2.385995 0.926730
2.381599 0.934243
2.380515 0.927451
2.376487 0.945443
2.372131 0.946813
2.370758 0.939539
2.356149 0.963673
2.350108 0.965166
2.343860 0.965899
2.367324 0.955091
2.360916 0.952621
2.356116 0.961284
2.349563 0.958665
2.343621 0.960531
2.294153 0.947536
2.284650 0.934920
2.283555 0.932985
2.280528 0.927663
2.291414 0.945380
2.287562 0.940260
2.290676 0.943384
2.286853 0.938245
2.337638 0.964470
2.324629 0.964068
2.331205 0.962306
2.324703 0.962113
2.317016 0.962073
2.302690 0.956967
2.296193 0.948121
2.300788 0.955233
2.311723 0.961810
2.382795 0.908242
2.378982 0.919720
2.373713 0.927450
2.289350 0.867795
2.295409 0.865827
2.265387 0.890650
2.272911 0.903131
2.272434 0.901057
2.271929 0.892969
2.274353 0.908824
2.277871 0.905810
2.280922 0.919346
2.281216 0.925327
2.285097 0.930635
2.284956 0.930490
2.256842 0.874590
2.263515 0.885060
2.250812 0.871322
2.249782 0.871888
2.257506 0.878259
2.239793 0.868220
2.230250 0.866869
2.217409 0.867079
2.211166 0.867835
2.204599 0.867406
2.224155 0.864825
2.191462 0.866530
2.198134 0.865105
2.181129 0.866262
2.172528 0.865801
2.159369 0.867085
2.160126 0.867629
2.146910 0.868696
2.147385 0.868203
2.140339 0.868252
2.141846 0.867400
2.134145 0.866949
2.127885 0.867642
2.108376 0.871559
2.102014 0.869603
2.102403 0.868800
2.095852 0.868425
2.115017 0.867721
2.082662 0.871860
2.076244 0.871976
2.076451 0.870459
2.063168 0.871327
2.063846 0.871533
2.057561 0.872138
2.045344 0.874634
2.052229 0.874016
2.038832 0.874401
2.025453 0.874905
2.013277 0.877547
2.014023 0.878027
1.993743 0.877399
2.000951 0.877390
1.988462 0.878891
1.975817 0.879820
1.968794 0.879967
1.962658 0.881111
1.951372 0.884700
1.937702 0.883880
1.931647 0.885146
1.938779 0.885904
1.919544 0.886732
1.906017 0.886242
1.893082 0.886107
1.880182 0.886102
1.873512 0.885292
1.866442 0.883973
1.853906 0.884343
1.887722 0.887977
1.881334 0.888100
1.868683 0.889009
1.861761 0.887269
1.847288 0.883723
1.834343 0.883550
1.828073 0.884209
1.815461 0.885253
1.808854 0.884848
1.796250 0.885755
1.789971 0.886382
1.835144 0.884256
1.828582 0.883950
1.802947 0.884432
1.790610 0.886494
1.783185 0.884759
1.770349 0.887645
1.770828 0.887127
1.764048 0.888185
1.758417 0.888913
1.739662 0.891089
1.784105 0.886290
1.746164 0.889059
1.733904 0.891408
1.726099 0.890916
1.726811 0.891260
1.720345 0.891199
1.707310 0.893335
1.707692 0.892094
1.695198 0.896198
1.688740 0.895802
1.695337 0.894091
1.675327 0.893914
1.668750 0.893449
1.668867 0.891617
1.708067 0.891259
1.688700 0.891184
1.675517 0.890110
1.655388 0.891749
1.642616 0.892213
1.642958 0.891206
1.636556 0.891378
1.623869 0.892153
1.617210 0.893641
1.656146 0.890051
1.630611 0.891015
1.604872 0.895690
1.598178 0.895259
1.591997 0.895773
1.598715 0.894511
1.579071 0.895671
1.566913 0.896142
1.553879 0.895641
1.547024 0.896400
1.538767 0.896879
1.541013 0.895762
1.527793 0.896824
1.515433 0.896554
1.495486 0.896599
1.489065 0.894250
1.482160 0.895034
1.469096 0.894424
1.462431 0.893632
1.450628 0.893726
1.442987 0.891023
1.430768 0.895767
1.405536 0.897835
1.398544 0.895842
1.418848 0.897111
1.385539 0.895455
1.379771 0.895706
1.366259 0.896077
1.373118 0.894956
1.360625 0.896445
1.353711 0.896977
1.354258 0.896746
1.347815 0.896769
1.335103 0.897453
1.327584 0.895771
1.314130 0.893733
1.315427 0.896244
1.301030 0.892994
1.302229 0.895142
1.294557 0.892905
1.274949 0.889695
1.262277 0.890523
1.255237 0.888357
1.235211 0.888129
1.242720 0.886710
1.255611 0.887721
1.249400 0.888389
1.236430 0.888124
1.228583 0.887474
1.215799 0.887896
1.209713 0.886959
1.203037 0.888393
1.223248 0.887079
1.216050 0.884327
1.209434 0.883710
1.195857 0.883451
1.189816 0.887207
1.188856 0.881584
1.183174 0.886503
1.176875 0.887052
1.176337 0.882812
1.170096 0.883580
1.156720 0.881824
1.143525 0.880738
1.144576 0.882362
1.130753 0.881197
1.117714 0.880681
1.131901 0.883182
1.125097 0.881880
1.112449 0.882805
1.104707 0.882561
1.090555 0.882910
1.079062 0.883116
1.105497 0.882681
1.106295 0.883887
1.093077 0.884936
1.093744 0.885163
1.086692 0.885170
1.087621 0.886363
1.072700 0.883430
1.074926 0.884415
1.060239 0.885027
1.048371 0.886542
1.067478 0.883436
1.055047 0.885152
1.042187 0.887515
1.022045 0.886860
1.029121 0.886901
1.035796 0.886706
1.042174 0.885250
1.009175 0.886965
1.002724 0.886958
0.990172 0.888224
1.016261 0.887037
1.003593 0.887881
0.997409 0.888854
0.983651 0.887962
0.971295 0.889943
0.964844 0.889938
0.984609 0.889219
0.972150 0.889262
0.959464 0.891606
0.951853 0.889599
0.946369 0.891367
0.939354 0.891063
0.940547 0.893187
0.927088 0.891129
0.920392 0.892472
0.913732 0.891696
0.913745 0.892631
0.901816 0.891625
0.908191 0.892784
0.888763 0.894849
0.875641 0.891821
0.882719 0.894412
0.868751 0.892294
0.869903 0.894275
0.863654 0.895011
0.850511 0.894115
0.843284 0.893165
0.830784 0.892716
0.824441 0.893107
0.811635 0.893447
0.798286 0.894037
0.799360 0.895665
0.785015 0.892672
0.793135 0.896566
0.778906 0.893915
0.766501 0.893485
0.760009 0.895565
0.741531 0.901018
0.753817 0.896508
0.753916 0.894636
0.741826 0.899838
0.729071 0.902629
0.736445 0.900826
0.735271 0.898937
0.722715 0.902963
0.710095 0.903984
0.722565 0.900149
0.717022 0.901261
0.697248 0.904174
0.709521 0.899034
0.696972 0.900902
0.684219 0.903693
0.684317 0.901790
0.677456 0.900279
0.678508 0.901925
0.671082 0.900558
0.672058 0.902234
0.657800 0.901415
0.644998 0.901768
0.646890 0.901888
0.632620 0.901152
0.619954 0.902265
0.612278 0.902420
0.614465 0.903765
0.607150 0.900391
0.600780 0.904971
0.587488 0.903710
0.594683 0.901977
0.574395 0.903001
0.581707 0.901692
0.561351 0.902905
0.561865 0.902091
0.568608 0.900957
0.541978 0.902375
0.549004 0.902229
0.542751 0.900732
0.536182 0.902510
0.522656 0.902467
0.515875 0.900475
0.521449 0.895777
0.522899 0.898876
0.515288 0.896837
0.510262 0.899838
0.503066 0.901577
0.502856 0.898546
0.497518 0.900404
0.489724 0.899953
0.483534 0.900901
0.490448 0.900342
0.483689 0.899206
0.484760 0.900920
0.470618 0.898571
0.471538 0.899729
0.464106 0.898341
0.451235 0.900707
0.457939 0.899375
0.457894 0.896988
0.445053 0.901682
0.432624 0.903399
0.444649 0.895636
0.438575 0.899779
0.432125 0.897091
0.420313 0.905553
0.406548 0.902380
0.419974 0.899835
0.406769 0.898437
0.394242 0.904542
0.400478 0.899292
0.387827 0.900204
0.381443 0.904910
0.382270 0.905691
0.375749 0.905428
0.358283 0.916204
0.354503 0.926610
0.348665 0.928848
0.332606 0.916900
0.332556 0.917090
0.331828 0.923113
0.341756 0.927161
0.340728 0.927028
0.369110 0.906979
0.364539 0.913860
0.363513 0.907859
0.359340 0.918451
0.357521 0.912620
0.354557 0.924567
0.348878 0.927394
0.333809 0.908366
0.324174 0.905496
0.330994 0.906512
0.316867 0.904599
0.310606 0.903034
0.337324 0.913566
0.336603 0.919780
0.339681 0.916883
0.333752 0.912243
0.341842 0.925241
0.341059 0.924763
0.304115 0.905132
0.298205 0.904775
0.297593 0.902615
0.284327 0.903519
0.277928 0.903703
0.265178 0.904246
0.259737 0.906262
0.252616 0.905476
0.252714 0.907386
0.240210 0.907281
0.226355 0.903953
0.213162 0.902697
0.199315 0.899225
0.187502 0.903199
0.243887 0.909494
0.240207 0.905022
0.220301 0.905087
0.227843 0.906984
0.214780 0.906379
0.208178 0.905823
0.202108 0.901318
0.193734 0.897926
0.175223 0.903215
0.181279 0.899558
0.161586 0.902759
0.149472 0.903380
0.136811 0.906498
0.136828 0.904315
0.130362 0.906500
0.123382 0.904555
0.123566 0.902981
0.116588 0.903291
0.104284 0.905468
0.091319 0.905223
0.079047 0.907515
0.072820 0.908331
0.072725 0.905741
0.059606 0.904934
0.046954 0.905834
0.034291 0.906701
0.027818 0.906785
0.020976 0.907414
0.008090 0.907868
0.000632 0.903761
