3.336600 0.644197
3.272141 0.668291
3.329556 0.644721
3.318319 0.638451
3.282242 0.656239
3.288880 0.655163
3.282829 0.653184
3.275224 0.657858
3.281289 0.658108
3.274535 0.662618
3.288901 0.652655
3.279932 0.651561
3.296905 0.643358
3.305899 0.636635
3.297200 0.635471
3.291190 0.645130
3.286129 0.646897
3.290443 0.647274
3.293144 0.637804
3.293781 0.635413
3.287396 0.635167
3.287077 0.634772
3.287484 0.633749
3.292120 0.639929
3.445495 0.622394
3.445026 0.622956
3.437761 0.626005
3.442273 0.619836
3.437712 0.624495
3.444799 0.616046
3.447893 0.615023
3.431668 0.624663
3.425089 0.625141
3.418989 0.623819
3.413334 0.620828
3.433824 0.623957
3.425543 0.621729
3.419154 0.621493
3.413267 0.619370
3.386060 0.625719
3.407313 0.619418
3.387603 0.620266
3.399721 0.622553
3.406199 0.621691
3.460707 0.610804
3.454436 0.610128
3.355625 0.646387
3.360032 0.646485
3.355044 0.647619
3.365277 0.641591
3.367758 0.636023
3.373942 0.623674
3.349347 0.644786
3.330966 0.641128
3.369303 0.641034
3.362714 0.645387
3.369493 0.640103
3.364794 0.633702
3.364632 0.634125
3.343253 0.641732
3.349596 0.641727
3.378464 0.629367
3.369472 0.628469
3.380109 0.618715
3.300438 0.634644
3.217347 0.708447
3.221913 0.704507
3.233643 0.696812
3.211287 0.707589
3.204397 0.709703
3.197965 0.709630
3.255358 0.686647
3.187904 0.708524
3.191579 0.708153
3.177686 0.713098
3.183971 0.713244
3.170579 0.715562
3.193109 0.704372
3.158383 0.712906
3.152160 0.712047
3.146572 0.708806
3.145532 0.704311
3.143881 0.697731
3.230505 0.698650
3.226715 0.703910
3.224187 0.709486
3.223263 0.709840
3.210128 0.710710
3.252039 0.691564
3.244875 0.695991
3.239365 0.697812
3.262974 0.680686
3.268066 0.675167
3.258455 0.674568
3.198041 0.707638
3.183669 0.713167
3.190037 0.713448
3.171579 0.710103
3.165548 0.708524
3.152270 0.709934
3.146407 0.707720
3.144269 0.702224
3.144382 0.696061
3.042511 0.817433
3.043977 0.810679
3.051529 0.807647
3.045367 0.804990
3.051575 0.801485
3.047067 0.799484
3.083017 0.782680
3.086248 0.781676
3.080318 0.786408
3.075870 0.787364
3.069395 0.787452
3.075153 0.788331
3.068640 0.788561
3.057837 0.782413
3.057322 0.782606
3.050509 0.783961
3.090337 0.776495
3.086642 0.769670
3.086768 0.768948
3.085110 0.773796
3.083727 0.773109
3.084504 0.767106
3.080924 0.766667
3.075131 0.764201
3.081353 0.763327
3.067102 0.764618
3.061753 0.765977
3.056214 0.762557
3.055792 0.761846
3.069614 0.758954
3.062123 0.762860
3.055654 0.762926
3.035722 0.818696
3.029945 0.816167
3.036373 0.815194
3.037932 0.807924
3.030675 0.811709
3.025244 0.809601
3.019749 0.805552
3.024438 0.810903
3.044639 0.791800
3.041029 0.795819
3.043469 0.789736
3.013696 0.803674
3.012264 0.808162
2.999242 0.801008
2.994192 0.805080
2.993269 0.805717
3.001413 0.800453
2.995368 0.798928
2.995326 0.797385
3.051794 0.746706
3.054882 0.758080
3.051187 0.753771
3.047211 0.744466
3.049568 0.725825
3.047470 0.735929
3.106585 0.694766
3.105247 0.694035
3.099197 0.691743
3.091833 0.696339
3.087081 0.689435
3.093143 0.690216
3.100741 0.686339
3.054004 0.712761
3.051554 0.699800
3.140287 0.688870
3.094689 0.684282
3.141832 0.676452
3.140176 0.682497
3.136893 0.680080
3.129627 0.671859
3.133908 0.666970
3.129434 0.659693
3.131176 0.665678
3.125090 0.663043
3.130786 0.653850
3.131316 0.639670
3.136883 0.635008
3.125213 0.642745
3.052004 0.704317
3.052853 0.698334
3.053399 0.686096
3.049336 0.689531
3.055094 0.674158
3.052317 0.663736
3.054861 0.653764
3.049840 0.656930
3.052053 0.646735
3.051629 0.637041
3.051051 0.625555
3.048293 0.610698
3.046552 0.616926
3.042046 0.609270
3.040507 0.614231
3.267612 0.663400
3.271976 0.657581
3.149973 0.624063
3.147757 0.624809
3.148543 0.621858
3.144295 0.622670
3.138618 0.621276
3.135497 0.626694
3.135970 0.620377
3.129917 0.618538
3.131458 0.613491
3.136741 0.617728
3.124193 0.616393
3.123463 0.617422
3.105249 0.613135
3.111760 0.614632
3.099993 0.610377
3.093004 0.610657
3.081847 0.604097
3.079097 0.598701
3.077795 0.592203
3.080224 0.597218
3.077294 0.595265
3.072474 0.589648
3.073457 0.587173
3.066345 0.587920
3.044564 0.598742
3.039156 0.599512
3.052471 0.590391
3.045738 0.592626
2.987269 0.806845
2.987928 0.803346
2.989480 0.796916
2.983612 0.794619
2.957944 0.794103
2.952438 0.790556
2.947453 0.785056
2.919919 0.765722
2.913863 0.764278
2.884997 0.776231
2.990333 0.791896
2.984606 0.789172
2.977803 0.790493
2.964479 0.792078
2.916841 0.775599
2.904734 0.771980
2.896077 0.778286
2.890204 0.780263
2.890638 0.776934
2.898793 0.772242
2.898036 0.772583
2.897962 0.773653
2.883881 0.778085
2.879064 0.773641
2.875241 0.766992
2.875557 0.765290
2.942954 0.775994
2.937745 0.769616
2.932031 0.768652
2.931207 0.769943
2.924764 0.769910
2.912324 0.769224
2.909693 0.769262
2.905916 0.769719
2.906270 0.767474
2.908800 0.767269
2.904978 0.766329
2.906281 0.766080
2.907818 0.761533
2.909210 0.761178
2.908000 0.760173
2.906157 0.760428
2.908272 0.757462
2.891332 0.748374
2.883214 0.746842
2.892513 0.745653
2.893296 0.742720
2.898827 0.743430
2.895494 0.743667
2.886103 0.745501
2.882511 0.742262
2.887873 0.738865
2.882449 0.740461
2.887867 0.737152
2.888678 0.732408
2.885408 0.733250
2.804758 0.758943
2.792640 0.756806
2.786296 0.756877
2.768475 0.804738
2.761742 0.805791
2.763055 0.799129
2.773706 0.801301
2.769669 0.798871
2.763619 0.796694
2.771222 0.792183
2.766612 0.785788
2.768520 0.779694
2.768204 0.790199
2.774322 0.779631
2.772274 0.787026
2.757708 0.794984
2.758569 0.790044
2.750580 0.799270
2.746106 0.790103
2.746435 0.787150
2.774326 0.766956
2.775765 0.772212
2.780515 0.755616
2.778977 0.760283
2.779735 0.760317
2.873544 0.758606
2.877532 0.754979
2.870865 0.751763
2.865162 0.744185
2.864780 0.737917
2.823051 0.739205
2.874835 0.757176
2.876361 0.751353
2.877563 0.751251
2.867113 0.742405
2.873053 0.744008
2.879109 0.745397
2.881826 0.733920
2.861810 0.738092
2.860949 0.740088
2.856433 0.733597
2.854892 0.738786
2.868604 0.724694
2.863078 0.729519
2.865583 0.723233
2.857984 0.727242
2.859841 0.719547
2.835177 0.740366
2.817540 0.755478
2.826024 0.751116
2.850380 0.731876
2.837346 0.735571
2.842777 0.736264
2.838261 0.729725
2.846242 0.725388
2.851923 0.726484
2.853474 0.720086
2.867282 0.718194
2.861678 0.714390
2.861077 0.715666
2.848958 0.713616
2.855017 0.714672
2.844605 0.678296
2.846152 0.672443
2.840098 0.670664
2.806304 0.753250
2.801235 0.749239
2.797146 0.752221
2.815451 0.743355
2.805096 0.741812
3.035994 0.607353
3.034944 0.610644
3.037247 0.601991
3.032355 0.605781
2.739924 0.789091
2.727321 0.787965
2.726849 0.788005
2.720635 0.788844
2.740598 0.784841
2.714303 0.786676
2.727296 0.786274
2.710120 0.779892
2.703619 0.776646
2.697734 0.774513
2.699154 0.770879
2.692512 0.771180
2.669552 0.780136
2.658334 0.780537
2.675765 0.785306
2.664384 0.780310
2.658641 0.777645
2.671257 0.777792
2.677314 0.779129
2.670995 0.778021
2.678854 0.774016
2.684911 0.775247
2.680393 0.769198
2.685443 0.769873
2.672838 0.772791
2.670058 0.778465
2.665199 0.776479
2.670411 0.776802
2.666770 0.769643
2.660789 0.767872
2.652680 0.777546
2.652930 0.774866
2.641700 0.768588
2.653942 0.769360
2.632439 0.756879
2.636467 0.763263
2.635603 0.762047
2.634704 0.741495
2.641662 0.724645
2.639715 0.723816
2.578862 0.762934
2.578517 0.763584
2.571637 0.765192
2.577580 0.766363
2.570506 0.767723
2.580446 0.760875
2.583783 0.757302
2.588624 0.756695
2.593878 0.751799
2.588021 0.751577
2.593757 0.739411
2.560698 0.758140
2.559168 0.761859
2.553117 0.759810
2.554272 0.755994
2.550140 0.748459
2.544086 0.746774
2.542552 0.750987
2.518197 0.770089
2.533403 0.761161
2.519738 0.765024
2.525801 0.765481
2.513678 0.764074
2.522831 0.753217
2.531980 0.743096
2.524379 0.747314
2.516768 0.752723
2.600148 0.752539
2.631433 0.746884
2.629515 0.752610
2.633763 0.735073
2.634790 0.721184
2.603251 0.739613
2.597161 0.738585
2.604879 0.732421
2.598243 0.726354
2.605764 0.715843
2.606355 0.726658
2.530442 0.747855
2.746031 0.685923
2.707962 0.708215
2.716037 0.702334
2.713233 0.703326
2.708032 0.706201
2.728253 0.694655
2.722554 0.697654
2.733925 0.682256
2.725258 0.684185
2.700770 0.712946
2.693704 0.713512
2.672486 0.722232
2.671549 0.724280
2.677860 0.721164
2.686768 0.715332
2.679071 0.719683
2.680704 0.713294
2.700632 0.710033
2.687929 0.709279
2.674654 0.711120
2.676345 0.704313
2.659104 0.722314
2.652554 0.721137
2.647715 0.716623
2.653388 0.719024
2.641832 0.716723
2.668770 0.708540
2.663547 0.703921
2.670145 0.703790
2.670644 0.701492
2.659659 0.700774
2.665643 0.695614
2.659585 0.694397
2.663674 0.681431
2.661139 0.687658
2.654605 0.687339
2.656631 0.680226
2.665785 0.669290
2.652121 0.673039
2.658179 0.674187
2.661325 0.674659
2.659378 0.667991
2.747580 0.679768
2.735474 0.676113
2.735347 0.676058
2.729423 0.674026
2.722880 0.673202
2.723682 0.665222
2.716364 0.655471
2.694664 0.655745
2.709117 0.652218
2.708720 0.651983
2.701591 0.654525
2.690137 0.650698
2.675048 0.659470
2.609402 0.702576
2.618614 0.702663
2.622784 0.691711
2.615692 0.691767
2.621567 0.685227
2.636669 0.683707
2.644523 0.676865
2.640984 0.682048
2.642064 0.671720
2.630850 0.681564
2.630539 0.682497
2.210865 0.974023
2.222976 0.969223
2.217869 0.970415
2.217800 0.968971
2.211519 0.970031
2.210819 0.970961
2.231423 0.969718
2.235354 0.958118
2.240619 0.955010
2.237737 0.946329
2.240509 0.940827
2.239216 0.944929
2.262353 0.925853
2.261716 0.923936
2.241649 0.934927
2.254207 0.927433
2.254509 0.924600
2.247499 0.928541
2.247318 0.928348
2.241780 0.933175
2.247263 0.926579
2.247515 0.926582
2.265008 0.920322
2.262819 0.918014
2.262912 0.913629
2.499161 0.770843
2.485859 0.772340
2.475207 0.767742
2.491475 0.773784
2.467727 0.766043
2.462157 0.761682
2.420435 0.766666
2.414846 0.772508
2.408508 0.772080
2.417036 0.770255
2.418481 0.764415
2.414575 0.771830
2.407935 0.772538
2.436714 0.758303
2.437929 0.756312
2.431134 0.758086
2.424247 0.759720
2.423773 0.761307
2.402466 0.768841
2.382511 0.777704
2.389753 0.775942
2.406664 0.769468
2.404743 0.762006
2.396452 0.760785
2.391987 0.765868
2.403001 0.767470
2.401836 0.760323
2.397708 0.765501
2.396293 0.765154
2.394157 0.758437
2.409531 0.757816
2.404441 0.754774
2.405677 0.748892
2.396254 0.754563
2.399732 0.747434
2.395845 0.752664
2.395543 0.745421
2.400058 0.752080
2.399910 0.752509
2.407025 0.747463
2.259757 0.904706
2.261305 0.898738
2.257344 0.906089
2.255233 0.899165
2.262199 0.886942
2.264492 0.881332
2.273547 0.886189
2.265766 0.886025
2.267496 0.874791
2.271267 0.873235
2.275318 0.863648
2.273402 0.867568
2.280630 0.861403
2.291879 0.852166
2.295477 0.852662
2.291485 0.853273
2.285821 0.850906
2.293427 0.846267
2.295203 0.846403
2.294879 0.838825
2.287369 0.845092
2.288928 0.837610
2.275921 0.849636
2.282238 0.855602
2.281496 0.844055
2.282859 0.837869
2.284569 0.825244
2.285958 0.825317
2.285508 0.819299
2.299449 0.819954
2.292027 0.825335
2.286986 0.819992
2.275867 0.813290
2.263843 0.809990
2.276324 0.809865
2.269644 0.810723
2.263350 0.810129
2.373505 0.782392
2.367685 0.781746
2.361138 0.780379
2.347765 0.785943
2.330034 0.804023
2.336235 0.799047
2.323133 0.802010
2.337830 0.798677
2.330453 0.800409
2.335080 0.795216
2.338789 0.789931
2.324522 0.796762
2.318436 0.797080
2.313722 0.790557
2.312532 0.793327
2.318093 0.771397
2.322557 0.765609
2.321066 0.761275
2.321313 0.754718
2.324251 0.753643
2.326048 0.739942
2.331184 0.727072
2.306780 0.790696
2.307905 0.788176
2.303720 0.787503
2.302424 0.784535
2.302877 0.781508
2.303767 0.781321
2.308946 0.781310
2.312024 0.771462
2.311528 0.775292
2.305964 0.770460
2.304419 0.776123
2.309373 0.776509
2.258708 0.805054
2.258387 0.804665
2.255583 0.797803
2.258827 0.802882
2.257016 0.796359
2.255826 0.791206
2.257388 0.783406
2.256145 0.794393
2.263612 0.783836
2.258832 0.788855
2.263454 0.783624
2.278649 0.776246
2.284722 0.775416
2.271051 0.779916
2.274371 0.780289
2.285118 0.768794
2.283721 0.762255
2.258938 0.777252
2.321838 0.746866
2.323739 0.741152
2.279345 0.754989
2.265133 0.752886
2.277717 0.751048
2.273129 0.744038
2.267877 0.739524
2.161296 1.041610
2.147867 1.046340
2.164642 1.040643
2.161472 1.041981
2.158548 1.037392
2.154391 1.045306
2.154224 1.044975
2.148573 1.040271
2.141632 1.043799
2.135748 1.044181
2.128635 1.043503
2.136612 1.040158
2.131636 1.034632
2.142301 1.039645
2.136030 1.039804
2.130180 1.037759
2.133125 1.032906
2.132142 1.030987
2.131339 1.032293
2.164969 1.036336
2.166445 1.034900
2.164533 1.032667
2.165585 1.024822
2.163780 1.021884
2.161232 1.018672
2.156320 1.012904
2.163266 1.019973
2.155852 1.012916
2.132866 1.026553
2.133479 1.018845
2.150605 1.010139
2.150032 1.010620
2.137354 1.007427
2.159125 1.023168
2.154554 1.016456
2.142354 1.013450
2.136386 1.012137
2.135926 1.013359
2.117198 1.039616
2.124388 1.034172
2.127241 1.021875
2.131739 1.012232
2.130416 1.013266
2.125803 1.005580
2.131863 1.006515
2.127598 1.015647
2.130336 1.009923
2.124284 1.007952
2.072336 1.009874
2.080351 1.002982
2.075814 0.999092
2.087478 0.997845
2.083373 0.992396
2.078046 0.997275
2.196025 0.978077
2.139461 1.002720
2.205049 0.971840
2.205225 0.969441
2.199633 0.967962
2.193355 0.969937
2.198764 0.969786
2.204828 0.970303
2.185110 0.972230
2.179056 0.970549
2.174360 0.965962
2.165130 0.955033
2.162203 0.948140
2.168504 0.960040
2.164010 0.950912
2.163685 0.946704
2.155748 0.935487
2.154986 0.936982
2.133405 1.001242
2.141409 0.968553
2.134251 0.971202
2.135110 0.967246
2.128568 0.968320
2.092458 0.982259
2.096468 0.970889
2.089440 0.985933
2.097262 0.967526
2.099526 0.957478
2.097599 0.955223
2.137040 0.958996
2.144266 0.956112
2.146521 0.950472
2.144165 0.956069
2.142082 0.947586
2.139775 0.946516
2.124554 0.957237
2.132164 0.951805
2.126166 0.949654
2.144015 0.941877
2.150113 0.932421
2.144855 0.935903
2.141325 0.940248
2.150228 0.928568
2.143715 0.928798
2.141175 0.933217
2.135024 0.937897
2.137947 0.930679
2.106951 0.950861
2.100328 0.951691
2.100432 0.951117
2.113007 0.950611
2.114022 0.944383
2.121621 0.940383
2.106843 0.949532
2.099662 0.952273
2.041115 1.049209
2.035014 1.058253
2.045596 1.037951
2.038582 1.045072
2.043752 1.033946
2.047812 1.022557
2.050793 1.010915
2.065325 1.011979
2.058684 1.012690
2.052419 1.011987
2.048818 1.014862
2.068684 1.001077
2.054552 1.006580
2.060615 1.007248
2.219405 0.799496
2.226076 0.796746
2.222556 0.787900
2.220951 0.793689
2.215723 0.800383
2.214585 0.799427
2.214875 0.797070
2.221916 0.785974
2.216425 0.790688
2.217974 0.784569
2.251328 0.782626
2.252882 0.775794
2.244294 0.774702
2.248373 0.768469
2.229230 0.777183
2.227776 0.774148
2.221587 0.773163
2.207870 0.802149
2.208685 0.797358
2.208214 0.796748
2.202988 0.783101
2.205854 0.782632
2.210368 0.789526
2.210654 0.788260
2.212425 0.781599
2.214999 0.772939
2.205067 0.777436
2.255973 0.764453
2.253107 0.756524
2.260254 0.745637
2.248521 0.741493
2.250071 0.735110
2.256341 0.734386
2.251635 0.727196
2.247134 0.718908
2.241638 0.716929
2.244177 0.705032
2.238114 0.704379
1.584152 1.062509
1.572254 1.052608
1.577743 1.055263
1.572273 1.050299
1.586214 1.059486
1.560771 1.046319
1.555475 1.040266
1.546301 1.026258
1.561149 1.041502
1.541161 1.021338
1.535771 1.017358
1.524219 1.012293
1.541400 1.017034
1.534642 1.012339
1.524857 1.006458
1.512419 1.008153
1.512414 1.006431
1.501077 1.000558
1.489825 0.994361
1.496210 0.992884
1.492306 0.982084
1.495603 0.967530
1.484679 0.989396
1.482738 0.974834
1.487799 0.974497
1.483322 0.966885
1.491451 0.958878
1.478779 0.959921
1.486394 0.954000
1.494718 0.941530
1.477236 0.946973
1.483438 0.940107
1.484988 0.933808
1.492605 0.927620
1.480291 0.928108
1.478989 0.920892
1.480960 0.923866
1.481645 0.919597
1.488104 0.919405
1.482051 0.917522
1.491204 0.906856
1.482392 0.901391
1.496160 0.895028
1.498813 0.901744
1.493035 0.896023
1.486687 0.900507
1.491837 0.877196
1.497394 0.883045
1.497674 0.883015
1.498946 0.876539
1.501658 0.882252
1.502035 0.865402
1.494426 0.870546
1.497521 0.858682
1.498330 0.855237
1.503587 0.858899
1.499080 0.851303
1.505444 0.870786
1.505516 0.858420
1.504384 0.854983
1.503722 0.855775
1.499088 0.850368
2.463026 0.756787
2.459748 0.747542
2.459190 0.748912
2.458404 0.750892
2.454200 0.744152
2.447874 0.743681
2.447082 0.745513
2.453139 0.746890
2.463492 0.733507
2.465377 0.725615
2.456440 0.735755
2.450571 0.733570
2.457778 0.729497
2.451723 0.727929
2.443793 0.753866
2.439464 0.751915
2.440799 0.746017
2.436599 0.750299
2.439478 0.750071
2.443494 0.750237
2.456370 0.709463
2.457918 0.703549
2.448761 0.714728
2.450315 0.707972
2.403132 0.742756
2.406164 0.742831
2.403946 0.739056
2.400613 0.741470
2.407952 0.741495
2.406073 0.734842
2.405063 0.733132
2.406036 0.727784
2.397092 0.739235
2.391049 0.736202
2.392596 0.730325
2.399247 0.730743
2.400331 0.724972
2.394104 0.724129
2.394148 0.723941
2.395697 0.717717
2.397249 0.711215
2.397477 0.693854
2.397275 0.698210
2.388093 0.722256
2.383583 0.715001
2.386665 0.704775
2.392729 0.705098
2.378280 0.710856
2.350347 0.713199
2.359347 0.710706
2.365277 0.710678
2.392870 0.679086
2.390199 0.677911
2.375166 0.672394
2.362597 0.670981
2.337508 0.720320
2.333373 0.723180
2.346943 0.681454
2.340333 0.684220
2.333333 0.684105
2.319023 0.689386
2.322985 0.686147
2.311107 0.691209
2.311992 0.691564
2.306012 0.689792
2.298482 0.680133
2.297402 0.673464
2.292370 0.668360
2.249375 0.699015
2.246759 0.694260
2.236008 0.691327
2.236706 0.684451
2.242615 0.666437
2.393065 0.683043
2.380782 0.673254
2.367935 0.673594
2.352409 0.683458
2.345102 0.683640
2.358493 0.674538
2.361069 0.674589
2.326998 0.681971
2.322210 0.684207
2.301803 0.679671
2.293006 0.664639
2.291436 0.670442
2.292946 0.664462
2.291083 0.670356
2.285299 0.669399
2.285672 0.667550
2.280761 0.667820
2.285306 0.668624
2.286839 0.664494
2.288956 0.655221
2.283885 0.650211
2.242783 0.683380
2.238264 0.677326
2.242943 0.670908
2.278315 0.646742
2.277695 0.647338
2.271095 0.647890
2.257048 0.653907
2.255415 0.655413
2.264491 0.650191
2.248382 0.660524
2.262712 0.649244
2.254326 0.653376
1.370646 1.067564
1.362991 1.065470
1.356936 1.063920
1.342029 1.018569
1.341824 1.028623
1.350328 1.018326
1.343944 1.010901
1.350062 1.012072
1.345703 1.002563
1.353185 1.011088
1.351394 1.003711
1.279638 1.062402
1.287419 1.057004
1.317680 1.061092
1.319355 1.054788
1.306987 1.052538
1.314592 1.047987
1.310084 1.040482
1.297008 1.056521
1.291774 1.062374
1.278102 1.066952
1.284806 1.067654
1.302090 1.046928
1.295223 1.051645
1.300004 1.046633
1.304012 1.041009
1.265127 1.068020
1.273576 1.061781
1.253154 1.066280
1.252327 1.067617
1.239845 1.066052
1.228933 1.058584
1.228014 1.058143
1.222953 1.053386
1.309008 1.030307
1.331958 1.029966
1.334427 1.022838
1.312601 1.029392
1.318806 1.029158
1.314712 1.024449
1.320777 1.024724
1.322316 1.019854
1.335971 1.017417
1.337518 1.011499
1.325412 1.007838
1.333018 1.003009
1.340643 0.995950
1.328671 0.992125
1.334840 0.991496
1.319113 1.007244
1.313916 1.002548
1.321110 0.998009
1.315400 0.995228
1.322013 0.992895
1.316419 0.990123
1.316970 0.985913
1.475590 0.919806
1.474277 0.917936
1.477879 0.906459
1.474675 0.911852
1.472053 0.909433
1.475993 0.916378
1.479698 0.902662
1.475472 0.904082
1.479091 0.904065
1.429753 0.907013
1.423763 0.911723
1.426419 0.904411
1.436511 0.895254
1.431483 0.897713
1.442051 0.887921
1.435211 0.888017
1.395556 0.932291
1.418147 0.917475
1.397533 0.922200
1.404290 0.919356
1.383359 0.928701
1.377401 0.926378
1.365246 0.924045
1.384553 0.922486
1.379633 0.915035
1.372901 0.917865
1.367705 0.911369
1.313666 0.982802
1.313152 0.980912
1.309104 0.969323
1.307436 0.965373
1.309773 0.963312
1.304012 0.952141
1.303045 0.940562
1.297004 0.937223
1.293133 0.928340
1.283482 0.916150
1.275700 0.923107
1.275884 0.918362
1.264280 0.912115
1.353607 0.919310
1.356295 0.905713
1.343831 0.904477
1.345267 0.897010
1.321506 0.891279
1.339623 0.895679
1.340462 0.890819
1.329114 0.886178
1.323062 0.884348
1.332439 0.877812
1.327640 0.872196
1.324425 0.865226
1.314360 0.895385
1.315451 0.889712
1.315663 0.888750
1.309392 0.888698
1.261141 0.902734
1.307589 0.881433
1.317006 0.882861
1.310361 0.875938
1.320097 0.871391
1.323023 0.859404
1.322555 0.859429
1.320311 0.856249
1.218269 1.048449
1.213423 1.042421
1.209000 1.034817
1.192027 1.025885
1.207884 1.035588
1.202917 1.031700
1.192877 1.024741
1.187169 1.015380
1.186747 1.007334
1.187271 1.004833
1.187154 1.001237
1.184320 0.992607
1.186034 0.988580
1.182814 0.979840
1.185449 0.976068
1.187956 0.968720
1.188769 0.958355
1.191530 0.961653
1.191929 0.955556
1.251683 0.909892
1.239571 0.907016
1.240689 0.903791
1.228711 0.902046
1.227524 0.904774
1.213623 0.908521
1.215319 0.904633
1.187883 0.950151
1.184754 0.937035
1.186310 0.942969
1.189417 0.940804
1.186121 0.933797
1.189387 0.924008
1.190111 0.920646
1.200698 0.912626
1.248702 0.898882
1.236588 0.896310
1.166474 0.851211
1.157479 0.855180
1.220060 0.829044
1.208149 0.827020
1.207528 0.831218
1.180451 0.851084
1.161002 0.859912
1.174665 0.856417
1.162535 0.855701
1.179999 0.844776
1.185367 0.839485
1.200573 0.830631
1.196053 0.824692
1.188453 0.828768
1.171686 0.845366
1.177757 0.844749
1.174785 0.832926
1.183944 0.821410
1.177397 0.821366
1.168734 0.830788
1.149381 0.853912
1.150426 0.852513
1.151967 0.847338
1.149358 0.839028
1.144531 0.842251
1.143544 0.835817
1.141431 0.834935
1.161123 0.836275
1.157638 0.826905
1.165350 0.816435
1.148919 0.831392
1.142984 0.828354
1.140840 0.827208
1.135792 0.830543
1.439026 0.876601
1.444929 0.876250
1.444709 0.880638
1.451309 0.865452
1.446276 0.870397
1.448966 0.869087
1.493018 0.850602
1.493775 0.846375
1.492482 0.849519
1.481679 0.843343
1.474697 0.845337
1.480720 0.845228
1.461844 0.853883
1.459331 0.856318
1.452300 0.859518
1.458117 0.858558
1.464550 0.858992
1.464108 0.859182
1.465728 0.853154
1.466232 0.853205
1.318452 0.852359
1.318557 0.849633
1.315196 0.838628
1.302885 0.836407
1.309688 0.834735
1.316264 0.832887
1.316940 0.833340
1.316166 0.831559
1.310624 0.829838
1.310214 0.829681
1.304160 0.830196
1.297227 0.831692
1.291199 0.828401
1.285414 0.827599
1.285001 0.827247
1.285216 0.826638
1.283392 0.825087
1.278218 0.817623
1.278785 0.809823
1.274907 0.819210
1.269716 0.813884
1.276169 0.812142
1.270023 0.810998
1.255211 0.818400
1.263206 0.814106
1.263684 0.810572
1.247672 0.822257
1.233937 0.827299
1.270676 0.806846
1.262908 0.812117
1.267147 0.806960
1.221809 0.824180
1.179447 0.812571
1.182544 0.800579
1.173227 0.811077
1.174952 0.803559
1.178048 0.791622
1.174419 0.788614
1.177605 0.783198
1.182970 0.772128
1.181306 0.767328
1.184524 0.765224
1.185774 0.764879
1.182684 0.753504
1.182153 0.749913
1.176278 0.747754
1.169263 0.744040
1.182135 0.751591
1.175900 0.747441
1.181303 0.751168
1.175248 0.749623
1.178338 0.738403
1.177758 0.740461
1.170101 0.744988
1.172281 0.737109
1.171626 0.739265
1.172285 0.736550
1.173293 0.733007
1.173833 0.730550
1.177555 0.730134
1.173526 0.730412
1.180743 0.724726
1.164929 0.741176
1.166231 0.734877
1.157812 0.740989
1.158627 0.739401
1.160177 0.733200
1.154788 0.736926
1.155612 0.730933
1.167770 0.730017
1.161420 0.727421
1.177013 0.717317
1.173085 0.710480
1.172613 0.709620
1.178491 0.710626
1.167453 0.704778
1.154706 0.704195
1.159952 0.701087
1.182311 0.710972
1.179431 0.706524
1.172861 0.706969
1.160797 0.703815
1.155713 0.698678
1.150197 0.690711
1.146062 0.686478
1.150092 0.682722
1.147288 0.680149
1.139989 0.685056
1.142740 0.680916
1.134920 0.679874
1.134706 0.678860
1.129958 0.671591
1.133494 0.666279
1.133705 0.660156
1.135583 0.658825
1.134094 0.655293
1.122080 0.651956
1.121796 0.647493
1.116484 0.648746
1.111742 0.642334
1.117421 0.643517
1.107680 0.631446
1.103169 0.624426
0.861533 0.740825
0.861511 0.740886
0.855454 0.739628
0.854750 0.739249
0.847345 0.737431
0.849203 0.736977
0.830099 0.741184
0.836323 0.738584
0.830175 0.737448
0.836821 0.735015
0.817989 0.734753
0.811594 0.732836
0.805737 0.732311
0.799726 0.728944
0.794007 0.727914
0.787905 0.721062
0.774238 0.717706
0.774022 0.715903
0.769146 0.722378
0.763095 0.720350
0.770685 0.717486
0.764630 0.715929
0.771091 0.715329
0.765352 0.712655
0.761687 0.712868
0.759701 0.709651
0.753052 0.710392
0.740514 0.709022
0.707235 0.721606
0.700985 0.712082
0.693376 0.717288
0.694933 0.710196
0.722510 0.703955
0.715568 0.705796
0.708450 0.707744
0.696481 0.704168
0.702538 0.705520
0.746991 0.707216
0.739687 0.710418
0.732824 0.711990
0.727083 0.709291
0.698029 0.698044
0.703237 0.701923
0.700068 0.697720
0.687319 0.715940
0.679809 0.713079
0.671962 0.717337
0.666662 0.719849
0.683145 0.706411
0.694400 0.698126
0.673804 0.692663
0.658930 0.726381
0.651491 0.726467
0.647615 0.719344
0.652686 0.723876
0.660017 0.720083
0.653964 0.718251
0.647128 0.720521
0.646258 0.717212
0.649452 0.711368
0.640623 0.696524
0.646486 0.698559
0.641980 0.690915
0.675225 0.710916
0.669181 0.708099
0.676775 0.704647
0.672264 0.697644
0.670728 0.702046
0.661572 0.713150
0.661725 0.712461
0.655518 0.711558
0.655537 0.711469
0.653298 0.704801
0.658621 0.698629
0.660729 0.691956
0.651442 0.698153
0.876726 0.730913
0.875989 0.736522
0.867367 0.736162
0.879817 0.719403
0.885881 0.719862
0.887429 0.713929
0.872208 0.724677
0.907310 0.700911
0.888972 0.708522
0.901155 0.703793
0.904431 0.692224
0.955864 0.672854
0.958751 0.672856
0.958105 0.670943
0.955480 0.671912
0.949089 0.673384
0.937236 0.669442
0.931353 0.667306
0.917186 0.672049
0.936808 0.669347
0.926247 0.669303
0.962566 0.667610
0.962838 0.668506
0.961762 0.659450
0.957685 0.652260
0.958185 0.644434
0.905490 0.680129
0.912143 0.679971
0.907365 0.684989
0.910377 0.674678
1.051485 0.648859
1.051502 0.648807
1.053053 0.642319
1.054473 0.637135
1.061152 0.618446
1.039381 0.646936
1.045441 0.647832
1.046989 0.641853
1.033327 0.645235
1.027676 0.636743
1.048527 0.637015
1.042145 0.637191
1.044024 0.628992
1.049698 0.631324
1.050086 0.629611
1.030365 0.632081
1.033463 0.619796
1.026645 0.630301
1.024493 0.628022
1.027418 0.617006
1.008618 0.614281
1.022353 0.611156
1.097297 0.614945
1.094063 0.608374
1.088090 0.604878
1.081689 0.604685
1.062335 0.606968
1.063955 0.606757
1.076950 0.599960
1.071018 0.602310
1.063881 0.601213
1.065432 0.594835
1.071391 0.596612
0.974248 0.629808
0.974321 0.624205
0.980380 0.625148
0.965169 0.634676
0.961638 0.639088
0.955303 0.639316
0.995593 0.615288
0.987990 0.619940
0.788358 0.714987
0.781387 0.700700
0.766176 0.710222
0.763337 0.708848
0.763463 0.702702
0.760129 0.707518
0.754075 0.705877
0.786283 0.712720
0.778310 0.710234
0.779857 0.704354
0.772248 0.709584
0.775273 0.710011
0.772606 0.707934
0.778201 0.686921
0.775781 0.685386
0.776895 0.691298
0.766191 0.708336
0.758336 0.693468
0.753832 0.698549
0.772380 0.684707
0.772388 0.683748
0.771716 0.688807
0.771740 0.685239
0.764349 0.688761
0.765478 0.684527
0.758255 0.687428
0.697292 0.690852
0.702581 0.657673
0.707553 0.640341
0.708604 0.634424
0.708659 0.632644
0.694276 0.687122
0.689791 0.679747
0.691373 0.681442
0.687646 0.676134
0.690036 0.674923
0.694906 0.668177
0.704392 0.644337
0.650313 0.669604
0.649442 0.664960
0.654231 0.664486
0.654151 0.651965
0.652569 0.646491
0.656852 0.644685
0.654111 0.638988
0.699892 0.635960
0.693838 0.634146
0.702981 0.624728
0.698480 0.616460
0.703146 0.612751
0.693971 0.609149
0.692431 0.614140
0.686374 0.612823
0.688214 0.606109
0.657507 0.624951
0.672720 0.615240
0.668214 0.607532
0.683418 0.598894
0.675821 0.602548
0.684954 0.594254
0.678910 0.591381
0.665245 0.595112
0.663703 0.600332
0.485540 0.747688
0.491602 0.748543
0.477944 0.751320
0.473422 0.745703
0.465830 0.748732
0.460260 0.745606
0.448291 0.742097
0.449451 0.739479
0.443141 0.738668
0.436338 0.738526
0.423675 0.737623
0.406045 0.731149
0.411332 0.734922
0.405284 0.732615
0.395472 0.723688
0.291624 0.725555
0.292910 0.719913
0.276415 0.734692
0.277431 0.729573
0.285578 0.722819
0.295255 0.707674
0.307011 0.700192
0.628322 0.693641
0.629877 0.686861
0.617765 0.683951
0.623348 0.686969
0.617546 0.682818
0.611729 0.680051
0.605679 0.677901
0.520472 0.736038
0.531173 0.719253
0.533222 0.714202
0.523563 0.724520
0.525104 0.719381
0.507030 0.734292
0.514411 0.735140
0.499202 0.744444
0.493139 0.743880
0.515955 0.729650
0.511438 0.723456
0.488620 0.737656
0.487079 0.742818
0.541882 0.701649
0.534266 0.707616
0.537361 0.695635
0.540547 0.689483
0.528196 0.707821
0.539054 0.682937
0.542082 0.663344
0.546535 0.682447
0.548084 0.676266
0.543571 0.669423
0.547861 0.669194
0.547520 0.662911
0.638845 0.682697
0.641080 0.677070
0.617868 0.683328
0.615589 0.676997
0.640739 0.675192
0.635771 0.680162
0.623919 0.683114
0.612022 0.679331
0.608290 0.673410
0.608345 0.667239
0.611916 0.661935
0.606609 0.665051
0.647173 0.642525
0.632730 0.638752
0.619588 0.649665
0.617034 0.655226
0.627141 0.645066
0.641663 0.637274
0.643845 0.628315
0.631737 0.624891
0.645393 0.622269
0.633379 0.619930
0.639336 0.620923
0.626423 0.621820
0.620159 0.621114
0.625685 0.623082
0.613688 0.619480
0.653002 0.617042
0.646946 0.615615
0.636956 0.615050
0.640886 0.614673
0.650039 0.604030
0.656100 0.604740
0.658053 0.598237
0.656611 0.599535
0.608051 0.618132
0.595390 0.617747
0.595900 0.615316
0.608462 0.614871
0.596508 0.611306
0.582436 0.614038
0.575679 0.618692
0.569979 0.615746
0.583926 0.610099
0.576743 0.612844
0.570495 0.612079
0.546703 0.658130
0.546661 0.650318
0.543717 0.642658
0.554432 0.624276
0.549273 0.630627
0.548367 0.624015
0.563000 0.617720
0.566087 0.614426
0.556626 0.617426
0.550319 0.618516
0.555977 0.618556
0.540750 0.630179
0.390196 0.718048
0.385431 0.709930
0.380787 0.703153
0.384410 0.712070
0.382259 0.706303
0.369869 0.693972
0.361326 0.680825
0.353018 0.658632
0.315313 0.689854
0.314949 0.688010
0.322796 0.679330
0.322725 0.671341
0.320795 0.677056
0.356183 0.665428
0.347403 0.653768
0.342599 0.643517
0.338908 0.640849
0.325318 0.663948
0.326636 0.645782
0.320510 0.642522
0.325444 0.639728
0.323996 0.637181
0.335422 0.635577
0.336478 0.634055
0.333970 0.629809
0.328047 0.633770
0.327485 0.631669
0.328552 0.626216
0.329104 0.622163
0.321766 0.630440
0.324042 0.619081
0.319547 0.609921
0.325324 0.610983
0.319555 0.608911
0.098982 0.748271
0.107971 0.743256
0.105757 0.746050
0.106598 0.742368
0.102012 0.747973
0.101168 0.739803
0.100396 0.740232
0.107462 0.739659
0.102097 0.733908
0.102009 0.733821
0.014506 0.798080
0.019030 0.786828
0.021089 0.785552
0.019985 0.780179
0.033661 0.775024
0.093466 0.743758
0.093534 0.741783
0.089402 0.738705
0.088831 0.736772
0.089977 0.732049
0.096757 0.729676
0.088801 0.730580
0.096053 0.731048
0.095137 0.734070
0.089991 0.730307
0.088802 0.733631
0.043143 0.756514
0.023083 0.767948
0.030697 0.762042
0.032245 0.756095
0.039860 0.750076
0.042964 0.737048
0.029161 0.742464
0.032385 0.730194
0.041216 0.729511
0.037990 0.718117
0.039756 0.716762
0.039625 0.710543
0.039044 0.702450
0.037312 0.708221
0.047465 0.700105
0.270058 0.733031
0.257747 0.730806
0.261463 0.727908
0.244006 0.725390
0.252209 0.726649
0.243735 0.719148
0.247705 0.718767
0.253763 0.719841
0.244381 0.711329
0.249370 0.710398
0.231785 0.702058
0.218847 0.682964
0.214474 0.670112
0.143787 0.692841
0.137979 0.694320
0.138713 0.690754
0.146316 0.686173
0.140265 0.684257
0.134207 0.683060
0.135755 0.676979
0.210408 0.659444
0.200320 0.648862
0.205621 0.653117
0.188270 0.645661
0.180887 0.650898
0.194961 0.643063
0.172950 0.656462
0.166806 0.655308
0.165813 0.657313
0.161004 0.652870
0.160380 0.653481
0.158032 0.647686
0.155072 0.640776
0.157811 0.635269
0.162088 0.630143
0.158398 0.627444
0.155180 0.639039
0.153062 0.632323
0.189145 0.616347
0.209611 0.612272
0.202806 0.612918
0.216241 0.602755
0.210998 0.605334
0.188599 0.616779
0.222078 0.596243
0.217946 0.596990
0.211615 0.575373
0.214343 0.575771
0.212688 0.573048
0.206854 0.569014
0.201503 0.566610
0.181544 0.620404
0.174620 0.622521
0.182139 0.616811
0.169440 0.616623
0.170146 0.613384
0.161834 0.621451
0.158888 0.606262
0.151282 0.611082
0.152829 0.605168
0.160437 0.600141
0.163530 0.588471
0.155923 0.593417
0.185474 0.574869
0.187093 0.570541
0.183745 0.572682
0.190749 0.569985
0.194402 0.567320
0.060110 0.682871
0.067591 0.670558
0.066993 0.665010
0.075349 0.660094
0.075457 0.652158
0.080353 0.640988
0.083714 0.633856
0.089228 0.630808
0.086824 0.622242
0.086395 0.620385
0.053365 0.685643
0.146774 0.603573
0.135558 0.601502
0.140724 0.601333
0.118480 0.611467
0.116918 0.617262
0.115206 0.608880
0.113420 0.614636
0.127682 0.603249
0.119437 0.603730
0.144913 0.597614
0.141699 0.599068
0.148324 0.597396
0.149268 0.594873
0.110926 0.619436
0.105257 0.616493
0.111228 0.616596
0.104803 0.616491
0.104033 0.614102
0.099739 0.611302
0.099499 0.611212
0.109316 0.609222
0.107331 0.608221
0.101283 0.605903
0.094490 0.606758
0.090648 0.609037
0.086708 0.611755
0.095226 0.604611
