3.418218 0.817201
3.421502 0.818293
3.425352 0.817485
3.420590 0.820458
3.417710 0.821800
3.419760 0.810877
3.425161 0.813186
3.420990 0.807486
3.425827 0.814099
3.426649 0.815929
3.435967 0.797518
3.428916 0.802377
3.435708 0.797795
3.421758 0.804707
3.421316 0.806963
3.426294 0.809900
3.421873 0.806767
3.422863 0.801528
3.412169 0.816768
3.411459 0.821083
3.409033 0.817745
3.413707 0.809836
3.414545 0.807471
3.411934 0.810074
3.409563 0.811922
3.416106 0.799384
3.414357 0.796338
3.410725 0.794206
3.412015 0.788421
3.410371 0.789441
3.415416 0.807352
3.415243 0.807419
3.418997 0.799822
3.411563 0.794941
3.407282 0.791134
3.419961 0.822731
3.309190 0.766846
3.314467 0.762123
3.304001 0.773970
3.315377 0.765081
3.299748 0.770594
3.285131 0.780826
3.278409 0.781815
3.266136 0.779550
3.253628 0.778138
3.301939 0.802104
3.299509 0.803692
3.293677 0.801464
3.291956 0.799762
3.301613 0.795585
3.295555 0.793798
3.291422 0.793693
3.305554 0.776750
3.300911 0.781604
3.298644 0.781801
3.292585 0.779967
3.279317 0.780980
3.260098 0.780523
3.090780 0.892058
3.056053 0.913587
3.053494 0.917612
3.078744 0.898655
3.083102 0.896118
3.071284 0.902869
3.067543 0.904367
3.063499 0.904774
3.100400 0.883480
3.105843 0.878795
3.113094 0.872167
3.130269 0.864270
3.130036 0.864289
3.123988 0.864132
3.125280 0.858085
3.116383 0.867702
3.113005 0.868562
3.125770 0.853884
3.126218 0.849012
3.125766 0.851296
3.127084 0.853376
3.093611 0.885923
3.102752 0.874957
3.046836 0.917385
3.033866 0.916184
3.033604 0.919572
3.027272 0.916710
3.027522 0.918245
3.015210 0.916129
3.045291 0.921825
3.033591 0.922093
2.991807 0.922339
3.008693 0.916767
3.001450 0.921019
2.986814 0.923110
2.986457 0.923454
2.972992 0.926463
2.972619 0.930227
2.973537 0.928779
2.988647 0.921379
3.129568 0.783678
3.241247 0.776265
3.237232 0.773787
3.229498 0.769673
3.230026 0.770202
3.224395 0.764461
3.218970 0.761089
3.223532 0.766985
3.213535 0.756279
3.210112 0.744026
3.205117 0.738769
3.188255 0.724905
3.187699 0.725183
3.176048 0.724120
3.169061 0.724348
3.177476 0.744172
3.169872 0.748082
3.171435 0.741542
3.171413 0.741658
3.198359 0.730055
3.180975 0.731931
3.183906 0.726659
3.134079 0.830590
3.140817 0.817793
3.128908 0.843681
3.129787 0.840351
3.134625 0.827170
3.142678 0.808714
3.139127 0.803171
3.134676 0.812869
3.133190 0.798804
3.129550 0.788992
3.247592 0.779107
3.123178 0.764840
3.125834 0.772193
3.118309 0.749519
3.117376 0.757516
3.120818 0.744016
3.117296 0.751545
3.128694 0.708926
3.118915 0.714954
3.122222 0.730039
3.118980 0.721314
3.115492 0.709924
3.114775 0.713216
3.083644 0.704397
3.089011 0.699579
3.088812 0.701931
3.071172 0.702732
3.071095 0.705455
3.063083 0.708682
3.050283 0.710379
3.057890 0.706975
3.037054 0.711952
3.030977 0.710605
3.036800 0.684921
3.036711 0.684968
3.030009 0.685888
3.126708 0.782376
3.466891 0.775769
3.468981 0.766514
3.468999 0.756726
3.467097 0.762240
3.454227 0.756848
3.451797 0.757077
3.445458 0.763114
3.443795 0.768692
3.447290 0.750460
3.441243 0.750387
3.450472 0.735261
3.450002 0.735575
3.445504 0.740491
3.448827 0.743233
3.448832 0.744143
3.409287 0.772437
3.403882 0.768726
3.394576 0.753282
3.398720 0.763572
3.396075 0.763426
3.398726 0.764570
3.385168 0.738486
3.388955 0.747446
3.378691 0.740747
3.383846 0.747885
3.373992 0.731968
3.373842 0.734961
3.459498 0.723885
3.467097 0.719179
3.468644 0.713693
3.468716 0.713461
3.466638 0.719219
3.461047 0.718794
3.462588 0.712197
3.456538 0.711646
3.456595 0.731159
3.457314 0.725366
3.451920 0.732054
3.453162 0.718437
3.451116 0.712014
3.464140 0.707574
3.458090 0.707153
3.467720 0.788631
3.463469 0.781657
3.468278 0.791131
3.465423 0.784506
3.465383 0.784422
3.463211 0.778041
3.446461 0.777656
3.442794 0.788731
3.442766 0.785140
3.466261 0.764443
3.467372 0.758763
3.437867 0.792358
3.441183 0.778821
3.445526 0.771478
3.443486 0.767870
3.439677 0.758341
3.410984 0.781240
3.407052 0.774352
3.404852 0.782193
3.400707 0.775280
3.404792 0.767684
3.404888 0.767525
3.399873 0.762344
3.318149 0.748682
3.313103 0.755844
3.316917 0.758381
3.325669 0.736150
3.320422 0.739146
3.318541 0.742812
3.325668 0.746895
3.363189 0.721956
3.357964 0.717041
3.352811 0.712825
3.364369 0.721401
3.358926 0.716487
3.326879 0.722133
3.321619 0.706711
3.327691 0.710938
3.325312 0.732498
3.329710 0.713274
3.327285 0.718650
3.330458 0.674096
3.323734 0.670702
3.353443 0.708294
3.349156 0.700275
3.344023 0.695505
3.353711 0.712036
3.322803 0.686594
3.328483 0.696268
3.328244 0.698618
3.329238 0.705401
3.325596 0.692179
3.323790 0.689208
3.326262 0.690664
3.332875 0.686740
3.329416 0.682182
3.333727 0.686100
3.330580 0.684853
3.322302 0.680508
3.321855 0.679933
3.326051 0.683791
3.322269 0.680901
3.327804 0.684375
3.329875 0.676328
3.334864 0.681995
3.335452 0.679873
3.329682 0.674949
3.324011 0.672136
3.303556 0.674264
3.297499 0.672703
3.318218 0.667319
3.312004 0.666465
3.314768 0.656096
3.314267 0.655845
3.305094 0.667325
3.304439 0.670514
3.298294 0.669411
3.308391 0.653768
3.308180 0.655081
3.306638 0.661388
3.300580 0.659566
3.311161 0.670699
3.316613 0.675567
3.320610 0.668203
3.317416 0.667454
3.317234 0.674920
3.292238 0.671064
3.295019 0.655487
3.289800 0.656187
3.294523 0.657911
3.283946 0.647438
3.279190 0.640316
3.272710 0.640427
3.271835 0.644558
3.277892 0.646316
3.195022 0.723750
3.195298 0.725178
3.189452 0.722999
3.177597 0.718991
3.168501 0.714690
3.161206 0.703644
3.157629 0.697828
3.156600 0.696968
3.158647 0.700470
3.157997 0.693778
3.144319 0.693077
3.145830 0.689272
3.162516 0.702334
3.265775 0.642513
3.233335 0.622641
3.232367 0.623048
3.226444 0.621148
3.226498 0.620955
3.218024 0.619051
3.097595 0.672992
3.105000 0.668371
3.107632 0.656818
3.106544 0.662309
3.106246 0.657139
3.100490 0.661025
3.098946 0.667107
3.096894 0.660897
3.096812 0.649285
3.101601 0.657741
3.102279 0.655292
3.134564 0.698366
3.126551 0.704836
3.138265 0.691917
3.134326 0.692351
3.123090 0.705127
3.130687 0.700178
3.139816 0.687106
3.133759 0.685635
3.130358 0.685470
3.089999 0.693850
3.092800 0.696152
3.094327 0.687178
3.091432 0.688235
3.089575 0.682826
3.088987 0.681718
3.098620 0.675611
3.099455 0.667961
3.097420 0.676085
3.106550 0.665631
3.106564 0.665615
3.100502 0.663099
3.090903 0.649796
3.051149 0.673997
3.050059 0.667769
3.050259 0.659486
3.052083 0.662283
3.053763 0.654337
3.051206 0.650961
3.044445 0.654136
3.044228 0.655330
3.038299 0.653098
3.038391 0.653150
3.046347 0.638287
3.045812 0.647141
3.041464 0.638608
3.039920 0.644619
3.039695 0.645941
3.044535 0.680776
3.044246 0.681041
3.031686 0.682282
3.039832 0.675305
3.047419 0.668823
3.042908 0.661434
3.092989 0.636635
3.087258 0.634738
3.086953 0.638540
3.083453 0.625175
3.076975 0.622845
3.070825 0.621758
3.071866 0.620929
3.051070 0.625098
3.051823 0.633608
3.050910 0.627434
3.044551 0.626566
3.058662 0.619096
3.053817 0.619772
3.058533 0.622011
3.056597 0.622818
2.880264 0.827285
2.960887 0.923584
2.966383 0.929456
2.955886 0.918334
2.947819 0.898399
2.953117 0.907269
2.953537 0.909779
2.947906 0.894146
2.931368 0.884792
2.937149 0.887906
2.938253 0.889469
2.931986 0.883244
2.932172 0.885018
2.926557 0.882002
2.920266 0.881432
2.967208 0.928929
2.959676 0.925530
2.911652 0.885785
2.899443 0.912099
2.899119 0.913717
2.904165 0.916038
2.898158 0.919639
2.893387 0.910586
2.892983 0.912587
2.891959 0.918738
2.900987 0.906083
2.902568 0.907307
2.904814 0.910245
2.896475 0.898644
2.894933 0.904846
2.882810 0.900003
2.883047 0.899424
2.888880 0.903828
2.888670 0.904856
2.882822 0.902069
2.882761 0.902905
2.882857 0.911043
2.882020 0.908056
2.905602 0.885265
2.909843 0.888751
2.902878 0.900118
2.909458 0.891079
2.898361 0.888246
2.890837 0.894570
2.900710 0.894971
2.875800 0.902317
2.876367 0.902707
2.863452 0.900325
2.857872 0.897177
2.863179 0.903755
2.854028 0.901863
2.856864 0.905749
2.880043 0.829350
2.891826 0.921697
2.924220 0.723552
2.916808 0.727925
2.918361 0.723396
2.897577 0.726627
2.898654 0.725781
2.906258 0.722072
2.846479 0.891984
2.840422 0.890378
2.845325 0.898359
2.833377 0.890039
2.832864 0.896783
2.826259 0.892942
2.826888 0.895074
2.791851 0.903663
2.822123 0.884080
2.811358 0.887061
2.820577 0.892113
2.820487 0.894903
2.804343 0.893751
2.807811 0.894103
2.800374 0.895226
2.853553 0.887032
2.847780 0.884581
2.776654 0.913049
2.778208 0.908833
2.762472 0.901794
2.764535 0.908903
2.770835 0.911202
2.765874 0.905817
2.765392 0.904865
2.772157 0.908025
2.780583 0.890591
2.773160 0.890009
2.771254 0.900290
2.773698 0.901626
2.767627 0.897717
2.776773 0.887418
2.784005 0.872288
2.782872 0.866051
2.790513 0.852999
2.785521 0.848278
2.784471 0.853684
2.779778 0.845724
2.783153 0.854201
2.781356 0.847832
2.779970 0.848133
2.774582 0.843661
2.778671 0.881771
2.778600 0.861499
2.766938 0.845515
2.768190 0.843458
2.752629 0.849453
2.753310 0.848158
2.746642 0.848951
2.885322 0.724294
2.885566 0.725841
2.867515 0.718708
2.873163 0.724049
2.862289 0.712156
2.851399 0.704574
2.861210 0.720641
2.855677 0.714870
2.855355 0.718495
2.840659 0.696757
2.843918 0.710750
2.837561 0.708423
2.836753 0.702286
2.843390 0.715128
2.979551 0.570638
2.978741 0.565160
2.984178 0.551946
2.982634 0.558069
2.979146 0.553360
2.984985 0.538017
2.963031 0.538817
2.961251 0.539314
2.963857 0.541405
2.961150 0.542128
2.964504 0.533199
2.963045 0.534665
2.982385 0.532842
2.976695 0.530533
2.970396 0.529555
2.937048 0.587291
2.943156 0.568715
2.950202 0.556070
2.949559 0.564261
2.950525 0.558536
2.946295 0.548487
2.952361 0.551744
2.956614 0.554021
2.953905 0.545712
2.954353 0.540946
3.019070 0.706991
3.013218 0.702420
3.007310 0.700459
3.023505 0.686088
3.002162 0.697043
2.995760 0.693646
2.997310 0.688839
2.989728 0.691644
2.991254 0.687173
2.977586 0.688143
2.983715 0.690061
2.985315 0.686716
2.962394 0.698674
2.975192 0.688324
2.970904 0.692183
2.969696 0.693004
2.965762 0.694448
3.019643 0.704953
3.018459 0.672268
3.018218 0.680550
3.018563 0.680792
3.020117 0.676443
3.024631 0.684210
3.014049 0.672932
3.013653 0.675065
3.014676 0.671368
3.011742 0.673074
3.014057 0.674191
3.024715 0.652886
3.023296 0.653133
3.024732 0.655648
3.024669 0.656096
3.020069 0.660719
3.031816 0.640837
3.030886 0.628029
3.018433 0.624662
3.015585 0.622710
3.024825 0.625765
3.029856 0.648711
3.032326 0.650128
3.033860 0.642500
3.035405 0.636652
3.004350 0.626038
2.997513 0.631734
2.998849 0.627118
3.006651 0.620212
3.005644 0.620369
2.998781 0.618754
3.000601 0.619627
2.985939 0.625570
2.980923 0.626492
2.993038 0.623207
2.992891 0.623337
2.985407 0.629704
2.990943 0.633223
2.985862 0.630022
2.991467 0.631886
2.993419 0.624269
2.993015 0.626708
2.986947 0.623045
2.988390 0.619144
2.981331 0.623007
2.951713 0.716310
2.953254 0.709853
2.938060 0.719846
2.932011 0.719371
2.941167 0.711015
2.959811 0.701412
2.918877 0.718017
2.974055 0.621887
2.972309 0.624462
2.967230 0.623793
2.975493 0.619240
2.974832 0.619594
2.970310 0.610377
2.967142 0.617275
2.959455 0.621433
2.955119 0.621121
2.949079 0.622138
2.964672 0.606729
2.958749 0.604820
2.952432 0.604343
2.964256 0.609466
2.960216 0.615646
2.949575 0.619583
2.958203 0.608428
2.952157 0.608548
2.917146 0.648104
2.940965 0.624952
2.934426 0.625279
2.941888 0.624050
2.934904 0.625983
2.941475 0.626117
2.928713 0.622612
2.929635 0.621723
2.924331 0.617593
2.942860 0.634247
2.933880 0.631293
3.016778 0.617023
3.020377 0.620075
3.020135 0.620215
3.021868 0.614138
3.002485 0.609923
3.008192 0.613680
3.005053 0.608312
3.009749 0.609859
2.997672 0.603990
2.993501 0.591291
2.999177 0.600240
2.996203 0.585969
2.996311 0.586007
2.988624 0.587611
2.990143 0.583729
2.948300 0.593526
2.950897 0.599149
2.953696 0.601680
2.958050 0.603238
2.941112 0.576587
2.937838 0.581773
2.946402 0.571882
2.985627 0.575678
2.985656 0.569199
2.983669 0.574674
2.865970 0.666216
2.867042 0.668942
2.860129 0.670545
2.875749 0.660185
2.876537 0.662739
2.879981 0.655208
2.877495 0.657012
2.896390 0.638798
2.909542 0.651917
2.908009 0.659646
2.897427 0.648468
2.897191 0.650680
2.911084 0.645494
2.898973 0.642652
2.891667 0.646029
2.885959 0.650647
2.883771 0.651397
2.880922 0.651871
2.890564 0.633877
2.888089 0.639238
2.892917 0.641374
2.904241 0.620271
2.890390 0.623081
2.897118 0.622707
2.891843 0.625808
2.833744 0.676537
2.840542 0.686469
2.837754 0.681493
2.833637 0.678883
2.846825 0.672015
2.836413 0.671192
2.839729 0.674755
2.661772 0.824449
2.645149 0.814083
2.705608 0.857409
2.691191 0.865362
2.699568 0.858718
2.684364 0.867115
2.733110 0.851251
2.726285 0.850364
2.728418 0.845743
2.735035 0.846741
2.723914 0.839613
2.729858 0.842152
2.712894 0.854397
2.707060 0.854610
2.714764 0.848964
2.670597 0.869879
2.663300 0.875386
2.662899 0.879302
2.656702 0.875922
2.650470 0.872704
2.651048 0.873049
2.656538 0.878984
2.650854 0.876223
2.627867 0.858716
2.633901 0.844160
2.631074 0.844674
2.637438 0.845660
2.629844 0.851118
2.624635 0.844639
2.618873 0.842140
2.628205 0.851149
2.624611 0.847142
2.619047 0.843936
2.638067 0.870911
2.632163 0.868939
2.638281 0.872575
2.632293 0.870914
2.627169 0.866124
2.624897 0.861134
2.623806 0.852442
2.623806 0.852555
2.625354 0.847307
2.658697 0.838515
2.666288 0.832589
2.663492 0.833215
2.660631 0.833493
2.645045 0.842204
2.654200 0.833477
2.646593 0.836905
2.648147 0.832774
2.661798 0.824383
2.664949 0.827596
2.663369 0.821133
2.664428 0.829887
2.651211 0.816721
2.657875 0.817684
2.636981 0.838912
2.640533 0.834634
2.638987 0.840313
2.642238 0.827587
2.643097 0.830830
2.639621 0.819259
2.641358 0.822056
2.642123 0.813883
2.646033 0.813876
2.642353 0.816343
2.587179 0.810520
2.571281 0.799425
2.566050 0.795015
2.554304 0.791146
2.547582 0.789398
2.542334 0.785048
2.542080 0.788416
2.531158 0.776387
2.525872 0.772166
2.536383 0.785699
2.531207 0.778637
2.524631 0.781566
2.526191 0.773457
2.525561 0.776502
2.517822 0.777521
2.517940 0.777639
2.519482 0.771476
2.519508 0.775694
2.518226 0.781409
2.521032 0.766247
2.521075 0.766184
2.514975 0.764688
2.515130 0.764356
2.521338 0.767695
2.609062 0.830956
2.603368 0.828223
2.604179 0.827761
2.597045 0.825336
2.593064 0.822624
2.588100 0.811013
2.580937 0.816064
2.576194 0.807429
2.568612 0.802577
2.565948 0.797853
2.328308 0.815508
2.312581 0.811531
2.032687 0.975951
2.025607 0.978237
2.019311 0.977681
2.020384 0.976225
2.006337 0.978844
2.007245 0.977098
2.000969 0.978944
1.978600 0.989858
1.970549 0.993219
1.971441 0.992016
1.965265 0.988996
1.965294 0.991333
1.964423 0.999130
1.972819 0.995154
1.994411 0.976869
1.988789 0.982185
1.980596 0.983436
1.988682 0.976738
2.165775 0.984465
2.148542 0.989945
2.155214 0.985548
2.158023 0.996959
2.150681 0.999698
2.139233 0.989560
2.147290 0.981679
2.143075 0.973214
2.148838 0.976231
2.144702 0.995542
2.131780 0.995628
2.137219 1.001737
2.131395 0.999474
2.156446 0.973030
2.162513 0.976271
2.165695 0.978501
2.158001 0.968924
2.144334 0.969967
2.137955 0.970841
2.129921 0.979599
2.127590 0.985123
2.130682 0.973646
2.126414 0.991706
2.123095 0.980555
2.136929 0.916255
2.144532 0.912180
2.140023 0.905399
2.132424 0.909880
2.129438 0.879354
2.124928 0.886278
2.128329 0.881460
2.135521 0.899472
2.152024 0.935143
2.153562 0.928227
2.158291 0.931425
2.158527 0.925523
2.145967 0.933609
2.139916 0.932878
2.145617 0.935782
2.147505 0.926694
2.147870 0.937332
2.145563 0.938421
2.139181 0.938182
2.156976 0.927578
2.153280 0.932654
2.127809 0.932669
2.135555 0.923078
2.129347 0.923802
2.128338 0.916038
2.153377 0.915963
2.158314 0.919522
2.153700 0.905739
2.146809 0.902512
2.127880 0.904178
2.120409 0.910639
2.120334 0.910723
2.088363 0.979384
2.100851 0.976353
2.098396 0.971533
2.098846 0.970433
2.091237 0.973464
2.092789 0.968743
2.089078 0.973580
2.087376 0.964729
2.081794 0.961591
2.086736 0.967716
2.095601 0.984085
2.089141 0.984124
2.095766 0.983734
2.089713 0.982826
2.099230 0.978345
2.097317 0.978896
2.091267 0.978523
2.100732 0.972742
2.098758 0.975139
2.091592 0.977726
2.085197 0.974539
2.087337 0.981509
2.080690 0.967953
2.085747 0.975545
2.063782 0.965266
2.068399 0.960964
2.069956 0.963116
2.056551 0.971891
2.075694 0.962799
2.069239 0.962819
2.061377 0.969457
2.050750 0.972913
2.053574 0.975288
2.094220 0.954517
2.094329 0.962081
2.096738 0.963451
2.088633 0.957748
2.088267 0.959676
2.080694 0.957302
2.098394 0.935228
2.097201 0.943294
2.099865 0.952278
2.100195 0.946411
2.101950 0.961089
2.046070 0.974192
2.039805 0.978428
2.032894 0.980099
2.026901 0.978451
2.108430 0.908982
2.112644 0.898042
2.118218 0.891013
2.100754 0.921478
2.100409 0.929740
2.103156 0.916078
2.101428 0.918075
2.108150 0.911293
2.103748 0.912676
2.212842 0.797626
2.219284 0.786191
2.213232 0.785326
2.211688 0.791324
2.213611 0.784412
2.207330 0.784388
2.207181 0.784750
2.205635 0.790430
2.200235 0.786143
2.185913 0.790258
2.194355 0.784083
2.187663 0.784963
2.168641 0.793184
2.181076 0.785461
2.173805 0.787980
2.172995 0.788239
2.185367 0.847302
2.194192 0.838688
2.190025 0.841129
2.193310 0.842790
2.167530 0.840962
2.170239 0.842441
2.167542 0.842945
2.176268 0.833533
2.173395 0.837214
2.169089 0.837421
2.197693 0.845311
2.192293 0.847996
2.195920 0.847313
2.186460 0.848240
2.179504 0.847604
2.174681 0.854220
2.171529 0.855578
2.166917 0.846477
2.133718 0.875726
2.138320 0.871898
2.129735 0.878256
2.150561 0.858081
2.147563 0.862179
2.157600 0.845437
2.156338 0.847510
2.157042 0.831004
2.158704 0.839725
2.161490 0.842165
2.158390 0.833685
2.163035 0.836207
2.159956 0.849791
2.152182 0.854891
2.194312 0.827836
2.195510 0.833911
2.190766 0.825305
2.184474 0.824738
2.190234 0.829666
2.190343 0.829458
2.184221 0.828088
2.198843 0.839629
2.175330 0.829338
2.158657 0.824814
2.164169 0.812406
2.177858 0.830254
2.173973 0.833798
2.171587 0.829611
2.170645 0.833480
2.173724 0.819887
2.160060 0.821628
2.157591 0.827539
2.164053 0.831474
2.168562 0.807467
2.167574 0.803673
2.213909 0.785794
2.207196 0.787313
2.200961 0.785976
2.194881 0.784646
2.187576 0.787735
2.181729 0.785560
2.165669 0.796986
2.166226 0.795971
2.174746 0.787491
2.168327 0.789537
1.931505 1.136992
1.933048 1.130971
1.948249 1.122071
1.942183 1.118828
1.940646 1.126112
1.951332 1.109089
1.939198 1.102621
1.943916 1.111599
1.959335 1.102505
1.962010 1.090982
1.940738 1.095887
1.946721 1.098996
1.943821 1.083210
1.950305 1.083582
1.952969 1.073167
1.911716 1.014159
1.909209 1.007412
1.897485 1.003344
1.889733 1.014954
1.952465 0.988645
1.952601 0.990592
1.946004 0.988686
1.940132 0.986596
1.936878 0.981903
1.941163 0.985113
1.946320 0.989985
1.904155 1.002543
1.938169 0.967240
1.936512 0.976356
1.940719 0.979261
1.940491 0.970841
1.939728 0.963732
1.945797 0.967388
1.928613 0.955826
1.916965 0.951310
1.887569 0.936100
1.904458 0.947436
1.896261 0.937790
1.861566 0.936853
1.854542 0.938934
1.882516 0.934567
1.868584 0.937391
1.867641 0.943130
1.859466 0.941057
1.854454 0.944170
1.849620 0.947114
1.840320 0.946164
1.821029 0.943528
1.827597 0.943436
1.826285 0.952735
1.819764 0.952995
1.813612 0.949462
1.806369 0.955655
1.800619 0.949809
1.794722 0.945382
1.794120 0.952445
1.799126 0.960140
1.786663 0.958139
1.782108 0.943608
1.781810 0.945434
1.781881 0.947604
1.776625 0.943042
1.776059 0.943181
1.763361 0.942179
1.756873 0.942319
1.763131 0.945445
1.774534 0.952475
1.768482 0.951559
1.755723 0.951376
1.728334 0.963887
1.748514 0.942393
1.749782 0.947078
1.735273 0.950496
1.741187 0.949010
1.722937 0.964987
1.734971 0.956451
1.692428 1.010282
1.706133 0.992672
1.696775 0.999372
1.704031 0.989164
1.711733 0.982620
1.715512 0.977550
1.887532 1.180518
1.891843 1.191337
1.896375 1.202134
1.904175 1.190012
1.889278 1.204840
1.882305 1.206739
1.889785 1.198551
1.875602 1.205224
1.877854 1.194640
1.870201 1.197547
1.867697 1.212928
1.862280 1.206760
1.861096 1.212073
1.857894 1.196864
1.850310 1.205832
1.896638 1.163223
1.905612 1.161649
1.911757 1.157219
1.901081 1.151178
1.905639 1.184400
1.913102 1.182630
1.897593 1.180117
1.906243 1.170233
1.919295 1.163292
1.844740 1.197794
1.837744 1.202193
1.837425 1.205785
1.826285 1.196980
1.831922 1.202366
1.815054 1.182199
1.820007 1.163089
1.811558 1.176003
1.810629 1.163247
1.816478 1.190862
1.820104 1.198460
1.809428 1.183234
1.808237 1.193707
1.801248 1.186126
1.807622 1.176848
1.800992 1.171856
1.834451 1.132372
1.823770 1.150175
1.804092 1.157489
1.811678 1.150573
1.826857 1.138141
1.820810 1.137971
1.822351 1.131495
1.814194 1.137862
1.810258 1.131787
1.909765 1.148404
1.912616 1.134769
1.904159 1.137609
1.900122 1.127617
1.927633 1.134730
1.928519 1.120735
1.920915 1.124417
1.901185 1.122965
1.906977 1.126141
1.916388 1.114336
1.910326 1.112071
1.923901 1.140760
1.919921 1.147230
1.923228 1.150435
1.893585 1.127459
1.895618 1.114102
1.886093 1.104687
1.930056 1.113527
1.919475 1.102293
1.907866 1.099075
1.933134 1.099841
1.928616 1.091316
1.922555 1.089039
1.921012 1.095210
1.908899 1.091941
1.910443 1.086035
1.899753 1.102245
1.901300 1.096731
1.889182 1.092848
1.883128 1.091515
1.881582 1.097367
1.904386 1.084392
1.886213 1.079185
1.892270 1.080617
1.845133 1.114916
1.843588 1.120678
1.872438 1.107695
1.860326 1.104754
1.861871 1.099055
1.855822 1.098643
1.848221 1.103044
1.831487 1.119742
1.817843 1.124832
1.820172 1.119003
1.834495 1.108057
1.836121 1.102211
1.822476 1.106895
1.824022 1.101356
1.817349 1.106450
1.825566 1.095258
1.864961 1.087360
1.871018 1.088893
1.869473 1.094837
1.857366 1.092548
1.849673 1.091357
1.881708 1.072828
1.874107 1.077211
1.860459 1.081392
1.862003 1.075543
1.854402 1.079791
1.855949 1.074404
1.857495 1.068925
1.835568 1.083298
1.820360 1.082210
1.847104 1.065739
1.845360 1.062032
1.840730 1.080311
1.834682 1.080128
1.833156 1.089055
1.839213 1.090756
1.835610 1.078575
1.840749 1.083403
1.827067 1.082189
1.828629 1.079054
1.848351 1.079272
1.842278 1.074941
1.841087 1.075031
1.842285 1.076135
1.843254 1.069587
1.839758 1.062820
1.843831 1.070568
1.829957 1.075704
1.898915 1.205499
1.874612 1.213692
1.867531 1.216237
1.867923 1.217037
1.861630 1.216475
1.850379 1.208047
1.776993 1.108116
1.772286 1.113717
1.770934 1.106058
1.763342 1.111894
1.809886 1.085579
1.814964 1.080699
1.808929 1.082786
1.800898 1.087487
1.775028 1.080980
1.775635 1.075149
1.786101 1.091578
1.786377 1.090926
1.787660 1.088059
1.780041 1.089581
1.778258 1.084103
1.781601 1.086182
1.772479 1.100359
1.787123 1.074267
1.789206 1.082415
1.777073 1.076102
1.783144 1.079813
1.786358 1.063373
1.788463 1.066234
1.790617 1.060780
1.804238 1.047309
1.802346 1.049158
1.796753 1.053878
1.802895 1.051757
1.816530 1.078409
1.792672 1.072043
1.798724 1.059146
1.730472 1.133672
1.727442 1.138926
1.696439 1.143680
1.686379 1.133391
1.732583 1.117507
1.729987 1.110737
1.725173 1.104810
1.732145 1.122149
1.731777 1.116110
1.731984 1.108411
1.724779 1.100158
1.692058 1.107727
1.713320 1.101190
1.707269 1.100478
1.715958 1.091475
1.714873 1.096758
1.696573 1.099490
1.698248 1.086176
1.702769 1.094903
1.720660 1.145672
1.721945 1.142429
1.716211 1.147264
1.729591 1.135859
1.708235 1.150097
1.709212 1.149012
1.710163 1.147040
1.697237 1.145682
1.690474 1.140997
1.733127 1.069951
1.737048 1.072034
1.732202 1.074488
1.737718 1.074574
1.732145 1.077129
1.727069 1.068142
1.725693 1.074706
1.725584 1.077533
1.725547 1.077746
1.728611 1.061819
1.734668 1.063445
1.739953 1.066751
1.738988 1.068920
1.723005 1.085431
1.732011 1.089966
1.735196 1.076398
1.730775 1.081306
1.710768 1.086927
1.719851 1.074945
1.707384 1.074189
1.720056 1.068034
1.718633 1.061739
1.716339 1.063609
1.710475 1.062765
1.704420 1.061425
1.737163 1.060136
1.739784 1.063161
1.736950 1.059774
1.730165 1.057573
1.730842 1.056066
1.722141 1.056607
1.718074 1.058097
1.925641 1.076620
1.931702 1.079029
1.940849 1.069108
1.914036 1.074299
1.916620 1.062333
1.921133 1.069788
1.934824 1.061329
1.943937 1.057021
1.933364 1.047355
1.931822 1.053536
1.939424 1.049450
1.919709 1.050431
1.907592 1.072340
1.904510 1.059678
1.894067 1.069611
1.892401 1.057201
1.884801 1.061640
1.896845 1.031463
1.907597 1.047531
1.887887 1.049343
1.903215 1.031756
1.909573 1.030327
1.903739 1.032273
1.912692 1.022719
1.910150 1.026920
1.904632 1.031501
1.897516 1.031454
1.904463 1.031530
1.898139 1.031659
1.892314 1.029408
1.914235 1.011155
1.915295 1.013871
1.910772 1.004603
1.916839 1.007848
1.913494 1.022795
1.910338 1.004286
1.905433 1.000375
1.898362 1.002622
1.877199 1.065865
1.865095 1.064197
1.862105 1.047198
1.861846 1.048756
1.868168 1.049774
1.870904 1.043921
1.863089 1.041798
1.864714 1.035921
1.848764 1.054185
1.852946 1.040865
1.856417 1.044060
1.855884 1.044531
1.853152 1.049252
1.845458 1.032839
1.857578 1.037242
1.852818 1.032305
1.838666 1.031968
1.833351 1.030735
1.840959 1.027638
1.834602 1.028224
1.847128 1.055324
1.853313 1.051687
1.848462 1.052387
1.854228 1.055452
1.841255 1.057229
1.888581 1.023011
1.888473 1.017021
1.887203 1.024579
1.889721 1.010542
1.957454 0.998823
1.918375 1.000550
1.919920 0.994786
1.912324 0.999929
1.913864 0.993252
1.810888 1.041568
1.815278 1.037967
1.811725 1.040973
1.826266 1.032583
1.827302 1.030490
1.804837 1.046266
1.682432 1.121902
1.681987 1.128235
1.675569 1.125834
1.663517 1.122779
1.670819 1.118028
1.672367 1.112737
1.682392 1.130734
1.675535 1.128424
1.668703 1.129809
1.660260 1.110692
1.654754 1.105373
1.652563 1.107013
1.654064 1.110336
1.648854 1.103755
1.647973 1.104129
1.648897 1.100783
1.642043 1.102250
1.642179 1.101760
1.647365 1.108771
1.648153 1.108354
1.648173 1.108322
1.641582 1.106362
1.640750 1.104240
1.642088 1.105277
1.657715 1.124949
1.658727 1.118325
1.606328 1.089032
1.600019 1.090962
1.591137 1.093771
1.585329 1.097449
1.577994 1.100655
1.570480 1.103212
1.600289 1.092462
1.592961 1.095634
1.579684 1.101811
1.571293 1.104019
1.544069 1.106743
1.537605 1.106799
1.524796 1.106478
1.512414 1.102194
1.506141 1.101554
1.512026 1.106012
1.557757 1.106323
1.544045 1.109269
1.530695 1.110903
1.518162 1.112049
1.502570 1.123943
1.503177 1.124390
1.512273 1.112207
1.487898 1.097549
1.499966 1.102977
1.487528 1.103761
1.475255 1.099049
1.475431 1.100867
1.459631 1.108921
1.455121 1.111868
1.445773 1.112407
1.446492 1.111364
1.453629 1.109741
1.468158 1.098979
1.469031 1.100693
1.465425 1.102357
1.496506 1.120986
1.495109 1.127906
1.490451 1.119619
1.486391 1.126397
1.499583 1.107232
1.497997 1.115004
1.486437 1.110177
1.485941 1.112541
1.481166 1.105929
1.455651 1.103508
1.685694 1.110089
1.669404 1.100064
1.695276 1.071935
1.661797 1.103521
1.655734 1.100795
1.664885 1.091508
1.659293 1.088986
1.649671 1.098166
1.643618 1.097237
1.651677 1.093196
1.659252 1.048991
1.663547 1.040849
1.655954 1.046474
1.675848 1.029028
1.668264 1.035604
1.682584 1.022268
1.682643 1.018718
1.675214 1.025347
1.687575 1.104995
1.675463 1.102150
1.611491 1.084266
1.640526 1.064856
1.637657 1.066063
1.641905 1.098563
1.614998 1.083445
1.621817 1.077130
1.651463 1.055488
1.645251 1.060638
1.645023 1.058782
1.688645 1.011769
1.692512 1.001554
2.496685 0.785377
2.448230 0.772472
2.434082 0.790014
2.429570 0.791338
2.417440 0.793613
2.418277 0.793013
2.416157 0.796563
2.439270 0.785268
2.446599 0.772688
2.445924 0.774915
2.436446 0.787004
2.498331 0.778500
2.493392 0.773019
2.508519 0.762523
2.506015 0.760436
2.508909 0.761576
2.507096 0.754720
2.512375 0.758348
2.492181 0.779209
2.480848 0.771736
2.487664 0.770879
2.486123 0.777391
2.475038 0.769422
2.469417 0.766425
2.487448 0.762037
2.486636 0.764213
2.492293 0.752518
2.488622 0.752777
2.485669 0.758030
2.481616 0.770808
2.484191 0.766052
2.475217 0.771222
2.505106 0.751517
2.509792 0.751795
2.508082 0.740750
2.507495 0.743709
2.500038 0.747096
2.501432 0.741077
2.503823 0.742031
2.493840 0.746952
2.509027 0.735818
2.513185 0.738278
2.510466 0.732147
2.510349 0.731673
2.502970 0.734195
2.498034 0.734728
2.498461 0.727286
2.504518 0.728837
2.489328 0.739445
2.464126 0.762230
2.457508 0.762843
2.458937 0.759057
2.464996 0.761086
2.450523 0.767645
2.447814 0.769412
2.411825 0.790591
2.412976 0.793396
2.411190 0.797790
2.399600 0.788147
2.392844 0.789261
2.399066 0.792525
2.392859 0.791650
2.398660 0.796467
2.389548 0.791468
2.385667 0.794333
2.372571 0.792618
2.373145 0.792975
2.360251 0.791206
2.366790 0.792635
2.328843 0.809389
2.325730 0.801197
2.334471 0.789392
2.336027 0.785321
2.328416 0.788129
2.327222 0.793367
2.329967 0.783164
2.361944 0.787371
2.356101 0.784659
2.349696 0.784531
2.337583 0.781444
2.311687 0.805616
2.317746 0.807560
2.320833 0.795299
2.314777 0.793962
2.313237 0.800519
2.309432 0.790514
2.305127 0.795474
2.310484 0.799102
2.322301 0.787825
2.314978 0.785852
2.316316 0.787103
2.323916 0.782466
2.319410 0.776175
2.306266 0.773399
2.308356 0.772385
2.311805 0.779793
2.288990 0.790895
2.282940 0.790365
2.290531 0.784295
2.286378 0.785089
2.285168 0.782176
2.292070 0.777651
2.294484 0.769355
2.286538 0.774782
2.289111 0.765670
2.296084 0.766038
2.270408 0.778964
2.272367 0.780582
2.276877 0.787673
2.277355 0.782967
2.278431 0.783526
2.270924 0.758019
2.273915 0.775185
2.279975 0.777421
2.283050 0.763221
2.281507 0.769474
2.281461 0.769806
2.276988 0.760623
2.275445 0.766921
2.265594 0.757554
2.270721 0.773065
2.264994 0.756948
2.258210 0.758163
2.259030 0.755189
2.244095 0.769210
2.283736 0.761578
2.272473 0.752873
2.274410 0.753661
2.274047 0.747518
2.273233 0.752929
2.259546 0.747801
2.261065 0.742184
2.260353 0.748455
2.266414 0.750766
2.266518 0.745847
2.262512 0.742593
2.200384 0.711229
2.226891 0.782830
2.236019 0.769684
2.237834 0.771292
2.234480 0.776646
2.237563 0.763700
2.243638 0.768352
2.243123 0.760617
2.225131 0.761186
2.230032 0.763497
2.224800 0.764817
2.225468 0.763456
2.233057 0.757183
2.233913 0.755186
2.229839 0.757500
2.217648 0.764179
2.218780 0.763262
2.204998 0.764039
2.205743 0.762867
2.219410 0.761820
2.207295 0.758292
2.242096 0.774573
2.242034 0.774910
2.234966 0.777146
2.229474 0.777675
2.252153 0.728525
2.247122 0.723379
2.241318 0.723500
2.198850 0.762943
2.201353 0.762716
2.199066 0.764591
2.192913 0.763521
2.193644 0.762255
2.188401 0.754065
2.186647 0.750911
2.187999 0.757971
2.186605 0.753309
2.191204 0.746024
2.203996 0.726384
2.197911 0.730924
2.197024 0.727128
2.192429 0.734421
2.200752 0.719652
2.195627 0.712490
2.245950 0.695716
2.247727 0.695410
2.242750 0.697338
2.246928 0.699293
2.229660 0.714131
2.236238 0.715284
2.224749 0.708554
2.223301 0.704686
2.227200 0.698077
2.239324 0.703052
2.233277 0.703048
2.228750 0.693163
2.234877 0.695239
2.234812 0.695598
2.245483 0.676294
2.246923 0.689973
2.250802 0.693277
2.248947 0.691004
2.248475 0.693767
2.247972 0.678302
2.239416 0.673059
2.241104 0.674299
2.231146 0.671956
2.229125 0.688195
2.240045 0.671646
2.243286 0.671259
2.234914 0.667111
2.221148 0.697269
2.220551 0.700403
2.215094 0.696055
2.209046 0.695883
2.207503 0.702122
2.216451 0.689459
2.222691 0.691099
2.218177 0.683319
2.224241 0.686124
2.210586 0.689403
2.213635 0.682147
2.212154 0.681671
2.198574 0.698873
2.201449 0.700972
2.195072 0.689705
2.197905 0.692765
2.197082 0.691991
2.197653 0.684349
2.194670 0.686064
2.225759 0.675866
2.227313 0.671593
2.219708 0.675057
2.215193 0.667193
2.213674 0.677216
2.228863 0.666382
2.216745 0.662511
2.199752 0.670535
2.209828 0.664575
2.208082 0.664163
2.210684 0.660402
2.201235 0.664925
2.197882 0.672502
2.241900 0.718939
2.238714 0.719068
2.237789 0.710423
2.244599 0.709179
2.249059 0.701239
2.247150 0.706732
2.237486 0.710412
2.231460 0.710047
2.232467 0.706412
2.230737 0.702886
2.225610 0.707884
2.219729 0.705837
2.206865 0.705715
2.200880 0.704038
2.195575 0.706530
1.401101 1.082369
1.390536 1.073987
1.380385 1.061647
1.379885 1.065554
1.375445 1.055669
1.374761 1.061097
1.370926 1.047074
1.365533 1.042933
1.364471 1.051673
1.354873 1.034828
1.360031 1.041944
1.354288 1.041877
1.339421 1.015867
1.328990 1.006920
1.344400 1.026054
1.339227 1.018990
1.333982 1.014634
1.327942 1.010425
1.323747 1.002556
1.302965 0.978971
1.313070 0.994520
1.308194 0.986381
1.323449 1.006087
1.312713 0.998281
1.270810 0.949312
1.265805 0.945758
1.259138 0.947273
1.261316 0.936240
1.260676 0.940365
1.291653 0.973790
1.296710 0.983734
1.291616 0.976368
1.281325 0.962050
1.280756 0.969007
1.276337 0.956757
1.276023 0.960334
1.270887 0.955595
1.258443 0.965504
1.264088 0.956859
1.263080 0.958223
1.265418 0.949591
1.137203 0.833943
1.245480 0.949977
1.253076 0.944645
1.240962 0.941378
1.235479 0.938802
1.239429 0.949182
1.229755 0.990191
1.243222 0.977393
1.236434 0.989356
1.237795 0.985717
1.230191 0.989357
1.231746 0.985330
1.239350 0.981680
1.222270 0.978429
1.220382 0.983957
1.224667 0.970667
1.225489 0.973219
1.224126 0.986540
1.225682 0.982725
1.227236 0.978350
1.221161 0.973485
1.215107 0.972363
1.219975 0.978907
1.221178 0.976396
1.242776 0.968958
1.242205 0.963597
1.247388 0.972407
1.251304 0.959022
1.248458 0.964979
1.242399 0.962956
1.236174 0.962079
1.230788 0.966133
1.227868 0.967817
1.230297 0.961854
1.227674 0.961816
1.222707 0.967804
1.218185 0.958747
1.222682 0.960644
1.233384 0.949581
1.234843 0.943236
1.219739 0.954404
1.225799 0.956641
1.208921 0.969788
1.196922 0.965207
1.195729 0.970853
1.201449 0.975081
1.207899 0.979858
1.200601 0.981481
1.194503 0.980213
1.188404 0.978953
1.182800 0.979919
1.178207 0.984783
1.190871 0.964445
1.189340 0.972668
1.183821 0.969729
1.183291 0.972360
1.213679 0.952248
1.206066 0.954600
1.215227 0.946991
1.209170 0.945321
1.193957 0.952256
1.151216 0.916425
1.146709 0.923699
1.134420 0.928681
1.134918 0.927499
1.136475 0.923677
1.150075 0.918696
1.150118 0.918563
1.144075 0.919233
1.117756 0.916537
1.120291 0.909143
1.127251 0.925086
1.126915 0.915514
1.166982 0.986440
1.161226 0.983935
1.175685 0.975921
1.177235 0.970850
1.169626 0.973935
1.171177 0.969046
1.163579 0.973969
1.255770 0.932961
1.254619 0.938597
1.242499 0.934219
1.244045 0.928626
1.236441 0.932430
1.237988 0.927024
1.233550 0.932205
1.231934 0.925826
1.230727 0.932666
1.239528 0.920316
1.228344 0.921453
1.235811 0.912462
1.236556 0.906136
1.235999 0.906540
1.231926 0.913931
1.230349 0.907612
1.235403 0.898063
1.231405 0.891153
1.233806 0.900065
1.232521 0.897948
1.229151 0.881928
1.221186 0.866109
1.224481 0.875482
1.213393 0.858305
1.215518 0.859201
1.214628 0.864462
1.208573 0.865520
1.207927 0.865245
1.201126 0.866643
1.209164 0.858451
1.228000 0.890981
1.220532 0.868905
1.206460 0.867447
1.172026 0.878610
1.171477 0.882628
1.158026 0.882607
1.157621 0.886502
1.150223 0.890432
1.151580 0.910812
1.147133 0.902086
1.152390 0.898808
1.154748 0.900250
1.153477 0.913373
1.158233 0.902596
1.178042 0.885085
1.164530 0.889758
1.155812 0.893660
1.156290 0.893995
1.142615 0.893731
1.136552 0.891072
1.135009 0.897325
1.126990 0.904029
1.129159 0.896160
1.139604 0.885085
1.146217 0.878656
1.145701 0.881461
1.139641 0.879362
1.141189 0.873945
1.139614 0.875549
1.132041 0.883770
1.125881 0.884676
1.134178 0.877993
1.128460 0.878881
1.124018 0.904057
1.123644 0.906375
1.123188 0.896868
1.121959 0.885725
1.193481 0.865555
1.193850 0.869635
1.179962 0.873219
1.139744 0.858873
1.137234 0.849947
1.140766 0.867460
1.140427 0.844729
1.144386 0.834707
1.147221 0.836822
1.138326 0.832648
1.143912 0.870614
1.142090 0.872712
1.143549 0.782278
1.139416 0.801581
1.144480 0.805051
1.142544 0.814600
1.147519 0.808265
1.141660 0.796137
1.142698 0.792822
1.147523 0.768912
1.151978 0.772331
1.147399 0.777216
1.161655 0.766269
1.159244 0.767739
1.159400 0.769607
1.159787 0.768309
1.163023 0.760621
1.161331 0.762319
1.159166 0.762113
1.153215 0.766214
1.153723 0.765488
1.153457 0.760775
1.152391 0.774097
1.155281 0.761932
1.168750 0.753639
1.164976 0.746777
1.162862 0.754202
1.156807 0.752890
1.156314 0.754988
1.166217 0.737626
1.165247 0.743560
1.160646 0.734440
1.159395 0.739499
1.113085 0.717411
1.112235 0.717691
1.106364 0.718394
1.130316 0.819714
1.131652 0.814055
1.132889 0.816729
1.130418 0.822104
1.136212 0.814180
1.141575 0.784195
1.137004 0.784768
1.090762 0.761516
1.089820 0.762248
1.092240 0.764258
1.089661 0.765270
1.084007 0.759311
1.077955 0.758341
1.083604 0.761405
1.077172 0.758319
1.083385 0.764645
1.077696 0.761902
1.076434 0.768209
1.146103 0.754276
1.147249 0.766903
1.134815 0.768299
1.149207 0.757327
1.135544 0.759112
1.142447 0.758500
1.136172 0.757869
1.135560 0.761860
1.142889 0.759361
1.137519 0.762983
1.130095 0.750504
1.131155 0.759089
1.129210 0.759726
1.127569 0.768111
1.122057 0.764724
1.123256 0.757232
1.117566 0.757655
1.124984 0.751544
1.125089 0.751305
1.118491 0.751841
1.144544 0.748469
1.153824 0.737019
1.147772 0.736132
1.153072 0.740943
1.145726 0.736288
1.155368 0.730892
1.144688 0.748709
1.146235 0.743351
1.150748 0.750965
1.140182 0.742248
1.136708 0.742537
1.149328 0.732079
1.131750 0.747319
1.119052 0.744342
1.145302 0.776407
1.141626 0.765160
1.105607 0.751794
1.104961 0.756604
1.095113 0.756577
1.096142 0.759229
1.100755 0.744845
1.099217 0.751721
1.088095 0.746583
1.091603 0.754034
1.093150 0.748572
1.087084 0.745519
1.085737 0.751255
1.085543 0.751971
1.079496 0.751862
1.081046 0.746751
1.094699 0.743412
1.095804 0.740617
1.088695 0.743001
1.088378 0.743097
1.108352 0.739783
1.109902 0.734861
1.115959 0.736366
1.114413 0.742114
1.103846 0.733246
1.108996 0.719308
1.106463 0.720469
1.111446 0.729003
1.099695 0.721621
1.094810 0.716481
1.145933 0.829154
1.133812 0.824646
1.139875 0.827453
1.141418 0.821203
1.178158 0.715664
1.171312 0.716732
1.165517 0.714359
1.172624 0.711974
1.166675 0.710165
1.152381 0.714392
1.150077 0.714661
1.157789 0.710508
1.161525 0.703812
1.156736 0.704301
1.159548 0.684401
1.152071 0.680553
1.149520 0.673253
1.158552 0.689507
1.158676 0.696411
1.157592 0.696372
1.153591 0.689254
1.148874 0.678807
1.155871 0.728369
1.166051 0.713553
1.172109 0.715437
1.152399 0.717231
1.150665 0.723866
1.151627 0.720389
1.144794 0.720865
1.144324 0.723479
1.145544 0.719067
1.141240 0.720926
1.144806 0.722845
1.148652 0.725082
1.156748 0.712665
1.102383 0.707452
1.109986 0.703343
1.103931 0.702074
1.110161 0.668321
1.110086 0.674742
1.104031 0.673348
1.097975 0.671939
1.105580 0.668218
1.100754 0.668492
1.099247 0.669239
1.114502 0.711497
1.117241 0.712899
1.117458 0.715344
1.120584 0.717420
1.116911 0.700904
1.123665 0.704213
1.124935 0.697864
1.101632 0.712169
1.098684 0.708534
1.090298 0.709034
1.097890 0.703131
1.113088 0.693759
1.138345 0.665335
1.144305 0.669543
1.140444 0.665906
1.131805 0.665666
1.124939 0.667178
1.134070 0.659933
1.120787 0.660389
1.114727 0.658143
1.107891 0.661818
1.104088 0.660923
1.101368 0.659113
1.101069 0.660943
1.107127 0.662733
1.105059 0.663556
1.107136 0.664347
1.108675 0.657330
1.117818 0.646606
1.424903 1.117931
1.440233 1.109109
1.434373 1.107175
1.440429 1.108766
1.441449 1.107146
1.435658 1.104769
1.426512 1.107519
1.422282 1.107684
1.436137 1.105521
1.417391 1.117292
1.405435 1.118375
1.400865 1.111556
1.406885 1.115540
1.399458 1.102374
1.400624 1.096673
1.402557 1.107211
1.401727 1.101702
1.408623 1.110249
1.398862 1.098629
1.392453 1.097772
1.399938 1.089117
1.395063 1.083765
1.387477 1.090644
1.385977 1.097868
1.384199 1.076061
1.381430 1.090661
1.372465 1.074335
0.905163 0.751439
0.897565 0.756210
0.899382 0.752293
0.899072 0.752404
0.915659 0.739443
0.914298 0.739487
0.909275 0.740307
0.900667 0.746798
0.891794 0.752975
0.892108 0.750586
0.893066 0.750982
0.892023 0.744620
0.894614 0.745704
0.890094 0.736851
0.885227 0.740614
0.884035 0.734783
0.871908 0.729294
0.877970 0.731922
0.865389 0.729385
0.860182 0.732344
0.865856 0.728675
0.860655 0.728898
1.077316 0.752395
1.077344 0.746453
1.066888 0.698678
1.067405 0.696022
1.050856 0.708893
1.060001 0.698679
1.046343 0.701230
1.043381 0.688999
0.997767 0.713700
1.000312 0.715216
0.997708 0.717300
1.031135 0.709058
1.026630 0.702709
1.019132 0.704911
1.012538 0.705439
1.019017 0.707749
1.019088 0.707493
1.016519 0.709516
1.012645 0.707469
1.006527 0.710713
1.020575 0.701378
1.016681 0.701185
1.034242 0.700267
1.004897 0.712176
0.987955 0.701033
0.992371 0.710824
0.981331 0.701669
0.980091 0.708592
1.003938 0.718092
0.992025 0.714532
0.980081 0.711092
1.082779 0.681373
1.080316 0.681567
1.084331 0.676795
1.091928 0.671931
1.089734 0.671857
1.083455 0.682165
1.074771 0.690242
1.078957 0.683638
1.091752 0.680692
1.090263 0.680867
0.901333 0.618028
0.897836 0.618201
0.904585 0.604492
0.901866 0.601172
0.893131 0.601793
0.900776 0.611931
0.892517 0.614104
0.899644 0.612203
0.893593 0.611674
0.904735 0.606904
0.901489 0.604979
0.895587 0.603001
0.895136 0.605510
0.961045 0.705081
0.974744 0.702170
0.955681 0.701139
0.937200 0.669788
0.930632 0.670220
0.949392 0.680590
0.946999 0.685881
0.942402 0.676731
0.930006 0.674915
0.951579 0.695102
0.909788 0.732338
0.904688 0.727191
0.903358 0.734454
0.904023 0.716424
0.899228 0.724609
0.891638 0.730914
0.900510 0.718978
0.899862 0.717834
0.894717 0.717485
0.915947 0.705543
0.909898 0.705234
0.920139 0.699944
0.918591 0.695330
0.912695 0.693331
0.911443 0.699363
0.917499 0.700901
0.896906 0.703806
0.902297 0.709605
0.902217 0.710354
0.896784 0.706676
0.896254 0.710163
0.905890 0.696591
0.903835 0.702564
0.883691 0.704959
0.889831 0.708502
0.882590 0.711883
0.870516 0.708386
0.879516 0.726144
0.887121 0.722384
0.888906 0.714308
0.867402 0.723055
0.873459 0.724536
0.874997 0.717514
0.874776 0.718758
0.904121 0.672812
0.918077 0.671407
0.911553 0.672380
0.898692 0.669114
0.893273 0.665381
0.887653 0.657729
0.884832 0.646804
0.899439 0.668969
0.894391 0.663792
0.835931 0.801759
0.834533 0.789500
0.795228 0.806383
0.793514 0.803714
0.790720 0.799346
0.781981 0.800996
0.659952 0.805831
0.650422 0.793623
0.645526 0.784413
0.631590 0.752524
0.647723 0.775421
0.644402 0.765106
0.639889 0.757487
0.835351 0.774382
0.840986 0.762404
0.830552 0.780219
0.829307 0.774899
0.827678 0.782287
0.821810 0.780191
0.823257 0.774601
0.835342 0.769426
0.849111 0.743389
0.844755 0.754959
0.844284 0.751263
0.846765 0.745898
0.838788 0.758344
0.863555 0.712700
0.848464 0.694864
0.855704 0.733682
0.872671 0.617249
0.888081 0.608947
0.889502 0.603329
0.872468 0.616650
0.867813 0.609695
0.867764 0.610331
0.841200 0.621781
0.855136 0.609356
0.845129 0.616733
0.843268 0.686542
0.842815 0.681780
0.840297 0.672509
0.843389 0.661216
0.829714 0.661078
0.830585 0.650287
0.822912 0.637747
0.823909 0.640359
0.828298 0.642991
0.880792 0.638088
0.879431 0.627180
0.876702 0.629575
0.878994 0.621124
0.834531 0.628546
0.832082 0.630384
0.828757 0.635546
0.840861 0.618127
0.650506 0.673522
0.660912 0.655697
0.660005 0.641561
0.664373 0.650540
0.653726 0.664751
0.658792 0.637313
0.824509 0.819545
0.817650 0.821034
0.818515 0.819536
0.829341 0.814511
0.812879 0.817390
0.834864 0.803886
0.828671 0.810795
0.831277 0.791151
0.805834 0.817106
0.800243 0.813998
0.801794 0.810841
0.794958 0.809779
0.795208 0.811337
0.788069 0.810767
0.789768 0.804258
0.797383 0.802442
0.796435 0.806907
0.774351 0.814349
0.753323 0.822604
0.760748 0.819337
0.747272 0.822014
0.733085 0.823674
0.734190 0.822095
0.728565 0.819117
0.716471 0.816212
0.709860 0.814352
0.703666 0.813426
0.704606 0.812481
0.682690 0.819330
0.674971 0.826357
0.691213 0.812778
0.678650 0.825606
0.668847 0.827645
0.662557 0.824606
0.657396 0.817512
0.656846 0.821939
0.662863 0.825970
0.651858 0.816902
0.627784 0.829118
0.615328 0.831562
0.621385 0.833311
0.615654 0.830983
0.636962 0.821454
0.634378 0.824707
0.636435 0.816850
0.639678 0.813115
0.640543 0.820199
0.642062 0.814604
0.633106 0.812055
0.630453 0.826568
0.623353 0.828913
0.659373 0.808780
0.654999 0.802843
0.653340 0.811255
0.653411 0.811052
0.650599 0.790409
0.635170 0.806348
0.622420 0.804053
0.611008 0.822032
0.613889 0.809771
0.606655 0.815808
0.609387 0.803964
0.610214 0.827329
0.608379 0.824555
0.603346 0.804902
0.601600 0.811842
0.298411 0.855416
0.280345 0.865466
0.277011 0.871149
0.284854 0.858196
0.286649 0.859595
0.407090 0.816577
0.398606 0.821640
0.400371 0.816580
0.387772 0.826339
0.378229 0.829148
0.372267 0.831058
0.356095 0.836915
0.363496 0.833333
0.361269 0.834425
0.350140 0.840187
0.344882 0.842485
0.333717 0.850190
0.326964 0.853731
0.319922 0.853441
0.307442 0.854362
0.432188 0.761847
0.416801 0.804561
0.408535 0.810953
0.416884 0.799038
0.422903 0.791697
0.418426 0.787055
0.424362 0.774139
0.421513 0.780508
0.629910 0.746295
0.615669 0.752151
0.609607 0.749654
0.608069 0.756897
0.603555 0.748934
0.619107 0.800857
0.610939 0.799308
0.583844 0.750571
0.585385 0.744176
0.628024 0.737381
0.628536 0.731532
0.631033 0.717815
0.628882 0.711344
0.628149 0.719526
0.632487 0.704156
0.632216 0.691861
0.630487 0.699816
0.637118 0.686136
0.479308 0.665474
0.481372 0.651644
0.644653 0.674518
0.652515 0.618921
0.652515 0.607219
0.645032 0.597506
0.651139 0.600799
0.640488 0.590212
0.626850 0.590706
0.629039 0.584984
0.657194 0.627987
0.659169 0.617146
0.601087 0.591676
0.596315 0.591620
0.589583 0.587730
0.616551 0.581036
0.608562 0.580189
0.604454 0.585187
0.601445 0.586877
0.584334 0.583401
0.549821 0.598569
0.555620 0.595405
0.540279 0.602788
0.502943 0.591137
0.500396 0.581301
0.501968 0.573182
0.501088 0.577462
0.505502 0.613981
0.501214 0.619335
0.497458 0.620168
0.491698 0.617669
0.491853 0.618125
0.497912 0.620081
0.492763 0.616282
0.490089 0.619119
0.520673 0.603723
0.527401 0.605160
0.513600 0.605991
0.510641 0.607253
0.515253 0.602457
0.511241 0.603820
0.500894 0.604956
0.501711 0.599180
0.507049 0.608343
0.507308 0.607855
0.494937 0.605578
0.493360 0.605573
0.496486 0.600305
0.496002 0.600251
0.504123 0.593595
0.499264 0.587854
0.498025 0.593649
0.569264 0.590357
0.576866 0.586117
0.460909 0.705244
0.461635 0.699445
0.477377 0.654270
0.479157 0.642762
0.465932 0.686152
0.471466 0.675529
0.473673 0.667702
0.463927 0.688069
0.464842 0.682339
0.473683 0.661741
0.475013 0.662452
0.439384 0.749057
0.447958 0.736772
0.444105 0.738249
0.436767 0.750839
0.435285 0.751278
0.437967 0.745178
0.445547 0.732640
0.451189 0.719651
0.482586 0.606616
0.481007 0.634851
0.484260 0.623778
0.488578 0.610401
0.486725 0.609966
0.482470 0.604399
0.487347 0.611522
0.476349 0.593221
0.475925 0.584773
0.496053 0.569238
0.496574 0.569650
0.495601 0.575320
0.489877 0.572701
0.495050 0.578948
0.475317 0.576875
0.478032 0.579307
0.482914 0.571891
0.480042 0.573826
0.481024 0.602682
0.222282 0.947193
0.230543 0.940806
0.226066 0.944526
0.246556 0.918675
0.242394 0.923322
0.237563 0.930518
0.242244 0.928061
0.250803 0.915757
0.254773 0.910742
0.259358 0.901071
0.261625 0.898037
0.266494 0.888313
0.274595 0.884385
0.275612 0.879290
0.272011 0.880214
0.257413 0.905420
0.293901 0.858625
0.287763 0.858039
0.276339 0.866917
0.274600 0.874879
0.280239 0.860591
0.281213 0.858402
0.273418 0.863259
0.274723 0.858552
0.122854 0.922921
0.117636 0.918456
0.110475 0.910175
0.106699 0.903332
0.104584 0.890796
0.101236 0.896103
0.099349 0.891308
0.135080 0.765064
0.136659 0.766131
0.128954 0.762147
0.128922 0.764729
0.130556 0.755638
0.136627 0.759738
0.096262 0.863913
0.095846 0.855479
0.099206 0.878912
0.096534 0.873238
0.092629 0.859518
0.096963 0.813688
0.096880 0.792540
0.093056 0.842892
0.091244 0.843289
0.095037 0.835014
0.092150 0.836725
0.093510 0.822735
0.096140 0.809043
0.095891 0.797087
0.095311 0.788586
0.097583 0.772429
0.099364 0.775227
0.103584 0.767872
0.109948 0.765813
0.126267 0.758912
0.127071 0.753128
0.119906 0.743111
0.101434 0.740173
0.103346 0.733125
0.103733 0.733331
0.116350 0.761081
0.122936 0.763056
0.088237 0.749956
0.078446 0.755784
0.071792 0.756531
0.065353 0.756865
0.064750 0.761115
0.071912 0.758531
0.077088 0.755688
0.098065 0.726590
0.095214 0.745635
0.073713 0.721352
0.053237 0.753435
0.053045 0.754355
0.048775 0.758574
0.032350 0.759248
0.048719 0.744921
0.047175 0.750948
0.041117 0.749156
0.035064 0.747996
0.036179 0.745373
0.058789 0.759345
0.052198 0.762334
0.047611 0.760674
0.044966 0.762693
0.045683 0.762571
0.038139 0.764060
0.032164 0.762346
0.039059 0.763202
0.056633 0.734181
0.064904 0.724208
0.051822 0.735366
0.045911 0.740012
0.015349 0.749162
0.016895 0.743590
0.022955 0.745594
0.028493 0.753797
0.029614 0.748096
0.027480 0.755182
0.027485 0.756145
0.029028 0.750062
0.029047 0.750308
0.023690 0.741461
0.018439 0.737595
0.004466 0.741017
0.010837 0.741657
0.013924 0.729629
0.012385 0.736387
0.006095 0.734221
0.004241 0.725451
0.007870 0.728213
0.121908 0.734048
0.110933 0.726666
0.110972 0.726704
0.110912 0.729194
0.111102 0.728507
0.109346 0.731105
0.112492 0.723156
0.116152 0.718387
0.113106 0.723619
0.115427 0.710413
0.106529 0.691644
0.109484 0.694149
0.075526 0.689011
0.077798 0.679120
0.085762 0.682641
0.065680 0.675300
0.070202 0.684318
0.097956 0.660453
0.094524 0.661112
0.096061 0.653995
0.096024 0.654168
0.104040 0.649946
0.103212 0.651492
0.099416 0.648859
0.105105 0.672300
0.109618 0.679942
0.110957 0.682602
0.105666 0.670846
0.098872 0.669001
0.093905 0.664275
0.099038 0.669078
0.093743 0.667331
0.087643 0.666075
0.074825 0.665004
0.073282 0.670962
0.067217 0.668078
0.070305 0.656071
0.085469 0.643261
0.091155 0.648448
0.090016 0.654255
0.085397 0.645945
0.073382 0.642255
0.071848 0.650010
0.060728 0.667650
0.053255 0.673810
0.045715 0.675319
0.039190 0.678026
0.018659 0.683313
0.025102 0.682328
0.005290 0.684017
0.062074 0.646042
0.064241 0.653253
0.065789 0.648036
0.056887 0.642448
0.069835 0.627377
0.064769 0.622361
0.061933 0.623361
0.056737 0.628289
0.068555 0.634440
0.062738 0.632154
0.057392 0.636596
0.061271 0.639403
0.108826 0.720225
0.104888 0.726882
0.099379 0.724259
0.092557 0.722364
0.087111 0.719537
0.113439 0.703438
0.067358 0.610562
0.065879 0.617400
0.212796 0.950929
0.198584 0.957151
0.191374 0.959912
0.184999 0.959642
0.206718 0.953476
0.198507 0.958322
0.191850 0.960605
0.185888 0.961550
0.176734 0.960354
0.179106 0.962502
0.165818 0.961457
0.166601 0.961086
0.153727 0.958539
0.148153 0.957843
0.137931 0.940820
0.143030 0.948130
0.131849 0.935475
0.132446 0.942220
0.122351 0.929624
0.117461 0.924002
0.142946 0.953363
0.108078 0.908832
