2.622347 0.680991
2.597323 0.686091
2.589716 0.689080
2.591016 0.686027
2.577614 0.684611
2.571563 0.682109
2.563862 0.687320
2.557886 0.690964
2.558933 0.685788
2.568355 0.678222
2.559556 0.679245
2.559419 0.679274
2.558789 0.673869
2.558809 0.667825
2.561015 0.672514
2.560253 0.673243
2.559480 0.669070
2.550254 0.704760
2.551425 0.698883
2.544274 0.699564
2.538153 0.699290
2.538097 0.699217
2.545025 0.680734
2.531082 0.692700
2.529228 0.686531
2.545763 0.694737
2.546344 0.691493
2.552941 0.685325
2.552611 0.679613
2.546522 0.685280
2.543924 0.684282
2.542911 0.679763
2.539707 0.694892
2.534645 0.691321
2.541281 0.681755
2.540439 0.678869
2.537227 0.677787
2.534120 0.684769
2.527624 0.681809
2.545810 0.675195
2.551869 0.674038
2.547359 0.672458
2.547503 0.672397
2.553421 0.670033
2.540531 0.672742
2.538499 0.671809
2.541841 0.671476
2.492686 0.693353
2.472967 0.695822
2.460842 0.700622
2.466900 0.700447
2.462391 0.698199
2.461663 0.680050
2.507191 0.680654
2.520033 0.678216
2.513982 0.676245
2.500293 0.689983
2.504124 0.686486
2.502218 0.684362
2.502537 0.678010
2.494245 0.686046
2.495798 0.681779
2.481858 0.697376
2.484958 0.691263
2.488182 0.689171
2.427467 0.703574
2.454786 0.700846
2.453483 0.698459
2.436135 0.703866
2.429004 0.706184
2.442054 0.697706
2.441142 0.695385
2.435643 0.698303
2.431433 0.698617
2.435085 0.695693
2.448747 0.693401
2.454825 0.684515
2.455201 0.680047
2.415350 0.705259
2.403253 0.698529
2.408393 0.699685
2.403219 0.698399
2.403251 0.692334
2.403225 0.692316
2.401118 0.686129
2.416891 0.705868
2.410861 0.703303
2.401828 0.690617
2.402107 0.684576
2.338426 0.686483
2.332025 0.688357
2.332033 0.685034
2.325972 0.687076
2.319910 0.689328
2.305635 0.692979
2.318995 0.686520
2.316184 0.685348
2.313870 0.682170
2.306103 0.686483
2.307810 0.683432
2.325991 0.678936
2.319213 0.680277
2.278906 0.704728
2.300198 0.689027
2.301418 0.684719
2.289001 0.691216
2.281803 0.697015
2.397235 0.682343
2.391190 0.677340
2.385152 0.669427
2.379304 0.666313
2.373048 0.665412
2.399085 0.678322
2.392727 0.679578
2.386311 0.671431
2.386690 0.671405
2.380632 0.671613
2.379861 0.671805
2.345750 0.685691
2.350345 0.679958
2.339627 0.687598
2.339096 0.679785
2.351005 0.678369
2.354437 0.677431
2.365446 0.666432
2.360928 0.668134
2.357065 0.672720
2.354573 0.671253
2.327508 0.689891
2.332872 0.679544
2.321460 0.686092
2.315413 0.682155
2.272845 0.706317
2.259286 0.712156
2.260726 0.708547
2.247074 0.707301
2.268333 0.705576
2.242573 0.701639
2.234963 0.706163
2.235464 0.704103
2.230467 0.698758
2.236523 0.698547
2.224425 0.692293
2.216824 0.693328
2.187860 0.739327
2.191787 0.736840
2.186412 0.738028
2.192644 0.730851
2.197155 0.735585
2.200585 0.729753
2.194366 0.730511
2.175740 0.741951
2.175728 0.741850
2.181801 0.740200
2.181191 0.736786
2.175558 0.735971
2.187351 0.724451
2.187896 0.723984
2.195488 0.726915
2.189438 0.723957
2.160788 0.744087
2.160592 0.744014
2.161266 0.738080
2.154398 0.743743
2.154483 0.742956
2.148390 0.743288
2.148425 0.743154
2.168317 0.748804
2.168425 0.742660
2.162715 0.741928
2.160414 0.742430
2.156016 0.746532
2.149963 0.745151
2.162095 0.737435
2.169386 0.735686
2.162441 0.736512
2.168788 0.730232
2.164274 0.730586
2.194663 0.712131
2.189461 0.714665
2.188827 0.711500
2.184572 0.704488
2.189505 0.696376
2.209230 0.690963
2.204728 0.685747
2.203181 0.687210
2.197115 0.691287
2.191066 0.688310
2.192616 0.685012
2.184494 0.709419
2.185093 0.702800
2.185835 0.696909
2.184537 0.691253
2.185008 0.689110
2.089267 0.751884
2.020870 0.801277
2.075567 0.770046
2.075250 0.769422
2.073331 0.767347
2.077119 0.766218
2.069513 0.769089
2.067418 0.768561
2.070287 0.767944
2.065008 0.765922
2.034533 0.798016
2.039589 0.788107
2.027506 0.801027
2.022417 0.799387
2.030030 0.793595
2.031219 0.786341
2.042634 0.781773
2.042265 0.776111
2.042185 0.775847
2.037739 0.780324
2.037084 0.774837
2.031608 0.778831
2.030689 0.774769
2.027529 0.773601
2.031386 0.768050
2.036148 0.767279
2.079252 0.763308
2.076438 0.762213
2.070588 0.761612
2.062523 0.763193
2.056658 0.755746
2.061074 0.760494
2.058971 0.757384
2.057643 0.749763
2.032372 0.763444
2.051402 0.744442
2.043799 0.745812
2.042400 0.748750
2.045367 0.742876
2.045349 0.742857
2.054328 0.747935
2.052940 0.746414
2.046767 0.747562
2.033928 0.761907
2.036087 0.756003
2.034297 0.749837
2.037739 0.747099
2.009403 0.782677
1.990650 0.774392
1.996706 0.774663
1.978561 0.764253
1.976461 0.762967
2.017925 0.789918
2.008138 0.787639
2.004292 0.780542
1.993187 0.779568
1.989776 0.768268
1.980108 0.762184
1.979461 0.761535
1.974907 0.760361
1.964970 0.760588
1.974769 0.756811
1.971362 0.750540
1.977580 0.741644
1.972091 0.730807
1.976009 0.735485
1.969056 0.728974
1.969598 0.724598
1.968620 0.723957
1.956309 0.761617
1.952984 0.761399
1.956626 0.755589
1.948297 0.756227
1.946548 0.756774
1.934622 0.763795
1.941179 0.761715
1.942237 0.757549
1.934913 0.760221
1.921490 0.774077
1.920557 0.768959
1.915816 0.773315
1.915098 0.767967
1.926194 0.773357
1.924360 0.767178
1.927016 0.767023
1.915475 0.762151
1.915035 0.761993
1.920980 0.758166
1.928570 0.762178
1.928821 0.753767
1.916468 0.757770
1.922731 0.754752
1.909825 0.766816
1.909782 0.760812
1.907702 0.760040
1.910408 0.758931
1.953007 0.749299
1.948319 0.746904
1.944394 0.750368
1.942263 0.746661
1.937542 0.742221
1.936219 0.741214
1.935101 0.737208
1.941922 0.730826
1.936262 0.722767
1.924362 0.749017
1.921969 0.743436
1.926556 0.747559
1.929703 0.742181
1.928629 0.737426
1.921917 0.737465
1.928629 0.737063
1.913068 0.749899
1.915257 0.743685
1.908904 0.742303
1.915713 0.737203
1.910196 0.736256
1.902849 0.742220
1.930125 0.729695
1.923290 0.730062
1.929414 0.724377
1.924015 0.723312
1.924151 0.722174
1.930214 0.719482
1.905963 0.729840
1.918076 0.729912
1.961938 0.762699
1.961070 0.761232
1.961951 0.757079
1.958139 0.754085
1.955947 0.747851
1.950079 0.741442
1.949753 0.741545
1.937299 0.741088
1.962031 0.723208
1.955982 0.719867
1.957525 0.719956
1.943866 0.721254
1.949929 0.718402
1.924274 0.721589
1.925699 0.720199
1.931760 0.718049
1.919766 0.715122
1.919654 0.715047
2.144937 0.736974
2.142393 0.733090
2.136344 0.729747
2.128734 0.734162
2.124344 0.729437
2.148430 0.741649
2.148337 0.735584
2.143953 0.725632
2.137928 0.722764
2.131844 0.723933
2.109018 0.735632
2.112112 0.731836
2.102958 0.736935
2.104511 0.732497
2.098435 0.740814
2.100480 0.735646
2.092384 0.738355
2.084770 0.744656
2.078700 0.749973
1.830414 0.756543
1.810885 0.761689
1.811498 0.756061
1.807508 0.755416
1.798193 0.757444
1.799010 0.756492
1.792142 0.755311
1.817916 0.753269
1.808839 0.749460
1.805977 0.743224
1.805671 0.743369
1.805886 0.743154
1.799476 0.749127
1.799762 0.746404
1.801764 0.736898
1.793190 0.748950
1.788252 0.749720
1.793710 0.744751
1.781591 0.746777
1.787649 0.746272
1.889188 0.743852
1.898343 0.738601
1.892288 0.737763
1.870526 0.737135
1.878632 0.737941
1.877087 0.738965
1.884693 0.736169
1.872584 0.734500
1.871042 0.734153
1.863388 0.757177
1.866052 0.756067
1.863889 0.755394
1.855771 0.764637
1.856271 0.762569
1.858225 0.755541
1.857337 0.754727
1.847339 0.762496
1.850925 0.755428
1.842192 0.762150
1.837617 0.757936
1.844404 0.755483
1.837144 0.756274
1.838197 0.755228
1.864549 0.749923
1.863770 0.749481
1.863405 0.743821
1.857890 0.748900
1.843834 0.750024
1.850942 0.749379
1.845252 0.742647
1.851662 0.742635
1.845280 0.742552
1.837634 0.750930
1.840285 0.749935
1.837282 0.749731
1.838129 0.743749
1.837522 0.743847
1.839197 0.742354
1.838810 0.742557
1.839340 0.736001
1.840375 0.728949
1.858926 0.735370
1.866536 0.730439
1.846814 0.734700
1.841060 0.728285
1.825473 0.779195
1.825741 0.772892
1.825530 0.767050
1.819006 0.773150
1.812853 0.772852
1.818858 0.767248
1.812917 0.766743
1.812226 0.766237
1.831559 0.758665
1.835636 0.754051
1.837948 0.748145
1.825501 0.759226
1.818413 0.761645
1.810325 0.760051
1.833850 0.741089
1.833595 0.735294
1.834882 0.728010
1.827564 0.734873
1.828659 0.728053
1.806786 0.753762
1.807347 0.752167
1.807364 0.745126
1.801315 0.742082
1.807440 0.735637
1.807408 0.735613
1.801321 0.739624
1.800356 0.736192
1.802227 0.734369
1.798586 0.735054
1.801335 0.733285
1.795262 0.741003
1.774830 0.736727
1.770894 0.734838
1.766460 0.730119
1.764867 0.728387
1.763468 0.727072
1.761937 0.722108
1.755881 0.721852
1.757420 0.723471
1.751375 0.718596
1.743772 0.720358
1.736174 0.719503
1.731666 0.717474
1.737724 0.716706
1.723827 0.723089
1.717887 0.722571
1.695076 0.774791
1.703125 0.773129
1.706794 0.767314
1.703374 0.768716
1.700715 0.768999
1.694066 0.769185
1.687252 0.775561
1.681413 0.777886
1.682959 0.776246
1.676558 0.779395
1.674317 0.775567
1.671346 0.774252
1.670492 0.768147
1.668993 0.772499
1.657801 0.748579
1.657532 0.742818
1.657278 0.739309
1.701159 0.763230
1.701522 0.762164
1.695112 0.759680
1.703648 0.761054
1.702713 0.758946
1.695908 0.754490
1.689054 0.760197
1.687296 0.755545
1.683014 0.752991
1.690606 0.756413
1.684567 0.748846
1.698276 0.726507
1.684615 0.728371
1.705891 0.719629
1.699838 0.718059
1.665112 0.759835
1.670317 0.755020
1.665762 0.754112
1.659031 0.753422
1.676965 0.749778
1.670918 0.746026
1.672240 0.741066
1.664340 0.741913
1.678510 0.749240
1.675272 0.747083
1.674911 0.728893
1.678563 0.726369
1.672488 0.734650
1.670950 0.732298
1.665524 0.735272
1.662969 0.735774
1.664896 0.731263
3.478567 0.732824
3.472416 0.732518
3.479034 0.726331
3.472308 0.726585
3.465280 0.727140
3.466609 0.719799
3.459539 0.738510
3.459646 0.732363
3.452693 0.732837
3.459293 0.726668
3.460855 0.719112
3.446933 0.738197
3.432413 0.725925
3.430248 0.721499
3.426372 0.718965
3.427917 0.718031
3.433973 0.718347
3.447127 0.731966
3.440764 0.725824
3.447132 0.719878
3.441371 0.719196
3.434535 0.725596
3.434517 0.719571
3.438410 0.714356
3.479955 0.713356
3.478472 0.706113
3.472073 0.713345
3.467368 0.707556
3.460625 0.713291
3.455257 0.706279
3.448183 0.712819
3.442669 0.705861
3.462951 0.666304
3.476595 0.671245
3.468793 0.667543
3.465733 0.661285
3.464508 0.660712
3.455347 0.668197
3.452965 0.668103
3.456895 0.666157
3.443602 0.667492
3.458215 0.661038
3.458659 0.660615
3.435164 0.708092
3.420324 0.715718
3.419910 0.715204
3.424096 0.713402
3.421879 0.710164
3.420045 0.707081
3.421890 0.705603
3.427953 0.702901
3.403811 0.667603
3.397759 0.665543
3.439640 0.712820
3.435545 0.706149
3.430989 0.712259
3.429181 0.712441
3.429303 0.706279
3.423130 0.705998
3.436845 0.669002
3.431121 0.668496
3.425053 0.673301
3.423522 0.668237
3.418844 0.673683
3.412311 0.673748
3.418422 0.668047
3.412063 0.667943
3.411411 0.667055
3.405346 0.670548
3.399293 0.669429
3.391688 0.671420
3.384081 0.674730
3.385634 0.670489
3.370400 0.685636
3.372999 0.681377
3.377774 0.675651
3.378346 0.674067
3.379574 0.671956
3.345997 0.694935
3.344619 0.690688
3.344626 0.687722
3.364922 0.687899
3.364346 0.684577
3.358280 0.688150
3.346149 0.695651
3.352485 0.693454
3.350581 0.687561
3.352229 0.685817
3.343460 0.694764
3.338575 0.685118
3.330788 0.701760
3.331924 0.694597
3.324882 0.700782
3.331546 0.688949
3.340067 0.692960
3.332833 0.687665
3.333504 0.692505
3.327026 0.693065
3.327709 0.686366
3.319054 0.700570
3.320876 0.692764
3.305173 0.699605
3.306719 0.697841
3.299525 0.695097
3.308288 0.686859
3.261052 0.718511
3.254830 0.718279
3.265522 0.712603
3.260023 0.713471
3.263247 0.706400
3.260609 0.706860
3.253994 0.713043
3.254418 0.706591
3.247454 0.713117
3.237624 0.707953
3.248387 0.713082
3.248137 0.706411
3.243103 0.706681
3.261223 0.703786
3.255169 0.702782
3.253961 0.693681
3.256215 0.687781
3.251726 0.699588
3.246153 0.700836
3.248901 0.694977
3.256916 0.675741
3.220812 0.707862
3.214900 0.707309
3.214976 0.701205
3.235445 0.707621
3.229685 0.711860
3.222717 0.712028
3.215734 0.707209
3.210927 0.706168
3.212565 0.700225
3.219038 0.705111
3.213511 0.698692
3.209705 0.695142
3.215310 0.694843
3.209463 0.694227
3.215376 0.688753
3.213866 0.682177
3.222540 0.682024
3.216199 0.681899
3.182384 0.699518
3.197592 0.694992
3.203637 0.693598
3.196060 0.690915
3.210246 0.692419
3.205205 0.689958
3.183937 0.694904
3.156513 0.742391
3.149156 0.744596
3.143517 0.743802
3.149421 0.738298
3.143086 0.738172
3.159206 0.731801
3.156891 0.725243
3.162619 0.721595
3.148940 0.731322
3.142435 0.732773
3.122556 0.727230
3.122883 0.720877
3.135285 0.730775
3.129231 0.729715
3.137606 0.731179
3.130772 0.730103
3.136837 0.726987
3.164532 0.724502
3.162641 0.712220
3.177603 0.705586
3.169323 0.712697
3.170396 0.706568
3.176326 0.699691
3.114326 0.726009
3.118661 0.729526
3.115644 0.724494
3.117262 0.720030
3.115604 0.714005
3.114011 0.718328
3.113172 0.706160
3.109421 0.707544
3.112661 0.705690
3.106614 0.701410
3.100572 0.695475
3.099027 0.696268
3.094511 0.697305
3.093477 0.687817
3.092218 0.694296
3.084511 0.693778
3.080213 0.694179
3.087445 0.687387
3.087540 0.681263
3.080449 0.687916
3.067195 0.699067
3.073649 0.694279
3.073264 0.693939
3.068750 0.693553
3.074807 0.693819
3.094277 0.674962
3.082057 0.668226
3.088537 0.662278
3.082136 0.662119
3.074859 0.671975
3.068810 0.668319
3.076409 0.668839
3.076960 0.660845
3.070172 0.661161
3.086886 0.656030
3.076310 0.655453
3.069941 0.655357
3.295510 0.687148
3.268341 0.711679
3.255273 0.686115
3.293098 0.683501
3.294647 0.680617
3.288588 0.681530
3.288461 0.680764
3.283247 0.679559
3.282831 0.673913
3.277004 0.673300
3.276503 0.669710
3.281473 0.669219
3.261059 0.680433
3.265438 0.668623
3.268319 0.673259
3.268914 0.665266
3.262871 0.659385
3.268929 0.658883
3.269379 0.656329
3.264102 0.655146
3.256819 0.657619
3.258656 0.654158
3.256773 0.649978
3.250888 0.655555
3.250771 0.654037
3.250818 0.649467
3.250604 0.649491
3.256519 0.654314
3.240216 0.647572
3.240217 0.646909
3.033816 0.703473
3.061142 0.697749
3.055095 0.693618
3.052433 0.694913
3.054059 0.688451
3.056639 0.693039
3.035369 0.698938
3.041429 0.697483
3.047489 0.696311
3.049037 0.694447
3.044586 0.692752
3.038848 0.698438
3.042826 0.692800
3.018010 0.714015
3.020721 0.713571
3.028355 0.706380
3.020965 0.707300
3.029425 0.701049
3.027767 0.700082
3.014088 0.709769
3.008027 0.712032
3.014637 0.707162
3.011650 0.705905
3.015651 0.701433
3.021737 0.689140
3.006458 0.693459
3.018142 0.688202
3.009138 0.688116
3.009633 0.685162
3.010274 0.680951
3.009646 0.679644
3.029293 0.707337
3.031921 0.705632
3.027392 0.705337
3.029304 0.702717
3.029928 0.698811
3.029315 0.697810
3.023259 0.698001
3.017197 0.700132
3.007388 0.685859
3.062760 0.665663
3.059488 0.661870
3.061111 0.655939
3.064148 0.660729
3.001964 0.714475
2.994361 0.715828
2.995909 0.713549
2.994841 0.712460
2.992294 0.713929
2.994169 0.706364
3.003515 0.711110
2.997292 0.711030
2.991026 0.704961
2.995385 0.700995
2.995949 0.697009
3.001001 0.694739
2.989885 0.700185
2.989860 0.700057
3.003551 0.695844
2.991424 0.701706
2.993756 0.698677
2.997500 0.693565
3.003561 0.691335
3.002814 0.687974
3.000603 0.687020
3.003578 0.684257
3.003590 0.679319
2.997538 0.677384
2.985426 0.676866
2.977835 0.673199
3.005114 0.687437
3.004496 0.686312
3.005124 0.683151
3.004408 0.680360
2.999080 0.677747
2.973319 0.674042
2.965853 0.674093
2.958671 0.668784
2.952611 0.668375
2.920821 0.667842
2.908134 0.670516
2.894480 0.669360
2.902581 0.672749
2.896272 0.672598
2.902085 0.667360
2.895120 0.666731
2.891813 0.660459
2.888443 0.661518
2.889992 0.658790
2.874131 0.685129
2.863565 0.685055
2.863405 0.667082
2.862667 0.664078
2.863639 0.660817
2.870708 0.666268
2.864215 0.661801
2.865174 0.659331
2.882395 0.657733
2.876341 0.656280
2.883940 0.656747
2.877489 0.653880
2.878186 0.653206
2.877899 0.649913
2.864223 0.658486
2.870284 0.656654
2.871513 0.653406
2.869943 0.652974
2.870551 0.646954
2.850749 0.684945
2.857464 0.678659
2.857236 0.666793
2.856609 0.664601
2.859677 0.659951
2.851095 0.660998
2.849424 0.659287
2.850527 0.654915
2.850594 0.647052
2.850077 0.653268
2.853059 0.646457
2.849108 0.647147
2.846085 0.645117
2.840033 0.643394
2.838226 0.642284
2.838704 0.635989
2.838550 0.635932
2.832041 0.642003
2.833417 0.640649
2.832456 0.633367
2.833986 0.639204
2.947551 0.673631
2.935445 0.670707
2.940815 0.667250
2.933914 0.665683
2.939975 0.664100
2.927847 0.670490
2.921781 0.674331
2.921374 0.673332
2.738230 0.708655
2.736686 0.708771
2.742552 0.705871
2.732172 0.708982
2.730640 0.704106
2.743869 0.693871
2.738806 0.699573
2.731132 0.700187
2.746210 0.704504
2.739227 0.710666
2.748512 0.698597
2.745473 0.698791
2.724925 0.705959
2.715127 0.705670
2.712100 0.705855
2.712095 0.699830
2.720067 0.705707
2.714011 0.704966
2.806672 0.639684
2.826400 0.633565
2.814273 0.639186
2.808219 0.638339
2.793693 0.665721
2.786880 0.673279
2.786670 0.666256
2.780450 0.666020
2.787032 0.659865
2.800616 0.639856
2.788496 0.642108
2.786955 0.641562
2.775041 0.658964
2.782436 0.643934
2.774839 0.642445
2.753147 0.680761
2.748311 0.686481
2.742537 0.687742
2.745927 0.667166
2.753072 0.685611
2.757668 0.679431
2.766760 0.672794
2.767528 0.666010
2.759862 0.673217
2.758439 0.673431
2.760901 0.666168
2.753501 0.667079
2.763000 0.660013
2.760340 0.660677
2.761252 0.653746
2.767227 0.648354
2.768719 0.652779
2.754400 0.654126
2.747062 0.661022
2.747791 0.654577
2.747289 0.654767
2.754078 0.648416
2.750253 0.648702
2.706387 0.715219
2.709290 0.711337
2.705922 0.711608
2.705723 0.705767
2.700320 0.716822
2.699926 0.711154
2.698306 0.710622
2.699916 0.705123
2.706251 0.699214
2.698940 0.692495
2.694177 0.698377
2.706242 0.687163
2.700417 0.678620
2.697934 0.684776
2.694381 0.670404
2.688329 0.668278
2.690031 0.671971
2.689866 0.670300
2.656513 0.663988
2.683817 0.667196
2.676221 0.665910
2.670171 0.663159
2.657578 0.665560
2.641255 0.688872
2.642808 0.684728
2.630684 0.689417
2.629140 0.689993
2.635198 0.688958
2.646538 0.680161
2.646887 0.672512
2.640818 0.678176
2.645053 0.667977
2.650454 0.665094
2.624625 0.690184
2.618062 0.684875
2.610985 0.683599
1.625711 0.766464
1.632993 0.764085
1.624542 0.762300
1.640769 0.760129
1.651946 0.754019
1.642371 0.754179
1.631447 0.765002
1.636982 0.762055
1.630374 0.762199
1.636902 0.756110
1.639053 0.762588
1.651990 0.747937
1.651952 0.741938
1.639086 0.748813
1.639658 0.747354
1.639894 0.741085
1.645163 0.740092
1.651223 0.738310
1.639108 0.739477
1.634337 0.749224
1.626120 0.747060
1.637073 0.743372
1.636666 0.741698
1.617815 0.755529
1.611769 0.750575
1.599665 0.747246
1.618425 0.761224
1.618262 0.760254
1.621069 0.754384
1.619365 0.752202
1.620911 0.750705
1.619795 0.747810
1.614875 0.741824
1.620934 0.741085
1.601213 0.744854
1.607274 0.742903
1.646467 0.747025
1.586010 0.746687
1.587561 0.743163
1.570105 0.746591
1.573917 0.738050
1.575461 0.737584
1.595168 0.746618
1.582185 0.740622
1.562028 0.747401
1.555726 0.747065
1.562417 0.741631
1.564079 0.735695
1.567873 0.732930
1.555229 0.741689
1.554203 0.738593
1.569396 0.740991
1.569428 0.740455
1.569154 0.734679
1.563355 0.734434
1.563358 0.733249
1.549664 0.749424
1.555387 0.747220
1.549461 0.747048
1.549990 0.740496
1.543739 0.740290
1.550488 0.734789
1.548156 0.734563
1.544030 0.733967
1.542105 0.732347
1.516346 0.727897
1.496599 0.742530
1.496513 0.742218
1.489270 0.743000
1.497717 0.746643
1.490902 0.747409
1.500199 0.740747
1.498429 0.736211
1.503220 0.728843
1.510300 0.723799
1.504675 0.722440
1.496629 0.730202
1.496672 0.730007
1.489740 0.736503
1.490572 0.730343
1.490934 0.729276
1.490582 0.726116
1.498619 0.722036
1.482794 0.749034
1.482010 0.748837
1.482958 0.747272
1.478423 0.745075
1.484501 0.736281
1.477720 0.741619
1.472702 0.740211
1.471819 0.735031
1.459612 0.740364
1.460044 0.733905
1.485464 0.728292
1.484531 0.723867
1.478499 0.728784
1.471967 0.728851
1.478881 0.722374
1.464897 0.729553
1.464806 0.729116
1.472158 0.722352
1.465070 0.723255
1.460303 0.724404
1.458761 0.724180
1.453677 0.739856
1.445095 0.728524
1.446648 0.724094
1.452705 0.723659
1.432982 0.728280
1.440582 0.728022
1.434530 0.725901
1.454252 0.721901
1.442140 0.721717
1.537594 0.731343
1.529995 0.730917
1.525496 0.724806
1.519452 0.719443
1.503371 0.727247
1.505784 0.724925
1.506383 0.720778
1.499729 0.723906
1.502762 0.721148
1.499742 0.718590
1.495360 0.720668
1.320520 0.773656
1.314596 0.775324
1.308550 0.770685
1.307005 0.771650
1.304744 0.766556
1.301064 0.760262
1.298856 0.761756
1.308599 0.749757
1.302682 0.754321
1.266251 0.729608
1.267766 0.727799
1.279661 0.716510
1.271671 0.715967
1.265311 0.716581
1.265977 0.709886
1.258641 0.733948
1.260721 0.728963
1.258051 0.729430
1.253515 0.728477
1.260186 0.733282
1.254140 0.728976
1.252221 0.722766
1.246528 0.734097
1.246675 0.734071
1.246928 0.727633
1.245543 0.721897
1.246559 0.720833
1.242610 0.720097
1.253128 0.715830
1.240509 0.717981
1.247099 0.715395
1.243193 0.715693
1.246583 0.710803
1.229947 0.722493
1.232910 0.718399
1.226840 0.723756
1.226412 0.722716
1.221472 0.721920
1.221583 0.715884
1.228003 0.721136
1.228392 0.719604
1.234453 0.718082
1.222343 0.716353
1.216228 0.707933
1.210751 0.706982
1.215222 0.702892
1.209715 0.701942
1.210277 0.696501
1.216280 0.695810
1.211836 0.689679
1.215802 0.689672
1.212640 0.687853
1.212102 0.683378
1.413248 0.737442
1.421942 0.735996
1.412876 0.735785
1.401135 0.737068
1.385227 0.755661
1.385914 0.746747
1.378289 0.762162
1.372538 0.755418
1.379839 0.748553
1.373267 0.742635
1.393788 0.735743
1.387473 0.739937
1.389027 0.735060
1.381156 0.741215
1.381417 0.739954
1.375939 0.742231
1.377186 0.734630
1.372813 0.735978
1.376411 0.739550
1.382969 0.735605
1.375648 0.734241
1.420847 0.737317
1.422477 0.734396
1.423894 0.728439
1.426930 0.726306
1.428481 0.723072
1.408730 0.738967
1.347492 0.760103
1.352296 0.752764
1.360481 0.742490
1.362175 0.746847
1.362580 0.740413
1.356032 0.746535
1.359262 0.741112
1.363394 0.735341
1.367778 0.732193
1.369443 0.733988
1.369319 0.733132
1.334338 0.762569
1.337103 0.761038
1.341946 0.759145
1.320281 0.772032
1.322214 0.767362
1.328272 0.766436
1.329161 0.759595
1.340456 0.755175
1.319879 0.741745
1.310096 0.769102
1.304292 0.758643
1.306749 0.752975
1.306251 0.746887
1.310154 0.744837
1.316215 0.742837
1.316757 0.740967
1.311539 0.739756
1.315085 0.735378
1.301122 0.732849
1.299290 0.733059
1.293085 0.732811
1.315079 0.729336
1.310751 0.728447
1.310195 0.727458
1.313110 0.721517
1.309803 0.727352
1.305696 0.721251
1.315868 0.720102
1.297196 0.722084
1.298102 0.718873
1.302160 0.726854
1.292734 0.727100
1.285962 0.730230
1.285554 0.727794
1.279910 0.728091
1.278854 0.721991
1.279933 0.718283
1.272142 0.726490
1.273864 0.723976
1.273300 0.721096
1.273877 0.718305
1.282624 0.715064
1.280978 0.713882
1.279949 0.711559
1.274748 0.713657
1.271050 0.714301
1.273889 0.713137
1.204616 0.700621
1.204262 0.678923
1.199752 0.677737
1.193709 0.672033
1.192167 0.671645
1.186113 0.670329
1.172456 0.670771
1.173991 0.674143
1.158402 0.677009
1.167218 0.675102
1.144230 0.708801
1.137462 0.705989
1.099017 0.714790
1.099555 0.716311
1.102632 0.714461
1.106720 0.707543
1.107171 0.709485
1.132494 0.702732
1.112620 0.690003
1.107448 0.700799
1.107207 0.693860
1.099894 0.695826
1.099790 0.690089
1.099618 0.689743
1.101164 0.688625
1.101163 0.688483
1.115604 0.683463
1.112718 0.683881
1.114307 0.677335
1.107256 0.673009
1.145272 0.701949
1.145117 0.701891
1.139011 0.703107
1.136372 0.701361
1.139022 0.698901
1.139885 0.700693
1.139038 0.691958
1.141201 0.689583
1.138420 0.690062
1.139473 0.689014
1.133143 0.688881
1.132862 0.689025
1.140575 0.694263
1.140629 0.693990
1.139050 0.687002
1.146151 0.682770
1.147183 0.681762
1.140682 0.681796
1.140604 0.681771
1.152734 0.674764
1.140628 0.671939
1.133922 0.682081
1.134551 0.680486
1.126284 0.677215
1.113913 0.688719
1.114832 0.683094
1.115608 0.681038
1.112490 0.675573
1.109621 0.674535
1.108801 0.672343
1.100953 0.680880
1.102948 0.674733
1.101737 0.674869
1.101207 0.670011
1.133033 0.670039
1.129718 0.662993
1.122489 0.659014
1.102754 0.668312
1.110387 0.654267
1.104330 0.654194
1.015551 0.696127
1.008638 0.697136
1.008750 0.696468
0.996518 0.700218
0.988914 0.702129
1.091209 0.722157
1.084165 0.726960
1.084330 0.727866
1.078274 0.727157
1.072229 0.722532
1.079809 0.730547
1.073187 0.726836
1.086188 0.720728
1.067545 0.719999
1.060323 0.719352
1.093050 0.715453
1.072246 0.714870
1.070205 0.709521
1.069596 0.713894
1.073600 0.708105
1.087440 0.716926
1.093500 0.715599
1.091037 0.693937
1.095108 0.688338
1.095065 0.688186
1.088898 0.687897
1.073539 0.702052
1.082347 0.700072
1.078067 0.700738
1.081865 0.694487
1.082859 0.687488
1.074889 0.694984
1.067771 0.698984
1.068572 0.694840
1.064626 0.695409
1.067846 0.689579
1.067722 0.689647
1.016251 0.691285
1.011743 0.688852
0.992010 0.697633
1.097350 0.682238
1.094480 0.682723
1.095337 0.675843
1.088407 0.682336
1.083474 0.675269
1.076108 0.681719
1.095161 0.665805
1.095181 0.657448
1.066915 0.681840
1.064738 0.683327
1.055799 0.670640
1.070057 0.674397
1.049668 0.670649
1.057265 0.671684
1.097701 0.668547
1.096597 0.668579
1.096633 0.662421
1.093253 0.656145
1.096733 0.653512
1.031484 0.676690
1.037545 0.674842
0.969187 0.708032
0.963130 0.708384
0.982852 0.704134
0.978557 0.700614
0.966239 0.698257
0.957084 0.704005
0.951057 0.700412
0.940478 0.695030
0.885824 0.707673
0.913135 0.708027
0.914807 0.701238
0.912598 0.701672
0.907085 0.705148
0.905631 0.702173
0.916589 0.699760
0.918154 0.693800
0.919230 0.691829
0.913654 0.694598
0.911646 0.694978
0.905885 0.695891
0.913176 0.690663
0.910819 0.688875
0.907121 0.689607
0.907127 0.687117
0.874733 0.712851
0.893435 0.702954
0.899778 0.701564
0.899733 0.695578
0.861582 0.714246
0.860089 0.714518
0.860313 0.708265
0.846745 0.708905
0.848078 0.713614
0.836283 0.712522
0.829758 0.713642
0.834957 0.701734
0.841170 0.695961
0.835694 0.688942
0.835990 0.682619
0.829788 0.688387
0.829821 0.686847
0.829973 0.682172
0.829833 0.681982
0.824598 0.687144
0.824508 0.681189
0.823779 0.680636
0.764586 0.704172
0.770691 0.701353
0.772192 0.701340
0.773986 0.700003
0.810124 0.680676
0.817726 0.679373
0.798014 0.679102
0.790842 0.682513
0.784347 0.683662
0.785899 0.679384
0.774206 0.693961
0.778238 0.686577
0.774934 0.687956
0.782012 0.680762
0.641846 0.683613
0.629717 0.682018
0.617640 0.674570
0.611598 0.668775
0.598230 0.669126
0.593437 0.664749
0.585834 0.666753
0.581325 0.664570
0.587381 0.664822
0.577031 0.660363
0.567685 0.657649
0.561114 0.655401
0.554044 0.651373
0.555586 0.651710
0.526051 0.649732
0.549542 0.646307
0.543490 0.644326
0.537431 0.645175
0.529817 0.651378
0.520846 0.649380
0.510090 0.657518
0.502488 0.658337
0.504034 0.657306
0.519435 0.653732
0.482764 0.662964
0.488834 0.658152
0.470651 0.663229
0.476709 0.662305
0.463063 0.658516
0.457006 0.658362
0.464604 0.659120
0.458549 0.658648
0.450951 0.657951
0.444906 0.652946
0.448257 0.653861
0.484659 0.660700
0.465196 0.660410
0.334155 0.684416
0.340215 0.682503
0.333148 0.681204
0.343930 0.679246
0.347846 0.669314
0.363091 0.662363
0.353912 0.665452
0.423609 0.670614
0.410378 0.675526
0.411481 0.676744
0.415820 0.674710
0.412464 0.673466
0.417954 0.668388
0.411947 0.667933
0.404261 0.675176
0.405418 0.679196
0.406477 0.673007
0.401408 0.673753
0.401002 0.667674
0.399392 0.666022
0.407129 0.666339
0.405302 0.666361
0.431252 0.651885
0.432798 0.650650
0.425129 0.661650
0.426862 0.655676
0.419652 0.660684
0.420672 0.656037
0.426738 0.652164
0.392571 0.655856
0.413059 0.661992
0.388035 0.660001
0.363372 0.666805
0.360884 0.667288
0.365945 0.660917
0.355284 0.666452
0.381263 0.648956
0.386139 0.649797
0.362881 0.654663
0.373668 0.647062
0.368261 0.648285
0.360808 0.649265
0.761042 0.700755
0.752494 0.694997
0.751898 0.694726
0.752316 0.688279
0.752246 0.688071
0.733513 0.702189
0.746772 0.693762
0.738844 0.692536
0.740404 0.685384
0.746464 0.684003
0.723550 0.732872
0.729613 0.730077
0.730133 0.721742
0.714742 0.734436
0.717494 0.732728
0.711443 0.730311
0.707794 0.720234
0.709293 0.714287
0.726492 0.725911
0.731173 0.722926
0.731700 0.719658
0.730134 0.714047
0.730388 0.712459
0.708301 0.718670
0.733247 0.706587
0.729769 0.707977
0.732401 0.700477
0.729113 0.694207
0.732787 0.693088
0.734337 0.689613
0.751397 0.686419
0.706164 0.708032
0.699392 0.704116
0.693343 0.700778
0.685766 0.702238
0.707091 0.712531
0.702466 0.706171
0.697110 0.699763
0.688053 0.694724
0.690580 0.688851
0.687324 0.684924
0.700348 0.693919
0.694353 0.694096
0.695201 0.693275
0.694908 0.691466
0.698460 0.681692
0.697413 0.680021
0.694203 0.679815
0.690087 0.687190
0.689842 0.680124
0.688879 0.679682
0.681268 0.684471
0.655498 0.685145
0.661555 0.684682
0.656353 0.686582
0.676756 0.683624
0.643371 0.690988
0.642940 0.687759
0.637930 0.686351
0.625218 0.683599
0.624369 0.680914
0.624287 0.674960
0.599765 0.667613
0.326554 0.685102
0.328094 0.686599
0.320488 0.689067
0.313777 0.687211
0.319437 0.681988
0.301195 0.680834
0.308375 0.688500
0.298447 0.679460
0.299660 0.675115
0.288704 0.671224
0.294765 0.669538
0.295955 0.673240
0.290249 0.670159
0.267408 0.688393
0.275009 0.687479
0.281086 0.679441
0.282622 0.681775
0.285661 0.674172
0.288397 0.672749
0.261348 0.689802
0.255292 0.689318
0.256818 0.696840
0.249232 0.690778
0.243169 0.693655
0.241629 0.692453
0.236626 0.687894
0.234621 0.686130
0.237745 0.691748
0.231062 0.691351
0.231770 0.685233
0.229044 0.675300
0.225037 0.677844
0.222260 0.674837
0.217420 0.672892
0.215011 0.666677
0.212955 0.664508
0.206899 0.664077
0.182443 0.712539
0.185891 0.707550
0.187638 0.699973
0.185081 0.704738
0.186844 0.698313
0.162730 0.713012
0.170328 0.713524
0.164279 0.710297
0.171876 0.711584
0.165830 0.707082
0.158233 0.705801
0.185756 0.692000
0.184654 0.687035
0.184050 0.685841
0.179631 0.685628
0.178000 0.682539
0.175347 0.679389
0.154423 0.693337
0.159979 0.686036
0.158300 0.685926
0.171944 0.682571
0.165903 0.676332
0.167450 0.674659
0.161394 0.674022
0.191702 0.663533
0.159848 0.675237
0.160502 0.649164
0.167513 0.647824
0.161465 0.643955
0.199301 0.663613
0.187209 0.654406
0.194809 0.654396
0.185865 0.648209
0.186078 0.646619
0.182594 0.640333
0.176677 0.638513
0.163010 0.642928
0.168138 0.640982
0.056792 0.666544
0.048229 0.672999
0.030019 0.680485
0.037142 0.679833
0.024594 0.679460
0.023397 0.677333
0.017338 0.678732
0.043122 0.672801
0.154791 0.691757
0.153071 0.686305
0.147706 0.687428
0.145556 0.685099
0.152251 0.674404
0.146003 0.680680
0.143918 0.678931
0.146939 0.673908
0.115915 0.672813
0.112948 0.674055
0.146522 0.668295
0.154569 0.667525
0.153423 0.667858
0.153824 0.661732
0.153673 0.661419
0.156190 0.666025
0.153617 0.659798
0.142072 0.666309
0.141714 0.660053
0.155222 0.655482
0.155158 0.647791
0.116205 0.668232
0.114388 0.665805
0.135654 0.661967
0.134114 0.660937
0.129609 0.656572
0.128065 0.657424
0.123555 0.655569
0.122010 0.656853
0.115287 0.660486
0.115946 0.659653
0.100708 0.676631
0.107100 0.674958
0.100716 0.673302
0.101311 0.668254
0.094400 0.680495
0.094644 0.679218
0.097675 0.674674
0.094448 0.674678
0.108304 0.677408
0.102254 0.674781
0.096899 0.672273
0.098978 0.667074
0.108324 0.661675
0.101911 0.661625
0.095336 0.654737
0.090379 0.672326
0.090704 0.665968
0.071632 0.665657
0.090776 0.653815
0.085771 0.660149
0.077361 0.660326
0.058325 0.670410
0.066440 0.660485
