3.360752 0.659077
3.347971 0.658791
3.342443 0.656128
3.328886 0.660070
3.329523 0.651628
3.331063 0.653471
3.323574 0.660882
3.316678 0.661826
3.316383 0.661830
3.324269 0.656146
3.316458 0.657121
3.321246 0.653755
3.293832 0.676472
3.287775 0.676045
3.287786 0.672313
3.295376 0.674035
3.298366 0.671589
3.296073 0.669676
3.289314 0.675412
3.292471 0.667205
3.295391 0.668601
3.293834 0.662168
3.289188 0.665428
3.310600 0.661882
3.310399 0.661444
3.303601 0.660018
3.298082 0.660171
3.298496 0.657653
3.281719 0.675574
3.280945 0.674482
3.281733 0.670078
3.275160 0.673019
3.276352 0.670435
3.283267 0.671441
3.280380 0.669023
3.283281 0.666137
3.283690 0.663350
3.278346 0.660956
3.309118 0.659044
3.307380 0.655327
3.310548 0.650769
3.290899 0.658188
3.299828 0.646029
3.292484 0.640469
3.278669 0.655070
3.286399 0.650353
3.279447 0.648208
3.280359 0.644277
3.287416 0.644959
3.287689 0.639174
3.279972 0.637442
3.272734 0.654815
3.266739 0.652958
3.274297 0.645314
3.275126 0.638424
3.284802 0.636480
3.286206 0.633100
3.282842 0.630528
3.281932 0.630780
3.273433 0.636916
3.275485 0.632460
3.269777 0.630763
3.268926 0.627508
3.269840 0.621878
3.209590 0.659184
3.264716 0.622667
3.250313 0.620702
3.258177 0.622843
3.251866 0.622993
3.236451 0.631227
3.242250 0.629367
3.244058 0.626999
3.246693 0.625803
3.249278 0.620974
3.219662 0.653604
3.224362 0.645387
3.221217 0.647227
3.207552 0.651044
3.213609 0.651584
3.226310 0.644022
3.225145 0.640272
3.224935 0.635037
3.231195 0.630519
3.228025 0.631912
3.264072 0.613698
3.166338 0.665827
3.160503 0.662383
3.150729 0.663085
3.154448 0.661505
3.180220 0.660802
3.187837 0.652815
3.201491 0.652462
3.203039 0.648296
3.196987 0.646243
3.184895 0.652089
3.174165 0.659267
3.162051 0.658807
3.140773 0.669686
3.121054 0.672355
3.127812 0.670536
3.095109 0.676631
3.115007 0.668533
3.101333 0.675921
3.103226 0.672201
3.103264 0.667787
3.095278 0.674971
3.096832 0.668404
3.096991 0.671306
3.116552 0.665686
3.042446 0.673659
3.036134 0.678545
3.036099 0.678582
3.030085 0.675243
3.029356 0.674048
3.027451 0.672058
3.089235 0.669391
3.083243 0.664130
3.083062 0.664402
3.069523 0.669335
3.063473 0.666672
3.077123 0.667791
3.071072 0.665259
3.065021 0.662796
3.043746 0.672495
3.050455 0.671782
3.056506 0.665999
3.051352 0.668722
3.037689 0.672315
3.039243 0.666347
3.030456 0.668921
3.019330 0.662605
3.021781 0.653694
3.014805 0.656259
3.015060 0.648091
3.013518 0.649942
3.004281 0.645982
3.007462 0.649020
3.001389 0.640352
2.990854 0.638641
2.977670 0.634256
2.975675 0.631465
2.908874 0.660561
2.909552 0.657487
2.902817 0.660577
2.890708 0.657621
2.896462 0.657873
2.877054 0.658095
2.866480 0.656390
2.852523 0.660330
2.972209 0.626930
2.969733 0.616628
2.968513 0.615782
2.945392 0.631974
2.949959 0.631352
2.945922 0.630777
2.952222 0.626466
2.946953 0.623110
2.948487 0.624341
2.951811 0.622847
2.948498 0.620250
2.944517 0.616585
2.968234 0.611404
2.962172 0.612700
2.950063 0.610206
2.948520 0.612358
2.939603 0.628241
2.939422 0.628034
2.913601 0.650850
2.911988 0.646053
2.918049 0.645236
2.913539 0.641279
2.922032 0.634492
2.940885 0.626935
2.934830 0.625483
2.934133 0.625493
2.942762 0.619908
2.934650 0.619201
2.927599 0.620500
2.928676 0.612686
2.928808 0.612675
2.904483 0.654476
2.905924 0.648404
2.898317 0.652627
2.899873 0.645888
2.892257 0.653192
2.892310 0.652883
2.893817 0.644943
2.886200 0.652958
2.839977 0.656208
2.841328 0.651452
2.834671 0.649641
2.827071 0.651271
2.822085 0.648438
2.821033 0.644067
2.822571 0.643502
2.782016 0.663825
2.786751 0.655724
2.785961 0.650417
2.808931 0.638753
2.816518 0.642034
2.787571 0.647063
2.788575 0.643663
2.792642 0.642593
2.790760 0.637877
2.795818 0.634264
2.792313 0.631851
2.798370 0.632096
2.731677 0.680723
2.725223 0.680720
2.769150 0.689961
2.757442 0.691184
2.766178 0.684317
2.764348 0.685035
2.766499 0.679160
2.764223 0.680142
2.756718 0.687587
2.751121 0.683495
2.774542 0.681960
2.739005 0.683539
2.745065 0.682576
2.727726 0.680487
2.726900 0.679394
2.780017 0.664599
2.774586 0.666517
2.773960 0.663922
2.769652 0.665638
2.778856 0.658179
2.774446 0.656456
2.759482 0.672957
2.767823 0.667173
2.763870 0.670001
2.766358 0.666638
2.766364 0.664452
2.767787 0.656895
2.782854 0.660380
2.785004 0.637925
2.784523 0.637857
2.778383 0.637586
2.778648 0.636144
2.784679 0.627586
2.784748 0.627435
2.777664 0.626455
2.763444 0.641432
2.766547 0.638847
2.757390 0.639989
2.771050 0.637213
2.772599 0.633040
2.772033 0.632173
2.772608 0.629358
2.773319 0.629402
2.774163 0.623125
2.737678 0.640100
2.725565 0.638657
2.745270 0.641331
2.772629 0.621991
2.767856 0.616271
2.755977 0.609474
2.763624 0.608562
2.736164 0.610440
2.742358 0.614763
2.747790 0.611763
2.748427 0.611127
2.749961 0.612083
2.736789 0.614276
2.730621 0.613659
2.730251 0.611725
2.714357 0.681461
2.707179 0.682916
2.701124 0.681873
2.694294 0.682951
2.688658 0.681189
2.713032 0.679142
2.700255 0.678847
2.687474 0.680773
2.686991 0.679613
2.681019 0.678558
2.675365 0.678129
2.676913 0.673946
2.671749 0.676295
2.675707 0.668087
2.672574 0.671207
2.669337 0.667006
2.673626 0.662577
2.670897 0.658658
2.658780 0.659100
2.663291 0.662983
2.657236 0.661880
2.673208 0.658965
2.652732 0.655572
2.664051 0.657850
2.683438 0.650011
2.675475 0.654065
2.678506 0.653680
2.683994 0.651730
2.680058 0.648559
2.679568 0.647019
2.677963 0.645648
2.681062 0.638612
2.671437 0.655823
2.671582 0.650349
2.661818 0.655679
2.665640 0.649225
2.674021 0.640393
2.673221 0.639757
2.680528 0.634602
2.674040 0.633990
2.668614 0.632429
2.666468 0.633585
2.667983 0.633355
2.650764 0.657680
2.659890 0.652868
2.654021 0.646418
2.659180 0.641321
2.649597 0.631667
2.650082 0.630621
2.652800 0.626422
2.644116 0.647937
2.643758 0.630615
2.641662 0.630037
2.643766 0.627728
2.643855 0.624946
2.635864 0.629213
2.637149 0.624175
2.655891 0.624772
2.631229 0.629513
2.631656 0.625618
2.632093 0.622463
2.631667 0.621634
2.618977 0.621587
2.619552 0.621365
2.605884 0.626451
2.611958 0.620885
2.713444 0.640753
2.693743 0.636590
2.697039 0.636052
2.702940 0.613367
2.696882 0.613180
2.716591 0.614138
2.710539 0.611860
2.698423 0.611990
2.681618 0.640015
2.687686 0.636575
2.693742 0.630354
2.688151 0.632065
2.689246 0.627943
2.686605 0.638108
2.682431 0.635677
2.681635 0.633805
2.681642 0.631118
2.683190 0.627338
2.675579 0.633115
2.670720 0.630625
2.669729 0.630023
2.675590 0.629163
2.685092 0.614374
2.684766 0.613166
2.684103 0.611333
2.677138 0.625005
2.677751 0.621471
2.678440 0.614794
2.670657 0.622838
2.665285 0.619436
2.671107 0.615433
2.678211 0.610106
2.672540 0.611696
2.663488 0.623944
2.205388 0.758825
2.207613 0.754730
2.219128 0.744011
2.206609 0.752897
2.214223 0.746066
2.215776 0.740043
2.215913 0.739999
2.233970 0.732804
2.226533 0.739471
2.227913 0.732399
2.221178 0.737071
2.221859 0.731132
2.241572 0.730605
2.244826 0.730140
2.235514 0.730660
2.229458 0.729307
2.243116 0.727531
2.245571 0.726679
2.246446 0.721591
2.247445 0.718177
2.237055 0.728886
2.231006 0.725793
2.231876 0.717555
2.238626 0.716841
2.249205 0.716606
2.246622 0.712840
2.245001 0.711904
2.247693 0.707789
2.245349 0.705973
2.239364 0.710146
2.239562 0.704528
2.216494 0.733243
2.223403 0.728444
2.244716 0.704840
2.238663 0.703096
2.235956 0.700905
2.247844 0.685443
2.254634 0.684324
2.240235 0.690540
2.241785 0.685790
2.241798 0.681195
2.242850 0.676707
2.239870 0.678705
2.233504 0.698488
2.228421 0.695527
2.232124 0.688014
2.235730 0.684506
2.236359 0.681958
2.133939 0.859924
2.132353 0.858429
2.153090 0.848140
2.147028 0.849209
2.154642 0.842419
2.137960 0.851716
2.136467 0.842693
2.156821 0.826683
2.157777 0.820546
2.163689 0.811499
2.160973 0.814699
2.151982 0.832585
2.144077 0.837469
2.153261 0.818507
2.160888 0.806970
2.166167 0.806661
2.167345 0.803244
2.168275 0.795160
2.162427 0.799045
2.169303 0.784349
2.171248 0.786255
2.174681 0.776337
2.124191 0.868137
2.125751 0.859772
2.112078 0.866945
2.113632 0.860792
2.106445 0.863777
2.108825 0.856306
2.103390 0.859112
2.127296 0.856878
2.122236 0.847193
2.128859 0.847607
2.124361 0.839071
2.118973 0.854192
2.116739 0.848768
2.101533 0.854302
2.091421 0.843407
2.078081 0.829439
2.097044 0.842796
2.092545 0.835136
2.091005 0.835990
2.079181 0.832214
2.084953 0.833614
2.078901 0.831396
2.086496 0.831500
2.187509 0.776262
2.191369 0.770433
2.197443 0.764990
2.184929 0.776734
2.175230 0.778053
2.184736 0.771956
2.183777 0.769669
2.185141 0.769060
2.178620 0.771223
2.177716 0.770420
2.200542 0.755937
2.580497 0.657029
2.573878 0.658411
2.575391 0.654094
2.571294 0.657003
2.569197 0.653526
2.559823 0.655350
2.554159 0.661056
2.548106 0.659486
2.549652 0.656501
2.560992 0.651957
2.540379 0.665198
2.535984 0.661751
2.542123 0.661591
2.528353 0.663266
2.528222 0.663173
2.528898 0.659705
2.521186 0.653386
2.524630 0.650336
2.478106 0.655050
2.479009 0.653097
2.479947 0.653282
2.477178 0.650672
2.471813 0.665071
2.363111 0.674930
2.364545 0.669925
2.366159 0.668392
2.352494 0.672749
2.359987 0.674706
2.400520 0.655294
2.379830 0.661730
2.388217 0.657424
2.367708 0.664205
2.375306 0.662985
2.361636 0.669163
2.473270 0.651554
2.473230 0.650114
2.473901 0.649209
2.573452 0.648528
2.563330 0.647228
2.562944 0.647913
2.577483 0.645534
2.583660 0.637644
2.584788 0.632202
2.582852 0.632315
2.597821 0.626775
2.598282 0.628700
2.522477 0.644799
2.524476 0.636317
2.521297 0.634219
2.524950 0.631161
2.521530 0.629388
2.514926 0.625313
2.482386 0.637417
2.480707 0.639069
2.481808 0.636695
2.481535 0.635080
2.482890 0.623991
2.503972 0.620308
2.486782 0.620511
2.503716 0.615663
2.497318 0.616789
2.483121 0.617399
2.420838 0.644528
2.416740 0.647498
2.407165 0.651456
2.475469 0.637581
2.475022 0.637404
2.468302 0.637971
2.475667 0.627701
2.470440 0.630496
2.476552 0.623737
2.469957 0.624035
2.464687 0.624462
2.449727 0.627745
2.455788 0.626536
2.462892 0.635726
2.463521 0.629177
2.454085 0.628172
2.457331 0.624399
2.476043 0.619681
2.470253 0.618225
2.464539 0.619246
2.436316 0.641534
2.418538 0.644194
2.443651 0.634150
2.332761 0.680361
2.338818 0.680843
2.346426 0.676047
2.334311 0.675602
2.317545 0.689741
2.318149 0.686604
2.319106 0.681360
2.311490 0.688849
2.314446 0.689088
2.313032 0.686827
2.312447 0.684958
2.313050 0.680155
2.320651 0.678477
2.314593 0.678349
2.307373 0.676789
2.294891 0.674894
2.287293 0.675637
2.275180 0.674725
2.288835 0.674048
2.282790 0.669417
2.275491 0.673100
2.276724 0.672569
2.269410 0.680306
2.269471 0.674984
2.262375 0.686746
2.255603 0.687421
2.255437 0.686387
2.263048 0.680626
2.257588 0.682870
2.263142 0.674708
2.256279 0.675586
2.249384 0.684544
2.243333 0.681774
2.249398 0.679162
2.241065 0.680517
2.235560 0.679738
2.237284 0.678530
2.262366 0.671223
2.256389 0.670178
2.244006 0.669027
2.240068 0.669947
2.244935 0.658382
2.245238 0.656022
2.243236 0.656428
2.006907 0.840103
2.001922 0.841289
1.993978 0.838488
1.989056 0.831647
1.987941 0.831095
1.972761 0.835483
1.982510 0.833300
1.967529 0.836333
1.956101 0.835575
1.918039 0.866565
1.918208 0.865966
1.911982 0.866400
1.905935 0.862379
1.893834 0.856927
1.940884 0.845409
1.931644 0.847140
1.921138 0.857873
1.919599 0.858336
1.927198 0.851727
1.948489 0.841481
1.942435 0.840045
1.915071 0.860987
1.916403 0.862511
1.895374 0.855890
1.890874 0.848406
1.866505 0.865003
1.861602 0.870580
1.865325 0.865920
1.883263 0.854171
1.881717 0.857081
1.875660 0.856563
1.877215 0.850241
1.865258 0.862326
1.868056 0.860126
1.861979 0.866806
1.869612 0.853342
1.863229 0.854009
1.861108 0.852960
1.866861 0.845009
1.862843 0.844438
1.854369 0.872217
1.848313 0.871325
1.846775 0.871524
1.842795 0.867891
1.840730 0.867094
1.838867 0.862116
1.840721 0.857180
1.855917 0.868432
1.849862 0.867306
1.837778 0.855628
1.835328 0.852838
1.848242 0.844290
1.843851 0.850148
1.844051 0.848421
1.837709 0.848173
1.832835 0.844755
1.838111 0.842133
1.837820 0.840191
1.831766 0.839049
1.879456 0.843260
1.872724 0.839569
1.866670 0.838235
1.860048 0.836581
1.860623 0.834112
1.856538 0.834782
2.065205 0.847094
2.064840 0.845662
2.069492 0.840256
2.063727 0.842897
2.063680 0.842840
2.058088 0.846299
2.052752 0.843893
2.051535 0.842928
2.057827 0.836968
2.068583 0.834923
2.072518 0.827491
2.068867 0.829775
2.051588 0.834122
2.049596 0.832200
2.046270 0.828414
2.073103 0.837220
2.074140 0.832146
2.072740 0.832179
2.046703 0.828247
2.039483 0.829790
2.033429 0.828593
2.023771 0.828528
2.028918 0.825012
2.019770 0.830455
2.021308 0.829952
2.015244 0.831981
2.042388 0.822402
2.007628 0.839725
2.012210 0.833985
2.001571 0.839536
1.992384 0.836374
1.983416 0.832576
1.971316 0.826733
1.763430 0.864405
1.771021 0.866038
1.751310 0.865780
1.758913 0.862784
1.745114 0.863304
1.740741 0.862189
1.738445 0.858610
1.733151 0.860089
1.731993 0.858601
1.721255 0.859059
1.720653 0.855177
1.720049 0.851332
1.713449 0.856711
1.706943 0.856910
1.708933 0.855503
1.810103 0.842381
1.799924 0.844030
1.822889 0.842308
1.825697 0.842743
1.820267 0.838827
1.819125 0.836143
1.813594 0.838153
1.801466 0.842413
1.790768 0.852858
1.793860 0.846131
1.779891 0.860812
1.784703 0.855618
1.786135 0.849396
1.766509 0.862418
1.640564 0.871192
1.701341 0.853820
1.693124 0.848678
1.689759 0.843001
1.695437 0.840229
1.695172 0.841866
1.696973 0.836888
1.690811 0.836299
1.677157 0.836480
1.684756 0.835446
1.692358 0.832551
1.680246 0.831363
1.683394 0.829734
1.679023 0.831936
1.686311 0.828791
1.669540 0.844297
1.661917 0.854847
1.664326 0.848122
1.648234 0.865380
1.654302 0.861911
1.649783 0.861310
1.651338 0.854740
1.643728 0.860261
1.672962 0.840581
1.670807 0.836712
1.672456 0.832177
1.672760 0.831520
1.620892 0.878458
1.626958 0.875575
1.622439 0.875309
1.623018 0.872442
1.634561 0.872428
1.606948 0.879259
1.617395 0.872959
1.608782 0.876332
1.601185 0.876941
1.597226 0.871991
1.598231 0.868557
1.604283 0.868704
1.605104 0.864127
1.593636 0.853913
1.586545 0.846814
1.583220 0.842015
1.636294 0.866465
1.630371 0.857271
1.623683 0.865819
1.624867 0.858081
1.612679 0.856533
1.625577 0.851884
1.625694 0.851112
1.625595 0.845276
1.628685 0.843036
1.627143 0.841235
1.619504 0.850539
1.619331 0.850474
1.623193 0.845800
1.620782 0.842603
1.621084 0.841571
1.606295 0.856377
1.599801 0.854415
1.593751 0.851374
1.694240 0.826982
1.693912 0.826569
1.687860 0.824474
3.474248 0.675316
3.480295 0.677869
3.475760 0.674320
3.463667 0.665821
3.461296 0.661176
3.459165 0.659062
3.445490 0.666721
3.447775 0.662796
3.445059 0.663428
3.438068 0.674967
3.431016 0.676238
3.425388 0.669266
3.432637 0.662370
3.452445 0.656237
3.446232 0.655715
3.440572 0.656553
3.446934 0.648687
3.432372 0.657766
3.426444 0.656620
3.427357 0.651926
3.433416 0.651576
3.441018 0.649418
3.441710 0.646363
3.428909 0.646632
3.434967 0.646540
3.440976 0.642627
3.435967 0.639637
3.441405 0.636670
3.436544 0.631946
3.430497 0.628078
3.435769 0.629725
3.367941 0.656859
3.417268 0.627834
3.422900 0.629046
3.424784 0.630732
3.419219 0.623624
3.424444 0.626218
3.418391 0.624359
3.415253 0.624962
3.404714 0.633165
3.407083 0.632568
3.404729 0.627887
3.402839 0.626748
3.388904 0.642308
3.391058 0.634372
3.389512 0.637153
3.369771 0.648052
3.383431 0.645577
3.384945 0.638293
3.384989 0.638053
3.377375 0.644698
3.398308 0.632128
3.362145 0.659239
3.356094 0.657080
3.368156 0.653339
1.484914 0.872725
1.430432 0.854513
1.436057 0.853060
1.430474 0.849259
1.360606 0.824695
1.361564 0.819641
1.575047 0.843765
1.568063 0.843427
1.574077 0.837859
1.564773 0.842951
1.568020 0.837432
1.561968 0.835273
1.581261 0.843378
1.572706 0.842166
1.572432 0.836898
1.569567 0.833612
1.542265 0.832042
1.530852 0.832870
1.531686 0.832215
1.537754 0.828510
1.551409 0.827905
1.539294 0.827360
1.503890 0.864124
1.495644 0.868143
1.498127 0.870265
1.499383 0.856367
1.522540 0.837514
1.522306 0.835789
1.516218 0.834352
1.498932 0.849431
1.507111 0.838245
1.499549 0.845940
1.492962 0.872982
1.492063 0.872582
1.487535 0.874799
1.485997 0.875182
1.479947 0.872604
1.468110 0.867159
1.469385 0.866421
1.467942 0.862538
1.467874 0.862491
1.469048 0.857504
1.524542 0.841312
1.524084 0.835050
1.519085 0.833972
1.511967 0.835208
1.466522 0.864004
1.462352 0.852960
1.459310 0.848986
1.458958 0.848699
1.445201 0.848951
1.463488 0.847661
1.458040 0.845477
1.456872 0.842850
1.450970 0.846804
1.431521 0.858591
1.432769 0.857519
1.424932 0.856409
1.437560 0.853060
1.425171 0.851929
1.424457 0.851110
1.424767 0.847626
1.423635 0.845776
1.426061 0.842572
1.425509 0.841897
1.427062 0.836275
1.424226 0.835467
1.428690 0.832516
1.427076 0.831013
1.422581 0.821831
1.424981 0.819659
1.402325 0.827115
1.401537 0.826493
1.408937 0.818548
1.394674 0.827379
1.395688 0.820012
1.389217 0.821698
1.396839 0.811853
1.390778 0.812867
1.416531 0.818765
1.404436 0.811329
1.392337 0.805016
1.399934 0.804252
1.384500 0.811091
1.380215 0.806833
1.372612 0.809755
1.365008 0.813234
1.342126 0.848198
1.340587 0.849123
1.336069 0.847676
1.334531 0.848218
1.334537 0.845997
1.340594 0.846515
1.343719 0.839833
1.335090 0.840920
1.345730 0.834930
1.335397 0.835096
1.355820 0.833460
1.349761 0.833718
1.357371 0.828264
1.343677 0.843372
1.345264 0.841717
1.347462 0.833267
1.329637 0.843921
1.329370 0.839320
1.318207 0.835543
1.312426 0.834096
1.330302 0.832705
1.324436 0.830846
1.330557 0.826413
1.323587 0.827533
1.317326 0.832266
1.311811 0.833632
1.298225 0.832787
1.296679 0.836004
1.292172 0.831132
1.305821 0.832383
1.293712 0.829612
1.279048 0.826104
1.280062 0.828685
1.274087 0.823012
1.274056 0.822924
1.275836 0.818061
1.273560 0.819389
1.273265 0.808910
1.267961 0.802948
1.271089 0.803701
1.258995 0.795604
1.246885 0.793739
1.252942 0.794098
1.239285 0.795324
1.240836 0.790244
1.234778 0.790294
1.227185 0.789646
1.221143 0.783598
1.228731 0.786313
1.217060 0.780706
1.216630 0.780841
1.211307 0.779206
1.204320 0.769429
1.202088 0.760341
1.203371 0.758889
1.358639 0.821519
1.361596 0.812508
1.352864 0.823353
1.203488 0.746548
1.205864 0.741678
1.204758 0.725064
1.206940 0.713876
1.207882 0.707098
1.210439 0.702016
1.207031 0.696319
1.207880 0.684120
1.202285 0.676464
1.207682 0.678862
1.205613 0.677113
1.199836 0.667322
1.198452 0.663556
1.196744 0.658097
1.189477 0.648288
1.189048 0.645156
1.176199 0.645019
1.164211 0.640928
1.082207 0.671712
1.076157 0.668859
1.075755 0.668348
1.026988 0.656916
1.027747 0.649290
1.020450 0.657095
1.014656 0.655666
1.021051 0.650616
1.008678 0.649449
1.002181 0.649539
1.027284 0.645944
1.021507 0.644462
1.008582 0.644490
0.940247 0.662277
0.939698 0.660566
0.944363 0.655958
0.991198 0.640196
0.982954 0.636847
0.971732 0.633301
0.948234 0.644222
0.954127 0.636285
0.965669 0.635079
0.958416 0.636100
0.953549 0.636566
1.151431 0.641197
1.139219 0.641213
1.133231 0.635018
1.127427 0.633611
1.132403 0.634198
1.126348 0.633007
1.114235 0.631685
1.095877 0.665956
1.089816 0.666730
1.091692 0.661804
1.102253 0.655284
1.081927 0.669930
1.083749 0.669973
1.077693 0.669684
1.077524 0.669693
1.100587 0.649827
1.103547 0.645051
1.099798 0.637522
1.100577 0.633292
1.106637 0.633066
1.094040 0.634903
1.094517 0.634415
1.096071 0.628540
1.102127 0.628962
1.088198 0.625300
1.083966 0.623906
1.073104 0.663451
1.075284 0.658550
1.070380 0.649072
1.071685 0.651132
1.068590 0.643607
1.075410 0.639593
1.075950 0.633240
1.073126 0.640693
1.068743 0.635702
1.070299 0.629035
1.056627 0.636038
1.047476 0.643024
1.049027 0.637838
1.042963 0.640323
1.041419 0.642419
1.035337 0.651094
1.031204 0.647045
1.034105 0.645148
1.032544 0.642013
0.929146 0.665768
0.923086 0.666403
0.921732 0.666333
0.936748 0.663452
0.917036 0.663977
0.915728 0.665351
0.914924 0.662221
0.917048 0.659438
0.917888 0.655504
0.917058 0.655843
0.911010 0.652104
0.912551 0.650505
0.885239 0.652752
0.891298 0.652232
0.906499 0.648464
0.904954 0.651306
0.879210 0.660692
0.879134 0.660738
0.878646 0.656593
0.872576 0.655759
0.877636 0.655795
0.863968 0.660964
0.855860 0.659258
0.866946 0.653985
0.865521 0.655017
0.853409 0.653615
0.833698 0.653546
0.827650 0.650321
0.742092 0.669063
0.762925 0.660728
0.756641 0.660360
0.750041 0.663583
0.754580 0.659032
0.769614 0.660230
0.729401 0.668588
0.728547 0.665245
0.723456 0.662295
0.723002 0.662081
0.839764 0.650420
0.899478 0.646035
0.871601 0.652709
0.871586 0.652683
0.815874 0.647549
0.815540 0.647483
0.801896 0.644430
0.809485 0.646496
0.791322 0.642672
0.797380 0.642517
0.790531 0.641325
0.790159 0.636965
0.785284 0.635276
0.779239 0.630428
0.756940 0.650586
0.755441 0.645181
0.763488 0.649136
0.771605 0.644482
0.773618 0.630855
0.773187 0.628255
0.766633 0.631988
0.762298 0.633797
0.757958 0.642365
0.751918 0.636044
0.745865 0.633781
0.747415 0.629067
0.766523 0.627040
0.767852 0.620609
0.759642 0.627963
0.748977 0.620420
0.754517 0.618698
0.759994 0.614284
0.755522 0.612555
0.716903 0.652164
0.716602 0.651959
0.720081 0.639315
0.718538 0.641888
0.726154 0.634091
0.733759 0.630518
0.739817 0.630615
0.730627 0.605367
0.780148 0.630695
0.748443 0.609064
0.743665 0.605092
0.213608 0.633746
0.202959 0.640998
0.203216 0.637480
0.181858 0.657606
0.187923 0.654815
0.195532 0.650014
0.174679 0.657113
0.175670 0.660149
0.175181 0.659797
0.171154 0.654001
0.169986 0.643432
0.174484 0.636939
0.168638 0.634449
0.171348 0.632593
0.177840 0.623421
0.178722 0.618334
0.139527 0.630539
0.147129 0.627479
0.156290 0.617629
0.160813 0.616473
0.150928 0.623138
0.174477 0.612891
0.168416 0.613741
0.133456 0.634767
0.127398 0.634770
0.126956 0.627922
0.120819 0.627224
0.115660 0.629597
0.109825 0.623070
0.103209 0.619057
0.091088 0.621014
0.019834 0.622435
0.014662 0.625032
0.078191 0.616488
0.071398 0.613045
0.059111 0.610690
0.074636 0.614156
0.066882 0.611182
0.039571 0.612906
0.047172 0.610922
0.033491 0.615426
0.027444 0.617108
0.021711 0.617264
0.712339 0.652999
0.615424 0.655114
0.619316 0.653941
0.615049 0.654205
0.608687 0.654001
0.623043 0.646120
0.586562 0.662111
0.594178 0.654161
0.588542 0.655676
0.580507 0.660581
0.582059 0.655307
0.568404 0.655651
0.569954 0.650980
0.501941 0.666640
0.505655 0.664277
0.505024 0.658992
0.675098 0.634463
0.662493 0.636582
0.647284 0.642933
0.635165 0.644105
0.634300 0.644110
0.650379 0.635380
0.636714 0.639753
0.628903 0.641806
0.622657 0.641352
0.617422 0.648451
0.615149 0.648804
0.609140 0.647835
0.589264 0.648935
0.563472 0.648861
0.562834 0.647773
0.562741 0.642553
0.607969 0.647103
0.603335 0.645289
0.601791 0.647728
0.589678 0.646708
0.597283 0.643338
0.598841 0.635592
0.585551 0.638691
0.565454 0.643737
0.558458 0.633161
0.553383 0.627302
0.547341 0.621513
0.541287 0.619946
0.510609 0.651010
0.516791 0.643115
0.520042 0.640008
0.522641 0.635173
0.527879 0.632353
0.527748 0.631995
0.527971 0.627157
0.554931 0.623409
0.712421 0.647877
0.706409 0.646129
0.712335 0.642888
0.705902 0.642836
0.714018 0.641422
0.713594 0.640165
0.712478 0.642183
0.706429 0.638828
0.708188 0.633188
0.708054 0.633003
0.700356 0.644376
0.700100 0.641419
0.700821 0.639863
0.705376 0.638016
0.700374 0.637694
0.697537 0.635233
0.694303 0.642758
0.694101 0.640431
0.695321 0.637815
0.688260 0.637075
0.682196 0.639192
0.692660 0.634532
0.694429 0.629384
0.694340 0.629292
0.688280 0.629726
0.694922 0.633478
0.688937 0.627282
0.687940 0.630314
0.682587 0.632233
0.682218 0.630868
0.688917 0.625222
0.703513 0.614067
0.705058 0.611288
0.688960 0.620018
0.687834 0.616301
0.691394 0.615501
0.718726 0.606057
0.497122 0.667354
0.495581 0.669013
0.491064 0.667469
0.483987 0.663565
0.472724 0.660015
0.467015 0.653547
0.465007 0.648040
0.467564 0.641662
0.462082 0.644755
0.461987 0.639761
0.448715 0.646462
0.449972 0.645899
0.449980 0.637816
0.456125 0.638483
0.462392 0.638027
0.432188 0.658724
0.426732 0.661727
0.425529 0.659168
0.433239 0.661055
0.433485 0.660846
0.436249 0.656268
0.438779 0.653076
0.440852 0.648758
0.446856 0.640233
0.413761 0.665404
0.417387 0.662346
0.412877 0.663761
0.407711 0.662596
0.404392 0.660498
0.406178 0.660997
0.399812 0.654622
0.401137 0.650883
0.396865 0.646154
0.399607 0.637062
0.470421 0.634832
0.469145 0.633066
0.463926 0.630402
0.462924 0.627385
0.456433 0.632828
0.460751 0.628246
0.452731 0.635875
0.401786 0.635718
0.404808 0.632893
0.406483 0.627609
0.407149 0.624135
0.400241 0.617933
0.371925 0.622673
0.370365 0.626001
0.372869 0.621166
0.373014 0.620952
0.374568 0.615172
0.367231 0.630081
0.365287 0.630496
0.366281 0.626946
0.360167 0.631384
0.360034 0.626493
0.354526 0.629637
0.354585 0.624315
0.348548 0.623412
0.369255 0.617067
0.354839 0.621339
0.348651 0.618006
0.354675 0.613783
0.395229 0.615028
0.394282 0.613745
0.388231 0.611578
0.376116 0.610975
0.383724 0.606277
0.335922 0.622799
0.335160 0.619262
0.329208 0.618167
0.329095 0.612156
0.324048 0.615375
0.323038 0.611907
0.301738 0.630160
0.304196 0.627238
0.294136 0.632556
0.296904 0.631402
0.294691 0.631087
0.289869 0.628769
0.289706 0.624997
0.289636 0.625084
0.303446 0.623564
0.308842 0.619123
0.310919 0.612565
0.304750 0.615222
0.304387 0.614932
0.289731 0.621621
0.284954 0.619272
0.271200 0.612788
0.273033 0.612714
0.279096 0.610757
0.259372 0.615771
0.259323 0.615723
0.258519 0.612283
0.253435 0.609310
0.247269 0.611089
0.221056 0.612054
0.234516 0.608340
0.218137 0.625616
0.213876 0.621168
0.218190 0.608079
0.227569 0.606516
0.221514 0.605633
0.180304 0.615005
0.183340 0.607323
0.184018 0.606768
0.169962 0.610307
