3.455334 0.896344
3.456262 0.898829
3.442540 0.896752
3.429693 0.896955
3.423314 0.897231
3.410260 0.896378
3.417884 0.899263
3.397673 0.896741
3.384504 0.896801
3.377972 0.895382
3.371160 0.895085
3.364472 0.894168
3.365447 0.894122
3.350761 0.891037
3.358145 0.893537
3.344436 0.890412
3.337655 0.889131
3.323865 0.885691
3.317582 0.885267
3.310133 0.883596
3.310426 0.883609
3.303251 0.881928
3.296860 0.881041
3.297207 0.881302
3.289851 0.878880
3.276223 0.876065
3.290346 0.879716
3.269840 0.876324
3.264427 0.874994
3.250040 0.874587
3.243705 0.875030
3.224492 0.876679
3.237124 0.873443
3.224710 0.875321
3.212287 0.879360
3.212125 0.876539
3.194226 0.884330
3.200321 0.881844
3.193622 0.879811
3.181936 0.885570
3.170007 0.889321
3.157310 0.890104
3.145382 0.893862
3.139112 0.894556
3.150969 0.889465
3.144890 0.890898
3.126632 0.896175
3.108064 0.900293
3.114114 0.897649
3.107563 0.897263
3.094824 0.898976
3.095222 0.899420
3.082400 0.899720
3.069368 0.900305
3.062837 0.899991
3.062993 0.899500
3.049986 0.900177
3.049735 0.898112
3.043298 0.899262
3.030737 0.899477
3.010995 0.899051
3.017884 0.899654
2.996893 0.898771
2.984739 0.897292
2.978996 0.896911
2.978048 0.895269
2.964821 0.895099
2.964951 0.894500
2.951659 0.894085
2.946259 0.892423
2.937934 0.889797
2.924692 0.888480
2.911727 0.887341
2.904262 0.885416
2.891151 0.884600
2.898476 0.886870
2.884530 0.883937
2.898718 0.886748
2.892117 0.886161
2.865695 0.885925
2.872326 0.885520
2.879339 0.886634
2.866587 0.887202
2.859160 0.885598
2.852821 0.886024
2.840571 0.888530
2.853398 0.887144
2.840578 0.887457
2.834757 0.888654
2.828754 0.891608
2.809134 0.891665
2.822646 0.892930
2.809651 0.892562
2.803030 0.893000
2.797433 0.895200
2.784657 0.895676
2.777505 0.894061
2.765187 0.896304
2.752121 0.896703
2.746674 0.898451
2.726755 0.897338
2.733906 0.898956
2.727449 0.898931
2.720552 0.898000
2.715027 0.900777
2.695553 0.901382
2.702145 0.900845
2.683014 0.902773
2.670435 0.904014
2.664201 0.903766
2.657646 0.904440
2.644851 0.904848
2.651546 0.904714
2.620771 0.905344
2.625679 0.904455
2.612728 0.905335
2.599927 0.905712
2.579908 0.904255
2.586802 0.904845
2.580353 0.904851
2.587214 0.904975
2.573452 0.904231
2.567202 0.903881
2.560416 0.903704
2.560625 0.903389
2.547609 0.902939
2.534453 0.901948
2.527818 0.901237
2.521342 0.901134
2.522071 0.902869
2.515548 0.902589
2.502713 0.902837
2.495496 0.900958
2.482757 0.901580
2.476111 0.900821
2.470214 0.901873
2.463250 0.900972
2.450016 0.899677
2.444044 0.900445
2.436990 0.899190
2.423899 0.898454
2.417086 0.897053
2.424246 0.898712
2.403714 0.895550
2.411368 0.898797
2.404775 0.898244
2.397302 0.895375
2.357375 0.890639
2.344006 0.888825
2.336312 0.886755
2.323524 0.884455
2.311751 0.880213
2.295673 0.876541
2.289162 0.876305
2.282419 0.875176
2.248810 0.869931
2.228396 0.865825
2.221791 0.864681
2.209241 0.866573
2.202836 0.866748
2.189593 0.865420
2.183484 0.866739
2.157365 0.865506
2.384008 0.893639
2.391405 0.896426
2.377962 0.894467
2.364718 0.892993
2.350874 0.889350
2.332392 0.886702
2.303084 0.879141
2.289575 0.876791
2.282517 0.874443
2.275846 0.873589
2.262420 0.871557
2.248097 0.869727
2.242533 0.869479
2.230524 0.871854
2.217548 0.871563
2.204303 0.868016
2.204623 0.871462
2.189753 0.864921
2.183794 0.866747
2.191291 0.869793
2.184807 0.869660
2.170592 0.865649
2.158404 0.868395
2.144690 0.866372
2.119234 0.867694
2.113158 0.869141
2.093963 0.869734
2.081745 0.872361
2.075527 0.873258
2.063036 0.874832
2.050039 0.874456
2.043671 0.874772
1.993309 0.879545
1.980493 0.879872
1.967918 0.881122
1.961374 0.880756
1.954710 0.879935
1.948424 0.880562
2.145037 0.866596
2.132830 0.869269
2.133812 0.872289
2.120141 0.870325
2.114497 0.872133
2.100418 0.869607
2.101726 0.873692
2.089207 0.875163
2.050462 0.874986
2.037793 0.875876
2.031486 0.876430
2.019254 0.879009
2.012930 0.879498
1.999960 0.879225
1.930174 0.883718
1.916538 0.881968
1.917505 0.884609
1.911204 0.885186
1.898518 0.886007
1.891400 0.884515
1.879149 0.885933
1.859688 0.886591
1.853424 0.887238
1.840325 0.886543
1.833827 0.886354
1.827506 0.885763
1.821076 0.885840
1.813890 0.884522
1.807320 0.883622
1.808571 0.887364
1.801896 0.886701
1.795072 0.886139
1.789301 0.887672
1.775768 0.886314
1.763389 0.888326
1.750972 0.889104
1.738239 0.890644
1.738564 0.891004
1.732453 0.892313
1.719480 0.893109
1.713397 0.893448
1.707026 0.894835
1.700628 0.893956
1.686916 0.893019
1.694318 0.895573
1.688157 0.896688
1.687939 0.894769
1.674576 0.894874
1.675611 0.896979
1.649810 0.899164
1.662479 0.896859
1.656433 0.897691
1.637446 0.898133
1.637462 0.900178
1.644323 0.900673
1.630640 0.899557
1.617864 0.900335
1.619200 0.904382
1.631814 0.902210
1.606823 0.906400
1.593316 0.905157
1.600599 0.906208
1.594316 0.907964
1.587234 0.906579
1.587883 0.906920
1.574775 0.908280
1.562239 0.908583
1.548925 0.908087
1.542550 0.908373
1.555918 0.909080
1.529688 0.908518
1.530598 0.910933
1.523266 0.908626
1.510117 0.907664
1.503335 0.906598
1.498354 0.910951
1.490911 0.908221
1.478181 0.908873
1.485499 0.911126
1.472594 0.911105
1.464965 0.907654
1.458824 0.908841
1.459954 0.912112
1.453669 0.912745
1.440691 0.912446
1.433839 0.911989
1.434543 0.913612
1.421894 0.914577
1.415541 0.914951
1.409373 0.916044
1.396058 0.915528
1.383269 0.915955
1.390201 0.916728
1.364814 0.915774
1.370686 0.916089
1.357590 0.916422
1.351155 0.915390
1.344586 0.916017
1.331470 0.914094
1.324499 0.913460
1.318464 0.913568
1.311961 0.914569
1.305300 0.913754
1.305264 0.912522
1.292096 0.912580
1.279363 0.912131
1.265966 0.911304
1.259378 0.910765
1.253972 0.913704
1.246569 0.911116
1.240567 0.912846
1.241155 0.914047
1.234794 0.914368
1.227921 0.913825
1.222157 0.915386
1.215093 0.914101
1.195755 0.914145
1.196419 0.915622
1.189754 0.914792
1.182548 0.912962
1.175942 0.912626
1.176612 0.913856
1.163204 0.912984
1.150465 0.913599
1.151061 0.914818
1.144124 0.913853
1.144715 0.915221
1.131247 0.914114
1.118383 0.913160
1.111725 0.913445
1.099307 0.915308
1.105613 0.913661
1.085902 0.913353
1.072860 0.913621
1.073232 0.914242
1.067778 0.917003
1.054610 0.915967
1.041044 0.914554
1.028232 0.914821
1.015025 0.913634
1.008589 0.913686
0.995424 0.912661
0.995850 0.913219
0.982299 0.911790
0.983032 0.913533
0.969616 0.912625
0.949689 0.910398
0.957115 0.913080
0.950818 0.913672
1.009238 0.914900
0.887279 0.919582
0.874521 0.920129
0.855583 0.921719
0.849444 0.922913
0.837006 0.924699
0.824311 0.925708
0.811062 0.924142
0.797492 0.921559
0.790868 0.920884
0.777379 0.918614
0.770806 0.918138
0.751405 0.917939
0.738204 0.916777
0.937225 0.912081
0.930880 0.912486
0.937979 0.914225
0.931925 0.915647
0.918260 0.913350
0.919289 0.916451
0.913045 0.917252
0.905920 0.915727
0.900738 0.919544
0.893486 0.917527
0.894464 0.920223
0.883013 0.921393
0.868255 0.920494
0.875505 0.921733
0.869161 0.922146
0.856601 0.923457
0.850129 0.923369
0.837450 0.924228
0.824131 0.922605
0.804064 0.920908
0.810949 0.921516
0.797118 0.918993
0.790541 0.918503
0.791048 0.919385
0.784593 0.919364
0.771957 0.920385
0.758360 0.918768
0.745479 0.918555
0.733078 0.919695
0.726024 0.918438
0.713495 0.919871
0.707613 0.920713
0.700815 0.920716
0.661198 0.918292
0.641596 0.917316
0.634733 0.915723
0.609867 0.919324
0.581453 0.922954
0.575435 0.918111
0.564756 0.919474
0.552099 0.920413
0.532197 0.922615
0.526424 0.920890
0.500958 0.922178
0.494668 0.922794
0.481966 0.923560
0.462601 0.923499
0.456456 0.924676
0.692967 0.919306
0.680751 0.917956
0.667600 0.916987
0.668896 0.917979
0.653942 0.916396
0.662129 0.919483
0.635448 0.917362
0.642414 0.918183
0.622697 0.917940
0.629907 0.919802
0.610586 0.920126
0.617343 0.921100
0.597303 0.919506
0.584793 0.921880
0.584392 0.919463
0.585776 0.923739
0.572019 0.921496
0.573350 0.925572
0.559809 0.924163
0.560358 0.925215
0.547137 0.923973
0.540278 0.923463
0.540696 0.924004
0.527585 0.924260
0.528135 0.925316
0.520979 0.923659
0.521086 0.923005
0.508496 0.925267
0.508363 0.923685
0.495382 0.924717
0.496351 0.927120
0.483162 0.927068
0.483277 0.926443
0.475662 0.923915
0.469975 0.925958
0.470706 0.927720
0.457519 0.927673
0.452117 0.930659
0.443629 0.924953
0.445381 0.930615
0.439057 0.930037
0.432397 0.930287
0.424070 0.929667
0.432295 0.928835
0.405897 0.928688
0.419130 0.928871
0.405798 0.927199
0.399401 0.927404
0.404158 0.927309
0.399695 0.927478
0.380565 0.930489
0.386922 0.927971
0.373909 0.928593
0.360147 0.926370
0.367519 0.928824
0.341346 0.928484
0.348539 0.928574
0.342042 0.929011
0.333236 0.928105
0.329518 0.931524
0.329208 0.929265
0.321908 0.928144
0.315909 0.929884
0.309721 0.930896
0.317090 0.933344
0.310770 0.933845
0.296805 0.930831
0.303265 0.934599
0.290765 0.932511
0.278160 0.933550
0.266341 0.937726
0.266864 0.938654
0.260186 0.938864
0.248052 0.941818
0.254938 0.942419
0.242455 0.946236
0.236755 0.949127
0.236476 0.946930
0.242862 0.945601
0.230412 0.949538
0.224492 0.951579
0.230527 0.948865
0.224198 0.949333
0.218410 0.951886
0.219299 0.954245
0.214073 0.957045
0.133300 0.973366
0.113586 0.971959
0.050548 0.978384
0.039175 0.984269
0.028176 0.991606
0.006119 1.006193
-0.004859 1.014587
-0.005997 1.009575
0.200522 0.958639
0.206687 0.956431
0.194382 0.959835
0.189207 0.963653
0.195202 0.960834
0.177626 0.967221
0.170532 0.967358
0.165043 0.969975
0.170902 0.966632
0.146030 0.972368
0.152603 0.971755
0.133794 0.974931
0.133562 0.972943
0.127265 0.973332
0.120703 0.974194
0.114297 0.973272
0.100928 0.972548
0.101668 0.974318
0.094608 0.973052
0.096037 0.975017
0.081808 0.973439
0.069899 0.976176
0.063616 0.976696
0.056412 0.974993
0.051058 0.979228
0.056930 0.975907
0.051152 0.978507
0.039707 0.985204
0.034256 0.987991
0.028757 0.992735
0.023148 0.995983
0.022525 0.992508
0.011374 1.000330
0.016461 0.994000
0.004028 0.995803
-0.003762 1.001138
