3.161239 0.697743
3.151014 0.699889
3.152282 0.697748
3.159887 0.693408
3.163988 0.693174
3.165877 0.689778
3.164056 0.684265
3.147771 0.692111
3.131026 0.702816
3.124970 0.701409
3.112859 0.698944
3.140176 0.693993
3.132053 0.698644
3.134127 0.690995
3.132584 0.695042
3.135666 0.688336
3.126336 0.696346
3.128065 0.691502
3.120453 0.697730
3.114605 0.696461
3.115934 0.688565
3.091589 0.707756
3.106802 0.698030
3.099204 0.700708
3.094358 0.695445
3.094700 0.693323
3.085529 0.707565
3.079479 0.705049
3.088198 0.701992
3.081029 0.699190
3.088335 0.694105
3.089049 0.689458
3.088655 0.689256
3.081811 0.694326
3.081970 0.690098
3.110200 0.686340
3.096237 0.690848
3.090192 0.686976
3.084144 0.683620
3.074978 0.696750
3.068390 0.695928
3.062098 0.695425
3.075930 0.692548
3.076536 0.688903
3.070628 0.688975
3.070474 0.689381
3.049223 0.692695
3.050759 0.690802
3.056057 0.694142
3.046869 0.685955
3.074745 0.685224
3.078087 0.682897
3.080316 0.675185
3.081189 0.670889
3.075137 0.668508
3.073294 0.667068
3.068455 0.668161
3.073606 0.669190
3.069093 0.664195
3.074258 0.666429
3.075807 0.665382
3.076692 0.661470
3.070643 0.658178
3.051491 0.672847
3.050277 0.668817
3.056761 0.665003
3.062543 0.666486
3.063036 0.663394
3.057493 0.660028
3.064107 0.657864
3.065127 0.654710
3.070741 0.653809
3.063801 0.655056
3.065154 0.650849
3.064609 0.651308
3.060764 0.656904
3.058563 0.647619
3.467211 0.668620
3.438870 0.679790
3.461629 0.669661
3.460942 0.668044
3.447726 0.672751
3.440420 0.674029
3.429391 0.669574
3.428125 0.669766
3.435899 0.670872
3.417110 0.667636
3.416210 0.665854
3.411082 0.666324
3.411592 0.656815
3.406082 0.658040
3.469283 0.664177
3.477669 0.663857
3.474791 0.665111
3.475740 0.659679
3.475240 0.659979
3.477903 0.658793
3.402480 0.641656
3.395913 0.645787
3.390276 0.639477
3.390911 0.633743
3.392168 0.626635
3.392413 0.625326
3.392177 0.624418
3.393730 0.617701
3.383122 0.636965
3.363290 0.640515
3.370597 0.636718
3.364412 0.635879
3.372536 0.630682
3.367069 0.627625
3.357234 0.639574
3.358757 0.633391
3.352521 0.637155
3.358786 0.633158
3.351162 0.635571
3.348242 0.631150
3.354835 0.625545
3.352703 0.626951
3.339055 0.639066
3.345510 0.638209
3.345901 0.633233
3.338632 0.639528
3.339069 0.635283
3.339529 0.632979
3.342117 0.624962
3.384557 0.632770
3.378504 0.630884
3.372445 0.630698
3.370899 0.635380
3.364844 0.633833
3.366395 0.627976
3.355805 0.623771
3.340625 0.627958
3.346682 0.628933
3.348234 0.622510
3.348736 0.616925
3.333595 0.635145
3.334559 0.629570
3.301207 0.627958
3.302764 0.620300
3.296705 0.619991
3.297681 0.615140
3.284595 0.617090
3.292198 0.613222
3.285668 0.612356
3.292758 0.606637
3.379769 0.628264
3.387371 0.617190
3.387677 0.615926
3.381614 0.616589
3.380594 0.618202
3.377201 0.614093
3.381626 0.613361
3.383626 0.610282
3.383167 0.610054
3.344767 0.616409
3.342059 0.612039
3.332764 0.602627
3.327487 0.598974
3.327542 0.595050
3.320315 0.589753
3.321714 0.586250
3.307109 0.574585
3.318714 0.576719
3.301296 0.568823
3.295490 0.564880
3.302071 0.562661
3.296346 0.560397
3.295503 0.561310
3.276995 0.620462
3.272482 0.614945
3.277327 0.609070
3.279810 0.606766
3.279042 0.605625
3.264881 0.618390
3.259156 0.618289
3.266430 0.612917
3.239092 0.623675
3.232099 0.625916
3.250106 0.622679
3.252972 0.617451
3.238402 0.622612
3.162998 0.679102
3.163003 0.677572
3.162710 0.676073
3.161965 0.674916
3.225431 0.627037
3.225207 0.623510
3.222680 0.617088
3.219144 0.622296
3.215312 0.616909
3.220942 0.615524
3.215554 0.611822
3.210019 0.606907
3.219754 0.607564
3.222386 0.604717
3.215228 0.606916
3.220821 0.595058
3.221954 0.590158
3.219574 0.586830
3.281638 0.604719
3.282586 0.598127
3.277262 0.600130
3.288161 0.588312
3.283216 0.591713
3.284369 0.585082
3.290966 0.574853
3.289206 0.579599
3.286333 0.575509
3.291413 0.571126
3.289437 0.562837
3.290183 0.559492
3.285501 0.560994
3.289448 0.559989
3.227176 0.583487
3.229349 0.582747
3.227791 0.580401
3.220580 0.584774
3.221111 0.584529
3.222060 0.578159
3.216328 0.575924
3.209889 0.575880
3.209023 0.575907
3.204512 0.570378
3.198461 0.567757
3.201493 0.573261
3.192404 0.566919
3.185510 0.567656
3.190868 0.568935
3.160738 0.669545
3.158938 0.667742
3.158507 0.668090
3.153547 0.664273
3.154676 0.659384
3.148984 0.651044
3.148934 0.647462
3.155447 0.645511
3.150079 0.647651
3.155088 0.641616
3.150193 0.643537
3.145080 0.648502
3.158187 0.637136
3.164662 0.634650
3.162522 0.625292
3.164959 0.624487
3.162226 0.618684
3.165754 0.615716
3.155758 0.614213
3.157295 0.611966
3.155270 0.604656
3.059603 0.648048
3.151085 0.599980
3.148883 0.590606
3.154378 0.589047
3.161531 0.579143
3.153819 0.586499
3.157481 0.576671
3.154525 0.573919
3.159027 0.572023
3.178716 0.564972
3.172705 0.564307
3.180301 0.562332
3.166638 0.566114
3.159973 0.566801
3.153883 0.568658
3.159042 0.567816
3.043169 0.691136
3.044723 0.684330
3.046500 0.680754
3.047809 0.676446
3.047814 0.675391
3.045925 0.676842
3.027061 0.646220
3.009960 0.665730
3.003910 0.662969
3.009972 0.665658
3.014611 0.648098
3.012742 0.652210
3.004877 0.657693
3.007006 0.652463
3.002205 0.645937
3.000964 0.647744
2.995935 0.645370
2.995026 0.644797
2.994931 0.644722
2.996042 0.636087
2.966726 0.694765
2.967392 0.690630
2.960077 0.695367
2.973465 0.686908
2.975237 0.680834
2.981076 0.681072
2.959870 0.692479
2.965858 0.691983
2.964712 0.688353
2.967402 0.687720
2.968888 0.680508
2.968960 0.680010
2.975899 0.675021
2.970254 0.672506
2.964196 0.675056
2.964460 0.671242
2.964691 0.669743
2.972062 0.667903
2.951774 0.694656
2.953575 0.691741
2.948309 0.688057
2.953394 0.688567
2.952507 0.687183
2.949243 0.682009
2.948679 0.677481
2.946418 0.675704
2.944272 0.673030
2.942336 0.671050
2.944754 0.670511
2.953282 0.665103
2.946477 0.666190
2.945820 0.666652
2.970613 0.667651
2.964586 0.666320
2.962874 0.666329
2.957543 0.668160
2.989878 0.640367
2.983463 0.640242
2.977990 0.637205
2.965190 0.636875
2.976268 0.632038
2.970856 0.635568
2.952361 0.665522
2.950816 0.670111
2.959242 0.635312
2.958976 0.632367
2.939980 0.633579
2.946233 0.631857
2.937367 0.634346
2.809416 0.697629
2.803075 0.698194
2.798691 0.694135
2.803996 0.695320
2.805190 0.689735
2.798643 0.688158
2.820401 0.680524
2.836407 0.667310
2.819509 0.675404
2.821951 0.674773
2.806726 0.687586
2.806270 0.688253
2.799859 0.688122
2.812788 0.687013
2.814338 0.681184
2.841025 0.665748
2.932522 0.638118
2.924875 0.641823
2.919148 0.641138
2.918030 0.643041
2.913091 0.640266
2.906226 0.635871
2.876615 0.656643
2.879989 0.655850
2.870560 0.655278
2.882964 0.646213
2.884232 0.649160
2.885566 0.642935
2.872105 0.650703
2.901849 0.632212
2.901109 0.631702
2.893800 0.638119
2.890129 0.638744
2.894955 0.628452
2.893061 0.626634
2.901828 0.625730
2.895528 0.625249
2.841690 0.666852
2.834757 0.665782
2.835638 0.664583
2.858435 0.656233
2.843698 0.660941
2.843240 0.661106
2.837311 0.660737
2.837180 0.660732
3.047677 0.645013
3.041936 0.640664
3.047182 0.642778
3.039639 0.643658
3.032710 0.642241
3.021496 0.646149
2.984419 0.633523
2.978819 0.630869
2.722331 0.709271
2.712287 0.707210
2.669586 0.721451
2.669578 0.717660
2.682033 0.697056
2.692956 0.700063
2.674784 0.697241
2.782364 0.705675
2.770257 0.701998
2.766641 0.699150
2.783919 0.698334
2.785303 0.693244
2.785819 0.689020
2.777863 0.697366
2.771321 0.696592
2.779505 0.691204
2.783211 0.688485
2.779502 0.687476
2.774015 0.688214
2.773493 0.686086
2.779429 0.687186
2.792576 0.686953
2.787020 0.686454
2.780956 0.687720
2.737111 0.702022
2.738441 0.698104
2.737383 0.696966
2.741184 0.693932
2.740775 0.688728
2.740773 0.679802
2.739362 0.675719
2.768360 0.681973
2.763560 0.676846
2.761324 0.673778
2.769040 0.676116
2.763697 0.672655
2.758749 0.667978
2.746209 0.664567
2.732361 0.703419
2.731851 0.706078
2.713343 0.703802
2.739048 0.669033
2.740151 0.664042
2.735556 0.673639
2.732650 0.664117
2.734091 0.663841
2.701689 0.699914
2.696041 0.692535
2.694497 0.696589
2.702334 0.694144
2.695837 0.680870
2.682904 0.694361
2.688436 0.696579
2.689985 0.691226
2.679926 0.695487
2.691543 0.683203
2.685496 0.679943
2.690609 0.682936
2.685502 0.678175
2.691564 0.677620
2.696507 0.675897
2.696488 0.666964
2.692232 0.671211
2.694665 0.665937
2.684134 0.673385
2.687051 0.672526
2.687895 0.667567
2.689066 0.663945
2.686198 0.664872
2.663002 0.723589
2.657409 0.720915
2.657994 0.720045
2.664963 0.717501
2.651946 0.716506
2.663087 0.719594
2.656623 0.719626
2.665013 0.713583
2.650795 0.717669
2.661484 0.710873
2.659551 0.712389
2.661110 0.704029
2.668726 0.696833
2.656617 0.693960
2.645893 0.714716
2.645136 0.715193
2.639717 0.711972
2.640042 0.710963
2.636675 0.707141
2.647447 0.708116
2.649000 0.701315
2.641398 0.704766
2.633804 0.701419
2.636901 0.695615
2.667183 0.700978
2.644507 0.690812
2.673200 0.690295
2.670284 0.689034
2.659725 0.679917
2.646063 0.683609
2.647613 0.677542
2.629307 0.696955
2.632402 0.686702
2.620188 0.681176
2.616762 0.676305
2.627908 0.676502
2.623411 0.667288
2.615639 0.671501
2.592502 0.675153
2.588662 0.674374
2.596487 0.670851
2.590530 0.669311
2.603704 0.666848
2.605253 0.661367
2.611308 0.662514
2.618906 0.660095
2.606800 0.656095
2.602311 0.668220
2.583988 0.668405
2.579020 0.664982
2.572705 0.660786
2.573443 0.655898
2.579364 0.656410
2.574991 0.650752
2.578651 0.650662
2.567757 0.656112
2.568933 0.650096
2.561323 0.655727
2.562881 0.647649
2.576545 0.643912
2.580455 0.642108
2.584624 0.632535
2.582913 0.632389
2.582407 0.623353
2.581211 0.622481
2.579671 0.625528
2.573892 0.622024
2.566719 0.616335
2.155767 1.086358
2.169739 1.080626
2.163374 1.081501
2.164343 1.075389
2.118123 1.097842
2.122371 1.096490
2.110239 1.099358
2.095791 1.104823
2.108293 1.102319
2.107172 1.102337
2.101106 1.103635
2.143647 1.086251
2.136040 1.090981
2.137583 1.087113
2.146907 1.075088
2.152804 1.075687
2.133067 1.082818
2.125458 1.088285
2.117848 1.094102
2.055455 1.135628
2.061514 1.135888
2.032630 1.151137
2.034179 1.145778
2.041786 1.140867
2.049486 1.141357
2.047310 1.135770
2.037276 1.134944
2.020517 1.149124
2.014458 1.148808
1.993198 1.154702
2.000801 1.150885
2.009945 1.143688
2.016002 1.144596
2.023610 1.139353
2.025158 1.134167
2.013039 1.133877
1.997831 1.141993
1.975036 1.149765
1.988688 1.149002
1.976573 1.147310
1.970517 1.146371
1.962926 1.146776
1.972061 1.142130
1.979802 1.139865
1.991778 1.140032
2.078285 1.118491
2.066163 1.118755
2.088732 1.107216
2.081382 1.107745
2.082412 1.106286
2.076393 1.108489
2.050943 1.130056
2.057004 1.130025
2.054040 1.119325
2.038825 1.129298
2.032766 1.129082
2.034314 1.124008
2.042735 1.119500
2.063197 1.108633
2.167962 1.058294
2.160423 1.067608
2.154804 1.066842
2.155914 1.061294
2.163536 1.052565
2.165085 1.046882
2.159022 1.047738
2.178759 1.040347
2.168187 1.034817
2.169994 1.028454
2.162123 1.036018
2.180755 1.027670
2.176579 1.021709
2.188640 1.019412
2.183795 1.014386
2.178404 1.014835
2.182024 1.010081
2.179879 0.999421
2.183038 0.991133
2.142638 1.068331
2.182716 0.997523
2.185110 0.987740
2.183284 0.982254
2.187904 0.975605
2.195862 0.962510
2.196111 0.967016
2.189006 0.969388
2.201939 0.958106
2.203445 0.949363
2.210414 0.943177
2.206963 0.936143
2.200721 0.939260
2.201499 0.933071
2.209238 0.934019
2.196825 0.923785
2.201590 0.925304
2.195962 0.915957
2.195141 0.911958
2.197577 0.913792
2.200661 0.904156
2.214406 0.894464
2.197359 0.904831
2.208349 0.893553
2.208105 0.893788
2.203647 0.895842
2.201350 0.894732
2.233550 0.884126
2.214894 0.889219
2.227249 0.877693
2.232725 0.871837
2.219049 0.878873
2.220602 0.872050
2.228202 0.869189
2.211440 0.884305
2.211735 0.878340
2.236100 0.870585
2.238179 0.860758
2.237664 0.855554
2.237371 0.855355
2.238499 0.857019
2.236254 0.855184
2.235844 0.855032
2.229381 0.852759
2.231855 0.848808
2.224559 0.847667
2.225830 0.843709
2.221126 0.844546
2.225681 0.840437
2.223755 0.841301
1.951940 1.141936
1.958409 1.142603
1.952362 1.139283
1.959949 1.139877
1.953899 1.136931
1.951157 1.131501
1.950031 1.127481
1.947939 1.132198
1.955447 1.131882
1.950777 1.126306
1.949280 1.117074
1.946405 1.108901
1.948812 1.102943
1.934231 1.097487
1.941974 1.099220
1.937472 1.090862
1.929436 1.092851
1.917776 1.087644
1.925932 1.083688
1.919322 1.082879
1.915092 1.079517
1.915148 1.075739
1.910440 1.087979
1.910187 1.087586
1.911725 1.085163
1.909963 1.083597
1.910113 1.079852
1.869854 1.067823
1.857247 1.067750
1.849655 1.068965
1.849326 1.062300
1.845133 1.065961
1.831471 1.069404
1.837533 1.068897
1.839075 1.065406
1.816294 1.075964
1.809093 1.078300
1.796950 1.081009
1.792026 1.076707
1.803485 1.077220
1.819351 1.069308
1.805687 1.073458
1.799626 1.073563
1.775281 1.086917
1.757951 1.087093
1.763163 1.086415
1.762101 1.087702
1.728237 1.096856
1.747962 1.092637
1.749502 1.089472
1.737380 1.089920
1.736124 1.091944
1.731324 1.088577
1.784422 1.080590
1.776820 1.084005
1.782884 1.083230
1.764697 1.084675
1.772231 1.079786
1.752582 1.083461
1.714426 1.099236
1.719097 1.093215
1.704003 1.095148
1.697951 1.092596
1.699489 1.090298
1.682432 1.098384
1.670646 1.094785
1.690352 1.095681
1.685833 1.092074
1.678239 1.093475
1.672185 1.092023
1.658773 1.091665
1.646418 1.091319
1.638827 1.092006
1.634304 1.089309
1.660071 1.090151
1.647958 1.088082
1.622188 1.088397
1.613058 1.091777
1.614767 1.088033
1.609602 1.087816
1.608736 1.086722
1.600932 1.093220
1.593532 1.097615
1.585845 1.097719
1.580143 1.099112
1.573789 1.095064
1.570532 1.088895
1.565835 1.088846
1.561874 1.079114
1.562003 1.077849
1.560117 1.072392
1.555604 1.067259
1.554076 1.067203
1.551760 1.057907
1.545691 1.057962
1.540001 1.053007
1.540563 1.045239
1.537381 1.037124
1.532977 1.044361
1.520886 1.036832
1.530022 1.031472
1.523970 1.029270
1.493554 1.045864
1.516370 1.032380
1.511849 1.029479
1.501162 1.040346
1.496641 1.037486
1.504249 1.032659
1.525509 1.026544
1.531565 1.027555
1.945070 1.088622
1.939020 1.085828
1.927895 1.073832
1.920994 1.075603
1.921392 1.068101
1.928942 1.059374
1.931598 1.055571
1.927099 1.046757
1.925564 1.048583
1.921060 1.041168
1.918367 1.044500
1.911257 1.034124
1.902912 1.032333
1.886143 1.049163
1.872465 1.057125
1.878528 1.056052
1.874011 1.052105
1.889240 1.038292
1.879334 1.045446
1.878664 1.034312
1.860336 1.059199
1.866399 1.058326
1.867948 1.052942
1.916554 1.034325
1.918100 1.029448
1.912046 1.028048
1.904806 1.026524
1.899943 1.023308
1.892337 1.027485
1.854923 1.056220
2.523188 0.694223
2.521435 0.690996
2.526621 0.685990
2.514664 0.695750
2.501599 0.692473
2.493767 0.700510
2.509062 0.689335
2.523537 0.686685
2.530616 0.677874
2.528840 0.682632
2.530887 0.677350
2.530397 0.675703
2.531437 0.672456
2.555047 0.655499
2.553724 0.654511
2.526463 0.667857
2.508401 0.687657
2.520840 0.665286
2.515261 0.662586
2.503933 0.663519
2.503722 0.655987
2.500920 0.662908
2.496115 0.661097
2.522972 0.663590
2.521060 0.658074
2.523518 0.645866
2.523482 0.645818
2.518458 0.641358
2.500632 0.664901
2.501690 0.664371
2.494578 0.663321
2.494368 0.662871
2.504386 0.659790
2.498066 0.654709
2.500699 0.653931
2.512771 0.638977
2.501590 0.650295
2.497695 0.647179
2.505578 0.645038
2.500745 0.645011
2.506842 0.639284
2.556689 0.646638
2.556828 0.645688
2.507622 0.634929
2.481246 0.695567
2.475227 0.694212
2.469564 0.695520
2.444260 0.684546
2.439023 0.686393
2.432817 0.685629
2.465354 0.681026
2.463090 0.675663
2.464341 0.674599
2.471383 0.667102
2.467318 0.671391
2.470702 0.663162
2.490067 0.657710
2.489712 0.657983
2.487547 0.656358
2.472857 0.658476
2.473350 0.653472
2.488536 0.658606
2.487722 0.652590
2.491188 0.645904
2.471306 0.654367
2.472414 0.647817
2.471923 0.647976
2.469672 0.645114
2.492842 0.644510
2.489626 0.647854
2.491642 0.645294
2.474076 0.642673
2.471162 0.644096
2.473471 0.642512
2.479541 0.640312
2.480474 0.637062
2.480073 0.631882
2.439711 0.680495
2.439921 0.679602
2.432584 0.682589
2.433875 0.675782
2.442196 0.675197
2.435423 0.670672
2.436969 0.665977
2.432654 0.669435
2.435431 0.668404
2.434044 0.664609
2.439683 0.661948
2.437587 0.659528
2.439874 0.653067
2.438891 0.651721
2.440108 0.644108
2.425390 0.684895
2.426271 0.679907
2.412602 0.685342
2.420091 0.685065
2.413477 0.685565
2.419321 0.683697
2.397977 0.694267
2.399806 0.687933
2.398947 0.686969
2.420346 0.677190
2.420203 0.677220
2.426937 0.676343
2.391711 0.696789
2.385254 0.698409
2.378812 0.696767
2.391171 0.694718
2.385275 0.692723
2.373535 0.693126
2.365983 0.692866
2.365560 0.694737
2.367075 0.694391
2.373165 0.690360
2.367233 0.688883
2.370217 0.675149
2.377523 0.673552
2.382345 0.673542
2.368950 0.676052
2.391375 0.662761
2.386626 0.666502
2.387610 0.665370
2.377826 0.669649
2.317743 0.709806
2.311426 0.705636
2.348577 0.704660
2.358569 0.701571
2.330156 0.711338
2.308864 0.701668
2.305654 0.695898
2.307160 0.695081
2.305290 0.686895
2.364626 0.673189
2.364174 0.670949
2.364125 0.670811
2.361599 0.666515
2.353037 0.661567
2.342269 0.657426
2.347385 0.655335
2.335756 0.655109
2.329198 0.655431
2.321880 0.658115
2.335083 0.653446
2.328268 0.654575
2.315614 0.653786
2.432480 0.654391
2.434034 0.647352
2.434055 0.641787
2.431932 0.637395
2.390118 0.656952
2.388543 0.650833
2.374909 0.646725
2.382573 0.646244
2.370407 0.639039
2.366694 0.634328
2.234798 0.846040
2.232906 0.837739
2.242595 0.838694
2.240134 0.839376
2.239068 0.834163
2.234464 0.829721
2.234787 0.828429
2.239908 0.829220
2.238142 0.825050
2.236016 0.823455
2.231327 0.819122
2.225141 0.818296
2.230582 0.817685
2.227699 0.813994
2.226655 0.809827
2.230648 0.810816
2.227009 0.808261
2.231838 0.805918
2.228310 0.800928
2.227028 0.803319
2.218920 0.817573
2.219401 0.813158
2.212999 0.814820
2.214283 0.808169
2.220954 0.806628
2.223565 0.800446
2.216171 0.802716
2.214695 0.803126
2.218263 0.799358
2.222508 0.799998
2.220696 0.798524
2.222514 0.798230
2.221491 0.798322
2.207530 0.800953
2.208208 0.799493
2.203779 0.793184
2.205976 0.787920
2.204668 0.786335
2.205793 0.782749
2.210103 0.773415
2.206901 0.779193
2.210325 0.769630
2.215096 0.767238
2.222699 0.763276
2.222700 0.763132
2.216633 0.764852
2.217835 0.758297
2.210574 0.764373
2.214513 0.756448
2.214603 0.747537
2.212527 0.752230
2.214095 0.743628
2.262461 0.700193
2.214794 0.738649
2.215274 0.733954
2.223479 0.725742
2.220640 0.727131
2.221808 0.726042
2.229719 0.722554
2.230487 0.724267
2.230271 0.724683
2.233579 0.714886
2.234052 0.714501
2.254857 0.704194
2.241195 0.707441
2.248043 0.703317
2.247265 0.705277
2.301916 0.690273
2.301563 0.682331
2.260755 0.702655
2.266761 0.698195
2.267227 0.694496
2.267756 0.689473
2.266937 0.684197
2.265982 0.682674
2.267315 0.685595
2.260593 0.679086
2.263761 0.675949
2.261450 0.670337
2.255028 0.672689
2.303113 0.668598
2.308894 0.658359
2.303767 0.659809
2.266428 0.662434
2.271831 0.646987
2.279445 0.640261
2.267831 0.639746
2.270431 0.626724
2.256846 0.663437
2.259226 0.652290
2.256809 0.641323
2.564610 0.608437
2.563073 0.610965
2.553420 0.601685
2.557154 0.601658
2.553872 0.596504
2.552525 0.599087
2.546998 0.597808
2.534765 0.595716
2.529008 0.593557
2.534518 0.592734
2.528753 0.590590
2.512586 0.635816
2.508421 0.625829
2.506383 0.619379
2.502806 0.626081
2.503909 0.620453
2.481365 0.624532
2.484186 0.624217
2.484587 0.623867
2.484205 0.619128
2.499176 0.613560
2.497657 0.614531
2.495224 0.613310
2.493911 0.607909
2.516678 0.591778
2.510219 0.591794
2.509504 0.593258
2.516733 0.587832
2.511702 0.588571
2.478872 0.616482
2.478159 0.615421
2.459001 0.614330
2.466825 0.613818
2.460569 0.613207
2.466047 0.613019
2.432472 0.628580
2.429557 0.632822
2.434388 0.620049
2.439540 0.615980
2.440645 0.611193
2.434256 0.610995
2.434072 0.611063
2.447876 0.610284
2.364981 0.633245
2.361141 0.629384
2.341705 0.619827
2.349292 0.620098
2.337567 0.615649
2.309877 0.619490
2.325078 0.612919
2.317400 0.616901
2.319025 0.611210
2.311479 0.615251
2.290156 0.622425
2.282545 0.628384
2.281000 0.632864
2.285644 0.617133
2.278041 0.620956
2.306918 0.607432
2.299307 0.613672
1.321823 1.126558
1.329434 1.120645
1.317304 1.122959
1.315759 1.127404
1.311244 1.122901
1.309699 1.127162
1.414326 1.121635
1.427986 1.118797
1.435658 1.114656
1.437026 1.109830
1.421798 1.121161
1.433407 1.115526
1.437958 1.111322
1.443003 1.103433
1.443167 1.099694
1.401035 1.125507
1.399740 1.125791
1.394604 1.124990
1.387297 1.124341
1.441667 1.101844
1.442637 1.098228
1.445843 1.089960
1.450103 1.080599
1.445785 1.086165
1.452427 1.072143
1.449074 1.076573
1.457044 1.070932
1.455932 1.067755
1.455508 1.073240
1.462138 1.065195
1.382744 1.122194
1.377737 1.117718
1.376449 1.118370
1.370947 1.114981
1.367232 1.105846
1.380972 1.120758
1.369290 1.116392
1.362959 1.106253
1.361577 1.100247
1.355345 1.096818
1.353807 1.099528
1.324910 1.118604
1.327466 1.113059
1.335806 1.107174
1.336489 1.102173
1.340814 1.097108
1.306727 1.119017
1.319699 1.115314
1.343248 1.090866
1.349304 1.091716
1.341703 1.095131
1.347759 1.096245
1.331410 1.099828
1.335804 1.091793
1.350847 1.087764
1.344793 1.086189
1.346339 1.081372
1.338735 1.085934
1.340286 1.079753
1.297591 1.124290
1.289992 1.126808
1.291541 1.121552
1.280672 1.115077
1.300674 1.116950
1.294628 1.113511
1.288583 1.109205
1.276630 1.105330
1.276501 1.098871
1.287025 1.101006
1.285637 1.093896
1.254303 1.088931
1.246933 1.091768
1.270458 1.094547
1.265954 1.087014
1.258864 1.087313
1.267487 1.085665
1.273546 1.085947
1.253618 1.087287
1.246247 1.086545
1.239535 1.098474
1.227517 1.095730
1.239404 1.091357
1.233158 1.094460
1.221258 1.091337
1.216561 1.085904
1.211981 1.083194
1.209151 1.077515
1.232587 1.089488
1.220062 1.086185
1.214918 1.083483
1.205867 1.074356
1.202233 1.063355
1.200072 1.059112
1.201369 1.054253
1.201118 1.050405
1.207040 1.050297
1.204034 1.044777
1.207436 1.042780
1.211835 1.042345
1.211546 1.042572
1.214115 1.037704
1.222242 1.034261
1.205996 1.037350
1.204325 1.033223
1.221082 1.025093
1.214736 1.029776
1.210995 1.028140
1.208655 1.023989
1.212746 1.015756
1.218852 1.015710
1.220544 1.007122
1.214065 0.998182
1.216469 0.989296
1.215764 0.993402
1.213151 0.989074
1.208898 0.984744
1.204372 0.983263
1.198304 0.980971
1.202805 0.983308
1.185989 0.979132
1.179449 0.979404
1.179008 0.977018
1.173962 0.976410
1.173226 0.974928
1.185407 0.973457
1.168395 0.966133
1.481111 1.051224
1.469135 1.056411
1.473813 1.054152
1.472277 1.056230
1.484790 1.045565
1.489034 1.042644
1.168690 0.965962
1.162817 0.952019
1.153022 0.946922
1.152819 0.942404
1.154561 0.944064
1.149385 0.940354
1.150063 0.935003
1.151044 0.926656
1.148937 0.931337
1.149925 0.918828
1.153552 0.913137
1.150083 0.913724
1.153625 0.905526
1.155061 0.896900
1.157860 0.893785
1.159440 0.882445
1.154817 0.882796
1.153977 0.877506
1.154470 0.868679
1.155918 0.865178
1.162554 0.864782
1.178293 0.861486
1.171685 0.860915
1.176216 0.861282
1.180848 0.860017
1.170261 0.862979
1.154630 0.863606
1.158034 0.861645
1.164387 0.860808
1.184759 0.861448
1.189153 0.851497
1.188331 0.847502
1.190082 0.842754
1.183580 0.847870
1.190960 0.839112
1.188479 0.837279
1.188052 0.829593
1.176741 0.831114
1.176370 0.834452
1.182426 0.835469
1.177057 0.830221
1.177632 0.823669
1.179064 0.816493
1.171274 0.831915
1.170322 0.831203
1.170292 0.831190
1.172017 0.825832
1.168836 0.825676
1.171874 0.824898
1.172888 0.827843
1.162627 0.820602
1.158297 0.819716
1.159759 0.816322
1.159841 0.816066
1.192795 0.820350
1.185539 0.820632
1.190256 0.807075
1.184771 0.811076
1.190193 0.802020
1.173452 0.811727
1.161972 0.815351
1.161423 0.814894
1.178939 0.797186
1.188592 0.797810
1.184164 0.793766
1.189281 0.792842
1.186351 0.786318
1.183939 0.784145
1.181154 0.782424
1.174816 0.780972
1.180039 0.774428
1.176726 0.767824
1.172932 0.760363
1.181398 0.765791
1.190399 0.761758
1.191951 0.755178
1.193769 0.754264
1.192370 0.752599
1.178281 0.760781
1.184345 0.759694
1.181324 0.750578
1.185893 0.754758
1.188674 0.744022
1.190338 0.744643
1.187678 0.738958
1.182331 0.732751
1.184241 0.730233
1.178282 0.728694
1.173490 0.723530
1.167713 0.720848
1.166956 0.720032
1.164181 0.711201
1.165186 0.712732
1.196147 0.709550
1.197062 0.702936
1.191357 0.700616
1.190730 0.701514
1.196311 0.699907
1.189806 0.701682
1.204739 0.699147
1.201891 0.695918
1.198352 0.692733
1.207069 0.682932
1.197010 0.682214
1.170499 0.698459
1.178941 0.695320
1.178632 0.695670
1.172703 0.694655
1.167327 0.699110
1.189353 0.675569
1.189338 0.675554
1.188746 0.671601
1.074603 0.691756
1.074562 0.690422
1.077763 0.687263
1.069501 0.693749
1.063441 0.693647
1.084716 0.683644
1.084810 0.683580
1.085094 0.678535
1.082910 0.679396
1.084520 0.674596
1.087183 0.671355
1.048244 0.698895
1.051337 0.689356
1.055850 0.694482
1.049794 0.693005
1.043131 0.685314
1.040785 0.678729
1.038961 0.681631
1.037258 0.675190
1.040427 0.670724
1.035583 0.660809
1.033907 0.665583
1.084590 0.647843
1.030512 0.655966
1.029563 0.646851
1.021952 0.639244
1.014674 0.640024
1.027269 0.641261
1.022809 0.638475
1.016301 0.635216
1.019143 0.627917
0.924065 0.677007
0.895182 0.692033
0.901240 0.692718
0.908852 0.686715
0.912438 0.680455
0.904331 0.683592
0.898279 0.681521
0.896737 0.685246
0.982846 0.671773
0.996878 0.667269
0.998428 0.661227
0.986303 0.662597
0.958994 0.665432
0.978703 0.665641
0.966597 0.661726
1.003087 0.641569
1.009154 0.639807
1.004641 0.634745
1.010709 0.632822
0.933281 0.674451
0.946872 0.665996
0.881509 0.698564
0.880980 0.698768
0.867847 0.702208
0.873520 0.701909
0.867110 0.701773
0.874494 0.702616
0.883140 0.692309
0.889133 0.689379
0.891539 0.682244
0.861132 0.701864
0.856884 0.697193
0.857283 0.694782
0.852449 0.687364
0.854206 0.678804
0.853151 0.668351
0.853395 0.660804
0.854075 0.655801
0.852041 0.653341
0.851431 0.653393
0.840957 0.647691
0.840531 0.645245
0.835726 0.639344
0.829917 0.638131
0.823896 0.633017
0.825012 0.628229
0.824435 0.627597
0.812157 0.629028
0.818308 0.626581
0.806102 0.627562
0.797554 0.622609
0.813705 0.623844
0.790620 0.608592
0.784181 0.604790
0.778953 0.602040
0.745569 0.608935
0.745591 0.603233
0.766263 0.600309
0.765310 0.600796
0.759087 0.602030
0.747127 0.601070
0.753683 0.599293
0.753192 0.599798
0.738992 0.608594
0.738956 0.604952
0.732423 0.608955
0.732915 0.603666
0.727558 0.600258
0.713769 0.601131
0.716299 0.595154
0.715313 0.596722
0.721370 0.597913
0.702780 0.597047
0.697145 0.593601
0.689550 0.595417
1.184192 0.671501
1.177151 0.658989
1.177084 0.655157
1.176053 0.649181
1.172756 0.640236
1.211512 0.637917
1.210656 0.638168
1.203614 0.639988
1.195747 0.639811
1.204739 0.633975
1.209482 0.628573
1.205765 0.629549
1.206301 0.624900
1.205504 0.623943
1.197647 0.634711
1.195895 0.630911
1.198697 0.629014
1.199267 0.625922
1.200759 0.621289
1.185037 0.632038
1.186581 0.628021
1.193420 0.624038
1.191830 0.626276
1.175942 0.631956
1.178980 0.631270
1.176526 0.626977
1.180531 0.625375
1.174535 0.622562
1.194190 0.622551
1.194476 0.620759
1.188752 0.618503
1.185664 0.619901
1.200254 0.621688
1.188145 0.618436
1.186971 0.620287
1.180541 0.622729
1.174336 0.619439
1.168423 0.617750
1.163927 0.612462
1.156307 0.601175
1.154928 0.595002
1.156858 0.597492
1.158010 0.592597
1.155737 0.589497
1.154948 0.589600
1.143672 0.586892
1.137106 0.587243
1.148897 0.587270
1.136789 0.583873
1.085742 0.634027
1.093368 0.621540
1.089092 0.616868
1.107533 0.606446
1.100117 0.609420
1.094306 0.616631
1.093062 0.607534
1.086640 0.606669
1.115001 0.597876
1.101849 0.598301
1.134808 0.584058
1.122315 0.593083
1.108982 0.594406
1.098150 0.595746
0.684057 0.595078
0.677227 0.596239
0.664813 0.594722
0.658224 0.595136
0.676431 0.594954
0.670642 0.592882
0.669845 0.594119
0.643376 0.597417
0.657729 0.593022
0.651112 0.593410
0.596662 0.613650
0.601518 0.609519
0.604069 0.604938
0.605075 0.606454
0.609107 0.602143
0.638400 0.596572
0.638034 0.593945
0.626616 0.595490
0.625255 0.593546
0.619126 0.596305
0.613560 0.597935
0.558981 0.632672
0.552931 0.630157
0.581267 0.617443
0.588357 0.615453
0.575752 0.615305
0.582689 0.614622
0.576884 0.614771
0.566592 0.626756
0.561674 0.629478
0.559160 0.628966
0.562079 0.621804
0.568979 0.615511
0.566377 0.617727
0.554476 0.625755
0.556017 0.622293
0.565678 0.616261
0.536321 0.618450
0.538172 0.614742
0.532369 0.615898
0.524220 0.613469
0.531812 0.612682
0.519836 0.607788
0.512113 0.609630
0.506059 0.608255
0.363646 0.706558
0.358508 0.704390
0.356969 0.707404
0.366006 0.703217
0.363445 0.706442
0.365881 0.699406
0.344475 0.705227
0.346399 0.701516
0.366857 0.698279
0.367499 0.694599
0.373748 0.687951
0.337295 0.707486
0.331204 0.706143
0.338801 0.704066
0.326294 0.701558
0.325334 0.694942
0.324775 0.696124
0.323751 0.690790
0.321181 0.686468
0.323744 0.685991
0.320793 0.676156
0.445389 0.668376
0.435122 0.672970
0.435989 0.672886
0.443033 0.666576
0.439759 0.671014
0.429942 0.669451
0.429767 0.669561
0.441446 0.662434
0.444106 0.657610
0.438498 0.654974
0.428797 0.668835
0.428391 0.659771
0.431517 0.657190
0.439493 0.655654
0.428326 0.654661
0.433059 0.653409
0.434607 0.648162
0.430645 0.635526
0.410083 0.639245
0.418015 0.634667
0.373354 0.685573
0.376164 0.678534
0.377720 0.668599
0.375067 0.664250
0.377200 0.654466
0.375516 0.650146
0.376832 0.646772
0.377024 0.643791
0.383531 0.641533
0.403230 0.640485
0.390687 0.639848
0.439974 0.626449
0.442866 0.625723
0.445356 0.620490
0.430127 0.634302
0.431698 0.633674
0.424067 0.634054
0.416468 0.637058
0.422525 0.637661
0.403188 0.636872
0.493945 0.606477
0.480288 0.608296
0.495490 0.601929
0.474724 0.604143
0.467800 0.609054
0.461415 0.611647
0.454505 0.611939
0.155319 0.714182
0.156881 0.704986
0.184203 0.698757
0.185753 0.692802
0.178145 0.698157
0.167218 0.690781
0.159991 0.690965
0.148627 0.718997
0.147602 0.719156
0.149257 0.714735
0.150812 0.707407
0.151218 0.704146
0.143212 0.710715
0.144775 0.701395
0.152075 0.697742
0.155912 0.683454
0.143390 0.677213
0.150988 0.674778
0.144938 0.672045
0.130425 0.678255
0.124202 0.680315
0.123676 0.678494
0.117673 0.676809
0.106902 0.670159
0.105517 0.672903
0.087574 0.673836
0.093456 0.671831
0.066174 0.676409
0.058974 0.682473
0.052409 0.683469
0.079688 0.678267
0.078561 0.678032
0.072852 0.679457
0.040732 0.679001
0.040663 0.675464
0.028210 0.672234
0.031791 0.673507
0.026838 0.664871
0.030002 0.664210
0.023713 0.662903
0.026805 0.653531
0.017352 0.654008
0.014722 0.643806
0.027066 0.645753
0.024946 0.636391
0.016486 0.630856
0.316031 0.666258
0.308721 0.659202
0.316317 0.657004
0.310268 0.654103
0.304223 0.650062
0.296626 0.652382
0.293665 0.641128
0.286069 0.642860
0.281553 0.638684
0.290571 0.634295
0.232345 0.664546
0.253184 0.664980
0.256624 0.660556
0.257191 0.656590
0.242290 0.666834
0.230969 0.661890
0.272405 0.646919
0.259575 0.656051
0.259558 0.652230
0.252900 0.646402
0.246644 0.644711
0.248145 0.637377
0.228569 0.659951
0.197751 0.677965
0.192868 0.680754
0.192779 0.675631
0.195248 0.672315
0.200299 0.668230
0.188849 0.682422
0.201090 0.664588
0.207030 0.651750
0.227388 0.649209
0.221921 0.646154
0.215163 0.647097
0.213827 0.648021
0.227731 0.644393
0.222421 0.639661
0.215008 0.643819
0.216100 0.636686
0.216076 0.612782
0.214633 0.613667
0.201332 0.614266
0.194826 0.615058
0.208928 0.612210
0.209409 0.609839
0.208935 0.610490
0.146477 0.669197
0.140427 0.666403
0.189288 0.612202
0.182113 0.614453
0.190761 0.608644
0.188706 0.607195
0.031471 0.631739
0.015401 0.621712
0.014882 0.615050
