3.465651 0.737222
3.459767 0.736248
3.458226 0.741658
3.453707 0.735208
3.452167 0.740409
3.467378 0.730972
3.470803 0.731474
3.468927 0.724756
3.456814 0.722020
3.441608 0.730985
3.435180 0.728878
3.450432 0.721454
3.440421 0.723904
3.447578 0.713133
3.446796 0.709348
3.472024 0.712607
3.475133 0.699195
3.459906 0.710270
3.461674 0.703208
3.463019 0.696396
3.453849 0.708798
3.447796 0.707147
3.445818 0.700154
3.447225 0.699047
3.442922 0.704257
3.456284 0.699172
3.456959 0.695374
3.450730 0.695757
3.451627 0.690931
3.449114 0.693239
3.381757 0.662469
3.381518 0.661704
3.372812 0.671697
3.376567 0.668919
3.376470 0.662632
3.361585 0.671460
3.347681 0.669128
3.341220 0.669166
3.335847 0.665126
3.372163 0.672768
3.377175 0.667605
3.360070 0.671021
3.359475 0.671952
3.378504 0.655386
3.377554 0.652231
3.371436 0.650963
3.372334 0.646725
3.378165 0.648519
3.365538 0.648857
3.357853 0.650249
3.360827 0.642237
3.366274 0.645606
3.360220 0.644021
3.347311 0.669132
3.340785 0.669419
3.334995 0.666897
3.330098 0.660975
3.354155 0.643417
3.353381 0.642869
3.297527 0.668068
3.289268 0.670461
3.288823 0.671815
3.285236 0.665014
3.278433 0.662602
3.272409 0.660975
3.304088 0.663435
3.291795 0.684136
3.293336 0.678739
3.299267 0.679600
3.299399 0.679533
3.294880 0.673170
3.318654 0.654043
3.326100 0.651635
3.319774 0.651157
3.300159 0.660981
3.298473 0.666838
3.302496 0.667321
3.306960 0.656400
3.307125 0.650738
3.313190 0.651290
3.287282 0.677162
3.286529 0.679503
3.282544 0.675431
3.276716 0.668325
3.282772 0.669771
3.276066 0.670199
3.270956 0.665087
3.268571 0.665669
3.270670 0.665885
3.472846 0.631894
3.467419 0.627998
3.464811 0.625222
3.467073 0.624341
3.467923 0.619729
3.470781 0.614174
3.465986 0.617788
3.464995 0.611219
3.437144 0.618343
3.439953 0.612777
3.437667 0.618255
3.440054 0.617608
3.441374 0.611658
3.437311 0.618418
3.437683 0.616636
3.446425 0.608274
3.430998 0.619294
3.424302 0.620221
3.430506 0.619765
3.424820 0.616850
3.419131 0.618676
3.411007 0.621712
3.412912 0.623408
3.380462 0.641169
3.388398 0.635523
3.394714 0.632868
3.379946 0.641263
3.403046 0.626076
3.402426 0.622244
3.474154 0.599868
3.466547 0.604720
3.467683 0.599646
3.374251 0.640255
3.367115 0.642857
3.373488 0.641754
3.374094 0.639441
3.242644 0.693508
3.246917 0.693106
3.240559 0.697801
3.244755 0.692372
3.236536 0.700694
3.236555 0.699228
3.237155 0.696653
3.230168 0.700377
3.229548 0.701483
3.229550 0.701332
3.227492 0.694546
3.212767 0.719228
3.212776 0.718382
3.217098 0.713713
3.206205 0.719336
3.206727 0.716193
3.207014 0.714843
3.212795 0.716479
3.215559 0.711849
3.213901 0.713181
3.199848 0.715689
3.200367 0.715587
3.218091 0.706207
3.216466 0.699533
3.215887 0.704675
3.216062 0.697979
3.224916 0.695815
3.218893 0.694184
3.225027 0.695312
3.218988 0.692112
3.248571 0.687241
3.261591 0.677935
3.261468 0.678049
3.256013 0.682819
3.266145 0.672799
3.267048 0.666758
3.267657 0.660646
3.238707 0.690183
3.259965 0.683008
3.261099 0.678073
3.264441 0.670919
3.266150 0.659525
3.265925 0.659677
3.266163 0.658252
3.195474 0.709653
3.190965 0.702256
3.184741 0.701388
3.190643 0.702097
3.184578 0.700622
3.176191 0.710808
3.168861 0.711610
3.181796 0.703448
3.176594 0.707848
3.176454 0.708091
3.178870 0.707558
3.170531 0.706369
3.164349 0.704511
3.165861 0.699588
3.164148 0.697605
3.160394 0.694440
3.148932 0.690362
3.148418 0.690904
3.056317 0.777597
3.057871 0.770931
3.051008 0.772648
3.039044 0.769079
3.046624 0.766824
3.038975 0.767927
3.040504 0.760730
3.012241 0.799058
3.025896 0.796422
3.013795 0.792307
3.015345 0.786048
3.006185 0.797644
3.009290 0.784543
3.001678 0.789866
3.033515 0.765573
3.028054 0.761806
3.027594 0.763185
3.032897 0.766507
3.026993 0.764423
3.027614 0.761212
3.033671 0.762612
3.018956 0.761423
3.021505 0.760754
3.021550 0.760544
3.010833 0.778927
3.012579 0.771583
2.997820 0.774962
3.015305 0.759796
3.015495 0.758956
3.008315 0.761846
3.059847 0.763571
3.054910 0.757506
3.053370 0.762608
3.049838 0.755078
3.064066 0.746384
3.056948 0.748627
3.050404 0.749645
3.052122 0.749377
3.070157 0.741330
3.076587 0.736665
3.063645 0.746288
3.056751 0.747972
3.047327 0.759869
3.045570 0.752566
3.044364 0.746584
3.050458 0.747369
3.043661 0.748690
3.044734 0.744600
3.071683 0.740463
3.075723 0.734966
3.080779 0.729953
3.079069 0.723258
3.076757 0.727506
3.074015 0.720542
3.026191 0.742754
3.037770 0.746555
3.031171 0.747116
3.036773 0.749858
3.023111 0.753241
3.024648 0.748238
3.032247 0.744103
3.038641 0.743236
3.033313 0.738956
3.027633 0.736016
3.018593 0.746636
3.021332 0.740251
3.019907 0.740871
3.010997 0.750381
3.012548 0.744101
3.035148 0.704618
3.078104 0.716753
3.072683 0.711891
3.073371 0.708302
3.073527 0.714143
3.140375 0.679133
3.134371 0.670700
3.138499 0.670944
3.130849 0.658139
3.129769 0.656215
3.132817 0.649307
3.128297 0.643007
3.126193 0.636521
3.128730 0.635680
3.125346 0.628417
3.119496 0.626267
3.119295 0.626484
3.113416 0.624854
3.100422 0.625203
3.068400 0.702211
3.068017 0.702282
3.062826 0.697358
3.056904 0.696855
3.057021 0.695014
3.054246 0.695346
3.043101 0.699877
3.048964 0.701135
3.041789 0.703900
3.050305 0.697420
3.045625 0.688394
3.043372 0.694098
3.037050 0.697997
3.032230 0.696141
3.043060 0.686282
3.047372 0.681080
3.042377 0.677071
3.039924 0.661862
3.044599 0.678957
3.040662 0.665410
3.040237 0.659026
3.089452 0.625903
3.082574 0.624192
3.080748 0.617468
3.082050 0.620080
3.078446 0.610615
3.072399 0.608275
3.037326 0.646172
3.031290 0.642604
3.136753 0.604850
3.130567 0.607279
3.125491 0.601865
3.140690 0.593537
3.143614 0.594013
3.140512 0.599512
3.146760 0.593742
3.147005 0.592426
3.142244 0.586962
3.145382 0.586725
3.143014 0.583046
3.133089 0.597843
3.134641 0.591409
3.136194 0.584883
3.136604 0.582892
3.130147 0.582491
3.119441 0.599730
3.120987 0.593967
3.105734 0.595692
3.108880 0.590481
3.109578 0.587540
3.102922 0.588708
3.102831 0.588331
3.125215 0.587981
3.116489 0.585396
3.073942 0.602830
3.060915 0.598522
3.043316 0.594209
2.888093 0.760222
2.886288 0.761177
2.879806 0.761294
2.881668 0.757136
2.879030 0.762824
2.878441 0.762606
2.885573 0.756670
2.992686 0.772440
2.985069 0.778361
2.985396 0.776827
2.980245 0.770471
2.973938 0.771330
2.970011 0.760411
2.973223 0.754830
2.963944 0.760161
2.965498 0.753296
2.959445 0.751593
2.967047 0.747272
2.946881 0.750120
2.948081 0.745557
2.988186 0.764060
2.995793 0.759273
2.989738 0.757591
2.976069 0.761629
2.977619 0.755336
2.998894 0.746596
2.985228 0.750353
2.986784 0.743469
2.980584 0.743213
2.976218 0.734591
2.947342 0.747772
2.942068 0.742483
2.968606 0.740040
2.964095 0.732904
2.970154 0.733936
2.951980 0.730206
2.952846 0.726003
2.943904 0.735488
2.946037 0.727365
2.945938 0.727296
2.949889 0.733584
2.948975 0.727072
2.952007 0.727507
2.995934 0.732963
2.997487 0.726446
2.989877 0.731570
2.992975 0.719257
2.977765 0.728631
2.973977 0.717838
2.965653 0.725749
2.979234 0.715771
2.959600 0.723961
2.966666 0.718918
2.960234 0.721041
2.953571 0.721849
2.953550 0.721914
2.934577 0.747847
2.915831 0.745529
2.888195 0.752543
2.888109 0.752818
2.882629 0.749124
2.879275 0.744004
2.885682 0.737513
2.905719 0.734919
2.934807 0.745565
2.927788 0.747731
2.912908 0.738360
2.916696 0.719029
2.905614 0.733891
2.899200 0.733751
2.890815 0.751693
2.890078 0.743923
2.889758 0.745037
2.883693 0.744386
2.891579 0.738202
2.889610 0.738835
2.906520 0.729145
2.908061 0.723802
2.904729 0.722328
2.915666 0.719078
2.909607 0.717989
2.910592 0.713535
2.909645 0.710996
2.903436 0.716224
2.905097 0.710644
2.905854 0.707009
2.903287 0.709413
2.906254 0.704113
2.848629 0.781325
2.841019 0.786543
2.841025 0.785953
2.854598 0.782177
2.839487 0.791062
2.846529 0.788349
2.856658 0.764935
2.871454 0.766268
2.857787 0.770092
2.851719 0.769840
2.859335 0.764046
2.825744 0.795174
2.833585 0.791295
2.827362 0.789322
2.813701 0.792552
2.821746 0.787250
2.801587 0.789849
2.789471 0.787375
2.777363 0.783993
2.799103 0.794509
2.787937 0.791924
2.776413 0.786484
2.775463 0.787192
2.770357 0.784977
2.763984 0.786106
2.751079 0.786113
2.745605 0.780967
2.756127 0.788851
2.750206 0.786638
2.868476 0.754464
2.876076 0.750393
3.028667 0.629595
3.025357 0.616875
3.021075 0.608001
3.013842 0.599353
3.039506 0.585544
3.033282 0.584682
3.020943 0.582537
3.014158 0.593162
3.012842 0.588807
3.010484 0.585982
3.019324 0.612926
3.032070 0.587892
3.004328 0.595276
3.005801 0.590296
3.005115 0.583181
2.999199 0.590233
2.997497 0.587563
3.039168 0.586405
3.028337 0.582686
3.028621 0.575795
3.022327 0.575850
3.014948 0.580102
3.008894 0.578565
3.016503 0.573411
3.002232 0.578671
3.004398 0.569779
2.706517 0.785496
2.699869 0.784587
2.694001 0.781903
2.712178 0.785387
2.716219 0.778709
2.697983 0.790342
2.689494 0.774303
2.687948 0.780132
2.684697 0.784854
2.686414 0.784871
2.740490 0.775883
2.741526 0.767642
2.718142 0.774362
2.719979 0.768552
2.740785 0.778548
2.739134 0.765578
2.741167 0.759809
2.738119 0.757562
2.739505 0.753124
2.726293 0.753455
2.717918 0.763581
2.712688 0.758936
2.711830 0.760778
2.689967 0.767357
2.691049 0.767503
2.704042 0.758329
2.699509 0.758559
2.696536 0.762726
2.692606 0.760559
2.690834 0.759829
2.721475 0.748156
2.711715 0.736669
2.709656 0.743095
2.701745 0.729720
2.668091 0.807974
2.667034 0.811331
2.672518 0.808375
2.671020 0.801732
2.675711 0.801773
2.654432 0.811008
2.647070 0.808315
2.659783 0.812998
2.671813 0.806757
2.675719 0.800993
2.653475 0.812451
2.676185 0.790484
2.680055 0.785184
2.679681 0.786331
2.676203 0.789013
2.678819 0.788435
2.643273 0.803545
2.641245 0.792862
2.650627 0.784135
2.644081 0.788770
2.643729 0.785774
2.645003 0.779807
2.650074 0.776340
2.654559 0.769626
2.685355 0.764743
2.680155 0.759989
2.685672 0.762118
2.673946 0.757637
2.657041 0.765438
2.666094 0.759945
2.639306 0.726728
2.650042 0.716861
2.642620 0.721282
2.646386 0.720767
2.604048 0.778152
2.560649 0.773522
2.575453 0.775039
2.565184 0.778401
2.551938 0.780053
2.532631 0.781257
2.539188 0.779473
2.512451 0.784402
2.526164 0.779932
2.519015 0.779821
2.499801 0.782751
2.506532 0.780995
2.500229 0.780428
2.611963 0.773971
2.623132 0.769540
2.618654 0.773057
2.619484 0.767169
2.611932 0.771566
2.605619 0.773558
2.604605 0.776191
2.597983 0.774371
2.624239 0.757289
2.618486 0.760644
2.618827 0.754455
2.595046 0.764697
2.589521 0.760894
2.594037 0.767558
2.588616 0.763201
2.580591 0.765232
2.574933 0.770091
2.580389 0.769530
2.582797 0.759517
2.583464 0.759501
2.620084 0.741652
2.619336 0.735781
2.629096 0.731196
2.615305 0.752138
2.612838 0.745242
2.628569 0.732498
2.622592 0.730690
2.618178 0.734016
2.689129 0.722992
2.684288 0.712842
2.695260 0.722818
2.689700 0.719424
2.684867 0.706724
2.685253 0.705336
2.688385 0.700097
2.687792 0.699696
2.688313 0.693557
2.689944 0.692912
2.689737 0.693314
2.686565 0.697948
2.652163 0.711123
2.651857 0.709574
2.653260 0.703648
2.653305 0.702226
2.667025 0.693078
2.668645 0.688667
2.660834 0.692991
2.654879 0.697779
2.659604 0.697511
2.690427 0.692081
2.697541 0.689095
2.691499 0.686220
2.701037 0.684189
2.693037 0.681149
2.687742 0.679404
2.672888 0.683458
2.672995 0.683355
2.673410 0.681777
2.674862 0.677356
2.679330 0.677311
2.685449 0.684120
2.679394 0.682533
2.208396 1.022713
2.208301 1.018179
2.212507 1.014444
2.211951 1.012816
2.201184 1.025607
2.201775 1.021941
2.195626 1.020788
2.212249 1.006798
2.213794 1.001079
2.213275 1.000609
2.203115 1.015570
2.205642 1.009791
2.197061 1.013985
2.198612 1.007635
2.212093 0.998843
2.205200 1.003403
2.207202 0.998501
2.199829 1.002015
2.227454 0.997973
2.231457 0.992601
2.221408 0.995435
2.225988 0.989756
2.220387 0.986912
2.227942 0.976237
2.231416 0.966038
2.233229 0.963561
2.240409 0.947985
2.237449 0.953516
2.234289 0.958999
2.236784 0.951887
2.246198 0.936898
2.243775 0.941078
2.248085 0.934430
2.252811 0.929327
2.254595 0.924960
2.259678 0.918484
2.262510 0.914398
2.266443 0.907623
2.487388 0.783002
2.472586 0.788804
2.466588 0.788116
2.465606 0.790814
2.486875 0.782151
2.459377 0.789969
2.454524 0.785302
2.447671 0.785412
2.436320 0.779525
2.435852 0.779907
2.423616 0.778747
2.410539 0.780608
2.409417 0.783682
2.418143 0.776066
2.423277 0.778653
2.402939 0.784818
2.402185 0.786653
2.390831 0.781410
2.389926 0.784200
2.396223 0.783413
2.384777 0.779740
2.383962 0.782342
2.384353 0.779476
2.377185 0.783168
2.377984 0.779162
2.383743 0.758629
2.383447 0.758336
2.392844 0.756159
2.399047 0.746681
2.391825 0.749618
2.403594 0.744808
2.404908 0.738868
2.402734 0.743139
2.272276 0.893641
2.272534 0.888858
2.273545 0.887408
2.279048 0.876481
2.282328 0.864745
2.284797 0.852814
2.282889 0.850886
2.285337 0.846681
2.283062 0.844651
2.286686 0.833003
2.281216 0.831081
2.296616 0.823526
2.292109 0.815922
2.291898 0.821760
2.284516 0.819403
2.271858 0.817562
2.273963 0.810968
2.280002 0.812453
2.260301 0.812495
2.253815 0.812572
2.248636 0.807720
2.276955 0.802587
2.275386 0.802742
2.269459 0.801274
2.268867 0.803003
2.266578 0.800001
2.246663 0.807604
2.371790 0.780989
2.364211 0.783852
2.364415 0.781704
2.352952 0.778124
2.352458 0.779474
2.349118 0.776619
2.347175 0.769866
2.352635 0.777416
2.351163 0.775683
2.349101 0.768888
2.351564 0.756025
2.357937 0.755838
2.343596 0.764098
2.344618 0.758797
2.345507 0.754617
2.338790 0.756417
2.326555 0.755304
2.332064 0.750655
2.377058 0.759518
2.365209 0.754523
2.371793 0.753583
2.364893 0.755292
2.377943 0.753354
2.371331 0.753965
2.371093 0.754101
2.360047 0.752786
2.359157 0.752482
2.353113 0.749936
2.355656 0.743970
2.350189 0.748889
2.354668 0.743214
2.357739 0.733514
2.360409 0.740337
2.358394 0.738373
2.356687 0.736005
2.322682 0.744066
2.328306 0.745822
2.350956 0.730244
2.347186 0.723350
2.348098 0.723260
2.352018 0.727843
2.346755 0.723309
2.341136 0.721302
2.340607 0.722151
2.329191 0.717875
2.334878 0.719397
2.330098 0.713024
2.307907 0.786657
2.305301 0.788497
2.298699 0.789067
2.285501 0.790187
2.280654 0.784089
2.306473 0.784824
2.305711 0.785518
2.299120 0.786049
2.299880 0.782548
2.278606 0.791244
2.277061 0.796969
2.282894 0.791506
2.279338 0.796899
2.279179 0.788285
2.292984 0.784851
2.293822 0.781201
2.287271 0.782037
2.305062 0.778200
2.302563 0.772942
2.301425 0.776680
2.298456 0.764095
2.298153 0.763945
2.296914 0.769425
2.283250 0.772993
2.289315 0.773552
2.284795 0.767250
2.290857 0.768147
2.286648 0.761086
2.252475 0.785409
2.271006 0.795422
2.273005 0.787228
2.270559 0.788435
2.268637 0.794234
2.266511 0.786487
2.277019 0.782337
2.268059 0.780447
2.260457 0.784822
2.252504 0.783940
2.265089 0.774526
2.263161 0.775579
2.262000 0.779283
2.264609 0.772960
2.268065 0.768997
2.268354 0.762804
2.267981 0.767519
2.267722 0.761176
2.270201 0.749246
2.272227 0.754592
2.317425 0.739521
2.313218 0.734873
2.317500 0.737830
2.311702 0.735338
2.303282 0.730926
2.301239 0.726041
2.316906 0.716133
2.296924 0.717912
2.272828 0.737655
2.269766 0.741412
2.273712 0.731320
2.271683 0.729335
2.270076 0.722662
2.273004 0.721950
2.289017 0.722073
2.283553 0.718460
2.286259 0.712690
2.276893 0.716637
2.270011 0.710112
2.267597 0.715777
2.271438 0.715792
2.272087 0.712823
2.268554 0.708281
2.335095 0.718387
2.285103 0.712158
2.280600 0.704145
2.274548 0.702245
2.164872 1.047948
2.163694 1.041393
2.163639 1.044342
2.159618 1.036475
2.155741 1.031657
2.157354 1.029167
2.156049 1.022716
2.148683 1.028988
2.149809 1.023289
2.150776 1.018222
2.185793 1.014069
2.189432 1.021149
2.189945 1.013612
2.186547 1.006238
2.192238 1.007726
2.186161 1.006299
2.180800 1.003556
2.173483 1.005445
2.186841 1.002337
2.179761 1.004738
2.161161 1.003233
2.157084 0.995605
2.156212 0.998051
2.166810 1.004924
2.155696 1.002202
2.154743 1.001732
2.138686 1.021153
2.127880 1.004445
2.133769 1.009274
2.139472 1.011720
2.135369 1.001811
2.144096 0.993127
2.138072 0.990877
2.145878 0.986335
2.129474 0.995666
2.132015 0.989488
2.133563 0.983377
2.120424 0.996326
2.122684 0.995412
2.119242 0.990884
2.125953 0.988613
2.121441 0.981421
2.114802 0.983230
2.113819 0.980664
2.157293 0.986699
2.153447 0.977983
2.150708 0.983570
2.153219 0.965397
2.141489 0.978474
2.144246 0.968466
2.138191 0.966861
2.129052 0.976261
2.126075 0.964286
2.132135 0.965402
2.147613 0.962519
2.139264 0.962379
2.145802 0.961591
2.148181 0.956389
2.147221 0.955249
2.140136 0.957666
2.141313 0.952111
2.127628 0.957764
2.134058 0.956242
2.129454 0.949197
2.135256 0.950788
2.111128 0.972666
2.116933 0.973946
2.113968 0.960821
2.112423 0.966598
2.118481 0.967896
2.107098 0.966463
2.121567 0.956755
2.147740 0.943747
2.146363 0.948203
2.143160 0.945976
2.142605 0.946886
2.144397 0.941165
2.146357 0.935654
2.138354 0.938480
2.128120 0.937388
2.126301 0.943209
2.130746 0.943407
2.132294 0.937355
2.140757 0.930730
2.134527 0.929883
2.129030 0.931344
2.118609 0.943030
2.119444 0.942979
2.127084 0.935088
2.122157 0.937390
2.126223 0.937402
2.053863 1.051681
2.054839 1.045659
2.052842 1.051221
2.046790 1.049342
2.049888 1.036988
2.042278 1.042209
2.043835 1.035153
2.044402 1.029042
2.039318 1.028569
2.052976 1.025714
2.040868 1.022396
2.046926 1.023677
2.048473 1.017627
2.042419 1.016036
2.050041 1.011572
2.243653 0.802133
2.237559 0.800770
2.237626 0.800464
2.239174 0.794489
2.242989 0.789315
2.241694 0.800082
2.243375 0.794220
2.264815 0.702558
2.262427 0.700325
2.268490 0.701068
1.845167 1.053549
1.857820 1.054263
1.831963 1.055829
1.818999 1.056062
1.820209 1.050078
1.813344 1.051670
1.780676 1.054590
1.773899 1.056292
1.775465 1.048342
1.768041 1.053574
1.769032 1.048419
1.755115 1.053661
1.749363 1.049621
1.742142 1.053929
1.722346 1.057459
1.729492 1.052963
1.723138 1.052593
1.716293 1.055698
1.704038 1.053034
1.691407 1.051997
1.711794 1.045276
1.698146 1.049078
1.698947 1.045062
1.685608 1.048104
1.679518 1.046728
1.667139 1.044732
1.662483 1.036505
1.654573 1.044867
1.642082 1.043182
1.655096 1.041457
1.648564 1.041764
1.650114 1.034470
1.643001 1.038387
1.644444 1.031493
1.630327 1.038937
1.631212 1.034143
1.632579 1.027536
1.639601 1.023996
1.633853 1.021311
1.624463 1.036705
1.619417 1.030138
1.613670 1.027246
1.620530 1.024287
1.614927 1.020810
1.602814 1.017926
1.591254 1.016650
1.585736 1.009381
1.579258 1.010910
1.580139 1.005880
1.621844 1.017905
1.615752 1.016533
1.604375 1.010553
1.592262 1.007816
1.588362 0.996607
1.568798 1.000182
1.563224 0.996846
1.575242 0.998803
1.565211 0.986485
1.559859 0.982291
1.552806 0.985325
1.540839 0.984015
1.542362 0.976612
1.542866 0.973294
1.548474 0.976142
1.531832 0.967985
1.532775 0.962581
1.528219 0.958927
1.543558 0.969289
1.528497 0.952915
1.551872 0.884289
1.562711 0.866946
1.555103 0.872017
1.555481 0.878343
1.555329 0.872023
1.549029 0.872277
1.556646 0.866370
1.557012 0.864690
1.521225 0.944648
1.516212 0.930875
1.522016 0.935670
1.521769 0.929325
1.518212 0.917348
1.518660 0.915993
1.525438 0.909972
1.520031 0.909672
1.521581 0.903484
1.507905 0.908100
1.514020 0.908368
1.508251 0.905767
1.501791 0.907227
1.501564 0.906946
1.502690 0.902377
1.501302 0.899127
1.515530 0.901371
1.513989 0.906813
1.503411 0.899170
1.508934 0.899576
1.529345 0.893563
1.534825 0.893467
1.531144 0.898830
1.535253 0.899098
1.542911 0.882928
1.518605 0.891537
1.517073 0.895923
1.512666 0.888964
1.512557 0.889238
1.544763 0.863610
1.546083 0.857297
1.534452 0.853755
1.534271 0.853021
1.528048 0.853574
1.527659 0.853627
1.520845 0.855010
1.545693 0.857281
1.539997 0.854402
1.507306 0.894352
1.493989 0.860424
1.507517 0.856627
1.507136 0.856709
1.500860 0.857413
1.501220 0.857119
1.487312 0.861361
2.403806 0.718308
2.401428 0.722544
2.399960 0.717231
2.400454 0.709741
2.397904 0.696558
2.388315 0.687043
2.390083 0.681147
2.394842 0.700636
2.392723 0.694261
2.382541 0.685006
2.356356 0.711000
2.365511 0.700020
2.371779 0.694886
2.366755 0.699918
2.360993 0.693423
2.359451 0.698951
2.342699 0.713746
2.336640 0.712531
2.353378 0.699146
2.347324 0.697563
2.345784 0.702798
2.354929 0.692896
2.368603 0.688316
2.374663 0.689352
2.364083 0.681996
2.371694 0.676619
2.373238 0.671025
2.365635 0.675518
2.324525 0.709956
2.330587 0.710822
2.326078 0.703400
2.332138 0.704470
2.320013 0.702843
2.310720 0.707701
2.295424 0.703900
2.294237 0.703495
2.295648 0.689933
2.288194 0.700568
2.282152 0.697761
2.289757 0.693050
2.282355 0.696909
2.276095 0.696316
2.276493 0.694657
2.268786 0.694348
2.297071 0.684021
2.299540 0.676891
2.295131 0.672799
2.294403 0.674562
2.285487 0.660855
2.280329 0.655482
2.283843 0.665250
2.279591 0.656881
2.259134 0.688448
2.254611 0.681115
2.268559 0.688009
2.265705 0.686595
2.260676 0.681172
2.254878 0.672049
2.267953 0.648751
2.267230 0.654004
2.259625 0.658719
2.260788 0.653244
2.261171 0.652952
1.353607 1.062276
1.349868 1.058390
1.349476 1.051932
1.349960 1.049255
1.345811 1.044846
1.349658 1.044330
1.345361 1.036988
1.341603 1.037535
1.341507 1.031827
1.338416 1.030483
1.336598 1.025961
1.337456 1.019915
1.224036 1.064345
1.220339 1.059009
1.223454 1.063753
1.218555 1.057832
1.332132 1.016995
1.322333 1.005178
1.319358 0.997698
1.312276 0.983408
1.310563 0.981498
1.310485 0.974819
1.311779 0.993464
1.310374 0.986285
1.313524 0.980788
1.316727 0.974594
1.243946 0.955549
1.463833 0.904370
1.456311 0.908227
1.448935 0.911958
1.454972 0.910749
1.456292 0.907092
1.461081 0.906497
1.464257 0.902453
1.462613 0.900597
1.468240 0.895718
1.467641 0.888452
1.467861 0.883070
1.437144 0.907727
1.436662 0.908405
1.442239 0.911474
1.431368 0.905162
1.418996 0.900329
1.406195 0.900550
1.406166 0.900051
1.394871 0.895319
1.389004 0.893098
1.382543 0.891731
1.376903 0.893264
1.370830 0.887198
1.320355 0.962223
1.305977 0.967356
1.313592 0.961633
1.289931 0.955220
1.301738 0.957962
1.295648 0.956586
1.284844 0.948601
1.272760 0.944102
1.252424 0.947823
1.254165 0.942597
1.260647 0.941231
1.246971 0.945949
1.261393 0.939641
1.359730 0.881749
1.365146 0.884272
1.359620 0.879369
1.353817 0.878280
1.349324 0.872391
1.338993 0.859632
1.334267 0.854478
1.336545 0.853772
1.328665 0.845525
1.214480 1.050180
1.208137 1.041950
1.208195 1.046771
1.203294 1.042239
1.197769 1.038710
1.196422 1.042463
1.193083 1.035286
1.196439 1.042228
1.199510 1.032616
1.201062 1.026217
1.200974 1.026152
1.197329 1.031516
1.199288 1.024273
1.194727 1.029415
1.204153 1.020675
1.201080 1.007383
1.201740 1.018607
1.202029 1.017248
1.199005 1.011652
1.199750 1.010396
1.196832 1.003388
1.202743 0.994786
1.198348 0.998946
1.199848 0.993053
1.209542 0.982933
1.204570 0.986865
1.219348 0.978304
1.205857 0.980790
1.195027 0.997221
1.194733 0.990310
1.198436 0.984235
1.200239 0.975980
1.193768 0.975547
1.226451 0.975823
1.233129 0.968508
1.238103 0.956042
1.235636 0.966241
1.201662 0.917743
1.195854 0.916166
1.197138 0.911746
1.203202 0.912472
1.185029 0.908566
1.200222 0.901023
1.201822 0.906146
1.207345 0.906086
1.211003 0.895886
1.208102 0.893711
1.213332 0.888735
1.216436 0.884703
1.217059 0.883152
1.210372 0.880290
1.214592 0.876498
1.210963 0.867872
1.210509 0.862943
1.208468 0.860972
1.209612 0.856455
1.211622 0.849207
1.221730 0.832915
1.215149 0.843814
1.233426 0.823295
1.217923 0.843055
1.231550 0.819900
1.180516 0.901508
1.174463 0.899713
1.173835 0.901748
1.169953 0.892450
1.178982 0.906123
1.172232 0.903618
1.165322 0.895613
1.156296 0.876022
1.161860 0.882195
1.158301 0.875036
1.157173 0.868485
1.153717 0.861357
1.159967 0.854906
1.158902 0.856381
1.161397 0.849467
1.136865 0.844284
1.142921 0.845604
1.158423 0.854788
1.153508 0.852362
1.159278 0.848727
1.156272 0.842992
1.155050 0.846857
1.144031 0.840474
1.149943 0.844961
1.150538 0.839815
1.145095 0.835020
1.150552 0.838449
1.137842 0.839477
1.132270 0.836132
1.138840 0.834271
1.131150 0.829195
1.132587 0.828080
1.134935 0.823198
1.131760 0.823085
1.129259 0.820978
1.129446 0.814753
1.133320 0.820549
1.130881 0.814053
1.138699 0.798256
1.134000 0.803352
1.141403 0.797167
1.471494 0.872372
1.466501 0.876459
1.467339 0.875223
1.479144 0.867812
1.486300 0.862577
1.480502 0.861235
1.324241 0.839600
1.320894 0.830297
1.310990 0.817465
1.320533 0.828888
1.315392 0.823892
1.310207 0.819059
1.304974 0.815811
1.294110 0.808053
1.288687 0.804142
1.304899 0.814698
1.295431 0.804416
1.283613 0.797477
1.277274 0.798479
1.271168 0.797163
1.264231 0.799012
1.257236 0.802659
1.270334 0.797536
1.260101 0.801896
1.256943 0.799679
1.244135 0.811932
1.235428 0.816036
1.256792 0.802763
1.249243 0.806981
1.234854 0.814442
1.242009 0.808509
1.248602 0.805309
1.160318 0.798845
1.163652 0.790440
1.167595 0.789975
1.174415 0.779114
1.179614 0.774470
1.166376 0.784849
1.173632 0.773597
1.155243 0.796402
1.142146 0.797139
1.155099 0.795520
1.148378 0.795170
1.179875 0.773475
1.179966 0.761676
1.176887 0.767181
1.175097 0.754199
1.173068 0.747430
1.181001 0.766766
1.179989 0.753951
1.173321 0.747899
1.167908 0.743945
1.162561 0.738357
1.173988 0.713356
1.171448 0.718997
1.179955 0.713403
1.164770 0.731029
1.158720 0.728935
1.157178 0.734409
1.155906 0.733960
1.155012 0.727457
1.170457 0.720230
1.166826 0.722096
1.160274 0.722277
1.180966 0.702553
1.176376 0.707679
1.183335 0.707963
1.181276 0.696366
1.174639 0.692371
1.181135 0.694856
1.181344 0.689979
1.174946 0.689775
1.181676 0.688613
1.185495 0.688235
1.182766 0.683179
1.175623 0.686888
1.177177 0.680166
1.161961 0.690230
1.168749 0.688807
1.162261 0.687570
1.171123 0.678551
1.149849 0.687230
1.149408 0.687381
1.145488 0.684545
1.144847 0.678102
1.139987 0.675508
1.139062 0.671851
1.178725 0.674162
1.184784 0.675337
1.186330 0.669463
1.181818 0.662403
1.183372 0.655651
1.174212 0.667155
1.168166 0.664678
1.177122 0.655525
1.187197 0.644734
1.141470 0.664705
1.136677 0.650972
1.132343 0.643630
1.187497 0.655898
1.184783 0.649523
1.185700 0.646030
1.192533 0.644129
1.195329 0.632546
1.190309 0.637762
1.187226 0.643269
1.186183 0.643010
1.189562 0.631695
1.189832 0.630287
1.185020 0.630173
1.190370 0.626855
1.169715 0.658486
1.163710 0.656252
1.178038 0.650640
1.181965 0.635578
1.175920 0.632988
1.183511 0.629641
1.184732 0.623751
1.179067 0.627246
1.131824 0.654665
1.128875 0.641745
1.123290 0.638009
1.122826 0.639509
1.109175 0.641846
1.097062 0.638932
1.098601 0.633774
1.112074 0.631589
1.106703 0.629503
1.108444 0.623667
1.107751 0.623324
1.101573 0.621959
0.882770 0.756721
0.880613 0.758424
0.873562 0.760880
0.867689 0.758506
0.879200 0.754376
0.873566 0.760423
0.874509 0.755705
0.867933 0.756182
0.891878 0.744978
0.862611 0.753276
0.857354 0.748737
0.858276 0.749164
0.850579 0.748557
0.831376 0.749392
0.837299 0.750000
0.818468 0.747001
0.819006 0.745954
0.806178 0.747080
0.806922 0.742833
0.801407 0.742762
0.795666 0.733581
0.791815 0.726669
0.791213 0.727563
0.786030 0.724135
0.780509 0.722079
0.769431 0.727056
0.767915 0.725221
0.773843 0.721411
0.764524 0.732105
0.763518 0.730406
0.757052 0.734821
0.750109 0.739501
0.750268 0.737465
0.744338 0.734102
0.752910 0.701447
0.773742 0.720165
0.753126 0.699225
0.738435 0.733395
0.733557 0.727411
0.732557 0.724156
0.735256 0.723364
0.733374 0.710345
0.746372 0.701775
0.739631 0.702877
0.737507 0.705102
0.735464 0.694185
0.730156 0.697007
0.721799 0.697085
0.706512 0.730737
0.699454 0.733047
0.698936 0.733158
0.710194 0.723401
0.702475 0.722781
0.693335 0.732169
0.692893 0.733469
0.694874 0.727034
0.688823 0.725067
0.694200 0.720887
0.687751 0.717812
0.697970 0.715015
0.681110 0.704621
0.674702 0.704455
0.657676 0.695595
0.733704 0.708991
0.740506 0.698675
0.746568 0.699721
0.746624 0.699422
0.734451 0.697188
0.732910 0.702554
0.732830 0.702815
0.726853 0.701061
0.726794 0.701228
0.720705 0.699849
0.687285 0.730168
0.711864 0.708963
0.705582 0.709623
0.706889 0.703335
0.708689 0.696398
0.707145 0.702046
0.693472 0.706439
0.695029 0.699368
0.700648 0.702528
0.695176 0.699388
0.696575 0.693553
0.702637 0.694450
0.687421 0.704454
0.685316 0.709497
0.680797 0.704423
0.674435 0.704086
0.690507 0.693366
0.688962 0.699171
0.662758 0.699411
0.651717 0.688565
0.649206 0.677309
0.642175 0.679917
0.642059 0.679958
0.650483 0.672450
0.650040 0.680436
0.645482 0.673017
0.644061 0.670937
0.649697 0.673602
1.048065 0.658845
0.898230 0.721480
0.900364 0.715747
0.918419 0.693682
0.921804 0.693049
0.920897 0.698864
0.893694 0.731437
0.896819 0.719657
0.898469 0.713792
0.904102 0.707479
0.908769 0.697589
0.915636 0.695966
0.914940 0.697210
0.914840 0.697459
0.916890 0.684117
0.964422 0.654775
0.957897 0.655055
0.971504 0.647507
0.974536 0.640850
0.973173 0.641657
0.975372 0.647009
0.975321 0.640719
0.974672 0.638911
0.932939 0.664476
0.928213 0.669564
0.924126 0.667076
0.951442 0.655488
0.951207 0.655966
0.945344 0.653726
0.937840 0.657733
0.937790 0.657853
0.950705 0.656499
0.944417 0.655876
0.917731 0.679491
1.071281 0.640074
1.050022 0.647253
1.056086 0.647844
1.057625 0.642695
1.080427 0.629981
1.086192 0.631878
1.078890 0.634884
1.084956 0.635508
1.088033 0.625260
1.042097 0.652404
1.047675 0.641381
1.038339 0.643548
1.037907 0.644541
1.031439 0.645255
1.025154 0.643214
1.030315 0.647954
1.013689 0.638103
1.000045 0.639665
1.001585 0.634296
1.009176 0.631065
1.004669 0.623535
0.989480 0.630748
0.997072 0.627344
0.984960 0.624523
0.984613 0.625625
0.983722 0.627633
0.975805 0.635370
0.978008 0.626208
0.975840 0.628301
0.972234 0.633675
0.975826 0.633290
0.761477 0.692263
0.759526 0.698042
0.755713 0.689718
0.757309 0.696027
0.749664 0.687463
0.748121 0.693096
0.751195 0.683187
0.743599 0.687025
0.742054 0.692675
0.658843 0.663534
0.652360 0.669914
0.652282 0.668431
0.649799 0.667813
0.645165 0.668455
0.645171 0.667838
0.645823 0.664222
0.645185 0.666394
0.669414 0.653871
0.667682 0.654680
0.667099 0.651854
0.669853 0.646422
0.669537 0.647417
0.664137 0.643624
0.662988 0.646603
0.652096 0.638934
0.570260 0.785862
0.570028 0.786500
0.571800 0.780614
0.573351 0.774241
0.576766 0.780943
0.575460 0.774339
0.567289 0.773331
0.565744 0.779145
0.564203 0.784486
0.568812 0.766545
0.568846 0.766382
0.570402 0.759509
0.562660 0.777429
0.563612 0.771389
0.564339 0.758778
0.562794 0.764595
0.550685 0.761276
0.555199 0.768254
0.541540 0.771237
0.530772 0.769488
0.544620 0.760685
0.521821 0.773285
0.517298 0.767231
0.516514 0.772214
0.524897 0.763135
0.492092 0.765320
0.478672 0.767281
0.503415 0.769908
0.491542 0.765792
0.484948 0.766528
0.460415 0.761682
0.455957 0.757142
0.455206 0.756882
0.453661 0.762571
0.447611 0.760528
0.449835 0.752841
0.418747 0.772431
0.426352 0.767773
0.429457 0.756739
0.435493 0.758236
0.412688 0.771154
0.407836 0.765366
0.415771 0.760441
0.396423 0.759693
0.437030 0.753241
0.387661 0.740163
0.387050 0.745962
0.382543 0.738241
0.390639 0.755765
0.380769 0.744205
0.370445 0.733929
0.378035 0.730759
0.367484 0.720466
0.359895 0.723575
0.362976 0.712878
0.356934 0.709942
0.283417 0.695883
0.290308 0.694805
0.278755 0.696126
0.286920 0.685604
0.573508 0.746389
0.559830 0.751438
0.568988 0.740048
0.566032 0.726148
0.572255 0.732999
0.568760 0.719567
0.553769 0.750433
0.559964 0.725861
0.635150 0.681697
0.629550 0.678457
0.636028 0.677569
0.611794 0.672792
0.568759 0.705577
0.566855 0.692540
0.566392 0.686149
0.562274 0.678852
0.563297 0.671382
0.558235 0.657567
0.631522 0.669797
0.624306 0.673864
0.618570 0.671137
0.634223 0.659260
0.633076 0.663145
0.639132 0.664580
0.641978 0.661071
0.640420 0.660227
0.628556 0.656921
0.627013 0.662374
0.624291 0.655187
0.645626 0.640418
0.638905 0.640034
0.626381 0.649437
0.627596 0.643471
0.625613 0.641550
0.633050 0.639177
0.632675 0.639189
0.614895 0.660118
0.616992 0.649790
0.605783 0.650583
0.610724 0.649090
0.605320 0.645097
0.625529 0.641495
0.619763 0.646338
0.604922 0.642641
0.586166 0.646373
0.580448 0.642941
0.579776 0.644116
0.562723 0.636747
0.559327 0.643842
0.602366 0.637202
0.600169 0.642919
0.601625 0.635541
0.602937 0.629617
0.602550 0.631067
0.575865 0.635838
0.575328 0.636746
0.581849 0.630619
0.576219 0.633067
0.569271 0.636377
0.563510 0.632463
0.569901 0.632559
0.563580 0.632067
0.584771 0.624982
0.556739 0.644655
0.557581 0.638599
0.557216 0.637037
0.557454 0.630912
0.557029 0.630716
0.596888 0.627528
0.567707 0.614955
0.559013 0.623805
0.560555 0.618387
0.562222 0.611272
0.556049 0.610549
0.554504 0.616349
0.553031 0.615722
0.549692 0.609850
0.556707 0.607700
0.550625 0.606296
0.360017 0.699295
0.355511 0.691434
0.353036 0.684720
0.348839 0.675921
0.347928 0.693913
0.343419 0.686487
0.341672 0.678975
0.343604 0.666891
0.341297 0.647493
0.339862 0.640868
0.336095 0.638740
0.299333 0.684424
0.308057 0.672047
0.301023 0.676510
0.304924 0.663535
0.311041 0.662999
0.295231 0.681398
0.294971 0.674662
0.287377 0.678316
0.290476 0.665826
0.298077 0.661507
0.336846 0.633856
0.307217 0.652101
0.301169 0.649774
0.296917 0.641269
0.311865 0.633507
0.304267 0.637479
0.298222 0.634991
0.305812 0.631724
0.299758 0.630070
0.301307 0.623959
0.328558 0.624042
0.324503 0.616764
0.321673 0.608325
0.320518 0.589222
0.319931 0.593903
0.318187 0.582454
0.318206 0.582367
0.322172 0.581898
0.319765 0.575169
0.319862 0.574656
0.312153 0.580566
0.313483 0.574383
0.313712 0.573335
0.054648 0.815588
0.041064 0.813903
0.036139 0.818684
0.024509 0.828954
0.017641 0.830534
0.017603 0.829286
0.028565 0.824538
0.056505 0.803981
0.063882 0.799433
0.065422 0.794195
0.071499 0.793578
0.072080 0.788530
0.078993 0.776254
0.071746 0.769116
0.073170 0.763203
0.076354 0.763041
0.076267 0.750937
0.082785 0.739564
0.079389 0.749802
0.079264 0.743491
0.080929 0.730991
0.076059 0.725314
0.069638 0.723806
0.059867 0.713285
0.060990 0.704681
0.056860 0.697457
0.040665 0.686740
0.046577 0.687377
0.240089 0.714883
0.235597 0.719669
0.243008 0.708984
0.270523 0.701802
0.268990 0.700291
0.263270 0.697503
0.239298 0.712850
0.242642 0.705975
0.256865 0.698720
0.249985 0.700352
0.256944 0.698209
0.250897 0.695926
0.257579 0.694602
0.258507 0.690611
0.247214 0.702274
0.243950 0.700017
0.246390 0.688233
0.232034 0.720977
0.232390 0.718220
0.225995 0.719412
0.226038 0.717842
0.220869 0.714366
0.216279 0.708605
0.220944 0.712666
0.216692 0.707223
0.215612 0.694415
0.227193 0.684765
0.220609 0.689286
0.237239 0.698747
0.236297 0.698110
0.217533 0.699431
0.238793 0.692190
0.240333 0.686833
0.234417 0.684530
0.228218 0.684181
0.228016 0.684336
0.223427 0.688623
0.254000 0.683056
0.247949 0.681176
0.241881 0.680770
0.228611 0.682071
0.223349 0.677542
0.211260 0.673049
0.214310 0.662841
0.242969 0.675149
0.217039 0.675622
0.212070 0.669972
0.208869 0.664725
0.249643 0.648346
0.249547 0.648311
0.179794 0.669953
0.200393 0.670346
0.204564 0.665117
0.207098 0.665462
0.190479 0.654789
0.211741 0.647402
0.208702 0.658405
0.205688 0.645502
0.204855 0.648301
0.199597 0.649866
0.204204 0.649399
0.204160 0.649532
0.181338 0.664346
0.187399 0.665235
0.177204 0.663117
0.176501 0.656665
0.175286 0.662461
0.172334 0.647995
0.166264 0.648029
0.166281 0.646372
0.153635 0.646808
0.152635 0.649239
0.141482 0.643956
0.146223 0.647690
0.286111 0.631793
0.275552 0.622366
0.272279 0.621143
0.260043 0.618093
0.295253 0.622278
0.283152 0.618243
0.292294 0.608553
0.286249 0.605959
0.271044 0.614866
0.264992 0.612923
0.280196 0.604148
0.271115 0.608290
0.254864 0.630795
0.249575 0.635755
0.254283 0.630545
0.248216 0.630168
0.245995 0.637642
0.244738 0.634550
0.243453 0.627955
0.255635 0.625498
0.255733 0.624738
0.251315 0.617801
0.253751 0.617975
0.242020 0.615058
0.245650 0.620789
0.242326 0.613678
0.259090 0.610947
0.254431 0.603552
0.249916 0.596820
0.238250 0.607856
0.237380 0.606167
0.231942 0.591485
0.293851 0.601575
0.294605 0.595314
0.287802 0.599449
0.302996 0.591706
0.298502 0.582742
0.290900 0.587084
0.267238 0.587053
0.307661 0.571368
0.309545 0.564763
0.257525 0.591731
0.265132 0.586789
0.260620 0.579753
0.266684 0.580315
0.254559 0.578716
0.246955 0.583343
0.249825 0.571119
0.256120 0.571333
0.257414 0.565403
0.271003 0.562787
0.264184 0.564192
0.245234 0.562648
0.237945 0.567747
0.239775 0.558866
0.238345 0.559583
0.227595 0.583483
0.228787 0.577532
0.227942 0.570991
0.232364 0.562524
0.230777 0.563980
0.130371 0.637138
0.124657 0.634331
0.111767 0.634018
0.074709 0.626585
0.100606 0.630045
0.099668 0.629721
0.087932 0.625367
0.041609 0.681012
0.037060 0.681363
0.036424 0.676907
0.033841 0.672807
0.038188 0.661353
0.034057 0.666592
0.032769 0.666022
0.044935 0.656767
0.042613 0.654709
0.043679 0.648702
0.044075 0.644992
0.029149 0.670193
0.026121 0.665613
0.027341 0.660962
0.023888 0.662601
0.028279 0.656616
0.035882 0.652260
0.054557 0.637410
0.069090 0.628475
0.067847 0.627675
0.060238 0.632804
0.061791 0.626253
0.055741 0.624297
0.063067 0.620402
0.056815 0.619644
0.060128 0.582453
0.053356 0.582265
0.045729 0.586746
0.039270 0.586706
0.034752 0.580200
0.040812 0.581296
0.060516 0.580809
0.056973 0.580103
0.054463 0.579063
0.055658 0.578302
0.056008 0.573307
0.058813 0.572812
0.056684 0.569585
0.048409 0.577367
0.049958 0.571191
0.050428 0.568845
0.043902 0.569697
0.045451 0.563483
0.046742 0.558317
0.046656 0.557250
0.049967 0.570291
0.053071 0.557290
0.044957 0.561647
0.047017 0.555697
0.019554 0.588367
0.027157 0.583869
0.022635 0.577714
0.013490 0.587616
0.031793 0.566459
0.032427 0.559979
0.026411 0.562035
0.033583 0.554002
0.025495 0.551992
0.028577 0.552385
0.028849 0.551260
0.021045 0.557150
0.047774 0.554397
0.048548 0.551334
0.054611 0.552167
0.056924 0.552066
0.053360 0.556282
0.055286 0.548940
0.051329 0.550673
0.048564 0.549692
0.042495 0.549579
0.041895 0.550803
0.040605 0.548003
0.037994 0.541252
0.040653 0.535472
0.043103 0.534635
0.053369 0.526104
0.047435 0.529719
0.048704 0.523678
0.041096 0.528577
0.040242 0.527639
0.042652 0.521691
0.050251 0.517761
0.044197 0.516011
0.038914 0.511622
0.031984 0.513440
0.025240 0.514554
0.011489 0.517783
