0.905859 0.045528
0.859557 0.228984
0.825333 0.303918
0.824273 0.312144
0.779592 0.428501
0.777993 0.425882
0.779642 0.428600
0.779461 0.428635
0.775391 0.427723
0.729257 0.484026
0.728893 0.486261
0.601403 0.624754
0.601892 0.626649
0.602157 0.627702
0.602006 0.635118
0.437942 0.734689
0.438895 0.736564
0.436817 0.739451
0.442960 0.745294
0.441555 0.742449
0.439171 0.744646
0.445050 0.749618
0.445388 0.750967
0.440851 0.750161
0.471358 0.806052
0.471262 0.806074
0.469133 0.807696
0.470975 0.806264
0.339996 0.819913
0.341340 0.823584
0.341211 0.823540
0.340667 0.823135
0.255297 0.786579
0.253808 0.784213
0.258209 0.792292
0.255697 0.787327
0.266535 0.810605
0.267676 0.812933
0.268011 0.814043
0.266982 0.811851
0.266365 0.812672
0.114952 0.811003
0.114346 0.812380
0.115262 0.812395
0.115845 0.814158
0.121322 0.824405
0.123985 0.830287
0.123607 0.829694
0.123580 0.829765
0.124947 0.833531
0.122988 0.836319
0.125002 0.834031
0.123715 0.831659
0.124622 0.844668
0.124098 0.842092
0.124344 0.839199
0.134864 0.853746
0.132858 0.850149
0.129222 0.848818
0.130983 0.846885
0.128678 0.846269
0.006948 0.786723
0.005874 0.785335
0.005696 0.785359
0.015497 0.804487
0.015204 0.804888
0.015295 0.805477
0.038016 0.866532
0.050615 0.880907
0.049453 0.879299
0.045881 0.884556
0.049500 0.879605
-0.122938 0.744568
-0.127136 0.742962
-0.123475 0.744442
-0.105791 0.781280
-0.105794 0.782380
-0.107813 0.786451
-0.105723 0.782588
-0.105929 0.782785
-0.104346 0.793954
-0.106271 0.792025
-0.102739 0.789533
-0.105330 0.788812
-0.097638 0.798630
-0.097129 0.800388
-0.101210 0.798779
-0.099571 0.795799
-0.099964 0.795031
-0.100720 0.795752
-0.090334 0.815139
-0.090313 0.815249
-0.091022 0.815733
-0.084440 0.827792
-0.086687 0.823659
-0.088515 0.819814
-0.090540 0.821801
-0.286052 0.659852
-0.287894 0.656644
-0.291877 0.656252
-0.289700 0.653559
-0.291505 0.653299
-0.283772 0.665161
-0.283447 0.666434
-0.284066 0.668020
-0.283307 0.667373
-0.281661 0.676012
-0.283591 0.674090
-0.279692 0.681379
-0.277201 0.680516
-0.280363 0.678896
-0.275651 0.688616
-0.274742 0.685202
-0.274838 0.685421
-0.274015 0.694135
-0.271386 0.692977
-0.272827 0.689953
-0.273630 0.691159
-0.269392 0.697019
-0.270400 0.698748
-0.263869 0.708298
-0.268939 0.707170
-0.265755 0.705009
-0.266942 0.702586
-0.268973 0.704382
-0.383908 0.597484
-0.384941 0.596169
-0.375374 0.616286
-0.377978 0.610962
-0.374525 0.618073
-0.376187 0.618343
-0.372405 0.623119
-0.375117 0.624137
-0.368383 0.631496
-0.369461 0.629440
-0.504831 0.694038
-0.513541 0.688854
-0.504391 0.695460
-0.504457 0.696011
-0.508555 0.695621
-0.772932 0.592777
-0.732591 0.678921
-0.731638 0.681388
-0.733167 0.682744
-0.729659 0.686222
-0.734324 0.689562
-0.727688 0.691064
-0.678391 0.811903
-0.667559 0.820749
-0.674521 0.819193
-0.671016 0.814803
-0.665347 0.824799
-0.665890 0.823746
-0.666302 0.824482
-0.661531 0.832610
-0.662220 0.831194
-0.663270 0.832182
-0.656657 0.842891
-0.659055 0.837863
0.804301 0.348131
0.804350 0.348557
0.803105 0.349891
0.805549 0.357855
0.814214 0.369064
0.814235 0.369141
0.814072 0.369296
0.807373 0.369594
0.820122 0.381787
0.821708 0.386009
0.782356 0.420227
0.786066 0.427778
0.784545 0.424810
0.779876 0.428443
0.713029 0.523096
0.714338 0.526144
0.713105 0.523562
0.712572 0.524574
0.716701 0.531655
0.714748 0.527890
0.713975 0.539311
0.673958 0.573246
0.674448 0.574982
0.592386 0.635027
0.592698 0.635803
0.594529 0.640395
0.597114 0.646167
0.601315 0.655878
0.599158 0.651116
0.601866 0.657079
0.598926 0.658221
0.613400 0.680747
0.607935 0.681308
0.613346 0.681741
0.620809 0.696932
0.620809 0.696956
0.620806 0.697016
0.620477 0.697286
0.620372 0.706321
0.620908 0.703258
0.622551 0.711591
0.626951 0.711288
0.623046 0.708566
0.628030 0.713447
0.622632 0.715063
0.625661 0.722734
0.628399 0.727769
0.534630 0.763786
0.533204 0.761556
0.533030 0.761618
0.433374 0.738758
0.431305 0.735025
0.428495 0.734204
0.434905 0.741783
0.436720 0.746338
0.437526 0.748439
0.433119 0.747446
0.438197 0.750406
0.434371 0.753157
0.466199 0.809625
0.466386 0.810275
0.466195 0.810937
0.466420 0.811753
0.389935 0.764008
0.388268 0.761206
0.386878 0.759091
0.402880 0.792012
0.403059 0.792345
0.402600 0.791625
0.402786 0.792248
0.401818 0.790623
0.405948 0.798582
0.402784 0.798526
0.401740 0.796208
0.413240 0.815069
0.415140 0.818418
0.413517 0.815578
0.413272 0.815200
0.412812 0.815553
0.412874 0.815344
0.264173 0.790377
0.261301 0.784761
0.258052 0.785753
0.260488 0.783987
0.255257 0.784250
0.267537 0.797806
0.269324 0.802332
0.266567 0.806303
0.269438 0.802646
0.269125 0.808592
0.278610 0.821854
0.273605 0.818431
0.272576 0.816082
0.274804 0.815197
0.273520 0.812390
0.273052 0.813078
0.278599 0.821983
0.278723 0.823221
0.276383 0.818585
0.275216 0.821153
0.160584 0.820992
0.158863 0.818106
0.156448 0.818064
0.163963 0.827776
0.163264 0.826324
0.158486 0.828997
0.167637 0.835258
0.166848 0.833643
0.165512 0.834854
0.072450 0.865982
0.078703 0.872197
0.080544 0.871611
0.075448 0.870878
0.084173 0.878978
0.082615 0.875712
0.081646 0.877111
0.080582 0.872601
0.078270 0.873095
-0.043351 0.811795
-0.045782 0.807215
-0.047220 0.804989
-0.043304 0.811891
-0.043725 0.812052
-0.039927 0.818894
-0.039229 0.821404
-0.040313 0.825859
-0.039086 0.821948
-0.039996 0.822896
-0.039168 0.835109
-0.027220 0.847222
-0.033860 0.844533
-0.029444 0.843149
-0.033839 0.841721
-0.025600 0.849892
-0.025614 0.849886
-0.025868 0.849472
-0.025682 0.849859
-0.184950 0.729784
-0.185068 0.729617
-0.185212 0.729964
-0.185965 0.728535
-0.188368 0.734939
-0.388846 0.601787
-0.390579 0.598835
-0.383461 0.613854
-0.381122 0.619243
-0.377799 0.626452
-0.378313 0.625355
-0.374214 0.633716
-0.374887 0.632419
-0.797584 0.136319
-0.720120 0.303728
-0.720059 0.303996
-0.723105 0.304801
-0.712167 0.321318
-0.712143 0.321385
-0.712235 0.321453
-0.515046 0.746464
-0.513921 0.749742
-0.516984 0.754761
-0.513737 0.750249
-0.513985 0.750558
-0.514528 0.757105
-0.776548 0.569330
-0.776644 0.573518
-0.775620 0.582144
-0.776920 0.579939
-0.774282 0.587805
-0.775886 0.585765
-0.769084 0.594505
-0.772537 0.593289
-0.766106 0.599405
-0.769532 0.598201
-0.759902 0.605088
-0.759773 0.606277
-0.762605 0.604076
-0.734475 0.659807
-0.733720 0.661502
-0.730749 0.667868
-0.729273 0.671906
-0.732339 0.676086
-0.729162 0.672189
-0.728232 0.677663
-0.727524 0.683640
-0.658099 0.825887
-0.660431 0.821571
-0.664529 0.820872
-0.654198 0.833888
-0.657338 0.827369
-0.654024 0.834263
-0.649961 0.842680
-0.650679 0.841209
-0.653070 0.842846
0.813048 0.336887
0.828293 0.369902
0.828132 0.369884
0.827222 0.369496
0.826690 0.378841
0.835606 0.386227
0.785959 0.412805
0.790280 0.421789
0.782482 0.418145
0.791808 0.425350
0.790400 0.422490
0.793760 0.429454
0.720112 0.509063
0.718102 0.512921
0.718980 0.518813
0.612187 0.618680
0.611983 0.618545
0.541978 0.660927
0.540848 0.659422
0.541399 0.665948
0.539288 0.664103
0.557326 0.693448
0.557587 0.694453
0.558999 0.698425
0.559024 0.698518
0.558107 0.698752
0.576674 0.735287
0.575850 0.734458
0.571961 0.738473
0.521977 0.767008
0.519577 0.762532
0.524060 0.770488
0.524422 0.771615
0.522767 0.768471
0.521677 0.768013
0.520389 0.774904
0.521413 0.780734
0.410556 0.748830
0.409409 0.747236
0.407564 0.744054
0.416700 0.762066
0.415377 0.760060
0.412906 0.765904
0.415172 0.760283
0.415411 0.761274
0.440942 0.815304
0.440417 0.815207
0.440232 0.814982
0.306832 0.809693
0.312114 0.819796
0.309414 0.814597
0.309277 0.814336
0.316175 0.828183
0.313636 0.822855
0.100338 0.839191
0.101165 0.841705
0.100065 0.840271
0.100636 0.850152
0.102720 0.858267
0.106391 0.853931
0.106270 0.853855
0.109726 0.860801
0.109368 0.861492
0.111835 0.866655
0.001292 0.789350
0.000398 0.788382
0.000317 0.788397
0.009781 0.808058
0.009910 0.808514
0.026860 0.850037
0.026256 0.856590
0.034799 0.861167
0.037460 0.867144
0.037233 0.866692
0.031418 0.866770
0.043839 0.882024
0.037114 0.879515
0.036511 0.877011
0.045498 0.884792
0.045337 0.884525
0.043182 0.881221
-0.171504 0.728422
-0.172838 0.726393
-0.173746 0.725407
-0.365257 0.592997
-0.363752 0.597027
-0.370181 0.593900
-0.363406 0.597837
-0.363701 0.597158
-0.358775 0.607539
-0.361297 0.602650
-0.363639 0.603455
-0.354489 0.616448
-0.357169 0.610800
-0.353958 0.617541
-0.355874 0.618048
-0.351435 0.623204
-0.350501 0.625742
-0.353463 0.623213
-0.357004 0.622066
-0.350310 0.626730
-0.346724 0.634581
-0.341722 0.645139
-0.344808 0.638785
-0.339562 0.648647
-0.341154 0.646182
-0.341311 0.646100
-0.341817 0.645796
-0.336556 0.655068
-0.338441 0.656136
-0.333949 0.661064
-0.334415 0.660134
-0.717647 0.027560
-0.612410 0.253396
-0.610310 0.257491
-0.608287 0.262394
-0.440787 0.624010
-0.440852 0.623957
-0.441514 0.623538
-0.465800 0.644873
-0.800246 0.234659
-0.801423 0.242453
-0.800632 0.248378
-0.796666 0.255638
-0.788269 0.261131
-0.791777 0.259661
-0.745648 0.352698
-0.745475 0.353265
-0.749046 0.360137
-0.540316 0.796726
-0.540202 0.797776
-0.540094 0.798373
-0.782806 0.480972
-0.782207 0.482505
-0.781086 0.485398
-0.781761 0.486408
-0.781475 0.492571
-0.618411 0.836034
-0.618416 0.836067
-0.619035 0.836205
-0.619217 0.835281
-0.622696 0.835075
-0.620429 0.833583
-0.624880 0.833300
0.900268 0.063246
0.833472 0.277077
0.834191 0.278200
0.833393 0.276973
0.833440 0.277148
0.766578 0.460330
0.759137 0.456909
0.631580 0.600968
0.631449 0.601222
0.626789 0.601994
0.555045 0.658677
0.553567 0.656321
0.551350 0.652277
0.569384 0.689924
0.569386 0.689961
0.568954 0.690239
0.570100 0.692714
0.570159 0.692951
0.589079 0.732573
0.584634 0.729138
0.589342 0.733201
0.590866 0.737337
0.587977 0.737376
0.424043 0.733906
0.427649 0.741228
0.425585 0.736958
0.423897 0.734355
0.423992 0.734914
0.419527 0.735567
0.428848 0.743780
0.429960 0.746610
0.432307 0.752088
0.430441 0.748001
0.433514 0.754521
0.433174 0.754110
0.432323 0.754104
0.461421 0.814517
0.460750 0.814057
0.460491 0.813961
0.398379 0.753150
0.398103 0.753089
0.397929 0.753229
0.405979 0.768812
0.405489 0.769338
0.405883 0.769558
0.404368 0.776129
0.402058 0.774389
0.406625 0.781366
0.405846 0.778937
0.406452 0.784963
0.426639 0.813594
0.427408 0.816088
0.427286 0.816203
0.425320 0.816061
0.368223 0.776652
0.366277 0.773195
0.365312 0.772070
0.368156 0.777505
0.364900 0.776190
0.364443 0.773623
0.367341 0.784158
0.382716 0.808134
0.387327 0.817926
0.385369 0.814003
0.301833 0.813855
0.306314 0.822090
0.303869 0.817481
0.303448 0.816697
0.299731 0.818904
0.297626 0.817098
0.191421 0.812714
0.189969 0.810441
0.191278 0.816655
0.190192 0.814330
0.188404 0.812369
0.111584 0.818546
0.110483 0.817068
0.112685 0.820650
0.110858 0.820268
0.110517 0.817283
0.108915 0.818356
0.110209 0.826848
0.122653 0.842183
0.121327 0.839321
0.124174 0.845492
0.129204 0.856366
-0.097019 0.741619
-0.090514 0.753987
-0.055589 0.814900
-0.057275 0.812048
-0.062966 0.811852
-0.058872 0.809440
-0.062838 0.808997
-0.160788 0.721776
-0.161391 0.721453
-0.158211 0.728892
-0.160660 0.723671
-0.157490 0.730333
-0.158937 0.730408
-0.154472 0.736764
-0.304071 0.651653
-0.301946 0.655512
-0.302712 0.654075
-0.429664 0.618413
-0.429758 0.618321
-0.430496 0.617600
-0.757977 0.072683
-0.759852 0.075037
-0.487654 0.657182
-0.489345 0.654360
-0.489292 0.658753
-0.493777 0.658048
-0.793606 0.115052
-0.708190 0.307000
-0.707469 0.312950
-0.526437 0.691958
-0.526291 0.692536
-0.525789 0.694729
-0.526153 0.697468
-0.525417 0.695691
-0.525809 0.706415
-0.524117 0.702816
-0.521590 0.710740
-0.520136 0.707013
-0.520198 0.707301
-0.518794 0.718553
-0.518658 0.715669
-0.518122 0.712648
-0.516263 0.723658
-0.516085 0.720775
-0.514254 0.729013
-0.513380 0.725829
-0.512611 0.734545
-0.511271 0.740226
-0.764597 0.386674
-0.765674 0.389496
-0.565081 0.817915
-0.565058 0.818124
-0.565309 0.818678
-0.742610 0.716988
-0.740368 0.722218
-0.736440 0.731030
-0.738065 0.727550
-0.740865 0.729636
-0.734808 0.734354
-0.739535 0.738122
-0.729751 0.745537
-0.731950 0.740542
-0.732524 0.741159
-0.729509 0.746088
-0.732014 0.750026
-0.726441 0.752598
-0.727685 0.754302
-0.727357 0.763257
-0.722170 0.762130
-0.723806 0.758446
-0.724188 0.758972
-0.721246 0.764177
-0.722952 0.767495
-0.720898 0.775653
-0.717009 0.773066
-0.717962 0.771019
-0.718215 0.771589
-0.712540 0.782391
-0.715053 0.777287
-0.716310 0.779805
-0.709019 0.789514
-0.711439 0.784644
-0.713804 0.787756
-0.707496 0.792529
0.861452 0.217957
0.860890 0.221115
0.831172 0.286434
0.830418 0.287639
0.829168 0.294499
0.724107 0.502561
0.722167 0.499148
0.723528 0.504123
0.721081 0.502471
0.621089 0.607936
0.621022 0.607983
0.549298 0.661098
0.547496 0.657979
0.564363 0.694034
0.561819 0.693541
0.564459 0.695375
0.564451 0.695495
0.560372 0.697706
0.581334 0.730340
0.581271 0.730330
0.580237 0.731173
0.582931 0.734658
0.583790 0.737177
0.579408 0.735032
0.545220 0.756847
0.543769 0.754555
0.539473 0.759786
0.363478 0.782497
0.365543 0.785875
0.365561 0.786254
0.364233 0.783839
0.363001 0.783362
0.365689 0.787888
0.362420 0.789929
0.376756 0.810177
0.373865 0.804046
0.376949 0.810588
0.238055 0.793828
0.236142 0.790462
0.090883 0.878807
0.089116 0.875800
0.084096 0.873171
-0.032135 0.806310
-0.033538 0.804139
-0.031842 0.806873
-0.033968 0.803596
-0.026339 0.818738
-0.026190 0.819150
-0.025127 0.822569
-0.024938 0.823115
-0.025674 0.822572
-0.017428 0.839544
-0.012512 0.848795
-0.014941 0.844224
-0.016546 0.841148
-0.143814 0.728628
-0.151179 0.723320
-0.143651 0.728990
-0.143718 0.728975
-0.148775 0.728494
-0.141259 0.734447
-0.140300 0.736811
-0.142077 0.734492
-0.145897 0.733456
-0.139475 0.738972
-0.144166 0.738957
-0.137712 0.743492
-0.283672 0.661557
-0.279159 0.661216
-0.281970 0.657964
-0.278400 0.662882
-0.278382 0.663034
-0.265012 0.692034
-0.264226 0.693652
-0.259215 0.704452
-0.255203 0.711605
-0.256172 0.710435
-0.258070 0.706697
-0.260213 0.709417
-0.406044 0.594410
-0.407514 0.592074
-0.411139 0.597470
-0.411199 0.594685
-0.391412 0.626078
-0.386421 0.636892
-0.389279 0.631136
-0.455489 0.637155
-0.455585 0.637057
-0.482241 0.653985
-0.483435 0.652330
-0.797581 0.135821
-0.713176 0.304244
-0.708291 0.314191
-0.708051 0.315089
-0.515363 0.731058
-0.513329 0.735968
-0.514826 0.738377
-0.511467 0.740630
-0.513688 0.744131
-0.510910 0.742066
-0.771623 0.400833
-0.771531 0.401116
-0.771795 0.401420
-0.773438 0.408462
-0.576324 0.823272
-0.576222 0.823722
-0.576507 0.824195
-0.742185 0.702745
-0.740047 0.707807
-0.737627 0.713315
-0.735158 0.718903
-0.733245 0.723650
-0.733779 0.732651
-0.730249 0.737319
-0.729472 0.746036
-0.724918 0.750230
-0.721184 0.754811
-0.721001 0.763794
-0.716489 0.768013
-0.714402 0.776119
-0.710718 0.783502
-0.710532 0.780634
-0.706527 0.790662
-0.702619 0.789725
-0.705638 0.787446
-0.699326 0.796296
-0.701036 0.792903
-0.701630 0.794679
-0.696018 0.802918
-0.697128 0.800709
-0.697804 0.802010
0.874257 0.171102
0.873684 0.171861
0.873549 0.178217
0.828604 0.296262
0.826446 0.302057
0.725497 0.491080
0.725505 0.496929
0.723270 0.495155
0.615688 0.611363
0.613171 0.617360
0.534788 0.674706
0.533093 0.671852
0.534360 0.675480
0.532330 0.673614
0.545510 0.698521
0.543923 0.701824
0.545776 0.699241
0.547127 0.702818
0.550260 0.724054
0.564643 0.739960
0.563011 0.737285
0.567098 0.744301
0.567623 0.745812
0.566143 0.742811
0.564537 0.744714
0.470141 0.714868
0.470199 0.714982
0.467133 0.719145
0.470250 0.715125
0.470057 0.714991
0.477440 0.729698
0.474914 0.724899
0.471347 0.723479
0.472933 0.721407
0.470949 0.720880
0.477477 0.729772
0.477493 0.729822
0.477925 0.731939
0.477134 0.736182
0.477991 0.733000
0.485165 0.746615
0.480527 0.743715
0.485094 0.746853
0.484757 0.746782
0.483914 0.745052
0.483715 0.745727
0.489669 0.757133
0.491521 0.760331
0.491548 0.760410
0.491423 0.760179
0.489058 0.758633
0.498094 0.775830
0.503632 0.786145
0.501973 0.786222
0.498102 0.785205
0.505847 0.791330
0.505714 0.791261
0.505114 0.791051
0.505708 0.792378
0.500406 0.790439
0.319468 0.806405
0.317266 0.802387
0.313137 0.803629
0.321329 0.810230
0.323266 0.815004
0.324369 0.817865
0.329751 0.828198
0.327741 0.824611
0.324323 0.820139
0.212304 0.798140
0.211557 0.797516
0.166564 0.819119
0.164902 0.816379
0.169187 0.824138
0.169134 0.824030
0.172851 0.831598
0.172740 0.831386
0.027888 0.787009
0.026110 0.783962
0.028559 0.788334
0.028897 0.789362
0.028477 0.789500
0.026117 0.784581
0.027117 0.797486
0.027332 0.794562
0.027889 0.791523
0.064270 0.865301
0.060968 0.865021
0.065516 0.868475
0.063040 0.870336
0.067742 0.873687
0.067638 0.874267
-0.114397 0.747587
-0.116494 0.747146
-0.115525 0.746044
-0.118549 0.745275
-0.122738 0.744432
-0.102756 0.772552
-0.102154 0.774956
-0.105190 0.778959
-0.099894 0.780230
-0.099660 0.780872
-0.104256 0.782012
-0.089636 0.800963
-0.092861 0.795637
-0.090171 0.800560
-0.090412 0.800234
-0.090535 0.799997
-0.090763 0.800233
-0.084119 0.813458
-0.088949 0.814774
-0.079833 0.822717
-0.082114 0.818329
-0.083227 0.818420
-0.178865 0.728155
-0.184646 0.729702
-0.411423 0.597685
-0.412679 0.595848
-0.733958 0.056771
-0.460620 0.641135
-0.802303 0.153384
-0.726356 0.305125
-0.726131 0.305808
-0.717174 0.324964
-0.517628 0.755619
-0.517239 0.756733
-0.516256 0.759492
-0.517743 0.761389
-0.515462 0.761992
-0.516177 0.764171
-0.780748 0.456099
-0.782196 0.458666
-0.779519 0.459346
-0.781523 0.464631
-0.780814 0.470592
-0.605806 0.833827
-0.606335 0.833696
-0.606646 0.833254
0.823290 0.314410
0.775668 0.435169
0.775858 0.435887
0.775234 0.436874
0.774140 0.443674
0.718590 0.520245
0.718376 0.520343
0.718200 0.520444
0.716969 0.528823
0.657993 0.598198
0.656322 0.595407
0.655606 0.600539
0.515173 0.781251
0.516099 0.783841
0.516511 0.785081
0.514738 0.786599
0.516448 0.785788
0.356995 0.797170
0.357661 0.799468
0.357060 0.799056
0.354321 0.802751
0.356940 0.798918
0.365860 0.816192
0.188121 0.819758
0.187103 0.818462
0.185824 0.816607
0.105975 0.836016
0.105419 0.835674
0.105405 0.835767
0.104839 0.835582
-0.008302 0.798615
-0.010439 0.794743
-0.010311 0.805698
-0.010919 0.803160
-0.003047 0.809456
-0.001100 0.814228
0.001207 0.819568
0.002333 0.822340
0.006667 0.831342
0.003710 0.825566
0.002963 0.824082
0.002662 0.824854
0.008028 0.833652
0.007881 0.834325
0.007225 0.832645
0.011386 0.840621
0.008901 0.840134
0.005554 0.838891
0.015078 0.848766
0.013203 0.845192
0.012292 0.844856
0.008494 0.843838
0.017032 0.852887
0.010112 0.852159
0.019114 0.857869
0.021531 0.863378
0.022094 0.865148
0.018139 0.863826
0.026362 0.872637
0.031710 0.884284
0.028717 0.878036
-0.226442 0.700104
-0.219401 0.708737
-0.216559 0.706815
-0.219367 0.705909
-0.210350 0.719107
-0.213657 0.712480
-0.213721 0.712346
-0.213748 0.712401
-0.209964 0.719937
-0.209758 0.720485
-0.208231 0.724372
-0.209977 0.726038
-0.203958 0.732921
-0.205042 0.732863
-0.204899 0.731812
-0.205861 0.729811
-0.206051 0.730509
-0.201395 0.740009
-0.201008 0.740875
-0.201224 0.740877
-0.309490 0.654831
-0.311799 0.650576
-0.307835 0.657600
-0.308622 0.656306
-0.308447 0.657638
-0.802064 0.156416
-0.797532 0.172847
-0.732863 0.305771
-0.722378 0.328296
-0.519562 0.767129
-0.519374 0.767811
-0.520393 0.768900
-0.761528 0.378011
-0.761027 0.379716
-0.763075 0.382001
-0.559764 0.814650
-0.559750 0.814790
-0.561975 0.816086
0.888877 0.090737
0.850736 0.239331
0.849493 0.241764
0.807658 0.385247
0.808364 0.387070
0.813122 0.397057
0.805852 0.394760
0.814161 0.398844
0.813592 0.398157
0.813142 0.397272
0.811350 0.404808
0.815317 0.412048
0.732121 0.474891
0.731290 0.474058
0.729621 0.479639
0.729974 0.476686
0.706956 0.555243
0.708020 0.557777
0.708939 0.560095
0.708762 0.560583
0.687400 0.572257
0.688826 0.576245
0.688928 0.576542
0.686984 0.576949
0.647517 0.605403
0.645641 0.605150
0.646077 0.603157
0.645281 0.601656
0.643360 0.603406
0.560594 0.655800
0.559032 0.653248
0.576699 0.691163
0.569577 0.689951
0.576817 0.691852
0.570898 0.692843
0.589537 0.733147
0.598599 0.737923
0.599220 0.740417
0.592874 0.737889
0.520660 0.690340
0.521885 0.692573
0.520012 0.691912
0.525355 0.700179
0.524620 0.698574
0.527456 0.704729
0.526090 0.704476
0.530452 0.711128
0.532797 0.716539
0.540699 0.733800
0.541175 0.734811
0.547711 0.747926
0.545918 0.744863
0.550196 0.752631
0.548871 0.750213
0.547593 0.749738
0.545886 0.747754
0.461953 0.726310
0.459897 0.722621
0.465510 0.733519
0.462649 0.727811
0.461132 0.728203
0.457136 0.727261
0.462728 0.736568
0.478179 0.760878
0.477355 0.760570
0.472306 0.760083
0.479317 0.764201
0.475246 0.765017
0.481179 0.768866
0.481523 0.769791
0.479251 0.769467
0.487594 0.781734
0.486467 0.780217
0.483089 0.785857
0.404369 0.751300
0.402872 0.748936
0.401151 0.750362
0.410212 0.763831
0.412031 0.766993
0.410839 0.764940
0.407945 0.768200
0.409603 0.763040
0.409796 0.764519
0.409193 0.762584
0.434255 0.815529
0.432643 0.815477
0.433682 0.815306
0.379083 0.770341
0.378045 0.769005
0.378216 0.769584
0.373960 0.772001
0.395229 0.805797
0.395313 0.806639
0.396521 0.809947
0.392767 0.815733
0.395664 0.811624
0.405486 0.827537
0.402704 0.822136
0.400824 0.818866
0.400290 0.817892
0.399550 0.818894
0.269999 0.788143
0.267320 0.782981
0.266641 0.782524
0.272762 0.794509
0.272856 0.794797
0.273696 0.797746
0.269598 0.802080
0.279311 0.822066
0.288056 0.827019
0.288629 0.829400
0.281270 0.827443
0.286420 0.825372
0.281609 0.824498
0.206721 0.800940
0.205530 0.799274
0.136118 0.796712
0.144065 0.808413
0.151371 0.816432
0.149842 0.813429
0.157778 0.829170
0.155023 0.823842
0.153439 0.820741
0.157957 0.829491
0.156772 0.829791
-0.015398 0.799000
-0.011066 0.806903
-0.013332 0.807096
-0.012409 0.804858
-0.013363 0.803104
-0.014695 0.804906
-0.008482 0.812429
-0.006231 0.817668
-0.008591 0.820288
-0.004148 0.822655
-0.008818 0.826668
0.001811 0.834746
0.000245 0.832181
-0.001476 0.828559
0.009649 0.851925
0.006737 0.850238
0.009944 0.853295
0.010081 0.854044
0.013733 0.860922
0.013953 0.861965
0.011433 0.860631
0.012617 0.859982
0.010050 0.858490
-0.226734 0.700010
-0.224513 0.704072
-0.226458 0.700495
-0.226942 0.703122
-0.418874 0.611939
-0.420956 0.608201
-0.420997 0.614593
-0.424390 0.613384
-0.785892 0.101699
-0.514947 0.686984
-0.519251 0.687994
-0.514991 0.688367
-0.513114 0.691573
-0.512900 0.692124
-0.513481 0.691007
-0.513417 0.691578
-0.757642 0.371800
-0.760005 0.374303
-0.554989 0.809031
-0.554737 0.810555
-0.554602 0.811389
-0.736488 0.685273
-0.734690 0.689808
-0.734306 0.690733
-0.732669 0.694711
-0.733447 0.695448
-0.728656 0.703949
-0.730332 0.700107
-0.730780 0.700516
-0.689631 0.801722
-0.678656 0.811789
-0.685663 0.808965
-0.675112 0.818942
-0.678519 0.812066
-0.680806 0.815810
-0.672713 0.823442
-0.674654 0.819797
-0.675107 0.822276
0.818769 0.319687
0.816531 0.322012
0.818189 0.330344
0.833987 0.366369
0.838900 0.373190
0.742741 0.468023
0.741477 0.466174
0.701999 0.558953
0.704330 0.564322
0.705172 0.566971
0.625695 0.603063
0.624661 0.601772
0.621624 0.607162
0.623342 0.603586
0.513967 0.765262
0.519121 0.775073
0.515851 0.769162
0.512277 0.769583
0.519362 0.776349
0.517374 0.779095
0.521270 0.781088
0.521185 0.781010
0.521074 0.780793
0.413122 0.740076
0.412012 0.738598
0.415913 0.745501
0.414089 0.741923
0.412011 0.741828
0.411844 0.738476
0.411351 0.739344
0.422189 0.759048
0.419707 0.754337
0.419938 0.756004
0.420232 0.756761
0.419782 0.757127
0.448680 0.816448
0.448238 0.815953
0.447746 0.815357
0.446060 0.815558
0.440730 0.815244
0.372901 0.772732
0.372874 0.772765
0.372275 0.772780
0.366917 0.772480
0.388768 0.806130
0.389705 0.808734
0.392621 0.815538
0.389994 0.809778
0.387753 0.811762
0.392740 0.815795
0.390728 0.819488
0.398699 0.827536
0.396450 0.823370
0.396227 0.822954
0.395945 0.823355
0.271065 0.788835
0.272192 0.785502
0.273134 0.794158
0.274885 0.790555
0.274366 0.797100
0.294962 0.827257
0.288413 0.826964
0.293231 0.824311
0.291831 0.822176
0.129398 0.797460
0.129562 0.798284
0.124494 0.798575
0.127865 0.795438
0.137534 0.815341
0.133416 0.818939
0.139613 0.820326
0.140739 0.823273
0.141295 0.824719
0.148146 0.838344
0.147636 0.838047
0.146274 0.840928
0.147480 0.837904
0.022550 0.790378
0.015894 0.787295
0.019486 0.784326
0.017829 0.783577
0.018454 0.783057
0.015940 0.781670
0.022823 0.790835
0.026745 0.799077
0.025724 0.797782
0.024679 0.796474
0.058669 0.868060
0.057806 0.866171
0.060568 0.872209
0.061509 0.874675
0.061808 0.875882
0.061695 0.876222
0.056444 0.876873
-0.037679 0.809201
-0.039432 0.806208
-0.041031 0.803609
-0.037638 0.809280
-0.033662 0.817488
-0.032438 0.820853
-0.032600 0.821050
-0.036731 0.821386
-0.022818 0.842792
-0.018951 0.849600
-0.020842 0.846280
-0.022619 0.843134
-0.026089 0.847224
-0.130670 0.742361
-0.137324 0.741402
-0.138880 0.739297
-0.130698 0.742941
-0.129701 0.745734
-0.133238 0.742981
-0.129338 0.746848
-0.094813 0.819675
-0.091770 0.826154
-0.091661 0.826773
-0.092524 0.824973
-0.092837 0.825673
-0.212676 0.709117
-0.209782 0.719670
-0.205012 0.716830
-0.206161 0.714445
-0.206640 0.715403
-0.203146 0.720873
-0.203097 0.721310
-0.205447 0.727456
-0.195479 0.736864
-0.198702 0.736205
-0.195595 0.737720
-0.201301 0.734609
-0.195137 0.738793
-0.195441 0.738121
-0.198227 0.739492
-0.192690 0.744148
-0.404619 0.594452
-0.401682 0.589982
-0.403180 0.590978
-0.396611 0.600585
-0.399981 0.598586
-0.399170 0.595738
-0.399364 0.595354
-0.399602 0.595628
-0.389110 0.616490
-0.393483 0.620071
-0.386775 0.621870
-0.390610 0.625016
-0.383429 0.629142
-0.384002 0.627928
-0.386517 0.629407
-0.379957 0.636143
-0.380431 0.635219
-0.381967 0.636400
-0.503270 0.669177
-0.500146 0.675769
-0.493925 0.687833
-0.494041 0.688665
-0.496496 0.692848
-0.494723 0.689229
-0.749233 0.360294
-0.749205 0.360392
-0.545028 0.801558
-0.545018 0.801687
-0.545973 0.802397
-0.544853 0.803099
-0.549127 0.807376
-0.783036 0.495524
-0.783551 0.496338
-0.781797 0.499227
-0.783931 0.502792
-0.719965 0.645874
-0.624456 0.837805
-0.626071 0.835115
-0.627289 0.833389
0.846827 0.246033
0.804563 0.393606
0.810592 0.405890
0.812367 0.410019
0.810566 0.406423
0.808502 0.408919
0.807246 0.406703
0.813951 0.413425
0.814448 0.414878
0.773459 0.445314
0.773140 0.445102
0.706557 0.539637
0.707369 0.542370
0.706942 0.540538
0.706344 0.539396
0.706430 0.539988
0.710197 0.547115
0.710134 0.547366
0.709555 0.546654
0.707173 0.555022
0.681030 0.573775
0.682140 0.576520
0.679725 0.574004
0.682908 0.578469
0.566295 0.653274
0.563685 0.648278
0.566991 0.654679
0.564553 0.650925
0.582783 0.689534
0.582624 0.689460
0.600879 0.729584
0.605295 0.737665
0.599273 0.737747
0.603304 0.734116
0.602560 0.732673
0.599388 0.732107
0.530781 0.681178
0.529100 0.678367
0.527040 0.674283
0.528894 0.684290
0.531691 0.692100
0.542453 0.706212
0.541945 0.706134
0.539658 0.710075
0.541962 0.706184
0.541892 0.706244
0.539353 0.713721
0.550104 0.724083
0.550132 0.724140
0.551244 0.726754
0.549648 0.724337
0.559829 0.743465
0.558666 0.741838
0.557159 0.739449
0.528493 0.765294
0.527666 0.764457
0.525765 0.761152
0.525432 0.769088
0.453397 0.737995
0.450839 0.733145
0.455506 0.741824
0.453477 0.738139
0.452951 0.738275
0.457600 0.746295
0.458596 0.749022
0.452325 0.747660
0.457971 0.748652
0.458296 0.749453
0.457568 0.748739
0.479465 0.794247
0.476708 0.797915
0.479352 0.794152
0.384353 0.766811
0.382467 0.763497
0.382551 0.764831
0.400257 0.801703
0.399586 0.801254
0.397218 0.804600
0.410046 0.822356
0.408540 0.819928
0.406349 0.815935
0.406240 0.815716
0.297990 0.819590
0.300990 0.825494
0.298124 0.819831
0.297613 0.819045
0.297502 0.819936
0.296753 0.817832
0.201222 0.803934
0.200352 0.803017
-0.003804 0.793286
-0.005536 0.790357
-0.004484 0.793897
-0.005691 0.790486
-0.009415 0.793384
0.002953 0.807367
0.003343 0.808861
0.003076 0.809344
-0.000365 0.813659
0.003174 0.809595
0.002000 0.818860
0.007968 0.831478
0.013580 0.840799
0.016023 0.845941
0.022907 0.850603
0.027324 0.860412
0.025678 0.856656
0.028143 0.862232
0.028428 0.862987
0.027598 0.862249
0.032797 0.872085
0.030994 0.868975
0.029919 0.866749
0.025367 0.866788
0.035282 0.877880
0.032008 0.875592
0.033974 0.875944
0.030676 0.873407
0.036626 0.880656
0.033181 0.884156
0.040031 0.887858
0.039483 0.886842
0.038519 0.887962
-0.270464 0.658951
-0.247734 0.699601
-0.244282 0.705281
-0.244219 0.705581
-0.244958 0.704950
-0.246744 0.701474
-0.360492 0.588811
-0.360702 0.588655
-0.361690 0.589971
-0.354661 0.601317
-0.356927 0.597132
-0.358639 0.593627
-0.354248 0.602176
-0.355088 0.602299
-0.349564 0.612114
-0.351861 0.607635
-0.342569 0.627316
-0.342658 0.627317
-0.348366 0.627148
-0.342554 0.633549
-0.346845 0.632746
-0.338544 0.640797
-0.341613 0.639402
-0.333181 0.648130
-0.337629 0.646653
-0.329632 0.655316
-0.331585 0.651372
-0.332895 0.649360
-0.331919 0.659393
-0.492371 0.662001
-0.494304 0.658619
-0.791232 0.522279
-0.790227 0.524889
-0.787231 0.531886
-0.789549 0.526638
-0.790327 0.527417
-0.787067 0.532250
-0.790088 0.536409
-0.784506 0.537989
-0.786143 0.540863
-0.783336 0.548671
-0.781894 0.543804
-0.782906 0.545656
-0.779708 0.553268
-0.779502 0.550385
-0.777423 0.558499
-0.776528 0.567180
-0.776547 0.564393
-0.759255 0.605341
-0.749508 0.613296
-0.755040 0.609669
-0.757331 0.607937
-0.747307 0.617336
-0.749384 0.613515
-0.749085 0.616019
-0.731217 0.652224
-0.728763 0.657784
-0.733193 0.661095
-0.726389 0.663225
-0.727737 0.664849
-0.725842 0.665239
-0.729145 0.671788
-0.650175 0.828563
-0.656536 0.826255
-0.655535 0.823024
-0.647735 0.833142
-0.649232 0.830306
-0.653292 0.833845
-0.644430 0.839759
-0.644990 0.838635
-0.641314 0.846105
0.866310 0.198745
0.817536 0.331539
0.833381 0.366305
0.833716 0.366918
0.831028 0.367737
0.838471 0.377079
0.838919 0.378512
0.837916 0.379930
0.768008 0.448259
0.767789 0.448441
0.767951 0.455624
0.766187 0.453653
0.657504 0.582331
0.655607 0.579020
0.656374 0.584802
0.653974 0.583131
0.659521 0.592450
0.659008 0.589876
0.575305 0.643743
0.573489 0.640222
0.578314 0.649440
0.578871 0.650959
0.577729 0.648529
0.576204 0.646194
0.573517 0.648280
0.595907 0.687413
0.594492 0.685206
0.596016 0.689223
0.616673 0.732556
0.615670 0.731326
0.457959 0.732814
0.455989 0.729338
0.454941 0.727294
0.461088 0.739022
0.459926 0.736742
0.463908 0.751408
0.460494 0.750166
0.470193 0.759157
0.466470 0.756499
0.465202 0.754283
0.470159 0.759647
0.468173 0.759212
0.472269 0.764700
0.480758 0.782716
0.482706 0.786119
0.482746 0.786246
0.482533 0.785851
0.480613 0.782919
0.479943 0.784520
0.479713 0.793706
0.480980 0.790347
0.361403 0.792373
0.360472 0.791176
0.360130 0.793776
0.360557 0.791518
0.357539 0.798491
0.370461 0.811322
0.368459 0.807063
0.243753 0.791298
0.241772 0.787774
0.239775 0.784249
0.244834 0.793283
0.135680 0.795815
0.134986 0.796244
0.136370 0.802185
0.135674 0.797577
0.135281 0.799874
0.140297 0.806647
0.139016 0.804527
0.138936 0.804380
0.138902 0.804495
0.142196 0.811184
0.139801 0.813162
0.145105 0.817633
0.144830 0.817029
0.144314 0.817369
0.150528 0.829179
0.147415 0.822803
0.143309 0.824134
0.152434 0.832527
0.151474 0.830834
0.150119 0.830062
0.147609 0.837520
0.029246 0.787393
0.028345 0.785010
0.069531 0.861565
0.070834 0.864786
0.071404 0.866211
0.073511 0.871237
0.074141 0.873628
-0.023095 0.810497
-0.025712 0.805469
-0.030899 0.806117
-0.026917 0.803768
-0.032418 0.804014
-0.018628 0.820897
-0.025688 0.819090
-0.018944 0.820752
-0.015981 0.827102
-0.020035 0.826273
-0.010517 0.838719
-0.013059 0.833907
-0.013984 0.831977
-0.006848 0.846183
-0.009712 0.840330
-0.011833 0.840631
-0.006122 0.847656
-0.001825 0.856807
-0.003303 0.853784
-0.005648 0.855971
0.000435 0.861351
-0.165575 0.726425
-0.166823 0.724604
-0.166480 0.726043
-0.353727 0.588769
-0.357880 0.588208
-0.349801 0.596835
-0.351288 0.594466
-0.348396 0.599858
-0.344856 0.607280
-0.345321 0.606385
-0.323886 0.652893
-0.325569 0.650070
-0.330340 0.649569
-0.450697 0.632638
-0.451593 0.631678
-0.455245 0.636720
-0.453025 0.632918
-0.748580 0.048211
-0.470736 0.649184
-0.470974 0.649106
-0.798885 0.193286
-0.796334 0.203052
-0.794234 0.208372
-0.789471 0.213674
-0.789853 0.215438
-0.789753 0.221677
-0.743534 0.312523
-0.750977 0.308606
-0.731350 0.338753
-0.731254 0.339076
-0.732480 0.339902
-0.527618 0.778892
-0.527303 0.780059
-0.529361 0.782150
-0.527043 0.781330
-0.529695 0.785789
-0.774461 0.409725
-0.774114 0.410842
-0.775560 0.415739
-0.581996 0.825872
-0.581853 0.826411
-0.582220 0.826683
-0.780912 0.470756
-0.780731 0.471227
-0.782514 0.480473
-0.780197 0.476607
-0.611814 0.835637
-0.612631 0.834825
0.862110 0.214263
0.808044 0.341035
0.807911 0.340910
0.807763 0.341447
0.820976 0.369008
0.814362 0.369161
0.825487 0.378444
0.826954 0.381857
0.825596 0.378875
0.828253 0.384750
0.828350 0.385112
0.827528 0.384733
0.736787 0.469984
0.736285 0.469885
0.650912 0.598610
0.653263 0.602985
0.652170 0.600912
0.648371 0.601091
0.583447 0.645814
0.581636 0.642692
0.584387 0.647468
0.583887 0.646838
0.582273 0.647030
0.582633 0.645027
0.582152 0.644014
0.586362 0.652277
0.587598 0.655499
0.582122 0.653385
0.580598 0.651315
0.587994 0.656584
0.601328 0.684239
0.601283 0.684202
0.600161 0.684905
0.601767 0.686367
0.602100 0.687248
0.619914 0.724304
0.620866 0.726862
0.618477 0.728860
0.622177 0.730678
0.622178 0.730696
0.622037 0.730709
0.465707 0.719246
0.466104 0.720021
0.465614 0.719256
0.464544 0.720343
0.465384 0.719599
0.463714 0.716344
0.471298 0.731198
0.468817 0.725982
0.472141 0.732901
0.475962 0.742070
0.476649 0.743395
0.476457 0.743226
0.475938 0.742304
0.475604 0.743179
0.486386 0.763770
0.486653 0.764812
0.484116 0.763717
0.486201 0.764877
0.483564 0.767475
0.495493 0.783256
0.495082 0.783137
0.495559 0.784493
0.490162 0.782586
0.493244 0.780214
0.492230 0.778137
0.488625 0.780508
0.352793 0.803799
0.350902 0.807151
0.352785 0.803918
0.217060 0.793413
0.215992 0.792034
0.212921 0.797531
0.216149 0.792650
0.214292 0.794107
0.182674 0.822874
0.181884 0.822111
0.180828 0.820778
0.095402 0.872765
0.096187 0.875358
0.096104 0.875603
0.095595 0.875099
0.092300 0.875679
-0.097086 0.741604
-0.097050 0.741672
-0.097157 0.741510
-0.091666 0.753142
-0.093953 0.748225
-0.097147 0.750758
-0.091052 0.754479
-0.090973 0.754764
-0.092451 0.761185
-0.076011 0.799709
-0.064330 0.811414
-0.066686 0.807021
-0.070722 0.806346
-0.069853 0.803168
-0.065901 0.809311
-0.273538 0.658511
-0.272483 0.660658
-0.253014 0.703105
-0.249455 0.709187
-0.250214 0.708511
-0.252840 0.703429
-0.378881 0.593394
-0.379596 0.592815
-0.371448 0.609629
-0.371220 0.610157
-0.371393 0.609780
-0.368898 0.615402
-0.364237 0.625346
-0.366290 0.621202
-0.365990 0.629007
-0.792721 0.111904
-0.521335 0.688278
-0.521394 0.688373
-0.524436 0.690393
-0.521167 0.689775
-0.525428 0.694344
-0.768436 0.392766
-0.767573 0.395570
-0.570663 0.820653
-0.570611 0.820993
-0.570900 0.821452
-0.739650 0.693516
-0.737418 0.698730
-0.741024 0.701765
-0.735094 0.704093
-0.739276 0.707234
-0.732732 0.709523
-0.735734 0.711883
-0.730455 0.714827
-0.732482 0.716676
-0.732463 0.722971
-0.700396 0.791323
-0.690319 0.801503
-0.696100 0.798413
-0.686937 0.808276
-0.689958 0.802208
-0.691453 0.805354
-0.684107 0.813782
-0.686086 0.809951
-0.686952 0.812372
0.886075 0.107003
0.887520 0.113036
0.837753 0.256517
0.801456 0.416216
0.753711 0.461967
0.751551 0.458026
0.753842 0.462238
0.753092 0.462500
0.693279 0.569767
0.693490 0.570308
0.693616 0.571652
0.689258 0.575898
0.640004 0.603709
0.638746 0.601865
0.636482 0.600290
0.572849 0.652736
0.568346 0.653474
0.571392 0.650444
0.567149 0.651224
0.591003 0.691794
0.586633 0.691167
0.589466 0.689306
0.584453 0.689356
0.611428 0.736144
0.608925 0.731405
0.540295 0.761176
0.539486 0.760215
0.539351 0.760074
0.538088 0.760426
0.322361 0.808442
0.325046 0.813499
0.335854 0.826609
0.335835 0.826598
0.335252 0.826325
0.331143 0.826057
0.195671 0.806808
0.195278 0.807006
0.105612 0.821531
0.109499 0.829496
0.107971 0.826480
0.105647 0.826162
0.105561 0.835284
0.106469 0.832084
-0.019709 0.803649
-0.020836 0.802135
-0.014244 0.822905
-0.017252 0.821469
-0.008872 0.826727
-0.008514 0.827574
-0.008941 0.826725
-0.015875 0.827122
-0.004268 0.836391
-0.006384 0.832538
-0.006721 0.831815
-0.012363 0.831795
-0.002711 0.839800
-0.004368 0.839993
0.000279 0.846195
0.002341 0.851138
0.007953 0.862709
0.006143 0.859567
0.004670 0.856506
0.002691 0.858390
-0.153738 0.722390
-0.153417 0.723475
-0.157447 0.723418
-0.151142 0.728766
-0.148945 0.733946
-0.146406 0.739652
-0.294891 0.656146
-0.297184 0.651903
-0.301420 0.651577
-0.371930 0.593775
-0.371733 0.594340
-0.377324 0.594404
-0.369971 0.598841
-0.363554 0.612213
-0.371272 0.609789
-0.366447 0.606576
-0.367324 0.604710
-0.362752 0.613538
-0.364395 0.612888
-0.366475 0.611070
-0.360334 0.619042
-0.361490 0.620646
-0.359921 0.620700
-0.364032 0.619012
-0.340031 0.662699
-0.339855 0.663110
-0.339886 0.663050
-0.339917 0.663093
-0.606683 0.250938
-0.604759 0.254702
-0.602278 0.260309
-0.435632 0.620314
-0.436102 0.619887
-0.440264 0.623504
-0.436323 0.619824
-0.777308 0.090462
-0.497994 0.693987
-0.497669 0.694916
-0.501045 0.694954
-0.499034 0.692840
-0.500393 0.690305
-0.791269 0.224679
-0.777037 0.268225
-0.770488 0.280573
-0.761966 0.292013
-0.754846 0.303053
-0.757639 0.297260
-0.758622 0.296765
-0.753769 0.305567
-0.754711 0.304038
-0.751261 0.310664
-0.736281 0.343070
-0.531468 0.785726
-0.531106 0.787321
-0.535426 0.791235
-0.531028 0.787864
-0.778264 0.431708
-0.778142 0.432084
-0.778337 0.432398
-0.778665 0.438850
-0.593665 0.830501
-0.593729 0.830471
-0.594124 0.830548
-0.747940 0.720127
-0.744595 0.727827
-0.745770 0.725238
-0.747327 0.726344
-0.739717 0.738114
-0.742929 0.731399
-0.739670 0.738213
-0.734945 0.748160
-0.736559 0.744799
-0.728483 0.762135
-0.727737 0.763752
0.881428 0.152900
0.842070 0.250756
0.841215 0.251881
0.746210 0.461388
0.748361 0.465306
0.747528 0.463839
0.744426 0.463704
0.698735 0.567041
0.699609 0.569814
0.667740 0.574564
0.666348 0.573906
0.668739 0.577524
0.586842 0.637919
0.586506 0.637591
0.584809 0.639580
0.588068 0.641788
0.584492 0.643209
0.591159 0.648332
0.587887 0.650719
0.593705 0.654046
0.606920 0.681459
0.606898 0.681512
0.607612 0.684184
0.607798 0.684690
0.622197 0.714896
0.621843 0.715195
0.620309 0.721738
0.625463 0.722520
0.621181 0.718510
0.622015 0.715602
0.621437 0.715614
0.625607 0.722830
0.628090 0.728447
0.628123 0.728748
0.539349 0.669528
0.537416 0.666109
0.551763 0.696295
0.551787 0.696856
0.552862 0.699958
0.553127 0.700717
0.571206 0.738356
0.571135 0.739161
0.568622 0.742824
0.571216 0.739477
0.570410 0.738056
0.570160 0.739306
0.445034 0.735423
0.443283 0.732015
0.441091 0.734675
0.448352 0.742048
0.447488 0.740251
0.451044 0.747515
0.451527 0.749474
0.451943 0.750710
0.475337 0.799519
0.474893 0.799575
0.473588 0.802833
0.350282 0.812803
0.348963 0.810828
0.349880 0.813900
0.347248 0.821402
0.249010 0.787738
0.247423 0.785136
0.175735 0.823589
0.173542 0.819586
0.173168 0.818915
0.173035 0.819470
0.172967 0.831404
0.096228 0.859651
0.099305 0.866813
0.097195 0.862378
0.095629 0.864363
0.100289 0.868934
0.101012 0.870790
0.101536 0.872638
0.101317 0.872630
-0.103613 0.742191
-0.099668 0.750288
-0.102071 0.745266
-0.104162 0.747716
-0.098327 0.752825
-0.095950 0.758268
-0.098550 0.760502
-0.094196 0.762763
-0.097613 0.766352
-0.091241 0.769099
-0.094870 0.771376
-0.077342 0.799087
-0.073834 0.806164
-0.076644 0.800511
-0.078584 0.803695
-0.077327 0.799472
-0.070084 0.813816
-0.072845 0.808148
-0.242718 0.695475
-0.238316 0.703528
-0.239883 0.700966
-0.240651 0.699518
-0.415299 0.604458
-0.416679 0.602346
-0.415983 0.605989
-0.417448 0.603872
-0.795339 0.230884
-0.778553 0.266864
-0.781791 0.264139
-0.776482 0.271710
-0.773522 0.277506
-0.741583 0.346524
-0.740840 0.348770
-0.744847 0.351904
-0.535737 0.791530
-0.535716 0.791638
-0.535700 0.792792
-0.538498 0.796158
-0.777354 0.418391
-0.778066 0.425984
-0.587722 0.828388
-0.587627 0.828764
-0.591880 0.829917
-0.588118 0.828741
-0.784067 0.508715
-0.783981 0.508970
-0.784143 0.509179
-0.783838 0.515338
-0.736146 0.625417
-0.728979 0.628376
-0.729203 0.627940
-0.730463 0.626270
-0.726782 0.636469
-0.726972 0.632517
-0.727304 0.633888
-0.720947 0.644981
-0.726173 0.642461
-0.723709 0.639649
-0.724402 0.638267
-0.724898 0.639072
-0.720303 0.646354
-0.720254 0.646597
-0.632593 0.835725
-0.633829 0.833947
-0.639255 0.833644
-0.638814 0.830672
0.880350 0.154584
0.836670 0.268707
0.836655 0.268868
0.836656 0.269368
0.804006 0.407447
0.804941 0.409093
0.802623 0.408839
0.808482 0.416344
0.808960 0.417898
0.803893 0.417332
0.756939 0.454772
0.760585 0.462173
0.758398 0.457912
0.754247 0.461966
0.660215 0.572845
0.660487 0.574357
0.658456 0.577558
0.662795 0.579708
0.659551 0.580555
0.607351 0.622584
0.607500 0.623915
0.524346 0.683102
0.527532 0.689421
0.524664 0.683734
0.524085 0.683725
0.531118 0.696691
0.528630 0.691621
0.524801 0.692471
0.531003 0.698696
0.525222 0.698572
0.531804 0.707434
0.532691 0.704201
0.538387 0.712547
0.535766 0.711875
0.531325 0.711127
0.538817 0.714468
0.534555 0.715938
0.544845 0.727639
0.544032 0.726090
0.547736 0.733560
0.554501 0.746859
0.552421 0.743089
0.551024 0.740952
0.549753 0.738473
0.551778 0.750620
0.418835 0.737577
0.417684 0.736012
0.420998 0.741544
0.420411 0.740338
0.417718 0.736184
0.423832 0.748140
0.424375 0.749994
0.420194 0.753423
0.426212 0.754629
0.421375 0.756392
0.455103 0.815603
0.450971 0.816102
0.453905 0.813905
0.392493 0.755239
0.391885 0.760248
0.392474 0.755754
0.391365 0.757663
0.392264 0.755835
0.407740 0.787528
0.406003 0.784562
0.406057 0.785622
0.402532 0.789548
0.406082 0.785881
0.421056 0.816392
0.419730 0.814388
0.413814 0.815089
0.343184 0.813167
0.341213 0.809700
0.345487 0.817026
0.343827 0.814447
0.341192 0.815114
0.347207 0.821441
0.347223 0.821485
0.347139 0.821336
0.346489 0.821753
0.342969 0.820593
0.230810 0.792762
0.228895 0.792969
0.231345 0.795096
0.231186 0.794912
0.230206 0.795828
0.118509 0.804144
0.118187 0.804514
0.115831 0.808867
0.118086 0.804504
0.117962 0.805098
0.128227 0.824631
0.128357 0.825661
0.128364 0.826041
0.125753 0.832245
0.140001 0.849907
0.138398 0.847249
0.137548 0.846386
0.014404 0.787214
0.012539 0.783941
0.011259 0.782074
0.021981 0.803784
0.020992 0.802565
0.019886 0.801122
0.019464 0.801722
0.052722 0.870014
0.052177 0.868840
0.055004 0.874978
0.055332 0.876089
0.055243 0.876987
0.055302 0.877203
-0.107710 0.747354
-0.110227 0.742580
-0.102544 0.758315
-0.103892 0.755591
-0.105428 0.757410
-0.100537 0.762560
-0.098407 0.767610
-0.096446 0.772412
-0.096236 0.773026
-0.094819 0.776726
-0.098833 0.779505
-0.082410 0.801985
-0.087658 0.801616
-0.084512 0.798175
-0.085824 0.796249
-0.087325 0.795867
-0.080240 0.806334
-0.075738 0.816452
-0.078028 0.811509
-0.075912 0.817841
-0.202651 0.719858
-0.190161 0.733118
-0.190193 0.733375
-0.189536 0.735875
-0.194454 0.737749
-0.423016 0.618100
-0.429031 0.618308
-0.751444 0.056923
-0.476274 0.652086
-0.476585 0.651794
-0.797597 0.180884
-0.797728 0.188315
-0.738020 0.309562
-0.726513 0.335045
-0.523776 0.772383
-0.523106 0.774687
-0.522905 0.775500
-0.524397 0.777043
-0.786449 0.518290
-0.789554 0.520777
-0.787033 0.532188
-0.784173 0.537172
-0.749415 0.613354
-0.736786 0.624967
-0.743607 0.619761
-0.744972 0.617600
-0.737682 0.623775
-0.737877 0.623507
-0.738007 0.623459
-0.728162 0.643812
-0.725634 0.649485
-0.723989 0.653713
-0.723903 0.653934
-0.724053 0.654058
-0.724349 0.660495
-0.640765 0.833583
-0.642694 0.830211
-0.648531 0.828854
-0.638270 0.838305
-0.640188 0.834686
0.886326 0.128965
0.870674 0.193100
0.868212 0.196058
0.804756 0.363915
0.806654 0.368351
0.804760 0.364503
0.810300 0.375749
0.807266 0.369742
0.807181 0.369614
0.811028 0.377318
0.813385 0.382733
0.815794 0.388240
0.816648 0.396056
0.796480 0.420427
0.793515 0.414622
0.791091 0.414166
0.795313 0.421300
0.712013 0.536545
0.713762 0.539499
0.713748 0.539499
0.713660 0.539339
0.713436 0.539561
0.711930 0.536667
0.712006 0.543712
0.597596 0.631361
0.596791 0.630577
0.597441 0.632096
0.596771 0.630733
0.596080 0.631555
0.599666 0.636980
0.604863 0.648570
0.617214 0.683297
0.614444 0.681795
0.621666 0.690338
0.620141 0.688235
0.621905 0.693720
0.628639 0.712289
0.470267 0.714892
0.477506 0.729729
0.478060 0.726666
0.485960 0.747482
0.490936 0.754283
0.490088 0.751861
0.489440 0.749390
0.491584 0.760262
0.500779 0.766850
0.511601 0.788857
0.511846 0.789741
0.511565 0.790225
0.311302 0.804293
0.314119 0.809749
0.311477 0.804612
0.310869 0.803690
0.310863 0.804680
0.315528 0.812630
0.309758 0.814269
0.318027 0.818265
0.315901 0.820519
0.322695 0.827270
0.322613 0.827374
0.319274 0.828064
0.321066 0.824857
0.320750 0.824245
0.319427 0.825177
0.224073 0.793510
0.221761 0.793443
0.219608 0.791650
0.225972 0.798212
0.226144 0.798788
0.225248 0.798120
0.222003 0.796850
0.122734 0.798181
0.122643 0.798377
0.121840 0.799803
0.122355 0.798406
0.132812 0.819430
0.132921 0.819761
0.133787 0.822688
0.133871 0.823067
0.145308 0.846467
0.143656 0.843691
0.143114 0.843548
0.094494 0.841523
0.092335 0.844229
0.095642 0.844639
0.094604 0.843354
0.094151 0.849662
0.097123 0.848101
0.095006 0.846457
0.094302 0.844011
0.101738 0.857764
0.098924 0.851916
0.097580 0.854357
0.102192 0.858734
0.105206 0.865163
0.101673 0.867844
0.107049 0.869796
0.107335 0.870855
-0.051071 0.810698
-0.053308 0.806598
-0.048633 0.815295
-0.049345 0.813918
-0.050003 0.814958
-0.041118 0.831725
-0.042822 0.828851
-0.041308 0.832597
-0.040797 0.833586
-0.042933 0.829163
-0.043038 0.830596
-0.035282 0.844243
-0.039680 0.840952
-0.038145 0.838658
-0.039287 0.836551
-0.039182 0.837899
-0.034579 0.845602
-0.232261 0.701825
-0.233582 0.699847
-0.349439 0.593409
-0.350778 0.591213
-0.342386 0.597785
-0.343720 0.606148
-0.316699 0.653834
-0.319441 0.653620
-0.318085 0.651724
-0.320446 0.651295
-0.715801 0.044491
-0.617173 0.258112
-0.616850 0.258752
-0.617724 0.258880
-0.445734 0.628391
-0.446456 0.627836
-0.495912 0.668477
-0.497062 0.666882
-0.499045 0.663385
-0.497239 0.671531
-0.498922 0.669497
-0.495687 0.677091
-0.499030 0.675846
-0.493388 0.685134
-0.491396 0.681395
-0.754069 0.364191
-0.753408 0.366416
-0.754853 0.369124
-0.549980 0.805389
-0.549829 0.806181
-0.549605 0.807768
-0.549602 0.807850
-0.780739 0.440664
-0.780328 0.441841
-0.780811 0.442638
-0.780518 0.448785
-0.780085 0.454878
-0.599860 0.831873
-0.600217 0.831812
-0.600275 0.832016
-0.605731 0.833525
