0.869575 0.248480
0.867718 0.252385
0.834627 0.321421
0.834605 0.321350
0.834607 0.321552
0.796211 0.461107
0.793981 0.456028
0.791708 0.450895
0.755846 0.537177
0.753754 0.532388
0.753599 0.541307
0.751876 0.538100
0.775616 0.579350
0.775471 0.578790
0.774502 0.581249
0.782981 0.606176
0.787081 0.613898
0.785598 0.610542
0.791670 0.626964
0.789943 0.623742
0.799053 0.629556
0.799065 0.629521
0.798275 0.629476
0.641008 0.704873
0.638849 0.699968
0.642745 0.708759
0.643560 0.710045
0.638559 0.708001
0.647269 0.718091
0.644248 0.711444
0.643821 0.710494
0.648009 0.719707
0.646558 0.719499
0.652021 0.728252
0.651288 0.726744
0.655981 0.736809
0.653717 0.731744
0.650776 0.736772
0.660440 0.746939
0.658703 0.742858
0.658595 0.742623
0.658365 0.742856
0.664188 0.755079
0.663571 0.753792
0.476070 0.810099
0.478319 0.814635
0.480568 0.819188
0.482817 0.823757
0.337885 0.809640
0.340134 0.814177
0.342382 0.818730
0.268792 0.809410
0.271041 0.813948
0.273290 0.818502
0.116339 0.808000
0.118587 0.812535
0.120836 0.817086
0.123085 0.821654
0.019058 0.806724
0.021307 0.811247
0.023556 0.815787
0.025805 0.820342
-0.090591 0.808164
-0.088341 0.812694
-0.086093 0.817240
-0.083844 0.821803
-0.227789 0.780145
-0.229889 0.775335
-0.224793 0.786772
-0.227619 0.780519
-0.230462 0.773656
-0.230470 0.773632
-0.230546 0.773619
-0.215401 0.806859
-0.217354 0.802676
-0.291959 0.790133
-0.292251 0.789287
-0.295027 0.792479
-0.292688 0.788132
-0.720674 0.239161
-0.709865 0.248998
-0.711456 0.259709
-0.688278 0.295396
-0.518985 0.658765
-0.518845 0.658954
-0.518193 0.659787
-0.518126 0.659864
-0.501811 0.695612
-0.502392 0.694437
-0.500056 0.699172
-0.499787 0.699688
-0.500596 0.699227
-0.498469 0.702123
-0.460526 0.784059
-0.460473 0.784151
-0.464808 0.785952
-0.459935 0.784686
-0.459903 0.784683
-0.804863 0.518672
-0.803311 0.523032
-0.804493 0.519401
-0.804598 0.519599
-0.800300 0.528644
-0.801571 0.527808
-0.797991 0.533342
-0.801023 0.533167
-0.795322 0.538916
-0.731320 0.686659
-0.730162 0.691698
-0.725610 0.699205
-0.722978 0.707607
-0.784345 0.696349
-0.781745 0.701727
-0.779161 0.707078
-0.782047 0.710309
-0.777105 0.711163
-0.780120 0.714998
-0.776550 0.718940
-0.774389 0.731579
-0.768949 0.728549
-0.773493 0.727133
-0.764171 0.739301
-0.768089 0.738271
-0.765993 0.735065
-0.767356 0.732062
-0.768344 0.734352
0.877498 0.191307
0.866875 0.262405
0.818519 0.375569
0.817854 0.379055
0.836916 0.415090
0.797640 0.448804
0.801527 0.457455
0.801168 0.456480
0.800638 0.455315
0.799689 0.456468
0.732262 0.560465
0.730389 0.556130
0.731945 0.561033
0.729639 0.558092
0.751770 0.607085
0.754532 0.615414
0.701567 0.627766
0.699927 0.629691
0.703859 0.632419
0.699645 0.635413
0.632500 0.715860
0.632865 0.716650
0.631436 0.716939
0.641074 0.734838
0.639404 0.730906
0.641994 0.736933
0.643446 0.739631
0.639830 0.736285
0.639292 0.730407
0.648260 0.750489
0.646665 0.746691
0.641348 0.745206
0.643689 0.740121
0.643655 0.740046
0.643607 0.740116
0.549166 0.789128
0.549488 0.789650
0.546533 0.789421
0.470409 0.812737
0.472659 0.817275
0.474907 0.821829
0.413336 0.808935
0.415585 0.813460
0.417835 0.818001
0.420083 0.822559
0.275152 0.808476
0.277400 0.813002
0.279649 0.817544
0.281898 0.822101
0.156894 0.806329
0.159143 0.810857
0.161392 0.815401
0.163641 0.819962
0.053605 0.806839
0.055853 0.811361
0.058102 0.815901
0.060351 0.820456
-0.047205 0.805175
-0.041776 0.809229
-0.044956 0.809698
-0.039528 0.813762
-0.042706 0.814238
-0.037278 0.818312
-0.040458 0.818793
-0.035030 0.822878
-0.145415 0.808885
-0.143166 0.813418
-0.140917 0.817968
-0.138669 0.822535
-0.297274 0.794050
-0.297077 0.793939
-0.297080 0.793864
-0.789145 0.153051
-0.747269 0.242807
-0.713823 0.314760
-0.713814 0.314745
-0.548426 0.669196
-0.548119 0.669637
-0.544601 0.689331
-0.546930 0.686365
-0.536972 0.694238
-0.541293 0.693363
-0.535186 0.697644
-0.532613 0.702976
-0.530172 0.708000
-0.491338 0.792092
-0.489657 0.795245
-0.488997 0.796352
-0.492729 0.800551
-0.803554 0.507142
-0.802015 0.509957
-0.805608 0.514472
-0.797148 0.529793
-0.791438 0.532855
-0.791791 0.532872
-0.789065 0.537703
-0.791169 0.538184
0.825570 0.361250
0.825439 0.360838
0.804927 0.449992
0.803219 0.446000
0.801536 0.455607
0.742190 0.552381
0.741218 0.549849
0.759831 0.590261
0.759730 0.589700
0.757434 0.593248
0.759022 0.602142
0.762425 0.595325
0.762590 0.606055
0.768890 0.609175
0.769074 0.609487
0.767866 0.609192
0.652440 0.699820
0.650118 0.694581
0.653595 0.702340
0.650617 0.702376
0.656012 0.707298
0.651947 0.711379
0.662648 0.721563
0.659305 0.714261
0.658586 0.712643
0.656776 0.714730
0.662679 0.721632
0.662490 0.721685
0.668724 0.734959
0.667086 0.731089
0.665878 0.728476
0.668680 0.742098
0.666775 0.738934
0.587724 0.753746
0.589354 0.757029
0.587770 0.753645
0.590890 0.760293
0.591278 0.760915
0.617152 0.816011
0.618754 0.819646
0.621003 0.824214
0.536001 0.790555
0.535523 0.789042
0.533165 0.791644
0.441873 0.810835
0.444122 0.815367
0.446371 0.819913
0.448620 0.824478
0.309348 0.807737
0.311597 0.812269
0.313846 0.816815
0.316095 0.821379
0.087801 0.806099
0.090051 0.810628
0.092300 0.815172
0.094548 0.819733
0.013048 0.808508
0.009869 0.808975
0.015297 0.813038
0.012118 0.813511
0.017547 0.817584
0.014367 0.818064
0.019795 0.822147
0.016616 0.822632
-0.132271 0.807573
-0.131495 0.808987
-0.129247 0.813529
-0.126998 0.818088
-0.278397 0.775323
-0.278185 0.775205
-0.278168 0.775211
-0.397636 0.711250
-0.400570 0.704782
-0.397211 0.712144
-0.399422 0.712925
-0.388745 0.730888
-0.391154 0.725453
-0.393242 0.720684
-0.394061 0.718872
-0.388243 0.732056
-0.413414 0.751991
-0.415447 0.747311
-0.417716 0.742178
-0.419398 0.738363
-0.412694 0.753687
-0.416449 0.753773
-0.806919 0.218468
-0.806176 0.229353
-0.798001 0.237601
-0.800194 0.236186
-0.754767 0.330542
-0.596069 0.670976
-0.595274 0.672328
-0.594817 0.673100
-0.596566 0.680660
-0.593768 0.688970
-0.571218 0.724296
-0.570188 0.726416
-0.573936 0.727844
-0.563028 0.741970
-0.564950 0.737506
-0.567339 0.732406
-0.562903 0.742220
-0.561885 0.743807
-0.562108 0.747168
-0.561721 0.744036
-0.562031 0.756763
-0.563637 0.753473
-0.562028 0.748717
-0.537862 0.795654
-0.540576 0.796440
-0.533445 0.805069
-0.534975 0.801740
-0.531333 0.809659
-0.535317 0.809204
-0.528836 0.814798
-0.535127 0.814717
-0.526587 0.819351
-0.524363 0.823861
-0.800269 0.440150
-0.800627 0.438874
-0.790255 0.472844
-0.787516 0.481198
-0.789276 0.477982
-0.727142 0.606138
-0.717854 0.616707
-0.720730 0.612783
-0.724357 0.610424
-0.717504 0.617414
-0.717759 0.616886
-0.720972 0.614452
-0.714432 0.624039
-0.715878 0.621694
-0.710263 0.633248
-0.710507 0.632650
-0.710560 0.632878
-0.706762 0.640815
-0.706993 0.640850
-0.707871 0.637992
-0.708519 0.636553
-0.709461 0.637947
-0.773404 0.675065
-0.774812 0.672187
-0.776036 0.673036
-0.769599 0.683313
-0.767022 0.689094
-0.768297 0.686156
-0.769546 0.689278
-0.769344 0.683617
-0.742306 0.741864
-0.742365 0.741687
-0.743099 0.741829
-0.743757 0.738324
-0.744496 0.738453
0.899970 0.064992
0.848195 0.306122
0.848336 0.306332
0.778205 0.481584
0.776913 0.478416
0.828698 0.600070
0.828056 0.596341
0.665985 0.669763
0.664570 0.666360
0.668068 0.674545
0.666400 0.670673
0.665991 0.670360
0.664768 0.666740
0.664555 0.667015
0.665333 0.680293
0.663430 0.677158
0.668961 0.688230
0.598427 0.747227
0.597887 0.745556
0.598853 0.747510
0.597484 0.744482
0.596948 0.746657
0.600898 0.751841
0.627745 0.809794
0.626561 0.806846
0.628524 0.811509
0.621825 0.809596
0.630772 0.816049
0.633022 0.820604
0.461802 0.809147
0.464050 0.813680
0.466300 0.818230
0.468548 0.822796
0.427604 0.809885
0.424425 0.810352
0.429854 0.814413
0.426674 0.814886
0.432102 0.818958
0.428923 0.819436
0.434352 0.823518
0.431172 0.824003
0.387049 0.811557
0.389297 0.816092
0.391547 0.820643
0.393796 0.825209
0.303688 0.810376
0.305936 0.814908
0.308186 0.819457
0.310434 0.824020
0.191790 0.807297
0.194038 0.811820
0.196288 0.816359
0.198536 0.820915
0.110678 0.810639
0.112927 0.815175
0.115176 0.819728
0.117425 0.824295
-0.056044 0.808278
-0.053795 0.812808
-0.051546 0.817355
-0.049297 0.821918
-0.119128 0.806265
-0.116878 0.810788
-0.114630 0.815328
-0.112380 0.819885
-0.243734 0.775521
-0.248262 0.774717
-0.245116 0.772165
-0.250996 0.771941
-0.244716 0.772732
-0.386165 0.706273
-0.389004 0.699998
-0.383259 0.712694
-0.385713 0.707289
-0.377595 0.725267
-0.379958 0.719922
-0.381633 0.716258
-0.360623 0.761731
-0.361100 0.762442
-0.358817 0.765182
-0.360615 0.767789
-0.359654 0.776972
-0.356734 0.769336
-0.358561 0.772422
-0.356345 0.781013
-0.353044 0.777116
-0.353914 0.775272
-0.354331 0.776057
-0.352696 0.792996
-0.341560 0.802542
-0.349408 0.797034
-0.341785 0.801913
-0.340833 0.803448
-0.344141 0.800165
-0.340695 0.803663
-0.434663 0.765352
-0.436163 0.761771
-0.440332 0.766484
-0.787117 0.127875
-0.738524 0.232203
-0.738546 0.232137
-0.738638 0.232324
-0.704793 0.304265
-0.537533 0.663438
-0.536910 0.664388
-0.536221 0.665525
-0.525712 0.688816
-0.523914 0.692245
-0.521410 0.697412
-0.518929 0.702531
-0.477363 0.792330
-0.477192 0.792598
-0.482260 0.794089
-0.477287 0.791858
-0.768017 0.375826
-0.631493 0.668725
-0.635243 0.668242
-0.629861 0.671795
-0.630752 0.671760
-0.625901 0.680291
-0.619911 0.693489
-0.622661 0.687382
-0.622806 0.687057
-0.618649 0.696213
-0.621460 0.696282
-0.613346 0.707323
-0.615608 0.702674
-0.613171 0.707683
-0.613293 0.707700
-0.610644 0.712918
-0.579586 0.779991
-0.581202 0.776178
-0.576107 0.787582
-0.579465 0.780256
-0.582348 0.781449
-0.581342 0.775740
-0.582746 0.777617
-0.575722 0.788420
-0.580117 0.790036
-0.572662 0.794925
-0.570761 0.798632
-0.768906 0.669712
-0.763759 0.676944
-0.766452 0.674153
-0.756335 0.682441
-0.757299 0.680010
-0.758384 0.680016
-0.762492 0.677912
-0.756189 0.681905
-0.731848 0.734790
-0.732827 0.732250
-0.733431 0.730690
0.885870 0.140508
0.871220 0.237167
0.869743 0.241819
0.842401 0.308437
0.842631 0.308880
0.746620 0.547035
0.745963 0.545357
0.764691 0.585432
0.765524 0.587118
0.764737 0.585481
0.763575 0.586345
0.767331 0.590874
0.775205 0.608358
0.775089 0.607834
0.776862 0.611249
0.782980 0.625154
0.656367 0.678489
0.658155 0.682494
0.654643 0.681257
0.663418 0.693846
0.661203 0.688820
0.659990 0.686060
0.666365 0.700364
0.665561 0.698627
0.668172 0.707864
0.664597 0.705480
0.676632 0.722219
0.674868 0.718451
0.668963 0.718665
0.679810 0.729207
0.678196 0.725605
0.673766 0.726048
0.592874 0.750082
0.593393 0.750914
0.596095 0.756551
0.595573 0.756923
0.622492 0.813254
0.622863 0.814148
0.622165 0.812453
0.622325 0.813388
0.621154 0.810000
0.625113 0.818689
0.621934 0.819166
0.627362 0.823245
0.624182 0.823729
0.558553 0.779818
0.559323 0.781036
0.378441 0.807967
0.380690 0.812498
0.382939 0.817045
0.385187 0.821608
0.248863 0.811098
0.251113 0.815633
0.253361 0.820185
0.255611 0.824752
0.061514 0.808722
0.063763 0.813261
0.066012 0.817815
-0.027508 0.810180
-0.025258 0.814716
-0.023010 0.819270
-0.020761 0.823838
-0.105208 0.806361
-0.102959 0.810894
-0.100710 0.815443
-0.098461 0.820007
-0.218408 0.785588
-0.227358 0.780177
-0.221880 0.777450
-0.226686 0.775824
-0.218377 0.785655
-0.218621 0.785059
-0.219655 0.782494
-0.219979 0.781760
-0.220069 0.782362
-0.215765 0.791067
-0.219506 0.795784
-0.211339 0.800413
-0.212971 0.796924
-0.214658 0.799094
-0.208498 0.806870
-0.207894 0.807936
-0.209564 0.804272
-0.212001 0.807487
-0.346001 0.732094
-0.347418 0.728747
-0.308019 0.800484
-0.307934 0.800342
-0.307928 0.800103
-0.733711 0.048047
-0.407039 0.735592
-0.409690 0.729691
-0.402711 0.745471
-0.404801 0.740669
-0.406904 0.735898
-0.408402 0.736355
-0.752961 0.067965
-0.669313 0.247249
-0.656519 0.274621
-0.433153 0.753238
-0.429430 0.761850
-0.431344 0.757424
-0.432633 0.754440
-0.433680 0.753764
-0.788342 0.152093
-0.742470 0.238307
-0.709219 0.309568
-0.713575 0.314418
-0.543380 0.665702
-0.542931 0.666158
-0.542695 0.666515
-0.531620 0.690846
-0.529814 0.694307
-0.527244 0.699635
-0.483339 0.794257
-0.489365 0.791830
-0.483266 0.794379
-0.482861 0.794675
-0.774612 0.391216
-0.776050 0.397279
-0.775517 0.393007
-0.648603 0.661799
-0.653535 0.661552
-0.646910 0.664994
-0.646165 0.666387
-0.648514 0.664814
-0.589087 0.788953
-0.586432 0.794872
-0.587891 0.791645
-0.589534 0.787697
-0.590562 0.790882
-0.584410 0.799168
-0.587773 0.799202
-0.581977 0.804163
-0.586359 0.804154
-0.751164 0.678607
-0.749394 0.681985
-0.750440 0.681908
-0.747158 0.686516
-0.748415 0.686580
-0.726612 0.731297
-0.727823 0.728280
-0.729604 0.724144
-0.783779 0.712251
-0.781338 0.717247
-0.782658 0.720225
-0.774794 0.731357
-0.779389 0.728334
-0.777664 0.724996
-0.778557 0.723080
-0.779077 0.724137
-0.772216 0.737138
-0.774462 0.732094
0.893884 0.078624
0.878758 0.187925
0.837665 0.312929
0.752252 0.543987
0.771693 0.586072
0.771636 0.585841
0.771407 0.584929
0.765428 0.585481
0.767948 0.589920
0.781113 0.606217
0.780828 0.605386
0.786284 0.617218
0.784608 0.613274
0.783150 0.610111
0.788538 0.622265
0.789170 0.623051
0.782626 0.621554
0.783535 0.617114
0.789254 0.623094
0.658550 0.698089
0.655920 0.692226
0.658951 0.698964
0.665301 0.712849
0.663117 0.707874
0.661908 0.705224
0.666686 0.715895
0.667901 0.718098
0.664436 0.715181
0.660183 0.713142
0.669055 0.720437
0.668227 0.718722
0.663139 0.721382
0.675482 0.734532
0.672710 0.728375
0.671341 0.725360
0.580585 0.768047
0.580598 0.768060
0.579738 0.765751
0.595752 0.800341
0.596438 0.801726
0.595662 0.800026
0.594548 0.801499
0.599987 0.809606
0.599924 0.809331
0.599457 0.808316
0.596488 0.815812
0.516626 0.808426
0.518875 0.812956
0.521124 0.817502
0.523373 0.822065
0.323616 0.808688
0.325865 0.813223
0.328114 0.817772
0.330363 0.822340
0.220326 0.809196
0.222575 0.813726
0.224824 0.818271
0.227074 0.822832
0.165503 0.809917
0.167751 0.814449
0.170001 0.818999
0.172249 0.823563
0.036157 0.806354
0.041585 0.810409
0.038405 0.810879
0.043834 0.814946
0.040655 0.815422
0.046083 0.819498
0.042903 0.819980
0.048332 0.824067
-0.084581 0.806379
-0.082333 0.810903
-0.080083 0.815443
-0.077835 0.819999
-0.139405 0.807098
-0.137156 0.811626
-0.134907 0.816170
-0.132659 0.820729
-0.675130 0.027791
-0.347065 0.731191
-0.351425 0.729033
-0.348345 0.728068
-0.353458 0.725950
-0.346255 0.732925
-0.349098 0.737580
-0.344379 0.736633
-0.344219 0.736957
-0.344267 0.736853
-0.344348 0.736930
-0.341410 0.742880
-0.313939 0.802601
-0.313593 0.802982
-0.313629 0.802663
-0.414914 0.733219
-0.408182 0.748489
-0.410079 0.744081
-0.412511 0.738613
-0.412858 0.737831
-0.752320 0.246916
-0.718914 0.318516
-0.555609 0.669072
-0.554135 0.671720
-0.554029 0.671769
-0.547679 0.685707
-0.551633 0.682975
-0.555166 0.680582
-0.546431 0.688231
-0.547435 0.686136
-0.553679 0.685499
-0.542082 0.697575
-0.544589 0.692129
-0.546238 0.691644
-0.541124 0.699614
-0.542389 0.699470
-0.538773 0.704417
-0.540515 0.704209
-0.497365 0.793838
-0.495508 0.797424
-0.493520 0.801357
-0.493392 0.801564
-0.789034 0.434700
-0.790387 0.431398
-0.694268 0.637894
-0.693650 0.638961
-0.698455 0.638415
0.830279 0.326715
0.829352 0.333634
0.828079 0.330197
0.831124 0.338395
0.834917 0.346249
0.837343 0.354747
0.788051 0.458124
0.783160 0.458581
0.786058 0.453557
0.737183 0.556335
0.735675 0.552729
0.756833 0.598263
0.757873 0.600648
0.757026 0.598597
0.756639 0.599204
0.760177 0.605325
0.756200 0.605017
0.680225 0.641488
0.682274 0.645530
0.684363 0.649698
0.679329 0.650506
0.527934 0.803118
0.528491 0.804094
0.529274 0.805445
0.528140 0.807626
0.528069 0.813259
0.364172 0.807017
0.366421 0.811544
0.368670 0.816088
0.370919 0.820648
0.185431 0.808229
0.187679 0.812764
0.189929 0.817315
0.192178 0.821882
0.090981 0.805634
0.096410 0.809688
0.093230 0.810157
0.098659 0.814220
0.095479 0.814695
0.100907 0.818770
0.097727 0.819250
0.103157 0.823334
-0.001220 0.807558
0.001029 0.812085
0.003278 0.816627
0.005527 0.821187
-0.165693 0.809721
-0.163444 0.814259
-0.162639 0.815498
-0.168911 0.813795
-0.252395 0.771534
-0.258248 0.769739
-0.252265 0.771680
-0.255945 0.770234
-0.797605 0.164671
-0.799198 0.166780
-0.758190 0.249049
-0.724554 0.321197
-0.559392 0.675567
-0.558655 0.677125
-0.558361 0.677644
-0.559328 0.675489
-0.561188 0.677799
-0.559805 0.674177
-0.561818 0.674063
-0.557039 0.680140
-0.553970 0.686539
-0.554469 0.685477
-0.548135 0.699012
-0.503155 0.796160
-0.500559 0.801541
-0.504430 0.804426
-0.498212 0.806322
-0.500274 0.808079
-0.764630 0.368598
-0.766890 0.373752
-0.625013 0.668080
-0.624487 0.669056
-0.626422 0.668166
-0.623256 0.671424
-0.618693 0.681317
-0.620623 0.676872
-0.620822 0.676427
-0.614717 0.689909
-0.616192 0.686719
-0.622434 0.687115
-0.610404 0.699183
-0.612814 0.693995
-0.609452 0.701236
-0.613390 0.702143
-0.606694 0.707009
-0.604703 0.710947
-0.575725 0.773167
-0.570282 0.785273
-0.573830 0.777544
-0.573915 0.777349
-0.575272 0.778150
-0.570162 0.785536
-0.567191 0.791825
-0.565528 0.794965
-0.779919 0.690702
-0.783980 0.696005
-0.777584 0.695457
-0.780245 0.699839
-0.774623 0.701727
-0.775944 0.703427
-0.774008 0.708138
-0.766022 0.729264
-0.755538 0.743236
-0.758020 0.743210
-0.756888 0.739939
-0.759330 0.739772
-0.758563 0.736015
-0.759109 0.734798
-0.759499 0.735835
0.866298 0.270935
0.864757 0.278614
0.816482 0.400722
0.816111 0.408747
0.815294 0.405100
0.818042 0.413437
0.756656 0.524184
0.757017 0.524978
0.756487 0.523688
0.755910 0.525019
0.757807 0.533768
0.758155 0.526840
0.753871 0.531556
0.782959 0.580684
0.782588 0.579663
0.782527 0.579240
0.780231 0.578576
0.805334 0.628420
0.805684 0.628823
0.720581 0.579650
0.718984 0.586335
0.722408 0.583352
0.719495 0.582062
0.724922 0.588951
0.724678 0.589267
0.727146 0.593451
0.726855 0.593859
0.726170 0.603796
0.708228 0.612683
0.711549 0.619385
0.709108 0.614238
0.712006 0.620352
0.715061 0.626850
0.671514 0.652228
0.671483 0.652096
0.671180 0.652726
0.672378 0.653437
0.672144 0.661908
0.604375 0.745166
0.604270 0.744557
0.600068 0.745202
0.606762 0.749691
0.608916 0.754028
0.635091 0.810555
0.629048 0.810252
0.633899 0.807611
0.627502 0.806946
0.636782 0.814254
0.639031 0.818803
0.641280 0.823368
0.563991 0.776731
0.564738 0.777806
0.502357 0.807476
0.504607 0.812003
0.506855 0.816546
0.509105 0.821106
0.433265 0.807247
0.435513 0.811774
0.437763 0.816317
0.440011 0.820877
0.395888 0.808451
0.401317 0.812508
0.398137 0.812979
0.403565 0.817046
0.400386 0.817523
0.405815 0.821601
0.402635 0.822083
0.280811 0.805838
0.283061 0.810362
0.285309 0.814903
0.287559 0.819460
0.211719 0.805608
0.213967 0.810133
0.216217 0.814674
0.218465 0.819232
0.151233 0.808967
0.148054 0.809434
0.153483 0.813497
0.150304 0.813970
0.155731 0.818042
0.152552 0.818521
0.157980 0.822603
0.154801 0.823088
-0.007229 0.809344
-0.004981 0.813877
-0.002731 0.818426
-0.000483 0.822992
-0.173951 0.806984
-0.179331 0.807463
-0.180191 0.803829
-0.179765 0.799627
-0.171703 0.811511
-0.171277 0.812094
-0.173643 0.810398
-0.173553 0.806957
-0.174243 0.805394
-0.174334 0.806707
-0.689572 0.026417
-0.686361 0.033290
-0.364674 0.723212
-0.366750 0.718457
-0.370278 0.718572
-0.368740 0.713898
-0.368812 0.713736
-0.368834 0.713888
-0.353802 0.746441
-0.352625 0.748674
-0.352070 0.749744
-0.352848 0.750514
-0.351492 0.765115
-0.325726 0.806941
-0.329235 0.806894
-0.326614 0.804575
-0.327825 0.801591
-0.727675 0.227214
-0.722405 0.237176
-0.729879 0.233837
-0.721127 0.239754
-0.721351 0.239276
-0.720128 0.248533
-0.712221 0.258865
-0.714372 0.254366
-0.711674 0.259998
-0.711676 0.259968
-0.711941 0.259935
-0.693781 0.298357
-0.524689 0.661298
-0.524640 0.661323
-0.527521 0.662101
-0.523965 0.662162
-0.523922 0.662232
-0.525026 0.662513
-0.508426 0.696161
-0.514081 0.695888
-0.506275 0.700458
-0.504127 0.704771
-0.466268 0.786521
-0.466241 0.786566
-0.466627 0.786800
-0.465703 0.787109
-0.465623 0.787180
-0.771739 0.338476
-0.772908 0.342089
-0.766398 0.350017
-0.769108 0.349943
-0.761305 0.360672
-0.764221 0.354379
-0.765789 0.353999
-0.761864 0.361785
-0.614060 0.676604
-0.616779 0.670757
-0.620968 0.671208
-0.613432 0.677961
-0.615819 0.678432
-0.620385 0.676540
-0.609575 0.686224
-0.610093 0.685145
-0.604780 0.696469
-0.607314 0.690966
-0.603823 0.698516
-0.601129 0.704138
-0.599290 0.707713
-0.564583 0.782713
-0.567801 0.775649
-0.569388 0.771898
-0.570162 0.770120
-0.571638 0.772433
-0.564517 0.782858
-0.561591 0.789040
-0.559248 0.793812
-0.556529 0.799500
-0.733645 0.686526
-0.730067 0.693917
-0.731166 0.691622
-0.726041 0.702611
-0.728105 0.698131
-0.730640 0.697520
-0.723311 0.708692
-0.724137 0.706837
-0.726467 0.705194
-0.721319 0.716468
-0.724747 0.714016
-0.727749 0.711403
0.888726 0.104706
0.833655 0.349041
0.836676 0.355448
0.837011 0.356065
0.770116 0.523216
0.768013 0.518423
0.766227 0.514595
0.770674 0.524444
0.770929 0.524859
0.775129 0.533904
0.771018 0.533184
0.771300 0.529034
0.798500 0.583919
0.794743 0.581433
0.799729 0.586411
0.798890 0.584650
0.801840 0.590898
0.819923 0.630152
0.819891 0.629926
0.817757 0.630013
0.818850 0.627290
0.812911 0.628259
0.717325 0.587168
0.719788 0.592866
0.718540 0.589855
0.724959 0.603694
0.722315 0.598083
0.725289 0.604386
0.727821 0.609633
0.665120 0.682649
0.663342 0.678515
0.662559 0.676832
0.661726 0.677953
0.668199 0.689431
0.667263 0.687300
0.663536 0.686728
0.666988 0.698782
0.677962 0.718505
0.680707 0.726857
0.532133 0.797397
0.531006 0.794539
0.530326 0.801024
0.531197 0.794665
0.530882 0.796721
0.531432 0.802071
0.447533 0.808197
0.449783 0.812727
0.452031 0.817273
0.454280 0.821836
0.392708 0.808918
0.394958 0.813452
0.397207 0.818002
0.399456 0.822568
0.289419 0.809426
0.286240 0.809893
0.291668 0.813954
0.288489 0.814428
0.293917 0.818500
0.290738 0.818979
0.296166 0.823060
0.292987 0.823546
0.136966 0.808017
0.139215 0.812543
0.141464 0.817085
0.143712 0.821645
0.032977 0.806820
0.035226 0.811351
0.037475 0.815901
0.039724 0.820464
-0.035766 0.807444
-0.033518 0.811970
-0.031268 0.816513
-0.029020 0.821072
-0.102028 0.805894
-0.096600 0.809950
-0.099780 0.810421
-0.094351 0.814488
-0.097530 0.814964
-0.092102 0.819040
-0.095282 0.819524
-0.089854 0.823610
-0.159334 0.808788
-0.162513 0.809253
-0.157084 0.813313
-0.160264 0.813785
-0.154836 0.817854
-0.154061 0.819291
-0.158015 0.818332
-0.153286 0.820739
-0.302577 0.797405
-0.302460 0.797249
-0.302382 0.797231
-0.771629 0.087111
-0.678185 0.287641
-0.678327 0.287189
-0.681088 0.289641
-0.506200 0.656345
-0.505893 0.656860
-0.501072 0.667649
-0.500652 0.668110
-0.501175 0.674657
-0.497618 0.674263
-0.500012 0.669303
-0.500586 0.670346
-0.500295 0.683879
-0.497474 0.674563
-0.499560 0.679490
-0.497431 0.674644
-0.498438 0.684573
-0.449610 0.777954
-0.449591 0.777843
-0.449429 0.777752
-0.761873 0.330084
-0.606988 0.668741
-0.602248 0.672351
-0.601901 0.673017
-0.607050 0.674343
-0.598695 0.679505
-0.600418 0.675886
-0.602915 0.678009
-0.594435 0.688668
-0.597575 0.681874
-0.601183 0.686824
-0.594050 0.689503
-0.578412 0.723764
-0.575852 0.729000
-0.576024 0.728625
-0.576548 0.729061
-0.572282 0.736779
-0.572327 0.736685
-0.572626 0.736865
-0.562337 0.757983
-0.563921 0.754220
-0.562001 0.766382
-0.565953 0.764177
-0.567217 0.760753
-0.560174 0.775165
-0.560756 0.771380
-0.544462 0.796333
-0.548060 0.794354
-0.542805 0.799674
-0.543831 0.797546
-0.541211 0.802986
-0.542559 0.802957
-0.538522 0.808601
-0.541900 0.808260
-0.535715 0.814505
-0.806149 0.442348
-0.806478 0.441128
-0.810120 0.447636
-0.794230 0.467947
-0.792213 0.471913
-0.794938 0.471006
-0.787683 0.481886
-0.789285 0.478089
-0.789414 0.477796
-0.789817 0.487855
-0.753573 0.568786
-0.746973 0.580913
-0.741273 0.587888
-0.745002 0.585584
-0.739621 0.592699
-0.743148 0.590333
-0.732190 0.601013
-0.734387 0.599886
-0.737716 0.597414
-0.730519 0.604144
-0.730076 0.604979
-0.730947 0.603875
0.861699 0.289662
0.817084 0.417012
0.819119 0.421038
0.818523 0.422836
0.821468 0.427072
0.781376 0.458716
0.780743 0.457076
0.724504 0.573502
0.722922 0.569749
0.723767 0.574476
0.721975 0.571284
0.741410 0.609340
0.742861 0.612442
0.739091 0.613002
0.745771 0.618592
0.703319 0.616835
0.705017 0.620261
0.703690 0.617464
0.701478 0.619339
0.706594 0.623593
0.709449 0.629607
0.609173 0.740206
0.611349 0.744610
0.608858 0.739328
0.608060 0.741474
0.611756 0.745450
0.611901 0.745731
0.641357 0.809141
0.642792 0.812462
0.641108 0.808391
0.638510 0.807427
0.645041 0.817004
0.647290 0.821563
0.575556 0.771943
0.575269 0.770807
0.571355 0.773825
0.591226 0.805643
0.588898 0.808191
0.594326 0.812245
0.593508 0.810253
0.591813 0.812403
0.596575 0.816779
0.596341 0.816166
0.596102 0.815632
0.595047 0.816484
0.542057 0.788714
0.542565 0.789497
0.537752 0.789504
0.544834 0.794109
0.488089 0.806527
0.490338 0.811051
0.492588 0.815590
0.494836 0.820147
0.406978 0.809869
0.409226 0.814406
0.411475 0.818959
0.295080 0.806787
0.297328 0.811316
0.299577 0.815859
0.301826 0.820420
0.206058 0.808247
0.202879 0.808712
0.208308 0.812772
0.205128 0.813245
0.210556 0.817314
0.207377 0.817792
0.212806 0.821873
0.209626 0.822357
0.004441 0.804920
0.006690 0.809445
0.008938 0.813987
0.011188 0.818545
-0.209379 0.788593
-0.194230 0.807819
-0.194409 0.807023
-0.195665 0.803949
-0.197401 0.800159
-0.273172 0.771810
-0.272300 0.773107
-0.272183 0.773229
-0.683422 0.246676
-0.683404 0.246705
-0.683578 0.246704
-0.438831 0.771588
-0.439612 0.769428
-0.440398 0.767424
-0.441723 0.771145
-0.440574 0.766948
-0.440882 0.766265
-0.800269 0.499242
-0.799390 0.500865
-0.801017 0.502704
-0.797049 0.505652
-0.799327 0.507522
-0.785631 0.530569
-0.783535 0.534747
-0.783016 0.535784
0.903453 0.054752
0.874902 0.215332
0.830895 0.357795
0.830903 0.357803
0.775601 0.461125
0.775564 0.460875
0.775230 0.462279
0.776237 0.471439
0.775415 0.467794
0.779227 0.479679
0.777508 0.476437
0.686983 0.640691
0.687100 0.640876
0.686121 0.641722
0.686289 0.647258
0.619334 0.732587
0.619150 0.731668
0.619130 0.731530
0.618250 0.732707
0.650274 0.811553
0.656458 0.823904
0.496698 0.810115
0.498946 0.814642
0.501195 0.819187
0.503444 0.823747
0.372780 0.810606
0.369600 0.811074
0.375029 0.815137
0.371850 0.815611
0.377278 0.819685
0.374098 0.820165
0.379528 0.824249
0.254523 0.808459
0.256772 0.812993
0.259022 0.817544
0.261270 0.822111
0.142626 0.805379
0.144875 0.809904
0.147124 0.814446
0.149373 0.819002
0.047595 0.808623
0.049495 0.812306
0.051743 0.816857
0.053993 0.821425
-0.021847 0.807541
-0.019598 0.812077
-0.017349 0.816629
-0.015100 0.821197
-0.125136 0.808049
-0.128316 0.808517
-0.122888 0.812579
-0.126067 0.813053
-0.120639 0.817126
-0.123819 0.817606
-0.118390 0.821689
-0.121569 0.822174
-0.267255 0.769688
-0.266237 0.771441
-0.266373 0.770891
-0.407608 0.719275
-0.408975 0.716366
-0.401911 0.731873
-0.404479 0.726137
-0.405627 0.723567
-0.399658 0.736988
-0.400304 0.735530
-0.750586 0.043495
-0.659853 0.250864
-0.654352 0.257917
-0.649307 0.265192
-0.420838 0.750496
-0.422738 0.746114
-0.418779 0.755222
-0.419170 0.754333
-0.805004 0.178318
-0.805578 0.179386
-0.775366 0.241961
-0.779098 0.241569
-0.735177 0.327890
-0.574680 0.672268
-0.579253 0.671014
-0.574276 0.672890
-0.569760 0.682928
-0.569329 0.683637
-0.571810 0.692382
-0.568403 0.685317
-0.570236 0.687612
-0.568353 0.696357
-0.567166 0.691793
-0.563818 0.707924
-0.564468 0.704171
-0.564837 0.700323
-0.559374 0.704489
-0.562106 0.708667
-0.559154 0.712907
-0.523249 0.782927
-0.523520 0.782915
-0.518744 0.792566
-0.520303 0.789147
-0.511156 0.808574
-0.508908 0.813113
-0.506658 0.817668
-0.777324 0.400364
-0.778926 0.408254
-0.779054 0.404274
-0.657093 0.658498
-0.656365 0.659835
-0.658535 0.658299
-0.663894 0.656760
-0.655532 0.661365
-0.660147 0.660626
-0.592316 0.796532
-0.591812 0.797621
-0.794109 0.438515
-0.794980 0.436205
-0.794907 0.436330
-0.717680 0.616937
-0.713899 0.624802
-0.710583 0.628846
-0.701940 0.636138
-0.706602 0.640667
-0.701582 0.636622
-0.707801 0.633158
0.880896 0.169102
0.880509 0.177478
0.872248 0.224611
0.871737 0.225669
0.820552 0.365039
0.820145 0.372396
0.819251 0.368785
0.764238 0.525414
0.757632 0.524216
0.762309 0.520973
0.767358 0.532283
0.765050 0.527171
0.762339 0.531656
0.789269 0.579353
0.785303 0.580257
0.790072 0.580546
0.786910 0.581072
0.812604 0.629283
0.808972 0.628530
0.812392 0.628309
0.676728 0.648692
0.676054 0.646820
0.676589 0.647850
0.625718 0.731405
0.624334 0.728059
0.510966 0.811065
0.507786 0.811533
0.513215 0.815595
0.510035 0.816070
0.515464 0.820143
0.512284 0.820623
0.517713 0.824706
0.358512 0.809655
0.360760 0.814184
0.363010 0.818729
0.365258 0.823290
0.225987 0.806558
0.228236 0.811086
0.230484 0.815631
0.232734 0.820190
0.174342 0.806812
0.179770 0.810869
0.176591 0.811338
0.182019 0.815404
0.178840 0.815880
0.184269 0.819956
0.181089 0.820438
0.186518 0.824524
0.067873 0.807788
0.064694 0.808254
0.070122 0.812314
0.066942 0.812786
0.072371 0.816857
0.069192 0.817335
0.074620 0.821415
0.071440 0.821899
-0.062054 0.810066
-0.059805 0.814602
-0.057556 0.819155
-0.055307 0.823724
-0.218346 0.785607
-0.218524 0.777624
-0.214553 0.789417
-0.209828 0.788301
-0.214063 0.785162
-0.209191 0.789753
-0.208955 0.792399
-0.208107 0.801627
-0.205817 0.796956
-0.206402 0.796819
-0.200240 0.809607
-0.199902 0.810004
-0.203920 0.809300
-0.202307 0.804597
-0.202351 0.804502
-0.202374 0.804557
-0.288088 0.783919
-0.288054 0.783947
-0.288616 0.782263
-0.291677 0.786908
-0.786196 0.115103
-0.787166 0.117076
-0.786880 0.126567
-0.699386 0.301111
-0.531090 0.662372
-0.530740 0.662987
-0.530115 0.663792
-0.517326 0.691862
-0.517199 0.692108
-0.517406 0.691857
-0.512983 0.700628
-0.515272 0.695923
-0.512825 0.700955
-0.513009 0.700990
-0.510032 0.706827
-0.471736 0.789607
-0.471585 0.789851
-0.471630 0.789211
-0.771258 0.383912
-0.771630 0.382776
-0.772139 0.385826
-0.645857 0.662024
-0.639953 0.665491
-0.639528 0.666258
-0.641265 0.665457
-0.638528 0.668050
-0.627466 0.691759
-0.628976 0.688478
-0.623102 0.701134
-0.625532 0.695908
-0.622209 0.703051
-0.624226 0.703183
-0.619402 0.708956
-0.585096 0.782936
-0.586025 0.780521
-0.581385 0.790992
-0.581583 0.790573
-0.578682 0.796692
-0.576088 0.802074
-0.742307 0.682805
-0.743476 0.682695
-0.740113 0.687206
-0.741025 0.687139
-0.738019 0.691390
-0.738121 0.691391
-0.735150 0.697445
-0.723825 0.722282
-0.725942 0.717448
-0.728119 0.712513
-0.724418 0.723490
-0.727678 0.720987
0.858534 0.298791
0.859579 0.300996
0.859567 0.300869
0.812022 0.435638
0.812310 0.436197
0.811392 0.441390
0.770344 0.494419
0.768641 0.490406
0.766168 0.496962
0.776150 0.515583
0.781600 0.528249
0.815370 0.590978
0.812288 0.584405
0.808652 0.584577
0.815441 0.591132
0.815425 0.591090
0.815361 0.591081
0.815740 0.591166
0.825907 0.613372
0.826324 0.613873
0.824931 0.617042
0.711682 0.605027
0.716467 0.615243
0.714339 0.610559
0.717877 0.618222
0.718599 0.619561
0.667689 0.658571
0.670228 0.664266
0.668864 0.661195
0.667804 0.658634
0.665292 0.661061
0.668666 0.673163
0.614815 0.737529
0.614720 0.737170
0.611865 0.745305
0.649264 0.811052
0.644115 0.808819
0.649887 0.812402
0.655223 0.823664
0.652793 0.818543
0.655898 0.825163
0.652718 0.825650
0.553647 0.783977
0.553855 0.784141
0.550304 0.787662
0.555968 0.788380
0.332224 0.812279
0.334473 0.816817
0.336722 0.821372
0.199699 0.809181
0.201949 0.813719
0.204197 0.818273
0.102070 0.807049
0.104319 0.811581
0.106568 0.816129
0.108817 0.820693
-0.015489 0.806609
-0.018668 0.807074
-0.013239 0.811132
-0.016419 0.811604
-0.010991 0.815672
-0.014170 0.816149
-0.008741 0.820228
-0.011920 0.820711
-0.110869 0.808999
-0.108620 0.813533
-0.106371 0.818084
-0.104122 0.822649
-0.235090 0.779485
-0.236855 0.775339
-0.238021 0.775518
-0.238005 0.772464
-0.240147 0.772481
-0.283327 0.779429
-0.285504 0.773937
-0.283707 0.778179
-0.287674 0.783460
-0.283755 0.777999
-0.284545 0.776162
-0.714775 0.016753
-0.392200 0.708153
-0.394740 0.702483
-0.388595 0.715989
-0.391245 0.710240
-0.383518 0.727379
-0.385441 0.722919
-0.387617 0.718116
-0.390728 0.718488
-0.360037 0.777682
-0.357543 0.782810
-0.358846 0.786228
-0.356959 0.783818
-0.353022 0.792873
-0.356678 0.790795
-0.356120 0.785370
-0.357096 0.786965
-0.351316 0.796081
-0.354761 0.795497
-0.349759 0.798971
-0.351006 0.799358
-0.716426 0.220311
-0.709321 0.243494
-0.683323 0.291444
-0.683210 0.291560
-0.512803 0.657081
-0.512331 0.657630
-0.512183 0.657798
-0.500340 0.683957
-0.500288 0.684050
-0.499012 0.686261
-0.499797 0.689227
-0.499842 0.698876
-0.496746 0.690870
-0.497111 0.693573
-0.455190 0.780754
-0.455059 0.780951
-0.459350 0.783407
-0.454381 0.781830
-0.454341 0.781805
-0.806124 0.190806
-0.806103 0.194850
-0.803798 0.203397
-0.783215 0.239881
-0.739159 0.334489
-0.740581 0.331053
-0.743564 0.338032
-0.582549 0.670462
-0.582202 0.670951
-0.580423 0.674362
-0.580281 0.674492
-0.583014 0.674336
-0.572602 0.691667
-0.574977 0.686650
-0.571920 0.693143
-0.568058 0.701405
-0.568792 0.699813
-0.569038 0.700722
-0.564135 0.709894
-0.563502 0.710810
-0.564972 0.714033
-0.561184 0.715534
-0.562952 0.718683
-0.561732 0.723726
-0.526738 0.789912
-0.529695 0.783643
-0.524467 0.795078
-0.526667 0.790073
-0.519066 0.806691
-0.522246 0.807156
-0.516817 0.811214
-0.519996 0.811685
-0.514568 0.815753
-0.517748 0.816230
-0.512319 0.820309
-0.515498 0.820792
-0.781825 0.420554
-0.782794 0.418032
-0.785128 0.426354
-0.683207 0.644964
-0.675047 0.649517
-0.678987 0.648578
-0.673702 0.651870
-0.673588 0.652083
-0.673937 0.651826
-0.768706 0.670633
-0.769071 0.669743
-0.765228 0.678157
-0.767060 0.678484
-0.766850 0.674213
-0.768929 0.675309
-0.761088 0.687004
-0.762374 0.684155
-0.765017 0.677775
-0.768196 0.680574
-0.737187 0.738075
-0.738337 0.735195
-0.741502 0.741085
-0.739161 0.733165
-0.742145 0.737356
0.885792 0.150075
0.861436 0.290046
0.860835 0.299693
0.766308 0.500329
0.766225 0.500033
0.766314 0.500908
0.765323 0.510998
0.765724 0.506784
0.774888 0.518784
0.773165 0.515033
0.767815 0.515429
0.778193 0.526028
0.780525 0.531061
0.780473 0.530623
0.778536 0.526241
0.777289 0.526239
0.805305 0.584157
0.807890 0.589369
0.805608 0.584558
0.800504 0.584345
0.808434 0.590501
0.808474 0.590549
0.807770 0.590577
0.822728 0.621599
0.822802 0.621690
0.822213 0.622357
0.823296 0.622179
0.820668 0.628656
0.821924 0.624053
0.714803 0.597261
0.714829 0.597211
0.714285 0.598159
0.718423 0.604560
0.716779 0.601025
0.711755 0.604920
0.720289 0.608619
0.722877 0.613992
0.720609 0.616012
0.698622 0.636080
0.698658 0.636128
0.697545 0.636392
0.631985 0.734367
0.633455 0.732963
0.627621 0.732351
0.631318 0.728107
0.628141 0.728093
0.638592 0.744469
0.636232 0.739130
0.635351 0.737182
0.634639 0.738704
0.582438 0.757138
0.584336 0.760966
0.582395 0.756978
0.582083 0.757630
0.584874 0.762073
0.580779 0.767871
0.584876 0.762055
0.596948 0.800380
0.600149 0.808516
0.611635 0.818943
0.612743 0.821449
0.482429 0.809165
0.479250 0.809631
0.484678 0.813689
0.481498 0.814161
0.486927 0.818231
0.483748 0.818708
0.489176 0.822787
0.485996 0.823271
0.349905 0.806068
0.352153 0.810592
0.354402 0.815132
0.356651 0.819689
0.257703 0.807992
0.263131 0.812049
0.259951 0.812520
0.265380 0.816588
0.262201 0.817065
0.267629 0.821143
0.264449 0.821625
0.171162 0.807278
0.173412 0.811810
0.175660 0.816357
0.177910 0.820922
0.073534 0.805149
0.075782 0.809675
0.078031 0.814216
0.080280 0.818774
-0.070313 0.807329
-0.073492 0.807795
-0.068063 0.811855
-0.071243 0.812328
-0.065815 0.816399
-0.068994 0.816877
-0.063565 0.820958
-0.066745 0.821443
-0.186646 0.809200
-0.191050 0.807354
-0.188556 0.804773
-0.190211 0.800887
-0.355578 0.728081
-0.359994 0.727457
-0.356982 0.724673
-0.360888 0.723818
-0.359299 0.719445
-0.359744 0.719263
-0.350314 0.739462
-0.349923 0.740056
-0.349192 0.741264
-0.352224 0.744621
-0.346729 0.746337
-0.320022 0.804390
-0.319634 0.804704
-0.319675 0.804521
-0.321080 0.804632
-0.804804 0.213495
-0.789860 0.240460
-0.746308 0.333558
-0.752141 0.332403
-0.744144 0.338485
-0.744348 0.338018
-0.744532 0.338483
-0.588669 0.671636
-0.588547 0.671845
-0.589549 0.671774
-0.567430 0.717659
-0.565088 0.722413
-0.568958 0.725523
-0.562888 0.726841
-0.564034 0.728813
-0.562871 0.741952
-0.561415 0.737217
-0.559578 0.733741
-0.560363 0.732067
-0.560544 0.732789
-0.557402 0.738340
-0.561511 0.742860
-0.532836 0.791668
-0.534899 0.787397
-0.538202 0.789758
-0.529483 0.799012
-0.532229 0.792952
-0.528413 0.801296
-0.530637 0.801435
-0.525425 0.807623
-0.523176 0.812158
-0.520927 0.816709
-0.518678 0.821278
-0.779720 0.410163
-0.781799 0.415177
-0.673193 0.649930
-0.666163 0.653781
-0.665012 0.655882
-0.668428 0.653282
-0.664620 0.656608
-0.809899 0.449053
-0.810245 0.448136
-0.811259 0.457797
-0.811712 0.453981
-0.805480 0.464736
-0.800718 0.468568
-0.800456 0.469033
-0.801480 0.468451
-0.790607 0.490344
-0.794832 0.494243
-0.790268 0.490742
-0.773905 0.534161
-0.769648 0.541809
-0.772610 0.539147
-0.767796 0.546525
-0.770968 0.543994
-0.762640 0.553748
-0.766172 0.551371
-0.758324 0.561367
-0.761360 0.558746
-0.752582 0.571906
-0.754279 0.568384
-0.757014 0.566341
-0.751584 0.573996
-0.751973 0.573616
-0.755400 0.571197
-0.748964 0.579438
-0.750198 0.578387
-0.746394 0.584768
0.881153 0.167557
0.854595 0.304903
0.816691 0.430980
0.817162 0.431738
0.812472 0.435284
0.773148 0.485439
0.772097 0.482773
0.768840 0.490104
0.825720 0.598369
0.824619 0.595576
0.820769 0.594139
0.817449 0.591673
0.827762 0.602819
0.827927 0.602814
0.827318 0.610345
0.826926 0.606488
0.827372 0.611895
0.692417 0.637592
0.692569 0.637772
0.645327 0.698988
0.650779 0.711098
0.648690 0.706328
0.646587 0.701738
0.644313 0.705317
0.651357 0.712363
0.650442 0.712081
0.645252 0.710492
0.653748 0.717257
0.657948 0.726154
0.656739 0.723601
0.661890 0.734670
0.660045 0.730704
0.666493 0.745091
0.664647 0.740793
0.663510 0.738185
0.569475 0.773839
0.569622 0.774031
0.570245 0.774799
0.570722 0.775707
0.450713 0.807731
0.456141 0.811786
0.452962 0.812255
0.458390 0.816321
0.455211 0.816796
0.460639 0.820871
0.457460 0.821352
0.462888 0.825438
0.418997 0.806297
0.421245 0.810821
0.423495 0.815362
0.425744 0.819917
0.344244 0.808706
0.341065 0.809171
0.346493 0.813231
0.343313 0.813703
0.348741 0.817773
0.345562 0.818250
0.350991 0.822330
0.347811 0.822814
0.240256 0.807508
0.242504 0.812039
0.244754 0.816586
0.247002 0.821150
0.122697 0.807068
0.119518 0.807533
0.124946 0.811590
0.121766 0.812062
0.127195 0.816130
0.124016 0.816607
0.129444 0.820686
0.126264 0.821169
0.027317 0.809458
0.029566 0.813992
0.031815 0.818541
0.034064 0.823106
-0.078921 0.803741
-0.076672 0.808264
-0.074423 0.812803
-0.072174 0.817358
-0.153673 0.806150
-0.151425 0.810673
-0.149175 0.815214
-0.146927 0.819770
-0.150106 0.820253
-0.385236 0.706307
-0.373753 0.718382
-0.376264 0.712755
-0.377519 0.709894
-0.378596 0.712829
-0.371461 0.723582
-0.371977 0.722394
-0.374023 0.724362
-0.358691 0.750957
-0.359220 0.751932
-0.356571 0.755178
-0.357370 0.756648
-0.352176 0.764230
-0.354150 0.760146
-0.354619 0.760961
-0.351658 0.765296
-0.340749 0.802628
-0.332808 0.806402
-0.333196 0.805352
-0.334406 0.805251
-0.334542 0.802088
-0.339234 0.803481
-0.752043 0.066223
-0.660936 0.250433
-0.666281 0.248267
-0.651604 0.270407
-0.426320 0.753496
-0.427912 0.749742
-0.424348 0.758046
-0.425065 0.756398
-0.429110 0.755638
-0.769572 0.246748
-0.764118 0.251046
-0.729894 0.324485
-0.570568 0.676600
-0.566518 0.674684
-0.571766 0.673104
-0.564816 0.678547
-0.566013 0.680049
-0.566505 0.674481
-0.562804 0.682529
-0.511334 0.793618
-0.507933 0.800882
-0.508106 0.800531
-0.508223 0.800620
-0.505714 0.805406
-0.503271 0.810415
-0.501699 0.813475
-0.501433 0.813984
-0.501991 0.814489
-0.810904 0.461440
-0.810030 0.463269
-0.809774 0.463730
-0.810564 0.461986
-0.810493 0.463031
-0.795435 0.494941
-0.794018 0.497532
-0.779578 0.528885
-0.777422 0.533197
-0.775033 0.538096
0.888051 0.129870
0.876017 0.202951
0.875394 0.204713
0.875796 0.214146
0.817434 0.388010
0.818480 0.390408
0.816988 0.389082
0.818182 0.398151
0.807046 0.439944
0.808957 0.443661
0.806755 0.447579
0.808903 0.443404
0.729465 0.569457
0.728249 0.566435
0.746500 0.605544
0.750090 0.613353
0.749124 0.611250
0.752645 0.618872
0.753050 0.619355
0.747773 0.618567
0.638718 0.714353
0.635328 0.715123
0.648251 0.735259
0.642838 0.734882
0.645939 0.730037
0.643988 0.730317
0.652159 0.743714
0.649605 0.738104
0.643889 0.739985
0.654536 0.749089
0.654227 0.748404
0.652724 0.749535
0.525234 0.812016
0.527253 0.815994
0.527752 0.816694
0.527590 0.819099
0.312528 0.807272
0.317956 0.811328
0.314777 0.811797
0.320205 0.815862
0.317026 0.816338
0.322453 0.820414
0.319274 0.820895
0.324703 0.824981
0.234595 0.810147
0.231415 0.810615
0.236844 0.814679
0.233664 0.815154
0.239093 0.819227
0.235913 0.819708
0.241342 0.823792
0.130607 0.808951
0.132856 0.813490
0.135105 0.818044
0.082141 0.808738
0.084390 0.813267
0.086639 0.817813
0.088888 0.822375
-0.050384 0.805639
-0.048135 0.810169
-0.045885 0.814715
-0.043637 0.819277
-0.180469 0.807601
-0.181999 0.803948
-0.184053 0.799259
-0.260297 0.769656
-0.259301 0.771908
-0.260615 0.768707
-0.260696 0.768285
-0.406508 0.706858
-0.402463 0.715584
-0.403125 0.714178
-0.394281 0.733777
-0.396731 0.728261
-0.398823 0.723487
-0.399887 0.721115
-0.394246 0.733858
-0.394623 0.733966
-0.766488 0.083425
-0.696861 0.237686
-0.691773 0.243706
-0.694512 0.242186
-0.672999 0.283747
-0.502975 0.660293
-0.504772 0.657077
-0.500750 0.664829
-0.499682 0.660303
-0.497426 0.674485
-0.444236 0.774740
-0.444460 0.773918
-0.444416 0.773800
-0.767792 0.332093
-0.767835 0.331741
-0.758413 0.354587
-0.610600 0.669385
-0.607891 0.674990
-0.608010 0.674742
-0.608398 0.674972
-0.602687 0.686061
-0.605180 0.680691
-0.601834 0.687892
-0.598507 0.695042
-0.599224 0.695537
-0.596261 0.699587
-0.596469 0.699850
-0.578655 0.737985
-0.580886 0.733213
-0.566022 0.764609
-0.567419 0.761249
-0.560628 0.776642
-0.561793 0.773711
-0.563234 0.770520
-0.568179 0.770819
-0.557320 0.789037
-0.552538 0.793711
-0.554547 0.793328
-0.549843 0.799334
-0.555800 0.799513
-0.547903 0.803144
-0.553844 0.804218
-0.785536 0.427120
-0.684727 0.643661
-0.691948 0.639407
-0.684142 0.644740
-0.688101 0.643205
-0.682547 0.647702
-0.684413 0.647096
-0.775712 0.685039
-0.774873 0.686576
-0.778820 0.689548
-0.772535 0.691347
-0.775658 0.693673
-0.748613 0.743142
-0.750031 0.739720
