3.445678 0.861562
3.444138 0.858507
3.427520 0.867513
3.432035 0.863068
3.437450 0.861429
3.419622 0.869956
3.395705 0.871524
3.407831 0.872934
3.380513 0.867668
3.388921 0.871041
3.376051 0.871159
3.369934 0.870985
3.357831 0.875674
3.356302 0.875720
3.345869 0.885149
3.260840 0.882777
3.254776 0.881571
3.235059 0.879520
3.243002 0.882598
3.229914 0.882032
3.229005 0.881493
3.201692 0.877216
3.195120 0.875856
3.209291 0.880303
3.216890 0.882850
3.212378 0.888030
3.202076 0.879553
3.197118 0.876648
3.204779 0.885469
3.336401 0.895845
3.330837 0.898626
3.324915 0.904008
3.336301 0.903045
3.331226 0.907317
3.330712 0.909130
3.311381 0.902054
3.318321 0.907324
3.304563 0.900797
3.310989 0.905546
3.283667 0.899080
3.268439 0.885599
3.269186 0.891281
3.292794 0.901669
3.297315 0.898777
3.291185 0.899697
3.286756 0.907627
3.274302 0.910910
3.279167 0.907647
3.273113 0.909298
3.251809 0.891467
3.262381 0.886282
3.265502 0.903139
3.259434 0.901108
3.260986 0.907395
3.268594 0.912539
3.169850 0.874041
3.163290 0.875541
3.152117 0.883327
3.183504 0.875418
3.146147 0.886189
3.139604 0.888858
3.127490 0.890345
3.121233 0.892752
3.128846 0.888852
3.134745 0.890859
3.122137 0.891789
3.120762 0.894841
3.121043 0.898580
3.122900 0.907129
3.120208 0.909016
3.050605 0.886351
3.036195 0.881396
3.063834 0.891701
3.054759 0.887824
3.049303 0.886054
3.015244 0.877043
3.021308 0.877896
3.036324 0.882070
3.022839 0.878958
3.028905 0.880212
3.030445 0.883150
3.010223 0.877442
3.079818 0.901874
3.071207 0.893961
3.077140 0.901132
3.080514 0.910335
3.083430 0.915188
3.087449 0.919506
3.123696 0.915895
3.121308 0.920535
3.116110 0.924441
3.115559 0.927155
3.110516 0.930860
3.104541 0.928609
3.097592 0.930140
3.086700 0.923440
3.090909 0.926347
3.089809 0.926685
3.103457 0.932081
2.997064 0.877274
2.984447 0.877559
3.002359 0.876795
2.971957 0.878860
2.976797 0.881359
2.963919 0.881449
2.958652 0.877615
2.946103 0.878733
2.951318 0.878616
2.938685 0.879466
2.919672 0.876805
2.912696 0.875178
2.931337 0.876692
2.918223 0.876429
2.899669 0.874800
2.904563 0.873475
2.891323 0.872690
2.886095 0.872723
2.878790 0.872417
2.873103 0.872458
2.871865 0.872388
2.858825 0.871975
2.853011 0.870050
2.840405 0.871117
2.833301 0.869828
2.820127 0.868266
2.828282 0.869827
2.860178 0.872402
2.807527 0.868496
2.800788 0.868335
2.815200 0.869280
2.774160 0.866188
2.762047 0.868101
2.789352 0.870363
2.787820 0.869036
2.775606 0.866551
2.763232 0.868214
2.752732 0.866378
2.755971 0.869444
2.742332 0.866869
2.730216 0.867863
2.728684 0.866922
2.756893 0.868572
2.717536 0.866587
2.721232 0.866364
2.710498 0.865804
2.709622 0.865799
2.697814 0.869205
2.686281 0.872214
2.690807 0.870564
2.678701 0.874600
2.673654 0.874349
2.654469 0.877112
2.662060 0.877796
2.666585 0.875851
2.648290 0.879497
2.637608 0.886421
2.630266 0.887237
2.626188 0.891062
2.593183 0.888758
2.618476 0.890876
2.612680 0.892922
2.579875 0.887503
2.585297 0.888047
2.573408 0.887461
2.560268 0.886734
2.572336 0.887882
2.566253 0.889031
2.547394 0.886837
2.534878 0.888057
2.521879 0.887768
2.527434 0.888724
2.508491 0.886267
2.501702 0.885222
2.507870 0.888094
2.494340 0.886166
2.481232 0.885541
2.474486 0.884638
2.456395 0.881076
2.448834 0.881364
2.436202 0.879596
2.435024 0.878563
2.430367 0.880410
2.428889 0.879551
2.410442 0.882083
2.416499 0.881214
2.411984 0.886035
2.414387 0.891855
2.461985 0.883062
2.409421 0.882999
2.403057 0.882612
2.402839 0.882604
2.384682 0.884729
2.404390 0.884410
2.405937 0.889537
2.398338 0.886656
2.399886 0.891826
2.407487 0.895195
2.401434 0.897283
2.393831 0.893059
2.392284 0.888482
2.387776 0.894721
2.378080 0.882089
2.372554 0.882905
2.377211 0.883177
2.357818 0.883077
2.364959 0.881175
2.352938 0.884181
2.379804 0.887456
2.283172 0.895354
2.289528 0.895208
2.277612 0.894507
2.264989 0.894695
2.270008 0.894715
2.257735 0.896674
2.244865 0.896789
2.239136 0.895555
2.219312 0.890086
2.233156 0.893944
2.199456 0.888541
2.186499 0.888384
2.231342 0.894885
2.224555 0.893408
2.211899 0.888970
2.185111 0.887829
2.173941 0.889475
2.161661 0.891428
2.155180 0.891341
2.128524 0.887284
2.128057 0.887259
2.136170 0.892439
2.172376 0.888362
2.148266 0.896016
2.146722 0.891652
2.149144 0.896378
2.133055 0.886851
2.140667 0.893244
2.143633 0.899311
2.138338 0.895645
2.142215 0.898378
2.339202 0.884491
2.340707 0.886283
2.333749 0.884715
2.327793 0.886259
2.327392 0.888772
2.322290 0.892965
2.315998 0.893468
2.303690 0.891596
2.296812 0.893122
2.303456 0.898367
2.284704 0.896331
2.114771 0.886076
2.095145 0.881648
2.096698 0.888295
2.101826 0.885960
2.094661 0.883747
2.087840 0.882602
2.066798 0.877388
2.081491 0.880316
2.080384 0.879495
2.075430 0.879996
2.083036 0.884940
2.067835 0.878475
2.053823 0.877179
2.040836 0.876929
2.029420 0.877801
2.028496 0.878687
2.022400 0.879789
2.010242 0.879997
2.009790 0.880712
2.003736 0.881952
2.005283 0.883029
2.003661 0.885500
1.992072 0.883032
1.990684 0.885283
1.978973 0.881478
1.972358 0.881666
1.983471 0.882484
1.977887 0.881843
1.946258 0.880077
1.958705 0.880483
1.951589 0.880340
1.945056 0.880465
1.932933 0.879767
1.913227 0.880627
1.919673 0.881427
1.904230 0.874371
1.892389 0.873099
1.885530 0.871839
1.891548 0.874276
1.882122 0.882688
1.884669 0.887290
1.889014 0.888081
1.887987 0.887004
1.891878 0.889628
1.891472 0.898640
1.901205 0.903102
1.904347 0.906242
1.895050 0.899221
1.898186 0.902790
1.908341 0.909240
1.914601 0.916899
1.916528 0.926782
1.918709 0.924997
1.918445 0.930146
1.911743 0.941758
1.913048 0.943538
1.908255 0.944967
1.908152 0.948376
1.758860 0.886822
1.866640 0.871803
1.866783 0.875602
1.873786 0.874538
1.879844 0.873811
1.879662 0.873659
1.873230 0.873724
1.872199 0.875788
1.879013 0.875425
1.873359 0.877895
1.874416 0.881170
1.873814 0.882073
1.860137 0.874419
1.866116 0.875456
1.866262 0.872129
1.867742 0.879035
1.861688 0.880486
1.855619 0.878163
1.856351 0.879030
1.854270 0.874968
1.856244 0.884855
1.862171 0.886999
1.881005 0.877837
1.881570 0.879598
1.875266 0.880063
1.880971 0.881485
1.868543 0.882971
1.856657 0.889905
1.833817 0.875356
1.840426 0.873980
1.841961 0.875816
1.828307 0.874303
1.819222 0.876361
1.821362 0.876751
1.829847 0.877395
1.824167 0.897023
1.851853 0.895021
1.852717 0.901467
1.849530 0.903409
1.844986 0.911922
1.842168 0.916665
1.843414 0.922498
1.884457 0.954985
1.896387 0.955679
1.883981 0.957235
1.876864 0.955174
1.843607 0.930060
1.846822 0.935016
1.853553 0.943399
1.863588 0.951211
1.855987 0.947779
1.816207 0.879679
1.815376 0.880952
1.817757 0.885483
1.816560 0.890961
1.814169 0.894519
1.820574 0.888823
1.820525 0.899068
1.821254 0.903960
1.816250 0.908468
1.820507 0.905428
1.815611 0.910243
1.810849 0.911753
1.804264 0.913043
1.808789 0.911132
1.796676 0.913306
1.761713 0.892752
1.764942 0.895045
1.762171 0.890497
1.761737 0.898893
1.764404 0.900285
1.763305 0.909518
1.785251 0.916162
1.765824 0.905140
1.772588 0.913184
1.771040 0.915897
1.772895 0.917875
1.766196 0.912641
1.757283 0.883909
1.747292 0.883476
1.758215 0.887496
1.752773 0.884184
1.757832 0.886281
1.746952 0.886148
1.740974 0.883897
1.733535 0.884562
1.740042 0.888500
1.759311 0.892410
1.760799 0.899705
1.758048 0.895170
1.760810 0.904813
1.720504 0.884174
1.713400 0.885117
1.708434 0.886775
1.728331 0.886292
1.635342 0.880245
1.688918 0.887663
1.694975 0.886701
1.684411 0.894347
1.675260 0.885157
1.676807 0.890289
1.672301 0.896870
1.697448 0.892766
1.679902 0.900410
1.663133 0.883547
1.662054 0.881522
1.655024 0.881241
1.649476 0.881127
1.648545 0.881163
1.623329 0.879264
1.614378 0.877205
1.628232 0.879604
1.603985 0.878005
1.602457 0.878214
1.588629 0.876051
1.582740 0.876127
1.591872 0.880001
1.565519 0.880106
1.558515 0.880265
1.546395 0.880454
1.546296 0.880532
1.570633 0.879606
1.545123 0.880643
1.550923 0.879544
1.532314 0.880947
1.540335 0.880548
1.539762 0.880280
1.525508 0.879854
1.519097 0.880436
1.527205 0.881372
1.520633 0.882185
1.481220 0.883691
1.506987 0.883115
1.501489 0.885423
1.508520 0.884303
1.482758 0.886299
1.488820 0.886955
1.476705 0.888184
1.475165 0.885365
1.470082 0.888096
1.463058 0.888687
1.456947 0.891147
1.439462 0.893226
1.432297 0.891005
1.444909 0.893842
1.430994 0.890716
1.425173 0.889830
1.418184 0.891016
1.413141 0.891643
1.405469 0.891414
1.400106 0.891244
1.361930 0.892940
1.351330 0.893749
1.343569 0.896063
1.341817 0.893405
1.335921 0.892332
1.309981 0.891815
1.297758 0.894068
1.284886 0.894175
1.278779 0.895260
1.216064 0.903474
1.386011 0.891306
1.372823 0.890438
1.366803 0.891780
1.353933 0.892033
1.328482 0.893019
1.316057 0.895889
1.303873 0.896756
1.284758 0.897519
1.278684 0.898695
1.275879 0.901387
1.272936 0.900893
1.274215 0.906837
1.273824 0.907402
1.267920 0.905377
1.268817 0.911904
1.262762 0.913147
1.256510 0.913775
1.267641 0.913376
1.242273 0.905895
1.240802 0.908836
1.247927 0.912338
1.235211 0.903994
1.228885 0.904393
1.228189 0.904296
1.214101 0.898648
1.206838 0.899802
1.208474 0.902831
1.219394 0.902671
1.201719 0.903929
1.195285 0.903993
1.185379 0.908318
1.185936 0.909494
1.182501 0.914002
1.180271 0.917528
1.183010 0.917732
1.174442 0.923200
1.155893 0.925733
1.148923 0.924118
1.174727 0.924513
1.167665 0.925122
1.167302 0.924816
1.154919 0.926441
1.148595 0.926848
1.120780 0.916867
1.135727 0.923217
1.124642 0.920688
1.134701 0.923783
1.105416 0.908024
1.110070 0.914751
1.100898 0.911895
1.093298 0.908525
1.088776 0.911551
1.087394 0.909637
1.040598 0.904597
1.020499 0.902688
1.081175 0.908261
1.073871 0.907718
1.060391 0.905940
1.053649 0.905047
1.042358 0.906330
1.028971 0.904831
1.008387 0.905138
0.990993 0.910880
0.996280 0.908365
0.990315 0.912271
1.016926 0.907525
1.009924 0.907463
0.997811 0.909439
0.984538 0.914635
0.979256 0.922042
0.959914 0.914584
0.958406 0.913039
0.973016 0.918934
0.966860 0.919858
0.966879 0.923679
0.938673 0.906446
0.932608 0.905266
0.952338 0.910792
0.951174 0.911239
0.944741 0.908862
0.923484 0.903422
0.905307 0.904372
0.911877 0.905675
0.919702 0.906198
0.925019 0.905121
0.906840 0.905464
0.900361 0.906259
0.879925 0.900284
0.879532 0.902966
0.884189 0.904517
0.872239 0.899065
0.870938 0.898808
0.859454 0.899445
0.867407 0.901813
0.845510 0.900004
0.847695 0.901153
0.841649 0.904895
0.788566 0.900809
0.794623 0.899689
0.781114 0.900433
0.776276 0.902255
0.828128 0.901912
0.834058 0.904093
0.826896 0.902309
0.814331 0.899422
0.807390 0.898086
0.807179 0.901205
0.835596 0.906746
0.836633 0.908775
0.795887 0.902452
0.789892 0.903882
0.894044 0.910422
0.884245 0.909621
0.888849 0.914341
0.887898 0.914005
0.887153 0.911368
0.894115 0.914405
0.877749 0.907168
0.769067 0.903088
0.764929 0.906539
0.756748 0.904011
0.745729 0.910771
0.744946 0.911154
0.739381 0.911100
0.725829 0.909098
0.739058 0.913861
0.718611 0.910503
0.699146 0.903464
0.684427 0.897009
0.712314 0.907208
0.684679 0.901570
0.673370 0.901538
0.678683 0.899213
0.659723 0.902041
0.713994 0.908702
0.623769 0.909086
0.616890 0.907757
0.552273 0.907497
0.520322 0.908481
0.514175 0.909441
0.500359 0.906598
0.488821 0.904602
0.472684 0.897061
0.466251 0.897128
0.459848 0.897282
0.466298 0.901013
0.460188 0.902078
0.447727 0.899738
0.441441 0.900929
0.447799 0.903691
0.427858 0.901883
0.414132 0.897793
0.421729 0.900113
0.647611 0.904295
0.640952 0.908071
0.627912 0.907178
0.629457 0.911620
0.615788 0.906186
0.609733 0.907551
0.622315 0.908291
0.623803 0.912919
0.596086 0.908344
0.597621 0.909871
0.590267 0.908973
0.584874 0.912270
0.588035 0.912452
0.585233 0.917145
0.578630 0.912923
0.572725 0.918384
0.566163 0.914291
0.565007 0.917137
0.563179 0.912405
0.565821 0.917701
0.570208 0.919912
0.556665 0.907629
0.559040 0.912204
0.544544 0.907444
0.532419 0.906297
0.531323 0.906294
0.543003 0.904147
0.518154 0.905483
0.512711 0.906648
0.505121 0.906158
0.497329 0.901564
0.483853 0.898224
0.492997 0.905273
0.471737 0.899511
0.452660 0.902514
0.439379 0.901362
0.420197 0.899222
0.232722 0.893366
0.232761 0.897242
0.219489 0.892352
0.214027 0.895555
0.219343 0.895660
0.208273 0.891483
0.199410 0.893293
0.206251 0.895087
0.199071 0.892840
0.180646 0.889721
0.186301 0.889487
0.179167 0.887378
0.186591 0.894159
0.179781 0.890894
0.406881 0.896864
0.394254 0.897730
0.395958 0.899711
0.389052 0.895560
0.387685 0.897372
0.376240 0.897604
0.374702 0.894967
0.374000 0.894964
0.368648 0.896722
0.356795 0.897914
0.350478 0.899251
0.343675 0.900986
0.339639 0.904323
0.338635 0.905386
0.333179 0.908496
0.318750 0.903464
0.316677 0.898764
0.326152 0.906708
0.304547 0.899721
0.367113 0.894756
0.343999 0.902136
0.344438 0.904866
0.349579 0.906100
0.345220 0.909545
0.345162 0.910832
0.340011 0.913169
0.340247 0.916927
0.324735 0.906563
0.333756 0.914029
0.332715 0.914561
0.339727 0.917033
0.326747 0.912300
0.330238 0.913860
0.323834 0.906233
0.325054 0.911099
0.320855 0.901741
0.292227 0.901543
0.280023 0.900002
0.291364 0.903107
0.279076 0.904555
0.259203 0.895445
0.268906 0.899617
0.273731 0.904232
0.259528 0.901399
0.266224 0.904723
0.253447 0.896138
0.252459 0.894540
0.239792 0.894363
0.245866 0.894102
0.239350 0.893908
0.246771 0.900669
0.245874 0.900155
0.239808 0.898457
0.239892 0.899346
0.167837 0.892273
0.167015 0.894234
0.162480 0.893422
0.154889 0.892908
0.142773 0.894065
0.137329 0.890600
0.141801 0.895349
0.149842 0.896526
0.128886 0.887817
0.135160 0.887552
0.134544 0.889086
0.134543 0.892862
0.128989 0.891877
0.127995 0.892506
0.128609 0.894465
0.128047 0.896306
0.130371 0.906073
0.127900 0.905265
0.097162 0.897008
0.123028 0.889677
0.123835 0.895923
0.122131 0.898843
0.124094 0.902227
0.126836 0.909019
0.125797 0.909525
0.101586 0.906830
0.101517 0.910560
0.104917 0.903116
0.110756 0.903651
0.106466 0.908623
0.112525 0.908355
0.106476 0.911204
0.114071 0.913128
0.101949 0.912530
0.107776 0.914483
0.119263 0.913056
0.113018 0.913698
0.105962 0.911839
0.101027 0.914559
0.106489 0.914530
0.107528 0.916680
0.101973 0.919062
0.101202 0.917074
0.101752 0.919516
0.092789 0.901319
0.091247 0.897567
0.085203 0.901894
0.090211 0.904023
0.087194 0.906143
0.080697 0.908785
0.081834 0.909554
0.080992 0.911053
0.103605 0.924538
0.103522 0.924581
0.042651 0.881386
0.047155 0.883422
0.044193 0.884933
0.049235 0.888101
0.028868 0.881593
0.031468 0.885894
0.030543 0.884700
0.044976 0.890313
0.045742 0.890553
0.049454 0.893175
0.046247 0.898969
0.035199 0.903729
0.046614 0.892464
0.042094 0.898483
0.033658 0.900179
0.039424 0.901855
0.033147 0.902398
0.041258 0.903241
0.041113 0.903318
0.022942 0.881474
0.016881 0.881176
0.010830 0.883619
0.015901 0.881406
0.009923 0.882875
0.024484 0.885176
0.018429 0.886707
0.012379 0.889063
0.025054 0.886015
0.021757 0.889928
0.019974 0.891051
0.013929 0.894931
0.028627 0.900896
0.016567 0.899910
0.010554 0.894692
0.021543 0.901701
0.017471 0.898388
-0.001278 0.887140
0.004779 0.886150
0.004413 0.885794
-0.001700 0.886850
-0.000738 0.889830
0.005400 0.892635
-0.000930 0.893017
-0.007325 0.890604
-0.006743 0.894996
-0.009563 0.893682
0.006325 0.890860
0.002798 0.892456
0.006338 0.894192
0.007868 0.894934
0.008578 0.898745
0.005076 0.897121
0.007881 0.898148
0.006351 0.897960
0.068600 0.914983
0.062559 0.920321
0.066295 0.921630
0.073641 0.921478
0.068095 0.926389
0.069115 0.929981
0.064737 0.925765
0.070688 0.931000
0.073201 0.939402
0.068388 0.933955
0.072614 0.943310
0.068770 0.946339
0.067310 0.943369
0.065301 0.948612
0.068785 0.950411
0.073593 0.948241
0.070533 0.952659
0.072087 0.958196
0.074220 0.960833
0.070963 0.965319
0.070934 0.966627
0.070873 0.971779
0.065215 0.981856
0.070331 0.974379
0.065860 0.980390
0.061595 0.986380
0.058410 0.992170
0.065292 0.989433
0.064707 0.990387
0.064469 0.993466
0.065314 0.998357
0.059366 0.995758
0.059257 1.000914
0.061328 1.003695
0.056062 1.007385
0.059969 1.001911
0.050601 1.014224
0.045251 1.017658
0.047762 1.019785
0.040139 1.021834
0.038864 1.023231
0.032206 1.024765
0.027879 1.027588
0.016178 1.030386
0.020843 1.029543
0.009244 1.033596
0.003835 1.033103
-0.008606 1.034559
-0.015461 1.033302
-0.004308 1.034210
-0.017179 1.030503
-0.017686 1.030136
-0.011085 1.034377
