3.386063 0.656884
3.387902 0.648923
3.389159 0.647262
3.395016 0.646467
3.392382 0.641402
3.390406 0.641246
3.402316 0.634233
3.402977 0.634214
3.404404 0.628251
3.396789 0.635441
3.396437 0.628760
3.398347 0.627734
3.475488 0.634311
3.476081 0.628305
3.470445 0.626031
3.462478 0.630245
3.455846 0.630744
3.467489 0.623639
3.462741 0.625189
3.456252 0.625286
3.463561 0.620140
3.476546 0.622674
3.471158 0.618639
3.477223 0.616818
3.471575 0.614195
3.467682 0.614690
3.464320 0.616445
3.449810 0.629365
3.450672 0.624934
3.449896 0.624582
3.443845 0.622162
3.439325 0.619878
3.456016 0.616928
3.452917 0.616569
3.433277 0.616300
3.425677 0.618927
3.419608 0.622181
3.420027 0.619509
3.419358 0.620153
3.418072 0.623202
3.421163 0.615043
3.401040 0.625016
3.413551 0.621236
3.412013 0.623176
3.413564 0.617125
3.405958 0.621876
3.405709 0.616885
3.407508 0.616196
3.415112 0.612575
3.409065 0.608929
3.396619 0.606241
3.354240 0.655353
3.348302 0.651706
3.348235 0.651566
3.380007 0.655945
3.373957 0.653181
3.380907 0.650442
3.382171 0.646902
3.374103 0.651423
3.381572 0.646016
3.362150 0.653084
3.361839 0.653155
3.365973 0.650135
3.363390 0.647340
3.370178 0.651120
3.367371 0.652205
3.367190 0.650568
3.367908 0.650125
3.362714 0.647165
3.363403 0.643149
3.369472 0.640428
3.383102 0.646514
3.377051 0.644348
3.377061 0.641281
3.379924 0.639312
3.377569 0.637389
3.377073 0.637346
3.370724 0.642830
3.374508 0.638315
3.355782 0.652424
3.357332 0.646856
3.356886 0.645417
3.358097 0.642051
3.357347 0.642464
3.349734 0.648948
3.344163 0.646325
3.351293 0.640723
3.343401 0.642706
3.345243 0.637779
3.342737 0.632708
3.303468 0.659098
3.297044 0.659014
3.291777 0.651352
3.340455 0.632907
3.299429 0.643658
3.292841 0.644029
3.293699 0.639720
3.340263 0.627640
3.334708 0.622284
3.333907 0.617492
3.335242 0.616430
3.337116 0.609095
3.328665 0.617273
3.330648 0.611212
3.328356 0.612086
3.330227 0.608511
3.381748 0.613445
3.382229 0.611358
3.389961 0.607801
3.365439 0.599841
3.363604 0.603176
3.357539 0.604872
3.351053 0.603963
3.357864 0.599326
3.359091 0.598928
3.366699 0.593920
3.345423 0.604431
3.365916 0.596427
3.363370 0.591350
3.365207 0.587310
3.360672 0.584108
3.332215 0.598178
3.325730 0.598815
3.328437 0.594132
3.342254 0.579485
3.336457 0.577256
3.356155 0.580958
3.351533 0.575806
3.344674 0.572716
3.344061 0.573386
3.338993 0.570572
3.331952 0.570658
3.325922 0.593670
3.301515 0.592362
3.307572 0.592724
3.308211 0.588774
3.302666 0.586222
3.304623 0.578699
3.318286 0.575052
3.324493 0.574996
3.325894 0.570132
3.286922 0.642544
3.286101 0.641757
3.289048 0.641026
3.287335 0.637042
3.286107 0.639879
3.279910 0.639756
3.279275 0.639223
3.246384 0.647597
3.240600 0.648292
3.253472 0.641499
3.245707 0.642274
3.253856 0.644753
3.255135 0.641200
3.257353 0.639798
3.248205 0.643966
3.287649 0.636643
3.234545 0.647082
3.228496 0.643528
3.233702 0.646963
3.227993 0.643388
3.227912 0.640776
3.222449 0.639956
3.178255 0.666019
3.178348 0.665922
3.179203 0.659318
3.204293 0.633113
3.184573 0.636145
3.191447 0.634463
3.217568 0.633618
3.211256 0.633221
3.165480 0.670259
3.170740 0.670653
3.170464 0.670047
3.164676 0.668175
3.172286 0.666595
3.157559 0.666820
3.153986 0.661968
3.152583 0.664218
3.149741 0.661022
3.173836 0.660941
3.175215 0.656475
3.170724 0.642601
3.176084 0.641324
3.170867 0.637856
3.170917 0.637560
3.164693 0.637074
3.165008 0.636194
3.158804 0.636210
3.157984 0.637783
3.157246 0.635204
3.148330 0.659751
3.149137 0.651925
3.149642 0.648096
3.149733 0.647143
3.143804 0.645675
3.150882 0.639598
3.144242 0.640117
3.131466 0.647454
3.132296 0.641777
3.133032 0.636743
3.138801 0.637284
3.133041 0.634158
3.131500 0.637016
3.126533 0.635495
3.178511 0.637135
3.177387 0.637673
3.103955 0.690246
3.106411 0.688969
3.103507 0.689784
3.096355 0.692544
3.096238 0.692060
3.091621 0.695246
3.089099 0.694784
3.089904 0.691723
3.101935 0.683767
3.097223 0.687525
3.103418 0.679436
3.105532 0.676402
3.106476 0.671014
3.114099 0.669558
3.117199 0.668393
3.083515 0.687223
3.080901 0.684506
3.079757 0.678208
3.085827 0.675176
3.081308 0.672438
3.099490 0.671191
3.105203 0.666401
3.094986 0.663824
3.108637 0.663991
3.102583 0.662309
3.087374 0.670523
3.090472 0.660030
3.119362 0.642776
3.120210 0.635128
3.108823 0.628367
3.278327 0.613135
3.268402 0.619255
3.266602 0.623537
3.272613 0.613132
3.274593 0.616032
3.264030 0.632046
3.268537 0.614696
3.280215 0.609836
3.284555 0.608640
3.283594 0.604082
3.284567 0.595278
3.287856 0.594704
3.289012 0.592639
3.295456 0.592140
3.297012 0.585187
3.299690 0.580104
3.216210 0.633076
3.203667 0.632051
3.211370 0.628554
3.209103 0.631152
3.191265 0.630627
3.113338 0.631929
3.104111 0.625660
3.101235 0.627619
3.102782 0.622812
3.090671 0.620621
3.089126 0.624504
3.096729 0.620850
3.083083 0.619454
3.078566 0.616283
3.177900 0.630016
3.178535 0.629916
3.109931 0.623462
2.885256 0.677800
2.893502 0.673290
2.891650 0.677572
2.885716 0.679642
2.887263 0.675207
2.888948 0.668088
2.881203 0.675308
2.873606 0.677144
2.867548 0.676754
2.869097 0.671291
2.855442 0.672900
2.843333 0.669534
2.841794 0.672043
2.824576 0.667005
2.836040 0.666694
2.823640 0.664384
2.815513 0.668402
2.952924 0.639075
2.995221 0.609622
2.989150 0.613251
2.958688 0.631264
2.964783 0.631690
2.966329 0.627561
2.955425 0.634928
2.972390 0.626901
2.973945 0.619804
3.067652 0.614588
3.072515 0.613801
3.070972 0.617331
3.063366 0.621730
3.060141 0.613979
3.058856 0.616216
3.052804 0.614176
3.040498 0.614755
3.034401 0.609407
3.034656 0.605011
3.034374 0.604304
3.015109 0.604883
3.010427 0.602689
2.998221 0.606642
3.002824 0.606056
2.931391 0.640954
2.930929 0.641033
2.924979 0.639617
2.919288 0.636454
2.894874 0.669030
2.898240 0.660577
2.891118 0.659505
2.900860 0.652073
2.910384 0.640467
2.900845 0.647690
2.912482 0.640636
2.913229 0.636188
2.945036 0.642912
2.944652 0.643085
2.938920 0.641078
2.932877 0.639939
2.926295 0.640291
2.795308 0.676645
2.794239 0.677840
2.788703 0.677833
2.805712 0.675361
2.803175 0.677027
2.810516 0.670206
2.803220 0.672558
2.773854 0.686834
2.777407 0.683954
2.776584 0.678299
2.768377 0.684086
2.765631 0.681783
2.768988 0.679541
2.770529 0.676820
2.769285 0.677222
2.765370 0.668392
2.784188 0.674187
2.778133 0.673282
2.771791 0.670202
2.766349 0.663036
2.761023 0.659892
2.758086 0.657840
2.766923 0.657106
2.761463 0.654319
2.756086 0.651316
2.750032 0.645856
2.743968 0.644766
2.730647 0.641603
2.731293 0.641731
2.729254 0.639390
2.732841 0.636837
2.725250 0.636554
2.719185 0.638345
2.705530 0.639726
2.711588 0.640184
2.707080 0.634225
2.713136 0.635204
2.701504 0.629905
2.726219 0.635919
2.728342 0.628170
2.720730 0.634581
2.714673 0.633723
2.702992 0.624351
2.676455 0.692239
2.678008 0.685770
2.679434 0.684361
2.662789 0.696949
2.663544 0.690413
2.671954 0.684263
2.672516 0.681415
2.674738 0.675228
2.668374 0.677717
2.673516 0.675098
2.676257 0.674789
2.677051 0.670324
2.677280 0.661382
2.673157 0.665232
2.676457 0.656857
2.658278 0.691780
2.656738 0.694236
2.655062 0.688853
2.650151 0.683577
2.659837 0.683747
2.654898 0.679838
2.643765 0.673414
2.653065 0.674918
2.642096 0.664123
2.641145 0.659348
2.637205 0.661482
2.639198 0.654604
2.644358 0.650953
2.646778 0.645818
2.645555 0.646791
2.639390 0.648435
2.634972 0.644842
2.680840 0.657450
2.673777 0.651755
2.673370 0.647303
2.672363 0.646464
2.665885 0.646531
2.691901 0.614936
2.685987 0.609945
2.661576 0.641770
2.653974 0.644915
2.653758 0.644346
2.661416 0.604575
2.646565 0.610224
2.648110 0.606602
2.617488 0.663355
2.603831 0.665265
2.611433 0.662247
2.605384 0.658976
2.619044 0.656203
2.625104 0.655843
2.632708 0.652154
2.634263 0.645108
2.626656 0.649887
2.628689 0.642260
2.612980 0.657512
2.609237 0.653699
2.606941 0.651363
2.614541 0.648624
2.597775 0.664191
2.593270 0.657445
2.600462 0.653326
2.580089 0.648576
2.602428 0.646940
2.596378 0.644261
2.582724 0.645133
2.580505 0.644035
2.577891 0.638973
2.578221 0.637710
2.582733 0.642261
2.583665 0.640253
2.576687 0.638175
2.578318 0.634391
2.578231 0.634399
2.635414 0.637163
2.629383 0.635982
2.624534 0.622842
2.623317 0.620355
2.623851 0.615848
2.622649 0.611248
2.640505 0.610497
2.637478 0.609366
2.627148 0.607469
2.628397 0.607409
2.641701 0.606589
2.673894 0.602183
2.660232 0.605299
2.634460 0.606335
2.636010 0.600926
2.199207 0.933985
2.169884 0.953574
2.187081 0.936418
2.194699 0.928323
2.195589 0.922819
2.172840 0.948209
2.174958 0.937520
2.176510 0.931521
2.162706 0.957302
2.159739 0.948505
2.164257 0.951631
2.150596 0.954567
2.144543 0.952612
2.153685 0.946965
2.146150 0.947729
2.042658 1.013679
2.048714 1.014576
2.024653 1.010987
2.030546 1.011662
2.016472 1.015836
2.010825 1.015123
2.012366 1.012262
2.013920 1.005724
2.014264 1.003955
2.111152 0.961725
2.077592 1.001496
2.071540 0.999070
2.085186 1.000623
2.084751 1.001032
2.086738 0.994291
2.087149 0.995802
2.091370 0.991963
2.092822 0.987273
2.079130 0.999664
2.075003 0.997938
2.080683 0.993118
2.076977 0.989316
2.073323 0.992560
2.088306 0.983510
2.081792 0.986937
2.082246 0.983966
2.076534 0.980251
2.076134 0.980370
2.077745 0.975830
2.083804 0.975856
2.093372 0.969762
2.095926 0.974772
2.101997 0.971258
2.105093 0.961815
2.124809 0.959760
2.123716 0.960660
2.130876 0.957508
2.133190 0.950133
2.112697 0.957739
2.120304 0.953283
2.127922 0.945154
2.133984 0.944439
2.129470 0.940208
2.108193 0.950762
2.094522 0.957094
2.069493 0.997167
2.070077 0.988290
2.068607 0.980289
2.061000 0.985003
2.051379 1.004118
2.045763 1.001186
2.052655 0.996219
2.048555 0.993302
2.054205 0.987554
2.056499 0.976976
2.070152 0.976096
2.065383 0.974368
2.071691 0.974187
2.057742 0.972415
2.027589 1.000048
2.033651 0.999295
2.035204 0.992876
2.042820 0.985622
2.030704 0.984790
2.021738 0.996763
2.024333 0.985188
2.020146 0.975943
2.045931 0.971483
2.033815 0.970394
1.865394 0.995812
1.857782 1.002319
1.860886 0.990183
1.866945 0.990164
1.824898 1.005753
1.832008 1.003591
1.851728 1.000704
1.853278 0.995131
1.827486 1.002056
1.841157 0.996020
1.835096 0.996139
1.787898 1.032009
1.781836 1.032663
1.784930 1.023687
1.793114 1.019328
1.797072 1.016877
1.763708 1.036289
1.774235 1.035605
1.769717 1.032897
1.775775 1.033235
1.767648 1.037219
1.771258 1.030339
1.813819 1.007142
1.802067 1.011995
1.807760 1.006805
1.800160 1.009328
1.821420 1.004146
1.792545 1.016689
1.786485 1.016862
1.785139 0.981375
1.778568 0.990942
1.773018 0.981889
1.779076 0.982201
1.772104 0.982267
1.779086 0.979416
1.773031 0.978037
1.780622 0.978209
1.780630 0.975688
1.774576 0.973904
2.004907 1.012060
1.998728 1.008574
2.006313 1.010383
1.999924 1.007943
2.007866 1.004071
2.007991 1.003449
1.994223 1.001831
1.994130 1.001763
1.990247 0.996406
1.995768 0.997661
1.995209 0.997080
1.989836 0.991710
1.977628 0.986227
1.971581 0.982258
1.953432 0.973303
2.009912 0.993748
2.010718 0.987150
2.010990 0.985777
2.002194 0.993773
2.004804 0.985649
2.004933 0.985035
1.997322 0.990948
1.985222 0.985506
1.992971 0.982661
1.991812 0.982893
2.012543 0.979391
2.006490 0.977463
1.994381 0.974808
1.980717 0.978823
1.973122 0.979860
1.967082 0.973920
1.973627 0.975160
1.967314 0.969604
1.962584 0.964919
1.956536 0.961551
1.976256 0.966577
1.977782 0.960237
1.963939 0.960576
1.958080 0.957872
1.935276 0.967061
1.894286 0.978257
1.917111 0.962780
1.903449 0.966244
1.950474 0.962059
1.948936 0.963892
1.936820 0.962974
1.932317 0.955797
1.945968 0.955751
1.924716 0.958910
1.918655 0.959008
1.906825 0.957863
1.899401 0.957356
1.874556 0.984138
1.876107 0.978363
1.879765 0.976532
1.888232 0.976382
1.863988 0.978697
1.891325 0.967667
1.892875 0.962394
1.879213 0.966083
1.883725 0.970638
1.886816 0.962551
1.875860 0.971201
1.741411 1.039960
1.729427 1.046053
1.730913 1.044049
1.720582 1.048389
1.716370 1.050360
1.713976 1.048816
1.701416 1.047547
1.658874 1.065002
1.646765 1.062281
1.654357 1.061516
1.642257 1.056137
1.640719 1.058022
1.634666 1.056018
1.683037 1.049074
1.675630 1.052529
1.668020 1.058169
1.690835 1.045747
1.689538 1.044953
1.689306 1.044579
1.684787 1.042282
1.683247 1.044603
1.683583 1.044555
1.679015 1.048101
1.678730 1.041771
1.655902 1.057784
1.649852 1.055204
1.637756 1.048333
1.645341 1.050284
1.639697 1.045487
1.755682 1.040480
1.749983 1.040426
1.742099 1.042360
1.754634 1.039076
1.759691 0.985230
1.766964 0.980230
1.753301 0.984168
1.766141 0.980895
1.766979 0.975845
1.758637 0.981653
1.751795 0.984919
1.759584 0.981183
1.759798 0.976257
1.768520 0.973071
1.762481 0.966761
1.746411 0.981922
1.740298 0.980967
1.746661 0.976899
1.739838 0.977934
1.737852 0.978075
1.741454 0.969081
1.750346 0.966771
1.742782 0.963588
1.752356 0.957938
1.745875 0.954727
1.714190 0.982488
1.708129 0.985032
1.733605 0.979834
1.732801 0.979574
1.731562 0.976911
1.729566 0.974904
1.723916 0.972675
1.733618 0.975986
1.734741 0.969810
1.729108 0.970550
1.729891 0.965309
1.709554 0.977237
1.716974 0.975301
1.710934 0.969529
1.736722 0.963713
1.724415 0.966923
1.732220 0.956032
1.726162 0.955567
1.727710 0.951081
1.718547 0.963067
1.720106 0.954824
1.714050 0.953394
1.721653 0.950253
1.671123 1.011271
1.658491 1.010506
1.652105 1.010313
1.687724 1.000195
1.680337 1.003424
1.671747 1.005183
1.680001 0.998975
1.678579 0.999787
1.678949 0.995832
1.685434 0.995374
1.672887 0.997010
1.674439 0.990592
1.689904 0.991610
1.688093 0.989672
1.696215 0.982269
1.683916 0.986112
1.675986 0.986169
1.659211 1.004599
1.668376 0.992014
1.660764 0.998334
1.653152 1.004282
1.654704 0.998631
1.669928 0.985999
1.702984 0.977029
1.699139 0.965418
1.691123 0.974120
1.706437 0.959962
1.631122 1.048737
1.630166 1.047774
1.610445 1.051351
1.604368 1.048501
1.611991 1.046683
1.612648 1.043382
1.605939 1.044900
1.598343 1.046115
1.599889 1.041843
1.593849 1.036186
1.587802 1.032285
1.587893 1.031768
1.581739 1.033567
1.574124 1.040624
1.633249 1.042107
1.625668 1.038890
1.632708 1.030824
1.627593 1.034484
1.628037 1.027783
1.619611 1.038019
1.621166 1.031113
1.621799 1.027178
1.607492 1.038366
1.613446 1.036821
1.608657 1.027833
1.633443 1.026378
1.629548 1.023559
1.638650 1.016200
1.631865 1.017951
1.628785 1.023019
1.626329 1.020898
1.622358 1.021293
1.619804 1.015339
1.615933 1.023606
1.608847 1.022984
1.623402 1.018364
1.625818 1.014330
1.619765 1.012432
1.617936 1.011270
1.617645 1.010311
1.613510 1.004943
1.601440 1.036067
1.602002 1.032724
1.595401 1.030053
1.595654 1.028100
1.602571 1.022482
1.588793 1.024930
1.577226 1.029005
1.582677 1.028289
1.578677 1.016729
1.579304 1.011011
1.618055 1.006030
1.612500 0.996018
1.559953 1.046356
1.555945 1.041016
1.562004 1.040818
1.542299 1.039456
1.548356 1.040233
1.550266 1.037364
1.543840 1.036899
1.569611 1.036172
1.572488 1.025060
1.567422 1.016840
1.557491 1.036946
1.573268 1.014171
1.573618 1.008860
1.561812 1.005777
1.568603 1.000502
1.555923 1.008563
1.549671 1.003640
1.556145 1.001048
1.549834 0.998840
1.534712 1.038215
1.516439 1.033056
1.535763 1.037473
1.531732 1.033485
1.524142 1.033135
1.518086 1.031926
1.519626 1.029538
1.535214 1.016663
1.527230 1.025864
1.536552 1.008584
1.543157 1.003806
1.537448 1.001730
1.536280 0.999973
1.537052 0.998487
1.530381 0.999351
1.521756 1.001895
1.524321 0.999669
1.531924 0.996000
1.525869 0.994804
1.568628 0.996116
1.562532 0.995108
1.529025 0.966626
1.609276 0.995059
1.605381 0.989892
1.604678 0.980780
1.607202 0.981434
1.607877 0.976959
1.609358 0.977468
1.606380 0.972298
1.606316 0.972234
1.600280 0.965091
1.588175 0.960816
1.607180 0.972253
1.601642 0.967318
1.600940 0.964935
1.595767 0.960710
1.591258 0.955369
1.582124 0.958485
1.563700 0.960787
1.570008 0.957536
1.562286 0.960057
1.577603 0.956401
1.572151 0.955235
1.568146 0.956302
1.555400 0.971942
1.556115 0.963947
1.542473 0.970333
1.536786 0.968195
2.502131 0.691172
2.503673 0.688130
2.508187 0.685111
2.505228 0.681083
2.507089 0.680286
2.487782 0.701314
2.494517 0.697990
2.493213 0.695705
2.496028 0.691969
2.496108 0.691747
2.497295 0.692776
2.501988 0.688332
2.476333 0.699881
2.474795 0.701611
2.474757 0.701643
2.468739 0.700518
2.468845 0.700122
2.470290 0.694792
2.464241 0.691826
2.460491 0.685554
2.465787 0.687422
2.460730 0.676374
2.454055 0.674337
2.449622 0.669943
2.499530 0.683297
2.502813 0.675132
2.502433 0.670445
2.503796 0.666108
2.502517 0.666093
2.502104 0.661977
2.496252 0.657158
2.503917 0.657147
2.505463 0.653034
2.503257 0.654421
2.502317 0.655478
2.503865 0.650727
2.503406 0.649687
2.496518 0.655218
2.496260 0.654838
2.497791 0.647327
2.497817 0.647219
2.493984 0.655532
2.485700 0.646496
2.488169 0.645475
2.485255 0.646286
2.508593 0.649018
2.500909 0.638767
2.502154 0.643441
2.500808 0.638914
2.486746 0.642117
2.493935 0.640073
2.487877 0.638974
2.454010 0.666161
2.450752 0.663404
2.479642 0.646392
2.473593 0.643110
2.479016 0.645680
2.473500 0.643057
2.465077 0.650218
2.452314 0.654381
2.447447 0.656188
2.500607 0.638786
2.506992 0.631750
2.493319 0.638403
2.487259 0.638515
2.485714 0.642297
2.487267 0.635817
2.488817 0.630568
2.494873 0.631654
2.497297 0.622010
2.503044 0.619639
2.473010 0.640108
2.473614 0.636635
2.481220 0.632400
2.475172 0.628809
2.476718 0.624672
2.464609 0.621664
2.457339 0.621115
2.400395 0.701449
2.398743 0.701965
2.391433 0.704348
2.379655 0.701203
2.443152 0.666062
2.440460 0.663882
2.400245 0.692658
2.399051 0.691789
2.403379 0.693011
2.405729 0.689049
2.391978 0.698485
2.385753 0.693523
2.379510 0.692933
2.400313 0.684575
2.403694 0.679691
2.396232 0.673947
2.395882 0.674578
2.380812 0.684961
2.396849 0.673851
2.396760 0.669433
2.395722 0.664662
2.397067 0.660505
2.397907 0.656077
2.444705 0.659693
2.374226 0.693991
2.371834 0.691822
2.374830 0.686812
2.376391 0.677942
2.370381 0.682384
2.370317 0.682287
2.369939 0.679254
2.377561 0.671659
2.371162 0.671502
2.371565 0.666052
2.379172 0.667166
2.372563 0.667595
2.370183 0.664776
2.379790 0.666325
2.374996 0.657118
2.373250 0.660729
2.373213 0.656140
2.375002 0.655231
2.367133 0.668591
2.358709 0.674580
2.352501 0.673898
2.359774 0.669245
2.319992 0.696083
2.337963 0.682787
2.330900 0.681499
2.332967 0.676143
2.345851 0.674445
2.340807 0.672961
2.344224 0.668982
2.341255 0.664919
2.340078 0.664697
2.336927 0.663261
2.341154 0.659435
2.394056 0.655577
2.452473 0.621022
2.446345 0.624422
2.437601 0.626487
2.445228 0.618876
2.439697 0.618820
2.438791 0.618829
2.445528 0.613721
2.425177 0.625221
2.426512 0.617066
2.410385 0.649374
2.407912 0.650318
2.400970 0.651679
2.411203 0.645136
2.407947 0.645883
2.401435 0.646046
2.408403 0.643188
2.402350 0.641208
2.398685 0.651818
2.394730 0.650058
2.388685 0.645731
2.393994 0.648816
2.388641 0.645723
2.395558 0.644429
2.393638 0.641908
2.412579 0.640791
2.409950 0.638655
2.411507 0.631245
2.405449 0.630709
2.407342 0.630849
2.397840 0.636029
2.399417 0.629337
2.419970 0.621663
2.420677 0.617011
2.420301 0.612060
2.407727 0.613183
2.421952 0.611796
2.408582 0.609517
2.401821 0.607474
2.397640 0.603250
2.373467 0.656224
2.378448 0.652701
2.335812 0.653399
2.335588 0.653560
2.329534 0.651730
2.383167 0.647342
2.376246 0.647710
2.376560 0.647630
2.382617 0.648157
2.382798 0.613995
2.381268 0.613381
2.388863 0.612424
2.390418 0.605530
2.392719 0.610408
2.357039 0.610776
2.351354 0.606325
2.344231 0.608191
2.224543 0.890002
2.228265 0.886709
2.190194 0.921320
2.184129 0.923170
2.198097 0.907950
2.193099 0.911392
2.193457 0.902068
2.187508 0.905011
2.202917 0.895232
2.207390 0.891449
2.194872 0.896625
2.188804 0.899232
2.229737 0.886372
2.227969 0.877265
2.231363 0.876625
2.214246 0.888337
2.221215 0.887980
2.221799 0.882027
2.207155 0.891213
2.223782 0.873469
2.223028 0.867371
2.226420 0.863394
2.227422 0.857619
2.225286 0.854202
2.226895 0.858439
2.220850 0.854003
2.219956 0.848837
2.217205 0.850129
2.216892 0.846638
2.210654 0.846037
2.214803 0.850444
2.203583 0.847755
2.197584 0.846486
2.208751 0.847934
2.204466 0.846238
2.203017 0.845016
2.210296 0.844091
2.216354 0.844499
2.196305 0.831124
2.194404 0.826181
2.201322 0.819687
2.198283 0.827125
2.197858 0.822425
2.205383 0.814630
2.210980 0.805407
2.211772 0.797828
2.211406 0.793360
2.216306 0.781862
2.212517 0.784580
2.213400 0.771384
2.238005 0.762385
2.238103 0.762336
2.230805 0.768734
2.230842 0.764308
2.223951 0.769849
2.217655 0.769409
2.224170 0.764919
2.239560 0.755467
2.253234 0.748173
2.247172 0.749183
2.243724 0.745190
2.251461 0.742215
2.249336 0.740014
2.249738 0.737534
2.300910 0.704801
2.288351 0.701196
2.287052 0.703141
2.275063 0.728601
2.271553 0.726617
2.277617 0.724818
2.278211 0.724561
2.276535 0.719889
2.263978 0.726500
2.257917 0.721805
2.255961 0.720717
2.265500 0.724450
2.253407 0.716537
2.277569 0.719848
2.282511 0.707384
2.279329 0.711014
2.276823 0.701744
2.276810 0.700028
2.282293 0.700550
2.308058 0.702110
2.289576 0.700424
2.287710 0.694754
2.288873 0.685983
2.292721 0.682314
2.293183 0.677317
2.283370 0.695375
2.277787 0.694041
2.283046 0.691950
2.272299 0.683168
2.269638 0.678064
2.261987 0.674327
2.268805 0.672354
2.262752 0.670350
2.244881 0.736417
2.247371 0.732478
2.245212 0.729174
2.245655 0.723591
2.239534 0.726458
2.251624 0.715292
2.245110 0.720802
2.245814 0.717177
2.244720 0.709652
2.233167 0.718084
2.246333 0.705335
2.228414 0.713328
2.222990 0.710461
2.218383 0.700967
2.217460 0.700048
2.242871 0.701288
2.238370 0.693205
2.236829 0.695821
2.220659 0.700850
2.218657 0.693834
2.227326 0.685329
2.227165 0.684085
2.226600 0.683027
2.219911 0.683688
2.221105 0.684681
2.216774 0.686536
2.220225 0.683416
2.223927 0.683485
2.315866 0.657310
2.307229 0.669799
2.312153 0.667692
2.312563 0.663385
2.321931 0.655337
2.273279 0.674502
2.274520 0.669977
2.267272 0.672359
2.261220 0.670353
2.269454 0.667150
2.263426 0.665965
2.262767 0.665627
2.268824 0.666468
2.258743 0.667082
2.255953 0.668802
2.254055 0.666225
2.252123 0.661479
2.250551 0.665809
2.248995 0.656537
2.255131 0.657437
2.267041 0.642842
2.253776 0.648437
2.259759 0.649300
2.267198 0.638076
2.323475 0.651634
2.316930 0.652056
2.317649 0.650051
2.313584 0.649987
2.296330 0.624946
2.301783 0.625464
2.302332 0.621200
2.302403 0.621125
2.303934 0.621429
2.304412 0.621358
2.304381 0.616958
2.310006 0.617247
2.286538 0.631651
2.281764 0.633437
2.271728 0.637928
2.279064 0.630514
2.288738 0.625146
2.282671 0.627672
2.282676 0.625976
2.317617 0.611299
2.332826 0.603585
2.571152 0.628956
2.566146 0.624566
2.572637 0.632239
2.566585 0.623515
2.561543 0.618486
2.556674 0.614067
2.563029 0.609999
2.551898 0.605043
2.551100 0.603693
2.538979 0.604378
2.532125 0.601845
2.524753 0.602683
2.516875 0.610214
2.517719 0.609934
2.508795 0.613348
2.519897 0.604295
2.519268 0.604994
2.512387 0.607225
2.510683 0.604481
2.505597 0.610792
1.510491 1.033413
1.510084 1.032775
1.512031 1.031062
1.507115 1.026370
1.503922 1.021416
1.465738 1.010005
1.462526 1.012704
1.428704 1.018892
1.456025 1.012878
1.449970 1.011431
1.442359 1.017597
1.436308 1.015031
1.445448 1.010069
1.443909 1.011948
1.437863 1.007925
1.439416 1.001550
1.431815 1.004249
1.433370 0.997488
1.428451 1.012369
1.424203 1.002599
1.427321 0.994503
1.419801 0.997189
1.402928 1.020763
1.410532 1.016980
1.406499 1.006928
1.413384 1.001394
1.407821 0.998901
1.415215 0.990641
1.409165 0.987623
1.390809 1.020981
1.392355 1.016536
1.396867 1.021163
1.384761 1.017490
1.384615 1.013278
1.382419 1.008495
1.380116 1.012693
1.399962 1.011812
1.392278 1.010094
1.394975 1.003068
1.395480 0.998164
1.387861 1.006439
1.388974 0.997457
1.401541 0.994089
1.395974 0.991602
1.397065 0.981950
1.383957 0.995434
1.384965 0.976341
1.304713 0.960783
1.303971 0.960846
1.306265 0.954853
1.513580 1.025420
1.509087 1.015300
1.507543 1.018888
1.506293 1.012633
1.504191 1.016847
1.505406 1.012706
1.509864 1.008907
1.515375 1.009711
1.518246 1.004518
1.516717 1.003638
1.469471 1.010475
1.472251 1.002223
1.474167 0.993866
1.480919 0.981235
1.488040 0.977127
1.481763 0.977677
1.515368 0.968979
1.523869 0.972577
1.524123 0.967506
1.517514 0.967941
1.523500 0.964908
1.517667 0.965424
1.495646 0.972567
1.511203 0.971903
1.504049 0.969492
1.478536 0.973003
1.477460 0.971426
1.491877 0.967439
1.486267 0.968632
1.483528 0.972290
1.457898 1.011929
1.436538 1.000047
1.434911 0.994781
1.434888 0.990762
1.430609 0.990177
1.425660 0.980282
1.416390 0.984327
1.418323 0.977363
1.433472 0.981520
1.427470 0.970111
1.421428 0.964798
1.427901 0.962536
1.416935 0.954480
1.398621 0.974567
1.405354 0.974757
1.406229 0.969751
1.399688 0.966759
1.410955 0.959612
1.386684 0.968497
1.388074 0.962459
1.395677 0.959026
1.391174 0.951704
1.380471 0.966342
1.369915 0.956993
1.356260 0.958187
1.357813 0.951833
1.383576 0.953803
1.379076 0.945755
1.385132 0.946813
1.365424 0.946032
1.359370 0.944308
1.360918 0.939700
1.366973 0.940575
1.410882 0.952421
1.406382 0.943994
1.394283 0.938175
1.386680 0.941993
1.380631 0.938801
1.389781 0.930670
1.388238 0.933777
1.383737 0.926028
1.374799 0.934574
1.364022 0.927434
1.371629 0.922802
1.350211 0.955339
1.351767 0.947886
1.347256 0.943134
1.339653 0.946417
1.340882 0.942571
1.327537 0.945648
1.313876 0.948639
1.308455 0.945616
1.315420 0.945366
1.350352 0.933610
1.357962 0.927845
1.297466 0.960986
1.291056 0.962415
1.280709 0.963289
1.281597 0.959092
1.298651 0.961627
1.294131 0.959460
1.286533 0.961553
1.281153 0.963171
1.285925 0.961471
1.286105 0.956637
1.269787 0.971090
1.271316 0.971791
1.273512 0.970948
1.270975 0.971510
1.276136 0.967066
1.265260 0.970631
1.264807 0.970711
1.263469 0.969102
1.263729 0.970420
1.258803 0.965123
1.272857 0.969506
1.278923 0.967100
1.275978 0.952060
1.266806 0.966634
1.260763 0.961668
1.264796 0.955772
1.281984 0.950114
1.275131 0.951226
1.281450 0.947272
1.275064 0.947080
1.262328 0.951715
1.268795 0.950895
1.268753 0.946679
1.269953 0.941400
1.245572 0.964428
1.251628 0.965268
1.246386 0.959430
1.258940 0.959286
1.253176 0.960179
1.248682 0.950315
1.256279 0.948544
1.257832 0.942230
1.242626 0.949069
1.240937 0.951854
1.239028 0.942515
1.245720 0.940328
1.241832 0.942775
1.237811 0.933052
1.227598 0.923202
1.215503 0.916042
1.195771 0.922591
1.197313 0.919433
1.203373 0.919529
1.189270 0.915366
1.189724 0.918944
1.183772 0.914605
1.185224 0.910637
1.182677 0.905417
1.282842 0.945512
1.282224 0.940997
1.277555 0.938305
1.284168 0.936770
1.279101 0.934213
1.273044 0.933393
1.259385 0.935751
1.265443 0.936006
1.230514 0.914276
1.223101 0.913867
1.210764 0.911025
1.230614 0.900201
1.204927 0.912834
1.198870 0.912182
1.200427 0.904484
1.192817 0.910250
1.194044 0.903643
1.226202 0.902720
1.218607 0.903697
1.221522 0.898723
1.205764 0.902628
1.212564 0.898990
1.216964 0.893512
1.216853 0.884507
1.200122 0.900351
1.193533 0.900729
1.187856 0.901747
1.200004 0.896367
1.229307 0.890244
1.226527 0.886063
1.221274 0.880709
1.211704 0.870218
1.217417 0.871016
1.214299 0.858116
1.213332 0.852298
1.210258 0.842997
1.206499 0.838507
1.206856 0.834143
1.202361 0.824321
1.200339 0.824668
1.194780 0.821055
1.190276 0.814054
1.185554 0.811478
1.197863 0.815375
1.191826 0.808370
1.185780 0.804724
1.183939 0.806823
1.184986 0.798032
1.182690 0.784480
1.184963 0.775432
1.190636 0.776274
1.178375 0.768740
1.190749 0.762908
1.189165 0.758238
1.195163 0.759133
1.196002 0.754888
1.180358 0.759963
0.860714 0.641862
0.862873 0.641303
0.869132 0.633475
0.854126 0.641290
0.854331 0.635134
0.851415 0.634831
0.850163 0.631039
0.845417 0.624736
0.765446 0.596164
0.759383 0.597310
0.745728 0.598616
0.747164 0.598211
0.733616 0.596841
0.727065 0.595919
0.703666 0.624559
0.704714 0.617818
0.694873 0.624463
0.698352 0.616115
0.700216 0.608809
0.715447 0.594084
0.713913 0.594447
0.703344 0.589267
1.199760 0.750989
1.202074 0.742429
1.204299 0.734164
1.207702 0.734475
1.209353 0.726032
1.211279 0.726146
1.208101 0.723549
1.208755 0.721296
1.207840 0.719919
1.208993 0.713244
1.212707 0.717670
1.210252 0.712588
1.201364 0.724443
1.201251 0.720294
1.201381 0.719393
1.194579 0.720905
1.195569 0.713806
1.202955 0.711198
1.202819 0.711219
1.188522 0.724148
1.188516 0.719810
1.183157 0.716760
1.189281 0.713642
1.189419 0.712953
1.183895 0.707748
1.209126 0.707670
1.209010 0.707638
1.202330 0.708634
1.190841 0.704885
1.188785 0.699660
1.186396 0.694837
1.185366 0.690050
1.189560 0.686436
1.190427 0.668627
1.130325 0.681611
1.132049 0.680707
1.151213 0.670416
1.145134 0.673886
1.147241 0.665289
1.141944 0.668922
1.138770 0.674822
1.188372 0.659263
1.189657 0.641260
1.191120 0.633107
1.148009 0.661058
1.184128 0.644905
1.187728 0.636579
1.149983 0.656808
1.146117 0.647114
1.138121 0.640447
1.146910 0.634748
1.139926 0.632613
1.187387 0.625525
1.174748 0.616081
1.151604 0.616586
1.151980 0.612255
1.119754 0.677336
1.124266 0.681552
1.112628 0.675730
1.092442 0.680200
1.091665 0.680218
1.086387 0.679087
1.080337 0.676141
1.085643 0.679003
1.080252 0.676025
1.077549 0.670906
1.099761 0.675615
1.078866 0.666528
1.080360 0.662442
1.132073 0.637143
1.129393 0.635293
1.133632 0.628942
1.082276 0.653812
1.091083 0.648588
1.100256 0.633392
1.088149 0.629786
1.095755 0.625650
1.095765 0.622548
1.089700 0.624139
1.089707 0.622132
1.077888 0.655921
1.079795 0.646261
1.079285 0.643356
1.073899 0.640361
1.064435 0.636927
1.082095 0.628024
1.083047 0.624165
1.077526 0.621553
1.074105 0.625347
1.068618 0.632750
1.057877 0.622510
1.070854 0.617848
1.063400 0.624964
1.044216 0.625576
1.032447 0.621275
1.136222 0.615521
0.933530 0.631060
0.925920 0.636918
0.917318 0.633124
0.921284 0.629640
1.027491 0.617105
1.026741 0.614848
1.022889 0.611540
1.022551 0.607106
1.021727 0.606492
1.010460 0.601900
0.996747 0.608497
0.988893 0.616749
0.983398 0.609722
1.003917 0.603671
0.989399 0.606652
0.976125 0.607681
0.939590 0.630878
0.935083 0.624790
0.941193 0.623924
0.922972 0.622369
0.923669 0.618644
0.969359 0.608557
0.956832 0.611809
0.950894 0.610369
0.957045 0.606887
0.963527 0.609837
0.970025 0.609864
0.957905 0.610267
0.951842 0.603381
0.943479 0.613054
0.942709 0.614089
0.936399 0.619141
0.936397 0.614811
0.946706 0.611345
0.943518 0.610760
0.944259 0.608998
0.943779 0.607892
0.945461 0.603178
0.945498 0.602138
0.944139 0.597515
0.924425 0.612189
0.923145 0.593648
0.941371 0.592239
0.935712 0.590029
0.928741 0.590088
0.929207 0.589897
0.912863 0.623317
0.917209 0.619511
0.917424 0.613719
0.915417 0.614804
0.901490 0.599811
0.901762 0.594704
0.863014 0.634501
0.864481 0.626060
0.868050 0.619679
0.873001 0.611506
0.888212 0.603356
0.886677 0.603984
0.915544 0.593649
0.851806 0.625410
0.851491 0.625631
0.853271 0.617693
0.846112 0.620248
0.845211 0.617137
0.844381 0.615561
0.847225 0.613736
0.841145 0.606115
0.838678 0.600917
0.831522 0.595218
0.826137 0.587658
0.824467 0.589951
0.812897 0.586196
0.806442 0.582981
0.787207 0.585838
0.793741 0.583891
0.773733 0.598197
0.772931 0.598348
0.772853 0.594215
0.782015 0.590727
0.766215 0.599074
0.760190 0.597884
0.766099 0.595055
0.498418 0.651998
0.498306 0.652097
0.496919 0.647455
0.491540 0.653176
0.485947 0.650779
0.491294 0.649529
0.485793 0.646857
0.502629 0.643904
0.501341 0.634685
0.497820 0.638636
0.492344 0.643788
0.487852 0.633284
0.491302 0.628452
0.474706 0.641783
0.481202 0.637315
0.481792 0.633459
0.483343 0.627683
0.475533 0.634544
0.508171 0.594380
0.502177 0.588773
0.462263 0.599202
0.463753 0.596670
0.455925 0.600427
0.448785 0.598026
0.463019 0.591920
0.444097 0.595629
0.431988 0.592688
0.438050 0.592111
0.467974 0.588467
0.466302 0.583539
0.465066 0.579926
0.347243 0.694998
0.334440 0.694701
0.361736 0.692663
0.360723 0.694971
0.366054 0.682349
0.354133 0.696001
0.348070 0.696901
0.370859 0.674250
0.371756 0.669816
0.370471 0.665194
0.372483 0.664553
0.374022 0.662323
0.379094 0.639831
0.382270 0.631433
0.386199 0.627916
0.384198 0.622805
0.389864 0.623630
0.389014 0.619078
0.394769 0.615777
0.411909 0.600715
0.416782 0.599679
0.401667 0.607821
0.403501 0.606978
0.407847 0.604579
0.418498 0.596816
0.424386 0.595834
0.393083 0.615235
0.323400 0.685137
0.306205 0.676182
0.313308 0.678260
0.284446 0.686817
0.286195 0.686097
0.286301 0.680587
0.290347 0.677881
0.301209 0.672208
0.299676 0.672585
0.293890 0.673079
0.273722 0.707547
0.274420 0.704443
0.276059 0.695525
0.276841 0.691037
0.278390 0.685799
0.279939 0.680501
0.280023 0.680095
0.281496 0.672730
0.266289 0.680332
0.273888 0.677896
0.269387 0.669866
0.270940 0.663590
0.254181 0.677224
0.259690 0.678491
0.255716 0.676213
0.255536 0.676397
0.261777 0.675632
0.248983 0.676673
0.249044 0.672147
0.246316 0.669771
0.248847 0.668378
0.244877 0.665123
0.241903 0.659979
0.237587 0.661250
0.225747 0.656436
0.225484 0.656408
0.221133 0.651300
0.207082 0.650161
0.201277 0.646974
0.208872 0.646278
0.205935 0.640015
0.178617 0.633437
0.184673 0.634283
0.198321 0.635318
0.192275 0.631313
0.186219 0.629999
0.179989 0.631367
0.166524 0.625649
0.174173 0.625396
0.168075 0.619772
0.162660 0.616991
0.162033 0.614826
0.114337 0.630113
0.108914 0.629301
0.108224 0.629154
0.103190 0.625186
0.096270 0.622161
0.091405 0.622068
0.091307 0.617982
0.084998 0.621936
0.072974 0.615116
0.078711 0.612780
0.073774 0.604206
0.060814 0.613037
0.061569 0.606575
0.061968 0.601118
0.053445 0.603876
0.030127 0.639653
0.042938 0.615306
0.034276 0.622705
0.047285 0.610412
0.040047 0.612609
0.025939 0.624630
0.012895 0.625007
0.012888 0.620691
0.149919 0.612985
0.143871 0.609628
0.136267 0.613544
0.130262 0.613016
0.130210 0.612946
0.136513 0.609708
0.158592 0.613563
0.145408 0.608335
0.116516 0.626042
0.118995 0.624462
0.124532 0.615328
0.124143 0.615185
0.098389 0.610573
0.099258 0.605142
0.090676 0.610489
0.692171 0.616265
0.692607 0.613935
0.652343 0.623694
0.653172 0.618703
0.646228 0.618390
0.647127 0.614339
0.689692 0.589860
0.677579 0.588064
0.676034 0.591949
0.665476 0.582947
0.650271 0.589972
0.651821 0.584235
0.657883 0.584090
0.634103 0.616210
0.635020 0.611004
0.629532 0.606615
0.623240 0.601807
0.616221 0.607733
0.630441 0.599728
0.630532 0.598841
0.604695 0.599530
0.590472 0.607543
0.596232 0.606772
0.592272 0.598180
0.644218 0.588316
0.635431 0.587017
0.626660 0.594383
0.629182 0.590250
0.631391 0.586271
0.616910 0.597135
0.610444 0.597169
0.605491 0.588642
0.592055 0.594439
0.598723 0.592642
0.594222 0.584990
0.599019 0.580330
0.600285 0.583556
0.595780 0.576963
0.601151 0.578387
0.595546 0.576010
0.639712 0.581820
0.636071 0.578151
0.647313 0.578799
0.641262 0.576361
0.633201 0.582002
0.631094 0.577232
0.629151 0.574050
0.596724 0.572726
0.582248 0.616824
0.576244 0.615576
0.578230 0.601337
0.585161 0.595967
0.586619 0.588507
0.580568 0.585874
0.566485 0.598100
0.572375 0.595329
0.572955 0.592444
0.568448 0.586310
0.575401 0.582538
0.576004 0.576514
0.587028 0.582718
0.582754 0.577554
0.589724 0.576128
0.592921 0.574815
0.583674 0.573202
0.583675 0.572964
0.591948 0.570268
0.586711 0.569300
0.570333 0.579664
0.571283 0.571680
0.576077 0.575014
0.576251 0.571508
0.570644 0.569124
0.591281 0.568589
0.562390 0.585902
0.557081 0.579637
0.563950 0.577396
0.543088 0.588244
0.545379 0.584266
0.548580 0.580264
0.543508 0.579557
0.564488 0.572628
0.563838 0.570110
0.557889 0.573029
0.551823 0.571950
0.546990 0.575578
0.550308 0.574619
0.527470 0.594145
0.535802 0.589324
0.515830 0.592421
0.504631 0.590368
0.503265 0.584208
0.498149 0.581981
0.492047 0.580999
0.504815 0.578881
0.506177 0.577286
0.505356 0.575538
0.505330 0.571294
0.498254 0.577354
0.491706 0.577613
0.487775 0.573900
0.492509 0.571049
0.466696 0.570044
0.486164 0.570741
0.480608 0.569320
0.466954 0.570466
0.468490 0.569397
0.461824 0.573733
