1.916946 0.724802
1.912974 0.731043
1.912860 0.731043
1.906826 0.727429
1.906137 0.724784
1.907540 0.718551
1.886775 0.718483
1.893193 0.716874
1.900790 0.719127
1.893221 0.718524
1.888686 0.715769
1.858838 0.749717
1.861349 0.725312
1.883252 0.724777
1.882507 0.724772
1.882679 0.718532
1.875022 0.718571
1.868959 0.721592
1.856781 0.750780
1.851989 0.749723
1.856789 0.747345
1.857597 0.743515
1.850815 0.749730
1.850209 0.743448
1.847384 0.743480
1.850744 0.742202
1.841611 0.735923
1.843174 0.728979
1.855292 0.725553
1.829493 0.739149
1.831037 0.739962
1.834143 0.737160
1.834958 0.730910
1.837116 0.729787
1.844722 0.728215
1.790075 0.762011
1.783964 0.759188
1.777913 0.757252
1.765231 0.755705
1.771854 0.758692
1.770093 0.755734
1.765497 0.749473
1.797621 0.759455
1.806511 0.755852
1.815812 0.748865
1.817363 0.747038
1.824982 0.739797
1.823437 0.738622
1.811304 0.748530
1.785492 0.767363
1.791551 0.765679
1.778740 0.762015
1.773385 0.765346
1.771629 0.762054
1.769811 0.749559
1.758211 0.752235
1.752384 0.749437
1.745646 0.749417
1.752857 0.743201
1.740836 0.749398
1.744605 0.743177
1.741309 0.743150
1.737944 0.736926
1.719540 0.730601
1.720393 0.725152
1.719636 0.724370
1.727988 0.728535
1.721937 0.726407
1.706227 0.724319
1.713324 0.724341
1.714347 0.720584
1.708305 0.715070
1.702457 0.711877
1.744111 0.737003
3.196864 0.712888
3.170567 0.715177
3.184669 0.708977
3.172628 0.718808
3.178692 0.715100
3.165033 0.715770
3.163873 0.715241
3.152927 0.713397
3.145155 0.715121
3.138915 0.715117
3.131653 0.719562
3.133201 0.718594
3.135188 0.715190
3.127157 0.713478
3.115048 0.712409
3.474285 0.705368
3.468202 0.703370
3.469781 0.703233
3.463730 0.700939
3.448587 0.697070
3.428743 0.731223
3.422690 0.730325
3.432427 0.728278
3.422285 0.728255
3.431401 0.722025
3.430274 0.738022
3.442403 0.730451
3.444818 0.728314
3.442421 0.722509
3.443195 0.722087
3.438336 0.728309
3.435586 0.728308
3.436358 0.725934
3.435846 0.722044
3.444475 0.728374
3.444153 0.728386
3.444176 0.722125
3.444058 0.722130
3.437437 0.728385
3.437908 0.724367
3.424220 0.737118
3.435451 0.734637
3.432670 0.734558
3.419033 0.722006
3.413266 0.728325
3.417594 0.722069
3.418201 0.721339
3.433603 0.709531
3.428777 0.716581
3.422723 0.716109
3.422392 0.715756
3.422458 0.709506
3.434888 0.692765
3.428805 0.704136
3.422430 0.703256
3.423963 0.697012
3.444100 0.715875
3.443966 0.715875
3.437513 0.715859
3.424264 0.717783
3.430325 0.715871
3.430353 0.715810
3.430155 0.709552
3.444031 0.694999
3.424323 0.692137
3.415643 0.715739
3.415789 0.709490
3.409098 0.701402
3.403049 0.698830
3.416677 0.703253
3.416697 0.703032
3.417290 0.697023
3.410662 0.694238
3.411314 0.697029
3.415710 0.690825
3.418276 0.688628
3.376956 0.746901
3.364268 0.765623
3.370441 0.759386
3.363862 0.759371
3.357868 0.765609
3.357927 0.759360
3.354991 0.753101
3.351392 0.750574
3.370354 0.746885
3.359302 0.746861
3.374713 0.765692
3.383556 0.753191
3.379245 0.753156
3.386300 0.754687
3.387680 0.753264
3.380553 0.746909
3.380394 0.746941
3.374093 0.740647
3.374825 0.734398
3.366547 0.771794
3.365008 0.768726
3.372613 0.767489
3.369637 0.765641
3.358951 0.769210
3.355416 0.765632
3.360499 0.768346
3.353803 0.759383
3.353338 0.759402
3.354653 0.753133
3.372766 0.734450
3.379411 0.728157
3.376640 0.721902
3.374870 0.715648
3.380238 0.709408
3.390930 0.702108
3.398548 0.695115
3.392750 0.697030
3.384880 0.699898
3.375774 0.709445
3.345340 0.748762
3.341950 0.746830
3.341502 0.740580
3.348961 0.746885
3.346944 0.740640
3.346749 0.740637
3.346532 0.734388
3.336714 0.734327
3.332359 0.734298
3.331716 0.733751
3.333271 0.730455
3.325673 0.728643
3.334820 0.729044
3.319604 0.734544
3.319773 0.734279
3.314305 0.734270
3.313549 0.734206
3.305956 0.730159
3.307505 0.728857
3.304634 0.727984
3.321157 0.731673
3.325737 0.728077
3.318851 0.721768
3.280043 0.721678
3.280209 0.720452
3.293858 0.724331
3.299919 0.721931
3.288883 0.721713
3.281763 0.717353
3.273614 0.721663
3.274158 0.718689
3.254429 0.725657
3.262043 0.719750
3.255990 0.719143
3.275701 0.719917
3.263596 0.717405
3.248378 0.723641
3.246381 0.721605
3.249933 0.719437
3.228674 0.718906
3.237830 0.716012
3.236288 0.714066
3.222990 0.715306
3.217925 0.715342
3.208462 0.715288
3.212071 0.711839
3.204475 0.708954
3.179917 0.709045
3.106354 0.708782
3.095338 0.711425
3.081688 0.707822
3.089298 0.704522
3.109005 0.707675
3.063726 0.727523
3.067496 0.714941
3.067761 0.708694
3.070276 0.708794
3.075639 0.704519
3.069584 0.704353
3.061448 0.714931
3.061215 0.708691
3.054354 0.716057
3.055907 0.713409
3.064221 0.715008
3.064076 0.708759
3.022526 0.717083
3.023215 0.714852
3.023136 0.708600
3.017671 0.714832
2.996763 0.714673
3.048304 0.713543
3.049853 0.712337
3.036194 0.712990
3.030137 0.713364
3.025917 0.708632
3.024097 0.706751
3.018032 0.710636
2.877646 0.739506
2.878169 0.733257
2.873941 0.728874
2.977036 0.720438
2.970977 0.721905
2.964929 0.718722
2.992248 0.716861
2.978585 0.719453
2.984648 0.716207
2.966474 0.719128
2.933066 0.735610
2.951379 0.727175
2.953200 0.720929
2.944559 0.733410
2.945757 0.733425
2.945969 0.727180
2.939127 0.732904
2.958874 0.717937
2.960423 0.717386
2.946748 0.724611
2.934624 0.730305
2.940690 0.725653
2.919382 0.747031
2.925447 0.742264
2.920932 0.745119
2.913323 0.748142
2.907268 0.748024
2.908816 0.747280
2.893592 0.755647
2.899651 0.754206
2.900016 0.752060
2.894186 0.752057
2.901222 0.744159
2.887534 0.756757
2.884630 0.752035
2.888740 0.745829
2.881928 0.745798
2.879557 0.745783
2.879759 0.733363
2.880537 0.727113
2.875494 0.725590
2.871219 0.726992
2.860988 0.714479
2.856898 0.714525
2.855827 0.705314
2.849773 0.704512
2.842173 0.704001
2.843713 0.706582
2.830054 0.707345
2.824001 0.705740
2.816381 0.713661
2.796276 0.751819
2.797106 0.745572
2.792072 0.750981
2.804036 0.733104
2.809879 0.726863
2.805336 0.726909
2.805793 0.723812
2.776849 0.759344
2.772348 0.755977
2.766295 0.754806
2.779951 0.755305
2.811531 0.720615
2.811858 0.719857
2.863403 0.716506
2.857346 0.717764
2.857345 0.708301
2.857277 0.708303
2.720994 0.726647
2.708866 0.714131
2.750090 0.745493
2.746627 0.734752
2.754200 0.747476
2.739025 0.735122
2.734520 0.732689
2.726925 0.729689
2.720875 0.727540
2.720458 0.720437
2.708728 0.707945
2.708808 0.707756
2.702173 0.707924
2.642383 0.757719
2.645647 0.751474
2.643590 0.751515
2.643514 0.750645
2.641980 0.745158
2.648568 0.739011
2.693151 0.707832
2.687813 0.707887
2.677201 0.707796
2.675427 0.712049
2.677221 0.707820
2.681498 0.705702
2.661143 0.720259
2.657239 0.721273
2.667825 0.712068
2.669363 0.707822
2.669312 0.707823
2.663026 0.714062
2.655451 0.726586
2.499609 0.687223
2.493558 0.685295
2.475323 0.714927
2.481654 0.707368
2.475831 0.707377
2.469255 0.720388
2.469120 0.707351
2.463855 0.707310
2.482046 0.701132
2.487494 0.688480
2.464262 0.701061
2.464681 0.701111
2.467381 0.694814
2.466285 0.694860
2.475387 0.687047
2.469033 0.688597
2.469330 0.687645
2.456395 0.726052
2.456345 0.726119
2.462007 0.719815
2.449526 0.726710
2.441922 0.727723
2.436905 0.732280
2.451078 0.724460
2.462352 0.713575
2.458002 0.713554
2.461372 0.707303
2.410847 0.738462
2.410079 0.735859
2.412358 0.732193
2.410092 0.730082
2.423201 0.713474
2.422248 0.710778
2.410689 0.719706
2.410128 0.714316
2.431345 0.732628
2.411617 0.739469
2.415893 0.732242
2.430367 0.726011
2.423773 0.719786
2.423761 0.719740
2.411240 0.725976
2.417716 0.720759
2.417432 0.719730
2.623746 0.782674
2.607250 0.776398
2.604217 0.770151
2.600636 0.770120
2.602742 0.763896
2.596249 0.763860
2.590664 0.763854
2.586281 0.763923
2.598008 0.761106
2.637329 0.770265
2.627340 0.776453
2.629801 0.774687
2.623731 0.780828
2.617682 0.777886
2.624959 0.776511
2.639634 0.764014
2.638045 0.751551
2.606831 0.763963
2.605607 0.762026
2.640173 0.745264
2.570513 0.763801
2.570229 0.763801
2.570996 0.757552
2.570855 0.757553
2.568323 0.751298
2.578279 0.767532
2.573536 0.763836
2.577426 0.763912
2.572987 0.757621
2.570181 0.757587
2.569881 0.751337
2.569432 0.738800
2.572683 0.732557
2.570169 0.738838
2.568752 0.726339
2.570322 0.720052
2.570574 0.713802
2.571091 0.713839
2.569887 0.707590
2.564767 0.703694
2.566314 0.703631
2.529287 0.713799
2.552238 0.688769
2.545096 0.685233
2.526918 0.689767
2.534531 0.685327
2.532989 0.683272
2.554216 0.698236
2.547340 0.695068
2.547116 0.688805
2.491419 0.726167
2.488580 0.726151
2.482892 0.729188
2.489247 0.719933
2.482920 0.717406
2.476409 0.719907
2.521642 0.713766
2.515412 0.713764
2.515427 0.701265
2.510401 0.701232
2.497920 0.707415
2.519313 0.691506
2.513609 0.688682
2.520856 0.692872
2.514803 0.691731
2.507015 0.688664
2.508228 0.694958
2.501438 0.688677
2.501156 0.686980
2.495732 0.713665
2.494481 0.707395
2.488923 0.707416
2.495524 0.701188
2.476621 0.701170
2.470099 0.701150
2.495581 0.694941
2.494732 0.688652
2.488602 0.694900
2.484982 0.688676
2.479011 0.694935
2.364289 0.719578
2.405557 0.741547
2.404509 0.738451
2.403445 0.732172
2.397960 0.738653
2.390691 0.738395
2.396577 0.732152
2.390594 0.732143
2.399501 0.741361
2.385849 0.738773
2.386094 0.732187
2.403593 0.725924
2.394014 0.713434
2.390863 0.719648
2.390406 0.718046
2.385195 0.725907
2.382391 0.725942
2.385065 0.719652
2.384596 0.719690
2.385895 0.719073
2.384348 0.718750
2.391959 0.715076
2.391618 0.713420
2.378297 0.716800
2.384927 0.713397
2.385917 0.709439
2.352861 0.744580
2.354018 0.741569
2.354891 0.738319
2.359669 0.732074
2.362975 0.725828
2.363667 0.725877
2.370700 0.715123
2.366184 0.717781
2.372247 0.714707
2.362371 0.719629
2.360416 0.719648
2.345850 0.744548
2.333903 0.732016
2.332022 0.725754
2.327119 0.719510
2.326755 0.718757
2.320089 0.713239
2.307048 0.715730
2.308607 0.710807
2.288894 0.710503
2.346403 0.747099
2.347545 0.744621
2.343998 0.744566
2.340364 0.739946
2.339372 0.738318
2.337535 0.732069
2.331455 0.725827
2.332819 0.719575
2.329124 0.713332
2.210020 0.719007
2.203971 0.716099
2.191859 0.715986
2.179718 0.728767
2.183883 0.725475
2.178732 0.725432
2.179347 0.719209
2.175705 0.725486
2.190314 0.715339
2.184262 0.713976
2.185805 0.715184
2.172760 0.712937
2.170631 0.702338
2.272962 0.719369
2.261562 0.717316
2.267624 0.714487
2.267821 0.713109
2.262467 0.713119
2.276784 0.709429
2.269187 0.707583
2.250479 0.731881
2.248552 0.719316
2.250018 0.719358
2.254388 0.713076
2.255946 0.713102
2.250477 0.713130
2.241850 0.716665
2.235791 0.717791
2.229473 0.713025
2.244230 0.725627
2.243386 0.721007
2.231275 0.721334
2.252976 0.725657
2.250983 0.723513
2.257070 0.709809
2.217616 0.721555
2.222532 0.713003
2.225186 0.719352
2.212296 0.725573
2.205014 0.719261
2.198404 0.725489
2.192276 0.725490
2.198518 0.719244
2.192866 0.719274
2.186555 0.725518
2.144860 0.703069
2.165245 0.706633
2.164582 0.699407
2.158521 0.701866
2.160011 0.700415
2.146407 0.703004
2.154287 0.700443
2.132710 0.719559
2.133400 0.719054
2.112980 0.727495
2.114543 0.720089
2.120883 0.719056
2.135264 0.706557
2.135988 0.700308
2.138815 0.698361
2.128215 0.713649
2.130618 0.712863
2.130798 0.706614
2.134292 0.704245
2.140352 0.702786
2.067544 0.706804
2.061000 0.706383
2.054285 0.706377
2.106936 0.722121
2.105453 0.718993
2.108486 0.720150
2.108946 0.719078
2.102523 0.712741
2.102568 0.712809
2.102449 0.712550
2.100907 0.710137
2.093327 0.700629
2.094861 0.705928
2.081208 0.704254
2.082771 0.697040
2.069104 0.700946
2.062430 0.706433
2.051107 0.712624
2.041754 0.715588
2.043313 0.710005
2.035707 0.712002
2.012099 0.712522
2.023599 0.710379
2.011472 0.717337
2.017531 0.715821
2.003877 0.714359
2.050910 0.712349
1.978102 0.716584
1.965989 0.717301
1.979651 0.715539
1.973595 0.715617
1.959471 0.712431
1.946282 0.714698
1.932618 0.717422
1.925241 0.718585
1.928111 0.716673
1.930918 0.712341
1.934287 0.712393
1.934087 0.712394
1.927085 0.712351
1.924689 0.712335
1.926580 0.709550
1.914431 0.726144
1.908373 0.726884
1.908383 0.722922
1.910128 0.718585
1.908397 0.716928
1.896290 0.714846
1.029198 0.699900
1.005296 0.697763
1.003439 0.695509
0.983654 0.726879
0.991258 0.726023
0.994486 0.722695
0.992624 0.722746
0.995195 0.716446
0.986744 0.728217
0.979138 0.729601
0.997403 0.710199
0.994755 0.703945
1.000230 0.710250
1.001679 0.703999
0.993899 0.697694
0.997383 0.695908
0.998916 0.701438
0.996104 0.697754
0.998933 0.694417
0.971536 0.729846
0.971320 0.728886
0.964947 0.722633
0.958950 0.716366
0.973087 0.728027
0.960992 0.720636
0.953411 0.711695
0.959492 0.700189
0.959176 0.697632
0.947352 0.712657
0.939762 0.707383
0.927794 0.716284
0.931392 0.710041
0.926079 0.718496
0.920025 0.717957
0.923083 0.716327
0.899995 0.722470
0.894250 0.720121
0.888191 0.721776
0.882140 0.720233
0.876073 0.724635
0.873983 0.722413
0.870020 0.723548
0.868468 0.716155
0.868533 0.716156
0.907830 0.722515
0.915508 0.721391
0.901834 0.728079
0.889895 0.728788
0.848261 0.734851
0.842651 0.747094
0.846715 0.741102
0.844199 0.746540
0.848098 0.741150
0.853790 0.728615
0.863472 0.722402
0.855337 0.728648
0.856352 0.728278
0.851135 0.728695
0.829008 0.740830
0.836604 0.743548
0.829157 0.741090
0.818450 0.737543
0.824507 0.737044
0.838149 0.743577
0.838418 0.741178
0.756229 0.728390
0.752745 0.715882
0.745694 0.719864
0.751760 0.715191
0.732040 0.717679
0.739983 0.722123
0.725986 0.716752
0.727537 0.714786
0.700167 0.738355
0.703053 0.734518
0.705945 0.728275
0.701713 0.739215
0.705802 0.728301
0.718046 0.715810
0.721487 0.712975
0.708181 0.722052
0.713866 0.720635
0.715037 0.715849
0.708303 0.722130
0.796687 0.734733
0.798731 0.740026
0.804790 0.738429
0.803246 0.737379
0.790737 0.734730
0.786623 0.738749
0.785044 0.728474
0.778579 0.722208
0.777520 0.718705
0.772373 0.728430
0.771553 0.728478
0.772990 0.727607
0.773189 0.722182
0.765384 0.729493
0.759059 0.734660
0.757092 0.734667
0.754485 0.734730
0.760851 0.739917
0.764772 0.734735
0.754741 0.728416
0.753453 0.728424
0.753290 0.721980
0.752907 0.722167
0.741168 0.726308
0.735119 0.723647
0.694116 0.736809
0.688063 0.735892
0.687513 0.734486
0.682012 0.734060
0.695652 0.741526
0.689600 0.740235
0.683552 0.736678
0.677879 0.728243
0.679492 0.715715
0.682070 0.708121
0.683612 0.710476
0.684276 0.709571
0.680950 0.703218
0.674502 0.693424
0.682723 0.703271
0.680041 0.703244
0.679332 0.696994
0.686707 0.703318
0.669995 0.692172
0.663677 0.690742
0.661676 0.684425
0.661867 0.678178
0.648766 0.679116
0.655497 0.678164
0.654827 0.676652
0.655715 0.684419
0.650038 0.684439
0.622992 0.681168
0.629436 0.678100
0.594551 0.703023
0.598437 0.696780
0.604801 0.691320
0.641697 0.678135
0.644259 0.677674
0.638205 0.677252
0.612408 0.689526
0.618472 0.685731
0.454906 0.708949
0.462281 0.698393
0.428852 0.723344
0.448586 0.714693
0.442530 0.714395
0.444060 0.721985
0.443952 0.721470
0.444676 0.715258
0.429952 0.727652
0.431058 0.727691
0.434861 0.721417
0.436464 0.719520
0.431947 0.722428
0.437869 0.721473
0.448370 0.702684
0.422806 0.719581
0.416759 0.715464
0.422666 0.708875
0.416269 0.708861
0.409514 0.708859
0.410721 0.707858
0.403800 0.715106
0.424343 0.723550
0.416708 0.721419
0.412244 0.718064
0.377281 0.737957
0.384888 0.735492
0.386423 0.733803
0.384787 0.733867
0.380372 0.738704
0.378832 0.735937
0.387200 0.727554
0.387744 0.727614
0.392516 0.724305
0.398195 0.715070
0.402064 0.708828
0.390321 0.721307
0.585052 0.706793
0.591546 0.703030
0.586614 0.700335
0.591645 0.696829
0.571957 0.709219
0.577451 0.706152
0.572939 0.707742
0.551674 0.710197
0.545620 0.709056
0.540046 0.702902
0.553211 0.714124
0.560829 0.707015
0.541108 0.710091
0.526168 0.709114
0.533802 0.702907
0.526500 0.702869
0.519838 0.714469
0.513778 0.716552
0.512821 0.715342
0.521097 0.709135
0.519134 0.702901
0.514541 0.709116
0.511005 0.709091
0.511546 0.702841
0.500324 0.702804
0.501703 0.700333
0.509309 0.699058
0.494099 0.701582
0.495647 0.700648
0.485644 0.696533
0.482008 0.692529
0.475943 0.696248
0.469886 0.697146
0.457764 0.701570
0.345408 0.758852
0.339122 0.758687
0.330120 0.752432
0.332051 0.746168
0.325331 0.746181
0.326289 0.739907
0.327747 0.733657
0.326324 0.733682
0.362504 0.752495
0.372760 0.743062
0.371227 0.737249
0.364797 0.740053
0.373288 0.740072
0.373940 0.733861
0.360374 0.746243
0.328618 0.752496
0.319341 0.727389
0.321257 0.727512
0.319066 0.714889
0.313713 0.701869
0.270657 0.714778
0.274271 0.708656
0.274308 0.708535
0.294014 0.695581
0.287014 0.702323
0.287194 0.696073
0.287959 0.695401
0.289497 0.698698
0.275823 0.706280
0.222456 0.727166
0.190905 0.709693
0.191921 0.708349
0.210023 0.689639
0.194167 0.695853
0.199111 0.689613
0.178783 0.714880
0.184840 0.713987
0.179469 0.708362
0.171163 0.722275
0.172720 0.717878
0.172748 0.705579
0.176420 0.702085
0.172176 0.702066
0.172763 0.698848
0.168638 0.702088
0.242386 0.735191
0.243096 0.733478
0.243194 0.727232
0.244890 0.727311
0.243957 0.724557
0.268195 0.717260
0.260527 0.714764
0.262154 0.711215
0.254881 0.720991
0.250014 0.723196
0.251212 0.721008
0.251211 0.727318
0.263702 0.710450
0.257614 0.714830
0.236332 0.734286
0.236504 0.733460
0.230280 0.732828
0.226879 0.727200
0.223281 0.727174
0.225421 0.720950
0.222453 0.720916
0.236764 0.727218
0.230672 0.727214
0.237899 0.725242
0.224265 0.714986
0.221093 0.714664
0.217087 0.708413
0.205576 0.714687
0.211044 0.702160
0.213485 0.708457
0.205601 0.708437
0.204580 0.702386
0.199535 0.714696
0.192851 0.714667
0.199268 0.708429
0.196198 0.708394
0.199067 0.702168
0.196594 0.702144
0.206557 0.695896
0.205098 0.695913
0.200449 0.695893
0.201326 0.689644
0.204614 0.687650
0.184737 0.714653
0.183166 0.708406
0.180355 0.703779
0.178158 0.714664
0.145383 0.727376
0.152994 0.723289
0.159053 0.721824
0.154537 0.724418
0.160597 0.722820
0.147775 0.727026
0.119585 0.739360
0.125810 0.733194
0.127389 0.733225
0.128758 0.728782
0.134119 0.727001
0.121365 0.733228
0.099835 0.755604
0.101382 0.755517
0.106947 0.745664
0.112730 0.739415
0.106352 0.739400
0.101560 0.745738
0.105164 0.739482
0.087713 0.760111
0.093769 0.759659
0.095324 0.756060
0.089269 0.756010
0.075616 0.753958
0.077155 0.757050
0.106667 0.733151
0.113536 0.736804
0.107484 0.735475
0.068028 0.747959
0.043618 0.751757
0.055903 0.753934
0.048824 0.751770
0.041312 0.758003
0.031654 0.765315
0.037716 0.762370
0.016445 0.767000
0.025588 0.769806
0.069430 0.751847
0.057441 0.757243
0.062861 0.751828
0.063324 0.745555
0.060650 0.745552
0.062382 0.739304
0.061992 0.739016
0.048320 0.745338
1.577842 0.746094
1.571423 0.742773
1.565045 0.730245
1.558172 0.727715
1.565771 0.728817
1.554656 0.724024
1.520045 0.711400
1.538513 0.717684
1.540032 0.715455
1.532420 0.719996
1.533973 0.717118
1.526377 0.714248
1.520644 0.711417
1.521880 0.709200
1.453603 0.736243
1.463319 0.723762
1.463442 0.717512
1.503935 0.723908
1.508211 0.714479
1.502124 0.727947
1.501734 0.723891
1.496064 0.729543
1.495137 0.723870
1.493684 0.723922
1.502148 0.717187
1.496085 0.720572
1.496097 0.715183
1.514278 0.709109
1.512733 0.708667
1.500967 0.711363
1.500618 0.710154
1.494562 0.710219
1.481137 0.711308
1.476023 0.717586
1.478485 0.717601
1.478754 0.711352
1.482453 0.709285
1.456167 0.736290
1.462699 0.727118
1.466713 0.723790
1.469000 0.717541
1.699781 0.724304
1.700702 0.715612
1.694646 0.715308
1.687055 0.710534
1.702203 0.711874
1.680491 0.711764
1.682539 0.713668
1.674937 0.713568
1.672390 0.705576
1.661304 0.702391
1.655262 0.696808
1.641326 0.699196
1.649202 0.698754
1.644996 0.692947
1.668895 0.707276
1.666447 0.705503
1.660026 0.699255
1.670117 0.711810
1.670436 0.710021
1.670451 0.703472
1.650759 0.694116
1.656815 0.693790
1.615719 0.747615
1.613265 0.742886
1.616454 0.736636
1.603599 0.751750
1.605144 0.752303
1.591483 0.753715
1.585432 0.751191
1.617554 0.724145
1.613358 0.711606
1.617337 0.716326
1.612254 0.711637
1.635552 0.695390
1.637081 0.703134
1.636154 0.699167
1.633029 0.699198
1.637098 0.695411
1.631045 0.694797
1.637765 0.692979
1.637109 0.690946
1.617357 0.707408
1.620927 0.705389
1.612316 0.705354
1.623443 0.694241
1.617380 0.697629
1.621274 0.705461
1.625817 0.699205
1.569398 0.736595
1.449006 0.742215
1.435342 0.745295
1.436883 0.747430
1.428780 0.736183
1.429188 0.742435
1.423244 0.739305
1.430833 0.745107
1.422342 0.742489
1.417200 0.734445
1.411147 0.732849
1.402723 0.729877
1.400455 0.723624
1.406549 0.729924
1.403479 0.723676
1.403582 0.716933
1.401803 0.711126
1.403380 0.717427
1.405271 0.711183
1.405900 0.717469
1.393013 0.719003
1.394882 0.717437
1.393032 0.710523
1.399090 0.709589
1.391491 0.707642
1.399605 0.711214
1.444487 0.746621
1.354527 0.748616
1.350946 0.742311
1.354647 0.736058
1.349423 0.748562
1.347182 0.748549
1.341351 0.742318
1.346938 0.736038
1.334767 0.736046
1.380910 0.717368
1.379355 0.718783
1.366443 0.723588
1.371834 0.717314
1.367222 0.728477
1.383894 0.705774
1.381089 0.711118
1.354314 0.729809
1.359627 0.725181
1.345547 0.723496
1.358104 0.715260
1.351814 0.717258
1.340326 0.729765
1.340417 0.723518
1.339922 0.721581
1.334326 0.729771
1.334532 0.723531
1.330292 0.717208
1.332335 0.714870
1.319766 0.723437
1.306858 0.717157
1.301626 0.717176
1.300521 0.710639
1.286973 0.704608
1.289578 0.717189
1.288841 0.710901
1.294471 0.707884
1.292871 0.704637
1.289538 0.704687
1.280840 0.696277
1.288763 0.698397
1.282385 0.696910
1.276464 0.692140
1.276341 0.691900
1.268737 0.692898
1.270289 0.690078
1.254999 0.727310
1.260476 0.723297
1.259496 0.717044
1.242864 0.738072
1.244420 0.734241
1.248934 0.731808
1.252786 0.729578
1.253877 0.723328
1.251074 0.729614
1.257402 0.704540
1.257585 0.698290
1.261131 0.694269
1.257155 0.710827
1.256178 0.704577
1.262679 0.693711
1.234862 0.735738
1.236811 0.737119
1.235645 0.735767
1.230655 0.729519
1.231040 0.723269
1.225475 0.723317
1.229426 0.710728
1.223997 0.710739
1.227230 0.704473
1.224144 0.704495
1.218009 0.710744
1.218634 0.704527
1.211268 0.704466
1.217180 0.700978
1.209995 0.698183
1.209596 0.692973
1.327793 0.729418
1.326254 0.726090
1.330031 0.723502
1.327253 0.723453
1.321740 0.728268
1.320197 0.726572
1.314154 0.721555
1.302637 0.723479
1.295844 0.710943
1.183766 0.719899
1.177708 0.720655
1.171741 0.729353
1.157964 0.734180
1.153452 0.735343
1.159510 0.734114
1.145838 0.740115
1.205064 0.702996
1.197469 0.700131
1.188283 0.716902
1.179627 0.723172
1.192944 0.707008
1.173186 0.726249
1.141339 0.736321
1.133734 0.737219
1.126131 0.738116
1.114023 0.736495
1.115563 0.739066
1.121620 0.738980
1.106415 0.738929
1.088245 0.740474
1.107959 0.740238
1.089974 0.741754
1.095852 0.738546
1.080652 0.736323
1.079939 0.735384
1.082191 0.739909
1.076143 0.735953
1.069385 0.729143
1.064053 0.727119
1.068761 0.722871
1.068574 0.722058
1.062593 0.722866
1.059692 0.722836
1.062517 0.722325
1.058770 0.716584
1.058704 0.716613
1.062541 0.712013
1.059410 0.710335
1.062548 0.708565
1.056503 0.704536
1.056088 0.704113
1.054000 0.704074
1.054335 0.697824
1.050460 0.698859
1.048920 0.696116
1.042977 0.697812
1.030742 0.700834
1.024688 0.700330
1.012489 0.697821
