2.949285 0.710664
2.945544 0.713973
2.939488 0.713587
2.940027 0.720676
2.936545 0.721142
2.934442 0.752035
2.935879 0.744120
2.941799 0.750702
2.935624 0.750319
2.950905 0.738814
2.949207 0.737645
2.943235 0.736967
2.936681 0.731302
2.935117 0.729173
2.936998 0.736672
2.948569 0.744116
2.948064 0.744351
2.943243 0.742792
2.942521 0.746745
2.939182 0.743534
2.877313 0.742677
2.879639 0.745193
2.871264 0.745143
2.927993 0.725085
2.930363 0.726646
2.921790 0.724509
2.920385 0.730187
2.912182 0.719234
2.918243 0.721932
2.917540 0.725214
2.911099 0.725214
2.906124 0.717829
2.916124 0.738923
2.926686 0.736577
2.930618 0.742752
2.927374 0.742457
2.923559 0.737476
2.921608 0.738491
2.924347 0.742257
2.907736 0.745403
2.903093 0.747325
2.911938 0.741513
2.904593 0.742737
2.931890 0.716711
2.931900 0.720397
2.931433 0.723743
2.918981 0.723123
2.916374 0.721653
2.907675 0.717543
2.932035 0.734718
2.931969 0.734661
2.933883 0.740715
2.898525 0.720856
2.895079 0.718628
2.892873 0.717790
2.899107 0.723919
2.898538 0.726213
2.890952 0.734206
2.889652 0.729740
2.884904 0.736735
2.884314 0.738347
2.878859 0.740485
2.886100 0.735239
2.887337 0.741180
2.900065 0.715788
2.901621 0.717657
2.894007 0.714454
2.891676 0.721759
2.895558 0.713986
2.888834 0.715677
2.924162 0.758528
2.920627 0.759219
2.928876 0.752949
2.924447 0.756179
2.925384 0.764445
2.920348 0.765447
2.921303 0.766289
2.922395 0.762492
2.902165 0.752139
2.907946 0.758925
2.901468 0.756442
2.904261 0.749113
2.914188 0.765037
2.909187 0.763072
2.915248 0.766049
2.916793 0.763274
2.932076 0.748705
2.899042 0.750405
2.888295 0.755247
2.878938 0.748487
2.884604 0.755435
2.878678 0.754706
2.872179 0.748940
2.872292 0.754628
2.852407 0.732089
2.839761 0.731744
2.833350 0.730211
2.828267 0.725422
2.826416 0.732419
2.828820 0.719386
2.834885 0.723584
2.815152 0.715789
2.830365 0.716493
2.833030 0.721136
2.841044 0.727686
2.817252 0.715391
2.788449 0.725605
2.793209 0.718766
2.794611 0.716514
2.798530 0.711512
2.804588 0.712800
2.804602 0.718399
2.801512 0.723940
2.798702 0.725076
2.794492 0.724686
2.801521 0.727850
2.802035 0.730411
2.809256 0.721324
2.804142 0.723199
2.804526 0.729054
2.801547 0.722963
2.798022 0.721110
2.800720 0.728709
2.792477 0.712249
2.791831 0.714905
2.782739 0.715436
2.791472 0.730217
2.790625 0.722465
2.790017 0.727749
2.783116 0.723994
2.780974 0.723444
2.783352 0.725717
2.784387 0.728027
2.765249 0.718569
2.764717 0.724324
2.762775 0.729958
2.778816 0.711870
2.772762 0.712026
2.777272 0.714949
2.771218 0.715061
2.769885 0.716617
2.778835 0.719736
2.778379 0.721563
2.767072 0.722182
2.765689 0.721293
2.765185 0.724154
2.753741 0.752545
2.747551 0.758005
2.748147 0.762985
2.859166 0.749291
2.840962 0.732923
2.847020 0.734025
2.853802 0.741752
2.853320 0.748282
2.837341 0.737867
2.832120 0.737386
2.811667 0.741351
2.848566 0.731753
2.851189 0.734426
2.809156 0.739935
2.808626 0.741880
2.802305 0.735863
2.795579 0.736408
2.802024 0.742109
2.797024 0.730241
2.795629 0.742043
2.789812 0.735311
2.779695 0.748956
2.782876 0.747714
2.768175 0.739655
2.767969 0.736249
2.774465 0.750514
2.773815 0.750773
2.768645 0.752684
2.769824 0.744597
2.775796 0.745691
2.768678 0.743739
2.767011 0.741986
2.748487 0.750482
2.748539 0.750746
2.764615 0.734512
2.773273 0.756539
2.766744 0.758194
2.768228 0.761006
2.754564 0.759870
2.762172 0.760443
2.755873 0.761167
2.692381 0.724142
2.692980 0.724859
2.686325 0.723422
2.680268 0.722253
2.666360 0.725178
2.659633 0.725594
2.655520 0.704733
2.656276 0.703641
2.652977 0.703753
2.653768 0.718930
2.648106 0.717800
2.653411 0.725275
2.647797 0.724078
2.640823 0.716113
2.641783 0.717630
2.641555 0.723792
2.635069 0.718024
2.635804 0.722806
2.630078 0.721794
2.740884 0.751753
2.741427 0.751717
2.744176 0.758612
2.739718 0.772198
2.733321 0.769348
2.739493 0.766183
2.733976 0.770670
2.727876 0.771105
2.739398 0.778345
2.740942 0.775324
2.733718 0.777453
2.726779 0.777592
2.721236 0.778679
2.713626 0.777419
2.715173 0.775342
2.693755 0.730737
2.696055 0.736763
2.694977 0.744845
2.690891 0.749283
2.689011 0.750110
2.690897 0.751736
2.695583 0.742541
2.695366 0.748350
2.695578 0.758649
2.702323 0.769881
2.696245 0.763520
2.694638 0.756441
2.691583 0.755147
2.707567 0.775340
2.670564 0.751732
2.670173 0.758129
2.663572 0.750174
2.663587 0.756021
2.667347 0.758677
2.659625 0.752158
2.657952 0.751342
2.674220 0.725140
2.680405 0.729340
2.680290 0.731289
2.681944 0.735485
2.680302 0.736236
2.674236 0.731317
2.674247 0.736105
2.660569 0.728694
2.667723 0.734907
2.672295 0.755100
2.665461 0.742157
2.665487 0.750322
2.659773 0.742892
2.657714 0.741463
2.659061 0.746532
2.665132 0.753200
2.665305 0.755877
2.659082 0.755148
2.659381 0.755146
2.654508 0.726251
2.655233 0.728503
2.648458 0.727515
2.635728 0.728761
2.653010 0.747893
2.653020 0.752029
2.646927 0.748690
2.675472 0.771041
2.670292 0.772949
2.667759 0.773292
2.666447 0.772592
2.663598 0.760831
2.664420 0.762979
2.660719 0.763878
2.666178 0.770193
2.674198 0.777971
2.674201 0.776742
2.668154 0.782223
2.670508 0.782233
2.669454 0.782516
2.664360 0.778204
2.661219 0.775569
2.663648 0.780834
2.666424 0.781866
2.671207 0.761557
2.671814 0.762539
2.674711 0.768628
2.736021 0.738560
2.729457 0.738740
2.730658 0.737003
2.731831 0.732472
2.726232 0.734818
2.715100 0.684086
2.718338 0.685212
2.715733 0.683996
2.712564 0.684677
2.715105 0.685660
2.693952 0.732003
2.696985 0.734515
2.736357 0.742029
2.737723 0.744023
2.735996 0.744426
2.737899 0.738173
2.740489 0.741927
2.730297 0.739772
2.729880 0.743957
2.730308 0.744405
2.724347 0.742658
2.724022 0.742774
2.745739 0.768040
2.706079 0.739702
2.708984 0.741421
2.687019 0.723251
2.681025 0.722613
2.687080 0.729008
2.408865 0.786668
2.408923 0.786866
2.405212 0.776907
2.404418 0.785974
2.410478 0.788087
2.413071 0.790495
2.409484 0.791690
2.403331 0.791276
2.410496 0.795587
2.377832 0.758198
2.397985 0.783870
2.397211 0.790816
2.613569 0.732842
2.613559 0.739212
2.607506 0.739549
2.594231 0.738686
2.614330 0.725909
2.620109 0.732698
2.613822 0.738297
2.610261 0.730195
2.607814 0.737673
2.622674 0.721714
2.616625 0.723661
2.610571 0.724149
2.604525 0.735500
2.578503 0.726224
2.581525 0.732604
2.582215 0.737435
2.575646 0.724699
2.569581 0.720654
2.563526 0.720215
2.576379 0.730729
2.570548 0.729856
2.564554 0.735072
2.577620 0.723113
2.577197 0.724373
2.565070 0.717029
2.571135 0.721811
2.571145 0.725208
2.565093 0.726455
2.603024 0.743526
2.600776 0.744366
2.604274 0.749461
2.600528 0.750558
2.594821 0.743668
2.595661 0.751029
2.593747 0.751046
2.601715 0.755060
2.601401 0.755166
2.605958 0.741460
2.582144 0.743375
2.576145 0.742747
2.564066 0.741613
2.524855 0.759841
2.521084 0.757729
2.515033 0.758491
2.514632 0.759515
2.508975 0.757249
2.506605 0.758155
2.503977 0.756313
2.536243 0.735479
2.543824 0.725303
2.543852 0.725364
2.543615 0.731534
2.544152 0.730761
2.538160 0.730693
2.537783 0.730713
2.554136 0.718164
2.551426 0.723520
2.551317 0.723719
2.558193 0.729107
2.550652 0.730676
2.559017 0.717706
2.555999 0.721806
2.539330 0.728925
2.545393 0.732250
2.552909 0.735510
2.537807 0.740503
2.540397 0.742539
2.543562 0.754984
2.519620 0.730926
2.531733 0.732607
2.508561 0.708879
2.509006 0.707577
2.510469 0.733790
2.502774 0.726391
2.505954 0.728659
2.502658 0.732180
2.513505 0.722696
2.512463 0.722541
2.516532 0.737254
2.522630 0.754731
2.527419 0.757694
2.524125 0.755145
2.516579 0.756155
2.503372 0.749690
2.508442 0.755973
2.525729 0.765723
2.513503 0.767132
2.502831 0.777615
2.522028 0.763967
2.514341 0.764676
2.515049 0.765079
2.521108 0.767318
2.522645 0.761221
2.519982 0.762840
2.516609 0.768017
2.508983 0.760428
2.509765 0.763084
2.503503 0.762833
2.507116 0.775665
2.501430 0.781852
2.511242 0.781868
2.501530 0.783172
2.507491 0.784619
2.511067 0.790004
2.506780 0.790712
2.509637 0.795703
2.501528 0.789145
2.506270 0.795401
2.489783 0.752358
2.483603 0.751980
2.477147 0.755045
2.458207 0.732850
2.459054 0.738562
2.463038 0.744907
2.465025 0.749760
2.465633 0.750957
2.463362 0.753316
2.464319 0.751923
2.469546 0.757287
2.471096 0.756690
2.460669 0.752879
2.457433 0.755689
2.498338 0.724491
2.499079 0.724908
2.499008 0.730843
2.491885 0.726000
2.486221 0.720835
2.479478 0.718429
2.499905 0.730850
2.493832 0.723004
2.481706 0.716098
2.487769 0.719641
2.490791 0.748478
2.484729 0.745370
2.478680 0.747402
2.486272 0.741733
2.479780 0.742396
2.474110 0.720281
2.466511 0.723066
2.467873 0.723474
2.460096 0.725394
2.460920 0.724206
2.458490 0.724686
2.460478 0.732012
2.475428 0.721895
2.474129 0.743561
2.471889 0.750301
2.466559 0.742610
2.466302 0.743241
2.457462 0.736229
2.460496 0.739323
2.496322 0.763886
2.489558 0.758513
2.492844 0.765075
2.494620 0.772168
2.494009 0.779178
2.493818 0.779361
2.487906 0.772809
2.483471 0.778209
2.474099 0.778123
2.469042 0.773457
2.482862 0.758881
2.483428 0.758065
2.481861 0.777825
2.469574 0.768469
2.475646 0.775571
2.476179 0.776739
2.486226 0.785266
2.487767 0.780749
2.488223 0.783775
2.480172 0.785186
2.482057 0.783385
2.478043 0.783532
2.475381 0.783721
2.482373 0.788789
2.479039 0.795280
2.475688 0.792868
2.475241 0.795614
2.495371 0.780004
2.465678 0.759146
2.463035 0.759615
2.464418 0.757615
2.463508 0.763947
2.462789 0.764689
2.457841 0.757809
2.452786 0.763777
2.464526 0.769151
2.436194 0.766597
2.449846 0.763476
2.444644 0.765396
2.439281 0.760249
2.437852 0.764604
2.459717 0.762073
2.425612 0.756538
2.427158 0.754147
2.433223 0.758403
2.419554 0.755155
2.405880 0.749732
2.410319 0.750630
2.421096 0.751074
2.414129 0.750005
2.393848 0.739716
2.399812 0.744022
2.398006 0.737874
2.395284 0.733592
2.396833 0.732604
2.387871 0.733218
2.389228 0.733083
2.383170 0.731321
2.384710 0.726723
2.390766 0.727315
2.405645 0.744386
2.430137 0.765620
2.431685 0.763912
2.412198 0.776134
2.405937 0.772693
2.411778 0.782225
2.356625 0.720174
2.348691 0.718287
2.331596 0.717048
2.338548 0.719737
2.336816 0.719576
2.344270 0.717882
2.332134 0.718322
2.325540 0.716011
2.326418 0.717283
2.322399 0.718246
2.318323 0.720260
2.349788 0.728498
2.366462 0.754416
2.369415 0.759804
2.373954 0.752198
2.363451 0.745257
2.355877 0.742809
2.354334 0.746395
2.348284 0.747890
2.343717 0.721804
2.343734 0.728647
2.337679 0.728167
2.337974 0.736702
2.331605 0.720672
2.325551 0.720413
2.330490 0.726536
2.324617 0.725709
2.317990 0.725980
2.331263 0.737085
2.325193 0.736559
2.334626 0.748785
2.344429 0.743523
2.337356 0.743426
2.330119 0.747623
2.323648 0.750445
2.321819 0.749642
2.323096 0.755589
2.331510 0.742583
2.364507 0.773348
2.365188 0.778882
2.358918 0.779332
2.345256 0.778671
2.352103 0.779176
2.374081 0.759589
2.367998 0.771291
2.369269 0.769070
2.368802 0.777183
2.360475 0.781583
2.354389 0.784042
2.352365 0.784632
2.346824 0.785506
2.325782 0.774162
2.339200 0.777726
2.333894 0.777575
2.339953 0.783962
2.333869 0.783455
2.326762 0.778564
2.327190 0.783793
2.320998 0.762252
2.320033 0.767330
2.319931 0.773300
2.313111 0.765185
2.313822 0.771066
2.312447 0.776765
2.321046 0.781549
2.340148 0.777842
2.316497 0.762729
2.284613 0.738307
2.311129 0.726590
2.304306 0.729254
2.311962 0.725381
2.313302 0.729308
2.305852 0.726897
2.298727 0.725890
2.295721 0.726359
2.299786 0.722474
2.300645 0.724435
2.292182 0.723130
2.292194 0.728064
2.292207 0.732985
2.293745 0.727470
2.292202 0.729494
2.312940 0.735672
2.310443 0.762948
2.278558 0.737959
2.279832 0.747084
2.277719 0.745819
2.274225 0.746563
2.277096 0.752632
2.277043 0.752726
2.257982 0.740597
2.252112 0.739764
2.251255 0.745003
2.256978 0.747362
2.260390 0.735658
2.254332 0.734290
2.274042 0.732210
2.278958 0.736456
2.279523 0.749087
2.267981 0.729980
2.184735 0.835001
2.190647 0.842627
2.194721 0.847777
2.191416 0.846304
2.184336 0.841404
2.184591 0.842083
2.188649 0.861978
2.183096 0.864993
2.194066 0.853521
2.191677 0.851767
2.189803 0.858943
2.184636 0.860396
2.153951 0.874391
2.149756 0.879344
2.169434 0.864568
2.170993 0.867452
2.178934 0.863783
2.163376 0.863256
2.164933 0.865462
2.157336 0.868974
2.157446 0.864176
2.157349 0.873946
2.151299 0.875772
2.142148 0.878775
2.131592 0.878895
2.123993 0.882041
2.119477 0.876411
2.145239 0.873408
2.231547 0.747910
2.225511 0.755289
2.221298 0.760447
2.220426 0.757989
2.190623 0.770974
2.184574 0.773213
2.185446 0.779323
2.181535 0.799648
2.182171 0.800232
2.189028 0.787850
2.188655 0.793615
2.186888 0.791086
2.186192 0.799196
2.182115 0.796483
2.220959 0.766218
2.221467 0.763904
2.204265 0.763440
2.203976 0.767500
2.210332 0.768842
2.211883 0.768324
2.205832 0.769787
2.191974 0.772051
2.187457 0.782982
2.248285 0.737202
2.239136 0.740889
2.231971 0.739241
2.228550 0.744739
2.228350 0.742736
2.229344 0.750631
2.225130 0.756079
2.204074 0.814848
2.199744 0.817813
2.197278 0.820019
2.200545 0.813264
2.201340 0.818026
2.201317 0.817992
2.187603 0.805137
2.195007 0.806128
2.188519 0.806196
2.189119 0.821658
2.197907 0.811896
2.196063 0.816311
2.188362 0.812257
2.190453 0.817043
2.188837 0.817420
2.194178 0.825546
2.193576 0.825692
2.187286 0.825476
2.195247 0.820168
2.188000 0.824456
2.186589 0.838843
2.181543 0.802932
2.183099 0.804584
2.182931 0.804714
2.181791 0.812443
2.179014 0.810187
2.182232 0.817653
2.184666 0.827046
2.184384 0.832828
2.184071 0.836283
2.182633 0.822938
2.189695 0.850769
2.375559 0.729258
2.369502 0.728281
2.370779 0.730003
2.358634 0.725010
2.358938 0.725313
2.354263 0.724609
2.352877 0.722680
2.351334 0.726439
2.363453 0.730879
2.369559 0.751551
2.375276 0.756150
2.375204 0.755622
2.363880 0.742349
2.351364 0.738620
2.346585 0.729733
2.345073 0.729921
2.345298 0.733592
2.338884 0.729564
1.986879 0.894151
1.985426 0.881340
1.982753 0.886903
1.985784 0.892995
1.976589 0.890457
1.906901 0.861446
1.928169 0.841222
1.922250 0.846488
1.917881 0.848465
1.915910 0.854087
1.913279 0.858101
1.907312 0.867292
1.904983 0.869468
1.907825 0.875531
1.912170 0.887542
1.908538 0.884860
1.906745 0.890530
1.911940 0.877016
1.844355 0.889518
1.832920 0.879046
1.833422 0.880860
1.833920 0.887477
1.810195 0.854795
1.828127 0.875328
1.821329 0.868058
1.821613 0.879323
1.821473 0.885366
1.815224 0.885094
1.811067 0.858465
1.816874 0.865211
1.804126 0.848958
1.797494 0.847776
1.793585 0.846541
1.798073 0.849451
1.793135 0.852320
1.790460 0.846745
1.784402 0.845288
1.779867 0.847652
1.782873 0.854718
1.784422 0.853210
1.792010 0.845856
1.792020 0.849549
1.791418 0.853087
1.785053 0.845766
1.785963 0.848941
1.793545 0.882716
1.793500 0.882761
1.787441 0.881100
1.794717 0.869291
1.796806 0.860434
1.793048 0.858138
1.798507 0.866797
1.796951 0.864318
1.796569 0.868935
1.790909 0.874281
1.790030 0.880015
1.790521 0.870974
1.777050 0.866892
1.783998 0.872012
1.777567 0.873062
1.782932 0.878120
1.784463 0.869890
1.772760 0.869186
1.773833 0.875088
1.751141 0.861382
1.751055 0.861393
1.769992 0.856130
1.757795 0.849309
1.751591 0.848964
1.758508 0.854100
1.751741 0.854570
1.770785 0.862765
1.763666 0.861787
1.764736 0.864839
1.758149 0.860452
1.758333 0.866027
1.752074 0.865769
1.758686 0.866815
1.752636 0.867967
1.805679 0.849552
1.807927 0.851323
1.799620 0.847610
1.809618 0.857306
1.794948 0.844327
1.791412 0.844012
1.786503 0.845070
1.654044 0.860198
1.669240 0.888972
1.668441 0.886531
1.641915 0.852098
1.629795 0.847899
1.730550 0.856066
1.726790 0.861520
1.726306 0.865775
1.731371 0.868743
1.738924 0.847436
1.745806 0.848010
1.740324 0.846627
1.746310 0.853118
1.745301 0.852672
1.735899 0.848364
1.734142 0.845839
1.746556 0.857983
1.746725 0.858624
1.730184 0.851308
1.726845 0.859527
1.720708 0.864584
1.720806 0.865129
1.736992 0.874077
1.733506 0.876140
1.736922 0.879886
1.729986 0.881410
1.718996 0.888794
1.718901 0.886418
1.731409 0.884109
1.731731 0.884759
1.725106 0.885019
1.732815 0.871527
1.738955 0.877738
1.726870 0.869364
1.663765 0.866299
1.669274 0.872621
1.670389 0.884379
1.631352 0.849640
2.093916 0.841761
2.088815 0.839815
2.069370 0.827447
2.098181 0.864624
2.091154 0.869080
2.092129 0.865871
2.089257 0.867386
2.098692 0.860067
2.094005 0.865454
2.093469 0.865727
2.110327 0.880190
2.098209 0.875968
2.097123 0.881414
2.096676 0.883388
2.092149 0.873944
2.091563 0.880136
2.090624 0.884664
2.085747 0.867573
2.078475 0.868296
2.079440 0.866484
2.066371 0.870291
2.073959 0.862945
2.074774 0.864831
2.070733 0.865689
2.060002 0.867545
2.060315 0.869278
2.064847 0.881622
2.058780 0.876104
2.070583 0.888367
2.085689 0.873487
2.085200 0.880025
2.080597 0.871556
2.074719 0.870760
2.084567 0.883264
2.080056 0.879737
2.074002 0.880139
2.073013 0.884872
2.069383 0.871389
2.067590 0.871734
2.067387 0.877869
2.070605 0.885485
2.060671 0.872416
2.058053 0.872707
2.060424 0.878611
2.060339 0.878838
2.090852 0.833734
2.089380 0.833167
2.091710 0.851260
2.113416 0.873797
2.099234 0.863594
2.101290 0.866693
2.078522 0.825516
2.083035 0.829430
2.070914 0.824436
2.057250 0.823201
2.043599 0.826665
2.031491 0.826962
2.040573 0.858534
2.036060 0.853926
2.037287 0.857344
2.029991 0.848249
2.031551 0.851472
2.010252 0.838267
2.004188 0.834531
1.998140 0.836931
2.013315 0.821661
2.019373 0.823242
2.017840 0.831093
2.011454 0.834083
2.014861 0.819686
2.020920 0.821762
2.026980 0.823957
2.007479 0.825026
2.005728 0.829250
2.006715 0.831640
2.000137 0.830193
2.007647 0.830319
2.016327 0.846843
2.004217 0.846078
2.002678 0.851344
1.998170 0.848912
1.995793 0.861425
2.025490 0.849021
2.019428 0.845779
2.011818 0.844285
2.005760 0.842817
1.996782 0.843872
1.999715 0.846248
2.052736 0.818584
2.058796 0.820877
2.040633 0.820616
2.046689 0.821278
2.046644 0.865565
2.047172 0.867469
2.053007 0.874175
2.051160 0.888443
2.050864 0.880227
2.051924 0.886137
2.046709 0.891610
2.053703 0.867339
2.043824 0.865593
2.042897 0.870222
2.047602 0.878525
2.047175 0.883377
1.981037 0.847137
1.987356 0.839535
1.992564 0.845134
1.988827 0.845487
1.964744 0.842270
1.964779 0.842889
1.965109 0.847562
1.984011 0.850877
1.980898 0.852936
1.992131 0.855249
1.991481 0.858365
1.986231 0.856908
1.977945 0.853461
1.978468 0.854243
1.972042 0.852686
1.994533 0.832017
1.993627 0.832469
1.987579 0.835384
1.987587 0.838427
1.993650 0.842084
1.958721 0.841135
1.958946 0.841332
1.954223 0.843109
1.959509 0.846349
1.946599 0.835644
1.942104 0.839123
1.989574 0.867726
1.989613 0.865366
1.991027 0.873668
1.989619 0.872703
1.984696 0.870550
1.983040 0.882321
1.976990 0.883990
1.976972 0.884064
1.934495 0.837949
3.457300 0.723847
3.453019 0.723946
3.453359 0.731295
3.439704 0.733485
3.446256 0.736065
3.453895 0.740191
3.444127 0.740084
3.426697 0.736406
3.420462 0.736109
3.420000 0.737714
3.426059 0.739761
3.426970 0.741847
3.421148 0.740962
3.433653 0.734841
3.434841 0.739814
3.427776 0.734853
3.427608 0.738500
3.421541 0.733668
3.421960 0.733962
3.421552 0.737773
3.427619 0.743006
3.421561 0.741618
3.394224 0.735099
3.409723 0.730028
3.407876 0.731630
3.405791 0.729665
3.415533 0.733943
3.413948 0.738848
3.414915 0.740668
3.407889 0.737038
3.401834 0.736208
3.395783 0.737986
3.382110 0.732828
3.372394 0.728970
3.376057 0.733218
3.456372 0.756334
3.450317 0.756261
3.453477 0.754915
3.448297 0.748625
3.443665 0.748203
3.455766 0.764269
3.456395 0.765768
3.449453 0.764082
3.447395 0.762535
3.450338 0.764889
3.451873 0.757678
3.453402 0.749047
3.452276 0.754181
3.448158 0.746276
3.334483 0.751022
3.341181 0.753913
3.341191 0.758086
3.332324 0.758039
3.337287 0.761923
3.327131 0.763998
3.314345 0.758036
3.314522 0.763600
3.341238 0.768070
3.333447 0.769749
3.336689 0.773519
3.335177 0.774522
3.321513 0.772712
3.315414 0.774003
3.303267 0.739038
3.304353 0.742190
3.291156 0.737988
3.297215 0.739690
3.298430 0.741449
3.263864 0.749509
3.286659 0.740366
3.264969 0.743254
3.273004 0.742522
3.266944 0.740335
3.308961 0.756496
3.309395 0.768895
3.308588 0.774547
3.307683 0.773239
3.362390 0.730249
3.356338 0.731627
3.351048 0.734052
3.363934 0.726995
3.364415 0.727516
3.363946 0.732301
3.364370 0.733430
3.359856 0.727828
3.345777 0.760353
3.338514 0.730613
3.336329 0.736216
3.344230 0.731906
3.340012 0.734196
3.338760 0.748068
3.340558 0.740074
3.342569 0.754237
3.202527 0.717087
3.204500 0.713827
3.196136 0.709596
3.196990 0.715487
3.197182 0.715606
3.180743 0.696563
3.184525 0.703515
3.181440 0.702437
3.175746 0.713568
3.192653 0.704621
3.180220 0.699989
3.165309 0.694868
3.166867 0.697735
3.158894 0.697497
3.153206 0.696987
3.165342 0.708345
3.165583 0.708800
3.165081 0.715358
3.160816 0.698862
3.159280 0.705135
3.154764 0.699515
3.149089 0.701844
3.158280 0.710041
3.158328 0.715805
3.151916 0.715762
3.173323 0.695261
3.257816 0.752306
3.258584 0.749006
3.253288 0.741945
3.252943 0.747865
3.251155 0.747165
3.253307 0.749424
3.221441 0.732257
3.205364 0.722067
3.207200 0.731312
3.208762 0.728196
3.225956 0.737441
3.227899 0.738141
3.228783 0.735836
3.227506 0.736655
3.226524 0.742963
3.223296 0.741157
3.224445 0.753859
3.228841 0.749833
3.220678 0.747951
3.225990 0.751570
3.213746 0.736982
3.207037 0.737373
3.207796 0.738648
3.217024 0.734766
3.215398 0.736728
3.209347 0.738099
3.215677 0.734214
3.253594 0.757925
3.251695 0.755488
3.251832 0.755291
3.252542 0.763631
3.253142 0.761326
3.250240 0.764548
3.256245 0.767433
3.251420 0.767568
3.244192 0.766944
3.238125 0.761745
3.236582 0.765540
3.239212 0.762409
3.238353 0.767830
3.231602 0.762428
3.231734 0.768084
3.256959 0.753516
3.224462 0.760861
3.218198 0.757349
3.219124 0.756013
3.225889 0.761201
3.221231 0.754956
3.220217 0.760303
3.219964 0.762774
3.219425 0.767272
3.180487 0.743080
3.174422 0.738904
3.173602 0.744988
3.161441 0.738113
3.147884 0.744920
3.145839 0.735345
3.146284 0.741208
3.180492 0.745537
3.174443 0.747639
3.161474 0.750770
3.161404 0.749820
3.162549 0.748182
3.160033 0.748274
3.162348 0.752914
3.157021 0.756171
3.162353 0.754605
3.153208 0.760377
3.147156 0.761047
3.148722 0.766737
3.150942 0.767267
3.203242 0.717817
3.200037 0.723952
3.202083 0.729389
3.200385 0.729790
3.203273 0.730119
3.174970 0.724024
3.177844 0.730094
3.176673 0.721809
3.180170 0.727948
3.199464 0.735519
3.176345 0.735768
3.175811 0.735955
3.182031 0.739824
3.183081 0.742199
3.183867 0.748091
3.181563 0.748619
3.169874 0.720787
3.163822 0.721285
3.162832 0.724438
3.171416 0.716494
3.156662 0.724043
3.150668 0.729229
3.182056 0.750178
3.176001 0.749741
3.121433 0.704050
3.117445 0.697881
3.126074 0.710284
3.119742 0.717893
3.132025 0.731830
3.138080 0.732448
3.123363 0.721664
3.120063 0.723725
3.122749 0.727435
3.139547 0.697911
3.141090 0.694089
3.146932 0.695831
3.138065 0.695023
3.141099 0.697833
3.145588 0.703939
3.145221 0.703860
3.146419 0.708573
3.140413 0.702110
3.133494 0.698423
3.126993 0.702884
3.127466 0.709050
3.145964 0.720911
3.146779 0.727271
3.130025 0.714106
3.127484 0.716331
3.059823 0.730196
3.056176 0.724990
3.056917 0.730859
3.048695 0.724295
3.045908 0.724037
3.047109 0.730424
3.039502 0.730192
3.032840 0.731971
3.041046 0.727295
3.036536 0.723916
3.042609 0.727190
3.142613 0.744440
3.136550 0.741096
3.131923 0.744625
3.135018 0.749470
3.133493 0.759941
3.128009 0.738463
3.128567 0.750735
3.119578 0.751679
3.127437 0.759358
3.126896 0.772159
3.133014 0.776938
3.125754 0.778127
3.113806 0.771254
3.119869 0.774970
3.114539 0.775722
3.141103 0.761479
3.136867 0.762506
3.133982 0.769710
3.141124 0.770445
3.137648 0.776569
3.137489 0.774211
3.133538 0.778459
3.142531 0.760864
3.128733 0.762165
3.121582 0.763472
3.121400 0.766361
3.127458 0.767870
3.121307 0.769414
3.121552 0.769063
3.127487 0.779578
3.121426 0.776988
3.089535 0.749410
3.095592 0.750616
3.095607 0.756616
3.104755 0.752403
3.103211 0.755891
3.096562 0.744618
3.090415 0.744191
3.097144 0.750789
3.101674 0.761447
3.108049 0.764123
3.107726 0.770421
3.107777 0.770347
3.090995 0.755030
3.089559 0.759016
3.109273 0.758772
3.112472 0.762639
3.108069 0.754081
3.103173 0.756033
3.112324 0.768446
3.110968 0.774151
3.145065 0.733882
3.139899 0.740635
3.144164 0.744057
3.077160 0.738540
3.083857 0.744361
3.072212 0.736738
3.073439 0.740832
3.072909 0.743515
3.066852 0.742159
3.082961 0.751489
3.076718 0.751200
3.077440 0.754654
3.082828 0.757507
3.083501 0.757483
3.085051 0.756743
3.071643 0.749227
3.066074 0.747987
3.058084 0.736774
3.052618 0.737130
3.060121 0.741450
3.060081 0.747356
3.022854 0.715515
3.026067 0.724594
3.025156 0.722138
3.028934 0.725594
3.022130 0.713710
3.012402 0.707006
3.004660 0.702758
2.997051 0.701236
2.991003 0.703798
2.980429 0.697002
2.965219 0.697944
2.974374 0.696619
2.959753 0.701092
2.953128 0.704847
2.947593 0.708153
1.191238 0.837288
1.592304 0.863426
1.590394 0.858946
1.585138 0.866204
1.582806 0.866471
1.570702 0.868093
1.578303 0.866122
1.617689 0.848817
1.610091 0.852191
1.597989 0.854654
1.547173 0.881445
1.557058 0.874862
1.564648 0.868346
1.541861 0.880819
1.543419 0.883437
1.537499 0.880561
1.538118 0.878283
1.530359 0.882275
1.529757 0.882776
1.532071 0.885891
1.523710 0.885665
1.525261 0.884948
1.464571 0.887681
1.467664 0.883244
1.445940 0.870693
1.439871 0.870150
1.432854 0.863017
1.434245 0.865245
1.431453 0.860514
1.432770 0.866455
1.448454 0.876066
1.452090 0.882762
1.441359 0.873829
1.445692 0.881621
1.444580 0.879172
1.436266 0.872596
1.427912 0.857159
1.422102 0.851548
1.428666 0.856057
1.423968 0.847708
1.430634 0.853226
1.417583 0.844475
1.411528 0.844025
1.361990 0.877635
1.355208 0.877326
1.363008 0.871230
1.343939 0.869153
1.350893 0.868910
1.343301 0.874571
1.348788 0.883118
1.344557 0.884216
1.349939 0.875621
1.344489 0.876011
1.390277 0.850928
1.396334 0.851728
1.381012 0.857201
1.379355 0.862848
1.376650 0.864197
1.370126 0.862713
1.369561 0.869360
1.372130 0.856860
1.399417 0.843382
1.393364 0.843926
1.379718 0.849776
1.366568 0.853498
1.364370 0.861722
1.364014 0.868070
1.352428 0.862215
1.346374 0.862337
1.345710 0.851622
1.338761 0.859369
1.340222 0.861626
1.331157 0.860503
1.325095 0.856995
1.326639 0.853938
1.337446 0.869228
1.336506 0.869469
1.285677 0.861927
1.301859 0.862851
1.299344 0.864383
1.314519 0.849696
1.312978 0.853551
1.302413 0.850205
1.293558 0.861668
1.288763 0.854446
1.296355 0.848813
1.340940 0.852550
1.334245 0.853906
1.341835 0.847478
1.322121 0.847653
1.316056 0.843464
1.310000 0.842892
1.190158 0.779902
1.191657 0.783014
1.191071 0.781563
1.184097 0.776664
1.185590 0.780189
1.182666 0.796179
1.190403 0.788361
1.184988 0.786890
1.184136 0.792487
1.264496 0.834236
1.272100 0.833385
1.263913 0.825602
1.257642 0.827370
1.269412 0.847671
1.271176 0.839317
1.278169 0.839429
1.263769 0.840690
1.259420 0.839180
1.258790 0.838619
1.263363 0.847111
1.262981 0.849224
1.243363 0.830597
1.243225 0.832494
1.244118 0.836687
1.243236 0.837140
1.237186 0.838437
1.233630 0.841528
1.252362 0.824200
1.250981 0.828883
1.250261 0.829061
1.245412 0.820439
1.244755 0.823783
1.240234 0.815991
1.238696 0.821282
1.236478 0.819631
1.241979 0.811974
1.251809 0.833532
1.244941 0.834141
1.252108 0.838958
1.238734 0.836889
1.273561 0.858512
1.267523 0.856228
1.267501 0.856344
1.261017 0.856321
1.260710 0.855634
1.262685 0.864011
1.257522 0.869335
1.261313 0.861502
1.258709 0.867083
1.282717 0.857691
1.279730 0.860823
1.272307 0.854329
1.276649 0.852456
1.253878 0.871541
1.257007 0.852944
1.255423 0.868580
1.235713 0.870483
1.241772 0.872862
1.243314 0.868649
1.220945 0.822935
1.218988 0.824287
1.206871 0.820845
1.210761 0.821996
1.206710 0.821873
1.212929 0.822454
1.232627 0.815936
1.233665 0.820166
1.222746 0.812568
1.226362 0.821399
1.222061 0.812003
1.214927 0.814199
1.215993 0.806314
1.214460 0.813731
1.212638 0.819813
1.230663 0.847076
1.206322 0.829777
1.205345 0.831689
1.206041 0.828671
1.219899 0.833115
1.234442 0.825279
1.226615 0.832944
1.233690 0.839191
1.220303 0.826695
1.220565 0.834490
1.214215 0.826196
1.213324 0.825704
1.214012 0.832333
1.194756 0.818170
1.180951 0.816036
1.179556 0.823249
1.182617 0.806115
1.185456 0.808053
1.181793 0.808988
1.189175 0.814208
1.194398 0.821055
1.200007 0.828086
1.197865 0.837190
1.200968 0.835091
1.196940 0.834723
1.192262 0.835798
1.187202 0.822207
1.190779 0.828346
1.185629 0.831034
1.202345 0.811287
1.190227 0.808032
1.184172 0.807524
1.225993 0.857203
1.231656 0.852257
1.228095 0.865670
1.227396 0.860767
1.229650 0.867456
1.229129 0.858596
1.035257 0.749090
1.032608 0.754541
1.025585 0.755380
1.007871 0.757146
1.005227 0.760523
0.999166 0.758039
0.993101 0.753714
1.012823 0.756525
1.006770 0.757239
1.014376 0.756900
1.000708 0.753793
0.979240 0.757211
0.987038 0.750170
0.980983 0.749577
0.981515 0.757098
0.980040 0.756044
0.972762 0.757264
0.966625 0.756820
0.979002 0.754483
0.974946 0.756776
0.973402 0.759942
0.968883 0.753104
0.967349 0.760188
0.988586 0.748174
0.982536 0.750051
0.976171 0.752369
0.909720 0.745230
0.944632 0.739425
0.957047 0.749028
0.957470 0.746710
0.962822 0.750241
0.960128 0.755121
0.937006 0.731303
0.930953 0.731766
0.938568 0.735313
0.917308 0.738235
0.924902 0.732929
0.896071 0.750043
0.883954 0.746482
0.873391 0.743802
0.858181 0.744935
0.859393 0.747717
0.852726 0.748941
0.867339 0.744811
0.856084 0.752724
0.905210 0.742204
0.893101 0.742203
0.774827 0.747424
0.767677 0.744116
0.773205 0.748761
0.767715 0.749884
0.768786 0.753180
0.757541 0.729895
0.756798 0.729551
0.757049 0.735656
0.762719 0.741966
0.762650 0.747903
0.756596 0.747352
0.756665 0.748114
0.844531 0.748797
0.838489 0.754075
0.847387 0.760095
0.838735 0.755470
0.839484 0.760242
0.826357 0.744891
0.829718 0.749203
0.830892 0.757896
0.831630 0.755190
0.832438 0.755653
0.827551 0.753050
0.820295 0.741373
0.821496 0.740808
0.823594 0.746299
0.814243 0.742387
0.819273 0.745912
0.815303 0.746305
0.806642 0.744675
0.800599 0.748846
0.808197 0.745884
0.802140 0.744923
0.796084 0.743640
0.794541 0.747471
0.790026 0.742524
0.782424 0.744385
0.757525 0.722667
0.751268 0.722403
0.751442 0.727989
0.745281 0.727589
0.746062 0.729513
0.757333 0.740459
1.161368 0.751118
1.170614 0.767087
1.154720 0.743274
1.148572 0.742844
1.149969 0.746664
1.136098 0.742250
1.137149 0.748953
1.133929 0.748656
1.137053 0.746711
1.135978 0.754089
1.137160 0.754684
1.156854 0.745989
1.156909 0.746038
1.164344 0.758367
1.129706 0.742179
1.117395 0.733922
1.118177 0.740233
1.105280 0.731384
1.112904 0.738980
1.130329 0.747117
1.130241 0.753085
1.118673 0.745378
1.091618 0.730689
1.099224 0.730716
1.088046 0.735196
1.090081 0.738853
1.085580 0.737482
1.079531 0.739780
1.086519 0.739457
1.079674 0.740030
1.079607 0.746064
1.079547 0.746121
1.099737 0.733132
1.178341 0.775515
1.179614 0.779528
1.172802 0.774214
1.167900 0.772028
1.178557 0.793437
1.179261 0.785877
1.179935 0.801735
1.175037 0.803621
1.167445 0.816944
1.179278 0.799328
1.182009 0.805404
1.072054 0.730072
1.066500 0.728777
1.067405 0.732341
1.051401 0.736587
1.058655 0.734869
1.060259 0.728489
1.061566 0.732462
1.060601 0.732698
1.073022 0.740331
1.067376 0.739203
1.060621 0.739650
1.072647 0.746711
1.053570 0.740516
1.046243 0.747623
0.733896 0.706137
0.726205 0.703908
0.726285 0.703996
0.719798 0.703856
0.689924 0.689757
0.696352 0.694671
0.694412 0.700862
0.691353 0.692628
0.677803 0.684675
0.678509 0.686723
0.671482 0.681714
0.662004 0.682823
0.672164 0.686587
0.657081 0.683921
0.651500 0.682666
0.645357 0.693913
0.692018 0.735915
0.667225 0.737968
0.673879 0.740068
0.665788 0.742421
0.662962 0.739980
0.665138 0.749191
0.672419 0.747988
0.659631 0.742930
0.658972 0.748797
0.659464 0.753938
0.671116 0.760523
0.665016 0.761045
0.665402 0.766351
0.659213 0.760144
0.730835 0.723531
0.738426 0.717607
0.741462 0.722605
0.733091 0.714918
0.732373 0.717715
0.720245 0.709762
0.726310 0.714275
0.715111 0.716753
0.724882 0.723303
0.719183 0.722230
0.730403 0.730468
0.740323 0.728313
0.736908 0.730984
0.730859 0.732886
0.732407 0.731710
0.731710 0.733356
0.725031 0.728917
0.719160 0.728100
0.725105 0.734649
0.718938 0.734537
0.731841 0.707733
0.727516 0.707840
0.733905 0.710047
0.704938 0.724210
0.710286 0.722116
0.694307 0.709028
0.695855 0.717366
0.692953 0.721617
0.697055 0.715092
0.691594 0.720418
0.693454 0.706602
0.707161 0.730015
0.711546 0.733868
0.693814 0.728788
0.699045 0.736625
0.688373 0.734111
0.692991 0.737359
0.630963 0.696083
0.622227 0.701351
0.622631 0.707210
0.609565 0.710797
0.590718 0.710057
0.577515 0.696177
0.584861 0.703383
0.578584 0.703144
0.577741 0.710114
0.577797 0.710200
0.532256 0.709864
0.526196 0.707439
0.520146 0.708968
0.553477 0.691001
0.547408 0.685096
0.571830 0.709424
0.571685 0.710042
0.567136 0.690585
0.568300 0.693585
0.561080 0.689826
0.573215 0.700756
0.573003 0.701903
0.569787 0.707110
0.548963 0.686298
0.541385 0.683561
0.541349 0.683660
0.536842 0.681835
0.522486 0.682946
0.529371 0.682305
0.530794 0.684252
0.533801 0.707000
0.521691 0.706657
0.528268 0.707246
0.543856 0.680020
0.592079 0.751127
0.580826 0.764861
0.571548 0.769037
0.611129 0.715442
0.596757 0.716468
0.606235 0.719720
0.598830 0.727207
0.598112 0.732973
0.583807 0.714895
0.590604 0.721885
0.583519 0.722812
0.577416 0.724164
0.592357 0.737152
0.589890 0.726784
0.592762 0.729002
0.594184 0.734948
0.582291 0.729579
0.591074 0.742840
0.593647 0.748889
0.591927 0.754552
0.588422 0.760618
0.518621 0.720290
0.518633 0.725093
0.524696 0.728472
0.535182 0.730842
0.530217 0.731216
0.530758 0.731554
0.560623 0.751309
0.556062 0.748590
0.554461 0.755846
0.565419 0.771175
0.560076 0.763752
0.558875 0.771326
0.553756 0.769410
0.565633 0.772509
0.566440 0.775530
0.567192 0.775635
0.555078 0.773250
0.560223 0.775211
0.561140 0.776309
0.543619 0.753813
0.549915 0.761253
0.549452 0.767040
0.549126 0.766834
0.570268 0.717701
0.570169 0.717667
0.568752 0.721000
0.570170 0.724664
0.569277 0.730612
0.564712 0.728801
0.557764 0.742158
0.564142 0.734885
0.539868 0.712456
0.542097 0.715107
0.537395 0.717048
0.540949 0.720825
0.538350 0.726293
0.540569 0.713918
0.520180 0.723031
0.538361 0.730533
0.540307 0.734751
0.536755 0.734430
0.538740 0.740437
0.541372 0.726693
0.532308 0.731029
0.526245 0.727240
0.550518 0.749572
0.544450 0.744663
0.632350 0.697336
0.408169 0.724905
0.419782 0.744226
0.420300 0.755149
0.408158 0.750845
0.406949 0.755818
0.359453 0.699421
0.347339 0.697511
0.341286 0.698067
0.327615 0.694063
0.329626 0.694100
0.321557 0.692486
0.309784 0.688995
0.383702 0.712546
0.383074 0.718108
0.401721 0.724918
0.394728 0.731544
0.382971 0.724080
0.388648 0.731017
0.377833 0.710534
0.377660 0.717524
0.377151 0.729017
0.370431 0.727599
0.400381 0.740235
0.400400 0.747922
0.394747 0.737998
0.387527 0.738476
0.388132 0.749255
0.394239 0.755572
0.381944 0.737225
0.382255 0.748449
0.376942 0.741004
0.371149 0.734238
0.340695 0.723780
0.338238 0.720650
0.337434 0.724734
0.335210 0.723276
0.339786 0.719155
0.345234 0.721833
0.334107 0.720830
0.338921 0.729429
0.338086 0.729618
0.346281 0.727753
0.338055 0.735502
0.338277 0.736280
0.334759 0.729049
0.332422 0.728507
0.333376 0.734746
0.332356 0.734447
0.489804 0.680727
0.483744 0.678599
0.471638 0.679295
0.519055 0.709550
0.518014 0.715267
0.517549 0.721046
0.516964 0.681623
0.509515 0.679217
0.510672 0.681410
0.509158 0.680670
0.503445 0.672867
0.504517 0.675161
0.505005 0.676149
0.517311 0.686975
0.510512 0.687483
0.511089 0.688130
0.497415 0.683021
0.503444 0.688376
0.503483 0.688403
0.496286 0.689407
0.495745 0.687619
0.497438 0.691876
0.503869 0.687769
0.498153 0.686743
0.491336 0.672294
0.492885 0.671519
0.473181 0.675856
0.519854 0.707270
0.457981 0.680958
0.451939 0.686143
0.436133 0.723049
0.429669 0.691043
0.430327 0.697482
0.428818 0.696765
0.424620 0.704573
0.430716 0.704014
0.429178 0.709185
0.438286 0.689020
0.439871 0.687187
0.439837 0.688990
0.432228 0.687360
0.431391 0.688818
0.433780 0.687574
0.430385 0.694546
0.432811 0.693914
0.432430 0.716901
0.434343 0.730134
0.427198 0.731158
0.438523 0.706646
0.437303 0.714218
0.432799 0.736738
0.433775 0.747943
0.433929 0.754089
0.427905 0.753502
0.384895 0.703805
0.373437 0.695918
0.372424 0.693984
0.374450 0.700322
0.372535 0.713806
0.360996 0.695759
0.354940 0.695289
0.350536 0.700173
0.342021 0.700638
0.296703 0.683448
0.297346 0.688361
0.290814 0.682650
0.290742 0.688593
0.282865 0.683610
0.276518 0.684702
0.276043 0.691216
0.276072 0.691439
0.277255 0.697088
0.276086 0.697629
0.283885 0.695030
0.277635 0.696408
0.242720 0.701247
0.124490 0.697300
0.121030 0.688808
0.268501 0.705995
0.262450 0.707282
0.258761 0.711769
0.269850 0.702517
0.257940 0.704407
0.222704 0.711323
0.216980 0.713135
0.215815 0.717800
0.204023 0.711484
0.213235 0.715766
0.208416 0.715329
0.206349 0.717502
0.210939 0.718040
0.209395 0.721379
0.250675 0.702305
0.238218 0.701420
0.224565 0.704670
0.220250 0.714066
0.183606 0.713564
0.177553 0.713853
0.174297 0.716931
0.176243 0.722922
0.171569 0.724870
0.189823 0.729792
0.183638 0.726557
0.176962 0.729762
0.185090 0.735366
0.177056 0.735469
0.169077 0.731853
0.163883 0.735884
0.164262 0.741194
0.145736 0.716121
0.145934 0.716399
0.139670 0.711617
0.140621 0.714793
0.150613 0.725323
0.156324 0.729549
0.149133 0.722808
0.147011 0.720718
0.131005 0.701359
0.133607 0.708565
0.134222 0.715635
0.133781 0.721208
0.116956 0.742044
0.197253 0.707856
0.205280 0.708589
0.192747 0.706846
0.186694 0.707409
0.185173 0.719632
0.184589 0.722225
0.191242 0.725875
0.180775 0.715167
0.054318 0.678179
0.048896 0.683486
0.048265 0.689244
0.044591 0.705276
0.051765 0.695059
0.052177 0.695420
0.091125 0.667240
0.092656 0.658788
0.095552 0.663218
0.093498 0.661768
0.092672 0.664878
0.090291 0.662737
0.085173 0.664480
0.085066 0.664881
0.104417 0.678033
0.097026 0.677625
0.084124 0.677654
0.110379 0.684387
0.106831 0.705405
0.089976 0.684336
0.083851 0.683877
0.083677 0.689962
0.091185 0.691019
0.085131 0.691203
0.110871 0.679492
0.116938 0.684638
0.104812 0.677803
0.098755 0.677046
0.095405 0.680676
0.072504 0.664168
0.077845 0.671595
0.072533 0.669956
0.072462 0.675896
0.066182 0.675665
0.058879 0.676901
0.077744 0.683395
0.078042 0.688809
0.068320 0.688719
0.055854 0.681768
0.058831 0.688650
0.052651 0.688280
-0.004311 0.657648
0.041917 0.685228
0.019139 0.678491
0.042871 0.691117
0.041474 0.696798
0.037379 0.691716
0.036990 0.698104
0.035640 0.696266
0.027521 0.684346
0.032032 0.687543
0.036563 0.699656
0.042627 0.703144
0.042639 0.708072
0.036585 0.708175
0.030513 0.701071
0.029497 0.705462
0.030525 0.706029
0.044176 0.702052
0.044383 0.702880
0.031840 0.702085
0.012003 0.670852
0.015394 0.676454
0.002548 0.662877
0.003260 0.666886
-0.003360 0.662116
0.104197 0.711813
0.106304 0.715391
0.111904 0.742371
0.046366 0.708881
0.044199 0.711234
0.106997 0.710986
0.113944 0.728807
0.107875 0.723231
0.113103 0.734824
0.036747 0.708015
0.038138 0.708836
