3.069675 0.787912
3.066615 0.793183
3.070725 0.791899
3.066293 0.792767
3.074388 0.787165
3.090454 0.775231
3.081204 0.776363
3.069862 0.782502
3.075934 0.781429
3.073792 0.776909
3.104744 0.769973
3.097534 0.772945
3.110438 0.759349
3.106373 0.764259
3.106297 0.764350
3.076072 0.756090
3.062260 0.786826
3.054247 0.791847
3.053416 0.792668
3.048613 0.787830
3.043007 0.785273
3.050155 0.782952
3.044574 0.779635
3.044360 0.778620
3.068470 0.760435
3.060858 0.766190
3.061498 0.763208
3.062419 0.758145
3.053251 0.771226
3.054808 0.763691
3.039606 0.771765
3.020930 0.762006
3.029046 0.762541
3.024538 0.755209
3.293395 0.655995
3.298741 0.658905
3.285796 0.659639
3.285457 0.660295
3.279984 0.656724
3.475008 0.664449
3.471790 0.665358
3.465900 0.663317
3.473461 0.661778
3.466812 0.666200
3.472242 0.660692
3.464631 0.666290
3.464165 0.667395
3.475335 0.649496
3.460115 0.660311
3.458976 0.662790
3.457665 0.658009
3.456694 0.651779
3.458970 0.646331
3.458713 0.639579
3.454080 0.655686
3.452134 0.654420
3.473792 0.654529
3.469748 0.652613
3.469956 0.646647
3.463228 0.645889
3.457669 0.649725
3.452602 0.634536
3.464775 0.640169
3.466892 0.639909
3.466060 0.634745
3.464784 0.638702
3.475889 0.630064
3.465674 0.633623
3.473929 0.629366
3.467879 0.627063
3.473082 0.630434
3.466345 0.630648
3.459897 0.631456
3.457226 0.635330
3.460285 0.630024
3.466945 0.617345
3.463384 0.617753
3.462268 0.620600
3.457335 0.615135
3.464935 0.611137
3.459128 0.608510
3.413952 0.602424
3.410793 0.594324
3.402846 0.600158
3.397636 0.598522
3.403853 0.593994
3.398873 0.590736
3.472361 0.607310
3.472007 0.606532
3.466474 0.606710
3.473106 0.602380
3.474796 0.596209
3.466495 0.603456
3.460442 0.601486
3.468050 0.596532
3.475640 0.594231
3.470443 0.591864
3.463541 0.589249
3.465085 0.584098
3.459034 0.581798
3.453188 0.578670
3.461088 0.577646
3.460575 0.577087
3.457308 0.574435
3.454534 0.573244
3.448818 0.571080
3.446931 0.577620
3.448480 0.571616
3.418045 0.592740
3.427203 0.581388
3.419747 0.591779
3.418057 0.590809
3.420380 0.585928
3.419601 0.585456
3.421150 0.579540
3.413094 0.583717
3.415110 0.575490
3.442412 0.572218
3.434441 0.578696
3.428756 0.574638
3.441849 0.572962
3.440880 0.575521
3.429316 0.571611
3.434321 0.560662
3.432642 0.557257
3.422704 0.572578
3.422714 0.571049
3.416648 0.571150
3.415877 0.570557
3.418210 0.562990
3.417695 0.562704
3.415253 0.568139
3.428439 0.559258
3.419754 0.557729
3.420160 0.555718
3.417026 0.556534
3.419764 0.556188
3.354366 0.634812
3.343538 0.634200
3.335940 0.637963
3.352063 0.626971
3.355818 0.623136
3.352231 0.628287
3.365741 0.619501
3.359375 0.621577
3.345088 0.628089
3.339142 0.627028
3.379235 0.594015
3.392923 0.588907
3.386628 0.589884
3.386121 0.590180
3.390743 0.596072
3.378471 0.587939
3.380177 0.587703
3.366784 0.613756
3.361863 0.609986
3.366574 0.599404
3.374685 0.593041
3.369395 0.597790
3.372576 0.591747
3.366503 0.593150
3.307158 0.652133
3.307226 0.646158
3.308611 0.650199
3.306723 0.643735
3.309710 0.638443
3.309155 0.632315
3.317062 0.634714
3.309979 0.637022
3.309172 0.636044
3.311732 0.629780
3.331421 0.632358
3.330734 0.634142
3.318452 0.631875
3.316803 0.628146
3.317295 0.625956
3.313280 0.623877
3.322420 0.615499
3.316871 0.613858
3.308034 0.629755
3.287572 0.624606
3.287326 0.624811
3.307208 0.625052
3.306406 0.626509
3.300290 0.625286
3.289041 0.620728
3.296147 0.620912
3.307227 0.621929
3.308004 0.618468
3.310318 0.610983
3.331574 0.604635
3.338668 0.598531
3.333787 0.595047
3.339360 0.596005
3.334686 0.590306
3.333141 0.595712
3.323969 0.609318
3.317914 0.607780
3.327572 0.594186
3.320849 0.595173
3.327090 0.593576
3.320595 0.593852
3.321345 0.591114
3.322572 0.587914
3.328629 0.588973
3.305818 0.602389
3.313553 0.598238
3.300968 0.597083
3.299765 0.600553
3.295251 0.594273
3.293691 0.597853
3.314968 0.592379
3.386241 0.587905
3.161974 0.688123
3.156386 0.688383
3.156054 0.684434
3.150756 0.683013
3.171651 0.677546
3.166855 0.683289
3.164678 0.679449
3.162479 0.679954
3.173558 0.671103
3.167514 0.667936
3.172967 0.664451
3.161029 0.667009
3.158740 0.664769
3.163018 0.658612
3.099793 0.772522
3.110900 0.763147
3.074457 0.752176
3.069667 0.754703
3.062610 0.756904
3.069344 0.753660
3.033560 0.768965
3.056356 0.756183
3.056045 0.755101
3.049756 0.756721
3.050174 0.752982
3.044299 0.759268
3.035106 0.763420
3.036654 0.757320
3.044264 0.751982
3.038505 0.748474
3.027511 0.766575
3.015076 0.765548
3.030521 0.756284
3.023822 0.760388
3.032623 0.748629
3.029149 0.743669
3.033708 0.742066
3.113090 0.757664
3.112516 0.751529
3.110065 0.754670
3.117868 0.738504
3.113175 0.743388
3.112567 0.735800
3.113519 0.731508
3.108273 0.733935
3.123239 0.727798
3.137495 0.714677
3.131403 0.715437
3.118124 0.722000
3.123508 0.716389
3.133194 0.713569
3.134526 0.707879
3.127592 0.703956
3.077763 0.746479
3.089794 0.731818
3.088579 0.735244
3.086398 0.728710
3.092164 0.726394
3.090053 0.723576
3.083540 0.719750
3.086941 0.709591
3.095693 0.700188
3.141179 0.703464
3.133985 0.700283
3.127942 0.696936
3.129488 0.691340
3.123434 0.689560
3.138975 0.688641
3.144684 0.684187
3.137693 0.685969
3.138439 0.681022
3.135465 0.681808
3.131210 0.683860
3.124454 0.684968
3.138971 0.681320
3.140189 0.674717
3.140219 0.674528
3.117990 0.687371
3.102538 0.698759
3.097203 0.692448
3.105317 0.686618
3.096914 0.688352
3.104314 0.684102
3.104801 0.680501
3.105347 0.678334
3.104591 0.672147
3.102540 0.669389
3.097116 0.667024
3.085580 0.699930
3.031893 0.730019
3.032238 0.733812
3.032037 0.721747
3.030518 0.709401
3.032439 0.701546
3.034336 0.699716
3.037556 0.688467
3.038943 0.682800
3.041621 0.681560
3.042687 0.681405
3.086669 0.661884
3.079708 0.659940
3.074469 0.653266
3.043460 0.676706
3.049603 0.675579
3.052231 0.669397
3.060795 0.661716
3.057639 0.666956
3.059200 0.661889
3.068814 0.655321
3.255513 0.653210
3.270078 0.645819
3.257065 0.646558
3.244960 0.642779
3.238905 0.641278
3.274310 0.651669
3.270806 0.647181
3.268422 0.640603
3.273417 0.629170
3.269677 0.632620
3.266104 0.634539
3.260932 0.632819
3.266232 0.633803
3.252563 0.638318
3.260200 0.632546
3.253570 0.633193
3.247198 0.632902
3.241795 0.629090
3.241712 0.627148
3.239877 0.627810
3.275386 0.623150
3.281442 0.624358
3.273842 0.628380
3.280514 0.626813
3.267786 0.626948
3.270555 0.620812
3.266051 0.625742
3.282986 0.619097
3.276934 0.617235
3.278494 0.609353
3.266990 0.617688
3.272453 0.605546
3.281598 0.596216
3.287655 0.597545
3.280948 0.597264
3.278599 0.602432
3.278908 0.596512
3.274020 0.599002
3.274005 0.599025
3.233970 0.618092
3.233006 0.611402
3.236826 0.610480
3.234167 0.615859
3.234056 0.597818
3.234564 0.603876
3.243113 0.594067
3.238623 0.596618
3.243724 0.592337
3.245682 0.592291
3.244206 0.590077
3.242289 0.585478
3.243731 0.591186
3.243794 0.583566
3.244816 0.580087
3.240776 0.577220
3.236934 0.569904
3.179498 0.660017
3.178210 0.652175
3.170434 0.656237
3.171288 0.649749
3.185878 0.647231
3.185795 0.647293
3.203994 0.649842
3.208090 0.644226
3.197937 0.648565
3.191886 0.646392
3.191866 0.646442
3.207086 0.638805
3.208897 0.632416
3.203971 0.634967
3.213337 0.627483
3.209244 0.624200
3.211746 0.618412
3.209235 0.615917
3.179769 0.644458
3.180382 0.641262
3.185833 0.644640
3.168243 0.652752
3.166117 0.646314
3.167673 0.639190
3.206883 0.611644
3.206726 0.611335
3.201010 0.608649
3.190626 0.599768
3.186581 0.592513
3.196295 0.600103
3.191789 0.585441
3.189303 0.590851
3.190824 0.582938
3.196846 0.571706
3.187544 0.578437
3.190779 0.571970
3.204457 0.566108
3.204957 0.566010
3.208614 0.563158
3.205841 0.563080
3.213220 0.557457
3.206914 0.560458
3.194373 0.565761
3.198394 0.565913
3.237944 0.563650
3.238863 0.562078
3.238897 0.557935
3.233309 0.554785
2.970399 0.793999
2.969937 0.793426
2.973905 0.789084
2.971303 0.787964
2.980097 0.784562
2.987894 0.778123
2.963557 0.795419
2.963490 0.793414
2.957699 0.793263
2.957522 0.791646
2.939502 0.786785
2.951697 0.787141
2.965253 0.785818
2.966709 0.779452
2.959770 0.781226
2.955040 0.782299
2.967498 0.774363
2.945536 0.787634
2.937692 0.784168
2.993576 0.775791
3.002308 0.767287
2.998544 0.772390
2.933708 0.784388
2.936178 0.777797
2.935367 0.776103
2.935382 0.773842
2.932331 0.768597
2.912296 0.767333
2.910751 0.772848
2.910281 0.773473
2.914501 0.764337
2.910833 0.769476
2.931003 0.768499
2.926406 0.763470
2.925674 0.762170
2.919922 0.759455
2.914039 0.760528
2.915401 0.754216
2.921458 0.755418
2.903300 0.775396
2.897117 0.774418
2.905390 0.774194
2.892587 0.768095
2.891394 0.769544
2.886534 0.766087
2.886182 0.765015
2.888080 0.760666
2.889633 0.753985
2.880564 0.761973
2.873375 0.764662
2.866834 0.765426
2.862013 0.761289
2.860682 0.763507
2.860782 0.763343
2.856151 0.759146
2.855875 0.757893
2.851754 0.750694
2.833592 0.745594
2.828144 0.743754
2.881416 0.756660
2.862068 0.737531
2.859914 0.740944
2.861936 0.733579
2.860929 0.736670
2.850221 0.754189
2.838111 0.751155
2.836943 0.754136
2.831525 0.750360
2.826633 0.744661
2.854502 0.737154
2.854873 0.735243
2.849525 0.731783
2.843917 0.728714
2.850000 0.727815
2.843899 0.726533
2.856418 0.729818
2.845013 0.724734
2.844558 0.724134
2.841742 0.726698
2.842804 0.724644
2.832538 0.730498
2.829270 0.729720
2.830651 0.729355
2.834754 0.725036
2.832195 0.724136
2.821484 0.742097
2.813973 0.743774
2.807697 0.743134
2.792017 0.750854
2.795735 0.738772
2.802241 0.741757
2.795730 0.741973
2.796026 0.738637
2.785520 0.755644
2.783739 0.757160
2.786570 0.751316
2.780516 0.749477
2.785470 0.753613
2.779107 0.753286
2.774579 0.746259
2.788660 0.744218
2.782384 0.743579
2.782060 0.744296
2.787827 0.745007
2.788133 0.743017
2.789664 0.739921
2.783610 0.738014
2.782844 0.739649
2.783621 0.736315
2.789680 0.737301
2.776013 0.741535
2.777560 0.735677
2.777637 0.735117
2.791058 0.733235
2.785789 0.728929
2.791441 0.726708
2.786713 0.725122
2.775386 0.728876
2.780162 0.724025
2.769970 0.738030
2.771753 0.731721
2.779876 0.721642
2.776960 0.726952
2.774622 0.718979
2.774038 0.720275
2.801922 0.716082
2.800955 0.718448
2.807993 0.715054
2.803484 0.707810
2.809541 0.709006
2.800583 0.717579
2.816931 0.702802
2.805491 0.697459
2.794320 0.720322
2.794733 0.717608
2.788265 0.718742
2.789088 0.714670
2.787319 0.711424
2.798043 0.707987
2.798976 0.700639
2.782207 0.717546
2.776890 0.714933
2.773467 0.708128
2.795304 0.713296
2.789830 0.710022
2.789900 0.709476
2.784606 0.705252
2.783786 0.706660
2.770118 0.711203
2.770046 0.711293
2.778401 0.704351
2.771824 0.705425
2.771407 0.706328
2.777724 0.706195
2.796028 0.685493
2.797569 0.685263
2.791519 0.678355
2.796958 0.668553
2.796966 0.662537
2.788168 0.664302
2.782622 0.661004
2.791681 0.649319
2.793162 0.655618
2.785385 0.648693
2.794960 0.647766
2.792349 0.644598
2.786132 0.643740
2.700737 0.767394
2.700117 0.760358
2.691033 0.770821
2.692507 0.765839
2.686458 0.763428
2.688008 0.757103
2.684766 0.755307
2.640977 0.764274
2.636465 0.757643
2.634920 0.762913
2.639242 0.745696
2.630411 0.755823
2.631965 0.749094
2.609376 0.737300
2.588677 0.767623
2.600625 0.761520
2.595518 0.766198
2.595488 0.766274
2.589428 0.765670
2.571370 0.768836
2.574933 0.767410
2.581630 0.762995
2.578860 0.757499
2.600631 0.755514
2.600128 0.749356
2.601843 0.753537
2.592522 0.754124
2.606580 0.744937
2.581957 0.745702
2.562507 0.771158
2.568435 0.770856
2.556299 0.771245
2.555960 0.771164
2.555560 0.770751
2.550551 0.765481
2.569265 0.770043
2.571246 0.763717
2.551535 0.764663
2.551845 0.758195
2.549394 0.761308
2.555167 0.748655
2.553018 0.750165
2.555051 0.748368
2.575902 0.744099
2.562592 0.745111
2.577456 0.737050
2.571401 0.735569
2.565715 0.738894
2.563814 0.737440
2.566906 0.726274
2.554800 0.722470
2.548557 0.720505
2.701007 0.755760
2.688829 0.753107
2.775324 0.664082
2.776471 0.658668
2.761835 0.666210
2.755748 0.664880
2.762815 0.661008
2.778306 0.650976
2.780657 0.644349
2.777165 0.649531
2.743416 0.662801
2.736337 0.665079
2.730774 0.661846
2.750129 0.659609
2.737367 0.659091
2.724306 0.659667
2.717786 0.662153
2.691989 0.662113
2.678770 0.663256
2.665330 0.665208
2.658861 0.665271
2.678558 0.661800
2.665802 0.660707
2.604782 0.729983
2.607606 0.728589
2.600052 0.723944
2.603475 0.721596
2.601461 0.716559
2.598760 0.708482
2.601729 0.706883
2.599928 0.700451
2.637937 0.670976
2.631099 0.674639
2.630765 0.673603
2.603937 0.689424
2.616973 0.676841
2.608865 0.685105
2.556348 0.716704
2.538559 0.710671
2.544244 0.712472
2.532338 0.709829
2.532035 0.708687
2.651873 0.663958
2.645335 0.665316
2.196696 1.071223
2.198007 1.063218
2.194085 1.072377
2.175722 1.069899
2.169385 1.066528
2.169977 1.062537
2.167961 1.049363
2.201263 1.067697
2.204217 1.060125
2.204553 1.055509
2.213457 1.045838
2.207201 1.043625
2.215012 1.036445
2.207534 1.040190
2.219061 1.033635
2.221300 1.025868
2.220103 1.029326
2.168802 1.066032
2.165498 1.056887
2.167210 1.049027
2.162537 1.041889
2.162009 1.045978
2.156571 1.040034
2.163503 1.034204
2.156728 1.034487
2.157419 1.026376
2.150900 1.039452
2.145431 1.033608
2.146865 1.026898
2.147479 1.023907
2.148415 1.018270
2.142102 1.019991
2.142369 1.017652
2.147674 1.018032
2.137646 1.026239
2.135789 1.021749
2.130239 1.017756
2.135364 1.021033
2.135851 1.017026
2.128975 1.020806
2.137845 1.013023
2.142377 1.016484
2.128719 1.019240
2.122930 1.019322
2.116010 1.018798
2.104489 1.014557
2.098613 1.011652
2.099973 1.008698
2.093933 1.004683
2.101520 1.002916
2.095467 1.001117
2.224043 1.022840
2.224126 1.018254
2.223163 1.006770
2.224705 1.006381
2.221106 1.003241
2.217292 0.990316
2.209297 0.982271
2.204495 0.974018
2.204871 0.976798
2.206004 0.971050
2.205239 0.969083
2.207881 0.958085
2.206337 0.963423
2.199007 0.972768
2.199259 0.969586
2.192956 0.969048
2.199891 0.965052
2.200274 0.963163
2.195766 0.955876
2.203373 0.950860
2.182093 0.961082
2.188154 0.961566
2.188639 0.959032
2.189717 0.953397
2.183160 0.955483
2.176625 0.955790
2.169391 0.960884
2.157871 0.955054
2.155687 0.947039
2.155284 0.940953
2.071578 1.069075
2.065182 1.071878
2.052611 1.072927
2.058692 1.072643
2.058910 1.071223
2.052239 1.072018
2.046351 1.072226
2.066306 1.066473
2.070129 1.060432
2.071148 1.058403
2.066734 1.061779
2.060253 1.064596
2.060649 1.062648
2.060265 1.062626
2.072628 1.055026
2.070904 1.048797
2.071861 1.052559
2.075484 1.051880
2.070966 1.046137
2.072107 1.039952
2.077038 1.045083
2.065273 1.045816
2.059384 1.043768
2.055844 1.039046
2.060396 1.038515
2.065588 1.042415
2.058809 1.025447
2.061681 1.030912
2.058867 1.023150
2.067467 1.031142
2.061866 1.021588
2.059855 1.017387
2.060552 1.015261
2.068147 1.007145
2.071851 0.999947
2.063380 1.007659
2.070174 0.993286
2.068280 0.994542
2.084058 0.994174
2.077640 0.994051
2.076644 0.995096
2.082605 0.997219
2.078164 0.993155
2.076865 0.992412
1.987425 1.076049
1.981373 1.073971
1.970472 1.068975
1.967745 1.072101
1.967590 1.072612
1.958713 1.059861
1.952652 1.059323
1.946213 1.058706
1.945069 1.060458
1.957182 1.063209
1.949985 1.064017
2.209557 0.928559
2.262685 0.916367
2.289099 0.887448
2.282545 0.888246
2.270433 0.885503
2.250573 0.913580
2.252369 0.905977
2.244316 0.913274
2.244510 0.913198
2.246041 0.905522
2.238627 0.917927
2.230848 0.916477
2.226499 0.915030
2.238442 0.913735
2.239919 0.906532
2.229736 0.901511
2.249292 0.891448
2.256425 0.888964
2.264376 0.884217
2.252467 0.882089
2.250711 0.888045
2.241564 0.897865
2.235505 0.896906
2.235883 0.896967
2.243118 0.890859
2.244657 0.886477
2.240142 0.880230
2.304858 0.883400
2.303227 0.885203
2.296192 0.887209
2.304923 0.879036
2.300120 0.873042
2.290857 0.888380
2.277373 0.885377
2.302187 0.886773
2.306835 0.881583
2.304993 0.876537
2.299339 0.873626
2.294262 0.866393
2.289239 0.861177
2.282041 0.857674
2.284158 0.853965
2.285129 0.841804
2.283113 0.847333
2.265912 0.880272
2.281182 0.843528
2.281298 0.839630
2.334827 0.753294
2.339340 0.759863
2.327232 0.756403
2.328386 0.750621
2.281432 0.834920
2.278133 0.828889
2.278736 0.831995
2.275936 0.825315
2.276414 0.819425
2.279549 0.808183
2.274419 0.822693
2.278388 0.817621
2.277478 0.811389
2.286079 0.796750
2.281582 0.794364
2.283808 0.792597
2.269349 0.807577
2.263682 0.804332
2.257325 0.803982
2.278752 0.799684
2.275992 0.805028
2.278836 0.797422
2.270894 0.802105
2.270899 0.801371
2.264837 0.800771
2.265038 0.799376
2.264844 0.799770
2.258782 0.799229
2.259048 0.797687
2.258789 0.798101
2.298078 0.767424
2.292305 0.767806
2.290763 0.772686
2.298372 0.767424
2.313582 0.758051
2.307527 0.756386
2.293857 0.761117
2.301470 0.755162
2.298154 0.747135
2.286763 0.781296
2.287162 0.775399
2.286839 0.773018
2.286234 0.768796
2.284323 0.754434
2.290110 0.750560
2.284398 0.746137
2.285919 0.740509
2.291396 0.743641
2.290914 0.745160
2.284844 0.745993
2.288295 0.738769
2.284866 0.742602
2.275557 0.728595
2.209436 0.951138
2.211856 0.940518
2.206356 0.937040
2.187669 0.952378
2.182470 0.957153
2.176469 0.954133
2.192079 0.947419
2.188399 0.944283
2.198870 0.942854
2.194416 0.939700
2.215148 0.928502
2.219750 0.924022
2.220247 0.921827
2.219265 0.925335
2.208363 0.929710
2.226544 0.911335
2.226413 0.910972
2.221116 0.916036
2.225428 0.912316
2.223706 0.914363
2.220279 0.908831
2.222764 0.908130
2.220008 0.908555
2.224943 0.906383
2.216819 0.904441
2.214250 0.903063
2.202930 0.928247
2.196259 0.924422
2.202603 0.924981
2.198342 0.919210
2.198669 0.915788
2.193430 0.915437
2.192452 0.914928
2.186109 0.916764
2.185882 0.915362
2.186912 0.909401
2.199033 0.913599
2.200585 0.906927
2.164003 0.952539
2.160315 0.943587
2.159082 0.937271
2.159204 0.933575
2.157446 0.930867
2.156332 0.922324
2.173464 0.913585
2.168235 0.907132
2.167755 0.908672
2.158124 0.921339
2.153791 0.914744
2.151608 0.911473
2.151247 0.903082
2.165780 0.895322
2.152543 0.895782
2.159799 0.892858
2.158904 0.892916
2.163941 0.903836
2.164246 0.899152
2.159391 0.896734
2.155574 0.895823
2.152343 0.901063
2.158449 0.895534
2.160263 0.888668
2.159790 0.888430
2.227131 0.903169
2.221156 0.904371
2.224734 0.896602
2.227052 0.891164
2.227908 0.900211
2.221857 0.898166
2.226102 0.894632
2.222517 0.897182
2.229453 0.894770
2.220058 0.899199
2.230999 0.889277
2.194688 0.876962
2.212997 0.855318
2.218720 0.856010
2.217435 0.845967
2.215068 0.849324
2.216083 0.845189
2.214537 0.850803
2.216956 0.849569
2.215067 0.847096
2.204022 0.854767
2.207756 0.854717
2.207584 0.853082
2.176492 0.877294
2.169666 0.878181
2.181153 0.871930
2.163143 0.878436
2.157899 0.874044
2.152219 0.871240
2.185527 0.888604
2.181020 0.881203
2.168901 0.879693
2.186495 0.870887
2.162854 0.876898
2.161311 0.881921
2.157162 0.872264
2.158345 0.869694
2.192150 0.866236
2.153398 0.857011
2.155408 0.852757
2.156403 0.849416
2.160874 0.838498
2.158505 0.840956
2.159456 0.833569
2.219433 0.840453
2.211581 0.836858
2.206894 0.832874
2.208686 0.823593
2.206932 0.820864
2.207224 0.814934
2.205313 0.809882
2.169732 0.820316
2.162171 0.822195
2.168003 0.811588
2.170114 0.806102
2.202390 0.817508
2.202006 0.811400
2.185316 0.807416
2.187443 0.799645
2.162129 0.813902
2.169977 0.809764
2.173855 0.806016
2.179913 0.806999
2.179296 0.808396
2.172702 0.808913
2.173447 0.803992
2.181459 0.801501
2.180362 0.802301
2.200557 0.801457
2.194902 0.798552
2.194835 0.796566
2.187880 0.800628
2.187555 0.799590
2.223816 0.731277
2.230232 0.731409
2.230793 0.729367
2.229202 0.724689
2.226384 0.721940
2.230503 0.728709
2.230397 0.728581
2.224312 0.727645
2.225369 0.723384
2.224317 0.726846
2.226524 0.721747
2.226042 0.720932
2.218666 0.728172
2.219019 0.725261
2.220089 0.721371
2.219488 0.722378
2.218268 0.724558
2.219324 0.721900
2.221046 0.713407
2.214547 0.718890
2.214992 0.711951
2.212487 0.716131
1.939012 1.059302
1.926898 1.056665
1.931935 1.059246
1.925489 1.059224
1.913248 1.058421
1.921793 1.053665
1.915648 1.052548
1.880859 1.069331
1.876575 1.075116
1.891991 1.064892
1.899595 1.060263
1.887466 1.060268
1.870716 1.074122
1.858587 1.074275
1.873792 1.065441
1.878344 1.065018
1.901023 1.056122
1.522037 1.079033
1.546727 1.080236
1.534110 1.081427
1.541065 1.075144
1.528968 1.072200
1.522627 1.071791
1.509693 1.076366
1.514950 1.074398
1.496272 1.078289
1.496431 1.078284
1.502919 1.075295
1.498893 1.076572
1.481211 1.060463
1.480959 1.060300
1.481711 1.054489
1.466420 1.069497
1.467626 1.060823
1.475169 1.057071
1.469122 1.054074
1.459996 1.069392
1.459954 1.067085
1.453722 1.066483
1.460500 1.063062
1.454235 1.062376
1.455463 1.057088
1.461519 1.058407
1.463071 1.051881
1.476711 1.051996
1.470665 1.049078
1.459914 1.046981
1.464613 1.046922
1.465608 1.044456
2.462389 0.732264
2.462258 0.732311
2.465198 0.719361
2.465327 0.712669
2.468487 0.705794
2.469547 0.711385
2.474552 0.705824
2.460078 0.725722
2.456522 0.729702
2.455406 0.730600
2.457702 0.723164
2.457784 0.722600
2.450937 0.727245
2.450183 0.726723
2.442121 0.735152
2.436187 0.733266
2.442928 0.729986
2.436197 0.731007
2.436526 0.729283
2.454665 0.710130
2.454823 0.709734
2.462938 0.706111
2.458889 0.705149
2.458258 0.718929
2.453291 0.712969
2.459833 0.703058
2.455067 0.707020
2.454836 0.707504
2.453287 0.699226
2.449346 0.704356
2.443826 0.700963
2.448786 0.705101
2.442732 0.703601
2.520771 0.702708
2.510004 0.694930
2.515470 0.696289
2.509981 0.692775
2.503499 0.692884
2.487997 0.683473
2.491314 0.690051
2.477606 0.701294
2.480122 0.695897
2.478772 0.691191
2.483707 0.694873
2.478159 0.691175
2.485262 0.688029
2.473203 0.685947
2.489390 0.673779
2.486706 0.681320
2.486819 0.680671
2.482074 0.673768
2.453592 0.695573
2.451867 0.689174
2.468086 0.680860
2.461497 0.681358
2.459460 0.682671
2.460299 0.683512
2.480311 0.657604
2.462731 0.650197
2.482447 0.665581
2.468757 0.648218
2.453477 0.652649
2.430349 0.731031
2.429785 0.730493
2.425945 0.723396
2.430455 0.728414
2.430414 0.728356
2.428039 0.721779
2.432022 0.721383
2.431057 0.710502
2.436996 0.702339
2.432773 0.708615
2.354566 0.748046
2.348497 0.748777
2.349792 0.741430
2.433875 0.660193
2.447651 0.656812
2.447535 0.657050
2.443016 0.651666
2.441475 0.656377
2.436968 0.648912
2.424859 0.645535
2.420381 0.642473
2.417857 0.647887
2.423528 0.631211
2.417513 0.627497
2.412908 0.613918
2.406390 0.610548
2.414454 0.608275
2.402344 0.605186
2.396295 0.602807
2.384034 0.599796
2.342430 0.749094
2.344377 0.740916
2.338454 0.738994
2.339487 0.733218
2.345433 0.732599
2.339493 0.730729
2.325822 0.737063
2.320818 0.740523
2.313719 0.732875
2.320282 0.732423
2.319779 0.733564
2.321317 0.729306
2.327675 0.728999
2.322152 0.725620
2.327893 0.725969
2.323371 0.718930
2.315262 0.727776
2.316814 0.721257
2.318362 0.713675
2.318464 0.711075
2.307452 0.732152
2.301611 0.729462
2.294491 0.732360
2.290113 0.733199
2.287960 0.730974
2.306904 0.731929
2.301272 0.728936
2.295308 0.727152
2.298672 0.712817
2.292622 0.710501
2.300227 0.705818
2.283761 0.722203
2.277924 0.728010
2.281913 0.728223
2.276858 0.723849
2.277852 0.718013
2.270324 0.724146
2.285013 0.715861
2.313863 0.706609
2.313888 0.706485
2.312896 0.707846
2.308318 0.702944
2.315417 0.699811
2.309373 0.696410
2.307835 0.700752
2.307759 0.700848
2.301779 0.699294
2.303325 0.693656
2.315111 0.692567
2.312468 0.684924
2.306419 0.682266
2.302770 0.673030
2.302653 0.660998
2.300785 0.658263
2.302462 0.652653
2.314872 0.643613
2.310702 0.648616
2.312854 0.640841
2.310571 0.646312
2.318055 0.638382
2.317347 0.635674
2.317059 0.635835
2.327152 0.626242
2.318823 0.631782
2.324510 0.631609
2.332501 0.625915
2.332090 0.626747
2.325676 0.626607
2.221342 0.716017
2.223919 0.715123
2.221921 0.712442
2.217978 0.713708
2.209262 0.708300
2.210045 0.678488
2.210652 0.675078
2.211965 0.671484
2.353352 0.622045
2.340450 0.622033
2.333432 0.624090
2.361483 0.613673
2.358876 0.611226
2.375746 0.608727
2.377579 0.599806
2.362923 0.606837
2.370525 0.602622
2.371454 0.598618
2.364546 0.600276
2.347810 0.616865
2.353773 0.617132
2.340972 0.617880
2.337611 0.620437
2.340114 0.620013
2.358962 0.605231
1.448437 1.062231
1.444564 1.057628
1.447662 1.052378
1.449015 1.057885
1.450060 1.054076
1.447568 1.056038
1.401438 0.958521
1.405946 0.965613
1.399891 0.964126
1.404531 0.947046
1.410587 0.948487
1.412133 0.942777
1.409041 0.954026
1.402987 0.952434
1.211415 1.084039
1.219532 1.081995
1.218892 1.074825
1.212822 1.075489
1.214379 1.068114
1.221994 1.061869
1.225089 1.050384
1.217481 1.055411
1.227064 1.055214
1.229073 1.049677
1.227092 1.039493
1.220569 1.044923
1.232806 1.032547
1.234061 1.036578
1.233156 1.030347
1.233348 1.026680
1.231298 1.024044
1.231202 1.024247
1.235457 1.021191
1.232840 1.019041
1.234878 1.015067
1.234379 1.014809
1.227120 1.015609
1.220740 1.014579
1.194113 1.066243
1.202186 1.066152
1.197530 1.059616
1.205369 1.052744
1.207249 1.045470
1.194801 1.044769
1.196348 1.039107
1.202407 1.040045
1.200861 1.045402
1.188072 1.019091
1.194371 1.017393
1.182209 1.016954
1.182394 1.014017
1.209199 1.010387
1.197051 1.018043
1.208410 1.011027
1.201871 1.011344
1.202209 1.007910
1.180317 1.011740
1.178345 1.005328
1.178400 1.005289
1.179426 0.999547
1.179893 0.999284
1.188944 1.011427
1.183573 1.007486
1.190486 1.003449
1.181921 1.003823
1.184427 1.002421
1.187573 0.990677
1.187584 0.988431
1.187537 0.988487
1.182564 0.981400
1.180253 0.974835
1.177192 0.971845
1.179302 0.962601
1.179741 0.950722
1.180374 0.936569
1.413555 0.960394
1.397083 0.955960
1.399302 0.950471
1.416651 0.948697
1.417105 0.942696
1.419753 0.935744
1.419949 0.934358
1.413198 0.937659
1.414041 0.932368
1.401188 0.944906
1.405949 0.938361
1.408378 0.940613
1.411655 0.933116
1.407006 0.938024
1.177685 0.945636
1.180542 0.934301
1.184154 0.923166
1.182927 0.918310
1.189278 0.910085
1.190210 0.904314
1.193554 0.900543
1.193863 0.896879
1.196267 0.895173
1.196780 0.891577
1.195841 0.889059
1.196743 0.885577
1.193661 0.882533
1.191001 0.885644
1.197270 0.872240
1.191219 0.870007
1.199678 0.871972
1.196627 0.873757
1.192697 0.876303
1.204620 0.867160
1.197288 0.869174
1.197313 0.869015
1.189689 0.872920
1.191241 0.866556
1.212506 0.858733
1.209462 0.860001
1.205663 0.859874
1.203987 0.864696
1.198845 0.861972
1.185159 0.869122
1.179107 0.867152
1.224118 0.846926
1.216433 0.849678
1.221661 0.842611
1.219129 0.848007
1.213314 0.832015
1.223006 0.834635
1.224611 0.833402
1.219866 0.829385
1.220629 0.825785
1.214063 0.827026
1.214200 0.826163
1.207344 0.827996
1.208152 0.823399
1.202100 0.821437
1.202206 0.820976
1.195961 0.822190
1.215471 0.819659
1.215762 0.818119
1.209707 0.816531
1.197557 0.814400
1.199141 0.808083
1.192758 0.808385
1.191848 0.806909
1.194192 0.801476
1.211256 0.810444
1.217315 0.811282
1.217323 0.810049
1.212622 0.804299
1.211621 0.803328
1.203653 0.814841
1.205201 0.808889
1.206748 0.803224
1.207595 0.799100
1.207484 0.797298
1.200695 0.801252
1.201144 0.799100
1.196860 0.799806
1.200712 0.798577
1.194425 0.800073
1.188143 0.799454
1.179727 0.793445
1.183537 0.792730
1.179823 0.781446
1.180158 0.775524
1.177004 0.765040
1.182005 0.741368
1.182835 0.741459
1.187830 0.736762
1.173674 0.753232
1.168620 0.748592
1.170888 0.744718
1.168816 0.750229
1.175783 0.739886
1.173696 0.749701
1.176783 0.739482
1.179487 0.738483
1.180844 0.732797
1.186018 0.722028
1.182887 0.718991
1.185033 0.715805
1.182214 0.712822
1.157757 0.706992
1.148054 0.726011
1.150283 0.725508
1.146165 0.724527
1.148071 0.723394
1.148575 0.720877
1.149602 0.720138
1.151939 0.719908
1.150186 0.717246
1.147126 0.718763
1.151068 0.717404
1.145952 0.716182
1.149626 0.716424
1.151163 0.712242
1.153774 0.712043
1.148554 0.710798
1.150977 0.709906
1.145127 0.707775
1.145093 0.707833
1.154563 0.703946
1.134521 0.701565
1.134448 0.701443
1.139069 0.706543
1.138964 0.706653
1.134513 0.699347
1.122445 0.697186
1.128510 0.697158
1.116390 0.695647
1.115783 0.697065
1.110774 0.691809
1.110351 0.691588
1.172666 0.703623
1.181812 0.704442
1.173669 0.697726
1.169256 0.688072
1.160414 0.701632
1.160316 0.701584
1.154271 0.698386
1.155821 0.692287
1.155839 0.692166
1.151999 0.697323
1.162796 0.690328
1.164066 0.683470
1.156731 0.686689
1.149889 0.688118
1.130051 0.692429
1.111878 0.688860
1.107239 0.686655
1.106414 0.684166
1.110705 0.679181
1.122527 0.670001
1.117788 0.674868
1.121973 0.661568
1.122613 0.667104
1.115871 0.668774
1.112078 0.671228
1.119977 0.655093
1.114787 0.649223
1.101481 0.650342
1.118518 0.656905
1.115745 0.651798
1.107894 0.648579
1.104517 0.649116
0.922361 0.698816
0.929441 0.696533
0.932732 0.684771
0.923324 0.693057
0.923416 0.690508
0.917439 0.688771
0.910953 0.691116
0.905739 0.686059
0.912577 0.682964
0.939337 0.681742
0.941502 0.680853
0.942548 0.675097
0.937521 0.671625
0.942398 0.663076
0.942298 0.660741
0.938287 0.653786
0.903589 0.677813
0.899898 0.664941
0.900320 0.662737
0.901015 0.656900
0.895326 0.650013
0.893790 0.653924
1.001507 0.637153
0.916600 0.640700
0.847545 0.743383
0.840241 0.743386
0.841789 0.737514
0.835734 0.735883
0.834188 0.741445
0.829975 0.739181
0.737905 0.768613
0.740832 0.770523
0.736387 0.771915
0.742917 0.765010
0.745800 0.763369
0.746561 0.759873
0.746637 0.757621
0.746345 0.756908
0.747717 0.753418
0.741675 0.749751
0.750818 0.740679
0.753914 0.729041
0.755462 0.723034
0.769489 0.717358
0.769918 0.713551
0.763141 0.714734
0.756466 0.717786
0.750968 0.713642
0.757790 0.710718
0.757863 0.708245
0.751879 0.706538
0.849404 0.731160
0.851194 0.723038
0.837292 0.728423
0.838661 0.721682
0.831437 0.724506
0.848915 0.682087
0.857177 0.681057
0.856266 0.676562
0.861130 0.665401
0.849700 0.677507
0.850025 0.675791
0.843536 0.675928
0.849919 0.673971
0.843510 0.673815
0.828564 0.677931
0.812484 0.686114
0.817865 0.677532
0.823927 0.677748
0.822749 0.681144
0.837755 0.673486
0.837284 0.672991
0.825478 0.671579
0.831533 0.672958
0.784194 0.708550
0.790408 0.708805
0.805624 0.698615
0.793721 0.697361
0.776745 0.712489
0.752154 0.707748
0.731170 0.769643
0.730449 0.770035
0.720084 0.760773
0.714619 0.757181
0.709686 0.749417
0.697563 0.748814
0.692352 0.742044
0.735626 0.747247
0.737171 0.741847
0.732672 0.733122
0.742131 0.730225
0.741822 0.723051
0.732455 0.725653
0.703794 0.746770
0.668785 0.733889
0.656898 0.729229
0.686411 0.737962
0.675039 0.732370
0.662962 0.729418
0.664513 0.722862
0.669415 0.722617
0.665940 0.716273
0.667629 0.708091
0.669181 0.701435
0.652393 0.721572
0.653950 0.714160
0.661568 0.707375
0.657057 0.700469
0.646337 0.720170
0.641844 0.710375
0.649454 0.705063
0.643948 0.700135
0.743046 0.710142
0.737325 0.713887
0.738879 0.707097
0.738352 0.706755
0.746004 0.706647
0.746203 0.703701
0.744290 0.702155
0.740421 0.702236
0.741473 0.697416
0.738432 0.700755
0.672277 0.689527
0.673826 0.683525
0.676618 0.689744
0.690003 0.672636
0.676986 0.671550
0.660268 0.687684
0.652559 0.691857
0.648052 0.684339
0.646508 0.689578
0.646056 0.682437
0.644160 0.688001
0.661706 0.681975
0.669319 0.676116
0.649990 0.678133
0.686076 0.661080
0.688026 0.652601
0.683218 0.646621
0.660458 0.633646
0.858819 0.658843
0.860214 0.653176
0.877171 0.643597
0.861624 0.647521
0.931677 0.655956
0.905817 0.656129
0.899590 0.655306
0.882054 0.648662
1.097530 0.647447
1.089382 0.645578
1.089511 0.639532
1.088242 0.636951
1.011906 0.619952
1.092477 0.634012
1.089603 0.625255
1.094642 0.620458
1.097129 0.614983
1.092820 0.611726
1.073415 0.605178
1.092632 0.605828
1.086251 0.605426
1.074479 0.599360
1.080536 0.600701
1.067721 0.602419
1.069968 0.592522
1.071514 0.586799
1.086568 0.602046
1.074918 0.597471
1.072026 0.592470
1.068431 0.596723
1.075108 0.587204
1.071521 0.585885
1.066893 0.582961
1.013767 0.613058
1.066588 0.578568
1.060502 0.577228
1.042239 0.573248
1.035330 0.574914
1.021580 0.580456
1.021507 0.580514
1.021631 0.578163
1.021525 0.578197
1.028482 0.576359
1.003903 0.637127
1.000592 0.639901
0.999450 0.636067
1.001514 0.635951
1.002490 0.632997
1.003281 0.630124
1.004085 0.624935
0.997592 0.625089
0.997954 0.621554
0.991592 0.623444
0.992026 0.619644
0.979569 0.618007
0.966677 0.617963
1.005056 0.619180
1.009547 0.609876
1.008192 0.603553
1.009204 0.601513
1.008491 0.597633
1.010368 0.595777
1.009602 0.589589
1.013975 0.584437
1.015421 0.576932
1.012275 0.581940
0.954081 0.619070
0.947027 0.620819
0.959711 0.619842
0.953270 0.619805
0.923727 0.642016
0.927168 0.648815
0.925136 0.636353
0.928868 0.634959
0.932297 0.630167
0.858938 0.650586
0.863807 0.644619
0.863524 0.644900
0.700548 0.654849
0.695250 0.647141
0.684412 0.640019
0.666633 0.634281
0.660447 0.631080
0.634227 0.716993
0.635570 0.709376
0.622923 0.708444
0.636921 0.702232
0.630588 0.701797
0.625245 0.696917
0.610543 0.710873
0.611761 0.702101
0.610855 0.696642
0.618076 0.700367
0.612632 0.696692
0.619192 0.695151
0.585376 0.685984
0.576790 0.686945
0.578547 0.686633
0.576296 0.688031
0.582859 0.686411
0.582141 0.688031
0.575697 0.688000
0.571104 0.683446
0.570401 0.683776
0.568608 0.681977
0.643548 0.676264
0.615995 0.689558
0.618465 0.681860
0.620489 0.678642
0.626145 0.668726
0.617779 0.676138
0.619323 0.670943
0.619921 0.667900
0.613273 0.668589
0.584403 0.681194
0.590413 0.681172
0.585492 0.673990
0.567234 0.677950
0.561802 0.668083
0.525262 0.685133
0.524667 0.685861
0.532864 0.680949
0.534038 0.679733
0.519985 0.678685
0.513666 0.678911
0.461000 0.723210
0.457362 0.726204
0.466033 0.718122
0.473571 0.712640
0.466120 0.715572
0.475113 0.707769
0.476792 0.706676
0.476671 0.700059
0.480097 0.699179
0.478972 0.687798
0.472774 0.689088
0.466959 0.686771
0.467661 0.681984
0.541923 0.669605
0.540358 0.675233
0.556341 0.664480
0.535960 0.669261
0.516243 0.670955
0.517434 0.663775
0.525330 0.659944
0.451194 0.727426
0.450982 0.725946
0.451233 0.722818
0.445138 0.723726
0.442347 0.718765
0.444912 0.722338
0.438891 0.715654
0.442186 0.712736
0.443947 0.704847
0.421002 0.699382
0.425146 0.697740
0.450898 0.700739
0.450767 0.700475
0.457614 0.693810
0.460073 0.686590
0.457112 0.673610
0.424556 0.694238
0.436019 0.686387
0.434702 0.686753
0.428683 0.692914
0.441904 0.682459
0.443446 0.677583
0.444996 0.671409
0.433112 0.675983
0.430872 0.677220
0.435567 0.668254
0.403882 0.705446
0.411478 0.702130
0.399364 0.699613
0.390574 0.701849
0.393307 0.698430
0.388939 0.695444
0.382767 0.685942
0.418277 0.676096
0.405180 0.676799
0.412552 0.671193
0.390360 0.683184
0.390517 0.675517
0.439556 0.666837
0.294472 0.699221
0.289003 0.700447
0.287773 0.701345
0.311515 0.686933
0.311857 0.686797
0.299371 0.694397
0.313057 0.681947
0.314923 0.681510
0.316152 0.670305
0.320151 0.664747
0.508657 0.672726
0.469226 0.676103
0.475282 0.677331
0.472328 0.663285
0.638327 0.669138
0.620747 0.688199
0.611788 0.671805
0.620878 0.663939
0.627858 0.660248
0.614821 0.662704
0.608771 0.660324
0.622428 0.657728
0.626289 0.657416
0.628892 0.654269
0.623980 0.651238
0.631404 0.645094
0.627067 0.649317
0.653498 0.635118
0.637488 0.639787
0.653391 0.633282
0.567800 0.668204
0.567131 0.669955
0.573863 0.668486
0.587505 0.668366
0.595855 0.659315
0.589587 0.666684
0.602717 0.658500
0.572374 0.662572
0.569643 0.660785
0.563051 0.661300
0.540029 0.666872
0.557668 0.659061
0.551172 0.659519
0.552601 0.652353
0.546470 0.648957
0.537516 0.662067
0.533015 0.653740
0.534526 0.653544
0.537530 0.659720
0.534973 0.651374
0.526958 0.652424
0.523640 0.650949
0.521709 0.656488
0.522141 0.648306
0.520125 0.653844
0.540936 0.647846
0.534274 0.648613
0.540247 0.648122
0.522632 0.644026
0.521275 0.646719
0.507644 0.665149
0.518539 0.641436
0.511241 0.636260
0.504795 0.636237
0.502132 0.637523
0.511605 0.632710
0.505391 0.631842
0.501403 0.635077
0.473877 0.657266
0.475437 0.649461
0.480885 0.652846
0.481941 0.648991
0.490100 0.645013
0.489100 0.645819
0.476687 0.646865
0.483031 0.646320
0.461624 0.680221
0.447966 0.682882
0.464722 0.668144
0.452607 0.665657
0.431352 0.671905
0.435253 0.665897
0.426854 0.662999
0.446552 0.664171
0.442048 0.656304
0.436009 0.652243
0.467820 0.656015
0.468363 0.653674
0.469376 0.648867
0.449651 0.651911
0.455707 0.653349
0.457256 0.647253
0.458805 0.641218
0.443606 0.648825
0.447194 0.644738
0.444913 0.642844
0.431503 0.644712
0.446700 0.637306
0.434634 0.633285
0.419243 0.668652
0.413647 0.664973
0.400078 0.667405
0.416292 0.654017
0.422349 0.655249
0.408692 0.658051
0.411788 0.646172
0.405469 0.645519
0.399412 0.644076
0.419389 0.642005
0.413325 0.641877
0.422994 0.628686
0.419794 0.629903
0.393600 0.635654
0.390912 0.632736
0.393761 0.616087
0.324103 0.651387
0.324907 0.645586
0.323356 0.636910
0.330976 0.626738
0.327531 0.629620
0.329021 0.623965
0.384895 0.624204
0.386168 0.618932
0.388175 0.612262
0.387714 0.613206
0.375602 0.610494
0.341096 0.614843
0.356901 0.608680
0.361959 0.610934
0.349846 0.608269
0.338978 0.612049
0.043883 0.748385
0.038939 0.750691
0.039847 0.745858
0.049267 0.743676
0.047442 0.742760
0.041395 0.739992
0.033100 0.748461
0.030745 0.745258
0.033790 0.744552
0.035344 0.737846
0.036893 0.731697
0.029279 0.737855
0.033820 0.737686
0.030834 0.730762
0.039986 0.720549
0.032387 0.724144
0.038446 0.725158
0.027882 0.716360
0.034278 0.716186
0.022896 0.710653
0.016499 0.710451
0.265932 0.716212
0.259761 0.715187
0.247704 0.712824
0.241440 0.711414
0.229920 0.704151
0.275015 0.708043
0.272852 0.712072
0.282618 0.703664
0.261816 0.709947
0.255298 0.710042
0.242204 0.710874
0.226470 0.698727
0.222315 0.691723
0.221682 0.685570
0.224948 0.674367
0.219915 0.676856
0.219699 0.664802
0.219553 0.662477
0.140284 0.675485
0.142664 0.670437
0.142649 0.667247
0.140844 0.664006
0.142791 0.664508
0.219591 0.658787
0.223840 0.651289
0.232655 0.624997
0.237606 0.619806
0.235240 0.617340
0.237552 0.608174
0.232475 0.598652
0.230489 0.596854
0.230160 0.596044
0.229932 0.595763
0.224633 0.594686
0.225107 0.590717
0.217525 0.597069
0.219726 0.587315
0.209849 0.601521
0.195120 0.610420
0.196097 0.604615
0.200842 0.594826
0.209164 0.590802
0.212790 0.585661
0.214415 0.580430
0.180001 0.619950
0.172645 0.624029
0.173949 0.618001
0.189450 0.607579
0.189788 0.604090
0.190448 0.599475
0.188630 0.597926
0.187092 0.591542
0.181338 0.585627
0.158892 0.599724
0.158119 0.592937
0.160967 0.589330
0.182447 0.579364
0.175879 0.579792
0.111918 0.687421
0.119009 0.684820
0.132645 0.676359
0.137314 0.663865
0.133575 0.676806
0.126809 0.677950
0.113623 0.678979
0.120574 0.676187
0.116072 0.668128
0.136827 0.662721
0.130961 0.662823
0.122902 0.666453
0.117965 0.663158
0.117611 0.663605
0.099937 0.684058
0.107142 0.679082
0.100862 0.677484
0.101814 0.666700
0.102408 0.671849
0.108464 0.673176
0.110013 0.667172
0.092262 0.678727
0.094798 0.677166
0.094741 0.671014
0.111105 0.664638
0.090524 0.647431
0.061798 0.707711
0.055779 0.708387
0.048583 0.708843
0.070350 0.699797
0.072729 0.694372
0.071246 0.697728
0.070769 0.691602
0.071443 0.685759
0.068689 0.680373
0.069780 0.683087
0.045729 0.708241
0.041547 0.712512
0.041883 0.709748
0.041558 0.710702
0.035501 0.709458
0.041153 0.707153
0.036453 0.708279
0.023292 0.706957
0.069840 0.671080
0.080761 0.659390
0.080192 0.659744
0.085632 0.648546
0.090432 0.644113
0.090097 0.643617
0.097784 0.638176
0.103244 0.626453
0.102933 0.624076
0.100997 0.629627
0.112464 0.608355
0.107329 0.610834
0.151816 0.601400
0.145867 0.599562
0.152846 0.596611
0.154474 0.589477
0.147222 0.592396
0.134662 0.593386
0.134320 0.592393
0.127972 0.594249
0.127580 0.593440
0.120465 0.595860
