0.907668 0.067392
0.885847 0.403239
0.886888 0.391989
0.886714 0.396648
0.887168 0.390785
0.888267 0.404417
0.858122 0.523620
0.863551 0.525328
0.860372 0.524839
0.759912 0.525002
0.682560 0.524034
0.684809 0.525262
0.489551 0.523668
0.491800 0.524905
0.276612 0.524936
0.273432 0.524444
0.278861 0.526190
0.138427 0.524502
0.135247 0.524010
0.140675 0.525754
0.069334 0.524285
0.071583 0.525536
-0.083120 0.523566
-0.086299 0.523070
-0.080871 0.524801
-0.084051 0.524320
-0.178500 0.523995
-0.290398 0.522916
-0.288149 0.524148
-0.414315 0.522768
-0.412066 0.524010
-0.483408 0.522550
-0.481159 0.523792
-0.713836 0.329510
-0.662372 0.480734
-0.657939 0.493265
-0.660006 0.487083
-0.663384 0.487871
-0.661566 0.481184
-0.661904 0.480654
-0.662087 0.481142
-0.648958 0.518393
-0.655746 0.498160
-0.649045 0.517925
-0.651145 0.512886
0.894208 0.313962
0.892493 0.307965
0.891363 0.302294
0.895370 0.316119
0.893804 0.314745
0.891866 0.309118
0.908911 0.357372
0.907353 0.351459
0.909471 0.358563
0.909582 0.357730
0.908045 0.351835
0.906933 0.346188
0.885874 0.410254
0.885699 0.424152
0.885859 0.417808
0.886821 0.409075
0.885947 0.411493
0.820746 0.524468
0.822994 0.525697
0.765921 0.524535
0.768170 0.525776
0.648363 0.525383
0.650263 0.525153
0.587180 0.524459
0.475282 0.523385
0.477531 0.524609
0.354544 0.523734
0.359973 0.525443
0.356794 0.524954
0.268004 0.522735
0.270253 0.523956
0.213180 0.522801
0.215428 0.524034
0.074995 0.522368
0.077243 0.523598
-0.040315 0.524430
-0.149033 0.523849
-0.143605 0.525558
-0.146784 0.525069
-0.241584 0.523309
-0.239334 0.524555
-0.345223 0.522984
-0.342973 0.524228
-0.489068 0.524472
-0.774376 0.253719
-0.775543 0.258993
-0.774230 0.252666
-0.764362 0.283322
-0.767565 0.273939
-0.771079 0.272056
-0.759778 0.298231
-0.695650 0.507447
-0.684918 0.513724
-0.687275 0.507379
-0.688586 0.505150
-0.691303 0.507950
-0.682078 0.524111
-0.682812 0.519927
-0.683918 0.516462
-0.685417 0.520535
0.907988 0.063171
0.835014 0.524752
0.837263 0.525994
0.769101 0.525033
0.774529 0.526747
0.771350 0.526260
0.662632 0.525666
0.659452 0.525169
0.664880 0.526900
0.661701 0.526419
0.503818 0.523954
0.506067 0.525203
0.414798 0.525370
0.411618 0.524879
0.345705 0.525153
0.241717 0.523374
0.109890 0.523932
0.106710 0.523434
0.112139 0.525159
0.108960 0.524675
-0.109407 0.524213
-0.112587 0.523725
-0.186759 0.523241
-0.184510 0.524475
-0.330954 0.523271
-0.462780 0.523832
-0.460531 0.525055
-0.666501 0.185883
-0.666548 0.185789
-0.659242 0.208083
-0.616885 0.329233
-0.618770 0.327775
-0.616272 0.330049
-0.608337 0.354940
-0.552500 0.522334
-0.550252 0.523574
-0.742479 0.063326
-0.734676 0.086542
-0.735741 0.088477
-0.711073 0.169860
-0.698314 0.213555
-0.645761 0.348640
-0.646767 0.346799
-0.648039 0.348845
-0.637592 0.373320
-0.638391 0.367832
-0.645321 0.368785
-0.642226 0.355635
-0.643318 0.353025
-0.644803 0.356030
-0.594807 0.498048
-0.594836 0.497752
-0.595415 0.497905
-0.595103 0.492573
-0.746175 0.493462
-0.740083 0.493593
-0.740033 0.493460
-0.740291 0.493464
-0.731242 0.522257
-0.832605 0.508051
-0.828871 0.521466
-0.832474 0.506471
-0.835977 0.509730
-0.826623 0.522703
0.904344 0.097574
0.904542 0.104085
0.879698 0.512783
0.878144 0.506881
0.877311 0.501391
0.731375 0.524426
0.733623 0.525667
0.532356 0.524533
0.429066 0.525660
0.262344 0.524650
0.264592 0.525891
0.227448 0.523086
0.229697 0.524331
0.186892 0.523446
0.103531 0.522939
-0.008367 0.521869
-0.006118 0.523086
-0.089479 0.522577
-0.255502 0.524481
-0.258682 0.523982
-0.253254 0.525708
-0.256433 0.525225
-0.316686 0.523561
-0.428583 0.522482
-0.426335 0.523713
-0.693473 0.065092
-0.653431 0.195994
-0.538232 0.522620
-0.535983 0.523873
-0.757164 0.100641
-0.738119 0.157902
-0.739770 0.156752
-0.677944 0.350729
-0.620802 0.499922
-0.622587 0.498869
-0.761020 0.250216
-0.745365 0.305058
-0.740727 0.310296
-0.677449 0.497654
-0.678479 0.496251
-0.679479 0.497639
-0.670058 0.523182
-0.673238 0.522682
-0.669723 0.517051
-0.675516 0.500463
-0.678774 0.505697
-0.667810 0.524404
-0.667737 0.523188
-0.669207 0.518597
-0.670989 0.523918
-0.669905 0.515696
-0.782705 0.475010
-0.782700 0.469961
-0.786345 0.477979
-0.782319 0.469614
-0.782941 0.470532
-0.765439 0.523604
0.889627 0.382064
0.889284 0.376817
0.886996 0.390258
0.887825 0.383686
0.888958 0.375127
0.889154 0.376946
0.875569 0.524402
0.875782 0.520714
0.875136 0.515326
0.873081 0.522527
0.670541 0.524968
0.518088 0.524242
0.420458 0.523451
0.422707 0.524687
0.371992 0.524517
0.374241 0.525735
0.178982 0.524149
0.181232 0.525376
0.048706 0.523012
-0.137944 0.523634
-0.135695 0.524882
-0.226965 0.525052
-0.230145 0.524559
-0.224717 0.526304
-0.304666 0.522633
-0.302418 0.523853
-0.405707 0.524980
-0.503336 0.524184
-0.506516 0.523690
-0.501088 0.525432
-0.727732 0.066405
-0.719890 0.091374
-0.691592 0.172063
-0.692661 0.169811
-0.683294 0.196811
-0.687855 0.181692
-0.678807 0.211226
-0.680011 0.209325
-0.638819 0.328909
-0.641329 0.333979
-0.639134 0.341526
-0.625771 0.366958
-0.625906 0.364616
-0.631810 0.359906
-0.583870 0.492617
-0.582381 0.490676
-0.757582 0.080234
-0.756777 0.093633
-0.748075 0.107226
-0.618389 0.492618
-0.620308 0.496101
-0.616210 0.493547
-0.619050 0.497660
-0.767718 0.251209
-0.758319 0.281609
-0.759825 0.275731
-0.751031 0.301020
-0.751671 0.300904
-0.685088 0.498503
-0.681384 0.505576
-0.682867 0.503471
-0.676417 0.522185
-0.676310 0.518466
-0.678478 0.512227
-0.679397 0.509791
-0.681693 0.512978
-0.792292 0.487196
-0.792070 0.484973
-0.779707 0.523316
-0.782887 0.522821
-0.777459 0.524560
0.901215 0.144962
0.900851 0.138795
0.893795 0.292216
0.893919 0.288572
0.909647 0.337588
0.904677 0.321241
0.900999 0.320596
0.909881 0.357316
0.908300 0.351556
0.907870 0.345414
0.909102 0.338708
0.869560 0.524860
0.871809 0.526103
0.676550 0.524496
0.678800 0.525748
0.510177 0.524950
0.512426 0.526170
0.400528 0.525083
0.402778 0.526326
0.317168 0.524582
0.319417 0.525812
0.124159 0.524216
0.126407 0.525455
0.020170 0.522435
0.022419 0.523677
-0.034654 0.522505
-0.032406 0.523759
-0.158222 0.523814
-0.287218 0.523417
-0.281790 0.525124
-0.284969 0.524634
-0.342043 0.523482
-0.336614 0.525197
-0.339794 0.524711
-0.511944 0.521984
-0.509695 0.523201
-0.741264 0.063194
-0.698365 0.171563
-0.640458 0.341471
-0.642604 0.338642
-0.643709 0.341082
-0.631099 0.371851
-0.633772 0.360290
-0.635815 0.354122
-0.639638 0.342857
-0.640749 0.348361
-0.631639 0.368016
-0.631898 0.366364
-0.632429 0.364737
-0.633167 0.366652
-0.590088 0.492205
-0.594545 0.497609
-0.776030 0.266813
-0.768312 0.291234
-0.765656 0.299243
-0.767644 0.298049
-0.695998 0.507931
-0.690685 0.521899
-0.689298 0.521400
-0.695945 0.522111
-0.692005 0.514861
-0.693036 0.512114
-0.693683 0.515051
-0.822166 0.498668
-0.822155 0.498444
-0.822744 0.498930
-0.814603 0.521753
-0.812354 0.523001
0.854942 0.523120
0.857192 0.524354
0.751653 0.524251
0.753902 0.525480
0.656273 0.524677
0.558643 0.523885
0.560893 0.525123
0.331436 0.524867
0.328257 0.524372
0.333685 0.526109
0.161534 0.523367
0.166964 0.525082
0.163784 0.524596
-0.014027 0.523782
-0.011778 0.525019
-0.103398 0.523743
-0.101149 0.524990
-0.200678 0.524416
-0.203857 0.523915
-0.198429 0.525632
-0.201609 0.525146
-0.365151 0.524618
-0.368331 0.524125
-0.362902 0.525868
-0.434244 0.524400
-0.431995 0.525650
-0.696914 0.522247
-0.699415 0.515829
-0.701040 0.512419
-0.777646 0.467697
-0.777314 0.464952
-0.759779 0.521683
-0.757529 0.522921
0.900325 0.148007
0.900222 0.145751
0.885707 0.430341
0.884924 0.437006
0.885684 0.429822
0.885660 0.430459
0.885872 0.425395
0.806477 0.524186
0.808727 0.525403
0.691169 0.526239
0.687989 0.525749
0.627736 0.524102
0.629985 0.525340
0.601448 0.524750
0.544375 0.523601
0.546623 0.524827
0.434726 0.523737
0.436975 0.524985
0.379902 0.523808
0.302900 0.524301
0.299720 0.523800
0.305148 0.525517
0.301969 0.525031
0.236056 0.525300
0.198912 0.522519
0.201160 0.523739
0.083602 0.524574
0.080423 0.524084
0.014510 0.524357
-0.048574 0.523675
-0.046325 0.524911
-0.207037 0.523417
-0.204788 0.524664
-0.373759 0.522417
-0.371510 0.523636
-0.682821 0.055825
-0.523964 0.522909
-0.753410 0.253467
-0.723110 0.324528
-0.727290 0.321770
-0.666785 0.488393
-0.668762 0.485727
-0.672963 0.489135
-0.663581 0.495209
-0.665599 0.490759
-0.655790 0.523464
-0.655918 0.519601
-0.657647 0.513606
-0.772146 0.465694
-0.771474 0.463764
-0.756599 0.522183
-0.751170 0.523894
-0.754350 0.523405
0.898074 0.159701
0.917212 0.215642
0.914863 0.215514
0.913621 0.209646
0.849282 0.525039
0.705087 0.525076
0.622075 0.526022
0.524447 0.525232
0.521267 0.524735
0.526695 0.526465
0.523516 0.525983
0.337096 0.522952
0.339346 0.524174
0.248076 0.524366
0.244896 0.523868
0.250324 0.525594
0.247145 0.525111
0.193251 0.524433
0.190072 0.523938
0.195500 0.525673
0.089263 0.522652
0.091511 0.523895
-0.063191 0.521934
-0.060942 0.523163
-0.166481 0.523066
-0.164232 0.524288
-0.235574 0.522850
-0.233324 0.524071
-0.296408 0.523380
-0.359491 0.522699
-0.357241 0.523930
-0.497676 0.522266
-0.495427 0.523495
-0.732951 0.231493
-0.698757 0.333173
-0.687502 0.366006
-0.680054 0.390290
-0.686486 0.385086
-0.687043 0.365687
-0.688298 0.366837
-0.676019 0.397562
-0.678584 0.392760
-0.680594 0.391369
-0.667607 0.422371
-0.658770 0.452454
-0.660671 0.446361
-0.662246 0.440448
-0.663564 0.434684
-0.665407 0.428629
-0.667438 0.422909
-0.667738 0.422457
-0.655500 0.464480
-0.655272 0.464480
-0.656301 0.458856
-0.657710 0.455262
-0.659176 0.452984
-0.662554 0.447851
-0.645512 0.490020
-0.645341 0.490493
-0.645537 0.489677
-0.652375 0.486139
-0.635862 0.521833
-0.633612 0.523060
-0.639456 0.523489
-0.754875 0.488145
-0.760003 0.477292
-0.748551 0.491955
-0.751430 0.488957
-0.755893 0.484201
-0.739151 0.522965
-0.736902 0.524185
-0.837787 0.515294
-0.834532 0.523386
-0.837711 0.522895
-0.837479 0.511128
-0.837416 0.510458
0.885247 0.450273
0.884269 0.444676
0.883644 0.439299
0.888175 0.463062
0.885805 0.457569
0.884455 0.451739
0.882924 0.445976
0.800817 0.526099
0.797637 0.525603
0.803066 0.527336
0.799887 0.526855
0.745993 0.526168
0.742813 0.525675
0.748241 0.527416
0.630915 0.524600
0.636344 0.526312
0.633165 0.525824
0.593539 0.525449
0.595788 0.526683
0.441085 0.524734
0.437905 0.524233
0.443333 0.525952
0.440154 0.525467
0.394170 0.524098
0.351365 0.523234
0.353614 0.524469
0.290881 0.525225
0.207519 0.524719
0.209769 0.525972
0.097870 0.524865
0.006251 0.523608
0.008500 0.524833
-0.192769 0.523705
-0.393687 0.524048
-0.396867 0.523549
-0.391439 0.525273
-0.394618 0.524789
-0.454872 0.523126
-0.748906 0.146620
-0.750295 0.145753
-0.724002 0.219795
-0.723382 0.220344
-0.678882 0.350576
-0.684466 0.344652
-0.689002 0.339910
-0.678188 0.351571
-0.682511 0.358574
-0.663297 0.399522
-0.657453 0.417883
-0.625815 0.510973
-0.626857 0.505340
-0.628153 0.499581
-0.854600 0.521170
0.906230 0.083480
0.896470 0.360603
0.896272 0.355451
0.892046 0.355090
0.891527 0.342970
0.890239 0.349411
0.898898 0.365522
0.894294 0.362622
0.841024 0.524294
0.843272 0.525511
0.739634 0.525185
0.567251 0.526095
0.455354 0.525016
0.457603 0.526247
0.296541 0.523303
0.298790 0.524549
0.172623 0.523156
0.055065 0.523999
0.051886 0.523504
0.057315 0.525237
0.054135 0.524756
-0.054583 0.524140
-0.057762 0.523649
-0.152212 0.523349
-0.149964 0.524584
-0.221305 0.523132
-0.219056 0.524366
-0.324595 0.524265
-0.322346 0.525491
-0.448512 0.524115
-0.451692 0.523619
-0.446263 0.525352
-0.449443 0.524871
-0.725093 0.065982
-0.683103 0.176738
-0.685651 0.170293
-0.680849 0.183024
-0.682327 0.179215
-0.670322 0.214043
-0.670135 0.213710
-0.632285 0.325792
-0.619866 0.362898
-0.571240 0.505701
-0.574899 0.505518
-0.573201 0.499576
-0.576397 0.499728
-0.578750 0.494235
-0.569922 0.506435
-0.572707 0.497342
-0.732965 0.111025
-0.713098 0.169330
-0.698534 0.213701
-0.645766 0.368816
-0.649612 0.356605
-0.651385 0.353061
-0.652838 0.356768
-0.646327 0.365982
-0.646908 0.363140
-0.647142 0.362591
-0.647283 0.363163
-0.601597 0.499076
-0.605072 0.499207
-0.607153 0.493611
-0.601896 0.494036
-0.601916 0.493859
-0.602046 0.493879
-0.715948 0.509470
-0.715019 0.507232
-0.719652 0.507308
-0.710615 0.523533
-0.714817 0.506053
-0.708365 0.524778
-0.798415 0.487186
-0.798355 0.486557
-0.800237 0.486982
-0.786066 0.522331
-0.827709 0.505721
-0.827360 0.502266
-0.827254 0.500914
-0.820264 0.523676
0.904263 0.117707
0.894626 0.273831
0.894058 0.268472
0.894698 0.287284
0.895037 0.280873
0.894179 0.274877
0.908237 0.324418
0.892003 0.368235
0.891695 0.363014
0.888517 0.370882
0.829354 0.526673
0.830129 0.525844
0.826174 0.526183
0.696828 0.524318
0.699078 0.525558
0.552983 0.525805
0.549803 0.525314
0.463263 0.524316
0.310809 0.523591
0.158355 0.522869
0.160605 0.524113
0.023350 0.522933
0.028778 0.524648
0.025598 0.524161
-0.020037 0.524248
-0.131935 0.523175
-0.129685 0.524398
-0.261861 0.523488
-0.400046 0.523054
-0.480228 0.523049
-0.474800 0.524762
-0.477980 0.524275
-0.753979 0.253733
-0.754312 0.253772
-0.735440 0.316257
-0.739553 0.311362
-0.730449 0.319469
-0.674229 0.489348
-0.673862 0.489984
-0.669361 0.497079
-0.670639 0.495270
-0.672008 0.497100
-0.662149 0.522474
-0.661878 0.521365
-0.663228 0.515586
-0.668613 0.516824
-0.785849 0.483356
-0.786386 0.478167
-0.786378 0.478032
-0.774047 0.521400
-0.771798 0.522624
0.895608 0.173474
0.895348 0.186700
0.895222 0.180453
0.904239 0.199014
0.904485 0.198544
0.903807 0.198402
0.914724 0.229402
0.913159 0.236971
0.883161 0.504511
0.886653 0.494063
0.883977 0.497938
0.886377 0.491237
0.885270 0.485588
0.786199 0.524359
0.788449 0.525588
0.717456 0.525599
0.714276 0.525100
0.719705 0.526823
0.716525 0.526338
0.607807 0.525734
0.604627 0.525241
0.610056 0.526980
0.538714 0.525517
0.540963 0.526762
0.448994 0.524025
0.365634 0.523520
0.367882 0.524767
0.129818 0.522302
0.132068 0.523521
0.000241 0.524068
-0.002939 0.523575
0.002490 0.525318
-0.097388 0.523283
-0.095139 0.524506
-0.213047 0.523887
-0.310327 0.524548
-0.313506 0.524052
-0.308077 0.525787
-0.419976 0.524689
-0.423155 0.524199
-0.469139 0.522837
-0.657262 0.190971
-0.657182 0.191164
-0.657400 0.191054
-0.610149 0.332951
-0.618096 0.328081
-0.604628 0.346069
-0.608816 0.335586
-0.611966 0.334273
-0.607061 0.353477
-0.604851 0.343969
-0.605081 0.346516
-0.543893 0.524546
-0.738033 0.237290
-0.707437 0.330668
-0.709707 0.330371
-0.692592 0.373294
-0.686721 0.386622
-0.688765 0.383997
-0.692462 0.380827
-0.692844 0.374675
-0.660829 0.467771
-0.661848 0.472777
-0.659864 0.466984
-0.651136 0.491970
-0.652556 0.486153
-0.659840 0.474090
-0.659407 0.467660
-0.651078 0.492103
-0.652363 0.486263
-0.652529 0.486076
-0.641522 0.523750
-0.639658 0.523525
-0.644702 0.523255
-0.648832 0.518376
-0.729324 0.502318
-0.723361 0.504088
-0.722908 0.502894
-0.724617 0.502706
-0.729601 0.498129
-0.716974 0.522548
-0.811199 0.493085
-0.810849 0.489766
-0.800334 0.522041
0.899458 0.247450
0.896766 0.253130
0.899698 0.246349
0.886259 0.470996
0.885834 0.465729
0.887275 0.490524
0.886830 0.484382
0.885282 0.478621
0.885337 0.472318
0.711097 0.524605
0.713346 0.525857
0.613467 0.523818
0.615716 0.525044
0.579270 0.525166
0.576090 0.524667
0.581519 0.526387
0.578340 0.525903
0.469622 0.525300
0.466443 0.524806
0.471870 0.526544
0.406189 0.523168
0.408438 0.524391
0.282272 0.523018
0.284521 0.524251
0.152695 0.524791
0.062975 0.523304
-0.028295 0.523499
-0.031475 0.523000
-0.026047 0.524724
-0.029226 0.524239
-0.123676 0.523922
-0.270120 0.522742
-0.267871 0.523962
-0.385778 0.523343
-0.681233 0.048768
-0.517605 0.523898
-0.515356 0.525134
-0.732253 0.500697
-0.731524 0.498148
-0.735202 0.498015
-0.724883 0.523248
-0.728062 0.522751
-0.722634 0.524480
-0.725814 0.523999
-0.804832 0.488035
-0.804719 0.486440
-0.793975 0.523031
-0.791727 0.524264
-0.843384 0.517249
-0.848690 0.518341
-0.840891 0.522407
0.883188 0.505131
0.883066 0.504559
0.882130 0.498988
0.794458 0.525111
0.725365 0.524894
0.572911 0.524171
0.575161 0.525421
0.492730 0.524167
0.498159 0.525878
0.494979 0.525389
0.386261 0.524799
0.383081 0.524302
0.388510 0.526029
0.385331 0.525547
0.255985 0.523664
0.216359 0.523301
0.221787 0.525008
0.218608 0.524519
0.144087 0.522584
0.146336 0.523816
0.040797 0.523716
0.043046 0.524941
-0.074862 0.524322
-0.172141 0.524981
-0.175320 0.524487
-0.169892 0.526223
-0.276129 0.523201
-0.273881 0.524446
-0.350882 0.524906
-0.690264 0.064424
-0.531873 0.523615
-0.535053 0.523115
-0.529624 0.524839
-0.532803 0.524354
-0.721630 0.165611
-0.704142 0.215843
-0.610775 0.490681
-0.708524 0.510821
-0.704954 0.521616
-0.703934 0.518385
-0.707078 0.512763
-0.708735 0.511882
-0.713411 0.507190
-0.703457 0.518656
-0.703982 0.518566
-0.850032 0.518634
-0.848800 0.523099
-0.850001 0.518096
-0.851546 0.519311
-0.846551 0.524342
0.911793 0.239692
0.902924 0.359112
0.901214 0.353121
0.899927 0.347367
0.897543 0.342524
0.904092 0.361655
0.904555 0.360009
0.814736 0.524930
0.816985 0.526184
0.780189 0.524822
0.782439 0.526074
0.642004 0.524388
0.644253 0.525638
0.483890 0.525588
0.325077 0.523881
0.117800 0.523229
0.034787 0.524177
0.037036 0.525426
-0.068852 0.523851
-0.066602 0.525100
-0.117317 0.524914
-0.116542 0.524067
-0.120497 0.524416
-0.115766 0.523242
-0.247593 0.523778
-0.379419 0.524332
-0.377171 0.525569
-0.442851 0.522200
-0.440603 0.523418
-0.675239 0.181075
-0.664622 0.211169
-0.625355 0.325843
-0.628540 0.325337
-0.614182 0.360991
-0.613576 0.358628
-0.558579 0.522763
-0.560404 0.516713
-0.563479 0.510252
-0.563790 0.510020
-0.568877 0.505456
-0.570103 0.499590
-0.558161 0.524255
-0.558896 0.522932
-0.561929 0.517679
-0.728476 0.224631
-0.731393 0.229104
-0.696605 0.334201
-0.689072 0.339880
-0.682594 0.358719
-0.682526 0.358664
-0.667235 0.407437
-0.669065 0.401382
-0.671701 0.394892
-0.672163 0.394011
-0.659301 0.431992
-0.661516 0.425730
-0.662814 0.419959
-0.664671 0.413891
-0.666522 0.409357
-0.668330 0.408066
-0.672142 0.403079
-0.657453 0.438060
-0.658535 0.434480
-0.659834 0.432342
-0.664298 0.427566
-0.655330 0.464274
-0.655550 0.458049
-0.641200 0.488613
-0.629152 0.519210
-0.630419 0.513466
-0.631491 0.507840
-0.635379 0.495616
-0.631043 0.520611
-0.632420 0.514799
-0.760336 0.477228
-0.766791 0.471318
-0.768623 0.465645
-0.758645 0.483552
-0.758259 0.483418
-0.759439 0.480246
-0.758892 0.483207
-0.759716 0.477571
-0.760269 0.476793
-0.762926 0.472003
-0.745511 0.521969
-0.743261 0.523219
-0.817005 0.496481
-0.816891 0.494872
-0.816704 0.491591
-0.808244 0.522749
-0.811424 0.522249
-0.805995 0.523969
-0.809174 0.523483
