3.345426 0.780642
3.339062 0.780210
3.326651 0.779346
3.323399 0.778081
3.333181 0.784116
3.327080 0.784143
3.278583 0.740440
3.315151 0.760140
3.314237 0.760410
3.319840 0.766592
3.321594 0.771265
3.308900 0.758952
3.308905 0.761185
3.302840 0.756808
3.302074 0.760491
3.302851 0.760746
3.296789 0.757575
3.296792 0.758924
3.304081 0.751267
3.272534 0.742401
3.273263 0.743168
3.272550 0.748526
3.279330 0.749421
3.225182 0.711297
3.224708 0.709907
3.224027 0.712839
3.217972 0.712361
3.231224 0.731592
3.234638 0.734755
3.230117 0.726725
3.232863 0.728795
3.231355 0.726271
3.222332 0.725364
3.222506 0.725584
3.224059 0.725244
3.218003 0.724354
3.266787 0.743808
3.267006 0.752361
3.257356 0.756563
3.260122 0.754787
3.251306 0.757903
3.252851 0.754596
3.246799 0.755521
3.252864 0.759862
3.252312 0.762819
3.252873 0.762988
3.246040 0.762512
3.253857 0.754471
3.236546 0.737744
3.234650 0.739599
3.227918 0.739743
3.227052 0.742905
3.229990 0.751044
3.228478 0.742353
3.228604 0.742488
3.231399 0.748245
3.236190 0.734175
3.237018 0.734825
3.235683 0.741227
3.213979 0.743647
3.239193 0.755966
3.238641 0.754635
3.191092 0.696251
3.184807 0.689989
3.187653 0.692912
3.192191 0.707719
3.186672 0.704269
3.187045 0.708099
3.180086 0.782347
3.175735 0.787364
3.169749 0.789031
3.172154 0.792489
3.170985 0.794184
3.157681 0.781979
3.155715 0.773964
3.154857 0.779399
3.163363 0.788289
3.163630 0.788436
3.164927 0.792305
3.158862 0.788002
3.207358 0.751207
3.207303 0.751501
3.204145 0.717716
3.202794 0.726504
3.210918 0.723690
3.201263 0.722569
3.203909 0.729271
3.211922 0.714049
3.211083 0.716811
3.208994 0.714945
3.211932 0.717847
3.214135 0.721087
3.187653 0.723973
3.198264 0.715218
3.199483 0.714482
3.192995 0.720147
3.196322 0.727550
3.208085 0.737422
3.210090 0.740906
3.204079 0.734545
3.210956 0.748848
3.208913 0.751582
3.204137 0.748067
3.184620 0.721652
3.184185 0.724423
3.185155 0.722659
3.180476 0.723138
3.184628 0.724688
3.187492 0.712878
3.198385 0.767131
3.190650 0.774413
3.186138 0.770029
3.184600 0.776389
3.193734 0.765362
3.201324 0.758887
3.180089 0.771880
3.175915 0.775906
3.178560 0.781377
3.171605 0.783915
3.175555 0.789929
3.155890 0.771001
3.159363 0.776954
3.160350 0.782726
3.116537 0.746967
3.115443 0.747145
3.100673 0.745415
3.135463 0.753258
3.128506 0.754456
3.134358 0.760834
3.140872 0.766700
3.146707 0.769801
3.126987 0.767952
3.128535 0.765716
3.128214 0.754167
3.122481 0.765568
3.114871 0.764472
3.110395 0.751971
3.107495 0.760274
3.104319 0.756878
3.104297 0.757115
3.110220 0.763432
3.104756 0.761684
3.135093 0.719993
3.134566 0.734870
3.133118 0.735524
3.136122 0.757932
3.137666 0.754222
3.138576 0.754954
3.119374 0.725005
3.124547 0.738545
3.121112 0.739270
3.129025 0.731661
3.127795 0.737053
3.126819 0.723287
3.122513 0.715780
3.128577 0.719747
3.113367 0.721636
3.105776 0.728286
3.114913 0.718782
3.108861 0.719248
3.123047 0.745027
3.119732 0.741675
3.119473 0.741793
3.117932 0.746809
3.107761 0.748808
3.109642 0.754586
3.142188 0.762198
3.130305 0.762083
3.124130 0.761603
3.051371 0.717534
3.043643 0.711862
3.011809 0.707620
3.017867 0.709448
3.037583 0.709463
3.039138 0.710373
3.033072 0.705509
3.025469 0.706878
3.026674 0.706824
3.022264 0.714165
3.019415 0.707047
3.020152 0.706967
3.013065 0.708122
3.019426 0.711398
3.019009 0.714598
3.013055 0.713724
3.019437 0.715520
3.004507 0.704002
3.000731 0.701550
2.981260 0.704289
2.991142 0.696910
2.994669 0.700865
2.987627 0.702036
3.007233 0.707026
2.988177 0.706534
3.079258 0.738883
3.091106 0.752829
3.090451 0.753091
3.080236 0.746029
3.084564 0.749504
3.092134 0.735388
3.093669 0.728209
3.096970 0.730920
3.101257 0.720941
3.100143 0.724930
3.094933 0.722690
3.100210 0.730370
3.087622 0.730976
3.081570 0.731443
3.088749 0.722221
3.087259 0.721279
3.088290 0.726957
3.091599 0.739883
3.090667 0.738715
3.098008 0.745502
3.093151 0.742629
3.092165 0.747312
3.087148 0.736258
3.082515 0.737764
3.087281 0.741601
3.082170 0.743267
3.086107 0.745802
3.067895 0.726054
3.069446 0.724890
3.057010 0.723725
3.061843 0.726764
3.063388 0.723643
2.957709 0.732665
2.964817 0.725334
2.952712 0.726440
2.963988 0.732032
2.944528 0.731126
2.937514 0.732820
2.937518 0.734218
2.946969 0.727858
2.946670 0.731183
2.854438 0.732053
2.979638 0.704760
2.978220 0.709467
2.972401 0.716177
2.973757 0.714869
2.967895 0.713853
2.966352 0.717933
2.960305 0.720505
2.914264 0.773810
2.940544 0.765112
2.948967 0.759769
2.942087 0.760958
2.963296 0.737887
2.946619 0.736909
2.942028 0.739365
2.946569 0.745426
2.943999 0.750670
2.946655 0.756529
2.944105 0.755330
2.922253 0.754318
2.922356 0.754770
2.922371 0.760820
2.908380 0.761679
2.937575 0.756174
2.936031 0.760266
2.934486 0.763474
2.928432 0.763582
2.931406 0.763285
2.929370 0.764225
2.928449 0.770111
2.929714 0.771599
2.927003 0.774080
2.926747 0.774237
2.922469 0.776328
2.920848 0.772345
2.908719 0.763835
2.910175 0.763983
2.914790 0.770691
2.908805 0.772028
2.923418 0.763344
2.922389 0.767526
2.916323 0.762794
2.920853 0.774535
2.922411 0.776362
2.914798 0.773878
2.916351 0.773690
2.895230 0.753966
2.885201 0.745825
2.902084 0.761408
2.902670 0.766245
2.895778 0.761155
2.895882 0.765114
2.890802 0.758486
2.891545 0.762733
2.896864 0.770329
2.879010 0.739806
2.866697 0.738758
2.860987 0.743004
2.855095 0.742017
2.892073 0.749402
2.886688 0.748719
2.890223 0.755955
2.874124 0.748144
2.742637 0.754152
2.729926 0.746982
2.729846 0.747460
2.734941 0.753254
2.729446 0.753414
2.741108 0.761209
2.734394 0.765684
2.740450 0.766843
2.728889 0.759990
2.671792 0.712699
2.723781 0.743144
2.717726 0.742724
2.716880 0.752831
2.711013 0.750484
2.721750 0.766819
2.716436 0.768157
2.726115 0.766290
2.723060 0.764454
2.717761 0.756087
2.716896 0.763954
2.713254 0.776123
2.712464 0.776229
2.714081 0.781944
2.704048 0.798242
2.705853 0.788982
2.713349 0.787394
2.713181 0.787515
2.707132 0.789396
2.697664 0.797733
2.695287 0.796814
2.703619 0.789254
2.700834 0.794465
2.718057 0.773878
2.716401 0.779230
2.715393 0.777816
2.714716 0.780314
2.722292 0.767903
2.715514 0.770621
2.708659 0.778851
2.692200 0.790384
2.693481 0.793522
2.695785 0.790930
2.688639 0.787509
2.679809 0.788995
2.673761 0.791061
2.667715 0.794394
2.681353 0.785196
2.681808 0.785855
2.677701 0.786246
2.675561 0.791090
2.669279 0.717933
2.615376 0.733255
2.609608 0.732022
2.614817 0.739833
2.654214 0.794715
2.640715 0.795826
2.635893 0.794676
2.611869 0.762424
2.617658 0.766448
2.620005 0.768902
2.617674 0.772285
2.622209 0.786021
2.628270 0.789029
2.629824 0.789236
2.616627 0.787203
2.616169 0.791392
2.619076 0.793928
2.623769 0.788486
2.615182 0.782399
2.610398 0.781246
2.605575 0.775875
2.604564 0.780142
2.610337 0.786927
2.604805 0.785289
2.610120 0.793385
2.613146 0.753999
2.609317 0.759128
2.610652 0.742265
2.612806 0.765747
2.607754 0.770061
2.828373 0.728577
2.829181 0.731115
2.828950 0.737104
2.821893 0.732653
2.823115 0.736009
2.819442 0.737066
2.815916 0.726247
2.811914 0.733650
2.821144 0.768381
2.818920 0.765874
2.806475 0.753946
2.800815 0.754949
2.805292 0.761665
2.805033 0.767694
2.798912 0.761550
2.793527 0.760717
2.799587 0.763444
2.818761 0.754039
2.818183 0.750984
2.819280 0.754668
2.815101 0.745083
2.813210 0.748456
2.829312 0.742037
2.822480 0.742732
2.821873 0.742898
2.821856 0.748457
2.822777 0.760038
2.817094 0.764921
2.819887 0.756733
2.821807 0.762514
2.808493 0.763931
2.795077 0.759645
2.801136 0.761750
2.848321 0.725903
2.849030 0.730175
2.835788 0.725256
2.841890 0.731437
2.841618 0.737499
2.842357 0.741754
2.779485 0.761727
2.768502 0.758265
2.769312 0.760868
2.761692 0.756230
2.762514 0.756053
2.734421 0.714151
2.734432 0.718572
2.732811 0.730610
2.733090 0.730107
2.732363 0.736992
2.738981 0.737011
2.749567 0.749716
2.737447 0.744743
2.745041 0.739784
2.817769 0.771412
2.820014 0.770810
2.811715 0.770931
2.805661 0.770991
2.813272 0.772278
2.807205 0.767359
2.702569 0.702709
2.720764 0.715847
2.727880 0.716733
2.725208 0.723996
2.713409 0.719619
2.711834 0.711369
2.712623 0.726611
2.728365 0.713220
2.729914 0.711651
2.732728 0.713400
2.731110 0.721714
2.710186 0.706700
2.716249 0.710120
2.717787 0.704197
2.696228 0.698489
2.690639 0.697461
2.697070 0.703046
2.678339 0.697339
2.681635 0.724370
2.676799 0.710320
2.676819 0.710341
2.672946 0.715383
2.676841 0.718763
2.676640 0.707302
2.726285 0.730759
2.719259 0.734708
2.706381 0.737368
2.706058 0.743528
2.732095 0.727390
2.695026 0.727935
2.700617 0.730569
2.673768 0.701415
2.220137 0.855260
2.220257 0.860597
2.214440 0.861693
2.199240 0.867499
2.206054 0.867018
2.200800 0.869568
2.202337 0.863195
2.202767 0.862854
2.193197 0.871280
2.187126 0.864666
2.194744 0.868831
2.190348 0.865199
2.181058 0.859508
2.182614 0.860347
2.178102 0.855878
2.168941 0.855891
2.156822 0.851693
2.158378 0.852754
2.142635 0.911813
2.141627 0.921303
2.143202 0.916333
2.143169 0.916673
2.120413 0.880754
2.118890 0.892256
2.131774 0.896995
2.136307 0.911601
2.135703 0.918525
2.129707 0.912299
2.125799 0.896140
2.108303 0.879253
2.096186 0.875883
2.100706 0.883479
2.135580 0.861728
2.142253 0.854507
2.121953 0.875103
2.132754 0.858938
2.131084 0.863369
2.123170 0.866348
2.125037 0.866305
2.144718 0.852801
2.131735 0.855867
2.132625 0.858751
2.109571 0.873813
2.117438 0.869597
2.111385 0.869648
2.111773 0.869853
2.111395 0.873672
2.113756 0.876378
2.103780 0.870803
2.097731 0.872647
2.597986 0.720706
2.597221 0.725553
2.591478 0.718716
2.586206 0.722788
2.580138 0.721500
2.544907 0.725711
2.551277 0.727087
2.564854 0.720273
2.571341 0.724039
2.559836 0.725688
2.558827 0.720044
2.558527 0.720060
2.558208 0.726196
2.544166 0.726862
2.481813 0.718948
2.475315 0.719291
2.481251 0.722225
2.455190 0.720503
2.460942 0.727321
2.454979 0.726441
2.455497 0.727573
2.457051 0.727897
2.449190 0.719691
2.443377 0.722866
2.429703 0.718278
2.431261 0.719725
2.450988 0.724557
2.378171 0.720538
2.376642 0.730208
2.371517 0.725894
2.366084 0.728396
2.410977 0.718876
2.418099 0.717642
2.419150 0.718934
2.403933 0.717870
2.397877 0.717178
2.407032 0.714677
2.385764 0.715089
2.374972 0.716595
2.598760 0.728353
2.599522 0.776366
2.596638 0.777291
2.599529 0.779140
2.528233 0.762230
2.525939 0.776958
2.521939 0.761380
2.514991 0.762304
2.522177 0.761610
2.514413 0.765590
2.493348 0.780059
2.487288 0.777540
2.501069 0.767020
2.496615 0.769500
2.501733 0.772642
2.498542 0.775253
2.502666 0.766839
2.504035 0.769017
2.495357 0.762861
2.494870 0.767427
2.482744 0.760393
2.489512 0.761764
2.483346 0.761258
2.482753 0.764027
2.488814 0.766963
2.488021 0.775600
2.533452 0.734144
2.535637 0.739926
2.531287 0.741857
2.529529 0.748173
2.529135 0.754449
2.527302 0.753019
2.532709 0.742424
2.525246 0.746933
2.524756 0.750711
2.525620 0.749169
2.523395 0.749609
2.544179 0.729422
2.539334 0.742101
2.528702 0.758725
2.523727 0.759967
2.518843 0.763153
2.498788 0.783817
2.493364 0.786303
2.500562 0.781024
2.494911 0.783351
2.480981 0.787811
2.487322 0.790948
2.495941 0.778500
2.493101 0.777213
2.405441 0.762372
2.363487 0.739903
2.362482 0.747296
2.368388 0.753835
2.363424 0.751164
2.363910 0.757514
2.391793 0.767405
2.394400 0.766574
2.385075 0.769773
2.382575 0.776718
2.387472 0.774292
2.411880 0.784626
2.388117 0.779911
2.385156 0.780750
2.372763 0.775571
2.367046 0.767402
2.360644 0.771203
2.378169 0.781836
2.366630 0.779301
2.472887 0.741607
2.461056 0.732668
2.462117 0.736328
2.471010 0.755449
2.472646 0.747105
2.474209 0.752823
2.467642 0.742276
2.476690 0.760803
2.476950 0.761170
2.475711 0.768990
2.469111 0.771554
2.461523 0.779167
2.469045 0.766288
2.467740 0.771690
2.463335 0.773624
2.471818 0.758793
2.473722 0.783738
2.471840 0.789198
2.475208 0.788130
2.467684 0.782995
2.460758 0.783879
2.462147 0.781346
2.461542 0.786550
2.466889 0.790003
2.462993 0.788169
2.467605 0.790050
2.467668 0.780192
2.467720 0.785750
2.469151 0.786782
2.468409 0.777329
2.402435 0.739335
2.402436 0.739841
2.410128 0.748812
2.407679 0.747125
2.406970 0.752649
2.402310 0.745177
2.401595 0.744826
2.404780 0.753715
2.396373 0.736049
2.397470 0.736715
2.400987 0.758714
2.377241 0.732764
2.384256 0.732169
2.370972 0.732447
2.372153 0.734216
2.367216 0.738277
2.368203 0.735442
2.365603 0.730504
2.363476 0.729338
2.364549 0.736054
2.368666 0.743996
2.363761 0.744978
2.361403 0.743165
2.364575 0.745811
2.342827 0.752492
2.338932 0.755028
2.243180 0.727729
2.246804 0.741184
2.243913 0.738881
2.255373 0.748745
2.252916 0.747349
2.252223 0.754172
2.247577 0.745347
2.247126 0.751737
2.235258 0.727624
2.241097 0.734282
2.236254 0.740979
2.234984 0.739245
2.229151 0.738144
2.223528 0.736672
2.234171 0.743601
2.234184 0.748589
2.239623 0.752449
2.228338 0.745598
2.228586 0.744739
2.242428 0.726296
2.236307 0.725710
2.231728 0.726388
2.235686 0.728914
2.241745 0.730379
2.235703 0.735194
2.229648 0.734890
2.236435 0.736634
2.230485 0.735754
2.235946 0.743099
2.223296 0.736512
2.356016 0.741781
2.357989 0.738191
2.356181 0.747036
2.356973 0.747836
2.350919 0.747595
2.358496 0.735789
2.355654 0.736947
2.358508 0.740588
2.344308 0.749712
2.333109 0.762883
2.324652 0.761892
2.328465 0.767260
2.328150 0.768169
2.329692 0.763711
2.313962 0.774709
2.322565 0.760706
2.322089 0.765513
2.322093 0.767510
2.324065 0.763592
2.316023 0.760513
2.313104 0.766091
2.317579 0.761631
2.313693 0.771715
2.312990 0.789496
2.319166 0.780854
2.319607 0.786455
2.319717 0.792029
2.313658 0.793028
2.319943 0.777992
2.300088 0.783119
2.305496 0.790568
2.299325 0.787924
2.299050 0.790572
2.287211 0.785990
2.293476 0.788987
2.302364 0.761689
2.308420 0.762557
2.308737 0.762422
2.302538 0.761975
2.309291 0.766976
2.302195 0.767804
2.299196 0.770458
2.300838 0.772436
2.308440 0.770556
2.307005 0.776700
2.306919 0.783125
2.306945 0.793180
2.290625 0.780527
2.291256 0.786152
2.288990 0.779881
2.245669 0.784270
2.249889 0.790290
2.246736 0.798457
2.246716 0.795457
2.250408 0.804412
2.250701 0.809981
2.247836 0.807226
2.242279 0.793932
2.235706 0.798590
2.241028 0.801762
2.263493 0.762679
2.261426 0.779678
2.269174 0.769627
2.269010 0.770513
2.264067 0.767196
2.262958 0.771214
2.258915 0.774287
2.273074 0.790942
2.273564 0.791352
2.282705 0.783457
2.275184 0.787260
2.265731 0.789141
2.260991 0.783918
2.257355 0.782631
2.260754 0.780048
2.262993 0.784818
2.258435 0.762395
2.252006 0.760132
2.238785 0.766415
2.246826 0.757859
2.239875 0.758769
2.240842 0.757041
2.247075 0.775899
2.258460 0.771836
2.239975 0.772106
2.244176 0.781101
2.242104 0.777913
2.259285 0.764211
2.245768 0.786833
2.233873 0.839139
2.254738 0.815993
2.249939 0.818420
2.252032 0.821886
2.245812 0.823478
2.243829 0.830634
2.246325 0.823574
2.248256 0.829309
2.244794 0.832095
2.240384 0.833968
2.229672 0.844192
2.224841 0.849191
2.227575 0.858013
2.228095 0.859094
2.229753 0.863816
2.227596 0.864543
2.221137 0.864573
2.228111 0.865040
2.222058 0.865791
2.226902 0.854991
2.234450 0.841788
2.253906 0.813346
2.252802 0.820507
2.342430 0.757998
2.215994 0.862018
1.864775 0.918818
1.858164 0.919785
1.846036 0.912236
2.080998 0.886204
2.077982 0.921550
2.065352 0.911742
2.071922 0.919282
2.061007 0.896794
2.059638 0.904853
2.053221 0.892337
2.055474 0.900710
2.049630 0.899634
2.059763 0.910181
2.060303 0.914772
2.049217 0.905958
1.971921 0.907233
1.977993 0.913752
2.076072 0.881705
2.078018 0.873499
2.070433 0.882119
2.074735 0.877793
2.091679 0.873527
2.058337 0.886651
1.961234 0.917697
1.963447 0.919421
1.962784 0.916065
1.949122 0.915611
1.941523 0.919335
1.944255 0.917177
1.940809 0.919780
1.945964 0.906245
1.939289 0.906661
1.950667 0.912546
1.948460 0.914688
1.915842 0.911328
1.921465 0.917515
1.916722 0.918088
1.911227 0.908795
1.933093 0.900637
1.926902 0.900182
1.925874 0.907610
1.920600 0.908892
1.921681 0.914564
1.932819 0.906711
1.925228 0.912027
1.920372 0.902738
1.906711 0.902989
1.960899 0.899101
1.965862 0.904592
1.959334 0.905382
1.958854 0.911831
1.947677 0.896067
1.952963 0.899666
1.952476 0.906123
1.934011 0.894033
1.927962 0.895798
1.915845 0.892451
1.901402 0.912648
1.891089 0.912275
1.877574 0.918977
1.879001 0.910817
1.899103 0.902356
1.902192 0.895544
1.880938 0.901225
1.886813 0.902762
1.884014 0.888981
1.890074 0.891429
1.871808 0.913592
1.868826 0.899391
1.867282 0.903347
1.855177 0.904499
1.861237 0.907029
1.862774 0.900104
1.850658 0.897119
1.863949 0.891949
1.762680 0.913579
1.768737 0.915086
1.769961 0.915486
1.763688 0.915180
1.749012 0.911238
1.755073 0.914292
1.756623 0.912780
1.744506 0.909166
1.736887 0.904274
1.737492 0.904812
1.734682 0.905653
1.736937 0.911382
1.736824 0.911431
1.724804 0.913645
1.730859 0.914378
1.717193 0.912446
1.703973 0.912748
1.693009 0.903683
1.698806 0.910421
1.660645 0.898391
1.685896 0.899349
1.674266 0.897052
1.661650 0.891000
1.661108 0.894568
1.669273 0.898486
1.686900 0.903471
1.686472 0.909419
1.680867 0.911291
1.674072 0.908542
1.674812 0.910606
1.673265 0.913527
1.667974 0.907923
1.662125 0.906855
1.667204 0.910732
1.661155 0.912280
1.669286 0.905577
1.648978 0.885783
1.655042 0.889561
1.655055 0.894386
1.654606 0.897653
1.655217 0.902111
1.642072 0.884247
1.636871 0.885762
1.650535 0.886966
1.655544 0.890384
1.652658 0.893576
1.648982 0.884654
1.644473 0.883921
1.656632 0.903953
1.623217 0.888425
1.612648 0.882848
1.611114 0.890552
1.605349 0.885544
1.632360 0.881382
1.620585 0.878136
1.608129 0.875523
1.835460 0.903764
1.834149 0.910358
1.833728 0.916688
1.833940 0.916513
1.826329 0.915031
1.820281 0.917459
1.813839 0.917703
1.827876 0.912564
1.829802 0.906578
1.823365 0.908438
1.817307 0.906836
1.815763 0.910711
1.843058 0.899772
1.841084 0.900103
1.839099 0.905437
1.836424 0.906259
1.809715 0.912837
1.809402 0.914081
1.811243 0.903164
1.803657 0.911250
1.803009 0.913991
1.801877 0.912622
3.391855 0.729346
3.390795 0.730860
3.374779 0.730349
3.384731 0.726753
3.385479 0.727184
3.435834 0.751070
3.431685 0.756866
3.433484 0.756340
3.416519 0.775902
3.404394 0.768946
3.410457 0.772484
3.411652 0.771532
3.405262 0.771436
3.425630 0.756352
3.419202 0.757662
3.412375 0.751331
3.408244 0.756394
3.409005 0.749939
3.411646 0.753838
3.419583 0.758964
3.427063 0.767111
3.424108 0.768621
3.421369 0.763457
3.420047 0.762437
3.421134 0.758156
3.406311 0.769547
3.409679 0.762112
3.413546 0.765449
3.452907 0.738785
3.459613 0.738524
3.455998 0.732730
3.443730 0.743463
3.449543 0.733428
3.448410 0.739933
3.440824 0.748375
3.437813 0.753889
3.403249 0.764333
3.403826 0.769948
3.395802 0.738335
3.402088 0.744598
3.396866 0.737697
3.390353 0.735586
3.384993 0.733641
3.390808 0.735834
3.354191 0.759446
3.353032 0.758935
3.357291 0.742685
3.355916 0.750695
3.355899 0.750775
3.354148 0.756085
3.371087 0.733576
3.378686 0.730357
3.354394 0.762724
3.352852 0.767197
3.354983 0.764697
3.352859 0.770212
3.360125 0.770837
3.357081 0.761978
3.354421 0.773253
3.352377 0.778459
3.350739 0.775317
3.336382 0.745931
3.324075 0.743375
3.329666 0.746054
3.330483 0.744561
3.330142 0.748543
3.324838 0.753115
3.324100 0.752939
3.325634 0.745420
3.330236 0.747786
3.351680 0.747299
3.324298 0.758581
3.323124 0.757357
3.322577 0.765183
3.322192 0.774994
3.318011 0.739564
3.311958 0.740237
3.319266 0.741547
3.313343 0.740615
3.311973 0.745337
3.317381 0.749261
3.310708 0.750935
3.318039 0.750155
3.316499 0.755845
3.319579 0.745252
3.304544 0.739310
3.305906 0.740551
3.296223 0.738711
3.306684 0.741001
3.305914 0.743841
3.298319 0.748332
3.319532 0.758027
3.316508 0.759167
3.310456 0.759624
3.316365 0.769085
3.314678 0.768572
3.298349 0.759951
3.346832 0.780593
3.293690 0.741193
3.292266 0.748626
3.286189 0.739651
3.287053 0.741542
3.280143 0.742870
3.286208 0.747171
3.286215 0.750057
3.292272 0.751044
3.294577 0.755151
3.214938 0.678444
3.217993 0.673798
3.214408 0.673382
3.207367 0.692384
3.226330 0.694368
3.221028 0.692785
3.220293 0.695091
3.216905 0.696264
3.221033 0.694743
3.219706 0.701723
3.213425 0.694208
3.215251 0.693089
3.214928 0.693144
3.214463 0.699560
3.211496 0.698221
3.214993 0.700110
3.201300 0.687491
3.206819 0.672505
3.204366 0.671785
3.204547 0.671898
3.189194 0.688044
3.195251 0.689706
3.196799 0.687486
3.202858 0.689268
3.202988 0.691450
3.214562 0.712632
3.185764 0.692656
1.587487 0.913675
1.595929 0.902158
1.583257 0.911505
1.577202 0.908941
1.583833 0.906512
1.570417 0.909559
1.570183 0.910769
1.564121 0.907601
1.563468 0.910475
1.571717 0.903293
1.542869 0.913947
1.530750 0.909690
1.547297 0.910313
1.546116 0.907215
1.552021 0.910398
1.538348 0.906028
1.539899 0.904848
1.524694 0.908877
1.510568 0.912940
1.526231 0.902503
1.515309 0.906633
1.382190 0.909269
1.376063 0.908352
1.370069 0.904074
1.351895 0.899180
1.347209 0.905420
1.346934 0.907960
1.337942 0.899373
1.345844 0.900381
1.343761 0.906070
1.337853 0.905092
1.345524 0.902866
1.324575 0.900207
1.331630 0.899134
1.332007 0.904008
1.325459 0.904198
1.318057 0.905943
1.306417 0.901529
1.311574 0.906016
1.300348 0.895655
1.294089 0.891533
1.301041 0.901752
1.287066 0.892591
1.288233 0.892725
1.276112 0.887400
1.289538 0.893690
1.282625 0.888952
1.277662 0.886106
1.283726 0.890341
1.262445 0.885672
1.268504 0.887289
1.263998 0.884858
1.271604 0.884578
1.358502 0.897132
1.365555 0.898549
1.371206 0.902241
1.366451 0.900000
1.353448 0.899121
1.353594 0.899950
1.347395 0.899405
1.347325 0.899505
1.346269 0.907115
1.188119 0.820476
1.160896 0.812832
1.166827 0.815715
1.166677 0.821542
1.165634 0.820850
1.161463 0.819307
1.196009 0.751084
1.199389 0.757009
1.200945 0.762730
1.200417 0.771191
1.193826 0.736767
1.199195 0.742924
1.197345 0.737629
1.190370 0.735134
1.191287 0.736109
1.183659 0.727829
1.184184 0.729102
1.183674 0.733289
1.171549 0.727174
1.178398 0.727908
1.183689 0.739077
1.185008 0.738772
1.171570 0.735164
1.200194 0.748580
1.202909 0.754442
1.198830 0.772874
1.197947 0.773499
1.193903 0.775980
1.198801 0.782097
1.196759 0.787426
1.194319 0.807136
1.199657 0.796258
1.197037 0.798924
1.198671 0.804656
1.194414 0.812682
1.197060 0.810023
1.248533 0.892360
1.241218 0.901591
1.235178 0.906937
1.242760 0.896852
1.250341 0.886925
1.256399 0.888328
1.251120 0.887673
1.257945 0.885528
1.244295 0.889689
1.230648 0.895478
1.224586 0.892023
1.230218 0.901659
1.224364 0.900605
1.211218 0.895486
1.219605 0.886419
1.218527 0.889977
1.212472 0.889539
1.217202 0.901891
1.210563 0.902245
1.226236 0.886295
1.226076 0.886369
1.232186 0.889338
1.176575 0.843672
1.188139 0.826018
1.185963 0.828756
1.185154 0.829229
1.177565 0.836396
1.179099 0.829250
1.180646 0.826509
1.159381 0.827944
1.165439 0.829245
1.171835 0.835003
1.166226 0.833489
1.173048 0.829632
1.174496 0.830209
1.166990 0.828347
1.160800 0.826078
1.160930 0.825998
1.167613 0.830994
1.164358 0.831790
1.182280 0.850923
1.180964 0.864094
1.178603 0.861559
1.179874 0.853190
1.181053 0.858883
1.172045 0.845767
1.166277 0.844558
1.195732 0.900594
1.203115 0.904057
1.192731 0.879494
1.186686 0.870967
1.186379 0.876524
1.186670 0.876796
1.181091 0.869422
1.179416 0.867201
1.182250 0.873082
1.182205 0.872991
1.198808 0.888354
1.196089 0.891718
1.202571 0.895033
1.197586 0.897427
1.204886 0.897998
1.199517 0.887774
1.200361 0.888085
1.206419 0.889749
1.205812 0.893627
1.193913 0.886275
1.193353 0.823662
1.187425 0.830132
1.599011 0.892331
1.586901 0.891196
1.164919 0.723427
1.158320 0.723714
1.158060 0.729743
1.152158 0.728756
1.157962 0.735480
1.165255 0.728374
1.168788 0.733859
1.166103 0.732423
1.164704 0.733390
1.150902 0.715162
1.147660 0.714093
1.150579 0.720662
1.148826 0.717581
1.147192 0.726088
1.147993 0.731479
1.132701 0.693444
1.136715 0.701634
1.141195 0.708569
1.079094 0.690421
1.073042 0.690971
1.063115 0.694321
1.106402 0.684735
1.106445 0.684780
1.098792 0.683674
1.100345 0.684004
1.100120 0.684133
1.093321 0.685207
1.100608 0.689751
1.120065 0.685449
1.086192 0.686447
1.080641 0.687967
1.086489 0.716646
1.083620 0.700295
1.086575 0.702594
1.078222 0.701615
1.085180 0.702674
1.085201 0.707962
1.088902 0.713931
1.091802 0.704680
1.088491 0.705368
1.087876 0.710860
1.077470 0.701721
1.065462 0.701771
1.073067 0.701094
1.079125 0.702363
1.084510 0.721943
1.080549 0.727028
1.081906 0.732740
1.076919 0.729588
1.088031 0.719378
1.060212 0.699522
1.061486 0.696719
1.158099 0.819974
1.155760 0.822702
1.077763 0.757407
1.071506 0.760186
1.057865 0.767815
1.065762 0.761380
1.086687 0.746774
1.087500 0.747444
1.089725 0.753258
1.083949 0.755546
1.075936 0.743536
1.079220 0.749198
1.082237 0.760903
1.078548 0.761561
1.027701 0.794244
1.055720 0.760811
1.052192 0.760409
1.035144 0.745127
1.037933 0.747657
1.034304 0.748859
1.033906 0.760737
1.026007 0.754335
1.028013 0.758004
1.028367 0.763582
1.013902 0.755116
1.029089 0.744657
1.029417 0.749641
1.030782 0.755344
1.021494 0.749244
1.015451 0.753237
1.009395 0.752701
1.047919 0.779923
1.051813 0.768270
1.050036 0.772088
1.045120 0.769320
1.044224 0.775454
1.041479 0.793233
1.041045 0.793409
1.043434 0.783510
1.036658 0.791520
1.035114 0.795331
1.029649 0.783339
1.023329 0.785583
1.030547 0.789095
1.024146 0.791219
1.029057 0.794071
1.038966 0.767397
1.039008 0.774312
1.032103 0.770391
1.029082 0.774768
1.032119 0.776577
1.037916 0.781851
1.037106 0.788887
0.993849 0.757019
0.989679 0.751979
0.982071 0.752060
0.969947 0.745371
0.963880 0.740537
0.977559 0.747277
0.959042 0.739588
1.042734 0.738261
1.045336 0.739999
1.041907 0.741193
1.036678 0.737432
1.035894 0.740419
0.801018 0.745714
0.902800 0.703003
0.897222 0.701421
0.897203 0.707198
0.885522 0.693702
0.879110 0.688083
0.879392 0.693132
0.873309 0.686911
0.872387 0.693065
0.885956 0.704087
0.860291 0.700184
0.866908 0.697613
0.859502 0.705300
0.845178 0.702329
0.845194 0.707859
0.838537 0.708250
0.851895 0.701828
0.931455 0.737287
0.925602 0.738461
0.906182 0.730816
0.906049 0.730644
0.912052 0.736875
0.913477 0.740415
0.906801 0.735254
0.944158 0.737987
0.938108 0.739008
0.932939 0.740177
0.924413 0.740874
0.919939 0.736447
0.902387 0.716152
0.902112 0.715371
0.904967 0.721988
0.902512 0.720219
0.896593 0.719280
0.906891 0.727754
0.913899 0.741758
0.907674 0.739273
0.835011 0.731098
0.835322 0.731390
0.838841 0.720287
0.840720 0.729020
0.837410 0.745697
0.838972 0.737344
0.839478 0.742939
0.833509 0.750700
0.843702 0.734909
0.885087 0.711228
0.831537 0.714825
0.824422 0.717179
0.836989 0.711572
0.834538 0.714241
0.822895 0.727583
0.830346 0.722277
0.811348 0.737120
0.817410 0.722641
0.814392 0.723413
0.816234 0.730343
0.816004 0.736324
0.785226 0.737071
0.739536 0.666216
0.733476 0.663952
0.740156 0.681560
0.741040 0.673133
0.739888 0.677933
0.746020 0.696310
0.742481 0.684398
0.734819 0.664302
0.762991 0.714886
0.771610 0.723912
0.777420 0.730862
0.774386 0.727297
0.761829 0.720300
0.754724 0.702778
0.749752 0.700106
0.756255 0.709396
0.820491 0.745452
0.821400 0.750410
0.827459 0.752257
0.829008 0.750589
0.815202 0.743344
0.808978 0.745376
0.807377 0.745868
0.809281 0.746253
0.809891 0.746889
0.795302 0.744384
0.802844 0.747970
0.784409 0.739566
0.791114 0.743953
0.083177 0.718322
0.082005 0.724216
0.086263 0.727993
0.066960 0.698043
0.068998 0.709347
0.063296 0.711965
0.077110 0.713488
0.076567 0.716825
0.075989 0.723441
0.070643 0.715888
0.064085 0.716095
0.069616 0.723314
0.076202 0.734227
0.037689 0.716766
0.051329 0.708636
0.051553 0.709882
0.058687 0.714216
0.045131 0.709842
0.045279 0.709982
0.039233 0.713249
0.058232 0.720620
-0.004985 0.712710
0.008483 0.733876
0.005031 0.724936
0.025589 0.719675
0.030098 0.723390
0.031647 0.721420
0.017984 0.720533
0.013464 0.712809
0.033175 0.711259
0.032587 0.714802
0.026693 0.713820
0.007401 0.709723
0.005862 0.715101
-0.004249 0.706840
0.001350 0.710899
0.626336 0.696348
0.625835 0.700708
0.623680 0.711094
0.626365 0.701853
0.625846 0.705199
0.632134 0.708645
0.619792 0.705048
0.714588 0.751887
0.710730 0.755590
0.704670 0.752908
0.698605 0.748643
0.693197 0.752392
0.679133 0.759280
0.691010 0.753449
0.692549 0.747847
0.690233 0.749062
0.678919 0.759650
0.670824 0.759248
0.668600 0.763595
0.663755 0.765949
0.665271 0.764721
0.672864 0.759792
0.664815 0.723953
0.662224 0.726228
0.656170 0.726406
0.644040 0.717704
0.647110 0.721894
0.642648 0.724366
0.642418 0.724507
0.660688 0.733157
0.648574 0.730622
0.646826 0.738918
0.630373 0.714992
0.663039 0.760407
0.657673 0.768849
0.657406 0.773808
0.656135 0.774466
0.651628 0.772175
0.650090 0.778093
0.642480 0.777159
0.636427 0.777340
0.645573 0.771781
0.643684 0.778425
0.644357 0.777210
0.637568 0.777832
0.653164 0.765607
0.631540 0.760392
0.630964 0.766997
0.622690 0.767226
0.611939 0.765968
0.624153 0.773225
0.624786 0.777645
0.625423 0.782092
0.617640 0.773353
0.612772 0.776080
0.604458 0.694783
0.604114 0.700286
0.607683 0.704003
0.613741 0.706276
0.600290 0.696851
0.594394 0.701409
0.567288 0.703839
0.587315 0.702562
0.562201 0.705002
0.510666 0.706261
0.582354 0.745922
0.583204 0.737853
0.582608 0.742960
0.605074 0.716548
0.596891 0.725284
0.600379 0.707811
0.600089 0.709064
0.592274 0.716387
0.594056 0.707592
0.593847 0.707616
0.587285 0.708184
0.586441 0.714675
0.585383 0.722766
0.584916 0.726162
0.560234 0.710509
0.559385 0.717616
0.559227 0.723462
0.577806 0.730391
0.577125 0.731248
0.578819 0.734138
0.578261 0.740722
0.578835 0.715412
0.582771 0.709313
0.580383 0.713190
0.574322 0.710071
0.580389 0.715713
0.579224 0.722250
0.574497 0.719172
0.581970 0.706152
0.575865 0.705990
0.567682 0.708680
0.566309 0.707405
0.568265 0.708968
0.560909 0.709277
0.569489 0.705429
0.579740 0.728566
0.578992 0.728244
0.606118 0.761866
0.600052 0.757032
0.594738 0.757010
0.588127 0.751746
0.589746 0.754889
0.589530 0.754793
0.594890 0.762316
0.551545 0.727907
0.540977 0.722167
0.539432 0.725486
0.556157 0.708773
0.557227 0.714871
0.555555 0.712888
0.548572 0.717447
0.545149 0.713481
0.539957 0.712887
0.556509 0.720342
0.554635 0.721357
0.550961 0.719707
0.519636 0.730718
0.507683 0.718083
0.516728 0.709444
0.519873 0.713531
0.511215 0.715496
0.525782 0.729932
0.527335 0.729936
0.513664 0.726324
0.516873 0.721696
0.718745 0.681212
0.712272 0.688529
0.721368 0.663810
0.718573 0.673509
0.715566 0.664164
0.715712 0.669492
0.713860 0.678391
0.671308 0.696293
0.671372 0.696472
0.715274 0.710094
0.704249 0.706406
0.712536 0.700934
0.705379 0.698797
0.716550 0.729525
0.708855 0.720869
0.703193 0.720598
0.708448 0.727181
0.702480 0.726333
0.674310 0.702467
0.675150 0.705144
0.672895 0.713390
0.671080 0.719286
0.728970 0.661732
0.722914 0.660962
0.667371 0.682065
0.661234 0.680340
0.648587 0.673605
0.654499 0.680872
0.649088 0.679003
0.667168 0.687572
0.666849 0.687411
0.667095 0.692542
0.661487 0.685459
0.661496 0.691029
0.671351 0.699148
0.660757 0.697540
0.660758 0.698128
0.653291 0.699768
0.654721 0.686040
0.654328 0.692326
0.648757 0.690767
0.671269 0.662727
0.650132 0.670498
0.652023 0.671756
0.636469 0.669660
0.635417 0.674860
0.622813 0.671832
0.624364 0.670671
0.627381 0.697952
0.623233 0.699529
0.644072 0.667777
0.638018 0.667669
0.645575 0.710549
0.665448 0.721042
0.663768 0.722313
0.652771 0.719587
0.657716 0.723458
0.633447 0.702334
0.718400 0.743623
0.713896 0.748827
0.713464 0.740907
0.706214 0.749309
0.700152 0.746134
0.694095 0.744990
0.618308 0.669737
0.607614 0.686627
0.612792 0.678712
0.615642 0.697962
0.605025 0.691883
0.483344 0.706942
0.477295 0.708218
0.449986 0.713610
0.463637 0.709765
0.457578 0.707429
0.459127 0.706057
0.497002 0.705233
0.492493 0.701994
0.484895 0.705470
0.472785 0.704421
0.394663 0.690266
0.443932 0.713805
0.430278 0.716984
0.418153 0.709876
0.419693 0.705040
0.447019 0.706320
0.427311 0.708629
0.433373 0.712104
0.407582 0.703226
0.412092 0.706966
0.406038 0.706719
0.405803 0.710124
0.404984 0.718093
0.404157 0.717996
0.413644 0.706662
0.396169 0.697474
0.399989 0.709232
0.392913 0.710129
0.402589 0.706319
0.395481 0.705954
0.359803 0.717317
0.364117 0.721868
0.359124 0.724114
0.359045 0.724597
0.363909 0.730362
0.358324 0.731134
0.363333 0.735840
0.358151 0.737013
0.364041 0.727415
0.360917 0.741122
0.353100 0.723352
0.345871 0.730345
0.340875 0.721245
0.340479 0.728450
0.351468 0.736344
0.344896 0.737680
0.345420 0.738820
0.352344 0.741449
0.343502 0.736518
0.290797 0.697231
0.286336 0.688058
0.286306 0.688577
0.285271 0.693544
0.328048 0.710916
0.334288 0.716846
0.316140 0.709136
0.321491 0.716684
0.318861 0.714067
0.328177 0.721818
0.320329 0.719797
0.309384 0.709703
0.296909 0.707564
0.302973 0.711441
0.310578 0.710510
0.298456 0.704669
0.290287 0.703719
0.289442 0.702543
0.292391 0.700742
0.286324 0.695847
0.289186 0.699550
0.386318 0.705410
0.384782 0.710201
0.380287 0.714435
0.374209 0.714567
0.367211 0.715566
0.249932 0.668815
0.242327 0.669811
0.218077 0.656541
0.225687 0.657660
0.220294 0.652757
0.200844 0.662014
0.198390 0.667298
0.211791 0.655203
0.201958 0.659154
0.213573 0.655092
0.280239 0.683345
0.266575 0.682381
0.262060 0.676431
0.269668 0.677308
0.275725 0.678531
0.251479 0.666740
0.239351 0.658884
0.227232 0.654089
0.192345 0.671070
0.114021 0.668358
0.108973 0.666831
0.175264 0.690859
0.163516 0.688947
0.156792 0.676938
0.158240 0.682632
0.152125 0.680504
0.184152 0.682657
0.181544 0.687891
0.171121 0.688454
0.177181 0.690467
0.152945 0.682566
0.137723 0.680145
0.145327 0.678842
0.133438 0.674211
0.121095 0.672176
0.070704 0.653985
0.077127 0.657477
0.101357 0.663204
0.089405 0.660693
0.090794 0.659938
0.069059 0.662546
0.068462 0.669192
0.066536 0.683932
0.068028 0.681487
0.084736 0.658279
0.062545 0.660870
0.065001 0.650631
0.057404 0.654486
0.057406 0.655365
0.057939 0.659337
0.051346 0.653008
0.051062 0.654552
0.047381 0.653569
0.048915 0.659293
0.052895 0.651291
0.046029 0.657586
0.056845 0.666884
0.062798 0.673344
0.056877 0.672406
0.050331 0.667012
0.046146 0.664534
0.072171 0.687137
0.068854 0.689730
0.071516 0.708736
0.090778 0.715925
0.093899 0.720366
