3.349627 0.722769
3.343224 0.724293
3.343877 0.722983
3.357211 0.713756
3.350900 0.716424
3.352103 0.714022
3.349034 0.715624
3.350792 0.721229
3.345951 0.718872
3.336700 0.724452
3.338202 0.721450
3.325401 0.718314
3.331459 0.720192
3.326949 0.716393
3.332638 0.719710
3.449310 0.752835
3.442073 0.755928
3.436021 0.756372
3.443289 0.757396
3.442167 0.765042
3.436397 0.763708
3.422365 0.758591
3.430933 0.756341
3.423396 0.758513
3.430301 0.763020
3.424296 0.762154
3.402520 0.761317
3.404201 0.757514
3.404897 0.758325
3.391476 0.752508
3.398133 0.751992
3.398218 0.752093
3.395621 0.748493
3.393620 0.746690
3.392362 0.750739
3.390597 0.747858
3.398505 0.754262
3.416323 0.762980
3.410268 0.762642
3.358704 0.752809
3.358709 0.754290
3.352467 0.758600
3.356539 0.764087
3.351655 0.765632
3.358740 0.766116
3.373873 0.734903
3.380864 0.730455
3.375409 0.727845
3.375013 0.730558
3.375721 0.729144
3.386003 0.743503
3.386012 0.746927
3.381838 0.735958
3.387558 0.743488
3.382026 0.734839
3.354183 0.744309
3.354343 0.744382
3.367822 0.735806
3.371920 0.734697
3.370925 0.739974
3.368044 0.742426
3.361513 0.737185
3.355545 0.736236
3.361539 0.742547
3.384496 0.753581
3.381448 0.749950
3.380284 0.749132
3.386030 0.753431
3.360248 0.748568
3.363282 0.750904
3.364557 0.756455
3.374684 0.747469
3.367951 0.748036
3.365378 0.747913
3.361418 0.761461
3.348122 0.741226
3.336640 0.729972
3.349010 0.736418
3.345127 0.722806
3.342867 0.730408
3.329924 0.727335
3.333669 0.730982
3.328393 0.736564
3.345795 0.759056
3.338927 0.759904
3.332552 0.759766
3.338368 0.766426
3.332138 0.765999
3.331425 0.769338
3.325567 0.760849
3.320559 0.752572
3.319837 0.751909
3.323276 0.757730
3.318923 0.766653
3.319307 0.765269
3.327611 0.766945
3.361430 0.770102
3.357262 0.772710
3.358758 0.773017
3.351302 0.771746
3.340762 0.779385
3.345094 0.771957
3.343108 0.776433
3.334743 0.773234
3.330291 0.775098
3.336901 0.780170
3.331458 0.781781
3.324003 0.774784
3.317778 0.774962
3.324181 0.779836
3.318383 0.778552
3.319346 0.779612
3.321905 0.688360
3.315583 0.688115
3.315113 0.694454
3.302657 0.687086
3.309685 0.687018
3.303547 0.686407
3.302665 0.690065
3.308730 0.694476
3.321711 0.699559
3.317450 0.700824
3.313289 0.716556
3.320892 0.714971
3.307664 0.701868
3.301634 0.701039
3.309675 0.705224
3.308651 0.705321
3.302142 0.705450
3.307227 0.713769
3.308769 0.709013
3.296602 0.686161
3.289170 0.694787
3.289125 0.700284
3.284429 0.685979
3.279034 0.683897
3.283287 0.693666
3.295666 0.705513
3.257898 0.680354
3.267332 0.670704
3.261614 0.672166
3.257654 0.677047
3.256366 0.688828
3.258163 0.694425
3.261159 0.700187
3.256432 0.685543
3.260275 0.691422
3.258733 0.696673
3.258681 0.696625
3.257212 0.702070
3.249626 0.710114
3.244875 0.712164
3.251449 0.703762
3.217534 0.711951
3.211504 0.711713
3.316292 0.738788
3.315689 0.744019
3.311699 0.742215
3.318193 0.722800
3.311747 0.721155
3.311756 0.724741
3.316598 0.728796
3.312669 0.726396
3.316257 0.734146
3.306719 0.719991
3.316623 0.747596
3.313360 0.764896
3.313255 0.765848
3.314792 0.759313
3.308693 0.761392
3.308528 0.761264
3.312795 0.771434
3.310894 0.770202
3.313154 0.776159
3.313284 0.776475
3.232907 0.729717
3.231268 0.731006
3.233359 0.736651
3.232979 0.736492
3.238452 0.742688
3.232842 0.745246
3.231260 0.745330
3.225845 0.732468
3.225315 0.735557
3.219403 0.732465
3.224878 0.745203
3.216213 0.757993
3.202786 0.761538
3.202562 0.762349
3.210052 0.754491
3.210150 0.754601
3.204096 0.754573
3.230556 0.752140
3.224564 0.752849
3.224048 0.752268
3.232946 0.744118
3.235898 0.751015
3.231412 0.751808
3.225345 0.746874
3.227689 0.749970
3.219291 0.746530
3.218560 0.750364
3.217764 0.756866
3.212846 0.748922
3.209625 0.747686
3.211705 0.754944
3.234450 0.725217
3.242049 0.721819
3.232722 0.727917
3.228622 0.732801
3.160730 0.789932
3.117827 0.780120
3.187395 0.780872
3.195580 0.771844
3.199903 0.763744
3.200390 0.769209
3.181423 0.781804
3.189095 0.779359
3.182527 0.784237
3.187258 0.776194
3.167562 0.789155
3.161652 0.790724
3.169256 0.788822
3.149531 0.785414
3.150140 0.790794
3.127554 0.746528
3.127116 0.753510
3.121615 0.740122
3.116205 0.742739
3.122543 0.743669
3.120537 0.749397
3.116387 0.743098
3.125266 0.766218
3.124495 0.768861
3.125276 0.769999
3.131914 0.761508
3.126838 0.758772
3.118697 0.762171
3.119207 0.764069
3.113159 0.766373
3.120746 0.758612
3.114693 0.758624
3.122292 0.755283
3.105231 0.745328
3.099705 0.744621
3.102559 0.748613
3.110149 0.741867
3.098046 0.743346
3.136849 0.775331
3.137403 0.777454
3.144810 0.777731
3.144597 0.783588
3.138958 0.777809
3.131213 0.773715
3.118644 0.773081
3.125574 0.777544
3.124486 0.777985
3.119250 0.780522
3.112580 0.772324
3.110144 0.770771
3.112580 0.777752
2.930189 0.777282
2.926668 0.776826
2.923454 0.776811
2.929745 0.787926
2.923786 0.786964
2.905451 0.765290
2.904755 0.770145
2.911521 0.771508
2.917027 0.775584
2.905469 0.772281
2.899216 0.768328
2.899407 0.768621
2.842402 0.755156
2.842630 0.767249
2.841282 0.768200
3.078311 0.735855
3.077484 0.738157
3.072259 0.736486
3.058682 0.731694
3.060145 0.733996
3.052861 0.730448
3.047674 0.727952
3.052537 0.733799
3.052545 0.736660
3.046484 0.733945
3.054081 0.729599
3.033870 0.723343
3.041661 0.727103
3.040424 0.731652
3.035906 0.724469
3.034300 0.728913
3.034364 0.729040
3.020644 0.725039
3.020691 0.725074
3.014639 0.725841
3.011273 0.718366
3.008568 0.719283
3.008583 0.724643
3.002507 0.716430
3.002150 0.717959
3.002519 0.721056
3.002525 0.722940
3.029259 0.720714
3.016186 0.722969
3.022243 0.724281
3.011121 0.715056
3.010186 0.720206
3.009999 0.720307
3.004157 0.713957
2.984332 0.710999
2.976074 0.703098
2.977387 0.710526
3.001825 0.705230
2.997369 0.704669
2.985882 0.709107
2.998793 0.716759
2.994918 0.723289
2.990395 0.714557
2.988858 0.720994
2.982791 0.716190
2.978902 0.717499
2.981479 0.726044
2.976737 0.715921
2.978282 0.712442
2.977267 0.716167
2.976035 0.713857
2.978291 0.716006
2.980613 0.719836
2.997999 0.713200
3.090432 0.741061
3.082831 0.743707
3.076776 0.743087
3.084380 0.741464
3.069716 0.744066
3.064665 0.741666
2.972210 0.705557
2.966156 0.705176
2.946100 0.711211
2.952495 0.705550
2.954044 0.703382
2.946434 0.702398
2.947095 0.702669
2.947987 0.702070
2.943847 0.707635
2.967674 0.691406
2.970435 0.693712
2.967690 0.697474
2.973721 0.699578
2.973788 0.699447
2.967505 0.699128
2.968183 0.697794
2.962457 0.685519
2.955550 0.685304
2.928238 0.689814
2.935846 0.689765
2.942293 0.687171
2.943449 0.687641
2.941622 0.704773
2.922194 0.692860
2.917325 0.693482
2.923739 0.689411
2.917682 0.688530
2.964705 0.733010
2.943780 0.718705
2.948619 0.732722
2.943026 0.731015
2.943410 0.734828
2.937339 0.728221
2.934759 0.729174
2.937349 0.731872
2.937907 0.733818
2.964619 0.711992
2.970679 0.714301
2.969148 0.723236
2.969162 0.728271
2.970783 0.727237
2.970559 0.727533
2.968689 0.730228
2.968718 0.736598
2.938858 0.714689
2.936938 0.715409
2.940400 0.710210
2.939577 0.721136
2.938971 0.720855
2.932835 0.720250
2.911626 0.687288
2.910081 0.691113
2.904027 0.690909
2.894882 0.697653
2.884322 0.695059
2.855474 0.705833
2.870661 0.695030
2.863058 0.696942
2.918969 0.767486
2.917435 0.766973
2.932320 0.779643
2.930821 0.780374
2.932799 0.774596
2.936285 0.776902
2.934380 0.785301
2.925194 0.775815
2.924340 0.780446
2.922249 0.778367
2.913058 0.764823
2.911968 0.766275
2.906814 0.760615
2.906724 0.760224
2.906094 0.767459
2.914607 0.763018
2.912790 0.763127
2.908553 0.763015
2.913064 0.767159
2.914616 0.766061
2.907637 0.769829
2.619019 0.692753
2.620249 0.692272
2.625088 0.698663
2.611471 0.685088
2.608875 0.683860
2.814526 0.719932
2.826085 0.731674
2.820257 0.725555
2.820596 0.726113
2.820619 0.734989
2.824939 0.740194
2.830250 0.748282
2.835068 0.762340
2.828617 0.762352
2.836393 0.754282
2.829678 0.757461
2.824500 0.746887
2.826744 0.751181
2.818598 0.756642
2.835751 0.764823
2.838271 0.769985
2.835759 0.767796
2.834214 0.771172
2.829695 0.764052
2.829702 0.766874
2.828161 0.771830
2.814503 0.773054
2.812114 0.766627
2.816053 0.771484
2.821600 0.776507
2.817928 0.776033
2.822578 0.782004
2.821134 0.780645
2.817641 0.781372
2.822117 0.775432
2.818737 0.772858
2.816068 0.776922
2.813042 0.777538
2.823657 0.769785
2.816601 0.771441
2.824519 0.763107
2.809493 0.761933
2.784192 0.757114
2.788267 0.770152
2.793790 0.762192
2.796316 0.763355
2.794056 0.767597
2.790256 0.761065
2.785267 0.758837
2.790260 0.762460
2.784214 0.765322
2.784220 0.767545
2.790277 0.768796
2.814579 0.740249
2.813231 0.749091
2.808565 0.760793
2.807083 0.757336
2.811527 0.761357
2.812513 0.763425
2.803912 0.758497
2.804126 0.756962
2.797865 0.761003
2.791822 0.765363
2.762956 0.769853
2.752644 0.777536
2.756904 0.770061
2.743263 0.778292
2.750870 0.777409
2.731164 0.781108
2.717500 0.780703
2.719049 0.778176
2.770545 0.762166
2.770409 0.762484
2.778645 0.759191
2.778153 0.762412
2.772091 0.759184
2.772093 0.760251
2.777424 0.767035
2.771642 0.765720
2.772109 0.765859
2.778166 0.767511
2.766056 0.766462
2.650769 0.789428
2.643184 0.797888
2.644719 0.790492
2.638684 0.797470
2.624975 0.797115
2.631083 0.799985
2.623604 0.788183
2.626571 0.795028
2.599037 0.763537
2.605239 0.769700
2.605896 0.775157
2.617573 0.785327
2.619031 0.782216
2.608362 0.777111
2.614419 0.778558
2.615479 0.790423
2.618955 0.792575
2.619795 0.789182
2.620502 0.789893
2.619929 0.794337
2.620518 0.795726
2.593176 0.788818
2.593184 0.791870
2.692919 0.763095
2.684218 0.747256
2.687153 0.753007
2.690612 0.758833
2.683431 0.750901
2.675061 0.756611
2.671117 0.759618
2.679039 0.751972
2.681207 0.757640
2.686341 0.712915
2.681791 0.714279
2.711444 0.779618
2.707079 0.771389
2.699306 0.768021
2.693716 0.764623
2.669205 0.768032
2.672997 0.773898
2.672796 0.782531
2.668399 0.785267
2.676793 0.788424
2.671504 0.788874
2.673561 0.776935
2.673578 0.783417
2.664430 0.788807
2.658313 0.789476
2.670914 0.764984
2.675100 0.770842
2.676622 0.759046
2.665987 0.789796
2.632400 0.705082
2.628622 0.709964
2.629175 0.724074
2.629568 0.729512
2.644373 0.762767
2.634431 0.756122
2.629584 0.759523
2.634814 0.763309
2.630562 0.753516
2.637170 0.751056
2.641055 0.753673
2.638082 0.751378
2.643292 0.759340
2.643267 0.759293
2.638252 0.756474
2.631110 0.748654
2.632657 0.745707
2.637282 0.749931
2.618342 0.748683
2.624687 0.746972
2.623516 0.754139
2.618990 0.759513
2.609942 0.756096
2.609876 0.762187
2.628618 0.738043
2.625370 0.734385
2.626515 0.743169
2.626597 0.743233
2.631149 0.701592
2.625772 0.699519
2.641713 0.767624
2.643499 0.764762
2.642294 0.766644
2.643261 0.765106
2.653872 0.787248
2.636019 0.766307
2.628593 0.766124
2.626010 0.771196
2.628098 0.785112
2.629038 0.785623
2.640386 0.792125
2.617083 0.765522
2.622917 0.772155
2.616300 0.772496
2.610582 0.765636
2.606369 0.766560
2.617378 0.778749
2.622039 0.782967
2.839460 0.710688
2.843368 0.706172
2.828175 0.715223
2.831265 0.708144
2.822135 0.720138
2.819705 0.722202
2.821873 0.728466
2.823425 0.714547
2.817626 0.716671
2.816103 0.728551
2.240791 0.786348
2.244522 0.790507
2.246689 0.808628
2.238429 0.805449
2.241025 0.811162
2.214209 0.773734
2.202090 0.769312
2.202098 0.772088
2.208160 0.775374
2.208788 0.815448
2.202942 0.814244
2.197049 0.813142
2.192955 0.841392
2.189906 0.864061
2.200938 0.849334
2.200169 0.857901
2.193138 0.862377
2.191461 0.864087
2.196254 0.854120
2.235571 0.822417
2.240205 0.827856
2.237840 0.828075
2.233345 0.828689
2.237018 0.833348
2.227173 0.822747
2.221627 0.826350
2.227236 0.833426
2.221259 0.832498
2.235438 0.820166
2.241501 0.823515
2.243256 0.825488
2.242155 0.823980
2.241759 0.830694
2.241592 0.830521
2.233927 0.836576
2.233944 0.842714
2.227876 0.837268
2.234157 0.843781
2.227360 0.844035
2.220049 0.851176
2.209569 0.824705
2.196511 0.819623
2.197547 0.814515
2.198250 0.816177
2.203725 0.823519
2.197832 0.822436
2.203210 0.829966
2.194515 0.843399
2.198445 0.845749
2.197305 0.851011
2.193581 0.857970
2.151015 0.914328
2.145227 0.939588
2.149667 0.922818
2.148944 0.934305
2.151028 0.928370
2.150964 0.925101
2.145982 0.927981
2.144443 0.933771
2.136849 0.938839
2.120407 0.939694
2.117004 0.936216
2.110716 0.930499
2.106548 0.926775
2.098932 0.923908
2.079208 0.920905
2.086810 0.918178
2.080771 0.923851
2.087644 0.925125
2.081128 0.925268
2.101048 0.924110
2.099397 0.925070
2.199484 0.770293
2.194312 0.815039
2.190065 0.828528
2.187827 0.824964
2.189916 0.837179
2.186628 0.833465
2.189022 0.839160
2.187910 0.830374
2.191495 0.814926
2.191150 0.817473
2.188471 0.816399
2.162606 0.872847
2.162389 0.879046
2.182829 0.866528
2.177230 0.864829
2.187975 0.865001
2.185411 0.865407
2.185750 0.870091
2.179351 0.863235
2.182127 0.869629
2.170190 0.863880
2.171742 0.862688
2.167240 0.861626
2.156580 0.883476
2.148907 0.900019
2.155859 0.888987
2.153293 0.891920
2.150549 0.891570
2.163862 0.867310
2.161039 0.880999
2.158133 0.882459
2.148582 0.905362
2.148249 0.903692
2.149271 0.916248
2.587176 0.684960
2.572003 0.701694
2.573539 0.694544
2.567490 0.696554
2.600824 0.680383
2.595377 0.680914
2.588722 0.682154
2.580555 0.684425
2.557705 0.719407
2.555564 0.724501
2.556186 0.715924
2.556944 0.721416
2.545750 0.749245
2.547727 0.740174
2.555647 0.733177
2.549280 0.739527
2.543232 0.741776
2.543238 0.743822
2.566130 0.703154
2.564012 0.699620
2.565954 0.703376
2.567321 0.705848
2.564744 0.708360
2.560893 0.713273
2.394630 0.726257
2.403703 0.754314
2.400735 0.745539
2.388598 0.734117
2.391392 0.737238
2.387326 0.739420
2.389388 0.742387
2.387079 0.747545
2.394682 0.745681
2.393140 0.750589
2.382540 0.732678
2.381756 0.737685
2.462832 0.747801
2.463483 0.748556
2.457484 0.740879
2.456367 0.748518
2.455322 0.747506
2.465907 0.735365
2.468473 0.737252
2.459846 0.732112
2.458307 0.738034
2.460016 0.739444
2.464379 0.745316
2.464437 0.745391
2.465920 0.739898
2.463306 0.742002
2.446515 0.731636
2.453787 0.730437
2.454043 0.738680
2.452402 0.738159
2.454968 0.744187
2.446998 0.736102
2.455327 0.725077
2.432905 0.733885
2.434387 0.739446
2.441151 0.729495
2.441258 0.734720
2.438031 0.746523
2.434096 0.739182
2.427110 0.731782
2.419716 0.733681
2.427848 0.735743
2.424096 0.734888
2.421639 0.729849
2.415912 0.730526
2.387681 0.682590
2.386093 0.697720
2.385674 0.697414
2.382631 0.674400
2.381961 0.674485
2.382563 0.679271
2.382551 0.679971
2.381028 0.686451
2.374952 0.678582
2.375796 0.680588
2.369996 0.681615
2.374968 0.684597
2.368643 0.687414
2.374986 0.691395
2.375002 0.697175
2.378967 0.703342
2.378183 0.710317
2.356649 0.697231
2.362073 0.693086
2.354835 0.702376
2.366374 0.708175
2.360014 0.708009
2.356856 0.699383
2.361355 0.702884
2.367412 0.704198
2.408299 0.728476
2.402757 0.728961
2.390121 0.722441
2.384055 0.717697
2.384969 0.720493
2.396933 0.727745
2.390140 0.729576
2.371928 0.710601
2.372577 0.714079
2.508130 0.770406
2.511331 0.773895
2.513708 0.776491
2.511959 0.774944
2.513146 0.781797
2.510940 0.782386
2.511355 0.783194
2.504044 0.783916
2.503751 0.784488
2.497277 0.783048
2.497695 0.783671
2.499253 0.784852
2.492072 0.770650
2.486043 0.769818
2.483389 0.770523
2.492741 0.777093
2.491960 0.776275
2.485543 0.776221
2.485568 0.776250
2.487122 0.776347
2.493186 0.780221
2.469416 0.768726
2.478237 0.777948
2.476167 0.778263
2.479523 0.779835
2.470013 0.774184
2.471914 0.779302
2.475010 0.774304
2.587311 0.789706
2.587128 0.790723
2.585585 0.795333
2.578647 0.792285
2.579526 0.792881
2.581010 0.789294
2.581071 0.789361
2.547175 0.763463
2.545851 0.760793
2.544528 0.768841
2.537356 0.770868
2.537001 0.771015
2.545185 0.768575
2.546347 0.765454
2.538644 0.770279
2.545815 0.751343
2.542688 0.756351
2.532591 0.770482
2.533285 0.771006
2.525130 0.769293
2.520470 0.765209
2.520621 0.765130
2.515171 0.764756
2.512864 0.765855
2.514380 0.764731
2.509613 0.767306
2.507221 0.772394
2.512896 0.778162
2.513228 0.777866
2.408257 0.775008
2.414313 0.775796
2.467137 0.763565
2.458910 0.756638
2.463134 0.771219
2.464097 0.776707
2.465856 0.777818
2.455249 0.757308
2.442073 0.756738
2.443145 0.758568
2.464941 0.754113
2.465791 0.759605
2.470565 0.771008
2.456508 0.753036
2.444694 0.756675
2.451078 0.757055
2.450753 0.758229
2.431686 0.756434
2.429197 0.762109
2.427925 0.770059
2.437683 0.753907
2.424067 0.754077
2.422903 0.761806
2.410495 0.755445
2.410930 0.759986
2.416633 0.766876
2.410557 0.766147
2.415857 0.771752
2.409803 0.771531
2.437239 0.750590
2.438633 0.753684
2.397655 0.756497
2.393645 0.760217
2.396128 0.766829
2.396685 0.768098
2.402199 0.773353
2.403749 0.771594
2.397207 0.772485
2.393455 0.765586
2.386459 0.764703
2.385573 0.765630
2.404058 0.755431
2.405265 0.756936
2.407260 0.758688
2.399316 0.752038
2.406588 0.764007
2.406423 0.750730
2.392115 0.758961
2.386417 0.752060
2.391965 0.764687
2.348490 0.704849
2.349220 0.692441
2.350938 0.693232
2.348752 0.693941
2.347613 0.692811
2.349224 0.693756
2.353128 0.708882
2.326436 0.707373
2.327504 0.708579
2.332531 0.723072
2.320267 0.710155
2.313079 0.711640
2.311970 0.712119
2.312728 0.717745
2.318381 0.724733
2.311275 0.728163
2.319314 0.717462
2.312799 0.716793
2.307561 0.720221
2.305895 0.725377
2.291855 0.749575
2.290399 0.740717
2.294522 0.746622
2.282909 0.742047
2.279498 0.742618
2.290746 0.733852
2.287327 0.734955
2.294101 0.761648
2.286534 0.763896
2.297749 0.752419
2.297560 0.757794
2.293707 0.767843
2.286538 0.769286
2.287008 0.769995
2.299291 0.766659
2.294613 0.768896
2.288558 0.768763
2.282840 0.762450
2.281419 0.761235
2.274310 0.762563
2.274885 0.764206
2.281770 0.765959
2.276223 0.764196
2.323985 0.731819
2.316791 0.733314
2.317336 0.737644
2.317354 0.737693
2.331454 0.729788
2.324951 0.733450
2.310021 0.733967
2.310817 0.737791
2.305340 0.739345
2.297588 0.733057
2.310247 0.749778
2.303449 0.749897
2.260152 0.719793
2.253731 0.719745
2.253352 0.719845
2.252650 0.727313
2.265090 0.733611
2.264268 0.739913
2.262549 0.749505
2.262348 0.749077
2.258979 0.732944
2.258764 0.738784
2.258014 0.745691
2.240678 0.749590
2.246592 0.741681
2.249938 0.733443
2.252793 0.737845
2.252866 0.743133
2.247598 0.747182
2.247933 0.743962
2.252184 0.749002
2.261429 0.757153
2.245422 0.755567
2.242429 0.756482
2.241510 0.765073
2.245010 0.760891
2.234524 0.771503
2.238691 0.768743
2.239898 0.765636
2.241727 0.771273
2.239659 0.774252
2.262760 0.757789
2.264308 0.755261
2.270370 0.758663
2.258732 0.753986
2.258247 0.752383
2.245942 0.752357
2.252187 0.750141
2.209688 0.765211
2.214817 0.770960
2.209698 0.769157
2.203632 0.764599
2.204526 0.765793
2.201484 0.767269
2.203646 0.769692
2.260906 0.712881
2.349820 0.691842
2.246023 0.780455
2.249068 0.789491
2.250849 0.800514
2.058840 0.938369
2.056796 0.932743
2.056016 0.938006
2.052543 0.936254
2.028328 0.916921
2.015398 0.917005
2.008682 0.917548
2.011823 0.921590
2.008966 0.922382
1.988220 0.936018
2.001906 0.922483
2.003486 0.932104
1.995094 0.929752
1.988174 0.930508
1.988571 0.935936
1.996438 0.932507
1.981512 0.931141
1.974695 0.931889
1.981724 0.936123
1.976386 0.933926
1.967592 0.931160
1.960907 0.935680
1.964525 0.931902
2.073167 0.925312
2.069328 0.927765
2.063112 0.930250
2.067366 0.932908
2.067107 0.932931
2.075458 0.923746
2.068665 0.924176
2.068410 0.924398
2.053089 0.929757
2.049857 0.928553
2.061334 0.935401
2.046905 0.923835
2.035147 0.921575
2.035690 0.925915
2.041088 0.933409
2.029017 0.920949
2.029239 0.926268
2.028858 0.932114
2.016943 0.919335
1.691340 0.926114
1.692690 0.926834
1.694597 0.932336
1.694232 0.921883
1.700825 0.926579
1.685076 0.924604
1.680563 0.919181
1.689396 0.917173
1.682104 0.914007
1.683652 0.911624
1.672359 0.925406
1.666906 0.920887
1.665371 0.928169
1.658723 0.932304
1.652574 0.931714
1.645665 0.931901
1.654198 0.923060
1.659326 0.931416
1.648734 0.916654
1.647614 0.923339
1.674501 0.916426
1.676043 0.911504
1.663929 0.908617
1.662395 0.916349
1.657197 0.910267
1.650283 0.914747
1.639611 0.931459
1.642689 0.920036
1.629802 0.925749
3.457270 0.748891
3.451214 0.747885
3.450665 0.752241
3.447706 0.748590
3.452759 0.744217
3.458815 0.745132
3.366297 0.700596
3.364796 0.705015
3.380571 0.732549
3.333522 0.650989
3.328009 0.649131
3.320877 0.647454
3.321344 0.649570
3.319255 0.650277
3.356813 0.666776
3.345015 0.664589
3.343659 0.672704
3.361784 0.680084
3.355724 0.677539
3.356436 0.678334
3.355736 0.682051
3.354745 0.687117
3.349666 0.675864
3.350341 0.677639
3.345546 0.678438
3.342920 0.686763
3.333007 0.656071
3.338765 0.658798
3.331474 0.663828
3.335743 0.666435
3.330985 0.666878
3.331490 0.670197
3.338499 0.663498
3.325418 0.663244
3.326951 0.655097
3.336029 0.685230
3.335690 0.686561
3.328833 0.687387
3.338228 0.670684
3.336500 0.677285
3.323201 0.678860
3.317840 0.674187
3.312849 0.659077
3.313385 0.666860
3.292371 0.666775
3.279933 0.663012
3.286580 0.665463
3.280536 0.664662
3.286008 0.671059
3.285002 0.671877
3.281486 0.668206
3.271142 0.664724
3.274934 0.668416
3.354563 0.692887
3.359613 0.701077
3.348921 0.691295
3.347868 0.698803
3.341353 0.698942
3.353642 0.705554
3.353095 0.712059
3.347745 0.704474
3.341684 0.703722
3.336352 0.690665
3.329284 0.691898
3.449693 0.760188
3.449709 0.766400
3.448799 0.754132
3.437422 0.756253
1.421332 0.923361
1.422533 0.924961
1.422877 0.919893
1.428943 0.924706
1.416791 0.924224
1.410774 0.921444
1.430491 0.922208
1.403156 0.925768
1.394998 0.925933
1.391111 0.924221
1.389759 0.923520
1.389522 0.928052
1.381905 0.924536
1.369788 0.920995
1.379432 0.919472
1.366813 0.909527
1.365267 0.912668
1.178646 0.728838
1.188026 0.739289
1.175056 0.723007
1.163751 0.716326
1.178192 0.723930
1.185589 0.731847
1.171366 0.719385
1.193813 0.883124
1.193813 0.897160
1.208532 0.923833
1.210678 0.921915
1.204616 0.918765
1.192073 0.910973
1.192478 0.907168
1.197507 0.905134
1.358066 0.917061
1.350710 0.924289
1.345503 0.921827
1.333460 0.918378
1.339942 0.920079
1.333032 0.921001
1.360757 0.908619
1.347106 0.912448
1.341058 0.914715
1.335190 0.911320
1.327407 0.918853
1.325868 0.924632
1.184503 0.752296
1.177759 0.762191
1.182248 0.754113
1.174425 0.773704
1.167843 0.787811
1.171757 0.782032
1.169816 0.782550
1.168272 0.786529
1.156155 0.782876
1.163761 0.781932
1.162217 0.786066
1.158650 0.782464
1.179594 0.771077
1.180075 0.767884
1.177015 0.776140
1.183018 0.817746
1.177041 0.816806
1.173717 0.839673
1.181844 0.825501
1.181773 0.825430
1.176602 0.823088
1.175822 0.826561
1.163932 0.817764
1.163693 0.818403
1.171288 0.813493
1.165351 0.809278
1.165242 0.809225
1.166781 0.810554
1.171753 0.814498
1.168254 0.811766
1.152904 0.802721
1.157135 0.817959
1.151567 0.811364
1.157640 0.818838
1.162616 0.814306
1.160730 0.811528
1.153113 0.808248
1.166860 0.828888
1.168234 0.834211
1.168103 0.838005
1.164946 0.839441
1.172082 0.820899
1.171335 0.817562
1.170308 0.826071
1.159193 0.817797
1.153785 0.818582
1.153092 0.818596
1.152142 0.825900
1.188047 0.747103
1.201714 0.866805
1.200972 0.872090
1.205322 0.869388
1.205176 0.868267
1.202108 0.879756
1.205118 0.878007
1.202783 0.883842
1.198886 0.891263
1.207308 0.875046
1.197507 0.854455
1.199990 0.857924
1.199003 0.856873
1.199217 0.863216
1.199071 0.862166
1.186220 0.851246
1.192496 0.852175
1.193535 0.854945
1.196835 0.880219
1.174084 0.849752
1.168264 0.845424
1.071305 0.683712
1.059194 0.682177
1.054350 0.738013
1.057860 0.743833
1.050748 0.760256
1.057225 0.749131
1.053666 0.757334
1.065604 0.732896
1.053107 0.731395
1.054656 0.729279
1.057225 0.735091
1.059523 0.740062
1.056594 0.745806
1.067244 0.738508
1.066682 0.738658
1.134983 0.695979
1.129735 0.690676
1.132780 0.694929
1.124157 0.683540
1.116785 0.682235
1.157699 0.717231
1.151132 0.715642
1.147140 0.714658
1.139187 0.708352
1.134825 0.704204
1.141075 0.710671
1.112283 0.680805
1.084967 0.683275
1.091023 0.684423
1.092574 0.683268
1.080461 0.681225
1.060746 0.681166
1.053133 0.679249
1.044258 0.677274
1.032889 0.680233
1.040247 0.673005
1.040375 0.678145
1.032948 0.684487
1.039500 0.689855
1.040562 0.690843
1.036992 0.693668
1.041545 0.681250
1.038345 0.681915
1.041045 0.686649
1.022750 0.759756
1.023178 0.760008
1.028812 0.762672
1.024430 0.745789
1.042458 0.756504
1.041608 0.759077
1.037230 0.751362
1.037471 0.756292
1.032903 0.754694
1.036412 0.759887
1.031743 0.749454
1.019666 0.750888
1.020706 0.756402
1.025829 0.748199
1.022137 0.753336
1.018250 0.759075
1.012097 0.755497
1.012279 0.755137
1.000992 0.760454
0.992458 0.750398
0.992553 0.750499
0.996847 0.756631
0.994788 0.753124
1.040368 0.708140
1.040451 0.716823
1.038225 0.713242
1.045802 0.730900
1.044886 0.728132
1.042527 0.720815
1.048599 0.727894
1.039767 0.699398
1.047159 0.702479
0.943367 0.729552
0.944859 0.715762
0.945116 0.720657
0.985895 0.750928
0.986407 0.751684
0.979558 0.750714
0.972733 0.746765
0.966675 0.745221
0.966417 0.745267
0.968240 0.749258
0.954120 0.744632
0.948516 0.737549
0.943347 0.735003
0.960983 0.749205
0.949126 0.747169
1.054304 0.681502
1.148887 0.781658
1.134005 0.789142
1.145856 0.803935
1.139447 0.806451
1.147581 0.800480
1.134928 0.798917
1.136800 0.803538
1.153129 0.785014
1.149366 0.786102
1.151932 0.790258
1.149643 0.790968
1.148584 0.796869
1.150829 0.798765
1.142930 0.786085
1.136455 0.788589
1.143524 0.790330
1.136974 0.790538
1.136469 0.793642
1.142087 0.798595
1.134296 0.791272
1.132570 0.794324
1.140996 0.804178
1.150815 0.804162
1.150924 0.812819
1.059130 0.781382
1.061294 0.766980
1.060778 0.766630
1.062527 0.772507
1.061131 0.771329
1.055553 0.764192
1.056003 0.768726
1.060666 0.774798
1.054547 0.777025
1.050077 0.761085
1.047531 0.761944
1.050087 0.764844
1.051544 0.790204
1.047034 0.786101
1.029264 0.774829
1.023110 0.774035
1.021236 0.774857
1.028831 0.769887
1.034899 0.775292
1.023387 0.764084
1.022772 0.768188
1.038346 0.789043
1.039434 0.788966
1.041131 0.778072
1.040964 0.779578
1.033358 0.780386
1.034016 0.780806
1.033463 0.786111
1.033392 0.786061
1.034909 0.779040
1.029954 0.782414
1.028868 0.783553
1.030363 0.761605
1.028545 0.762789
1.027875 0.768105
1.031720 0.760355
1.043094 0.789476
1.040698 0.789783
1.034230 0.789830
1.007579 0.776933
1.009131 0.775548
1.016720 0.768686
1.001516 0.773303
0.999069 0.762304
1.004608 0.766686
1.003065 0.771091
1.003710 0.771547
1.012077 0.760965
0.843888 0.746393
0.837835 0.746620
0.825551 0.744004
0.862267 0.731030
0.851458 0.738344
0.849969 0.743488
0.856122 0.735615
0.853027 0.737665
0.860603 0.725343
0.854391 0.732513
0.845440 0.745343
0.839390 0.746961
0.846986 0.742230
0.833334 0.745892
0.796162 0.687013
0.814659 0.694763
0.801199 0.693033
0.798442 0.698986
0.806889 0.702433
0.804061 0.698782
0.799108 0.700027
0.814812 0.705539
0.800278 0.703701
0.795415 0.700955
0.795221 0.706310
0.784801 0.706766
0.812708 0.743914
0.805994 0.739995
0.802931 0.724630
0.800888 0.730970
0.799542 0.729561
0.809469 0.721294
0.804598 0.726936
0.824737 0.711164
0.824798 0.717605
0.817431 0.718293
0.819667 0.744208
0.821215 0.741612
0.813620 0.746370
0.803094 0.732149
0.800745 0.736658
0.802992 0.732213
0.799300 0.734913
0.801496 0.740000
0.801844 0.740631
0.807560 0.744434
0.759326 0.702262
0.747371 0.694991
0.746877 0.701379
0.740566 0.695718
0.740626 0.700994
0.733678 0.702004
0.728750 0.701456
0.736350 0.698632
0.771920 0.708251
0.772710 0.712707
0.760588 0.707098
0.748460 0.703661
0.720556 0.715262
0.728297 0.707591
0.726028 0.704045
0.721180 0.715820
0.923270 0.680372
0.899466 0.665616
0.911726 0.677681
0.894184 0.668709
0.928159 0.699690
0.933954 0.706397
0.940109 0.712387
0.934493 0.710755
0.931853 0.724431
0.937911 0.726263
0.931457 0.727606
0.939564 0.718890
0.925800 0.724503
0.917654 0.684122
0.866169 0.672085
0.864275 0.677220
0.853055 0.686260
0.846994 0.683644
0.847157 0.683695
0.846641 0.689800
0.854592 0.679808
0.887929 0.664518
0.874274 0.667102
0.875598 0.667239
0.866304 0.668826
0.862652 0.701821
0.866126 0.708820
0.866176 0.714201
0.861417 0.718987
0.863669 0.709312
0.856953 0.700331
0.857602 0.704271
0.845876 0.696738
0.839428 0.699581
0.845456 0.703000
0.833360 0.693950
0.831846 0.704421
0.930969 0.733994
0.811170 0.680277
0.815561 0.686211
0.819690 0.690750
0.813428 0.677279
0.820463 0.683564
0.821227 0.684300
0.807545 0.676781
0.803036 0.672793
0.809092 0.674105
0.810382 0.674202
0.797588 0.675270
0.796216 0.676722
0.804184 0.690149
0.803054 0.679380
0.796996 0.683842
0.827301 0.691884
0.826208 0.697401
0.824307 0.698095
0.806564 0.695854
0.082633 0.651652
0.091716 0.675482
0.092291 0.674327
0.092556 0.657522
0.093594 0.666232
0.093645 0.666212
0.092624 0.662924
0.090057 0.660490
0.084206 0.659736
0.081469 0.664793
0.085607 0.674806
0.082876 0.673603
0.086009 0.674969
0.087777 0.670957
0.099190 0.718730
0.099792 0.726561
0.095359 0.711953
0.099180 0.717810
0.103205 0.723701
0.101179 0.719359
0.102855 0.720397
0.082495 0.697247
0.077309 0.694726
0.094293 0.715638
0.095124 0.718830
0.077645 0.699478
0.083518 0.706034
0.098102 0.731575
0.104066 0.729196
0.098129 0.731657
0.099660 0.733166
0.092045 0.730229
0.092283 0.730464
0.093213 0.734054
0.072333 0.731659
0.085987 0.728026
0.088455 0.727222
0.087865 0.726466
0.081476 0.723875
0.079932 0.727990
0.069437 0.649193
0.063708 0.650841
0.057295 0.645537
0.057186 0.645591
0.056832 0.651701
0.050585 0.651306
0.064605 0.654496
0.062850 0.668817
0.049675 0.670310
0.054193 0.677155
0.057710 0.656354
0.050939 0.656024
0.025379 0.639802
0.007206 0.634995
0.000193 0.638175
-0.001906 0.653982
0.038380 0.649947
0.026318 0.642891
0.032881 0.648082
0.014252 0.641264
0.001056 0.641873
-0.000364 0.649564
0.005700 0.653400
0.001540 0.641695
0.003373 0.647333
0.017834 0.663488
0.011773 0.660589
0.045027 0.737953
0.039348 0.739417
0.026131 0.733888
0.026862 0.736377
0.021877 0.731802
0.012176 0.733855
0.005609 0.742705
-0.003835 0.740461
-0.000443 0.743581
0.000555 0.737736
-0.004955 0.738706
0.072372 0.684196
0.075708 0.686726
0.073188 0.684699
0.060256 0.680758
0.046602 0.684005
0.048354 0.677413
0.048494 0.683283
0.034493 0.683061
0.040649 0.685328
0.065092 0.733293
0.066285 0.733463
0.058365 0.733196
0.060227 0.731601
0.051804 0.729075
0.067830 0.729776
0.046570 0.733562
0.028622 0.729390
0.034464 0.734176
0.022341 0.728092
0.010021 0.727039
0.706095 0.716424
0.704447 0.716487
0.705219 0.721960
0.702757 0.727034
0.712940 0.715619
0.709414 0.719232
0.661606 0.709782
0.673895 0.727206
0.660491 0.720283
0.666547 0.721110
0.662050 0.721514
0.668105 0.722309
0.645356 0.688645
0.625638 0.687623
0.632790 0.686757
0.627190 0.686647
0.613771 0.680729
0.619580 0.686180
0.658028 0.717116
0.624115 0.699524
0.624129 0.704925
0.618061 0.699498
0.618069 0.702581
0.632160 0.727843
0.622235 0.721191
0.610494 0.715085
0.650807 0.694795
0.646751 0.690048
0.659202 0.705327
0.661950 0.714328
0.658595 0.719294
0.659030 0.710710
0.625652 0.692874
0.625557 0.693740
0.627212 0.694746
0.628046 0.699236
0.625673 0.700569
0.621354 0.698385
0.621136 0.686826
0.621148 0.691047
0.618720 0.699933
0.619823 0.697750
0.704449 0.730640
0.704610 0.739215
0.702919 0.740118
0.689271 0.744998
0.698418 0.739392
0.696874 0.742908
0.690828 0.745827
0.700650 0.732173
0.677063 0.738969
0.677147 0.739038
0.683213 0.743319
0.671082 0.734404
0.678483 0.735861
0.680364 0.741492
0.684769 0.743918
0.624939 0.761571
0.636882 0.742486
0.634118 0.750788
0.629226 0.764207
0.623126 0.765531
0.614960 0.776445
0.609671 0.766661
0.602369 0.768383
0.603540 0.771452
0.609920 0.777006
0.604060 0.775859
0.530115 0.728888
0.517995 0.723952
0.511938 0.722762
0.493767 0.718637
0.601080 0.680334
0.601407 0.681309
0.594655 0.680296
0.595667 0.683695
0.587761 0.687249
0.598923 0.706275
0.604823 0.712774
0.598405 0.712722
0.598382 0.712836
0.604437 0.713670
0.593719 0.706784
0.591941 0.706559
0.592796 0.711082
0.596843 0.718998
0.592561 0.723959
0.590802 0.723353
0.558932 0.705757
0.576622 0.693837
0.566521 0.698466
0.554425 0.702996
0.559703 0.697079
0.599902 0.699889
0.605968 0.704774
0.606927 0.705205
0.589317 0.687926
0.593845 0.698826
0.575670 0.693647
0.545310 0.720885
0.544680 0.724399
0.545117 0.721580
0.543767 0.725191
0.537713 0.724734
0.546838 0.710813
0.540787 0.711849
0.540746 0.712058
0.540216 0.718536
0.531654 0.722772
0.527147 0.719957
0.507418 0.714814
0.501367 0.715680
0.581962 0.745301
0.585506 0.754429
0.587778 0.760086
0.584889 0.751052
0.583539 0.756271
0.586607 0.728575
0.586000 0.737155
0.581323 0.741946
0.582296 0.747471
0.595694 0.768849
0.596502 0.772634
0.589534 0.773676
0.583959 0.766535
0.581043 0.764604
0.584111 0.771647
0.595948 0.779150
0.590148 0.777875
0.590786 0.779172
0.596842 0.780283
0.585559 0.775974
0.440713 0.671766
0.442658 0.673694
0.471651 0.670837
0.474093 0.672667
0.480154 0.675363
0.465095 0.664616
0.463500 0.657839
0.469601 0.661855
0.449818 0.649842
0.450387 0.650781
0.444083 0.650499
0.451028 0.654926
0.444824 0.654454
0.448901 0.667960
0.442404 0.670380
0.457440 0.655147
0.451388 0.655608
0.437695 0.644053
0.435503 0.641417
0.425883 0.637429
0.426184 0.642234
0.433193 0.642898
0.419814 0.642086
0.412987 0.637444
0.406930 0.644323
0.423899 0.674582
0.421813 0.672589
0.427066 0.677225
0.414957 0.676431
0.409503 0.666026
0.402829 0.668787
0.409709 0.671026
0.436173 0.656483
0.438759 0.659156
0.429458 0.659379
0.438779 0.648236
0.437720 0.653609
0.440021 0.656034
0.432316 0.648273
0.431662 0.652064
0.438508 0.664496
0.434673 0.676702
0.428361 0.666980
0.417592 0.657333
0.419600 0.647934
0.416586 0.664750
0.416710 0.669921
0.403835 0.669895
0.375527 0.676674
0.381589 0.679983
0.384139 0.659800
0.396280 0.666698
0.391645 0.663089
0.397485 0.669709
0.377063 0.670163
0.385365 0.662766
0.385027 0.669611
0.379366 0.663499
0.354851 0.654995
0.371613 0.664479
0.369476 0.678087
0.371122 0.670870
0.366073 0.668121
0.364965 0.673510
0.351303 0.673329
0.349765 0.679738
0.360002 0.661952
0.358911 0.673422
0.352850 0.670631
0.348083 0.649182
0.341326 0.649803
0.334629 0.647971
0.335436 0.648704
0.323879 0.652205
0.329076 0.648539
0.344892 0.671772
0.337644 0.674412
0.327060 0.662616
0.319448 0.661354
0.333130 0.668781
0.332923 0.669949
0.328552 0.672217
0.341543 0.654800
0.340714 0.659377
0.340483 0.662319
0.329344 0.655014
0.328493 0.655119
0.334655 0.657458
0.464942 0.732676
0.486487 0.717437
0.487710 0.717887
0.482001 0.708898
0.481501 0.714526
0.475992 0.712676
0.481650 0.715524
0.450102 0.694059
0.449360 0.702629
0.449080 0.699314
0.450067 0.708094
0.458881 0.736017
0.451280 0.738561
0.452828 0.736452
0.445222 0.737314
0.446771 0.735030
0.440718 0.735379
0.451875 0.716989
0.459709 0.724845
0.453730 0.723912
0.451106 0.722267
0.460650 0.728376
0.460430 0.733850
0.454392 0.728007
0.453057 0.727904
0.449147 0.720212
0.448078 0.718633
0.448302 0.726160
0.442254 0.728281
0.411003 0.702938
0.411983 0.709788
0.439187 0.682221
0.433142 0.685516
0.426301 0.681911
0.427080 0.682900
0.413269 0.695918
0.421083 0.679453
0.420003 0.679450
0.416208 0.689758
0.412642 0.697949
0.433110 0.735693
0.416469 0.722437
0.422543 0.730449
0.398628 0.696512
0.413659 0.678639
0.410710 0.681552
0.412721 0.683913
0.410951 0.686953
0.406381 0.700409
0.385067 0.681553
0.387081 0.688418
0.387151 0.687190
0.409994 0.706258
0.479448 0.678720
0.475226 0.679953
0.478622 0.683919
0.481410 0.686122
0.479915 0.683219
0.480766 0.694702
0.482137 0.697006
0.483235 0.677699
0.480754 0.676135
0.479623 0.682643
0.451867 0.687729
0.446483 0.685613
0.444588 0.684700
0.445516 0.676172
0.449905 0.690771
0.489255 0.714120
0.477131 0.707948
0.440815 0.678831
0.440539 0.679206
0.434679 0.679068
0.427847 0.678815
0.416017 0.676719
0.416573 0.675626
0.380855 0.687980
0.374704 0.687395
0.375555 0.687183
0.385511 0.678322
0.385763 0.683749
0.387656 0.675349
0.381614 0.689545
0.369852 0.684231
0.365864 0.679087
0.350655 0.680425
0.350784 0.685821
0.349407 0.686437
0.342637 0.681686
0.342848 0.686666
0.349797 0.691661
0.336213 0.681646
0.336042 0.687390
0.356550 0.677902
0.353213 0.682880
0.312809 0.696192
0.308832 0.699074
0.301231 0.701885
0.289126 0.702645
0.290658 0.694362
0.284607 0.695242
0.283072 0.702702
0.329074 0.680948
0.330057 0.682172
0.322070 0.689563
0.328523 0.689965
0.323276 0.692558
0.330075 0.688931
0.330548 0.690923
0.324035 0.694381
0.304323 0.695196
0.227256 0.652976
0.230402 0.669525
0.239096 0.685478
0.233040 0.684712
0.240873 0.684423
0.233262 0.678535
0.234595 0.684505
0.205766 0.641305
0.200042 0.644105
0.201309 0.649650
0.225921 0.658174
0.189403 0.668029
0.194352 0.666078
0.190624 0.668843
0.200373 0.658187
0.219908 0.642361
0.213354 0.633526
0.214136 0.635609
0.207468 0.641473
0.225123 0.650219
0.225435 0.655028
0.257289 0.697206
0.270965 0.702790
0.264893 0.696131
0.246716 0.689586
0.163788 0.667703
0.146674 0.661572
0.152184 0.665131
0.183375 0.672596
0.176981 0.676056
0.169755 0.674057
0.169458 0.680056
0.167201 0.676667
0.170939 0.680683
0.184581 0.673108
0.159178 0.669469
0.157692 0.683262
0.153186 0.668583
0.140276 0.657766
0.127088 0.652963
0.121828 0.656015
0.114815 0.647883
0.115919 0.654963
0.102440 0.650706
0.102264 0.656474
0.133734 0.661638
