3.446534 0.836447
3.438952 0.833271
3.431346 0.829431
3.439932 0.836088
3.440768 0.841666
3.440190 0.844895
3.446570 0.841604
3.442062 0.846450
3.448129 0.849651
3.447196 0.852681
3.417477 0.831955
3.412845 0.836909
3.426829 0.831042
3.415392 0.836025
3.414818 0.836336
3.408442 0.836517
3.395988 0.837566
3.389641 0.842849
3.388974 0.842015
3.388673 0.845140
3.370812 0.846204
3.376871 0.846346
3.367847 0.844514
3.361816 0.841658
3.341946 0.837749
3.358403 0.837099
3.356375 0.840602
3.342987 0.834466
3.337412 0.833333
3.335878 0.834363
3.335196 0.836506
3.325277 0.834564
3.388013 0.844218
3.376379 0.847106
3.376010 0.851345
3.364581 0.846337
3.363108 0.851666
3.384582 0.851084
3.377984 0.850758
3.389052 0.853932
3.380761 0.860252
3.372381 0.852710
3.395244 0.885849
3.395227 0.885873
3.389188 0.886727
3.389172 0.886783
3.395674 0.890947
3.395148 0.890761
3.388915 0.891265
3.389211 0.894930
3.382935 0.887281
3.377719 0.890107
3.382427 0.891191
3.383155 0.895572
3.378061 0.900985
3.346751 0.884385
3.343564 0.880778
3.337631 0.880338
3.336750 0.879963
3.330947 0.881454
3.365902 0.892623
3.366044 0.908076
3.366149 0.913385
3.358911 0.906545
3.358954 0.906913
3.337651 0.887499
3.345248 0.888031
3.339199 0.891551
3.330765 0.886091
3.340751 0.897119
3.312449 0.838452
3.298782 0.836715
3.292201 0.836429
3.302512 0.833792
3.296786 0.837240
3.290403 0.836104
3.284348 0.837300
3.272291 0.845307
3.260457 0.852815
3.248350 0.849576
3.247582 0.852897
3.317708 0.835983
3.311659 0.839610
3.304051 0.834639
3.305605 0.840813
3.285887 0.838451
3.291951 0.840274
3.324774 0.882098
3.324880 0.887387
3.319484 0.889855
3.325548 0.892063
3.327924 0.906216
3.314462 0.898122
3.315634 0.905840
3.310502 0.911969
3.317534 0.915229
3.261330 0.844690
3.255533 0.846203
3.243040 0.852192
3.209269 0.838708
3.188072 0.834520
3.208594 0.843544
3.207148 0.843996
3.229395 0.850513
3.222059 0.848511
3.199763 0.844877
3.199835 0.843510
3.192806 0.840813
3.148700 0.822987
3.135402 0.822099
3.174683 0.833435
3.161028 0.831747
3.168630 0.829308
3.167605 0.832843
3.160236 0.838223
3.134228 0.828063
3.136996 0.829143
3.150149 0.831342
3.155612 0.834108
3.156222 0.840550
3.150424 0.842046
3.155512 0.841292
3.152492 0.844488
3.142819 0.829335
3.142282 0.833157
3.140080 0.832404
3.135256 0.826806
3.143450 0.840867
3.143212 0.840769
3.146086 0.845442
3.396722 0.884243
3.425689 0.909556
3.430370 0.914663
3.417525 0.897597
3.418080 0.904434
3.404691 0.897777
3.413030 0.912159
3.419647 0.915046
3.413593 0.916785
3.409093 0.924377
3.398937 0.889107
3.395577 0.894696
3.396975 0.898249
3.393319 0.903875
3.391715 0.900369
3.400347 0.912680
3.392926 0.910477
3.372999 0.899122
3.384709 0.902131
3.379171 0.908565
3.386257 0.906124
3.385145 0.910189
3.372560 0.903156
3.393149 0.917823
3.401843 0.921141
3.402720 0.928186
3.398680 0.925829
3.379663 0.914745
3.374185 0.921606
3.381219 0.923330
3.375736 0.926936
3.389402 0.931617
3.390954 0.937414
3.377288 0.932357
3.384900 0.938640
3.392501 0.941137
3.360614 0.900330
3.360486 0.905618
3.368126 0.921561
3.360485 0.915172
3.362068 0.921613
3.369675 0.925906
3.355705 0.910864
3.355999 0.917640
3.318114 0.917833
3.025093 0.828555
3.024726 0.830105
3.025584 0.832040
3.025107 0.833343
3.018772 0.826173
3.012419 0.826405
3.018640 0.830940
3.012356 0.831325
3.006246 0.827050
3.006122 0.831827
2.999778 0.827023
3.019543 0.838049
3.012662 0.837094
3.007463 0.845003
2.987121 0.827602
2.992644 0.830551
2.981145 0.827098
2.979617 0.830008
2.975094 0.829665
2.968344 0.833996
2.969671 0.831991
2.962302 0.834937
2.957138 0.837889
3.121595 0.820051
3.121559 0.825022
3.114508 0.825024
3.108866 0.820468
3.096312 0.817401
3.101329 0.823072
3.094907 0.823151
3.083119 0.820642
3.081956 0.823062
3.074978 0.821883
3.069701 0.819487
3.062984 0.823954
3.062966 0.824019
3.060198 0.823003
3.056873 0.824735
3.056735 0.824845
3.055523 0.828779
3.064537 0.835926
3.067165 0.837225
3.066020 0.846025
3.056867 0.829932
3.056926 0.830105
3.056475 0.833718
3.059244 0.840232
3.053402 0.841624
3.046679 0.841018
3.042607 0.837167
3.046376 0.840919
3.052440 0.842995
3.053968 0.839866
3.047915 0.841897
3.059740 0.846422
3.033153 0.837233
3.026695 0.829518
3.025550 0.829539
3.027111 0.835508
3.024473 0.834779
3.037465 0.837933
3.040646 0.841978
3.040321 0.841992
3.033929 0.841385
3.026663 0.840436
3.041859 0.842641
2.950326 0.837071
2.938274 0.839045
2.949772 0.845931
2.931190 0.843733
2.936738 0.845655
2.923589 0.841399
2.905398 0.835833
2.912241 0.836652
2.910658 0.840004
2.904703 0.839131
2.897803 0.835651
2.885311 0.836952
2.884363 0.838939
2.878089 0.834827
2.865967 0.832804
2.805564 0.825800
2.799082 0.826073
2.791212 0.822547
2.793155 0.823649
2.781051 0.828224
2.779519 0.829725
2.767400 0.828716
2.774992 0.828126
2.852307 0.830465
2.844713 0.830783
2.831054 0.828439
2.832599 0.831255
2.820471 0.827320
2.819327 0.826778
2.812870 0.825104
2.800753 0.824937
2.347504 0.831884
2.341448 0.833040
2.333036 0.833720
2.333286 0.838795
2.240746 0.841432
2.247596 0.849239
2.254754 0.860743
2.249103 0.856024
2.255169 0.858800
2.206553 0.836729
2.200494 0.836123
2.188371 0.833975
2.186839 0.835481
2.182317 0.835269
2.232327 0.838118
2.226492 0.834732
2.226244 0.834734
2.233293 0.837456
2.235412 0.842509
2.227802 0.837057
2.229357 0.843533
2.220208 0.837265
2.214441 0.842309
2.221753 0.840249
2.215703 0.843338
2.223307 0.846409
2.217266 0.852673
2.218820 0.858742
2.189919 0.838002
2.205629 0.842954
2.210173 0.847289
2.203595 0.846323
2.203651 0.847137
2.205150 0.852953
2.212765 0.860191
2.174734 0.839597
2.164150 0.838229
2.170213 0.840014
2.162621 0.840764
2.168683 0.842004
2.155843 0.836123
2.129648 0.840353
2.136838 0.836053
2.142163 0.834383
2.144429 0.834756
2.124526 0.843366
2.108996 0.842482
2.111093 0.844346
2.117626 0.847435
2.105019 0.839188
2.091379 0.843366
2.098967 0.841398
2.112624 0.842562
2.105921 0.841626
2.086856 0.843403
2.074550 0.847171
2.066038 0.847568
2.021682 0.849362
2.027743 0.850410
2.015617 0.846763
1.995918 0.851131
2.001975 0.850881
2.003506 0.848739
2.002521 0.849918
1.996519 0.850944
1.984249 0.847353
1.983513 0.850729
1.971672 0.846149
1.958025 0.848633
1.951968 0.849015
2.061099 0.847609
2.053498 0.845328
2.059470 0.847317
2.035324 0.845466
2.041380 0.844743
2.040989 0.849314
2.048977 0.845788
2.023218 0.849149
2.024768 0.854299
2.017915 0.848684
1.891280 0.842665
1.944297 0.849641
1.932254 0.847948
1.930714 0.846477
1.918596 0.845892
1.919778 0.847551
1.939857 0.850731
1.933805 0.853178
1.912544 0.848406
1.906642 0.852087
1.914093 0.852704
1.908051 0.858678
1.898884 0.845794
1.900003 0.851672
1.900442 0.853432
1.901996 0.859488
1.915650 0.860053
1.909604 0.864379
1.879168 0.844081
1.886762 0.843829
1.874651 0.845385
1.865510 0.842329
1.868591 0.845044
1.839748 0.844647
1.834212 0.843813
1.853392 0.841504
1.847340 0.843536
1.888311 0.848289
2.759802 0.827471
2.753753 0.831028
2.755292 0.831635
2.741642 0.833021
2.743187 0.835750
2.738096 0.841664
2.735592 0.835833
2.729546 0.840263
2.736759 0.840932
2.731093 0.843942
2.723494 0.842278
2.711368 0.838934
2.703768 0.837273
2.705302 0.836460
2.691647 0.835516
2.684052 0.835530
2.679534 0.836670
2.693191 0.838213
2.670393 0.833408
2.664338 0.834344
2.652227 0.836170
2.665876 0.834878
2.762882 0.830361
2.748214 0.838820
2.744749 0.844720
2.738699 0.848057
2.731215 0.851536
2.734195 0.854103
2.722644 0.847762
2.640128 0.842703
2.632527 0.840501
2.628010 0.842170
2.621051 0.847127
2.641667 0.843260
2.648768 0.847613
2.649273 0.847662
2.635605 0.842084
2.623505 0.847921
2.617453 0.849948
2.615678 0.849576
2.614923 0.850266
2.615445 0.854119
2.609718 0.855762
2.611410 0.855722
2.604712 0.859052
2.609915 0.861284
2.597268 0.866845
2.599336 0.870776
2.599643 0.872315
2.595645 0.875929
2.540153 0.853168
2.538607 0.849738
2.594814 0.870756
2.593474 0.878032
2.589179 0.877897
2.588561 0.881527
2.581195 0.882599
2.576516 0.878468
2.576167 0.882706
2.552223 0.857137
2.553815 0.855955
2.555800 0.865579
2.544669 0.851121
2.546215 0.854401
2.561685 0.873531
2.493131 0.851370
2.499187 0.850556
2.481010 0.849770
2.479471 0.848627
2.526093 0.851384
2.514187 0.853679
2.525283 0.854616
2.520185 0.857685
2.519922 0.862162
2.513934 0.858151
2.507784 0.856465
2.513986 0.863334
2.507451 0.853039
2.494668 0.851525
2.468898 0.851145
2.473467 0.849163
2.455250 0.852935
2.456791 0.854367
2.467074 0.854378
2.460867 0.854938
2.435554 0.858212
2.426362 0.862555
2.417402 0.866384
2.443144 0.856700
2.444686 0.858578
2.432107 0.864111
2.425754 0.866376
2.426534 0.866727
2.418950 0.870494
2.387582 0.855789
2.411292 0.869765
2.412888 0.869158
2.394653 0.863563
2.399229 0.867088
2.406827 0.868268
2.404779 0.869632
2.385991 0.850928
2.376136 0.848050
2.367194 0.841175
2.368789 0.845457
2.359711 0.840978
2.348880 0.835082
2.338479 0.838600
2.336934 0.835834
2.333848 0.842430
2.330220 0.837888
2.332431 0.842291
2.328376 0.847011
2.332453 0.850011
2.330733 0.856828
2.327583 0.855086
2.327630 0.860236
2.321961 0.857002
2.321794 0.861648
2.326426 0.861251
2.321081 0.865081
2.307743 0.854003
2.309024 0.860085
2.310331 0.864981
2.307841 0.864335
2.316105 0.863405
2.315646 0.867398
2.301711 0.854974
2.301873 0.865439
2.314328 0.867746
2.308936 0.870296
2.302223 0.871614
2.296938 0.868900
2.296472 0.872894
2.290726 0.871695
2.284064 0.877281
2.277997 0.874473
2.276452 0.871048
2.284949 0.876050
2.265574 0.867954
1.321831 0.853389
1.325936 0.857368
1.333550 0.864519
1.315358 0.857770
1.309540 0.859588
1.307757 0.855720
1.300162 0.855358
1.295642 0.856266
1.300805 0.856552
1.303250 0.860979
1.288049 0.856772
1.293407 0.857314
1.274405 0.860113
1.262280 0.856867
1.249636 0.855462
1.242537 0.859064
1.263793 0.858310
1.236724 0.855462
1.224390 0.855085
1.210722 0.855052
1.203145 0.856110
1.197098 0.859973
1.189483 0.852829
1.190287 0.857706
1.184987 0.862066
1.198634 0.859805
1.186526 0.862747
1.192455 0.862610
1.151592 0.850881
1.165258 0.855344
1.177373 0.855136
1.172867 0.860699
1.158406 0.855453
1.212277 0.856562
1.199293 0.865655
1.186910 0.864683
1.194140 0.869969
1.188087 0.871452
1.181365 0.866772
1.182024 0.869792
1.143990 0.848159
1.137937 0.850173
1.139488 0.855148
1.131887 0.852750
1.127720 0.857682
1.133443 0.859829
1.132755 0.865759
1.147084 0.855706
1.148638 0.861996
1.134989 0.863143
1.132411 0.864451
1.136540 0.868575
1.134996 0.865939
1.135010 0.870826
1.128778 0.874730
1.124450 0.878048
1.122407 0.874922
1.118901 0.876656
1.117609 0.883738
1.111865 0.885351
1.119314 0.880347
1.111967 0.890646
1.095018 0.890430
1.092273 0.889910
1.106516 0.887874
1.106430 0.892728
1.100266 0.894906
1.066687 0.849663
1.072948 0.858409
1.062177 0.854165
1.039351 0.839215
1.027239 0.840853
1.033298 0.841067
1.054570 0.849896
1.048517 0.851513
1.040897 0.842642
1.044674 0.844969
1.043996 0.851973
1.030331 0.847714
0.975717 0.846373
0.963603 0.847422
1.015130 0.843506
1.009075 0.844418
1.001482 0.845175
1.004565 0.848691
1.003029 0.849046
0.996964 0.846525
0.999175 0.851819
0.998276 0.851369
1.004368 0.860639
0.997468 0.857147
0.997972 0.860777
0.997395 0.862244
1.003153 0.860063
1.005447 0.864785
1.000099 0.868675
0.990371 0.845629
0.984856 0.849422
0.991193 0.849934
0.985902 0.852603
0.991712 0.856162
0.985748 0.857282
0.978798 0.849226
0.972745 0.851094
0.993479 0.865238
0.987978 0.866878
0.994152 0.871568
0.994083 0.871661
1.075862 0.865715
1.072345 0.865987
1.077203 0.874893
1.075445 0.870598
1.073149 0.874712
1.079657 0.882573
1.080195 0.887561
1.086598 0.889801
1.083546 0.890831
1.088146 0.893674
0.956813 0.845156
0.949930 0.840390
0.951483 0.846446
0.949451 0.843112
0.945423 0.845773
0.944079 0.845558
0.937838 0.849213
0.933310 0.847039
0.927985 0.847501
0.920011 0.849548
0.913631 0.845914
0.906005 0.846953
0.913598 0.846647
0.959084 0.848631
0.953034 0.851293
0.893899 0.850883
0.886302 0.850015
0.862075 0.852254
0.869680 0.855904
0.863626 0.857120
0.866590 0.849398
0.849969 0.855477
0.874193 0.852466
0.875740 0.856073
0.871028 0.860681
0.854490 0.855442
0.843216 0.856132
0.844669 0.881739
1.801862 0.844435
1.795801 0.843596
1.783698 0.848160
1.777747 0.852357
1.765550 0.857655
1.758474 0.857868
1.738232 0.853096
1.753799 0.856867
1.753432 0.857135
1.751578 0.856874
1.747156 0.856438
1.745838 0.857403
1.719804 0.841005
1.710439 0.841302
1.712950 0.841956
1.712430 0.841591
1.718487 0.841343
1.728487 0.848538
1.724558 0.845887
1.733701 0.849881
1.821344 0.843914
1.823113 0.845665
1.817054 0.845658
1.809453 0.842933
1.803398 0.844207
1.809156 0.845557
1.791286 0.845930
1.766544 0.856485
1.699376 0.840437
1.697883 0.842103
1.685262 0.842757
1.685129 0.842976
1.692718 0.841185
1.680938 0.842567
1.679343 0.843974
1.679078 0.845570
1.668487 0.848654
1.655435 0.848332
1.662459 0.852636
1.666970 0.848830
1.660918 0.851121
1.660919 0.851370
1.662222 0.859189
1.658884 0.856586
1.653310 0.846120
1.662996 0.850868
1.601776 0.847836
1.633599 0.846116
1.641195 0.846660
1.627540 0.845707
1.642729 0.845897
1.615420 0.844803
1.616956 0.844587
1.622689 0.847265
1.576001 0.845810
1.556281 0.842184
1.562512 0.842559
1.563876 0.842793
1.551219 0.841182
1.543646 0.843691
1.534647 0.842576
1.543851 0.839841
1.532057 0.845428
1.527415 0.850843
1.527627 0.852456
1.526561 0.853930
1.526025 0.854698
1.577537 0.845460
1.515146 0.850593
1.504750 0.845130
1.506299 0.849575
1.513886 0.847289
1.519962 0.853511
1.520138 0.853579
1.521502 0.854602
1.507277 0.849073
1.498693 0.845534
1.494186 0.850612
1.483404 0.855352
1.475672 0.860704
1.469997 0.866405
1.457896 0.871821
1.459448 0.872921
1.451843 0.873617
1.453392 0.878109
1.447339 0.880078
1.442760 0.876722
1.437105 0.882666
1.433702 0.885355
1.439404 0.880992
1.435241 0.886216
1.435160 0.886505
1.412431 0.877191
1.421571 0.880246
1.420030 0.878840
1.426091 0.879902
1.424918 0.884492
1.427645 0.886205
1.429183 0.886927
1.414488 0.878485
1.407392 0.883379
1.408832 0.880313
1.402936 0.886632
1.403697 0.889035
1.402631 0.890991
1.374546 0.877322
1.395831 0.890948
1.389769 0.889638
1.400189 0.888220
1.391500 0.890011
1.390869 0.889632
1.397372 0.892324
1.378830 0.882611
1.381451 0.887281
1.382158 0.883808
1.384926 0.889741
1.362012 0.871548
1.361871 0.876279
1.368482 0.875401
1.362408 0.869936
1.348754 0.869310
1.342695 0.869269
1.342665 0.867935
1.330598 0.859599
1.335031 0.863861
1.336643 0.871262
0.838500 0.860111
0.840500 0.863326
0.838076 0.867457
0.834738 0.873034
0.841281 0.877138
0.793932 0.864051
0.800019 0.874350
0.797784 0.866003
0.792567 0.863453
0.787010 0.865500
0.795530 0.871423
0.793583 0.870819
0.786518 0.869435
0.792414 0.870514
0.805153 0.868667
0.801550 0.872003
0.802132 0.875598
0.803947 0.878996
0.810366 0.889738
0.804849 0.887699
0.805796 0.892647
0.809220 0.898743
0.780302 0.871826
0.781722 0.868173
0.774612 0.874579
0.775267 0.879557
0.773971 0.883523
0.768012 0.881530
0.763715 0.890139
0.757657 0.890401
0.772360 0.891412
0.771311 0.890725
0.759200 0.892652
0.765260 0.893176
0.766805 0.896306
0.751821 0.888725
0.751847 0.893833
0.745537 0.888927
0.745456 0.888931
0.745549 0.893351
0.753137 0.890930
0.733210 0.890458
0.739431 0.894962
0.726733 0.895448
0.751425 0.897947
0.746103 0.905579
0.739381 0.899908
0.740142 0.906696
0.727264 0.901709
0.727968 0.908364
0.727420 0.909547
0.669622 0.869290
0.663568 0.870964
0.678179 0.875419
0.678776 0.877418
0.680690 0.878774
0.675747 0.879516
0.680279 0.882479
0.680327 0.882638
0.686385 0.882377
0.671174 0.874940
0.661433 0.872832
0.664683 0.876374
0.665127 0.878976
0.663011 0.881435
0.674276 0.885025
0.693392 0.885704
0.720644 0.901338
0.713752 0.895291
0.701586 0.891960
0.694265 0.889975
0.694005 0.891359
0.700068 0.893207
0.706669 0.893864
0.706946 0.899555
0.700992 0.898501
0.721361 0.909209
0.707220 0.905249
0.684201 0.883349
0.681881 0.889091
0.670127 0.885452
0.666007 0.884435
0.668221 0.886618
0.667831 0.888581
0.688933 0.892554
0.647720 0.862308
0.650424 0.868260
0.646312 0.867624
0.630177 0.861416
0.636235 0.861288
0.637774 0.862150
0.625651 0.859920
0.618052 0.858094
0.604860 0.852254
0.598169 0.851712
0.598500 0.853377
0.602852 0.854501
0.651093 0.865549
0.659048 0.871745
0.657502 0.868377
0.659757 0.874801
0.659061 0.876253
0.658582 0.877176
0.659841 0.880033
0.657202 0.878555
0.659071 0.879912
0.654550 0.880181
0.660608 0.879996
0.656066 0.882485
0.655093 0.883941
0.652280 0.883058
0.648506 0.884940
0.660619 0.884007
0.660039 0.885542
0.654575 0.888859
0.661424 0.888690
0.656909 0.891204
0.656201 0.891513
0.647933 0.887371
0.645334 0.889180
0.650079 0.892282
0.649988 0.892254
0.651921 0.897028
0.649417 0.897407
0.571024 0.854258
0.577084 0.854991
0.585727 0.852790
0.592277 0.856650
0.578621 0.855598
0.573284 0.853867
0.561637 0.851439
0.557391 0.847061
0.557350 0.847089
0.551365 0.853103
0.558893 0.849462
0.551653 0.848689
0.546781 0.850925
0.545659 0.849740
0.540725 0.851721
0.540233 0.852094
0.539624 0.855754
0.539200 0.855923
0.565977 0.851911
0.525545 0.854935
0.533145 0.856818
0.528628 0.858653
0.522571 0.859388
0.521038 0.860162
0.510473 0.865606
0.508936 0.865472
0.502883 0.867292
0.496828 0.868670
0.504292 0.868562
0.498055 0.869065
0.484536 0.872714
0.479167 0.873982
0.476859 0.875017
0.389201 0.891312
0.383240 0.893024
0.377169 0.888743
0.376410 0.891580
0.370864 0.883539
0.370976 0.888837
0.369619 0.884301
0.365055 0.889468
0.370300 0.892363
0.460878 0.869239
0.465016 0.873816
0.458950 0.871552
0.457405 0.868439
0.457023 0.868884
0.457674 0.875428
0.445288 0.868261
0.449929 0.867447
0.443857 0.868313
0.446838 0.873237
0.472604 0.871606
0.439246 0.873750
0.433530 0.878429
0.433235 0.878556
0.441120 0.876773
0.436992 0.883018
0.434306 0.886044
0.434769 0.889867
0.434785 0.895410
0.428686 0.881212
0.428701 0.886012
0.422633 0.882845
0.422101 0.882603
0.420532 0.884147
0.422641 0.885637
0.429936 0.890797
0.439346 0.898990
0.438352 0.900324
0.424193 0.891385
0.440461 0.900157
0.440903 0.903830
0.439327 0.907591
0.438816 0.907918
0.443952 0.908219
0.444282 0.908416
0.443841 0.913286
0.440528 0.914082
0.440497 0.915304
0.442225 0.917557
0.440150 0.919548
0.445067 0.922233
0.439824 0.928127
0.442153 0.926405
0.441236 0.927069
0.441220 0.932090
0.441035 0.932268
0.434743 0.926987
0.433428 0.928028
0.391421 0.884779
0.403357 0.891816
0.404636 0.896695
0.390876 0.890052
0.396890 0.891959
0.412096 0.898104
0.413220 0.899168
0.384322 0.889829
0.383558 0.893147
0.409016 0.895552
0.416420 0.899532
0.416624 0.900480
0.410563 0.899044
0.412215 0.904639
0.413158 0.905618
0.406489 0.915439
0.421290 0.920397
0.421728 0.920642
0.425857 0.923796
0.411939 0.908210
0.410906 0.913433
0.414114 0.918032
0.413511 0.917692
0.415226 0.918260
0.422283 0.925642
0.421051 0.925211
0.412357 0.923392
0.420665 0.929408
0.843935 0.885574
0.841942 0.888133
0.845025 0.894247
0.841929 0.890974
0.843283 0.896238
0.837052 0.891720
0.831955 0.899871
0.842581 0.898273
0.838653 0.896574
0.837061 0.901819
0.830982 0.902676
0.829844 0.905163
0.812293 0.898817
0.818770 0.904270
0.823819 0.906132
0.811390 0.902163
0.811610 0.904363
0.814649 0.905259
0.320405 0.891293
0.314018 0.896491
0.310621 0.895826
0.332107 0.898660
0.320094 0.900691
0.312859 0.898930
0.267849 0.854240
0.261081 0.853625
0.274528 0.854833
0.276130 0.858470
0.276203 0.861912
0.275890 0.862981
0.283087 0.871443
0.263065 0.853716
0.257038 0.854066
0.269394 0.857123
0.270755 0.861398
0.270554 0.865523
0.272501 0.869620
0.272708 0.869950
0.265901 0.867202
0.266456 0.874002
0.265649 0.874104
0.266999 0.877195
0.262448 0.876570
0.299835 0.879463
0.293784 0.882185
0.273801 0.877990
0.290505 0.876970
0.284364 0.877682
0.290893 0.882923
0.302109 0.883189
0.299056 0.881724
0.301603 0.888344
0.306938 0.891303
0.285512 0.880285
0.285157 0.884544
0.293321 0.883372
0.306401 0.892721
0.279541 0.875353
0.278757 0.884667
0.277944 0.884416
0.273659 0.879957
0.271644 0.880261
0.270985 0.876753
0.271942 0.883859
0.272551 0.887155
0.264958 0.877594
0.264929 0.877712
0.263267 0.882889
0.263192 0.881532
0.266488 0.885688
0.266658 0.886509
0.260436 0.887917
0.279154 0.890643
0.280171 0.882824
0.274091 0.888366
0.275642 0.893636
0.271386 0.884062
0.268653 0.886023
0.269477 0.892942
0.262898 0.885350
0.263747 0.890289
0.261985 0.892516
0.269584 0.893465
0.263536 0.897453
0.277207 0.893356
0.277645 0.898400
0.274126 0.900645
0.279353 0.900550
0.281709 0.896503
0.275298 0.901165
0.275660 0.899737
0.263545 0.900541
0.269607 0.901948
0.262014 0.902676
0.268074 0.903039
0.270869 0.901166
0.242087 0.857215
0.249679 0.855933
0.237575 0.860526
0.230939 0.863526
0.230781 0.868240
0.225028 0.864761
0.224457 0.865929
0.224952 0.869656
0.223436 0.871172
0.225498 0.874490
0.225857 0.876769
0.225505 0.876774
0.238250 0.860422
0.232136 0.861206
0.221041 0.870404
0.222932 0.874998
0.215744 0.878094
0.245215 0.876700
0.245149 0.876759
0.255331 0.892898
0.253427 0.890859
0.246785 0.888628
0.247121 0.891197
0.239406 0.883284
0.236644 0.883139
0.240734 0.891071
0.257178 0.896360
0.258594 0.901241
0.220515 0.880446
0.215867 0.883407
0.213850 0.883885
0.195252 0.890530
0.177086 0.893619
0.183149 0.895012
0.164948 0.886071
0.208949 0.887403
0.203699 0.885113
0.201398 0.888407
0.198715 0.892578
0.194293 0.894564
0.190751 0.897757
0.201533 0.901000
0.199064 0.899350
0.194516 0.898284
0.198257 0.902558
0.191362 0.901562
0.198994 0.907795
0.192317 0.908438
0.194203 0.908510
0.200293 0.907198
0.196366 0.906848
0.193851 0.907486
0.195405 0.913580
0.172562 0.892730
0.184699 0.900006
0.180185 0.902759
0.185390 0.908511
0.183670 0.904997
0.187036 0.911454
0.184363 0.909982
0.187811 0.913818
0.179821 0.910663
0.180209 0.911113
0.180261 0.914355
0.181763 0.917150
0.189362 0.918891
0.183304 0.919271
0.148181 0.871114
0.148953 0.876227
0.140567 0.864256
0.142114 0.868200
0.142897 0.868303
0.134165 0.864502
0.157338 0.880371
0.151275 0.878948
0.122400 0.867246
0.114805 0.866945
0.116648 0.867881
0.112629 0.877923
0.109604 0.876664
0.110614 0.883335
0.110739 0.879228
0.123938 0.867989
0.129995 0.867458
0.118745 0.877720
0.119453 0.881013
0.112494 0.878189
0.111651 0.886900
0.110472 0.892181
0.121017 0.890795
0.104980 0.868899
0.096654 0.870161
0.098180 0.871899
0.102863 0.870948
0.099134 0.874856
0.104253 0.876717
0.105787 0.876218
0.106324 0.877542
0.109403 0.885924
0.106257 0.882623
0.088982 0.876390
0.085987 0.881662
0.083043 0.878617
0.089127 0.886538
0.106356 0.888992
0.102533 0.892030
0.101939 0.893657
0.106944 0.895385
0.101807 0.898387
0.091304 0.889957
0.093646 0.894508
0.093211 0.894759
0.095849 0.899527
0.093369 0.898487
0.107399 0.902914
0.101419 0.902554
0.094921 0.902461
0.089825 0.900368
0.072400 0.868235
0.072068 0.869281
0.066757 0.870912
0.066391 0.871068
0.082254 0.873641
0.077648 0.872327
0.082343 0.883830
0.064818 0.872343
0.064542 0.871887
0.067045 0.875934
0.065885 0.876110
0.062039 0.890985
0.061886 0.891283
0.051379 0.876389
0.034173 0.886343
0.001192 0.882903
0.005205 0.884173
0.001785 0.888412
-0.003327 0.883894
-0.015536 0.885710
-0.004562 0.885629
-0.004858 0.885820
-0.010918 0.885227
-0.011315 0.885670
0.052704 0.873249
0.050261 0.874701
0.050164 0.878492
0.046837 0.880303
0.046669 0.881419
0.040621 0.885148
0.047181 0.886557
0.048622 0.884791
0.049839 0.888688
0.049163 0.891065
0.042811 0.886272
0.042163 0.887467
0.045541 0.889334
0.034563 0.885067
0.036294 0.886132
0.033838 0.891099
0.032931 0.892585
0.029359 0.900193
0.025233 0.900438
0.024032 0.902434
0.023931 0.902515
0.016548 0.903867
0.016436 0.902321
0.010365 0.897897
0.011912 0.901388
0.001372 0.892235
0.003804 0.900713
0.357694 0.892511
0.352401 0.890647
0.348828 0.892518
0.345794 0.895346
0.333251 0.897960
0.327936 0.898792
0.322040 0.897865
0.327117 0.902186
