3.412080 0.814491
3.407546 0.812790
3.398816 0.807786
3.372643 0.801122
3.385951 0.804677
3.387670 0.804571
3.374193 0.803911
3.366587 0.802563
3.360533 0.802722
3.368138 0.804950
3.301392 0.800070
3.348430 0.802322
3.334766 0.802359
3.328779 0.802251
3.336321 0.803704
3.316321 0.803404
3.316604 0.803618
3.310409 0.804828
3.283210 0.808266
3.298432 0.808368
3.290824 0.807410
3.264738 0.822476
3.274193 0.817936
3.268133 0.820438
3.277756 0.811034
3.250389 0.839819
3.256553 0.834417
3.238786 0.847879
3.245564 0.839472
3.226219 0.848739
3.226656 0.845246
3.212021 0.846192
3.213199 0.843750
3.199885 0.838160
3.183933 0.829908
3.172691 0.825117
3.170733 0.824434
3.192347 0.832920
3.178697 0.828652
3.178792 0.828705
3.448177 0.825096
3.454560 0.822551
3.434991 0.828992
3.421758 0.823423
3.419272 0.822230
3.422691 0.821246
3.435460 0.823581
3.430339 0.826113
3.090507 0.812208
3.078403 0.818955
3.157450 0.819187
3.151400 0.818320
3.143806 0.812698
3.134648 0.808544
3.128597 0.808128
3.116487 0.809603
3.124562 0.812379
3.110436 0.809482
3.111985 0.812654
3.098323 0.812083
3.086196 0.819151
3.087976 0.817550
3.082089 0.823165
3.088503 0.821834
3.087959 0.822532
3.080802 0.825275
3.076428 0.824130
3.066540 0.821663
3.070934 0.820470
3.046753 0.822464
3.034651 0.821421
3.027048 0.818678
3.035808 0.820990
3.022550 0.819881
3.007336 0.817461
3.001623 0.815805
3.014946 0.817721
3.008895 0.817258
3.002851 0.814676
2.987792 0.813333
2.989626 0.812325
2.983133 0.815034
2.980568 0.814114
3.061761 0.821433
3.061978 0.821728
3.054289 0.823355
3.047983 0.820030
2.814842 0.819563
2.795121 0.820516
2.796665 0.825538
2.802609 0.822640
2.789062 0.822766
2.784555 0.827442
2.963412 0.816625
2.969469 0.814924
2.971022 0.817137
2.957350 0.819829
2.943682 0.821167
2.937207 0.820594
2.925514 0.824417
2.945237 0.822103
2.933119 0.826340
2.903633 0.852704
2.898777 0.855475
2.887275 0.865220
2.913498 0.835401
2.916020 0.843592
2.916999 0.838792
2.918398 0.838314
2.920997 0.832042
2.909710 0.847061
2.904434 0.849895
2.911232 0.846452
2.893334 0.854913
2.887358 0.856165
2.857310 0.846249
2.881227 0.870934
2.875371 0.872488
2.861295 0.869376
2.881541 0.867102
2.875044 0.862331
2.869646 0.855857
2.867793 0.864843
2.855403 0.854176
2.860121 0.848751
2.860526 0.858021
2.861809 0.852822
2.866365 0.824170
2.860317 0.822867
2.853977 0.822104
2.855304 0.820978
2.868709 0.829366
2.867910 0.828501
2.863379 0.841017
2.865161 0.838930
2.865912 0.834190
2.864668 0.838780
2.858301 0.821942
2.863465 0.830021
2.847940 0.818540
2.842171 0.818964
2.828503 0.820070
2.809945 0.844002
2.809870 0.835050
2.810443 0.839333
2.806567 0.831257
2.807481 0.826494
2.810337 0.823090
2.803429 0.829466
2.798004 0.832158
2.799737 0.840484
2.805795 0.838670
2.786097 0.832925
2.807331 0.846139
2.806593 0.842477
2.808625 0.847882
2.804893 0.844867
2.059924 0.822024
2.023572 0.833809
2.017516 0.835055
2.003860 0.832496
1.999364 0.833345
1.989946 0.826202
1.976556 0.824943
1.973251 0.825194
1.964449 0.825486
1.979659 0.829743
1.944733 0.825423
1.937137 0.820486
1.934174 0.829739
1.940231 0.828338
1.953889 0.830208
1.959951 0.827136
1.925015 0.826142
1.926570 0.827681
1.914451 0.831807
1.906834 0.833483
1.875923 0.840834
1.901956 0.832169
1.894732 0.832934
1.882604 0.840111
1.865319 0.851523
1.872033 0.848388
1.866633 0.850351
1.859732 0.853786
1.853690 0.850216
2.770905 0.822668
2.763620 0.821821
2.751187 0.823268
2.758799 0.822961
2.752743 0.824281
2.738895 0.824625
2.740881 0.829901
2.729105 0.827080
2.725588 0.832014
2.728730 0.826874
2.721741 0.844369
2.710398 0.848452
2.704590 0.854796
2.722442 0.836621
2.692301 0.856388
2.679405 0.856377
2.673973 0.852699
2.651155 0.847162
2.649256 0.845560
2.631915 0.826255
2.645549 0.836982
2.643298 0.832181
2.643882 0.828302
2.636479 0.826551
2.629945 0.826141
2.622332 0.826752
2.608676 0.823987
2.610225 0.827409
2.610582 0.826254
2.664801 0.853069
2.658749 0.852947
2.666354 0.854759
2.660420 0.852675
2.652702 0.850965
2.653293 0.850869
2.602619 0.825565
2.604166 0.829252
2.578399 0.828819
2.590512 0.826205
2.570122 0.826212
2.559768 0.829839
2.552616 0.833170
2.552609 0.835421
2.560232 0.831755
2.592069 0.826887
2.579086 0.828212
2.572698 0.828372
2.472246 0.815494
2.446227 0.817821
2.453784 0.816092
2.441971 0.819573
2.432813 0.815533
2.434354 0.821604
2.428301 0.821831
2.435179 0.822680
2.429856 0.822933
2.532898 0.833851
2.518858 0.827016
2.525051 0.831407
2.540492 0.839223
2.546551 0.837651
2.541102 0.839333
2.548389 0.841559
2.540594 0.837485
2.531986 0.834583
2.513209 0.825255
2.503634 0.821746
2.499558 0.820741
2.485900 0.819051
2.487456 0.820081
2.473802 0.816506
2.421871 0.813675
2.414665 0.812756
2.407054 0.812451
2.400442 0.817607
2.403209 0.816863
2.373462 0.843909
2.379815 0.843272
2.391538 0.835914
2.395939 0.825867
2.391905 0.827769
2.385898 0.833081
2.380192 0.839996
2.373777 0.835442
2.350984 0.825185
2.349445 0.818680
2.343389 0.819767
2.368621 0.836596
2.365512 0.835285
2.358569 0.833484
2.361004 0.833283
2.359886 0.832790
2.360574 0.828770
2.353168 0.830264
2.351102 0.826015
2.346491 0.824944
2.331284 0.819622
2.317615 0.821223
2.323569 0.817355
2.311570 0.818879
2.320724 0.824133
2.260020 0.822732
2.253960 0.825066
2.305413 0.820745
2.307061 0.824168
2.287337 0.826545
2.294941 0.828482
2.288887 0.829176
2.275234 0.825688
2.267263 0.826527
2.261568 0.826352
2.262954 0.827533
2.256966 0.828757
2.248732 0.833325
2.230407 0.835991
2.229622 0.829257
2.229737 0.829297
2.222555 0.827621
2.217665 0.827098
2.196358 0.829160
2.210019 0.829948
2.203971 0.828504
2.205527 0.829506
2.243697 0.841710
2.243504 0.836526
2.243872 0.832850
2.237369 0.837348
2.236891 0.837304
2.237605 0.833325
2.236148 0.832821
2.249459 0.827701
2.231295 0.829834
2.184247 0.830775
2.178130 0.834132
2.191862 0.829725
2.179743 0.834226
2.175228 0.841369
2.165645 0.835207
2.160022 0.835631
2.167633 0.835906
2.147751 0.839019
2.127490 0.834219
2.115173 0.827349
2.134661 0.838498
2.128200 0.835863
2.121744 0.834942
2.106959 0.824943
2.100903 0.826000
2.085698 0.820267
2.080078 0.821232
2.073584 0.823059
2.075141 0.823632
2.050883 0.839339
2.050996 0.838861
2.061474 0.825001
2.055418 0.826017
2.044817 0.843690
2.048535 0.834628
2.037211 0.841829
2.046259 0.843397
2.031161 0.841344
2.032707 0.845324
2.020603 0.845152
2.013000 0.842378
2.012144 0.845210
2.006951 0.841218
1.118822 0.823908
1.107756 0.828732
1.074634 0.830219
1.082248 0.829614
1.071443 0.831324
1.076202 0.827517
1.044719 0.841810
1.062513 0.835991
1.064000 0.837002
1.057662 0.837289
1.058026 0.833785
1.050741 0.836035
1.045065 0.838077
1.030681 0.839201
1.033387 0.842673
1.039374 0.837042
1.039848 0.840103
1.031733 0.836910
1.010982 0.833269
1.020133 0.839599
0.992723 0.840686
1.006466 0.840746
0.980122 0.846132
0.979978 0.841079
0.966436 0.839370
0.953376 0.838783
0.940358 0.838602
0.921552 0.839627
0.929368 0.838975
0.968594 0.840187
0.954943 0.836183
0.909008 0.840918
0.917047 0.843261
0.909935 0.841745
0.901908 0.839199
0.895736 0.839923
0.897330 0.843711
0.898022 0.841336
0.891274 0.844688
0.859557 0.855834
0.882124 0.837829
0.885224 0.844023
0.877607 0.845370
0.878963 0.846705
0.871548 0.847814
0.867463 0.853830
1.784048 0.832316
1.823527 0.833989
1.838663 0.845127
1.831851 0.838943
1.841334 0.848465
1.818977 0.835279
1.819395 0.835472
1.809821 0.830850
1.803771 0.829703
1.791658 0.832573
1.785601 0.834042
1.777987 0.834800
1.765875 0.837285
1.758302 0.831987
1.752399 0.833415
1.753783 0.832944
1.759842 0.831111
1.738577 0.827677
1.746177 0.831376
1.741670 0.835790
1.726465 0.829894
1.729552 0.839928
1.735617 0.835991
1.773483 0.838270
1.767108 0.833567
1.748222 0.834773
1.699666 0.825686
1.712802 0.829698
1.714355 0.831726
1.706758 0.826915
1.700708 0.826170
1.708300 0.832431
1.687674 0.832726
1.693595 0.826673
1.694652 0.827199
1.696201 0.830822
1.688096 0.829175
1.717440 0.842151
1.703784 0.839756
1.697727 0.841402
1.696613 0.834673
1.686022 0.840164
1.677595 0.849470
1.678499 0.845776
1.671930 0.850602
1.664330 0.846781
1.667353 0.847680
1.672672 0.848837
1.683042 0.837510
1.677724 0.840499
1.683148 0.833150
1.677701 0.835812
1.674139 0.841924
1.665377 0.841950
1.664364 0.835819
1.660075 0.835376
1.664371 0.833383
1.656314 0.839692
1.650274 0.840758
1.649143 0.834921
1.655201 0.833205
1.629442 0.830184
1.630998 0.830907
1.658279 0.846356
1.656734 0.841707
1.658852 0.846377
1.652222 0.847782
1.650676 0.843429
1.659578 0.843675
1.644630 0.841700
1.639014 0.839199
1.646357 0.847430
1.640129 0.843900
1.640133 0.842511
1.638523 0.834695
1.623386 0.831192
1.624255 0.830825
1.609729 0.829122
1.598038 0.834335
1.611277 0.832677
1.599166 0.834613
1.533893 0.839847
1.527904 0.837142
1.521870 0.831433
1.508189 0.837015
1.508934 0.837361
1.515200 0.833969
1.508788 0.832333
1.502302 0.836868
1.494532 0.834424
1.502546 0.832877
1.486773 0.834706
1.490036 0.835430
1.483980 0.836585
1.476751 0.837489
1.557694 0.865595
1.556722 0.859392
1.554749 0.848509
1.549137 0.850817
1.543200 0.856713
1.551334 0.865819
1.546900 0.864675
1.586443 0.837760
1.573390 0.837106
1.581002 0.836960
1.547603 0.842824
1.553842 0.841448
1.561282 0.837970
1.548146 0.838771
1.540598 0.840525
1.535065 0.838276
1.450738 0.872635
1.449116 0.871460
1.446795 0.864344
1.447145 0.858391
1.442871 0.868782
1.436293 0.863780
1.423340 0.863621
1.424910 0.870200
1.430551 0.865650
1.470305 0.840174
1.458191 0.843088
1.452385 0.850551
1.446246 0.851357
1.451854 0.844488
1.446463 0.847283
1.414768 0.847528
1.440619 0.853521
1.440946 0.849750
1.435151 0.851487
1.428424 0.855369
1.428847 0.851869
1.417927 0.851320
1.415640 0.847100
1.407944 0.889159
1.407523 0.855915
1.409617 0.861427
1.408172 0.855925
1.414229 0.854889
1.403213 0.861539
1.402122 0.855569
1.413418 0.874374
1.411308 0.870372
1.404604 0.874529
1.404059 0.868428
1.408686 0.879783
1.412792 0.874751
1.411246 0.870414
1.397450 0.872670
1.391529 0.870549
1.391535 0.868583
1.392886 0.855872
1.396069 0.855665
1.389294 0.858831
1.387489 0.861121
1.390007 0.858840
1.397904 0.864547
1.396047 0.864016
1.399352 0.858859
1.396623 0.856513
1.390720 0.862593
1.395835 0.859464
1.384500 0.866251
1.397509 0.834853
1.408956 0.839553
1.405116 0.836362
1.406781 0.839981
1.391464 0.832424
1.384282 0.831634
1.393010 0.836578
1.387026 0.834249
1.378815 0.834211
1.366241 0.835052
1.359412 0.838716
1.353387 0.835155
1.373505 0.832578
1.442138 0.907161
1.458698 0.890509
1.448676 0.898083
1.442468 0.898713
1.448521 0.893041
1.442331 0.893723
1.441632 0.889487
1.435238 0.906775
1.429490 0.901572
1.430350 0.900775
1.429424 0.893686
1.419290 0.900518
1.414582 0.897833
1.423439 0.904179
1.415387 0.892220
1.421746 0.899843
1.417607 0.896185
1.423450 0.897705
1.446144 0.883533
1.438560 0.874942
1.433748 0.883409
1.421533 0.885216
1.420393 0.878086
1.327947 0.840729
1.321053 0.839553
1.308500 0.840444
1.288391 0.831761
1.303588 0.840302
1.295982 0.838151
1.297054 0.839617
1.340875 0.840822
1.347339 0.836209
1.348078 0.833533
1.335295 0.838456
1.322275 0.838115
1.316051 0.838706
1.262152 0.832556
1.282499 0.830565
1.269445 0.830139
1.236390 0.832616
1.229023 0.830198
1.230800 0.832212
1.256572 0.830966
1.244254 0.831718
1.232000 0.833418
1.196706 0.829974
1.217131 0.833656
1.218639 0.832174
1.210544 0.832457
1.206127 0.830100
1.183766 0.828699
1.191285 0.828276
1.164999 0.824062
1.178046 0.827093
1.165091 0.831592
1.171383 0.826521
1.177940 0.822170
1.171678 0.823653
1.165624 0.824021
1.158014 0.823727
1.153508 0.827642
1.138817 0.825637
1.145909 0.823770
1.139093 0.823882
1.126195 0.822920
1.095912 0.829713
0.653399 0.837876
0.609247 0.826752
0.610792 0.831308
0.630509 0.831130
0.618401 0.832288
0.603024 0.828348
0.591075 0.831194
0.606289 0.834473
0.594169 0.839047
0.584199 0.832001
0.586697 0.836292
0.580625 0.837287
0.583586 0.850953
0.585510 0.849478
0.582049 0.843788
0.546330 0.836498
0.572898 0.837485
0.568148 0.838394
0.562208 0.839741
0.568800 0.840132
0.547122 0.839958
0.553420 0.838188
0.548681 0.840049
0.556286 0.841973
0.540297 0.837587
0.533472 0.835381
0.521360 0.837841
0.528587 0.836050
0.535012 0.841722
0.535447 0.841791
0.535025 0.837519
0.535464 0.837194
0.536571 0.841617
0.529778 0.841541
0.529928 0.839618
0.516865 0.838393
0.500999 0.835961
0.509121 0.835714
0.485280 0.836101
0.487992 0.833740
0.489538 0.837830
0.495599 0.834750
0.485151 0.840452
0.485027 0.843400
0.454791 0.827984
0.454569 0.827852
0.448582 0.826683
0.442513 0.831622
0.430850 0.833295
0.466175 0.855432
0.456376 0.854593
0.459239 0.849833
0.477695 0.847151
0.479260 0.846644
0.472282 0.849876
0.456717 0.836617
0.455029 0.845862
0.457702 0.842481
0.459995 0.840391
0.457711 0.839768
0.456943 0.831948
0.456177 0.831551
0.465706 0.849536
0.461930 0.844415
0.466857 0.847538
0.451233 0.836058
0.449777 0.837533
0.450132 0.829337
0.444073 0.831460
0.431965 0.832144
0.412230 0.838000
0.418294 0.834709
0.398229 0.836935
0.394057 0.843183
0.404627 0.835823
0.406182 0.837027
0.399523 0.835690
0.394956 0.838186
0.363736 0.862233
0.381926 0.851689
0.384036 0.849254
0.381058 0.845426
0.386450 0.841825
0.369801 0.858073
0.419844 0.837765
0.371082 0.859666
0.365635 0.862316
0.370998 0.854807
0.365336 0.856896
0.825464 0.830025
0.816947 0.830028
0.810888 0.831980
0.803284 0.829732
0.791171 0.832752
0.830583 0.839314
0.831225 0.838009
0.824538 0.836802
0.828830 0.847374
0.827612 0.851165
0.827294 0.843013
0.826313 0.843843
0.853756 0.862208
0.841926 0.865001
0.835178 0.865625
0.836811 0.859315
0.842441 0.861701
0.855506 0.857529
0.832445 0.855459
0.829161 0.854393
0.818486 0.836438
0.820028 0.842089
0.813972 0.843050
0.801857 0.846672
0.806371 0.839891
0.800318 0.839913
0.795804 0.846736
0.752043 0.896848
0.745896 0.911193
0.748663 0.906120
0.755850 0.889989
0.759042 0.881820
0.750361 0.892365
0.747689 0.897322
0.786657 0.839111
0.779047 0.838739
0.782447 0.841959
0.778868 0.847193
0.788191 0.847424
0.782288 0.851403
0.783677 0.853724
0.772125 0.867921
0.771536 0.865570
0.776057 0.856519
0.775515 0.861068
0.767020 0.872959
0.774890 0.870139
0.773346 0.871155
0.774243 0.865659
0.712644 0.921756
0.712331 0.912849
0.710538 0.917484
0.709417 0.904384
0.710985 0.899485
0.711486 0.891989
0.706329 0.909239
0.706435 0.904614
0.707214 0.897749
0.707892 0.908742
0.729166 0.925338
0.742486 0.919728
0.732530 0.927046
0.731344 0.924373
0.721189 0.924634
0.714216 0.921210
0.724845 0.928870
0.725121 0.924971
0.718624 0.923932
0.709268 0.917472
0.687682 0.870904
0.681364 0.871239
0.717658 0.880432
0.716748 0.875962
0.715132 0.875284
0.716113 0.873245
0.719453 0.879859
0.719422 0.875281
0.720404 0.884079
0.716746 0.884201
0.717006 0.883873
0.701813 0.874085
0.694612 0.872173
0.696717 0.870419
0.695630 0.870207
0.703132 0.873007
0.698239 0.865570
0.682902 0.866015
0.707496 0.890877
0.668441 0.871514
0.652494 0.853788
0.671690 0.865984
0.667438 0.862376
0.666796 0.862167
0.669634 0.861724
0.667283 0.857773
0.666925 0.857517
0.659890 0.856283
0.654813 0.859932
0.654846 0.859983
0.653272 0.854206
0.652161 0.847046
0.651352 0.841446
0.668536 0.857469
0.660874 0.856987
0.655910 0.858182
0.645695 0.842954
0.647047 0.847120
0.639656 0.838749
0.648843 0.856325
0.669620 0.878936
0.590347 0.855256
0.160579 0.843169
0.148471 0.844000
0.134815 0.841572
0.136366 0.844128
0.121167 0.836616
0.131421 0.844224
0.122711 0.841179
0.124262 0.843717
0.116663 0.839749
0.094063 0.828581
0.087805 0.830550
0.107506 0.835226
0.109069 0.834067
0.101461 0.832986
0.089360 0.831941
0.096962 0.834640
0.075691 0.833299
0.069621 0.832684
0.077240 0.836742
0.055971 0.834479
0.057049 0.833534
0.042952 0.830352
0.049920 0.833838
0.022609 0.828626
0.009023 0.862656
0.019616 0.847132
0.020518 0.845993
0.014452 0.851656
0.014522 0.849702
0.009254 0.857471
0.009055 0.852510
0.036670 0.830785
0.025708 0.834902
0.018087 0.837619
0.018926 0.835008
0.014447 0.844868
0.008459 0.846087
0.352360 0.870614
0.357678 0.864084
0.357922 0.863617
0.359773 0.863869
0.353907 0.865416
0.347172 0.869275
0.334997 0.873782
0.327030 0.871808
0.321323 0.877007
0.322075 0.875744
0.335778 0.873263
0.329666 0.874153
0.284893 0.854890
0.272790 0.854477
0.271246 0.849432
0.259135 0.851472
0.267269 0.853247
0.261064 0.853888
0.293952 0.864915
0.302741 0.867992
0.294292 0.861166
0.286771 0.862979
0.281937 0.861981
0.309944 0.875726
0.308402 0.871392
0.274137 0.854366
0.243946 0.840402
0.237895 0.840017
0.251539 0.846696
0.246972 0.850709
0.245493 0.844376
0.254632 0.854447
0.254798 0.854367
0.248684 0.855252
0.246610 0.855310
0.240978 0.851188
0.234930 0.849913
0.233385 0.845063
0.239444 0.843275
0.225780 0.843111
0.212123 0.841188
0.213670 0.844821
0.207618 0.844965
0.209164 0.848769
0.195466 0.860229
0.195465 0.860133
0.183352 0.862538
0.189431 0.854577
0.183374 0.855450
0.199645 0.840235
0.195489 0.852573
0.193943 0.848137
0.197270 0.850651
0.195536 0.846600
0.201453 0.845025
0.193957 0.843825
0.194466 0.843589
0.187888 0.849270
0.182168 0.849807
0.190965 0.862457
0.197032 0.857680
0.192240 0.864071
0.183740 0.863275
0.185090 0.862198
0.171235 0.866630
0.177294 0.864557
0.176383 0.860881
0.170059 0.861202
0.177305 0.860867
0.171253 0.860852
0.164930 0.864665
0.165188 0.864841
0.177319 0.856568
0.175785 0.848583
0.169602 0.855394
0.178022 0.865196
0.178634 0.862169
0.172316 0.867151
0.172805 0.863103
0.163678 0.849254
0.174244 0.842567
0.137910 0.849083
