3.100405 0.667817
3.093360 0.661987
3.088010 0.658794
3.074615 0.662195
3.075902 0.656291
3.069848 0.654958
3.050144 0.651830
3.035686 0.661043
3.035135 0.658093
3.036725 0.655128
3.038034 0.649895
3.045642 0.645882
3.028657 0.665811
3.024329 0.670004
3.031584 0.652803
3.031977 0.649960
3.033532 0.643886
3.027471 0.645414
3.009129 0.672366
3.003480 0.668668
3.010614 0.672294
3.005266 0.665976
3.007163 0.660609
3.004644 0.659223
2.995475 0.653659
3.006177 0.661872
3.009719 0.658023
3.010019 0.649600
2.999850 0.646269
2.994108 0.643893
3.001705 0.644101
2.940048 0.672642
2.939792 0.671917
2.926844 0.677553
2.925689 0.673989
2.933355 0.674404
2.931825 0.670951
2.940710 0.664253
2.934942 0.666455
2.938468 0.658391
2.933940 0.659722
2.934941 0.656202
2.928884 0.656369
2.927339 0.658359
2.941726 0.646272
2.929788 0.650135
2.930423 0.646272
2.986512 0.643386
2.979536 0.640633
2.974396 0.643813
2.968279 0.645008
2.961580 0.645430
2.968146 0.639682
2.961909 0.639292
2.968353 0.638105
2.969020 0.632586
2.963372 0.633157
2.982911 0.636453
2.956215 0.647525
2.948618 0.647385
2.936006 0.650552
2.942576 0.641194
2.949271 0.638801
2.949171 0.633425
2.912418 0.674614
2.905393 0.675618
2.899972 0.681118
2.901892 0.679567
2.899563 0.680066
2.898838 0.675790
2.893803 0.678849
2.893576 0.678606
2.893132 0.674458
2.893663 0.667970
2.889664 0.672554
2.870529 0.653560
2.913185 0.678838
2.913658 0.668545
2.919722 0.666218
2.920404 0.660814
2.911687 0.666637
2.912210 0.661117
2.914533 0.659779
2.921288 0.656017
2.915229 0.656517
2.914832 0.653697
2.911292 0.652523
2.922837 0.651977
2.915811 0.651978
2.909167 0.658141
2.909293 0.657654
2.895506 0.660419
2.895514 0.657418
2.897068 0.652128
2.897237 0.650586
2.922665 0.645722
2.915723 0.646571
2.912339 0.647063
2.909202 0.644545
2.909950 0.639812
2.904870 0.640610
2.888920 0.664963
2.887330 0.663821
2.889444 0.662272
2.889466 0.653822
2.889474 0.650614
2.890051 0.646289
2.889485 0.646153
2.883431 0.644875
2.891024 0.646296
2.878913 0.645036
2.877374 0.644766
2.856082 0.660925
2.852753 0.659965
2.857636 0.655182
2.846134 0.659194
2.850274 0.653658
2.851578 0.655434
2.836546 0.660644
2.843976 0.657197
2.837925 0.654833
2.844581 0.656154
2.842136 0.653140
2.843988 0.652745
2.834003 0.649329
2.801233 0.673815
2.812303 0.661043
2.807338 0.666045
2.809639 0.657839
2.830440 0.651778
2.812153 0.655777
2.818372 0.652974
2.819905 0.650296
2.819765 0.650076
2.789290 0.684222
2.796549 0.684467
2.793937 0.681448
2.798490 0.679086
2.782485 0.681530
2.771130 0.679259
2.765201 0.677876
2.764943 0.672751
2.759751 0.670551
2.772729 0.655885
2.775884 0.651205
2.772794 0.650849
2.774288 0.648417
2.780357 0.643903
2.772677 0.645240
2.774299 0.644099
2.787956 0.643144
2.794020 0.640384
2.796280 0.639515
2.795566 0.638011
2.789511 0.636990
2.797396 0.636757
2.796171 0.635506
2.789666 0.635586
2.775152 0.643934
2.781901 0.642194
2.766667 0.657849
2.760522 0.663638
2.760612 0.657070
2.766967 0.652517
2.761541 0.650714
2.762174 0.648162
2.768233 0.647556
2.762360 0.638149
2.754092 0.663587
2.755245 0.656015
2.748788 0.656014
2.742717 0.655852
2.742428 0.655845
2.749520 0.651027
2.756122 0.645735
2.749439 0.643725
2.746637 0.650693
2.743626 0.642607
2.744218 0.636002
2.763741 0.637248
2.765811 0.635976
2.756417 0.637247
2.812855 0.624482
2.808655 0.625119
2.811334 0.618722
2.810939 0.621395
2.810802 0.621269
2.807788 0.615423
2.762216 0.631945
2.756163 0.629633
2.750110 0.628024
2.749797 0.626420
2.744158 0.630532
2.744446 0.624463
2.801651 0.627026
2.795576 0.634035
2.794773 0.632375
2.791514 0.630478
2.795594 0.627077
2.803193 0.626129
2.799268 0.622905
2.797152 0.619862
2.799974 0.614527
2.798370 0.614959
2.789717 0.624350
2.778315 0.626253
2.783673 0.629200
2.783469 0.623983
2.780458 0.623600
2.783572 0.618244
2.783501 0.618318
2.791095 0.619438
2.785044 0.616971
2.791813 0.615129
2.785327 0.615176
2.781515 0.615255
2.804090 0.610674
2.804103 0.605098
2.791599 0.609928
2.791121 0.609264
2.785095 0.610008
2.763411 0.630744
2.763943 0.629818
2.775874 0.630382
2.769818 0.629473
2.777454 0.623210
2.777432 0.623103
2.765256 0.621962
2.771376 0.622392
2.757698 0.631180
2.757706 0.628328
2.753060 0.628904
2.751474 0.629043
2.777453 0.614712
2.778480 0.610283
2.683524 0.646061
2.677279 0.644164
2.671772 0.644019
2.653040 0.647430
2.659106 0.644057
2.645425 0.644918
2.639234 0.644151
2.619677 0.646454
2.627279 0.644418
2.724309 0.640120
2.710657 0.639348
2.730375 0.637139
2.726725 0.631602
2.730401 0.626935
2.722480 0.640145
2.723431 0.639705
2.716718 0.638439
2.738363 0.634963
2.737997 0.627230
2.730975 0.636567
2.730804 0.629197
2.696999 0.641019
2.698545 0.638314
2.690932 0.644642
2.678813 0.646345
2.166362 0.812820
2.161144 0.818873
2.160856 0.818305
2.159983 0.814293
2.162685 0.817955
2.168759 0.812045
2.170352 0.810391
2.167748 0.811984
2.169115 0.809594
2.174829 0.806790
2.176703 0.805542
2.175605 0.799836
2.174979 0.799516
2.169736 0.797373
2.153958 0.819079
2.141436 0.817537
2.135390 0.812950
2.127787 0.815247
2.129338 0.810780
2.155077 0.822505
2.149025 0.820578
2.142979 0.815860
2.142630 0.815657
2.136938 0.809510
2.136959 0.809361
2.134597 0.803528
2.132449 0.798049
2.121728 0.815658
2.122286 0.812434
2.115695 0.812669
2.115679 0.812499
2.109672 0.806350
2.109574 0.806403
2.124851 0.798583
2.126408 0.791885
2.117248 0.800906
2.111193 0.800157
2.111205 0.795614
2.115682 0.793054
2.116299 0.790217
2.116558 0.784662
2.121192 0.786382
2.120367 0.785664
2.112774 0.783979
2.108263 0.781264
2.107923 0.781407
2.549713 0.695987
2.549739 0.695928
2.553092 0.693474
2.550878 0.691115
2.552075 0.687770
2.542144 0.694749
2.543686 0.694069
2.537638 0.690484
2.538029 0.689039
2.535286 0.688715
2.541216 0.686501
2.538169 0.685179
2.537652 0.684575
2.530033 0.693330
2.531575 0.692561
2.533805 0.685640
2.510320 0.693617
2.517918 0.693435
2.511863 0.692507
2.492133 0.699558
2.498193 0.698707
2.498072 0.698669
2.491695 0.698531
2.504755 0.692707
2.497758 0.693650
2.491921 0.692563
2.484557 0.691326
2.471102 0.695103
2.465520 0.693560
2.459762 0.692334
2.465516 0.688011
2.453982 0.685582
2.449211 0.677076
2.450263 0.669676
2.477191 0.640579
2.461942 0.661839
2.461699 0.657775
2.462743 0.653749
2.474971 0.639678
2.457428 0.660348
2.457518 0.651571
2.453995 0.648424
2.452946 0.646348
2.439857 0.648592
2.433233 0.646490
2.457832 0.645463
2.451416 0.642507
2.444727 0.645794
2.431699 0.644572
2.413057 0.655845
2.400088 0.655934
2.399843 0.655992
2.405905 0.654231
2.411968 0.652070
2.419568 0.651000
2.418732 0.651637
2.386180 0.659610
2.392279 0.658287
2.393792 0.653522
2.368403 0.664061
2.372524 0.659989
2.607564 0.645702
2.595463 0.640081
2.587851 0.646089
2.589406 0.639799
2.554055 0.685112
2.553008 0.673810
2.566592 0.649374
2.560533 0.649803
2.580257 0.644824
2.575738 0.645297
2.561886 0.649761
2.551295 0.689000
2.545244 0.687058
2.550384 0.676232
2.546820 0.672302
2.546238 0.671232
2.544966 0.669998
2.549387 0.664906
2.552909 0.660214
2.549630 0.656467
2.554581 0.651235
2.554471 0.651150
2.549231 0.632618
2.555859 0.629050
2.551544 0.631149
2.550189 0.630928
2.552071 0.627657
2.548049 0.628151
2.551555 0.626960
2.265724 0.736906
2.260007 0.739578
2.261559 0.734573
2.265302 0.733956
2.266710 0.730267
2.261915 0.732909
2.268705 0.726758
2.262781 0.725830
2.269534 0.723286
2.268645 0.721298
2.290503 0.696873
2.271657 0.715041
2.269793 0.713723
2.269781 0.709246
2.269339 0.708970
2.264334 0.711982
2.264168 0.706701
2.263173 0.705276
2.265482 0.691772
2.254740 0.735617
2.247905 0.734193
2.249682 0.731726
2.241484 0.728483
2.241879 0.722453
2.244681 0.725972
2.244263 0.724349
2.243906 0.719386
2.241621 0.720019
2.242963 0.709010
2.237720 0.713343
2.224977 0.724197
2.227126 0.712744
2.236946 0.709153
2.237402 0.706087
2.232035 0.706425
2.231353 0.702722
2.231039 0.702033
2.251029 0.716802
2.251773 0.711366
2.244980 0.713592
2.242082 0.711605
2.251750 0.705830
2.250865 0.701828
2.245424 0.705600
2.246113 0.698830
2.245510 0.694328
2.232878 0.708316
2.240457 0.705816
2.238944 0.705248
2.226175 0.705381
2.227753 0.698748
2.226580 0.693544
2.240493 0.701301
2.236446 0.691284
2.325428 0.689662
2.318109 0.691590
2.308249 0.693863
2.298106 0.694485
2.185600 0.792517
2.189227 0.786060
2.193642 0.772779
2.170367 0.801846
2.170325 0.801480
2.165174 0.794078
2.182461 0.793339
2.183823 0.784199
2.184701 0.778343
2.172238 0.787450
2.172009 0.779593
2.191664 0.767137
2.194226 0.766186
2.187147 0.767000
2.193848 0.761262
2.193220 0.760691
2.197953 0.760044
2.202106 0.752565
2.196748 0.754303
2.198789 0.743367
2.196336 0.746079
2.197060 0.740271
2.202416 0.737377
2.216645 0.738598
2.220862 0.731692
2.216978 0.732441
2.203958 0.736508
2.208040 0.733072
2.208483 0.733661
2.210055 0.721200
2.217643 0.724403
2.215005 0.719810
2.219218 0.710666
2.213165 0.709031
2.220760 0.703576
2.220776 0.703423
2.221441 0.696815
2.210990 0.705277
2.208512 0.699394
2.214108 0.703909
2.214730 0.699038
2.214738 0.696007
2.220210 0.693389
2.213520 0.693797
2.212105 0.694231
2.358840 0.671759
2.360391 0.666977
2.361320 0.666127
2.364919 0.663167
2.351240 0.672524
2.352780 0.672514
2.331514 0.678470
2.339111 0.678405
2.342749 0.672440
2.345188 0.670764
2.346724 0.671791
2.316271 0.686315
2.322092 0.681422
2.326117 0.683328
2.318669 0.685045
2.325367 0.678895
2.313383 0.662390
2.313766 0.660080
2.301284 0.656201
2.295232 0.653917
2.309350 0.650926
2.302830 0.653417
2.296780 0.650452
2.298338 0.643507
2.306612 0.645886
2.304235 0.643013
2.298807 0.641228
2.298347 0.639983
2.304014 0.637837
2.297549 0.637852
2.279950 0.688255
2.279073 0.686530
2.273894 0.687606
2.273603 0.684800
2.279769 0.674201
2.273710 0.679047
2.273924 0.675892
2.252341 0.688122
2.266291 0.689965
2.266894 0.685237
2.264761 0.683226
2.267852 0.681854
2.276062 0.676066
2.289496 0.666436
2.287665 0.666104
2.282770 0.663369
2.275660 0.670413
2.283671 0.650659
2.284676 0.646208
2.290733 0.646335
2.280914 0.648488
2.292075 0.641701
2.291566 0.637014
2.290757 0.636982
2.285108 0.642581
2.279635 0.640879
2.278632 0.640852
2.284690 0.640761
2.264983 0.638914
2.260010 0.643339
2.266515 0.641903
2.232927 0.689536
2.233212 0.687686
2.240421 0.686360
2.240273 0.686135
2.235132 0.684317
2.240834 0.680078
2.234706 0.679496
2.234493 0.679180
2.226862 0.692168
2.220814 0.688452
2.228087 0.685340
2.221136 0.686203
2.221175 0.680583
2.228440 0.677472
2.222394 0.672591
2.214723 0.680572
2.214778 0.680257
2.232142 0.682331
2.231908 0.676693
2.229986 0.674713
2.223940 0.670356
2.230003 0.667911
2.233795 0.665726
2.231560 0.661127
2.232258 0.659969
2.237631 0.655700
2.245236 0.652592
2.251308 0.646948
2.239177 0.653178
2.100679 0.775704
2.088569 0.773956
2.076458 0.772693
2.084062 0.769832
2.049230 0.776836
2.068860 0.772992
2.064336 0.775375
2.050679 0.775962
2.030759 0.817986
2.033276 0.806188
2.024708 0.816010
2.025746 0.806298
2.026282 0.802379
2.027841 0.794903
2.033900 0.794036
2.039273 0.792825
2.016751 0.812739
2.019949 0.799582
2.015736 0.790809
1.979363 0.819480
1.987527 0.810920
2.006569 0.802485
1.996450 0.804780
2.000519 0.799755
2.000539 0.799645
2.002073 0.794162
1.994445 0.806425
1.994979 0.803617
1.988795 0.803138
1.995317 0.797463
1.981760 0.804146
1.982951 0.796498
1.997565 0.789905
1.985457 0.787224
1.983912 0.789438
2.035455 0.787733
2.037008 0.782611
2.017291 0.784915
2.023348 0.784723
2.024907 0.777407
2.018852 0.776413
2.005174 0.785549
1.918197 0.812825
1.909531 0.809757
1.905924 0.805806
1.900626 0.799611
1.967114 0.814854
1.974036 0.811931
1.968673 0.807126
1.958947 0.820273
1.947401 0.815591
1.955011 0.809962
1.956562 0.805590
1.950497 0.808529
1.976287 0.800766
1.978733 0.794253
1.964168 0.802216
1.935300 0.809654
1.930644 0.805795
1.942896 0.810350
1.937499 0.808070
1.923168 0.816261
1.924641 0.810675
1.922654 0.811434
1.930616 0.814388
1.922520 0.816024
1.917126 0.810735
1.916522 0.809731
1.930770 0.814448
1.931765 0.806824
1.925218 0.807872
1.930800 0.802694
1.926596 0.799745
1.923191 0.807480
1.921348 0.804704
1.924745 0.801814
1.918691 0.800426
1.923718 0.798450
1.917460 0.798669
1.917160 0.806949
1.912937 0.803723
1.910771 0.804060
1.916195 0.795626
1.911326 0.797526
1.905004 0.797287
1.905817 0.791725
1.907006 0.788222
1.899008 0.789347
1.886908 0.783880
1.880848 0.784255
1.868748 0.778447
1.862093 0.775444
1.612416 0.809794
1.825238 0.805075
1.855098 0.776940
1.849043 0.775889
1.832444 0.791853
1.832376 0.794541
1.836897 0.788090
1.842723 0.776079
1.811469 0.811951
1.801942 0.807681
1.800403 0.807314
1.813619 0.806456
1.789833 0.805123
1.788290 0.806401
1.781406 0.804419
1.776192 0.799793
1.783782 0.802522
1.777736 0.798089
1.775406 0.798059
1.762841 0.797439
1.769005 0.801420
1.764082 0.798358
1.758028 0.796897
1.756765 0.796767
1.753067 0.793979
1.754517 0.791446
1.750058 0.788029
1.749795 0.779536
1.745971 0.774460
1.739920 0.771576
1.741470 0.767776
1.743042 0.764650
1.856652 0.771318
1.847908 0.773801
1.706542 0.776298
1.692871 0.782825
1.680751 0.785119
1.674698 0.783062
1.681887 0.781055
1.676406 0.779362
1.682305 0.779200
1.726263 0.772904
1.733863 0.771663
1.735416 0.766370
1.729365 0.763744
1.708097 0.770418
1.721760 0.766951
1.709646 0.766650
1.717256 0.761243
1.703061 0.774266
1.689916 0.773638
1.683868 0.769982
1.645812 0.798265
1.647368 0.791583
1.641303 0.794326
1.667097 0.785213
1.662576 0.786114
1.661033 0.787372
1.656526 0.783122
1.670187 0.780465
1.644417 0.780810
1.650476 0.780309
1.626085 0.804324
1.627633 0.800727
1.615506 0.805647
1.621565 0.804570
1.636797 0.790106
3.438088 0.658996
3.430625 0.651506
3.424571 0.650094
3.425919 0.652122
3.431667 0.647797
3.425594 0.647122
3.412881 0.657915
3.418518 0.648473
3.411585 0.649053
3.419652 0.651792
3.399084 0.659439
3.406092 0.652908
3.399344 0.647857
3.392714 0.662286
3.392127 0.660308
3.392725 0.657690
3.394052 0.651388
3.387108 0.652232
3.394096 0.645737
3.387399 0.646153
3.475020 0.667732
3.469517 0.666066
3.474531 0.665567
3.468599 0.662330
3.468481 0.662267
3.456749 0.665811
3.462420 0.663742
3.444258 0.660214
3.451654 0.654763
3.450452 0.654391
3.444277 0.652673
3.450414 0.648908
3.450344 0.648804
3.434131 0.652724
3.434118 0.647130
3.432753 0.651471
3.432606 0.646152
3.432182 0.644497
3.426123 0.645592
3.406939 0.634748
3.392760 0.644481
3.400872 0.634057
3.397158 0.634546
3.358110 0.685611
3.372048 0.672678
3.379942 0.659036
3.372523 0.666278
3.365373 0.674654
3.364631 0.674349
3.357978 0.674691
3.364635 0.667365
3.365674 0.661398
3.366959 0.656429
3.359775 0.660418
3.360904 0.655665
3.325956 0.672256
3.352000 0.679427
3.345779 0.679016
3.346128 0.672830
3.352461 0.667478
3.353094 0.660806
3.346745 0.660616
3.342397 0.662083
3.334127 0.671253
3.327502 0.669699
3.340081 0.666543
3.333032 0.667575
3.313848 0.669633
3.296053 0.673640
3.300191 0.670897
3.301734 0.669352
3.323028 0.652742
3.292586 0.674101
3.286531 0.672836
3.280489 0.666936
3.288075 0.670960
3.295682 0.667237
3.282877 0.666516
3.281748 0.660794
3.290641 0.664553
3.290116 0.658015
3.283408 0.658113
3.380629 0.650625
3.380643 0.645161
3.373816 0.652883
3.372866 0.648678
3.373039 0.647772
3.373435 0.645844
3.358186 0.652549
3.356070 0.655197
3.360915 0.651632
3.353033 0.655359
3.346220 0.655990
3.337444 0.655927
3.325260 0.651613
3.322545 0.652199
3.321345 0.651163
3.323035 0.649796
3.274957 0.648842
3.281788 0.652322
3.277556 0.649328
3.282247 0.643914
3.278530 0.644554
3.273064 0.639008
3.280069 0.636315
3.382010 0.644295
3.259399 0.642953
3.260467 0.636705
3.251814 0.638367
3.260961 0.634341
3.241246 0.635380
3.239594 0.633753
3.228078 0.632186
3.214233 0.632922
3.189515 0.671803
3.190230 0.668854
3.183335 0.660894
3.184954 0.655508
3.184976 0.652605
3.191141 0.647740
3.207877 0.636352
3.200373 0.645919
3.193911 0.645708
3.194254 0.645110
3.195757 0.638621
3.172891 0.668081
3.178955 0.665378
3.166845 0.663566
3.153187 0.665150
3.151642 0.667520
3.160305 0.663833
3.177707 0.662611
3.180228 0.658186
3.179317 0.657556
3.165310 0.662069
3.137978 0.671287
3.137677 0.666945
3.140064 0.664354
3.133460 0.671122
3.113740 0.674289
3.107692 0.670568
3.101634 0.670595
3.097424 0.665156
3.089546 0.660178
3.083496 0.657458
1.447269 0.792854
1.427529 0.803995
1.429142 0.802292
1.427195 0.802700
1.433602 0.798115
1.433466 0.797473
1.428915 0.799705
1.434652 0.794456
1.421469 0.805373
1.420328 0.803418
1.428862 0.799393
1.393762 0.810265
1.401761 0.803480
1.409360 0.802710
1.388083 0.812821
1.408304 0.801853
1.380480 0.815463
1.374282 0.816011
1.372882 0.815665
1.360406 0.812151
1.368370 0.813476
1.362307 0.815575
1.348657 0.814227
1.341063 0.812881
1.329748 0.816346
1.342596 0.815283
1.382022 0.814413
1.321343 0.816178
1.315291 0.813767
1.322882 0.816193
1.324436 0.810492
1.318391 0.805517
1.312361 0.794601
1.306768 0.788421
1.292972 0.783579
1.294234 0.777436
1.288179 0.776253
1.282137 0.770343
1.301825 0.779473
1.295775 0.776484
1.283815 0.771435
1.276079 0.770380
1.271553 0.764720
1.270037 0.764664
1.262908 0.755381
1.259456 0.752147
1.259722 0.757264
1.233745 0.743936
1.227302 0.740790
1.253173 0.745755
1.241342 0.744001
1.229179 0.743079
1.222291 0.749406
1.222388 0.743653
1.221637 0.741380
1.215147 0.739450
1.216209 0.737592
1.222518 0.732285
1.216636 0.731277
1.221663 0.731281
1.209041 0.733274
1.209550 0.730642
1.195892 0.731813
1.189838 0.730660
1.216609 0.725763
1.209566 0.724182
1.202776 0.727382
1.197452 0.723802
1.203434 0.720670
1.202757 0.720433
1.187486 0.727130
1.183799 0.723020
1.191678 0.719130
1.191349 0.719199
1.198196 0.712962
1.191369 0.713617
1.221999 0.736552
1.225374 0.731340
1.223542 0.719957
1.224176 0.712700
1.226998 0.714603
1.219367 0.709807
1.218745 0.707579
1.212706 0.700316
1.210103 0.701443
1.199008 0.717353
1.196526 0.716805
1.193192 0.715977
1.199146 0.708642
1.193931 0.709119
1.194519 0.706230
1.191542 0.707771
1.200610 0.693143
1.190071 0.678761
1.196250 0.680176
1.191631 0.670603
1.184039 0.668604
1.185579 0.668290
1.181682 0.661688
1.183458 0.656310
1.181142 0.653080
1.590641 0.832778
1.583496 0.837901
1.577558 0.833073
1.578278 0.826252
1.598746 0.815994
1.594247 0.808416
1.585644 0.819095
1.586353 0.812293
1.588197 0.805649
1.579890 0.805413
1.580862 0.797034
1.576118 0.791598
1.568880 0.798543
1.568549 0.798419
1.554026 0.791220
1.563994 0.795127
1.564091 0.794900
1.556667 0.796593
1.563146 0.791001
1.601850 0.805925
1.607909 0.805238
1.595792 0.806391
1.577659 0.790872
1.585737 0.785384
1.579153 0.785602
1.571605 0.789450
1.572383 0.786139
1.565544 0.790830
1.573143 0.779244
1.567386 0.778037
1.542736 0.798267
1.530984 0.790776
1.550345 0.793284
1.544298 0.789294
1.553111 0.793810
1.545826 0.793551
1.546357 0.792060
1.545841 0.787769
1.545842 0.787270
1.538246 0.787323
1.532202 0.782047
1.542933 0.781435
1.539806 0.778782
1.510916 0.795346
1.506493 0.794156
1.506371 0.794198
1.500342 0.794809
1.500008 0.794033
1.504863 0.793762
1.514010 0.789633
1.520075 0.786533
1.523727 0.784828
1.525477 0.783545
1.522485 0.779072
1.526149 0.780127
1.527699 0.775921
1.541481 0.778161
1.497790 0.787551
1.488272 0.777384
1.486726 0.779836
1.480667 0.780461
1.495037 0.778769
1.483760 0.774808
1.468507 0.781519
1.459264 0.783259
1.470103 0.775850
1.462864 0.780096
1.464049 0.774676
1.448811 0.791826
1.449823 0.785888
1.454882 0.786779
1.442749 0.793915
1.175055 0.648396
1.136880 0.653775
1.128876 0.654123
1.059461 0.712599
1.060746 0.704261
1.074991 0.688962
1.071864 0.691313
1.066733 0.688981
1.073778 0.687961
1.082841 0.675806
1.080578 0.676228
1.083834 0.670339
1.080448 0.670907
1.074870 0.682317
1.072819 0.683118
1.066210 0.684343
1.112422 0.662293
1.101747 0.661957
1.115224 0.659742
1.115892 0.659353
1.114896 0.655991
1.115917 0.649543
1.101587 0.656687
1.081580 0.680057
1.083438 0.667401
1.094619 0.663138
1.096171 0.662826
1.088575 0.662634
1.088865 0.661897
1.088659 0.659540
1.095147 0.656652
1.092917 0.654432
1.090146 0.650329
1.090152 0.648027
1.087644 0.653820
1.085071 0.656415
1.169012 0.643134
1.162960 0.640753
1.157140 0.638753
1.162431 0.635222
1.156328 0.633489
1.141692 0.647549
1.148487 0.642591
1.150099 0.639761
1.151306 0.635803
1.109873 0.644153
1.116685 0.641728
1.110572 0.641122
1.117022 0.635583
1.111087 0.634658
1.097765 0.641711
1.105495 0.638715
1.105902 0.632432
1.099318 0.636644
1.100315 0.630928
1.105391 0.630479
1.099957 0.625966
1.080343 0.641791
1.077577 0.635891
1.091171 0.640161
1.085652 0.640901
1.093259 0.637090
1.085691 0.625634
1.087307 0.625502
1.081569 0.639050
1.078490 0.633094
1.081173 0.625873
1.079635 0.625100
1.073567 0.629484
1.074205 0.625826
1.071472 0.626687
1.073580 0.624268
1.049782 0.719957
1.042845 0.720739
1.048905 0.720081
1.056511 0.716297
1.058064 0.710753
1.050451 0.717322
1.051052 0.717200
1.057756 0.701041
1.058577 0.697522
1.058836 0.691514
1.058825 0.684387
1.053592 0.693261
1.046302 0.688512
1.050582 0.683420
1.035808 0.720176
1.031645 0.712248
1.038333 0.718205
1.035125 0.715359
1.027127 0.701621
1.026262 0.701295
1.021756 0.696252
1.020212 0.698153
1.012615 0.698495
1.001363 0.695928
1.001290 0.690496
1.008520 0.700296
1.007528 0.696441
1.002042 0.697629
0.996078 0.688314
1.055145 0.687554
1.060851 0.687980
1.048010 0.687851
1.055149 0.686038
1.054300 0.682572
0.981649 0.675581
0.982786 0.670132
0.983168 0.661690
0.990369 0.656957
0.962474 0.659294
0.961282 0.657513
1.053621 0.681719
1.032203 0.642665
0.984890 0.659019
0.984785 0.653403
0.987062 0.653095
0.993126 0.650666
0.995504 0.649064
0.994674 0.647328
0.996557 0.646295
0.994682 0.644368
0.988616 0.647817
0.988630 0.642194
0.984201 0.633672
0.976554 0.632756
0.964426 0.632363
0.962884 0.633140
0.876396 0.650294
0.864279 0.651429
0.857143 0.649443
0.852279 0.652210
0.955298 0.658333
0.954325 0.658360
0.948774 0.658447
0.956128 0.651317
0.916991 0.662658
0.913715 0.663281
0.914393 0.656778
0.919744 0.665695
0.920692 0.654605
0.907824 0.667841
0.902685 0.665552
0.900814 0.660770
0.923910 0.652106
0.929494 0.642496
0.921571 0.649127
0.921881 0.648957
0.948392 0.635293
0.950768 0.634044
0.956831 0.631385
0.943034 0.637387
0.943160 0.638064
0.937398 0.644620
0.896094 0.656051
0.883990 0.651411
0.872207 0.651254
0.817232 0.661519
0.811178 0.660334
0.785882 0.681493
0.784173 0.684198
0.808484 0.655999
0.768768 0.696111
0.774647 0.693914
0.762855 0.695159
0.754928 0.696836
0.756474 0.693849
0.770589 0.691094
0.768897 0.690330
0.761480 0.690023
0.782255 0.689625
0.782100 0.689823
0.782273 0.682506
0.783821 0.679074
0.771723 0.672372
0.765669 0.671052
0.758057 0.677015
0.767217 0.667791
0.748876 0.694548
0.750427 0.690093
0.744381 0.685711
0.745191 0.681037
0.739337 0.681852
0.744145 0.677322
0.750456 0.678554
0.744405 0.676115
0.750748 0.685907
0.749994 0.680211
0.752699 0.674929
0.752249 0.672011
0.753554 0.671032
0.840695 0.665164
0.838025 0.665686
0.831682 0.665487
0.838033 0.660093
0.830765 0.661508
0.841813 0.659685
0.824829 0.661208
0.824850 0.653089
0.805917 0.652804
0.800685 0.646600
0.802209 0.643873
0.800502 0.640991
0.795259 0.633577
0.794758 0.631846
0.792112 0.625944
0.784064 0.623246
0.775368 0.621310
0.771990 0.607581
0.777470 0.610181
0.773534 0.605499
0.765939 0.604718
0.759882 0.604809
0.753837 0.600079
0.749328 0.596368
0.743275 0.594554
0.741733 0.595917
0.691294 0.689069
0.594912 0.633841
0.582956 0.632155
0.576314 0.626920
0.570826 0.625213
0.563878 0.626073
0.570315 0.623185
0.550601 0.623705
0.538838 0.630261
0.525608 0.632287
0.530876 0.628814
0.525896 0.629458
0.705540 0.677070
0.692850 0.682722
0.698914 0.680445
0.699763 0.675864
0.680748 0.677757
0.687254 0.675150
0.682305 0.670556
0.688364 0.670291
0.683301 0.665213
0.700759 0.663005
0.692504 0.659634
0.690926 0.657620
0.691020 0.651871
0.684839 0.651393
0.685439 0.649141
0.715933 0.607547
0.685463 0.639874
0.682074 0.633169
0.683803 0.624893
0.702269 0.611538
0.693117 0.617727
0.687614 0.618698
0.685453 0.619495
0.670021 0.665505
0.666023 0.667916
0.664158 0.660811
0.656568 0.658437
0.644465 0.653695
0.652070 0.650382
0.638415 0.650995
0.680260 0.627376
0.632372 0.645076
0.620272 0.639168
0.615757 0.638460
0.608166 0.635914
0.609712 0.633584
0.583945 0.632745
0.577893 0.630729
0.724136 0.604152
0.727478 0.600069
0.497493 0.635456
0.511156 0.632016
0.517212 0.632509
0.512697 0.631477
0.505088 0.635647
0.498056 0.631969
0.506634 0.633643
0.491432 0.636438
0.486921 0.634005
0.492977 0.634393
0.471720 0.636604
0.428086 0.626378
0.415687 0.627191
0.459606 0.636257
0.453552 0.634683
0.461147 0.635894
0.447507 0.630236
0.435386 0.632589
0.355586 0.656774
0.367056 0.655317
0.348905 0.646831
0.336630 0.639326
0.330669 0.638455
0.305480 0.642915
0.324065 0.633152
0.318671 0.631283
0.306533 0.634958
0.312415 0.625365
0.306596 0.624246
0.305770 0.620146
0.390525 0.645078
0.394768 0.639983
0.402337 0.637361
0.408084 0.629725
0.395940 0.641145
0.374657 0.653299
0.379915 0.653822
0.337014 0.644223
0.330933 0.643571
0.246033 0.650781
0.245817 0.650543
0.251877 0.649819
0.235543 0.658439
0.236228 0.652925
0.218859 0.664265
0.230592 0.663120
0.229912 0.661968
0.232141 0.659398
0.217865 0.660430
0.218050 0.654553
0.189673 0.675702
0.203265 0.670085
0.204812 0.666989
0.204819 0.664431
0.191136 0.675493
0.197198 0.674021
0.196667 0.670886
0.198527 0.665929
0.198938 0.665213
0.202320 0.660348
0.179022 0.675157
0.177559 0.674283
0.170461 0.679188
0.171434 0.671692
0.206359 0.664232
0.205807 0.658924
0.158957 0.684085
0.151748 0.685381
0.158394 0.679480
0.158446 0.673825
0.152263 0.673342
0.148988 0.671108
0.158271 0.668582
0.147875 0.665378
0.151956 0.657383
0.155325 0.649313
0.299931 0.635764
0.285269 0.639701
0.292395 0.643205
0.286096 0.642932
0.292434 0.637558
0.294999 0.625855
0.285434 0.632946
0.278723 0.638946
0.277089 0.637838
0.278559 0.633682
0.273600 0.631839
0.273175 0.631442
0.275586 0.629202
0.272481 0.623237
0.267368 0.625086
0.261081 0.623265
0.269218 0.621870
0.262630 0.619811
0.284205 0.619010
0.268688 0.619848
0.255349 0.646676
0.255837 0.643850
0.257527 0.638447
0.254142 0.632466
0.252554 0.629406
0.253463 0.632047
0.256571 0.620360
0.247410 0.629597
0.243216 0.625605
0.248956 0.627255
0.244696 0.622894
0.218641 0.647961
0.248973 0.620372
0.205973 0.647520
0.199377 0.647764
0.200162 0.640828
0.201936 0.627566
0.194316 0.636291
0.194653 0.633598
0.195877 0.627449
0.203269 0.626745
0.202932 0.624834
0.202919 0.619303
0.196381 0.624995
0.197442 0.617720
0.203527 0.612679
0.197321 0.612231
0.190340 0.625225
0.189828 0.624392
0.185363 0.619063
0.191386 0.617143
0.191463 0.616734
0.153033 0.646320
0.153239 0.637863
0.155942 0.633533
0.153600 0.632317
0.156982 0.626144
0.157996 0.626483
0.159786 0.624556
0.158478 0.623515
0.158009 0.621350
0.153389 0.629413
0.151952 0.621025
0.138292 0.623335
0.139831 0.623824
0.145886 0.624346
0.089669 0.664387
0.090218 0.658851
0.097144 0.656968
0.097577 0.650640
0.090830 0.645576
0.083570 0.664421
0.083193 0.658765
0.083859 0.646477
0.078570 0.657503
0.071190 0.651605
0.077318 0.646626
0.064201 0.658100
0.058271 0.657182
0.058516 0.651182
0.063891 0.651368
0.100365 0.640388
0.118573 0.626221
0.105917 0.638131
0.112704 0.630073
0.126171 0.625831
0.118490 0.628256
0.045722 0.650029
0.051683 0.646276
0.040840 0.639226
0.053302 0.649030
0.053234 0.648986
0.047276 0.644009
0.039238 0.633463
0.041260 0.628169
0.047244 0.628619
0.042810 0.624067
0.038231 0.624852
0.035217 0.622585
0.038814 0.622042
0.034933 0.621597
0.029153 0.624640
0.021551 0.626973
0.015496 0.626224
0.016280 0.622304
