0.907535 0.126670
0.907572 0.125179
0.847183 0.525233
0.849432 0.524043
0.778090 0.525074
0.780339 0.523882
0.674800 0.526348
0.677050 0.525155
0.599349 0.524176
0.601597 0.523004
0.406340 0.523490
0.191152 0.525241
0.193401 0.524033
0.055216 0.523714
-0.013877 0.523554
-0.166331 0.523441
-0.263961 0.523703
-0.261711 0.522509
-0.373609 0.522963
-0.371360 0.521791
-0.497177 0.523949
-0.566619 0.522277
-0.767940 0.328875
-0.766659 0.324472
-0.766530 0.324050
-0.781847 0.246799
-0.783097 0.250961
-0.786514 0.215670
-0.787491 0.211438
-0.787826 0.213229
0.882079 0.526823
0.878899 0.525817
0.884328 0.525636
0.881149 0.524641
0.841523 0.526245
0.737534 0.524495
0.682710 0.524128
0.565151 0.525608
0.567401 0.524437
0.501720 0.524441
0.503969 0.523241
0.392421 0.525211
0.394669 0.524035
0.274512 0.525184
0.276762 0.523992
0.185491 0.526246
0.182312 0.525241
0.187740 0.525067
0.130667 0.525878
0.127488 0.524874
-0.007518 0.525560
-0.010697 0.524556
-0.005269 0.524386
-0.125775 0.524020
-0.123526 0.522830
-0.229065 0.525294
-0.232244 0.524287
-0.226816 0.524103
-0.229995 0.523106
-0.324446 0.524348
-0.428434 0.522596
-0.574528 0.524502
-0.572279 0.523301
-0.799486 0.341776
-0.804245 0.339826
-0.806874 0.298858
-0.809675 0.302216
0.908050 0.125215
0.908429 0.099155
0.907792 0.092970
0.751803 0.524288
0.689069 0.526136
0.685890 0.525131
0.691318 0.524956
0.579420 0.525401
0.576241 0.524400
0.420957 0.524797
0.329337 0.525556
0.326158 0.524547
0.331587 0.524353
0.328407 0.523356
0.260245 0.525398
0.262493 0.524193
0.156955 0.526672
0.153775 0.525663
0.159204 0.525466
0.156024 0.524468
0.026679 0.524127
0.028928 0.522953
-0.194868 0.523862
-0.192618 0.522669
-0.269621 0.524715
-0.414165 0.522391
-0.545992 0.524078
-0.543742 0.522902
-0.635362 0.523630
-0.665801 0.359852
-0.666935 0.372593
-0.668666 0.366603
-0.666427 0.356365
-0.666519 0.359920
-0.666932 0.353662
-0.668016 0.347446
-0.668860 0.341100
-0.669443 0.334615
-0.670486 0.328378
-0.672350 0.322585
-0.674638 0.310219
-0.673320 0.335161
-0.671793 0.328576
-0.674744 0.322806
-0.675043 0.316560
-0.674767 0.310217
-0.677408 0.304393
-0.684272 0.293026
-0.682333 0.266770
-0.681752 0.268154
-0.681609 0.266378
-0.682532 0.266720
-0.686831 0.261192
-0.687488 0.235550
-0.686573 0.236351
-0.687425 0.235311
-0.690416 0.229549
-0.693271 0.223761
-0.694791 0.217733
-0.696569 0.211753
-0.674814 0.504099
-0.673888 0.503595
-0.674706 0.502791
-0.683965 0.486712
-0.671710 0.504833
-0.690934 0.436781
-0.687491 0.425572
-0.688625 0.429265
-0.709611 0.307962
-0.708907 0.304892
-0.708422 0.302181
-0.729460 0.193575
-0.728115 0.195061
-0.741675 0.125419
-0.741740 0.125381
-0.751212 0.108185
0.906240 0.228710
0.904643 0.222696
0.903757 0.216555
0.903713 0.190575
0.902654 0.178453
0.903206 0.184363
0.798718 0.526878
0.795538 0.525869
0.800967 0.525676
0.797787 0.524679
0.648513 0.525560
0.447244 0.525581
0.449494 0.524394
0.343605 0.525342
0.345854 0.524152
0.179132 0.524238
0.144586 0.524159
0.102131 0.526299
0.098951 0.525291
0.104379 0.525104
0.101200 0.524108
0.015590 0.525346
0.021018 0.525146
0.017838 0.524147
-0.090880 0.525611
-0.094059 0.524605
-0.088631 0.524424
-0.091810 0.523428
-0.174241 0.525666
-0.177420 0.524658
-0.171991 0.524463
-0.175171 0.523466
-0.338713 0.524555
-0.341893 0.523551
-0.402146 0.523387
-0.399897 0.522188
-0.511794 0.522645
-0.509546 0.521469
-0.621443 0.521912
-0.674629 0.258207
-0.673663 0.251733
-0.675605 0.245786
-0.701618 0.103193
-0.705209 0.511014
-0.702691 0.516081
-0.698284 0.508617
-0.701027 0.509469
-0.705740 0.504020
-0.706676 0.477411
-0.705615 0.471756
-0.711092 0.473478
-0.713483 0.467608
-0.708443 0.459671
-0.713874 0.461384
-0.705765 0.470423
-0.707892 0.461209
-0.707739 0.465790
-0.733086 0.319356
-0.755190 0.199292
-0.756364 0.196711
-0.786448 0.336241
-0.793514 0.294723
0.912358 0.524517
0.912480 0.518199
0.911051 0.512160
0.908076 0.506396
0.906838 0.474385
0.908020 0.499312
0.907760 0.493054
0.907322 0.486832
0.906839 0.480621
0.906808 0.473473
0.906841 0.474325
0.906248 0.467901
0.905662 0.461419
0.907262 0.473470
0.906404 0.467318
0.905568 0.457170
0.905820 0.461117
0.906007 0.454458
0.850362 0.526242
0.855791 0.526039
0.852612 0.525040
0.792359 0.524863
0.794608 0.523684
0.585081 0.524386
0.587329 0.523201
0.432627 0.524283
0.434877 0.523081
0.337596 0.524843
0.288781 0.524972
0.291030 0.523793
0.095771 0.524286
0.098021 0.523114
-0.036055 0.525983
-0.039234 0.524974
-0.033806 0.524785
-0.036985 0.523787
-0.221155 0.523075
-0.312426 0.525350
-0.315605 0.524340
-0.310177 0.524144
-0.313356 0.523145
-0.387877 0.523173
-0.385629 0.521988
-0.491167 0.524448
-0.488918 0.523261
-0.591976 0.523707
-0.586547 0.523505
-0.589727 0.522504
-0.673035 0.044856
-0.656403 0.520044
-0.656497 0.518706
-0.657198 0.518900
-0.657126 0.512253
-0.660040 0.513111
-0.663229 0.507385
-0.680783 0.408162
-0.678922 0.400699
-0.679407 0.401618
-0.678341 0.394499
-0.678154 0.393100
-0.678643 0.394404
-0.696900 0.301011
-0.696399 0.295437
-0.708262 0.233827
-0.709932 0.227929
-0.706557 0.237344
-0.712031 0.213638
-0.715730 0.190258
-0.727384 0.128542
-0.727132 0.126402
-0.704263 0.452653
-0.699067 0.473888
-0.704930 0.471584
-0.703826 0.453287
-0.707785 0.459492
-0.727674 0.317250
-0.727177 0.315426
-0.748041 0.204270
-0.753310 0.199134
-0.791632 0.339330
0.906157 0.312997
0.905920 0.299654
0.906371 0.293266
0.906758 0.286895
0.906629 0.279500
0.906664 0.280617
0.906180 0.274154
0.905711 0.267612
0.905470 0.263552
0.889988 0.524607
0.786698 0.525880
0.591440 0.526405
0.593688 0.525196
0.426966 0.525290
0.429216 0.524115
0.317317 0.524557
0.233957 0.524604
0.040947 0.523919
-0.062343 0.525192
-0.065522 0.524190
-0.122595 0.525030
-0.117167 0.524826
-0.120347 0.523827
-0.243333 0.525508
-0.241084 0.524303
-0.367251 0.524977
-0.370430 0.523970
-0.365001 0.523782
-0.368180 0.522785
-0.422075 0.524606
-0.425254 0.523601
-0.419825 0.523422
-0.423005 0.522427
-0.595156 0.522698
-0.592906 0.521506
-0.679511 0.048195
-0.679569 0.046340
-0.673152 0.503669
-0.665452 0.506393
-0.686916 0.422657
-0.685691 0.416145
-0.682035 0.412746
-0.682577 0.414793
-0.703150 0.303826
-0.702792 0.301015
-0.716390 0.222579
-0.717684 0.216473
-0.717569 0.215190
-0.722753 0.192001
-0.722957 0.191863
-0.723406 0.192172
-0.738578 0.102371
-0.806014 0.339042
-0.817174 0.310651
-0.811534 0.304224
0.909602 0.066653
0.772430 0.526086
0.769250 0.525084
0.668441 0.524335
0.570813 0.524599
0.573062 0.523401
0.475432 0.523650
0.248225 0.524397
0.081503 0.524496
0.083751 0.523311
-0.097238 0.523600
-0.186259 0.524668
-0.283889 0.524924
-0.287068 0.523919
-0.281640 0.523742
-0.453790 0.524024
-0.448362 0.523824
-0.451542 0.522824
-0.517455 0.523664
-0.814551 0.335988
-0.812529 0.336371
-0.819311 0.323650
-0.818103 0.312224
-0.821054 0.317659
-0.817563 0.310430
0.904991 0.339202
0.905926 0.331942
0.905657 0.325684
0.906046 0.313427
0.905357 0.319437
0.906075 0.312967
0.905935 0.306251
0.905822 0.301538
0.832915 0.525447
0.835164 0.524244
0.723266 0.524704
0.725515 0.523523
0.605708 0.526189
0.602529 0.525182
0.607957 0.524994
0.604777 0.523998
0.544524 0.523809
0.515987 0.524228
0.518237 0.523041
0.461164 0.523858
0.463412 0.522682
0.351515 0.523125
0.294441 0.523966
0.296691 0.522761
0.219688 0.524813
0.221937 0.523632
0.150595 0.524655
0.152845 0.523472
0.116049 0.524576
0.118298 0.523392
-0.001858 0.524550
0.000391 0.523351
-0.070951 0.524393
-0.068701 0.523191
-0.131436 0.525033
-0.290248 0.522915
-0.456970 0.523016
-0.454721 0.521828
-0.609075 0.524423
-0.606826 0.523221
-0.773627 0.329769
-0.788278 0.277888
-0.789319 0.271772
-0.788996 0.265413
0.904167 0.371638
0.904670 0.345683
0.903581 0.358351
0.904219 0.351931
0.904746 0.344251
0.904639 0.345558
0.905346 0.338535
0.763822 0.525289
0.766071 0.524084
0.619977 0.525977
0.622225 0.524795
0.536615 0.526031
0.538864 0.524834
0.441235 0.525082
0.438056 0.524080
0.254235 0.524893
0.256484 0.523713
0.164865 0.524445
0.110040 0.524078
0.006750 0.525352
-0.145704 0.525242
-0.148883 0.524237
-0.143454 0.524064
-0.249692 0.523491
-0.247443 0.522310
-0.318785 0.523332
-0.316536 0.522149
-0.379270 0.523983
-0.442702 0.522805
-0.440453 0.521630
-0.580538 0.523998
-0.578289 0.522822
-0.657675 0.093012
-0.657245 0.093548
-0.662982 0.061878
-0.674393 0.025834
-0.718986 0.506865
-0.754151 0.326585
-0.776304 0.197751
-0.776346 0.197707
-0.776424 0.197782
0.827254 0.526454
0.824075 0.525449
0.829503 0.525277
0.712177 0.525925
0.717605 0.525720
0.714426 0.524720
0.660532 0.526562
0.657353 0.525553
0.662781 0.525356
0.659601 0.524358
0.550883 0.525818
0.547704 0.524813
0.553133 0.524634
0.549953 0.523640
0.510328 0.525241
0.357874 0.525131
0.354694 0.524127
0.360122 0.523954
0.309059 0.525263
0.311308 0.524073
0.268852 0.526196
0.265673 0.525194
0.205420 0.525025
0.207669 0.523832
0.124308 0.523873
0.012410 0.524337
0.014659 0.523151
-0.076610 0.525401
-0.074362 0.524225
-0.278228 0.523919
-0.275980 0.522711
-0.476899 0.524237
-0.480079 0.523234
-0.474650 0.523064
-0.540331 0.523071
-0.538082 0.521868
-0.707770 0.511659
-0.704214 0.516561
-0.706722 0.513662
-0.708115 0.507629
-0.707311 0.504617
-0.710567 0.505674
-0.703395 0.517147
-0.706734 0.502684
-0.740936 0.325553
-0.740299 0.324577
0.902689 0.178161
0.904281 0.158183
0.903756 0.151975
0.904210 0.145349
0.867811 0.527037
0.870059 0.525836
0.758162 0.526295
0.760410 0.525116
0.654173 0.524545
0.656423 0.523362
0.481791 0.525660
0.484039 0.524474
0.372142 0.524923
0.208599 0.526036
0.214028 0.525830
0.210849 0.524830
0.087862 0.526514
0.090111 0.525306
-0.028146 0.523759
-0.140043 0.524234
-0.137795 0.523031
-0.235423 0.523281
-0.304516 0.523122
-0.302267 0.521952
-0.407806 0.524396
-0.405557 0.523224
-0.531723 0.523870
-0.534902 0.522868
-0.649980 0.522327
-0.648950 0.516695
-0.648861 0.516253
-0.654384 0.511325
-0.673318 0.388501
-0.673132 0.386926
-0.690906 0.294507
-0.691376 0.288462
-0.691380 0.287965
-0.697767 0.250615
-0.699954 0.244989
-0.697515 0.250958
-0.698196 0.250641
-0.702922 0.245198
-0.703591 0.239010
-0.707011 0.201196
-0.707959 0.194911
-0.709435 0.188903
-0.708024 0.194915
-0.709459 0.188316
-0.709923 0.182375
-0.712873 0.183186
-0.715248 0.177313
-0.717543 0.171427
-0.713217 0.163754
-0.714967 0.157887
-0.715900 0.151593
-0.715865 0.149658
-0.718220 0.145564
-0.720983 0.139760
-0.722288 0.133691
-0.724748 0.127833
-0.684582 0.486924
-0.678602 0.504123
-0.681047 0.500855
-0.683418 0.499206
-0.683976 0.488181
-0.684877 0.493170
-0.684110 0.486667
-0.685116 0.483245
-0.685971 0.480775
-0.691072 0.475388
-0.692591 0.439954
-0.694322 0.443678
-0.691504 0.436270
-0.691226 0.434937
-0.691836 0.436158
-0.715305 0.308825
-0.714587 0.305934
-0.734366 0.213837
-0.736262 0.207876
-0.736824 0.201676
-0.749440 0.120711
-0.751388 0.108891
-0.751138 0.114474
0.905519 0.261131
0.905872 0.254764
0.905872 0.248467
0.906282 0.235342
0.906349 0.230898
0.905995 0.228710
0.904534 0.222691
0.903440 0.216481
0.896347 0.526613
0.898596 0.525438
0.861452 0.525022
0.863700 0.523844
0.743893 0.526506
0.740713 0.525499
0.746142 0.525315
0.742963 0.524320
0.613618 0.523969
0.467523 0.525872
0.464344 0.524864
0.469772 0.524674
0.466592 0.523677
0.377802 0.523910
0.380051 0.522720
0.225698 0.525319
0.227947 0.524114
0.075842 0.525512
0.072663 0.524510
-0.056682 0.524179
-0.054434 0.522990
-0.105147 0.525824
-0.102899 0.524624
-0.214796 0.525083
-0.212548 0.523904
-0.345072 0.522551
-0.483258 0.522231
-0.560260 0.524289
-0.563439 0.523283
-0.558011 0.523100
-0.561191 0.522105
-0.785535 0.335670
-0.779051 0.331824
-0.790949 0.291755
-0.788863 0.284747
-0.788439 0.280249
0.912847 0.040305
0.912832 0.040070
0.906165 0.422462
0.905924 0.416205
0.905697 0.409949
0.904936 0.403792
0.903480 0.378283
0.904484 0.396783
0.904401 0.390491
0.904472 0.384175
0.903616 0.375815
0.903460 0.378058
0.903648 0.371395
0.903411 0.364741
0.903318 0.363604
0.903309 0.364711
0.812986 0.526665
0.815235 0.525476
0.703337 0.525927
0.634245 0.525767
0.631065 0.524764
0.519167 0.525236
0.524596 0.525036
0.521416 0.524037
0.455503 0.524877
0.363884 0.525636
0.366132 0.524434
0.282772 0.524478
0.047305 0.525929
0.044126 0.524922
0.049555 0.524744
0.046375 0.523750
-0.082969 0.523394
-0.180600 0.523650
-0.178350 0.522470
-0.298158 0.525136
-0.295909 0.523942
-0.393538 0.524189
-0.396717 0.523188
-0.505435 0.524661
-0.508615 0.523652
-0.503187 0.523462
-0.506366 0.522464
-0.552002 0.523584
-0.629352 0.524130
-0.627104 0.522940
-0.675210 0.260024
-0.675177 0.258170
-0.679412 0.241829
-0.681409 0.240526
-0.704208 0.101689
-0.760334 0.325339
-0.765438 0.324183
-0.781053 0.244296
-0.785033 0.219027
-0.786189 0.206627
0.910596 0.526321
0.910845 0.524587
0.907436 0.525403
0.910211 0.518138
0.908894 0.512044
0.907721 0.505877
0.908597 0.511824
0.907669 0.502727
0.907522 0.505711
0.820895 0.524447
0.627886 0.523764
0.530256 0.524017
0.532505 0.522843
0.496059 0.525449
0.492879 0.524446
0.498308 0.524276
0.380982 0.524919
0.386411 0.524717
0.383231 0.523717
0.322978 0.523540
0.325227 0.522360
0.199410 0.524525
0.067235 0.524708
0.069484 0.523511
-0.021787 0.525770
-0.019538 0.524583
-0.111506 0.523809
-0.109258 0.522631
-0.209136 0.524077
-0.206887 0.522871
-0.352982 0.524765
-0.350733 0.523583
-0.471239 0.523229
-0.468989 0.522028
-0.600816 0.523710
-0.687333 0.041685
0.912862 0.040076
0.902007 0.525605
0.904257 0.524404
0.806627 0.524654
0.708998 0.524916
0.711246 0.523722
0.639906 0.524758
0.642154 0.523562
0.489700 0.523444
0.412698 0.525501
0.409519 0.524495
0.414947 0.524313
0.411767 0.523318
0.303049 0.524763
0.299870 0.523761
0.170874 0.524946
0.173123 0.523752
0.136327 0.524867
0.138577 0.523671
0.061575 0.525719
0.063823 0.524547
-0.042414 0.523968
-0.040164 0.522792
-0.159972 0.525453
-0.157724 0.524262
-0.260781 0.524713
-0.255353 0.524508
-0.258532 0.523508
-0.359341 0.522756
-0.436343 0.524819
-0.434095 0.523622
-0.615084 0.523919
-0.618264 0.522915
-0.612836 0.522742
-0.693635 0.476166
-0.691534 0.475041
-0.693128 0.474080
-0.697431 0.451011
-0.696412 0.448932
-0.697408 0.450539
-0.724328 0.315203
-0.720916 0.310068
-0.738823 0.214945
0.905535 0.454865
0.905133 0.448637
0.904310 0.442486
0.903216 0.436386
0.902761 0.430175
0.905468 0.422766
0.905076 0.435273
0.906145 0.423215
0.905570 0.428874
0.906101 0.422430
0.905263 0.416087
0.904665 0.409622
0.875720 0.524813
0.729625 0.526720
0.731874 0.525516
0.694729 0.525131
0.696978 0.523924
0.558792 0.523604
0.398430 0.525714
0.400679 0.524514
0.240316 0.526617
0.237136 0.525610
0.242564 0.525425
0.239385 0.524429
0.033038 0.526141
0.035287 0.524945
-0.048074 0.524987
-0.152063 0.523234
-0.200528 0.524874
-0.203708 0.523871
-0.333053 0.523545
-0.330804 0.522348
-0.462631 0.524029
-0.525713 0.524368
-0.523465 0.523181
-0.643621 0.524344
-0.646801 0.523335
-0.641372 0.523141
-0.644551 0.522144
-0.648496 0.516555
-0.672369 0.386959
-0.668796 0.379823
-0.668008 0.375039
-0.668142 0.372691
-0.669744 0.366743
-0.670502 0.360361
-0.671824 0.354268
-0.673021 0.348112
-0.673848 0.341765
-0.684513 0.293102
-0.684532 0.292576
-0.683850 0.285964
-0.689857 0.258585
-0.692166 0.255851
-0.698825 0.208829
-0.702152 0.206459
-0.705425 0.200748
-0.707866 0.194886
-0.709192 0.188824
-0.712595 0.157152
-0.714856 0.151257
-0.713403 0.512655
-0.715298 0.506876
-0.710079 0.517704
-0.712450 0.514383
-0.714932 0.512758
-0.714795 0.504232
-0.716992 0.506828
-0.747489 0.327044
-0.746179 0.324649
-0.769875 0.196322
