3.349689 0.705509
3.347150 0.709726
3.332962 0.729410
3.341316 0.712752
3.337880 0.716715
3.333218 0.738236
3.332549 0.747094
3.326542 0.748660
3.319392 0.750638
3.319658 0.754293
3.312769 0.755529
3.280339 0.752932
3.286397 0.754562
3.300688 0.748848
3.294067 0.749558
3.293993 0.749681
3.300519 0.753730
3.295339 0.750198
3.301615 0.752395
3.287942 0.749791
3.283440 0.746892
3.324964 0.723605
3.330424 0.727674
3.326315 0.732830
3.330436 0.731312
3.327414 0.732789
3.331958 0.719988
3.332070 0.719940
3.331050 0.724463
3.330245 0.742276
3.327624 0.750053
3.462339 0.712773
3.451751 0.699273
3.456494 0.710110
3.456282 0.711032
3.441471 0.694686
3.427926 0.686617
3.448765 0.682227
3.446201 0.686341
3.459363 0.699143
3.441170 0.687796
3.435788 0.682648
3.429654 0.681772
3.429057 0.685142
3.435116 0.687127
3.430590 0.676738
3.436647 0.678169
3.431588 0.676389
3.403280 0.682237
3.395462 0.681992
3.389512 0.685867
3.389809 0.689951
3.391188 0.686321
3.423455 0.681081
3.422999 0.683345
3.416936 0.680140
3.412419 0.672123
3.424535 0.675824
3.418482 0.675482
3.406362 0.670773
3.375930 0.696668
3.377178 0.692272
3.368389 0.697780
3.362333 0.696935
3.369945 0.696713
3.353697 0.705996
3.359549 0.698070
3.359326 0.702434
3.363606 0.695047
3.194132 0.661732
3.173808 0.741879
3.248590 0.750317
3.248515 0.751630
3.254572 0.753409
3.250471 0.755255
3.248159 0.755929
3.275835 0.749047
3.263732 0.749299
3.256123 0.750457
3.250450 0.750656
3.250072 0.750640
3.242301 0.754279
3.228799 0.752184
3.232921 0.756691
3.230352 0.749936
3.223317 0.748873
3.224294 0.748137
3.226681 0.755562
3.225443 0.747371
3.237963 0.749340
3.244024 0.751901
3.178941 0.672332
3.188081 0.662367
3.182516 0.667003
3.182036 0.664584
3.217695 0.742160
3.211651 0.741026
3.217722 0.746482
3.211282 0.746462
3.199105 0.740049
3.205106 0.745706
3.201882 0.742110
3.193198 0.742955
3.218720 0.749535
3.211654 0.752848
3.210645 0.752798
3.206159 0.747215
3.187045 0.737711
3.180404 0.738254
3.187957 0.740645
3.174293 0.740460
3.166474 0.740329
3.169829 0.651365
3.169889 0.651437
3.175948 0.653629
3.125031 0.634528
3.109797 0.661592
3.111923 0.655629
3.127028 0.648227
3.127526 0.639215
3.127485 0.639455
3.118348 0.650427
3.112292 0.649201
3.112783 0.648807
3.110100 0.649776
3.120723 0.644637
3.117173 0.641869
3.119904 0.648759
3.113150 0.650127
3.062069 0.747851
3.075270 0.737874
3.084389 0.721568
3.081910 0.712139
3.083561 0.716813
3.084813 0.726019
3.080347 0.727096
3.082411 0.721012
3.071213 0.739101
3.149481 0.715153
3.151577 0.719761
3.148805 0.706051
3.154642 0.702615
3.152419 0.711063
3.151142 0.692873
3.172887 0.671965
3.166835 0.671812
3.164872 0.683067
3.151639 0.680581
3.157707 0.685674
3.158619 0.682526
3.152973 0.680293
3.160777 0.669978
3.153667 0.669520
3.154723 0.669489
3.168379 0.666993
3.174436 0.668487
3.169913 0.658802
3.175977 0.662460
3.162321 0.664946
3.148911 0.674513
3.145583 0.679616
3.150673 0.679218
3.135153 0.667201
3.134476 0.667533
3.141060 0.670041
3.147675 0.668243
3.152835 0.670628
3.154024 0.688799
3.151672 0.690760
3.152297 0.728999
3.157656 0.728266
3.162528 0.730643
3.157377 0.720743
3.095573 0.669471
3.095006 0.669618
3.087761 0.682369
3.089544 0.676442
3.080734 0.693968
3.079175 0.702665
3.085540 0.685660
3.103173 0.665661
3.095772 0.669536
3.106265 0.656716
3.257856 0.629135
3.240840 0.641399
3.244461 0.632306
3.262597 0.622765
3.258816 0.613100
3.260930 0.614771
3.260275 0.619716
3.253920 0.615051
3.247272 0.616783
3.255820 0.609732
3.248822 0.613722
3.254561 0.617673
3.253162 0.616465
3.253621 0.625526
3.262469 0.608192
3.264438 0.609513
3.262475 0.609982
3.256410 0.606217
3.256764 0.607105
3.188138 0.621901
3.242765 0.612001
3.229094 0.610086
3.223037 0.608862
3.232491 0.599373
3.232180 0.599472
3.226121 0.597581
3.225585 0.599728
3.226547 0.597056
3.226125 0.598595
3.230653 0.609813
3.212449 0.595011
3.215152 0.615297
3.208916 0.614704
3.209398 0.616595
3.216997 0.612453
3.202803 0.613767
3.203344 0.615968
3.214327 0.596317
3.212923 0.594656
3.209705 0.595479
3.212456 0.597350
3.219586 0.598483
3.220060 0.594438
3.212217 0.649809
3.208723 0.650947
3.209317 0.649691
3.236077 0.642148
3.238161 0.635728
3.237755 0.637446
3.230558 0.638606
3.224500 0.636899
3.226058 0.636239
3.211750 0.640745
3.211084 0.645000
3.210862 0.645070
3.212390 0.635199
3.186247 0.632846
3.183538 0.646754
3.185092 0.644732
3.200612 0.625161
3.200279 0.632860
3.199625 0.635909
3.193617 0.630261
3.195332 0.621046
3.188203 0.622957
3.192789 0.636994
3.203265 0.649663
3.197215 0.650398
3.186278 0.649726
3.185375 0.644960
3.183554 0.651293
3.184470 0.651083
3.189628 0.658251
3.204811 0.645356
3.188595 0.640966
3.202588 0.623232
3.179873 0.632645
3.173176 0.633348
3.169925 0.633424
3.160841 0.631507
3.154779 0.628618
3.155722 0.628065
3.148721 0.626952
3.149356 0.627836
3.136599 0.621243
3.138114 0.618803
3.137768 0.624209
3.129009 0.628105
3.130549 0.621970
3.131314 0.624229
3.124109 0.626332
3.125084 0.623630
3.122770 0.624915
3.177480 0.644765
3.171432 0.646058
3.180291 0.635892
3.173824 0.635949
3.179033 0.642586
3.177142 0.652459
3.172357 0.644470
3.171440 0.648784
3.165334 0.646076
3.165960 0.644333
3.172009 0.649888
3.167102 0.641162
3.161386 0.634681
3.155646 0.632718
3.122380 0.635587
2.996547 0.787752
2.991263 0.794998
2.996818 0.791024
2.996821 0.791935
2.989005 0.804061
2.995311 0.807403
2.994761 0.810429
2.950913 0.793568
2.950393 0.774251
2.948341 0.787243
2.975570 0.799759
2.982439 0.799964
2.975050 0.807018
2.981693 0.810913
2.975158 0.811158
2.962291 0.802226
2.963013 0.804631
2.956063 0.801612
2.946304 0.795856
2.746789 0.747393
2.740736 0.747115
2.745248 0.753254
2.739194 0.752489
2.778676 0.709417
2.790710 0.719458
2.796506 0.725701
2.796364 0.730550
2.777789 0.715128
2.772834 0.729508
2.782812 0.732373
2.766218 0.732925
2.761259 0.738540
2.768777 0.739993
2.753442 0.743969
2.689721 0.741897
2.693702 0.750614
2.695746 0.751970
2.695638 0.746184
2.695255 0.748506
2.683662 0.731819
2.690532 0.742447
2.688898 0.737137
2.699642 0.707782
2.692087 0.697430
2.696862 0.704520
2.692345 0.697005
2.713283 0.723589
2.717736 0.733377
2.711975 0.728196
2.728705 0.743859
2.719524 0.738064
2.718046 0.734008
2.707004 0.714762
2.704091 0.712944
2.711056 0.718579
2.707464 0.722178
2.708476 0.715075
2.589581 0.742222
2.581184 0.749679
2.592127 0.747194
2.592177 0.747387
2.585745 0.747011
2.675921 0.676543
2.680643 0.685074
2.675683 0.676432
2.669634 0.677452
2.674457 0.684346
2.668606 0.682683
2.663569 0.673416
2.663579 0.676737
2.663075 0.680135
2.649053 0.678861
2.645764 0.680315
2.648373 0.682451
2.654239 0.686210
2.657910 0.673294
2.655717 0.677498
2.656704 0.679923
2.650083 0.680409
2.667750 0.706617
2.671394 0.711640
2.680167 0.722206
2.674842 0.718970
2.668238 0.715464
2.669573 0.716824
2.671146 0.702617
2.671087 0.702654
2.669948 0.710211
2.667613 0.706373
2.670727 0.697954
2.685970 0.692626
2.681432 0.687318
2.674172 0.691867
2.666564 0.693055
2.665023 0.698767
2.652896 0.692049
2.661093 0.690087
2.668115 0.690174
2.655413 0.687958
2.623413 0.689864
2.621605 0.687924
2.615783 0.686170
2.610653 0.687547
2.601907 0.688928
2.597585 0.680822
2.590463 0.680459
2.589717 0.686949
2.583597 0.686038
2.572597 0.673421
2.578657 0.676059
2.572610 0.677513
2.602820 0.720055
2.596768 0.720158
2.604357 0.712626
2.599650 0.708492
2.593736 0.733869
2.591670 0.742380
2.592928 0.720257
2.593315 0.724718
2.598319 0.717043
2.619533 0.697745
2.613481 0.697796
2.611948 0.706217
2.615017 0.690202
2.621074 0.691787
2.607418 0.694668
2.600317 0.702199
2.588952 0.692603
2.582974 0.692198
2.576565 0.696538
2.571181 0.689134
2.673930 0.791633
2.680065 0.789418
2.693335 0.769489
2.693617 0.773904
2.691586 0.778151
2.693719 0.755818
2.695295 0.760867
2.692727 0.764764
2.690665 0.776456
2.685280 0.781378
2.691700 0.751013
2.634498 0.792445
2.628449 0.793085
2.657696 0.794585
2.647868 0.793693
2.654226 0.795608
2.662267 0.793929
2.636058 0.792144
2.623951 0.791184
2.596618 0.789950
2.584492 0.783596
2.590559 0.788112
2.611836 0.788120
2.601990 0.780149
2.604222 0.787302
2.587092 0.777686
2.598936 0.784195
2.592032 0.783158
2.599700 0.778468
2.601251 0.775341
2.601053 0.775408
2.593638 0.775244
2.594049 0.777540
2.600559 0.784298
2.593102 0.784619
2.587577 0.772401
2.581522 0.771627
2.586031 0.777059
2.581746 0.771451
2.575457 0.767448
2.576346 0.762163
2.576559 0.767954
2.587586 0.775224
2.586498 0.780611
2.585755 0.777233
3.042355 0.748843
3.041964 0.751238
3.040527 0.749793
3.040825 0.758031
3.037237 0.762545
3.043635 0.754721
3.036850 0.751920
3.041355 0.758703
3.028637 0.790354
3.034311 0.775603
3.037774 0.779421
3.030186 0.787163
3.042333 0.785813
3.036439 0.788764
3.038294 0.794066
3.035931 0.794617
3.036265 0.795284
3.030194 0.789295
3.029104 0.795673
3.016528 0.788978
3.017100 0.788758
3.024132 0.786171
3.024313 0.786624
3.022599 0.794666
3.016552 0.796167
3.039878 0.767415
3.004406 0.783585
3.009722 0.786961
3.010473 0.788020
3.010694 0.788646
3.003747 0.790045
3.007211 0.793064
3.004081 0.793550
2.998350 0.782107
2.999450 0.779617
2.996141 0.782286
3.013896 0.775297
3.009629 0.780121
3.010816 0.775753
3.005951 0.778981
3.002276 0.778797
3.005957 0.780558
3.007495 0.773858
3.005097 0.774729
3.007502 0.775941
3.016531 0.767800
3.009034 0.766954
3.051504 0.741337
3.043470 0.747008
3.037859 0.747362
3.031808 0.747714
3.030660 0.747808
3.037579 0.740069
2.935264 0.738706
2.933225 0.747839
2.932849 0.748752
2.933398 0.744247
2.932965 0.739593
2.930532 0.748136
2.943670 0.764510
2.937103 0.762872
2.942916 0.771039
2.935297 0.757967
2.934804 0.766857
2.898479 0.691495
2.892424 0.690700
2.919647 0.716481
2.908248 0.704017
2.913593 0.709355
2.910476 0.704656
2.909716 0.704082
2.925951 0.725189
2.920457 0.721643
2.930306 0.734548
2.925042 0.731262
2.914905 0.714706
2.899687 0.697875
2.893422 0.689407
2.886372 0.690637
2.879065 0.693492
2.866876 0.705756
2.863088 0.706546
2.863586 0.706626
2.857165 0.709488
2.843884 0.711002
2.871173 0.698923
2.866556 0.701087
2.872772 0.697619
2.872711 0.697664
2.868802 0.705885
2.822630 0.718276
2.836279 0.713476
2.831187 0.714455
2.824431 0.715314
2.810526 0.718289
2.816467 0.714620
2.818163 0.723902
2.809670 0.724952
2.760509 0.669242
2.767972 0.697690
2.757510 0.685584
2.765105 0.680142
2.766638 0.671343
2.765777 0.676951
2.759649 0.676061
2.759050 0.678967
2.786267 0.702730
2.780212 0.701726
2.803735 0.719092
2.751445 0.681520
2.753524 0.670754
2.748778 0.671533
2.752984 0.674899
2.670233 0.673714
2.664067 0.672932
2.166979 1.085357
2.174275 1.077451
2.161755 1.086590
2.166142 1.029767
2.174199 0.996877
2.163091 1.021797
2.160721 1.021137
2.166077 1.004381
2.162743 1.008139
2.168261 1.000158
2.172726 1.002524
2.164109 1.008192
2.190704 1.049121
2.188931 1.046984
2.182952 1.041276
2.183704 1.043568
2.190622 1.058086
2.185386 1.061499
2.183329 1.049043
2.185073 1.056848
2.171874 1.036177
2.172644 1.042903
2.180773 1.067098
2.179481 1.060249
2.537059 0.694396
2.558962 0.682482
2.559756 0.682956
2.558488 0.688578
2.552881 0.673547
2.545550 0.680628
2.544259 0.687875
2.540225 0.688640
2.544097 0.693707
2.552907 0.681433
2.551372 0.689457
2.524853 0.688058
2.524632 0.693092
2.506520 0.680835
2.512598 0.686269
2.506026 0.686620
2.518380 0.684686
2.507433 0.685276
2.498223 0.731935
2.501845 0.735580
2.496923 0.738583
2.497474 0.741488
2.530145 0.700126
2.524075 0.699306
2.464919 0.697437
2.493414 0.681429
2.493756 0.681374
2.499933 0.685629
2.494570 0.682605
2.487703 0.680913
2.489255 0.678575
2.474476 0.680296
2.468335 0.679438
2.468801 0.680353
2.462082 0.692705
2.460131 0.687778
2.493705 0.723808
2.492227 0.729270
2.492163 0.729484
2.487650 0.723158
2.486536 0.727159
2.488064 0.710751
2.484652 0.714741
2.483097 0.704207
2.485570 0.705929
2.483544 0.704239
2.484003 0.707389
2.477579 0.704482
2.484047 0.719007
2.480711 0.721001
2.473972 0.718799
2.475281 0.718160
2.475530 0.718116
2.481594 0.721646
2.484841 0.723551
2.471936 0.725807
2.483932 0.714410
2.491114 0.736800
2.485954 0.733222
2.491341 0.740618
2.468877 0.713616
2.467933 0.722821
2.467360 0.726703
2.461219 0.721421
2.460842 0.726899
2.455559 0.714808
2.442580 0.715048
2.454959 0.720898
2.454281 0.726685
2.447792 0.722914
2.441427 0.722687
2.447628 0.727792
2.441415 0.727142
2.465549 0.700485
2.471716 0.705710
2.386599 0.740620
2.379948 0.739736
2.375130 0.740305
2.367910 0.734390
2.367983 0.738594
2.362512 0.731446
2.357033 0.733182
2.437331 0.707284
2.436524 0.706277
2.425716 0.699297
2.427051 0.699002
2.432866 0.701734
2.427514 0.698687
2.427065 0.703209
2.411965 0.706099
2.417958 0.698554
2.420991 0.697006
2.415119 0.702406
2.413201 0.697481
2.414945 0.698529
2.421345 0.724768
2.420913 0.730965
2.429210 0.720792
2.426848 0.726865
2.426974 0.733759
2.426292 0.737789
2.419650 0.738336
2.426985 0.737251
2.428515 0.727836
2.431412 0.732091
2.416384 0.719437
2.414840 0.724595
2.414153 0.724800
2.409862 0.720812
2.414573 0.730087
2.413976 0.736176
2.437326 0.711708
2.436100 0.719287
2.436006 0.719818
2.423487 0.718773
2.423996 0.719283
2.432866 0.706178
2.425531 0.711351
2.435781 0.724880
2.412904 0.710986
2.411570 0.711618
2.417928 0.714475
2.408661 0.714624
2.415948 0.706951
2.398388 0.708020
2.391878 0.708197
2.390320 0.707141
2.384698 0.706121
2.404565 0.708778
2.400233 0.698440
2.393673 0.700268
2.396768 0.681267
2.401145 0.686527
2.395213 0.694010
2.396756 0.688501
2.396767 0.691867
2.387820 0.701506
2.385507 0.701663
2.381332 0.701622
2.380508 0.700763
2.394411 0.694290
2.394284 0.689680
2.391292 0.698122
2.391387 0.725294
2.390599 0.714701
2.394255 0.716610
2.401690 0.734488
2.390784 0.734163
2.395098 0.730329
2.404285 0.721023
2.399391 0.726511
2.402748 0.728117
2.386094 0.710548
2.386166 0.710761
2.405244 0.711282
2.405817 0.712539
2.393693 0.706296
2.400289 0.707128
2.381145 0.706584
2.421771 0.696734
2.404346 0.681933
2.407239 0.683029
2.404353 0.683869
2.405892 0.677505
2.410516 0.679044
2.399828 0.673684
2.393774 0.673058
2.386175 0.677081
2.373959 0.701179
2.361849 0.699315
2.357576 0.705825
2.349750 0.700662
2.355806 0.702003
2.380247 0.678378
2.382046 0.683082
2.369456 0.697509
2.376120 0.698186
2.371218 0.689447
2.363393 0.688869
2.357319 0.687438
2.364228 0.690958
2.363398 0.695888
2.358307 0.689495
2.369358 0.725559
2.357677 0.722520
2.353632 0.714090
2.348746 0.707042
2.319852 0.690269
2.323953 0.692531
2.339610 0.678840
2.340714 0.680195
2.340521 0.680203
2.332116 0.681784
2.335382 0.683859
2.332244 0.685827
2.333101 0.684600
2.325498 0.687533
2.327045 0.683406
2.372942 0.747170
2.367110 0.749905
2.365208 0.759635
2.196755 0.888595
2.170489 0.888453
2.165180 0.878510
2.249541 0.808115
2.254735 0.813411
2.251893 0.810125
2.240385 0.802290
2.241336 0.803622
2.225183 0.809429
2.220944 0.811907
2.213014 0.810679
2.232776 0.803246
2.234331 0.801566
2.226731 0.805423
2.228286 0.803837
2.235102 0.803036
2.228357 0.803864
2.214625 0.804799
2.221290 0.805582
2.228149 0.849127
2.238690 0.877283
2.243387 0.883190
2.239035 0.887018
2.241759 0.861508
2.246731 0.865836
2.242496 0.869688
2.238578 0.859998
2.233647 0.859103
2.243968 0.869720
2.245681 0.879007
2.242102 0.873793
2.225358 0.843516
2.220385 0.839380
2.197825 0.875189
2.208398 0.867659
2.202356 0.870562
2.223594 0.858792
2.227068 0.853308
2.209949 0.864613
2.246638 0.834524
2.248185 0.830183
2.256257 0.849602
2.252423 0.839803
2.255140 0.844795
2.253456 0.841473
2.250487 0.834979
2.247924 0.837819
2.253874 0.822234
2.253407 0.817546
2.251188 0.812572
2.250259 0.821384
2.252940 0.853378
2.250280 0.857301
2.255547 0.849266
2.220584 0.834384
2.220575 0.834445
2.225561 0.844058
2.219575 0.838597
2.218075 0.833733
2.222445 0.838925
2.216780 0.822598
2.216215 0.829010
2.216129 0.828833
2.210479 0.826607
2.217632 0.828176
2.225375 0.848427
2.195952 0.780699
2.193088 0.776616
2.186860 0.776005
2.180390 0.771664
2.182239 0.773606
2.198087 0.794424
2.196028 0.798672
2.196452 0.785150
2.207022 0.808125
2.199211 0.807988
2.198363 0.798857
2.195968 0.799849
2.196453 0.800177
2.202512 0.802333
2.199819 0.803524
2.197989 0.792642
2.173488 0.813046
2.188844 0.801282
2.189085 0.801066
2.183223 0.800720
2.182751 0.800751
2.177455 0.804084
2.186879 0.780377
2.192663 0.786670
2.181347 0.778606
2.190400 0.799911
2.173832 0.835187
2.173908 0.826221
2.176652 0.832330
2.173317 0.844071
2.174572 0.839677
2.167520 0.845135
2.169067 0.840901
2.164326 0.842213
2.162615 0.846494
2.172453 0.834695
2.169400 0.838555
2.193208 0.878537
2.193461 0.883378
2.194308 0.878935
2.165264 0.869546
2.163410 0.855617
2.163348 0.864584
2.160409 0.873033
2.204787 0.820072
2.199733 0.816189
2.204542 0.825187
2.180677 0.827198
2.178199 0.828483
2.176175 0.822008
2.175956 0.821772
2.171769 0.812044
2.174150 0.830427
2.215718 0.671912
2.212598 0.669040
2.217882 0.672668
2.191966 0.743669
2.194581 0.735555
2.194476 0.730919
2.214271 0.691244
2.205528 0.706487
2.207228 0.696946
2.207334 0.697329
2.207813 0.700107
2.204676 0.701227
2.222915 0.691178
2.222412 0.684131
2.228483 0.689984
2.232091 0.683617
2.232644 0.692695
2.227612 0.694395
2.228497 0.694448
2.214707 0.694427
2.214808 0.698584
2.206941 0.715215
2.202640 0.718818
2.307304 0.676141
2.308838 0.668096
2.306070 0.669812
2.308296 0.661235
2.299793 0.649093
2.300394 0.649056
2.306219 0.655222
2.293738 0.648224
2.274435 0.645125
2.282029 0.646339
2.270655 0.645474
2.319513 0.680969
2.313621 0.679406
2.319432 0.683120
2.319975 0.684086
2.317736 0.685272
2.314928 0.679466
2.307834 0.677559
2.305833 0.674148
2.254312 0.650348
2.239844 0.653707
2.242208 0.650638
2.227018 0.661317
2.220971 0.662636
2.219430 0.668665
2.215026 0.662597
2.225497 0.673287
2.234610 0.654848
2.262570 0.646670
2.184377 0.750845
2.178384 0.763933
2.186480 0.742853
2.177744 0.948000
2.231798 0.903664
2.227413 0.911848
2.200735 0.910359
2.201649 0.902817
2.200877 0.907055
2.213028 0.931818
2.208987 0.933478
2.208016 0.935278
2.196477 0.936806
2.224973 0.919143
2.222935 0.924639
2.218931 0.922461
2.214248 0.927425
2.222394 0.915318
2.220668 0.918860
2.219627 0.928201
2.198496 0.911026
2.193133 0.913508
2.187090 0.916221
2.180432 0.914347
2.174877 0.907448
2.190837 0.934549
2.184107 0.935341
2.184063 0.939896
2.183878 0.939912
2.180629 0.918202
2.177919 0.920884
2.174389 0.917623
2.169755 0.915019
2.173540 0.920099
2.173978 0.927650
2.193296 0.892328
2.194687 0.911474
2.188870 0.913872
2.197124 0.901801
2.170440 0.899718
2.171868 0.893392
2.164568 0.887150
2.163221 0.895886
2.169284 0.909454
2.167167 0.905574
2.170346 0.910548
2.181470 0.920295
2.196248 0.911524
2.188154 0.977768
2.187819 0.972149
2.175809 0.961254
2.173941 0.956290
2.178499 0.964278
2.173667 0.959765
2.176455 0.946484
2.171608 0.955666
2.179735 0.965261
2.179974 0.993299
2.185710 0.985360
2.184972 0.989593
2.173208 0.992331
2.173126 0.992059
2.180114 0.995466
2.186375 0.998637
2.179845 1.000656
2.173321 0.996430
2.173204 0.996449
2.190124 0.981545
2.189795 0.977588
2.187947 0.991610
2.185522 0.971865
2.178000 0.941714
2.242964 0.892885
2.238474 0.895895
2.235180 0.904056
2.243818 0.887651
2.241835 0.896272
2.241098 0.882591
2.191363 0.882814
2.560482 0.670020
2.567774 0.671793
2.560502 0.676062
2.554434 0.671373
2.555080 0.671238
2.550366 0.672289
2.554443 0.674181
1.172062 0.811438
1.160745 0.845999
1.170599 0.829131
1.171172 0.815635
1.167081 0.832854
1.162581 1.007257
1.168637 1.071211
1.165323 1.061630
1.170570 1.062335
1.161971 1.043063
1.162803 1.025256
1.165708 1.016566
1.164721 1.034345
1.167002 1.052714
1.171630 1.057941
1.167949 0.954357
1.167048 0.963172
1.171292 0.972677
1.173236 0.937360
1.174451 0.932955
1.171555 0.936809
1.165564 0.935203
1.159334 0.935632
1.180509 0.920465
1.177671 0.928933
1.172986 0.931691
1.166930 0.930583
1.169905 0.943679
1.172243 0.954890
1.169648 0.950662
1.164363 0.942985
1.158740 0.940699
1.172268 0.959293
1.152572 0.861776
1.159028 0.871926
1.162210 0.877589
1.159579 0.871805
1.156761 0.870388
1.151876 0.866947
1.177553 0.896875
1.180877 0.902574
1.172820 0.892814
1.165993 0.886530
1.161645 0.888032
1.153883 0.853034
1.153945 0.857419
1.154807 0.861971
1.164388 0.845733
1.162547 0.847456
1.181963 0.911749
1.180490 0.906897
1.181271 0.916016
1.178176 0.904734
1.165875 0.985278
1.162244 0.998217
1.168284 0.999072
1.166443 0.989761
1.169043 0.992493
1.167015 0.985286
1.166899 1.012200
0.936860 0.728272
0.930815 0.730543
0.917161 0.733507
0.911105 0.732667
0.876197 0.742665
0.883796 0.738573
0.894313 0.730861
0.899000 0.732196
0.886888 0.729435
0.871685 0.736334
0.865625 0.734100
0.864084 0.739844
0.853504 0.728809
0.874773 0.726383
0.848986 0.720703
0.856593 0.718986
0.821744 0.689601
0.826675 0.692152
0.820240 0.695607
0.817819 0.686187
0.797507 0.680527
0.829183 0.752577
0.823302 0.749499
0.823125 0.750513
0.841382 0.723306
0.833783 0.727408
0.836876 0.725307
0.835339 0.726261
0.820616 0.730142
0.825278 0.727815
0.827821 0.696984
0.837688 0.714037
0.842926 0.718346
0.838156 0.720955
0.825940 0.732316
0.820430 0.735073
0.829288 0.726402
0.827832 0.728085
0.820554 0.739161
0.814407 0.729475
0.803496 0.719477
0.805037 0.713691
0.803550 0.723777
0.798188 0.720763
0.812610 0.701452
0.810541 0.702825
0.821760 0.694237
0.818352 0.695039
0.816143 0.699228
0.815712 0.695551
0.808116 0.700683
0.803596 0.691853
0.814582 0.733399
0.814680 0.737573
0.808395 0.737124
0.790585 0.685870
0.785211 0.676444
0.794695 0.681999
0.788831 0.680940
0.778828 0.676261
0.772695 0.675380
0.771734 0.679535
0.783857 0.685041
0.791463 0.683006
0.762607 0.693332
0.767210 0.669149
0.766430 0.674874
0.760407 0.669288
0.758082 0.683269
0.764628 0.684332
0.757828 0.675572
0.752019 0.679913
0.700887 0.642189
0.690772 0.650339
1.173576 0.784776
1.174787 0.780372
1.168542 0.730711
1.168786 0.730740
1.171302 0.739467
1.174481 0.735421
1.177548 0.740356
1.156269 0.728965
1.171753 0.757507
1.170317 0.761605
1.175652 0.771356
1.171290 0.752803
1.174475 0.757760
1.173424 0.748592
1.144566 0.727259
1.136959 0.728844
1.124840 0.724271
1.181162 0.732028
1.186283 0.737348
1.183995 0.725929
1.180581 0.718370
1.176391 0.728211
1.170341 0.729070
1.163437 0.731366
1.151212 0.725069
1.151461 0.728814
1.127933 0.715698
1.132627 0.722963
1.171324 0.793346
1.167626 0.801652
1.170998 0.802028
1.174941 0.784780
1.174117 0.780060
1.091475 0.729234
1.113186 0.718824
1.105126 0.725274
1.099075 0.725359
1.108204 0.712042
1.102159 0.713985
1.106670 0.719993
1.117353 0.704490
1.115807 0.708920
1.120173 0.712270
1.109742 0.705041
1.103686 0.703811
1.102572 0.708028
1.111098 0.702237
1.111292 0.701813
1.091554 0.695278
1.097618 0.698928
1.079792 0.690782
1.095931 0.704174
1.095694 0.709234
1.088133 0.711308
1.086956 0.720847
1.093022 0.725251
1.095729 0.713562
1.089695 0.715959
1.094568 0.720644
1.096731 0.703892
1.099297 0.699735
1.093112 0.694713
1.086660 0.694041
1.074934 0.687909
1.067310 0.684406
1.062817 0.683876
1.050695 0.678650
1.043089 0.680543
1.039940 0.684875
1.035495 0.686171
1.037043 0.682387
1.038574 0.673234
1.044700 0.676345
1.030620 0.683185
1.032522 0.673363
1.024930 0.679732
0.990019 0.689082
1.016440 0.683248
1.018875 0.678457
1.003667 0.684092
0.997624 0.686700
0.991570 0.686302
0.967766 0.707973
0.964935 0.712075
0.959653 0.714629
0.979685 0.696549
0.944459 0.724061
0.926308 0.725535
0.850733 0.603880
0.844220 0.602274
0.838620 0.601016
0.844682 0.604004
0.848797 0.619712
0.842851 0.636596
0.851116 0.624517
0.847743 0.628500
0.846274 0.632247
0.849309 0.610487
0.848716 0.610718
0.851194 0.615553
0.853813 0.607044
0.851514 0.604349
0.826353 0.598161
0.818895 0.598519
0.820318 0.597019
0.813814 0.597179
0.826813 0.674219
0.829142 0.670041
0.833320 0.661814
0.822777 0.683973
0.831385 0.677937
0.832364 0.684005
0.822537 0.693506
0.799053 0.675912
0.800394 0.678434
0.798427 0.679957
0.798336 0.684653
0.836652 0.645525
0.830744 0.647993
0.834284 0.653009
0.840276 0.649508
0.836985 0.657897
0.763756 0.615382
0.791591 0.606359
0.799194 0.603136
0.806800 0.601146
0.778631 0.605420
0.786622 0.605527
0.785473 0.644115
0.778222 0.638733
0.778813 0.645017
0.785475 0.644898
0.780958 0.637106
0.767288 0.634976
0.765523 0.641720
0.768834 0.630812
0.775495 0.633647
0.752482 0.642133
0.761409 0.622346
0.762678 0.657021
0.768323 0.650539
0.770756 0.653940
0.764235 0.656075
0.757278 0.648535
0.760158 0.653429
0.753225 0.644459
0.770708 0.618373
0.767107 0.618767
0.747408 0.638278
0.735467 0.635236
0.747045 0.642095
0.714003 0.641565
0.721804 0.635845
0.715754 0.636357
0.707222 0.639720
0.709706 0.637731
0.700484 0.642887
0.792996 0.674631
0.790036 0.676575
0.633843 0.659647
0.610448 0.649636
0.607055 0.657999
0.597479 0.643804
0.579311 0.640237
0.572665 0.640186
0.570993 0.638128
0.569128 0.633429
0.557657 0.775013
0.562137 0.767542
0.562104 0.771208
0.558737 0.779579
0.554801 0.780322
0.558792 0.775007
0.522162 0.750885
0.526015 0.754247
0.548235 0.774772
0.543143 0.770983
0.536596 0.765365
0.540617 0.767340
0.545491 0.777195
0.548744 0.778584
0.605677 0.720604
0.612930 0.730681
0.601463 0.730030
0.598277 0.732867
0.600636 0.736756
0.607507 0.725309
0.602604 0.729026
0.605295 0.733889
0.574556 0.734198
0.573457 0.740660
0.568229 0.737239
0.584700 0.713995
0.583216 0.722562
0.583693 0.723057
0.576576 0.723105
0.570299 0.722627
0.582163 0.732037
0.593756 0.737967
0.587810 0.736569
0.582747 0.732708
0.578618 0.729297
0.582040 0.725312
0.580118 0.729370
0.620842 0.687440
0.614180 0.695208
0.614038 0.695226
0.616736 0.700037
0.613519 0.701083
0.619153 0.691494
0.623323 0.696633
0.617126 0.680881
0.621537 0.682946
0.617701 0.680556
0.623051 0.688047
0.623318 0.687308
0.639092 0.665983
0.640115 0.667567
0.632740 0.665718
0.628044 0.661566
0.633866 0.666721
0.610886 0.712569
0.616980 0.704473
0.605719 0.704884
0.599390 0.704550
0.609526 0.684553
0.608691 0.687742
0.607620 0.685040
0.606848 0.693878
0.607769 0.699139
0.605825 0.689092
0.591347 0.677518
0.586573 0.681235
0.577698 0.682411
0.610550 0.680963
0.605347 0.671048
0.599748 0.672257
0.600062 0.675829
0.605092 0.662023
0.609572 0.667233
0.605028 0.682596
0.593359 0.676541
0.606470 0.704575
0.610410 0.707874
0.602784 0.706501
0.608248 0.711886
0.605419 0.714554
0.594723 0.709643
0.601630 0.702723
0.586778 0.712043
0.607548 0.739891
0.593663 0.742647
0.605407 0.747290
0.571489 0.750560
0.569956 0.758959
0.563913 0.761753
0.563027 0.766788
0.587189 0.747171
0.556836 0.728629
0.544152 0.728040
0.537863 0.727597
0.562456 0.735089
0.554461 0.744105
0.559838 0.751516
0.533621 0.751926
0.536314 0.736347
0.548054 0.748432
0.542209 0.742313
0.535714 0.742449
0.563721 0.727400
0.522619 0.702892
0.530682 0.691364
0.524641 0.694810
0.521451 0.701239
0.518595 0.697037
0.531127 0.724004
0.518499 0.725091
0.517419 0.730691
0.520031 0.716790
0.521485 0.741908
0.527052 0.747148
0.527555 0.747536
0.523097 0.737252
0.528009 0.742719
0.522520 0.737349
0.509368 0.738418
0.497559 0.732153
0.512440 0.723436
0.515511 0.708051
0.517060 0.704421
0.503406 0.707624
0.509183 0.703426
0.573193 0.678595
0.561078 0.674819
0.553312 0.675918
0.555026 0.675154
0.541361 0.674989
0.533763 0.679233
0.527722 0.682446
0.558998 0.758297
0.536579 0.757638
0.436300 0.678639
0.421362 0.688237
0.423089 0.683853
0.429544 0.683908
0.423091 0.684241
0.506605 0.615322
0.492600 0.610842
0.494490 0.612609
0.479287 0.619325
0.486880 0.613188
0.488421 0.607072
0.482367 0.606763
0.467174 0.616663
0.470257 0.605056
0.461113 0.613966
0.455064 0.614592
0.462656 0.608378
0.456960 0.607963
0.458146 0.602721
0.438305 0.587914
0.442937 0.607625
0.436875 0.604888
0.444480 0.602150
0.438421 0.600464
0.432290 0.595803
0.432354 0.595906
0.437570 0.592153
0.404902 0.674247
0.389133 0.687010
0.384658 0.683230
0.392794 0.673410
0.391251 0.678685
0.386744 0.673838
0.383047 0.681301
0.400456 0.630433
0.398519 0.640407
0.397332 0.638984
0.401980 0.619298
0.404306 0.622287
0.402394 0.620736
0.401992 0.622759
0.399672 0.616858
0.399251 0.612394
0.398106 0.610283
0.389864 0.615771
0.379301 0.609573
0.385357 0.611033
0.377758 0.614999
0.407308 0.660735
0.401916 0.657430
0.400389 0.667637
0.397470 0.647988
0.399108 0.652671
0.392359 0.644034
0.391080 0.642253
0.395881 0.663044
0.370489 0.620781
0.364108 0.619672
0.356516 0.625849
0.350462 0.625155
0.342859 0.628045
0.329776 0.625510
0.336816 0.631093
0.331827 0.627385
0.492451 0.723994
0.474547 0.717452
0.480605 0.719083
0.475209 0.718105
0.470083 0.714765
0.468696 0.713883
0.468880 0.717777
0.462836 0.716653
0.413961 0.697451
0.407905 0.696422
0.494266 0.717812
0.497358 0.708948
0.476109 0.717818
0.483702 0.711670
0.464248 0.704726
0.463464 0.710474
0.459440 0.703727
0.457949 0.712318
0.453311 0.693764
0.442452 0.688298
0.424107 0.688497
0.422757 0.689283
0.415357 0.691943
0.411631 0.695237
0.395029 0.694706
0.395799 0.695638
0.389510 0.692108
0.384354 0.688511
0.389475 0.696640
0.388403 0.695642
0.382255 0.685563
0.139131 0.692255
0.139787 0.696767
0.323221 0.625816
0.324382 0.626977
0.317085 0.626839
0.317878 0.627135
0.315937 0.624534
0.304972 0.623899
0.312578 0.621727
0.323452 0.634008
0.317927 0.633868
0.317109 0.633880
0.292861 0.621949
0.286809 0.621830
0.271600 0.626740
0.279208 0.625404
0.279221 0.629586
0.273452 0.625183
0.267330 0.624286
0.278589 0.633272
0.258673 0.626036
0.251888 0.628286
0.259490 0.625062
0.253443 0.626569
0.239781 0.627345
0.204881 0.640160
0.206881 0.636813
0.194261 0.648110
0.187746 0.661771
0.189758 0.669868
0.188159 0.659907
0.194674 0.661555
0.192526 0.665755
0.194190 0.670611
0.186643 0.673263
0.187477 0.678222
0.186507 0.678495
0.192558 0.652197
0.180086 0.669572
0.174626 0.666804
0.175233 0.669552
0.180591 0.673315
0.180173 0.678182
0.154391 0.669314
0.153275 0.677114
0.161392 0.667755
0.154822 0.673349
0.159624 0.668820
0.152480 0.683488
0.146726 0.684647
0.158579 0.677612
0.232183 0.631708
0.220080 0.632434
0.099828 0.686502
0.099228 0.692596
0.099434 0.696460
0.093074 0.691780
0.092627 0.696718
0.086922 0.690956
0.085736 0.698695
0.080511 0.693076
0.044131 0.672178
0.038073 0.670545
0.096058 0.634487
0.095749 0.638852
0.089254 0.635492
0.087377 0.638240
0.082832 0.639823
0.105491 0.653005
0.107568 0.678472
0.101739 0.678021
0.109488 0.668681
0.105398 0.662100
0.118931 0.687170
0.124765 0.693294
0.110931 0.687395
0.112315 0.692055
0.105483 0.695190
0.065373 0.661544
0.076883 0.649927
0.073153 0.653296
0.074512 0.651120
0.100907 0.647783
0.101207 0.651388
0.089893 0.642554
0.083652 0.641138
0.077110 0.645372
0.094148 0.684606
0.088100 0.685893
0.095692 0.679641
0.094950 0.679912
0.085189 0.687141
0.014421 0.616547
0.003321 0.612878
0.002068 0.614308
0.020349 0.625447
0.025386 0.640853
0.026044 0.635491
0.027584 0.636654
0.023048 0.615640
0.010925 0.610006
0.004879 0.611673
0.057779 0.667125
0.051727 0.667236
0.053274 0.663091
0.047223 0.663622
0.060868 0.657239
0.036581 0.665210
0.039621 0.667074
0.030184 0.659679
0.029041 0.655684
0.685370 0.656742
0.672816 0.657400
0.690432 0.650062
0.688172 0.654236
0.680440 0.658552
0.665154 0.659079
0.653389 0.657644
0.640228 0.658395
0.634169 0.657307
0.653346 0.662185
0.598082 0.641221
0.594344 0.624820
0.588115 0.624206
0.586904 0.634414
0.585828 0.639429
0.587982 0.628985
0.622633 0.649095
0.616429 0.648411
0.611158 0.648457
0.576306 0.617815
0.564187 0.613157
0.571068 0.613366
0.565637 0.610526
0.561902 0.614159
0.577566 0.617645
0.580789 0.635492
0.580671 0.635279
0.576335 0.626698
0.573443 0.633981
0.574803 0.635457
0.568725 0.627162
0.570965 0.629144
0.564201 0.617704
0.570873 0.618332
0.570267 0.621675
0.525267 0.579559
0.520338 0.578178
0.508209 0.570980
0.492304 0.579486
0.479360 0.583483
0.496100 0.569483
0.482455 0.575539
0.530045 0.588640
0.528824 0.585845
0.530919 0.589812
0.529923 0.595023
0.530923 0.591127
0.516275 0.610515
0.508151 0.611109
0.514209 0.612829
0.528702 0.581229
0.496026 0.605104
0.501628 0.607880
0.477851 0.599048
0.488515 0.577802
0.447530 0.580906
0.449072 0.574944
0.447354 0.575960
0.474839 0.574695
0.477062 0.572132
0.468712 0.571039
0.456667 0.569817
0.453401 0.572460
0.450747 0.580962
0.442314 0.584030
0.443313 0.588608
