2.138072 0.733378
2.100665 0.703979
2.095220 0.701681
2.061226 0.709502
2.088555 0.703400
2.074895 0.705023
2.080959 0.701418
2.076447 0.701725
2.065522 0.707404
2.068838 0.705428
2.035410 0.730183
2.028754 0.732869
2.055288 0.720076
2.049086 0.721870
2.043044 0.726480
2.030885 0.736430
2.023282 0.736813
2.017232 0.734259
2.015687 0.733971
2.015928 0.732633
2.013230 0.733000
2.009647 0.727545
2.013826 0.726357
2.009396 0.726689
2.012733 0.720519
2.009674 0.715717
1.997579 0.708198
2.005175 0.710706
1.999430 0.707319
2.024499 0.738647
1.958355 0.707856
1.952105 0.704488
1.946044 0.706857
1.983926 0.706256
1.992383 0.707273
1.976819 0.707780
1.979452 0.707413
1.967311 0.703288
1.953653 0.703876
1.947593 0.704930
1.823239 0.719864
1.912653 0.715849
1.906608 0.711196
1.932378 0.710423
1.927872 0.708361
1.908142 0.715920
1.921392 0.713419
1.900544 0.714632
1.888094 0.719924
1.880822 0.718520
1.882189 0.719779
1.876316 0.716602
1.902069 0.738413
1.901908 0.738418
1.902080 0.718682
1.896031 0.716010
1.861110 0.718213
1.868340 0.719980
1.870257 0.717805
1.847903 0.719914
1.842943 0.717579
1.856587 0.723787
1.844473 0.724257
1.830810 0.727241
1.836796 0.719732
1.818962 0.731887
1.783697 0.764088
1.783493 0.757439
1.782981 0.751343
1.770022 0.771865
1.763965 0.772343
1.757905 0.773969
1.755023 0.769734
1.753056 0.763460
1.770069 0.751547
1.764013 0.751396
1.750863 0.757464
1.756962 0.757295
1.757946 0.756045
1.751897 0.753252
1.754531 0.751013
1.752801 0.744744
1.777827 0.769696
1.771579 0.767018
1.778211 0.763370
1.777655 0.758174
1.777186 0.757259
1.777395 0.756881
1.772754 0.763047
1.759103 0.769505
1.766396 0.763099
1.756616 0.756897
1.771610 0.753569
1.773159 0.751592
1.779281 0.750657
1.773353 0.750532
1.779608 0.744349
1.765556 0.752771
1.770544 0.744288
1.766151 0.744440
1.759500 0.752506
1.752782 0.750753
1.760224 0.744311
1.755048 0.744391
1.692695 0.780669
1.744288 0.756578
1.738230 0.757409
1.733718 0.758625
1.732171 0.758939
1.720057 0.759940
1.747391 0.751418
1.712444 0.765356
1.713990 0.764569
1.706082 0.769728
1.694260 0.772285
1.700328 0.766759
1.701876 0.765442
1.798968 0.734422
1.810397 0.726053
1.810323 0.719838
1.804375 0.725933
1.797216 0.726093
1.797131 0.719883
1.785301 0.738354
1.792233 0.731964
1.784831 0.725935
1.809584 0.712731
1.778415 0.738381
1.765592 0.737039
1.764396 0.732400
1.771670 0.727604
1.770698 0.719992
1.765056 0.719764
1.755402 0.738556
1.755593 0.732323
1.758460 0.738208
1.758459 0.726143
1.758696 0.713493
1.751813 0.707359
1.751831 0.694893
1.745965 0.713420
1.690293 0.731931
1.745463 0.707318
1.745246 0.701145
1.741959 0.700879
1.739118 0.707275
1.732946 0.700956
1.719594 0.701045
1.745387 0.694876
1.739213 0.694787
1.733166 0.694666
1.726795 0.688398
1.726281 0.686559
1.721692 0.694680
1.722703 0.688464
1.706410 0.707324
1.713102 0.694811
3.402689 0.744024
3.376914 0.746848
3.384512 0.748434
3.379003 0.748084
3.357223 0.737102
3.373102 0.742274
3.373369 0.741879
3.372418 0.740510
3.371427 0.735859
3.370890 0.733011
3.358751 0.744304
3.363678 0.742097
3.357680 0.742276
3.367200 0.735926
3.366360 0.741223
3.345106 0.739326
3.339068 0.731631
3.353103 0.741810
3.340990 0.735461
3.338488 0.729180
3.313339 0.714130
3.329128 0.723157
3.326044 0.716862
3.314889 0.712270
3.308841 0.708616
3.299693 0.709567
3.295193 0.704651
3.287088 0.710859
3.281525 0.709197
3.287585 0.707224
3.289137 0.704863
3.275476 0.706469
3.283078 0.706128
3.277035 0.700219
3.228395 0.729530
3.216288 0.727515
3.263750 0.722686
3.269613 0.716643
3.262395 0.716520
3.254515 0.717102
3.256378 0.716636
3.248169 0.716652
3.267780 0.710803
3.261803 0.713217
3.262049 0.710603
3.263363 0.706974
3.255048 0.710729
3.255757 0.708940
3.249465 0.710436
3.248153 0.709996
3.242100 0.708945
3.257298 0.710420
3.257314 0.710193
3.244563 0.710132
3.230984 0.729215
3.234903 0.723050
3.240012 0.716909
3.238848 0.710650
3.237566 0.718919
3.241531 0.716536
3.241277 0.710292
3.224176 0.729023
3.229642 0.722582
3.189600 0.729528
3.203667 0.729121
3.210228 0.729194
3.203314 0.723110
3.196586 0.722714
3.211777 0.727467
3.192044 0.736353
3.195625 0.735219
3.185978 0.740520
3.184447 0.734712
3.176848 0.733418
3.164745 0.729643
3.164080 0.723161
3.178393 0.733413
3.160245 0.724957
3.143310 0.747553
3.139935 0.747626
3.140631 0.741237
3.136117 0.741573
3.134417 0.750463
3.132876 0.748897
3.126821 0.748288
3.135307 0.735320
3.131638 0.735601
3.126510 0.729015
3.140002 0.728777
3.133176 0.728977
3.126526 0.722777
3.125698 0.716756
3.151101 0.724052
3.152648 0.722958
3.145050 0.721578
3.146598 0.720266
3.154192 0.723975
3.147753 0.722397
3.139704 0.716692
3.140545 0.719342
3.134321 0.722480
3.132943 0.719949
3.116665 0.741232
3.123552 0.735520
3.119756 0.729075
3.117848 0.728772
3.119288 0.718747
3.113228 0.720887
3.120464 0.722667
3.121576 0.722417
3.117292 0.722522
3.112879 0.716207
3.107220 0.699674
3.101168 0.697736
3.095141 0.697987
3.106226 0.709857
3.106653 0.703624
3.102714 0.697920
3.472305 0.717526
3.467954 0.713998
3.475539 0.720572
3.463456 0.708216
3.450461 0.736242
3.452936 0.730055
3.449465 0.729650
3.437621 0.737069
3.436078 0.736046
3.439368 0.735650
3.443569 0.729509
3.443179 0.729472
3.448213 0.725861
3.441952 0.723663
3.443238 0.723233
3.436115 0.719869
3.455400 0.704854
3.455866 0.703483
3.448231 0.711260
3.449735 0.704646
3.434948 0.717565
3.436007 0.711053
3.439428 0.716929
3.439254 0.710685
3.434622 0.710993
3.442199 0.707680
3.437897 0.704376
3.443754 0.703554
3.457408 0.704947
3.438204 0.710549
3.430021 0.736689
3.418275 0.741814
3.417906 0.737909
3.428483 0.733327
3.416371 0.733418
3.417804 0.729442
3.417724 0.729411
3.410308 0.736625
3.411867 0.741791
3.411352 0.735548
3.400693 0.748212
3.392110 0.749462
3.423830 0.723317
3.422457 0.720271
3.424515 0.717463
3.430950 0.717163
3.429404 0.717135
3.424564 0.723288
3.416510 0.723513
3.414326 0.723114
3.416092 0.717388
3.429269 0.710895
3.423012 0.711048
3.424037 0.705399
3.416417 0.713297
3.416499 0.711049
3.417977 0.707136
3.410352 0.717274
3.410329 0.717196
3.410255 0.716806
3.410277 0.710976
3.410151 0.710950
3.407674 0.710523
3.069793 0.697928
3.067904 0.716555
3.067755 0.716334
3.061692 0.719437
3.062571 0.710256
3.061281 0.710352
3.055639 0.717923
3.055292 0.716450
3.043520 0.720993
3.048714 0.716236
3.042001 0.716522
3.055203 0.710240
3.049480 0.710011
3.042550 0.710148
3.049602 0.709973
3.065286 0.704073
3.054961 0.704071
3.022258 0.723209
3.024223 0.716617
3.037465 0.720662
3.036360 0.716301
3.023805 0.721914
3.029869 0.718288
3.031408 0.721485
3.036846 0.709949
3.035953 0.706164
3.029405 0.710180
3.016213 0.718018
3.015695 0.716597
3.011695 0.721436
2.996204 0.710268
2.984398 0.713849
3.004096 0.720188
3.003355 0.716418
3.002897 0.722071
3.003778 0.710076
2.991329 0.722403
2.991011 0.716246
3.095114 0.697044
3.087511 0.697520
3.089062 0.695214
3.096196 0.697318
3.077206 0.703497
3.080068 0.697303
3.063243 0.717192
3.065347 0.716143
3.063798 0.715988
3.056851 0.716080
3.057190 0.715433
3.066455 0.709922
3.063797 0.709750
3.044632 0.715904
2.922713 0.722612
2.964668 0.720817
2.967776 0.722211
2.978827 0.716043
2.970867 0.716026
2.972284 0.714658
2.977786 0.710065
2.971111 0.710215
2.951001 0.725089
2.952549 0.724087
2.958612 0.720825
2.960154 0.722463
2.979870 0.721084
2.929563 0.728178
2.938457 0.722606
2.940440 0.723027
2.932582 0.722441
2.932184 0.716312
2.927157 0.722176
2.925144 0.722234
2.926452 0.716112
2.934384 0.723202
2.929083 0.709831
2.927423 0.709643
2.929373 0.703599
2.927296 0.703437
2.913393 0.734823
2.906213 0.734993
2.893515 0.747420
2.893321 0.747426
2.893378 0.737371
2.900849 0.740941
2.913657 0.728524
2.913113 0.722426
2.913068 0.722422
2.907054 0.729518
2.893656 0.728642
2.894953 0.724847
2.919191 0.718501
2.916799 0.716259
2.910701 0.716141
2.913146 0.713870
2.913185 0.696902
2.895020 0.695443
2.901079 0.694231
2.888864 0.739422
2.887559 0.734771
2.882723 0.734384
2.887334 0.728594
2.888902 0.722972
2.882296 0.728241
2.882841 0.724844
2.879730 0.728073
2.875837 0.721992
2.875250 0.720509
2.876787 0.723970
2.878984 0.721820
2.861359 0.709883
2.887378 0.713392
2.886960 0.709996
2.887644 0.709816
2.881313 0.717269
2.883838 0.716051
2.880975 0.716090
2.881108 0.709824
2.881750 0.709663
2.882861 0.716111
2.882863 0.715297
2.884898 0.703599
2.882888 0.704100
2.888329 0.697178
2.874419 0.716104
2.868883 0.715860
2.874560 0.709834
2.867674 0.709466
2.863162 0.710001
2.876873 0.715530
2.876085 0.715532
2.876834 0.709300
2.876716 0.709302
2.869389 0.715741
2.869542 0.709470
2.920699 0.735004
2.912539 0.740735
2.908566 0.744211
2.907708 0.740861
2.919907 0.728588
2.914670 0.723210
2.916312 0.722079
2.919970 0.716105
2.920745 0.714684
2.914689 0.714865
2.908607 0.725899
2.901814 0.722012
2.922081 0.709384
2.921642 0.703241
2.920784 0.698270
2.915409 0.696941
2.914733 0.695803
2.902614 0.698664
2.909314 0.696850
2.908678 0.695337
2.889657 0.696872
2.746413 0.716269
2.746186 0.715612
2.750570 0.709395
2.749612 0.703139
2.758576 0.694313
2.752515 0.696256
2.747971 0.696872
2.746362 0.696867
2.739037 0.715772
2.726562 0.709402
2.727604 0.715388
2.726716 0.709647
2.722200 0.711724
2.742121 0.703426
2.716450 0.702938
2.713077 0.701198
2.707017 0.703077
2.700965 0.701610
2.708567 0.701059
2.694898 0.706166
2.688367 0.702954
2.696439 0.707924
2.699033 0.702641
2.647809 0.732601
2.641755 0.732073
2.631260 0.727948
2.649344 0.737420
2.654886 0.734354
2.655892 0.734106
2.656967 0.728116
2.650376 0.733880
2.644274 0.740029
2.643294 0.734655
2.637244 0.732014
2.681251 0.701598
2.661487 0.723716
2.661318 0.721460
2.663749 0.715672
2.669140 0.701167
2.666988 0.709080
2.663732 0.709436
2.663076 0.704675
2.662139 0.703168
2.661594 0.703141
2.663084 0.701302
2.676947 0.702587
2.629662 0.723841
2.630167 0.715063
2.631229 0.714354
2.636367 0.709336
2.629859 0.702934
2.635936 0.709276
2.633636 0.708881
2.631608 0.708761
2.631245 0.707281
2.841908 0.707808
2.833628 0.703469
2.855565 0.707934
2.849513 0.706039
2.837397 0.708220
2.829814 0.700062
2.817714 0.694703
2.810115 0.693894
2.804058 0.694160
2.805606 0.693604
2.831355 0.701817
2.785219 0.734189
2.779799 0.740326
2.779787 0.728239
2.778221 0.724107
2.772550 0.740482
2.766063 0.740476
2.765335 0.734409
2.759508 0.734248
2.771580 0.728239
2.764842 0.728296
2.759564 0.728000
2.792472 0.721833
2.792708 0.715597
2.785598 0.721770
2.779661 0.721642
2.777300 0.715718
2.785478 0.709325
2.793178 0.709066
2.779813 0.703522
2.791949 0.693546
2.785874 0.701344
2.779821 0.700472
2.785472 0.696857
2.779672 0.696692
2.784348 0.692996
2.779846 0.689638
2.780188 0.684184
2.780027 0.684140
2.772440 0.721799
2.771627 0.715761
2.765399 0.721924
2.773711 0.709413
2.766326 0.709236
2.753643 0.721630
2.759230 0.715607
2.756974 0.709120
2.766515 0.702956
2.760538 0.702836
2.772087 0.690712
2.767080 0.696594
2.760758 0.696552
2.760124 0.693155
2.766154 0.690570
2.754049 0.701234
2.754665 0.696462
2.754067 0.693664
2.746911 0.696474
2.748006 0.695755
2.605153 0.746213
2.624331 0.733874
2.625139 0.729024
2.627918 0.727507
2.625156 0.721743
2.625135 0.721226
2.618633 0.727460
2.613287 0.733866
2.607159 0.734149
2.603677 0.734136
2.605403 0.739119
2.610712 0.727774
2.610916 0.721491
2.603385 0.727977
2.604398 0.721492
2.598991 0.739952
2.592689 0.733669
2.598234 0.727646
2.592697 0.727429
2.610006 0.698670
2.602904 0.690411
2.623656 0.701668
2.609380 0.715080
2.611551 0.698981
2.599156 0.714967
2.599407 0.713125
2.599170 0.696253
2.585778 0.700744
2.589925 0.696406
2.585276 0.696454
2.593145 0.696092
2.579722 0.700659
2.573671 0.698266
2.578970 0.696405
2.597927 0.684552
2.591870 0.685119
2.585795 0.693137
2.585813 0.685416
2.573681 0.693949
2.579740 0.692972
2.579802 0.683740
2.584281 0.679420
2.577740 0.677883
2.572179 0.675374
2.598962 0.690064
2.593503 0.689834
2.586745 0.689883
2.539125 0.690373
2.533017 0.690268
2.527923 0.690253
2.532722 0.688232
2.532734 0.682924
2.525256 0.683965
2.570727 0.696079
2.558508 0.681221
2.567655 0.681230
2.560049 0.683190
2.546399 0.679998
2.552458 0.678593
2.554765 0.683514
2.554002 0.679550
2.534279 0.683255
2.540338 0.682337
2.522157 0.687625
2.516103 0.687064
2.409902 0.701615
2.400073 0.696170
2.397419 0.689994
2.393218 0.677329
2.481158 0.699469
2.502432 0.692945
2.507523 0.689877
2.500896 0.688714
2.506961 0.684914
2.482518 0.696111
2.496381 0.690702
2.475101 0.700123
2.462209 0.702749
2.462990 0.699858
2.476650 0.698480
2.470587 0.701864
2.441704 0.711702
2.429422 0.708829
2.423546 0.707298
2.425091 0.707482
2.450865 0.705258
2.444804 0.707443
2.419030 0.709827
2.411871 0.708350
2.405440 0.708330
2.399471 0.708212
2.406183 0.701934
2.405394 0.700401
2.399349 0.695982
2.398142 0.683575
2.373548 0.709706
2.367166 0.714387
2.372912 0.702083
2.367214 0.708139
2.366065 0.702161
2.373761 0.695658
2.357021 0.702027
2.355199 0.702400
2.360325 0.701982
2.360410 0.695727
2.335076 0.714915
2.340172 0.711574
2.336447 0.708706
2.338636 0.707924
2.347766 0.715100
2.347785 0.706775
2.353843 0.705768
2.352300 0.704828
2.353831 0.695741
2.353723 0.695731
2.391293 0.671198
2.385737 0.675856
2.373402 0.683263
2.367089 0.683217
2.372084 0.674035
2.355509 0.689934
2.359040 0.683589
2.360507 0.689469
2.357366 0.689555
2.320418 0.729934
2.326479 0.727364
2.319512 0.727340
2.319844 0.721022
2.314359 0.730789
2.312814 0.730844
2.308307 0.729318
2.306765 0.727995
2.306498 0.721108
2.322538 0.733018
2.331170 0.726919
2.333829 0.720789
2.302256 0.726988
2.300732 0.717769
2.296245 0.714598
2.294413 0.714191
2.297085 0.708377
2.295491 0.708145
2.289666 0.707992
2.282589 0.706765
2.276536 0.705631
2.304151 0.696038
2.307609 0.689658
2.313637 0.683550
2.308412 0.683589
2.300763 0.704267
2.295626 0.701878
2.302515 0.695559
2.300817 0.680809
2.302346 0.688091
2.296277 0.689261
2.303080 0.682962
2.299103 0.683065
2.302366 0.679290
2.289057 0.701891
2.282015 0.702015
2.282604 0.700440
2.290208 0.699062
2.275533 0.702008
2.277344 0.695365
2.288697 0.684530
2.282641 0.684179
2.276578 0.687251
2.276396 0.683460
2.290244 0.689156
2.380092 0.708173
2.386160 0.689561
2.268108 0.708473
2.262051 0.708356
2.261585 0.702246
2.249226 0.703741
2.242480 0.702137
2.231040 0.711624
2.234498 0.708043
2.229996 0.708233
2.230609 0.701850
2.229538 0.693040
2.242668 0.695855
2.237120 0.700859
2.237536 0.695518
2.231170 0.695484
2.231078 0.695359
2.237136 0.694095
2.218933 0.709253
2.224991 0.708350
2.223458 0.703345
2.224616 0.702029
2.227237 0.695842
2.268920 0.711629
2.274286 0.708365
2.270469 0.710522
2.256906 0.708051
2.268544 0.702128
2.272601 0.695859
2.274059 0.695491
2.269056 0.689532
2.244708 0.706942
2.205844 0.714569
2.203337 0.714627
2.204311 0.714379
2.201395 0.714483
2.209804 0.701777
2.206172 0.708339
2.204756 0.702075
2.191609 0.713653
2.197670 0.711236
2.192433 0.707874
2.199290 0.707799
2.184014 0.710670
2.178288 0.708230
2.171897 0.712750
2.166542 0.720308
2.163949 0.720439
2.165645 0.714282
2.159764 0.722377
2.159382 0.720456
2.160780 0.702090
2.159098 0.708057
2.159736 0.701667
2.173436 0.716039
2.174706 0.714009
2.177618 0.707817
2.168835 0.720155
2.132421 0.734603
2.135978 0.733219
2.133098 0.732982
2.128120 0.733068
2.132429 0.730813
2.138504 0.722357
2.136153 0.720751
2.132470 0.726513
2.156127 0.707825
2.145159 0.702065
2.152216 0.698589
2.146162 0.698013
2.154383 0.701406
2.153433 0.695299
2.153769 0.695200
2.147701 0.700885
2.132509 0.696354
2.141650 0.698906
2.134051 0.697610
2.127926 0.727455
2.127932 0.725100
2.116021 0.701656
2.121940 0.697490
2.120393 0.697820
2.115879 0.699597
2.102726 0.701299
1.223417 0.693542
1.212066 0.693440
1.204830 0.693362
1.198771 0.694825
1.192721 0.692036
1.191179 0.690747
1.171440 0.702148
1.159313 0.708730
1.172990 0.699863
1.179058 0.694468
1.180597 0.697722
1.168163 0.705521
1.151710 0.709213
1.145642 0.714686
1.137687 0.717856
1.141126 0.716894
1.133521 0.718413
1.112606 0.737218
1.106074 0.737225
1.106164 0.736812
1.106894 0.730777
1.081975 0.722261
1.080430 0.721547
1.127081 0.724381
1.120908 0.724301
1.128688 0.717784
1.108119 0.724244
1.115350 0.719993
1.109125 0.717784
1.095638 0.719660
1.081655 0.717652
1.068042 0.711947
1.075934 0.715663
1.062293 0.708494
1.057782 0.709102
1.051192 0.705395
1.035855 0.705708
1.036538 0.702471
1.042596 0.701419
1.022866 0.709031
1.023983 0.705416
1.038095 0.697345
0.990314 0.718172
0.984235 0.724291
0.984431 0.718007
0.978514 0.718179
0.977364 0.717504
0.990448 0.705674
0.984222 0.699368
0.973062 0.711834
0.973312 0.705605
0.930757 0.717316
0.915230 0.730427
0.915772 0.729907
0.913813 0.730226
0.909171 0.731637
0.908323 0.729984
0.907636 0.727348
0.918015 0.723704
0.914100 0.723922
0.907217 0.724014
0.907803 0.717635
0.913716 0.716725
0.927378 0.714509
0.933435 0.714268
0.936122 0.711550
0.930928 0.711077
0.933666 0.705267
0.932695 0.704865
0.933419 0.699026
0.953231 0.677970
0.946625 0.674059
0.934807 0.692473
0.937877 0.686231
0.933358 0.686551
0.933832 0.679922
0.925211 0.673922
0.927477 0.671783
0.933536 0.670122
0.935765 0.673552
0.930086 0.673619
0.928648 0.673683
0.935080 0.671097
1.010757 0.708073
1.004702 0.707415
0.997111 0.703096
0.998658 0.702321
1.012316 0.702065
1.018372 0.701683
1.006315 0.704989
0.985270 0.711563
0.991037 0.710552
0.978586 0.711606
0.984886 0.705425
0.992605 0.701000
0.989241 0.699243
0.978621 0.705364
0.986560 0.696131
0.985014 0.696141
0.978966 0.693019
0.966878 0.682705
0.974465 0.688703
0.960828 0.680478
0.948725 0.676555
0.861747 0.692834
0.861928 0.686553
0.901582 0.726468
0.901023 0.723935
0.895532 0.723943
0.895055 0.723686
0.901340 0.717556
0.901867 0.711263
0.900910 0.705264
0.894629 0.705373
0.887980 0.702342
0.881943 0.694101
0.890137 0.704882
0.889536 0.697463
0.889018 0.692517
0.889658 0.692368
0.883491 0.693048
0.875895 0.690484
0.870083 0.686139
0.869852 0.685229
0.856177 0.692700
0.858487 0.686395
0.862252 0.684221
0.863795 0.685387
0.857734 0.687313
0.843894 0.711112
0.842896 0.705121
0.836873 0.704999
0.843159 0.699004
0.842501 0.700940
0.823219 0.711393
0.824317 0.707692
0.797002 0.708329
0.811126 0.711160
0.819298 0.710789
0.818260 0.708209
0.812210 0.705945
0.804598 0.710588
0.806150 0.707866
0.801957 0.704878
0.798560 0.702872
0.846439 0.704885
0.852513 0.704620
0.852177 0.698374
0.851153 0.698472
0.847615 0.698667
0.850112 0.697045
0.851644 0.692129
0.851668 0.692025
0.838229 0.710921
0.837973 0.708552
0.831918 0.708213
0.675370 0.723391
0.680951 0.717393
0.643408 0.679610
0.636402 0.677932
0.637948 0.677795
0.630350 0.675947
0.631899 0.674505
0.612155 0.687675
0.610620 0.683375
0.619145 0.679412
0.619781 0.677309
0.598053 0.685791
0.584853 0.682403
0.605659 0.691759
0.600039 0.689762
0.790954 0.704746
0.790634 0.698437
0.784912 0.698660
0.786466 0.694699
0.778865 0.694649
0.773600 0.691914
0.772832 0.684753
0.747033 0.710921
0.746983 0.710926
0.754607 0.709953
0.748548 0.704710
0.746525 0.704802
0.747265 0.698389
0.757334 0.704483
0.766779 0.683568
0.759193 0.677014
0.748605 0.686471
0.748444 0.685653
0.753143 0.674809
0.746269 0.673478
0.747020 0.679353
0.734884 0.714472
0.719659 0.723906
0.719602 0.723728
0.721204 0.723957
0.721921 0.723344
0.723486 0.717133
0.740670 0.710879
0.740509 0.704681
0.726875 0.711066
0.719715 0.711235
0.727890 0.704586
0.713842 0.723536
0.713845 0.717301
0.712162 0.717331
0.701313 0.723415
0.699960 0.717715
0.715143 0.725931
0.693887 0.724686
0.695027 0.723667
0.701214 0.729605
0.695432 0.725151
0.690079 0.729414
0.713949 0.704809
0.700530 0.704914
0.688703 0.704612
0.715205 0.699051
0.715535 0.698197
0.715491 0.691970
0.732317 0.667400
0.721343 0.663518
0.740981 0.696200
0.722878 0.668046
0.729502 0.666810
0.709757 0.691799
0.702179 0.698271
0.706086 0.691875
0.701922 0.692096
0.703124 0.685684
0.703135 0.685583
0.694946 0.698444
0.695952 0.691968
0.690268 0.698022
0.709234 0.662335
0.709201 0.661150
0.706208 0.661090
0.707696 0.659196
0.703174 0.664471
0.701627 0.664755
0.694840 0.667108
0.689514 0.665314
0.710261 0.666742
0.681774 0.725786
0.675720 0.725137
0.681557 0.723471
0.673979 0.723274
0.681807 0.711302
0.675627 0.717094
0.675601 0.717065
0.676778 0.710593
0.686182 0.698148
0.681893 0.698075
0.675842 0.671773
0.669794 0.668675
0.651598 0.680484
0.654460 0.679261
0.657675 0.671337
0.527203 0.706078
0.574264 0.692419
0.576186 0.691527
0.573951 0.691870
0.576832 0.685687
0.559676 0.691852
0.556096 0.691952
0.560596 0.696702
0.554541 0.696139
0.552996 0.696021
0.540879 0.698246
0.534820 0.699521
0.519604 0.705562
0.513542 0.707539
0.515966 0.704097
0.509044 0.702377
0.507498 0.702630
0.501441 0.702861
0.487991 0.704341
0.481720 0.706570
0.379094 0.703899
0.378650 0.703280
0.372596 0.702367
0.364059 0.697922
0.460419 0.704297
0.455944 0.709583
0.444822 0.704006
0.469617 0.702682
0.451440 0.706704
0.437798 0.699602
0.431753 0.695489
0.429390 0.691655
0.430218 0.690730
0.424148 0.696633
0.418094 0.695846
0.425481 0.697483
0.404342 0.704096
0.410849 0.697555
0.398153 0.703960
0.392303 0.705531
0.386245 0.706221
0.380182 0.709419
0.375880 0.703575
0.113260 0.745457
0.120868 0.743140
0.123071 0.740804
0.118940 0.741142
0.123071 0.734566
0.100556 0.747188
0.108742 0.748690
0.107198 0.748286
0.102554 0.752967
0.125255 0.728367
0.120200 0.728696
0.120093 0.722459
0.114887 0.710181
0.107267 0.718020
0.101212 0.717635
0.102772 0.711303
0.133127 0.679176
0.127058 0.684255
0.120991 0.689250
0.117817 0.684566
0.110462 0.678193
0.108863 0.678588
0.102852 0.676843
0.108068 0.672137
0.101332 0.672197
0.088916 0.740623
0.093574 0.733981
0.087164 0.734721
0.082769 0.734304
0.093590 0.722379
0.085645 0.728456
0.093722 0.716112
0.095168 0.713032
0.082215 0.728195
0.076953 0.727915
0.082529 0.721887
0.076917 0.721685
0.083052 0.714226
0.064951 0.685300
0.089934 0.678033
0.095250 0.676976
0.082390 0.665814
0.075833 0.677971
0.077033 0.671768
0.057362 0.679928
0.064091 0.671915
0.056331 0.672054
0.070232 0.665599
0.069520 0.659676
0.069502 0.659548
0.057392 0.666715
0.063665 0.665613
0.057400 0.663529
0.063463 0.660469
0.063418 0.659440
0.056983 0.659422
0.051689 0.684078
0.044482 0.677998
0.018995 0.690338
0.031594 0.679359
0.022889 0.684054
0.018943 0.684113
0.025542 0.677323
0.051344 0.663629
0.044041 0.671870
0.037053 0.671991
0.045381 0.665321
0.040061 0.665642
0.051356 0.658367
0.045538 0.659051
0.044591 0.659091
0.040715 0.659418
0.043761 0.655529
0.030058 0.675237
0.024003 0.674811
0.014666 0.671820
0.339230 0.700831
0.354433 0.700653
0.358942 0.701006
0.352890 0.699292
0.348506 0.697214
0.347944 0.697233
0.313448 0.706544
0.327113 0.703064
0.328660 0.702505
0.335485 0.703447
0.314989 0.708070
0.321046 0.707996
0.322292 0.703409
0.261927 0.698856
0.262319 0.678872
0.303399 0.710083
0.297696 0.716216
0.302863 0.714296
0.293717 0.714162
0.288426 0.710014
0.295256 0.717229
0.289469 0.716069
0.289201 0.715936
0.283156 0.711370
0.281902 0.703785
0.279280 0.697573
0.277306 0.697103
0.275595 0.693931
0.263474 0.698519
0.271076 0.697604
0.269537 0.695029
0.255182 0.703966
0.249797 0.706606
0.246449 0.703611
0.242182 0.712680
0.242882 0.710009
0.239374 0.710137
0.242196 0.706186
0.232304 0.703205
0.239862 0.697253
0.255911 0.681378
0.253941 0.678805
0.255919 0.677832
0.236182 0.687961
0.232990 0.685068
0.229690 0.685131
0.230139 0.682830
0.237721 0.690782
0.233817 0.684668
0.232133 0.684529
0.231684 0.682922
0.225530 0.715734
0.225638 0.715711
0.217689 0.703564
0.210383 0.701214
0.217190 0.697458
0.216334 0.690988
0.224069 0.688885
0.225627 0.683101
0.211235 0.697317
0.207831 0.697484
0.204473 0.684539
0.212724 0.690734
0.205930 0.690796
0.251349 0.703790
0.257405 0.703545
0.257604 0.703419
0.245297 0.702090
0.238627 0.697009
0.197150 0.678568
0.190067 0.672198
0.186236 0.667875
0.161657 0.665551
0.152456 0.665679
0.173560 0.659573
0.159235 0.659909
0.159550 0.653593
0.128039 0.734278
0.128576 0.721792
0.135031 0.690621
0.134646 0.690264
0.123938 0.709248
0.122163 0.709294
0.122592 0.702966
0.121277 0.690790
0.122663 0.696746
0.128992 0.690515
0.116060 0.696730
0.115606 0.690593
0.133797 0.684681
0.139302 0.678315
0.148670 0.678015
0.145105 0.672187
0.146811 0.666933
0.148109 0.671901
0.128601 0.685731
0.115431 0.684397
0.103425 0.684168
1.654113 0.763472
1.647542 0.763490
1.635104 0.779496
1.638138 0.775860
1.641174 0.772869
1.642090 0.769452
1.629843 0.775503
1.686633 0.783434
1.679983 0.782211
1.679821 0.776020
1.687558 0.775715
1.687889 0.769402
1.675798 0.769498
1.669398 0.769798
1.681468 0.763145
1.674218 0.763231
1.680644 0.753808
1.683554 0.750931
1.682182 0.757456
1.682185 0.756244
1.686119 0.750574
1.674584 0.755784
1.661101 0.763348
1.668546 0.757310
1.667370 0.750945
1.689122 0.762893
1.648802 0.761482
1.654965 0.750788
1.644119 0.756520
1.649245 0.750593
1.644322 0.748311
1.638808 0.775471
1.615392 0.778867
1.621451 0.777603
1.616111 0.775670
1.613496 0.775814
1.624589 0.775608
1.624553 0.773024
1.613528 0.769578
1.622034 0.769323
1.608937 0.763253
1.618030 0.756522
1.612058 0.762909
1.617316 0.750445
1.611137 0.750368
1.618555 0.747496
1.607214 0.756984
1.604118 0.750484
1.598835 0.750356
1.600650 0.750236
1.598550 0.750202
1.660960 0.741508
1.654906 0.740732
1.648622 0.744512
1.641337 0.738485
1.630687 0.738954
1.635611 0.732158
1.628582 0.732020
1.629104 0.725814
1.628710 0.725787
1.628342 0.725375
1.650170 0.700826
1.655005 0.697679
1.630742 0.714599
1.629366 0.713281
1.632316 0.707152
1.636825 0.703212
1.682322 0.744670
1.680392 0.744710
1.681439 0.744447
1.683088 0.738450
1.682208 0.746062
1.680897 0.744244
1.682221 0.740281
1.688290 0.734678
1.686745 0.734609
1.686180 0.725618
1.673962 0.744690
1.661533 0.744540
1.686353 0.719383
1.687492 0.713395
1.684712 0.713115
1.684640 0.706875
1.682857 0.706705
1.669105 0.700640
1.670193 0.703955
1.662594 0.703041
1.655553 0.744408
1.643584 0.744162
1.631491 0.743958
1.644421 0.705303
1.638358 0.708302
1.616181 0.732021
1.626890 0.731590
1.620118 0.725236
1.618192 0.725301
1.618911 0.725148
1.604990 0.744468
1.603376 0.737129
1.609434 0.736383
1.610312 0.744161
1.604919 0.738233
1.604161 0.737815
1.602928 0.725854
1.610991 0.731237
1.614670 0.725522
1.624867 0.719476
1.624675 0.719913
1.624678 0.718294
1.618610 0.723652
1.604968 0.716990
1.609479 0.716788
1.603426 0.715386
1.612563 0.719584
1.598933 0.707981
1.578957 0.706979
1.571619 0.707443
1.565558 0.709957
1.592882 0.705950
1.585272 0.709224
1.586820 0.708517
1.573161 0.709402
1.568252 0.712617
1.506127 0.719336
1.506412 0.712795
1.494278 0.722566
1.488226 0.720865
1.474571 0.720005
1.482164 0.723483
1.476110 0.722780
1.454879 0.710458
1.468515 0.719956
1.464019 0.713867
1.444317 0.708592
1.551920 0.701111
1.560191 0.706620
1.553459 0.704347
1.545859 0.703928
1.541350 0.703378
1.561050 0.709135
1.533748 0.703470
1.535298 0.701574
1.526131 0.710651
1.527682 0.708147
1.513891 0.712853
1.509820 0.706507
1.504743 0.712654
1.507974 0.706041
1.515566 0.709481
1.509514 0.708367
1.501921 0.718836
1.495827 0.721050
1.429113 0.709315
1.424618 0.703047
1.438259 0.709565
1.410811 0.700118
1.404913 0.699390
1.406458 0.699355
1.412515 0.698837
1.398850 0.702118
1.386747 0.698444
1.365480 0.702081
1.371537 0.701457
1.351818 0.704194
1.353370 0.701420
1.347225 0.699747
1.339708 0.703212
1.333653 0.702996
1.379136 0.702557
1.380690 0.698641
1.373081 0.702115
1.367029 0.700370
1.360966 0.703683
1.300294 0.698203
1.288200 0.690336
1.313943 0.701360
1.309443 0.696715
1.295784 0.697899
1.275695 0.693488
1.268481 0.692784
1.256371 0.692348
1.263975 0.690610
1.257923 0.689385
1.283674 0.696923
1.232122 0.703399
1.250318 0.690673
1.236660 0.690979
1.235300 0.699310
1.237563 0.693106
