3.450249 0.858928
3.437026 0.858504
3.445187 0.860515
3.439382 0.862613
3.426939 0.864113
3.425151 0.861820
3.413733 0.866616
3.401813 0.871260
3.394550 0.870691
3.390331 0.874412
3.383639 0.873701
3.382112 0.873292
3.370566 0.876575
3.365273 0.876858
3.358537 0.879408
3.357438 0.879377
3.351999 0.882634
3.335091 0.887067
3.328654 0.887118
3.283857 0.888333
3.340678 0.884494
3.333839 0.886496
3.321946 0.889764
3.315809 0.890785
3.308478 0.891465
3.303279 0.892000
3.296950 0.892401
3.289175 0.891647
3.276846 0.889995
3.275661 0.889694
3.270841 0.887976
3.258260 0.889030
3.257914 0.890965
3.270031 0.889619
3.263366 0.891657
3.251624 0.888438
3.244669 0.890280
3.238856 0.892349
3.251259 0.894227
3.237567 0.891700
3.226905 0.895440
3.220937 0.897009
3.226112 0.897692
3.220691 0.899696
3.208306 0.897902
3.201740 0.897538
3.208513 0.902046
3.201543 0.903884
3.129055 0.887963
3.115961 0.887955
3.139642 0.886108
3.121410 0.888186
3.108158 0.887073
3.113874 0.886326
3.176958 0.890827
3.188002 0.894842
3.194755 0.899297
3.182147 0.894745
3.181383 0.894305
3.173123 0.888472
3.167274 0.890419
3.154833 0.890053
3.174548 0.891705
3.168500 0.894779
3.175221 0.898282
3.156384 0.896317
3.157946 0.905116
3.164002 0.903967
3.173156 0.913918
3.167100 0.915275
3.159499 0.911746
3.146852 0.886992
3.141176 0.887887
3.134182 0.887754
3.155825 0.911259
3.102946 0.887603
3.077117 0.887549
3.070111 0.885757
3.095130 0.886680
3.089632 0.886617
3.082044 0.886427
3.069919 0.885570
3.069652 0.887756
3.066190 0.889451
3.067250 0.894549
3.064470 0.895359
3.065527 0.898760
3.042623 0.885604
3.049912 0.886533
3.044498 0.888728
3.044163 0.888852
3.036567 0.886930
3.038118 0.892952
3.032066 0.895111
3.051770 0.893863
3.057833 0.894301
3.053318 0.899514
3.059779 0.901037
3.057473 0.900156
3.059386 0.901063
3.045722 0.896954
3.048656 0.902023
3.039672 0.899742
3.060372 0.899480
3.054574 0.901606
3.048815 0.907016
3.042763 0.909380
3.029217 0.909683
3.037644 0.912942
3.030657 0.912977
2.952028 0.876052
2.944440 0.872381
2.961803 0.877915
2.931191 0.871272
2.918529 0.872064
2.943795 0.873794
2.936781 0.870799
2.923979 0.872328
2.917729 0.872979
2.970768 0.888392
2.975782 0.889131
2.978148 0.897476
2.975111 0.891041
2.981339 0.895021
2.989881 0.902088
3.008492 0.912326
2.993642 0.906590
3.016910 0.912288
3.010575 0.922489
3.010970 0.918614
3.007633 0.923704
2.998867 0.923187
3.007379 0.926344
3.001683 0.928794
3.006462 0.925170
3.000409 0.927259
2.987793 0.904282
2.983795 0.910465
2.989601 0.912754
2.986665 0.918493
2.988917 0.921758
2.992802 0.922261
2.994864 0.927612
2.991995 0.926425
2.994347 0.926923
2.853167 0.872881
2.841957 0.878345
2.827302 0.872813
2.834909 0.877953
2.905238 0.870818
2.898384 0.869521
2.885613 0.873464
2.879156 0.869947
2.873203 0.875060
2.865480 0.875250
2.855225 0.876034
2.844048 0.884355
2.838000 0.887558
2.830398 0.883886
2.831945 0.889009
2.815183 0.873726
2.801521 0.870325
2.807351 0.870813
2.781812 0.870097
2.769950 0.871555
2.789403 0.871111
2.824338 0.883991
2.751516 0.872306
2.737860 0.870163
2.737185 0.869941
2.762104 0.870299
2.749239 0.870709
2.736334 0.870469
2.743212 0.872079
2.731021 0.870873
2.718728 0.872858
2.718161 0.872579
2.711409 0.873563
2.698459 0.874304
2.706623 0.875449
2.692863 0.872687
2.673125 0.874965
2.680912 0.875777
2.668693 0.878005
2.661768 0.876473
2.654196 0.876346
2.666637 0.876614
2.648255 0.877999
2.637038 0.879986
2.624054 0.879730
2.624068 0.883241
2.635836 0.883080
2.623576 0.885155
2.617909 0.880733
2.617648 0.883350
2.610654 0.885108
2.604545 0.886857
2.591277 0.885053
2.578774 0.886434
2.566648 0.885538
2.565937 0.886572
2.553591 0.884883
2.559066 0.886685
2.546462 0.886198
2.540866 0.885466
2.539937 0.885968
2.526669 0.884804
2.514508 0.883704
2.513575 0.883835
2.494092 0.883803
2.502538 0.886731
2.494828 0.884624
2.501459 0.884959
2.482566 0.884750
2.481749 0.884849
2.476212 0.885070
2.463572 0.886149
2.468670 0.885062
2.462041 0.884948
2.455977 0.884270
2.443859 0.885259
2.431389 0.886199
2.418798 0.887221
2.406177 0.888145
2.405592 0.889742
2.393867 0.890170
2.379542 0.888973
2.366556 0.886583
2.359067 0.885385
2.187140 0.889339
2.192814 0.890306
2.174619 0.890586
2.180121 0.889815
2.166997 0.890292
2.154355 0.890717
2.149439 0.892639
2.148300 0.892160
2.135853 0.893907
2.128670 0.895071
2.346372 0.886065
2.334739 0.889856
2.327742 0.888412
2.328815 0.888386
2.314593 0.887629
2.302382 0.889868
2.290337 0.892647
2.277151 0.892899
2.280232 0.900263
2.271093 0.893651
2.266571 0.896853
2.257980 0.892351
2.245321 0.892974
2.239688 0.892332
2.226502 0.891421
2.237731 0.892204
2.232176 0.892378
2.219144 0.891977
2.206327 0.890777
2.200450 0.890648
2.124688 0.899538
2.119721 0.904351
2.125131 0.904449
2.126141 0.911203
2.121142 0.915290
2.114812 0.912814
2.102452 0.914580
2.109348 0.919484
2.096414 0.915930
2.096305 0.919043
2.089607 0.918253
2.075469 0.910791
2.081719 0.913885
2.083251 0.915383
2.039160 0.891971
2.045222 0.892251
2.051287 0.893166
2.037625 0.889615
2.012351 0.887540
2.024405 0.888285
2.061416 0.900206
2.066985 0.902560
2.058889 0.896841
1.985162 0.886597
1.999028 0.886191
1.997950 0.886217
1.992486 0.885901
1.980012 0.886519
1.966359 0.885129
1.972471 0.887289
1.960296 0.884706
1.947832 0.884115
1.940895 0.882549
1.946647 0.884233
1.928062 0.882782
1.932998 0.884063
1.913270 0.878985
1.901346 0.879854
1.894681 0.882647
1.894043 0.884110
2.122823 0.919099
2.115791 0.922946
2.087781 0.914384
2.109733 0.924218
2.102862 0.922873
1.889410 0.886462
1.877605 0.890026
1.883559 0.891897
1.884934 0.899835
1.877783 0.894082
1.871380 0.890764
1.865086 0.894756
1.872962 0.902843
1.856705 0.885043
1.849625 0.882873
1.844076 0.882470
1.838142 0.887617
1.857421 0.890846
1.841690 0.888254
1.837844 0.890147
1.832350 0.893236
1.831484 0.893168
1.813027 0.889872
1.819357 0.891966
1.825419 0.892333
1.826961 0.895992
1.812034 0.890155
1.799635 0.891790
1.774401 0.890172
1.793270 0.892071
1.784727 0.889680
1.779691 0.889905
1.773094 0.889441
1.766955 0.890452
1.762055 0.891985
1.749972 0.894653
1.755713 0.896032
1.749457 0.896452
1.741855 0.893435
1.742056 0.893635
1.723180 0.891474
1.710136 0.891028
1.716275 0.890669
1.734449 0.888590
1.708692 0.891789
1.697621 0.892294
1.678567 0.893282
1.702635 0.892478
1.690512 0.892305
1.676819 0.891121
1.671662 0.891821
1.658513 0.891034
1.651811 0.890230
1.662720 0.888936
1.886218 0.907482
1.874363 0.910861
1.875110 0.916786
1.867192 0.908553
1.599811 0.885552
1.567054 0.883956
1.580205 0.884754
1.554212 0.884167
1.547992 0.886137
1.535883 0.889141
1.638411 0.888630
1.631366 0.887424
1.637429 0.887749
1.623500 0.885676
1.605094 0.885232
1.585877 0.884787
1.592111 0.884985
1.597563 0.885276
1.585139 0.886825
1.578859 0.883871
1.578276 0.885510
1.553142 0.884178
1.547023 0.885252
1.522524 0.889499
1.509582 0.889383
1.502523 0.888378
1.489431 0.886822
1.482927 0.886657
1.470347 0.887712
1.463982 0.887997
1.451287 0.888681
1.438867 0.889483
1.438240 0.888223
1.432818 0.892214
1.439222 0.895524
1.507472 0.886090
1.476050 0.888797
1.469151 0.887362
1.417628 0.888556
1.399454 0.890767
1.405493 0.890170
1.444420 0.890844
1.438112 0.891307
1.425025 0.890726
1.426771 0.895960
1.434368 0.898272
1.434084 0.905465
1.428545 0.902082
1.429872 0.907749
1.413112 0.893113
1.419168 0.891955
1.419573 0.893951
1.422275 0.905302
1.414672 0.901643
1.400995 0.894223
1.408606 0.900110
1.402544 0.900003
1.417772 0.913233
1.425388 0.916223
1.419316 0.917597
1.405653 0.914032
1.387382 0.894190
1.381294 0.896329
1.396483 0.900122
1.377633 0.904390
1.376791 0.904002
1.373624 0.907646
1.366218 0.909553
1.373261 0.900612
1.370744 0.907215
1.359415 0.911553
1.347432 0.914541
1.341318 0.919119
1.346536 0.916011
1.303997 0.898979
1.291880 0.899955
1.278226 0.898331
1.277666 0.897668
1.313143 0.906796
1.314789 0.907665
1.335220 0.916789
1.328623 0.916323
1.327034 0.915721
1.318483 0.908694
1.320950 0.912373
1.320186 0.911843
1.321567 0.909794
1.326829 0.916418
1.326639 0.919331
1.320957 0.915886
1.320263 0.915368
1.299766 0.902996
1.286258 0.901048
1.273702 0.901058
1.266110 0.899997
1.265112 0.898798
1.260934 0.902631
1.260055 0.901316
1.248343 0.903649
1.252632 0.900166
1.235812 0.904862
1.240680 0.903232
1.234540 0.904239
1.229261 0.904544
1.216887 0.906269
1.221943 0.905236
1.209693 0.907351
1.197361 0.912709
1.191588 0.916033
1.198516 0.912938
1.193448 0.916595
1.187944 0.922121
1.187638 0.922969
1.188636 0.920225
1.189689 0.925299
1.187056 0.931166
1.187430 0.927113
1.167716 0.925678
1.160042 0.920729
1.153533 0.920550
1.183499 0.930465
1.181380 0.929814
1.182928 0.935145
1.176878 0.937786
1.184165 0.936082
1.179304 0.941240
1.182904 0.940904
1.178870 0.943305
1.178424 0.942869
1.171291 0.938050
1.161712 0.931216
1.162555 0.936363
1.165910 0.940988
1.166297 0.941421
1.169555 0.943733
1.134329 0.918303
1.141923 0.920015
1.149523 0.923045
1.129460 0.920364
1.115312 0.915151
1.109303 0.916595
1.120672 0.916164
1.096762 0.917781
1.095696 0.917814
1.094908 0.917397
1.088851 0.918421
1.077186 0.920549
1.070679 0.921193
1.069135 0.916639
1.089657 0.919147
1.071457 0.919423
1.065549 0.921193
1.057466 0.922895
1.051070 0.923080
1.045786 0.920324
1.038849 0.920953
1.058397 0.922391
1.025199 0.920488
1.011543 0.918523
0.998046 0.915064
1.000805 0.920501
1.026735 0.922938
0.985786 0.917146
0.972111 0.914975
0.978169 0.914046
0.994472 0.920891
0.981242 0.919262
0.952139 0.912701
0.945115 0.910865
0.959993 0.915798
0.968217 0.919452
0.960860 0.916522
0.947868 0.914846
0.946332 0.912362
0.919022 0.909055
0.906903 0.909496
0.932982 0.909844
0.931940 0.910004
0.928150 0.912559
0.920552 0.909985
0.895102 0.912550
0.881141 0.911493
0.882316 0.912938
0.876611 0.912584
0.868741 0.910779
0.862318 0.911348
0.855368 0.910452
0.854630 0.910414
0.856163 0.911842
0.835651 0.908518
0.841716 0.909449
0.842774 0.910281
0.823641 0.911011
0.811415 0.910427
0.809888 0.910031
0.797773 0.911780
0.792233 0.910321
0.784938 0.910025
0.790175 0.909174
0.792064 0.913236
0.772974 0.910648
0.760209 0.911101
0.753636 0.910714
0.779359 0.913887
0.772007 0.912768
0.778065 0.911859
0.758352 0.910830
0.739239 0.912874
0.746611 0.912327
0.727953 0.911134
0.733627 0.912080
0.727345 0.916127
0.688633 0.911612
0.669860 0.911086
0.662858 0.910385
0.721179 0.913557
0.715059 0.914636
0.720781 0.915771
0.702294 0.914951
0.694564 0.914471
0.687629 0.912923
0.674992 0.910281
0.661329 0.909636
0.643761 0.910156
0.630734 0.909763
0.611188 0.909161
0.649208 0.909974
0.635553 0.908337
0.623439 0.910174
0.609677 0.907753
0.603138 0.907479
0.565829 0.907615
0.591057 0.910138
0.598823 0.910916
0.585531 0.909662
0.577960 0.910068
0.572002 0.907251
0.571878 0.907241
0.571048 0.910981
0.558597 0.906030
0.565140 0.909801
0.570366 0.908228
0.550653 0.906452
0.550738 0.904986
0.532467 0.906328
0.538312 0.906532
0.534004 0.909004
0.527384 0.909438
0.520448 0.907876
0.512760 0.907001
0.525248 0.906022
0.499070 0.904847
0.500645 0.908412
0.508236 0.909588
0.494581 0.907803
0.479762 0.905015
0.467282 0.906583
0.461023 0.903517
0.459682 0.903603
0.455151 0.904547
0.453776 0.900952
0.439958 0.899945
0.443037 0.906523
0.421787 0.902701
0.427844 0.901772
0.420612 0.901569
0.474871 0.907498
0.462757 0.909204
0.457063 0.911591
0.367320 0.922552
0.305061 0.902840
0.311119 0.902038
0.311002 0.901873
0.304661 0.902234
0.338990 0.908867
0.353169 0.912972
0.362435 0.917952
0.360655 0.916311
0.355179 0.918076
0.342320 0.908040
0.346041 0.911668
0.347573 0.913488
0.355731 0.917594
0.330836 0.904260
0.318719 0.905348
0.317949 0.903457
0.314197 0.908642
0.312660 0.905852
0.307308 0.910146
0.417268 0.906695
0.407880 0.910117
0.410047 0.909101
0.405365 0.914816
0.404340 0.926797
0.400669 0.920654
0.401688 0.927267
0.396271 0.930623
0.401177 0.929112
0.395518 0.931674
0.400706 0.929854
0.382518 0.928682
0.378242 0.927007
0.388596 0.932823
0.369050 0.922601
0.367994 0.922109
0.375845 0.929289
0.369072 0.926134
0.368859 0.925807
0.361860 0.923683
0.298777 0.904062
0.286516 0.902144
0.286884 0.904318
0.279287 0.901753
0.274766 0.905137
0.261106 0.902342
0.267172 0.903508
0.268707 0.905601
0.259573 0.900563
0.246632 0.901706
0.247009 0.903602
0.248996 0.905113
0.294480 0.906679
0.300549 0.908297
0.299201 0.911871
0.293752 0.913032
0.292029 0.916907
0.288431 0.909633
0.289707 0.916428
0.291021 0.924156
0.283938 0.919625
0.295229 0.921564
0.291555 0.926958
0.294204 0.930631
0.285504 0.929382
0.287054 0.935327
0.288593 0.938577
0.276320 0.912081
0.279620 0.929020
0.277535 0.934177
0.280992 0.935218
0.235336 0.902135
0.240904 0.901211
0.234178 0.900331
0.227740 0.899907
0.227467 0.899503
0.229282 0.903688
0.241241 0.905806
0.234655 0.905376
0.227752 0.903055
0.227159 0.904073
0.188314 0.897651
0.190287 0.897691
0.215625 0.901470
0.214338 0.898785
0.208031 0.899589
0.209567 0.902186
0.197455 0.904823
0.189859 0.902443
0.196137 0.902521
0.182261 0.899502
0.176206 0.901068
0.183800 0.902876
0.171693 0.906302
0.166820 0.912066
0.186784 0.902001
0.164103 0.905671
0.165650 0.910879
0.170162 0.905149
0.162207 0.907184
0.151976 0.904414
0.156695 0.904805
0.154640 0.910575
0.139864 0.906625
0.150442 0.902512
0.154732 0.903464
0.159594 0.912331
0.157119 0.908259
0.158055 0.908994
0.138329 0.904621
0.130714 0.903161
0.124685 0.905594
0.112525 0.906920
0.133535 0.908758
0.128311 0.912744
0.120163 0.908759
0.121705 0.912712
0.123056 0.920083
0.116358 0.919290
0.117213 0.923222
0.100457 0.909441
0.094404 0.911208
0.082287 0.912697
0.081599 0.911236
0.081590 0.914719
0.102551 0.912913
0.108047 0.910179
0.101993 0.912061
0.109595 0.915655
0.109035 0.923784
0.130870 0.925409
0.124818 0.927582
0.126369 0.933704
0.118767 0.930284
0.120315 0.935372
0.076071 0.918334
0.070584 0.917344
0.070203 0.921814
0.064150 0.923825
0.058426 0.925627
0.052902 0.929740
0.071567 0.924002
0.066651 0.928968
0.060271 0.926991
0.065693 0.927951
0.053243 0.923878
0.053573 0.928462
0.042071 0.932960
0.036022 0.934271
0.042353 0.934326
0.036528 0.939372
0.023568 0.935736
0.023003 0.937372
0.016246 0.936392
0.011187 0.938357
0.010293 0.938009
-0.002283 0.939072
-0.009422 0.933385
-0.015268 0.935353
-0.008510 0.941191
0.042252 0.940516
0.030253 0.946950
0.017263 0.942144
0.024359 0.945237
0.024292 0.948533
0.018447 0.950488
0.005149 0.943978
0.006535 0.950197
0.006431 0.953356
-0.006959 0.947098
-0.005805 0.952027
-0.005397 0.956101
-0.005076 0.951462
-0.005691 0.955880
-0.014564 0.942770
-0.013011 0.949501
-0.011625 0.957554
-0.017375 0.954061
-0.012991 0.954332
