2.427724 0.693020
2.415626 0.686671
2.409469 0.681449
2.403521 0.683312
2.401985 0.680207
2.397465 0.683369
2.391419 0.678886
2.389878 0.677688
2.385365 0.678063
2.358048 0.679610
2.371702 0.680574
2.377617 0.674956
2.370720 0.675266
2.344392 0.679534
2.326229 0.676993
2.345941 0.676876
2.333828 0.677003
2.314118 0.675998
2.306529 0.671288
2.302011 0.673675
2.300467 0.673345
2.174225 0.726041
2.167478 0.726247
2.162368 0.720488
2.168425 0.720154
2.174487 0.717793
2.268327 0.713449
2.271528 0.709087
2.259395 0.717726
2.267005 0.713209
2.271412 0.706262
2.267749 0.699400
2.286811 0.673126
2.279976 0.674777
2.263800 0.693599
2.261008 0.687771
2.261011 0.686728
2.262561 0.684096
2.272008 0.675590
2.263000 0.681273
2.269025 0.680389
2.235115 0.712994
2.239698 0.710599
2.232191 0.712849
2.227470 0.706569
2.253342 0.715871
2.247289 0.715028
2.240890 0.712361
2.254887 0.715770
2.235511 0.711599
2.232055 0.711676
2.207892 0.702250
2.195790 0.697486
2.225630 0.705220
2.223088 0.704151
2.221544 0.704304
2.215496 0.700601
2.209443 0.699226
2.169978 0.715942
2.189714 0.705939
2.189794 0.705808
2.182849 0.706084
2.176549 0.712098
2.176516 0.706338
2.189334 0.699639
2.189730 0.699416
2.182994 0.699846
2.148702 0.724184
2.154762 0.722918
2.150254 0.720850
2.139577 0.718007
2.115304 0.736682
2.110543 0.732429
2.109745 0.725876
2.128978 0.729327
2.122645 0.725906
2.116193 0.732020
2.116873 0.725465
2.124485 0.720234
2.118430 0.720060
2.115168 0.719168
2.110729 0.712897
2.110320 0.707074
2.104808 0.705023
2.110122 0.711599
2.109137 0.705401
2.062123 0.778994
2.064447 0.776723
2.056068 0.778145
2.050013 0.777830
2.055450 0.776759
2.049556 0.776335
2.049806 0.770024
2.037893 0.780893
2.036348 0.781312
2.042407 0.780000
2.043954 0.778600
2.075814 0.764093
2.067411 0.769526
2.069758 0.764297
2.069531 0.768466
2.073557 0.762507
2.079063 0.757829
2.078107 0.756029
2.076233 0.750342
2.078462 0.743140
2.057611 0.778392
2.051559 0.776853
2.080207 0.738253
2.077417 0.736939
2.078635 0.732035
2.077997 0.731563
2.079888 0.730233
2.073897 0.730619
2.077425 0.724641
2.091610 0.712683
2.081884 0.718713
2.086606 0.719624
2.089224 0.717901
2.089517 0.711765
2.092686 0.708845
2.098753 0.704613
2.100304 0.701655
2.024241 0.778739
2.011641 0.782633
2.016638 0.780070
1.990850 0.787935
1.998458 0.784820
1.993214 0.781121
1.993967 0.775449
1.986353 0.781787
1.979020 0.774891
1.966655 0.775093
1.965110 0.775878
1.959058 0.773453
1.953008 0.771281
1.954561 0.767022
1.938077 0.776436
1.940895 0.771201
1.933297 0.770163
1.942449 0.767222
1.927415 0.769624
1.922740 0.765044
1.928799 0.763690
1.915140 0.764991
1.877947 0.801608
1.877983 0.795472
1.881410 0.794439
1.882401 0.793328
1.885363 0.787316
1.880056 0.788228
1.884936 0.776190
1.884077 0.774956
1.885011 0.770056
1.889364 0.768318
1.868020 0.805297
1.874079 0.804368
1.860426 0.803376
1.855910 0.804333
1.853337 0.801584
1.849450 0.800202
1.836249 0.782083
1.830201 0.778889
1.846093 0.793892
1.845816 0.787731
1.843840 0.786003
1.825695 0.775505
1.810498 0.774430
1.812035 0.777100
1.797272 0.776296
1.798388 0.773519
1.799792 0.780620
1.800173 0.780357
1.798892 0.775115
1.793862 0.778868
1.786267 0.776698
1.784727 0.775429
1.779184 0.769195
1.774133 0.762044
1.693331 0.788859
1.689197 0.798777
1.693346 0.793493
1.688117 0.794068
1.691540 0.787258
1.688300 0.787803
1.683135 0.800832
1.682606 0.799526
1.681736 0.787871
1.675270 0.787867
1.670783 0.786470
1.686237 0.769770
1.703405 0.774004
1.696319 0.774432
1.689819 0.774452
1.699152 0.761870
1.697004 0.767814
1.696871 0.766974
1.690661 0.767613
1.690814 0.767226
1.690323 0.761822
1.696886 0.760499
1.681050 0.782243
1.681920 0.781606
1.681654 0.774173
1.667977 0.783188
1.663860 0.780936
1.686139 0.768556
1.683223 0.763350
1.675629 0.760993
1.677175 0.759583
1.772655 0.758141
1.769975 0.756845
1.770046 0.750711
1.766632 0.743606
1.758132 0.743971
1.760580 0.741698
1.754513 0.746432
1.751224 0.743625
1.752097 0.737528
1.746263 0.731095
1.754549 0.731197
1.748520 0.719303
1.748601 0.718875
1.742480 0.712209
1.769240 0.755617
1.768152 0.754029
1.765210 0.749274
1.769598 0.742276
1.764211 0.755374
1.761684 0.755254
1.762119 0.744084
1.756066 0.742246
1.756097 0.728970
1.760595 0.724466
1.756120 0.719340
1.749462 0.742777
1.750249 0.742232
1.754461 0.736458
1.751612 0.730172
1.755622 0.723066
1.750073 0.715356
1.742590 0.711293
1.744026 0.711096
1.737966 0.712817
1.731922 0.707786
1.704493 0.757824
1.718260 0.709980
1.710502 0.712093
1.704588 0.717161
1.698529 0.717769
1.696984 0.718463
1.699703 0.716544
1.677977 0.755265
1.667519 0.718498
1.690933 0.716065
1.686420 0.716106
1.678817 0.717726
1.672764 0.715975
1.725862 0.709034
1.903032 0.762984
1.896974 0.763492
1.884864 0.762698
3.431687 0.735289
3.474952 0.763613
3.468897 0.762642
3.476500 0.761565
3.458345 0.755768
3.452299 0.751035
3.448182 0.746486
3.438663 0.742512
3.439416 0.739918
3.432437 0.740873
3.432943 0.740514
3.426566 0.735692
3.434164 0.736684
3.420592 0.740098
3.419491 0.740114
3.420390 0.734101
3.420515 0.733451
3.413574 0.739833
3.414154 0.733936
3.413961 0.733700
3.430369 0.728350
3.426914 0.727928
3.425244 0.721954
3.424136 0.720737
3.424534 0.709636
3.426856 0.714714
3.421638 0.727092
3.426633 0.707021
3.433025 0.702718
3.432776 0.696562
3.428209 0.693177
3.435840 0.701695
3.436661 0.695581
3.435805 0.695066
3.429752 0.693502
3.410043 0.691981
3.427455 0.690750
3.423606 0.689966
3.417067 0.690845
3.421379 0.684331
3.388721 0.720048
3.394543 0.715485
3.387833 0.715849
3.382656 0.723616
3.381117 0.721680
3.391041 0.709169
3.388769 0.699734
3.394835 0.694932
3.388780 0.694472
3.369008 0.720148
3.374150 0.716398
3.368331 0.715916
3.362965 0.714302
3.358879 0.708772
3.356216 0.703054
3.356738 0.696543
3.352449 0.702313
3.352002 0.695313
3.337232 0.698984
3.345740 0.695839
3.317523 0.697464
3.317279 0.697013
3.311460 0.700002
3.310895 0.696948
3.312367 0.695879
3.311491 0.686906
3.311505 0.680801
3.332347 0.701620
3.331176 0.698579
3.323500 0.695929
3.326675 0.693603
3.313018 0.693659
3.330951 0.688980
3.326074 0.689203
3.321811 0.683557
3.319167 0.689510
3.313643 0.688847
3.319087 0.688506
3.312740 0.683344
3.312269 0.683090
3.319106 0.680423
3.320646 0.682167
3.399074 0.708386
3.392619 0.714232
3.398104 0.702191
3.395435 0.695914
3.396380 0.695033
3.402439 0.693568
3.403978 0.695943
3.085612 0.692688
3.079692 0.695794
3.305404 0.700208
3.304798 0.696672
3.305988 0.695813
3.300596 0.695988
3.299370 0.690399
3.299264 0.689778
3.306257 0.683986
3.304657 0.683905
3.299617 0.677343
3.281236 0.675631
3.287293 0.674930
3.306967 0.692007
3.303717 0.688829
3.306979 0.686330
3.307002 0.676925
3.294887 0.677837
3.269118 0.677495
3.261510 0.681054
3.256359 0.682715
3.240461 0.702534
3.240214 0.698118
3.240267 0.696585
3.228078 0.707941
3.232104 0.702320
3.222026 0.705989
3.220706 0.702954
3.231373 0.696141
3.234167 0.694214
3.221751 0.696870
3.220292 0.702934
3.218720 0.701668
3.220304 0.695597
3.214457 0.693028
3.202344 0.693110
3.196276 0.698323
3.247788 0.709553
3.245451 0.707945
3.247794 0.706566
3.241720 0.714159
3.241115 0.713893
3.243085 0.701682
3.239857 0.701528
3.246676 0.695708
3.248137 0.689402
3.230698 0.701095
3.235705 0.696718
3.235338 0.695437
3.222575 0.701451
3.223016 0.695004
3.160800 0.728528
3.161310 0.721030
3.180526 0.709502
3.170805 0.715152
3.188661 0.704500
3.190215 0.700176
3.191228 0.694614
3.176853 0.707886
3.170551 0.707768
3.154403 0.728473
3.155176 0.715648
3.156810 0.715174
3.143161 0.712010
3.144721 0.704975
3.134868 0.708424
3.123461 0.706741
3.132255 0.701256
3.116964 0.702947
3.111365 0.699683
3.118969 0.698058
3.112914 0.697254
3.106861 0.695810
3.100094 0.695610
3.093213 0.692531
3.080089 0.700798
3.087041 0.694976
3.087151 0.694916
3.072641 0.696106
3.066410 0.695930
3.066454 0.689769
3.066447 0.683648
3.063470 0.688852
3.061379 0.696123
3.055181 0.689633
3.052127 0.689480
3.059867 0.682346
3.061609 0.682464
3.061411 0.682075
3.049304 0.679930
3.055361 0.679670
3.034076 0.691658
3.047805 0.688103
3.041375 0.688949
3.035614 0.694041
3.041325 0.681644
3.043245 0.680808
3.041699 0.681631
3.028673 0.689514
3.028025 0.689308
3.024598 0.688142
3.021982 0.683620
3.025321 0.682026
3.023536 0.679318
2.990158 0.683015
3.015932 0.680762
3.017480 0.679161
3.011430 0.676315
2.997757 0.683398
2.991568 0.687810
2.977486 0.682464
2.969799 0.677223
2.965932 0.683753
2.964400 0.678528
2.905203 0.703727
2.911478 0.695668
2.910826 0.695793
2.908681 0.689546
2.952270 0.685620
2.950813 0.670783
2.952035 0.676021
2.946244 0.673059
2.932544 0.691231
2.936846 0.688552
2.931479 0.689109
2.932562 0.683411
2.930500 0.682097
2.938648 0.670832
2.932592 0.670732
2.934135 0.670940
2.906741 0.705371
2.916888 0.694900
2.924286 0.689119
2.923449 0.682937
2.926487 0.691468
2.919593 0.688355
2.913817 0.688604
2.926518 0.678191
2.918857 0.676616
2.926527 0.674751
2.925150 0.670621
2.877495 0.721379
2.879986 0.726185
2.877843 0.723421
2.881704 0.720119
2.897029 0.708592
2.897573 0.702508
2.897606 0.702101
2.893072 0.711213
2.858093 0.739283
2.862010 0.733813
2.850476 0.746368
2.844423 0.745636
2.838381 0.739050
2.857156 0.732395
2.866338 0.726225
2.865727 0.725031
2.897928 0.696119
3.073957 0.701295
3.067966 0.700961
2.781607 0.702139
2.762720 0.694802
2.756387 0.695524
2.742998 0.698921
2.736957 0.692477
2.750614 0.692163
2.744415 0.694818
2.744552 0.694465
2.738006 0.688642
2.738512 0.687442
2.730900 0.692673
2.731913 0.687958
2.725788 0.688843
2.836555 0.732561
2.832493 0.733423
2.833889 0.730305
2.830755 0.721177
2.823507 0.714673
2.820057 0.708539
2.827440 0.719824
2.823770 0.713499
2.815766 0.710623
2.808179 0.704842
2.782412 0.703561
2.802169 0.685312
2.802178 0.681258
2.796890 0.701068
2.788909 0.701529
2.788476 0.700532
2.789009 0.695326
2.782050 0.695685
2.783776 0.700576
2.790024 0.699130
2.796111 0.685421
2.790061 0.683099
2.796947 0.682004
2.789026 0.682248
2.796243 0.676380
2.796134 0.676132
2.789836 0.676334
2.790191 0.676075
2.778400 0.701344
2.777912 0.698446
2.776050 0.695338
2.770314 0.697642
2.753534 0.693990
2.746101 0.692459
2.711195 0.689300
2.718804 0.685350
2.720354 0.682415
2.712744 0.687090
2.700652 0.693737
2.700616 0.693422
2.694412 0.693579
2.694565 0.691171
2.700632 0.686626
2.694578 0.685617
2.699089 0.686080
2.693038 0.683944
2.679441 0.701142
2.673407 0.700829
2.673410 0.694693
2.667282 0.700583
2.667234 0.698777
2.667245 0.694105
2.680880 0.703392
2.686252 0.700376
2.687702 0.693742
2.679765 0.693916
2.674827 0.702194
2.687805 0.687529
2.681651 0.687310
2.686983 0.683490
2.681513 0.681265
2.680936 0.679248
2.674758 0.687603
2.668597 0.687387
2.675984 0.681435
2.674757 0.681464
2.668440 0.681357
2.673337 0.678714
2.661816 0.693741
2.655875 0.693377
2.641404 0.687085
2.647577 0.674872
2.662294 0.681129
2.653248 0.675354
2.645709 0.681137
2.647605 0.675080
2.633882 0.691797
2.627821 0.693376
2.636338 0.693460
2.629366 0.692436
2.635427 0.690855
2.615716 0.690054
2.615284 0.688483
2.615733 0.682793
2.616193 0.682047
2.609675 0.683309
2.570857 0.682193
2.564189 0.685347
2.552468 0.694760
2.556582 0.687981
2.552051 0.695861
2.571679 0.676096
2.602084 0.679371
2.603391 0.675461
2.597580 0.675985
2.604217 0.674874
2.589967 0.681575
2.583919 0.677586
2.591514 0.679963
2.538391 0.697475
2.545992 0.696622
2.544450 0.696017
2.518681 0.695916
2.532343 0.693864
2.520226 0.695849
2.526282 0.696031
2.505048 0.686172
2.493141 0.687904
2.494468 0.690401
2.500528 0.689440
2.455131 0.711989
2.454985 0.711988
2.479263 0.692725
2.481483 0.688693
2.486864 0.692407
2.480410 0.693591
2.473213 0.689958
2.467158 0.689610
2.459552 0.692011
2.468688 0.695071
2.455048 0.688253
2.442933 0.689332
2.435695 0.687339
2.429280 0.687675
2.417179 0.682747
1.585633 0.750405
1.586237 0.748904
1.592296 0.747836
1.574131 0.746107
1.568077 0.745154
1.560911 0.737295
1.555982 0.737489
1.556123 0.731245
1.554938 0.724674
1.549958 0.723400
1.543916 0.717478
1.537216 0.716826
1.530270 0.712829
1.516611 0.714086
1.518167 0.709369
1.519707 0.710472
1.510553 0.715108
1.506048 0.711579
1.504503 0.712415
1.489493 0.729146
1.478988 0.729577
1.496884 0.720249
1.478704 0.725179
1.494245 0.723224
1.499773 0.716342
1.498440 0.715018
1.471661 0.730634
1.472641 0.727902
1.462126 0.728989
1.452920 0.731494
1.458980 0.729838
1.446871 0.728195
1.346907 0.762337
1.346491 0.762317
1.329173 0.768800
1.340639 0.757944
1.439273 0.727094
1.427167 0.724369
1.413494 0.731764
1.419561 0.726891
1.421115 0.722628
1.415049 0.727095
1.399804 0.746345
1.402220 0.743060
1.405879 0.737875
1.406472 0.737137
1.393749 0.745327
1.392831 0.742593
1.387709 0.738477
1.407426 0.736421
1.407803 0.736001
1.401328 0.741857
1.401210 0.741829
1.402124 0.735164
1.395297 0.743928
1.393121 0.741444
1.395998 0.734927
1.408352 0.729192
1.402510 0.728756
1.389266 0.733124
1.434764 0.725803
1.379539 0.743576
1.358886 0.755586
1.361899 0.756118
1.364231 0.748518
1.364669 0.741236
1.380121 0.733670
1.381666 0.732653
1.371940 0.736612
1.374719 0.729416
1.354288 0.760776
1.355838 0.757842
1.348231 0.760814
1.342175 0.760839
1.332885 0.766619
1.336108 0.765636
1.322422 0.778152
1.327964 0.773685
1.321273 0.774240
1.326953 0.770246
1.328171 0.767800
1.314836 0.772146
1.302722 0.772408
1.302794 0.742162
1.295585 0.767968
1.295135 0.766963
1.281451 0.778801
1.275400 0.777010
1.282995 0.778670
1.283650 0.773386
1.290615 0.770547
1.284559 0.769976
1.285025 0.760153
1.289120 0.749619
1.283062 0.750235
1.284313 0.743200
1.290663 0.749608
1.292424 0.748541
1.296740 0.740676
1.298278 0.743231
1.284601 0.751827
1.283551 0.748109
1.281149 0.735699
1.319145 0.724106
1.318642 0.717945
1.310475 0.707168
1.278971 0.722138
1.298380 0.699774
1.292331 0.696453
1.280238 0.688141
1.268928 0.762412
1.243618 0.757781
1.269399 0.774320
1.268811 0.774329
1.270901 0.770856
1.264847 0.769544
1.264645 0.767980
1.263645 0.761539
1.258809 0.762076
1.257278 0.756759
1.252761 0.758229
1.246712 0.755310
1.245169 0.754776
1.237555 0.761109
1.231504 0.758490
1.218231 0.755497
1.225449 0.757983
1.219396 0.756776
1.219005 0.748802
1.218906 0.748481
1.239104 0.758419
1.240204 0.753680
1.233887 0.760336
1.226996 0.756308
1.220964 0.753559
1.220903 0.753569
1.221305 0.747182
1.219607 0.747355
1.235059 0.728199
1.228609 0.726722
1.258934 0.708160
1.251097 0.704693
1.274121 0.714219
1.254427 0.705993
1.266573 0.691654
1.268123 0.689364
1.252823 0.698705
1.252374 0.698621
1.249183 0.697263
1.250672 0.691189
1.262064 0.690164
1.260519 0.690505
1.256013 0.687982
1.254475 0.685471
1.248843 0.709193
1.242056 0.709409
1.241673 0.703536
1.235663 0.703214
1.222745 0.703196
1.240848 0.691865
1.228553 0.697527
1.221493 0.697952
1.228880 0.691159
1.228120 0.691265
1.222647 0.686309
1.246640 0.697140
1.241602 0.697451
1.247618 0.691040
1.242359 0.686953
1.235483 0.697201
1.235407 0.691119
1.236301 0.687662
1.311977 0.724909
1.317776 0.723042
1.316829 0.716650
1.312024 0.705015
1.305960 0.708092
1.299925 0.699011
1.293882 0.693145
1.084527 0.742841
1.087396 0.741796
1.083662 0.742283
1.082327 0.741548
1.084537 0.738314
1.082356 0.735404
1.084556 0.729913
1.090625 0.724861
1.089628 0.717348
1.086236 0.711039
1.084585 0.718163
1.082419 0.716983
1.083138 0.710881
1.078482 0.738032
1.076937 0.738214
1.070872 0.741941
1.072427 0.737258
1.066013 0.735789
1.051174 0.735695
1.058777 0.734469
1.064834 0.734289
1.066381 0.732883
1.060094 0.728360
1.052725 0.732907
1.054288 0.724433
1.078549 0.709170
1.072501 0.705741
1.070543 0.704108
1.066609 0.697656
1.059623 0.698036
1.054618 0.690838
1.054420 0.684849
1.039735 0.735164
1.046826 0.734725
1.034567 0.728169
1.028518 0.725081
1.023892 0.722612
1.024292 0.716489
1.028539 0.710561
1.026582 0.710799
1.027261 0.715459
1.028556 0.708424
1.046746 0.699862
1.048564 0.690540
1.034621 0.704708
1.040686 0.700983
1.040967 0.696512
1.042325 0.690377
0.996638 0.704031
0.998523 0.697988
1.042293 0.674025
1.041769 0.672380
1.049457 0.666213
1.035285 0.671646
1.030953 0.665289
1.024140 0.667486
1.018095 0.662797
1.016555 0.660962
1.010494 0.662809
1.012044 0.659980
1.004449 0.658215
1.005998 0.655311
1.217108 0.754539
1.219067 0.741177
1.216030 0.742196
1.213003 0.729761
1.211376 0.723540
1.218584 0.728853
1.214247 0.717547
1.215781 0.716422
1.220332 0.709335
1.215378 0.709963
1.212500 0.710116
1.174500 0.723712
1.175549 0.717316
1.167930 0.725948
1.169262 0.722816
1.169697 0.716371
1.168994 0.704621
1.169232 0.698319
1.172351 0.692099
1.217514 0.704219
1.208958 0.700726
1.215017 0.699490
1.209462 0.697298
1.215025 0.695960
1.209277 0.691296
1.201360 0.699654
1.206310 0.697523
1.195321 0.692478
1.197956 0.690968
1.195005 0.692023
1.220602 0.684752
1.215571 0.685294
1.216606 0.680033
1.211728 0.684321
1.195449 0.684700
1.193030 0.685785
1.204210 0.684165
1.198435 0.680731
1.167469 0.690657
1.183249 0.675087
1.193552 0.678462
1.190849 0.675043
1.171131 0.677046
1.172682 0.673560
1.161873 0.725803
1.155828 0.720849
1.163420 0.724718
1.163634 0.722220
1.156960 0.722363
1.149766 0.723998
1.149203 0.723284
1.138526 0.721683
1.143715 0.721555
1.151307 0.724968
1.164480 0.715494
1.164340 0.703974
1.161167 0.702660
1.149008 0.717299
1.143081 0.716900
1.137347 0.716368
1.136645 0.710746
1.136988 0.704367
1.110541 0.729297
1.127064 0.722945
1.132207 0.721579
1.130970 0.716301
1.130417 0.710568
1.130870 0.704109
1.123875 0.704494
1.119268 0.723764
1.143766 0.699396
1.146637 0.698154
1.143776 0.695242
1.164408 0.697126
1.160826 0.696491
1.149440 0.697098
1.164559 0.684369
1.164066 0.678976
1.162186 0.678107
1.165076 0.676487
1.144894 0.678801
1.146064 0.677959
1.145370 0.673503
1.124202 0.692001
1.118022 0.688724
1.112633 0.684863
1.137708 0.700349
1.138691 0.697006
1.133369 0.697491
1.137720 0.694774
1.137319 0.691869
1.131186 0.691620
1.139297 0.680668
1.138336 0.678864
1.140015 0.677663
1.133778 0.679091
1.131550 0.685118
1.128181 0.683778
1.125628 0.686166
1.119573 0.685574
1.127325 0.683630
1.120762 0.683692
1.127488 0.677375
1.121383 0.677304
1.121116 0.677307
1.115235 0.678166
1.112886 0.678550
1.113105 0.672261
1.138999 0.672252
1.133678 0.672950
1.133263 0.671222
1.128496 0.665346
1.140400 0.671256
1.121730 0.671169
1.120876 0.671333
1.123372 0.665098
1.119620 0.665280
1.125677 0.664919
1.116007 0.672061
1.113560 0.666822
1.113797 0.665628
1.127763 0.664904
1.107631 0.734304
1.105512 0.734418
1.098860 0.734542
1.085630 0.740882
1.086101 0.729539
1.105044 0.728603
1.104279 0.726301
1.092017 0.728662
1.084949 0.716826
1.078945 0.734891
1.080047 0.728618
1.067586 0.721512
1.060965 0.721614
1.080077 0.716004
1.080632 0.715709
1.073216 0.715957
1.078732 0.709469
1.073435 0.709666
1.067251 0.715601
1.067313 0.709420
1.098290 0.697255
1.106808 0.684401
1.091728 0.698217
1.086160 0.704453
1.093388 0.690876
1.093807 0.684382
1.085907 0.684060
1.106760 0.678300
1.106759 0.672170
1.095030 0.677444
1.088137 0.671876
1.108389 0.664875
1.107519 0.660285
1.101468 0.658325
1.087807 0.660241
1.095401 0.662825
1.094593 0.659347
1.088483 0.665221
1.080512 0.703101
1.081790 0.696076
1.067285 0.703302
1.065466 0.702684
1.068001 0.700033
1.070074 0.696754
1.081770 0.689947
1.075341 0.683555
1.061072 0.690849
1.069041 0.683657
1.082195 0.677369
1.074957 0.671773
1.081741 0.663946
1.074146 0.662125
1.080744 0.660013
1.062615 0.677950
1.064630 0.671904
1.069743 0.670889
1.069617 0.669200
1.055375 0.671894
1.069217 0.665117
1.062215 0.665496
1.068088 0.662908
1.055487 0.665682
1.048671 0.684329
1.042680 0.683989
1.049835 0.677372
1.043286 0.677426
1.037817 0.658274
1.037840 0.658293
0.987973 0.715887
0.991804 0.709930
0.983351 0.721812
0.983001 0.721827
0.982500 0.716045
0.976988 0.721600
0.976926 0.721506
0.982045 0.710243
0.978524 0.709281
0.977020 0.707972
0.981530 0.709227
0.975476 0.708128
0.989869 0.727694
0.989577 0.721754
0.997360 0.708566
0.950062 0.691591
0.995477 0.690494
0.970203 0.697777
0.997894 0.695915
0.993712 0.684262
0.985522 0.677715
0.977079 0.682645
0.983140 0.680851
0.970473 0.678598
0.978147 0.677727
0.972115 0.677417
0.995474 0.683192
0.992287 0.679014
0.972836 0.676916
0.967166 0.696436
0.964936 0.695595
0.963397 0.693239
0.958885 0.693071
0.951283 0.694096
0.946867 0.690473
0.952829 0.693426
0.966528 0.675005
0.946074 0.684289
0.945918 0.683123
0.945261 0.679899
0.945084 0.676931
0.946818 0.673518
0.931614 0.675326
0.922783 0.684330
0.913960 0.691236
0.905806 0.692096
0.898189 0.699045
0.903096 0.695679
0.899995 0.696488
0.886060 0.706042
0.892124 0.702607
0.893669 0.702450
0.887521 0.702232
0.939206 0.678665
0.939536 0.677574
0.933467 0.677291
0.940765 0.672851
0.927129 0.683337
0.969252 0.671959
0.965004 0.666460
0.964730 0.665593
0.995436 0.664734
0.991264 0.665333
0.982536 0.671423
0.984524 0.665377
0.984720 0.665333
0.986255 0.668835
0.993710 0.659697
0.997431 0.658683
0.998395 0.657195
0.977674 0.671934
0.977936 0.665614
0.971361 0.671820
0.965657 0.671270
0.971200 0.665808
0.969231 0.670782
0.966550 0.665612
0.933141 0.671385
0.933083 0.671362
0.953742 0.670554
0.948802 0.670957
0.944764 0.670763
0.796703 0.679366
0.783142 0.684499
0.878218 0.710467
0.872403 0.706297
0.866165 0.703683
0.860293 0.704987
0.867802 0.702511
0.880003 0.706582
0.873950 0.705183
0.861842 0.702980
0.855790 0.701256
0.846656 0.697027
0.854249 0.699953
0.848207 0.693849
0.834534 0.700647
0.840606 0.694017
0.836084 0.698244
0.838290 0.696028
0.842207 0.690032
0.836955 0.689184
0.851668 0.695522
0.828479 0.700205
0.830030 0.697270
0.826031 0.696601
0.827258 0.695506
0.827476 0.689362
0.822671 0.690121
0.822451 0.688155
0.824005 0.683764
0.823625 0.684196
0.816399 0.686579
0.820680 0.684049
0.809422 0.683499
0.804299 0.680647
0.454286 0.677686
0.435984 0.682911
0.435836 0.682904
0.435516 0.677072
0.432515 0.676596
0.430352 0.670346
0.416232 0.674612
0.410177 0.674110
0.417784 0.671026
0.402566 0.678569
0.401048 0.677434
0.422298 0.670432
0.398066 0.672842
0.384292 0.670452
0.372313 0.666247
0.358658 0.665431
0.344874 0.677114
0.344433 0.677012
0.347726 0.671042
0.352510 0.664003
0.346050 0.663612
0.366254 0.667591
0.735913 0.725307
0.742280 0.722767
0.743354 0.709722
0.737061 0.709591
0.731247 0.727527
0.729563 0.722602
0.724174 0.721816
0.730165 0.716032
0.724791 0.715240
0.730259 0.709836
0.704827 0.703377
0.705519 0.696742
0.717947 0.690992
0.719167 0.683968
0.713110 0.683669
0.704954 0.691032
0.705975 0.684345
0.699674 0.683034
0.666514 0.690749
0.693620 0.682161
0.681509 0.681029
0.679966 0.680998
0.667841 0.686078
0.669389 0.684644
0.757730 0.721382
0.757178 0.721735
0.750457 0.721532
0.757958 0.715244
0.756903 0.715414
0.757529 0.709078
0.748990 0.715990
0.737447 0.729276
0.725379 0.710180
0.727616 0.708794
0.752553 0.696543
0.758399 0.695661
0.753028 0.689254
0.770927 0.681768
0.765020 0.677539
0.764908 0.677513
0.757283 0.676993
0.752192 0.671966
0.755552 0.683224
0.752760 0.681023
0.759163 0.676996
0.758827 0.676769
0.753789 0.670843
0.772740 0.676554
0.772488 0.674537
0.753742 0.676268
0.743834 0.703241
0.745132 0.693305
0.746373 0.689170
0.731476 0.702819
0.726454 0.701801
0.733021 0.692750
0.746948 0.676661
0.746716 0.675813
0.739788 0.683107
0.739965 0.676844
0.745186 0.670058
0.739134 0.668108
0.746904 0.670379
0.739855 0.670785
0.746731 0.669617
0.720754 0.677735
0.733911 0.670414
0.733084 0.665482
0.721693 0.671643
0.727019 0.669389
0.725475 0.669333
0.713332 0.682390
0.714885 0.678710
0.720953 0.673176
0.701222 0.681472
0.687434 0.676123
0.646529 0.710196
0.647755 0.709613
0.650509 0.703616
0.650145 0.702394
0.642012 0.711837
0.640710 0.709078
0.640478 0.707745
0.655714 0.692616
0.661774 0.690487
0.662858 0.689548
0.635960 0.709901
0.627930 0.702486
0.620804 0.697185
0.614743 0.693537
0.623550 0.701359
0.616302 0.695758
0.608688 0.692585
0.610229 0.693511
0.602885 0.683832
0.598143 0.682378
0.592105 0.674569
0.584521 0.667638
0.578478 0.661662
0.572056 0.657914
0.580017 0.663998
0.579558 0.663265
0.566387 0.652260
0.552739 0.649072
0.558795 0.648865
0.546671 0.653621
0.534100 0.651444
0.533022 0.650393
0.516297 0.664883
0.507212 0.667997
0.513274 0.665652
0.520881 0.662587
0.526952 0.656496
0.514821 0.663715
0.515119 0.663635
0.548220 0.651556
0.479873 0.688852
0.473800 0.686116
0.484076 0.682907
0.480086 0.683730
0.479723 0.677751
0.485229 0.670675
0.486053 0.675700
0.489598 0.669303
0.501163 0.665042
0.495107 0.664401
0.495017 0.663897
0.494285 0.652168
0.486895 0.664617
0.489058 0.661583
0.489893 0.658631
0.494107 0.657637
0.488584 0.657736
0.489594 0.657022
0.489079 0.652271
0.469120 0.683357
0.462995 0.682080
0.461713 0.675045
0.455640 0.682082
0.459431 0.676734
0.443522 0.684284
0.443134 0.682388
0.448308 0.677180
0.430349 0.670002
0.311572 0.691701
0.301010 0.695676
0.305624 0.689684
0.337005 0.682785
0.333610 0.688766
0.331284 0.691568
0.326776 0.689891
0.333972 0.681797
0.344909 0.669703
0.335773 0.675418
0.300994 0.695405
0.307058 0.691861
0.293390 0.696522
0.279717 0.703658
0.284929 0.702217
0.280165 0.701638
0.285778 0.701563
0.281276 0.697482
0.275447 0.701746
0.275215 0.699600
0.273669 0.700486
0.264218 0.696251
0.260036 0.690552
0.267623 0.695987
0.261578 0.690734
0.172531 0.676863
0.171744 0.670687
0.247919 0.691971
0.253980 0.689895
0.244477 0.689121
0.241884 0.683158
0.235829 0.682312
0.246014 0.688029
0.237370 0.683500
0.243430 0.682216
0.229766 0.684936
0.221048 0.683014
0.217661 0.681964
0.198127 0.687897
0.191976 0.687677
0.210546 0.675987
0.209781 0.670410
0.205016 0.675326
0.191265 0.681563
0.198429 0.675406
0.191389 0.669669
0.197983 0.667100
0.191800 0.650978
0.200787 0.663581
0.208031 0.657804
0.205119 0.656840
0.204070 0.654119
0.198911 0.662790
0.191998 0.663101
0.199543 0.659869
0.192417 0.656669
0.198014 0.653833
0.197898 0.656128
0.199556 0.654536
0.171174 0.676381
0.185179 0.669484
0.186116 0.662688
0.186353 0.656383
0.172768 0.663388
0.178310 0.649763
0.179848 0.652740
0.173789 0.653443
0.176751 0.651305
0.157453 0.683082
0.164585 0.679371
0.150926 0.680451
0.152452 0.669751
0.146880 0.662975
0.138854 0.662962
0.126735 0.665139
0.129760 0.663646
0.128291 0.659886
0.132804 0.660085
0.140408 0.658460
0.134358 0.656031
0.091742 0.699886
0.088210 0.695895
0.111447 0.695862
0.112995 0.701585
0.112999 0.699723
0.111809 0.694670
0.113013 0.693704
0.106936 0.702269
0.105400 0.699172
0.109922 0.689635
0.117005 0.682636
0.116262 0.676459
0.120622 0.689864
0.117605 0.681492
0.116449 0.675286
0.090920 0.694825
0.100887 0.699510
0.087069 0.682503
0.085221 0.681099
0.081222 0.678988
0.118977 0.670575
0.120677 0.666126
0.166148 0.670698
0.159656 0.669228
0.166404 0.662897
0.160200 0.662708
0.167733 0.653304
0.148014 0.655991
0.141966 0.652306
0.040203 0.700423
0.041401 0.682777
0.041421 0.695022
0.053707 0.689372
0.041737 0.688662
0.048378 0.682407
0.061529 0.670393
0.075179 0.673155
0.067426 0.669096
0.063087 0.664177
0.048316 0.676323
0.042411 0.675911
0.048645 0.669953
0.042450 0.669752
0.043378 0.662353
0.049716 0.662098
0.034150 0.698365
0.034852 0.695092
0.035534 0.688468
0.030023 0.689255
0.021316 0.689402
0.013075 0.687252
0.035011 0.682718
0.035193 0.670331
0.022076 0.681810
0.014598 0.682341
0.016023 0.680517
0.016919 0.675630
0.038766 0.676202
0.023634 0.675941
0.022388 0.675395
0.023885 0.669142
0.030784 0.662703
0.031277 0.657293
0.025226 0.655364
0.016873 0.681279
0.016120 0.675092
0.018194 0.668594
0.019161 0.658760
1.664481 0.786353
1.661920 0.783237
1.654410 0.775517
1.657417 0.779371
1.653355 0.774281
1.654370 0.768182
1.651083 0.769211
1.651397 0.763526
1.651560 0.763097
1.658985 0.768530
1.658690 0.767458
1.660354 0.761164
1.658664 0.761334
1.652206 0.761325
1.663520 0.759121
1.657465 0.758215
1.665066 0.758314
1.645415 0.732075
1.651479 0.728209
1.639362 0.730458
1.659080 0.727732
1.662961 0.724408
1.660490 0.723224
1.666529 0.717389
1.661002 0.716729
1.646966 0.728715
1.653291 0.723735
1.648183 0.722787
1.654776 0.716560
1.619653 0.728466
1.627257 0.726780
1.613581 0.735444
1.605964 0.742461
1.634861 0.725148
1.599904 0.744396
1.603133 0.742277
1.595696 0.741705
1.587643 0.742808
1.581734 0.744779
1.575682 0.742483
1.569627 0.742310
