0.876495 0.271440
0.876616 0.270522
0.876187 0.273697
0.877767 0.282684
0.842054 0.347703
0.809710 0.505123
0.809721 0.503679
0.809088 0.501779
0.772659 0.590988
0.771113 0.586505
0.770421 0.583523
0.776446 0.599275
0.775349 0.595564
0.771872 0.592593
0.769908 0.588632
0.770404 0.583588
0.777231 0.600607
0.775642 0.600587
0.775516 0.595848
0.775257 0.595104
0.775313 0.595884
0.619989 0.679571
0.622239 0.683415
0.404104 0.675486
0.406352 0.679320
0.408602 0.683184
0.265919 0.675013
0.268167 0.678849
0.270416 0.682711
0.197174 0.675834
0.199424 0.679663
0.201672 0.683519
0.041891 0.675832
0.047319 0.679429
0.044139 0.679657
0.049568 0.683273
0.046389 0.683511
-0.050311 0.677568
-0.048061 0.681401
-0.045813 0.685262
-0.159959 0.678719
-0.157710 0.682564
-0.286125 0.675239
-0.289305 0.675459
-0.283877 0.679060
-0.287056 0.679290
-0.281627 0.682911
-0.284806 0.683150
-0.355218 0.675002
-0.352969 0.678824
-0.350720 0.682675
-0.775153 0.112506
-0.706534 0.263479
-0.707635 0.263437
-0.683211 0.315876
-0.684687 0.311528
-0.552845 0.603247
-0.550786 0.606527
-0.530221 0.653810
-0.529998 0.654109
-0.530683 0.653814
-0.528361 0.656470
-0.519691 0.676724
-0.517441 0.680564
-0.829967 0.478535
-0.830596 0.484055
-0.829973 0.478289
-0.830343 0.479083
-0.741237 0.675202
-0.738988 0.679037
-0.736739 0.682899
-0.829628 0.616551
-0.830122 0.613906
-0.828580 0.623808
-0.829637 0.619442
-0.826136 0.632403
-0.827772 0.628300
-0.823899 0.641091
-0.825618 0.637028
-0.821264 0.649599
-0.804320 0.673464
-0.802072 0.677287
-0.799822 0.681139
0.882985 0.208599
0.881141 0.218102
0.876367 0.285275
0.824901 0.400911
0.824191 0.413675
0.808931 0.487909
0.808505 0.486258
0.808259 0.488796
0.808501 0.485353
0.811301 0.497119
0.808495 0.493548
0.811831 0.501739
0.749406 0.615316
0.750609 0.616306
0.750573 0.615910
0.715370 0.677609
0.716357 0.678826
0.712190 0.677831
0.714809 0.674367
0.711687 0.678098
0.600292 0.675165
0.605721 0.678758
0.602542 0.678984
0.607970 0.682596
0.604790 0.682832
0.610219 0.686464
0.487465 0.676535
0.489713 0.680375
0.398443 0.678048
0.400692 0.681888
0.343619 0.678625
0.345868 0.682470
0.205434 0.678152
0.207682 0.681997
0.087526 0.676984
0.089775 0.680824
-0.016113 0.676629
-0.013865 0.680470
-0.113743 0.674770
-0.111493 0.678599
-0.109245 0.682456
-0.217033 0.675475
-0.214783 0.679297
-0.212535 0.683147
-0.361576 0.675447
-0.359328 0.679288
-0.740326 0.265635
-0.704708 0.343959
-0.707056 0.345631
-0.586587 0.605564
-0.584589 0.608641
-0.571549 0.639139
-0.574777 0.639831
-0.568389 0.645712
-0.564918 0.651981
-0.566036 0.649856
-0.563408 0.654851
-0.554587 0.675550
-0.552337 0.679397
-0.825324 0.474239
-0.825190 0.473093
-0.735577 0.672641
-0.733328 0.676471
-0.731079 0.680330
0.829809 0.381180
0.829739 0.380465
0.829330 0.382235
0.828665 0.392238
0.812742 0.480354
0.813096 0.480480
0.811150 0.482640
0.759127 0.606386
0.759233 0.605678
0.758208 0.608479
0.759113 0.604544
0.632009 0.676563
0.628829 0.676784
0.634258 0.680385
0.631079 0.680615
0.636507 0.684234
0.633327 0.684474
0.542290 0.675959
0.544538 0.679793
0.546787 0.683656
0.473196 0.675723
0.475446 0.679557
0.477694 0.683420
0.369906 0.676426
0.372156 0.680254
0.374405 0.684110
0.237382 0.673392
0.239630 0.677216
0.241880 0.681068
0.018783 0.677804
0.015603 0.678029
0.021031 0.681638
0.017852 0.681871
0.023280 0.685498
-0.058918 0.674197
-0.056669 0.678020
-0.054420 0.681871
-0.202763 0.676284
-0.205943 0.676507
-0.200515 0.680112
-0.203694 0.680344
-0.198266 0.683968
-0.201446 0.684209
-0.335289 0.673251
-0.333039 0.677074
-0.330791 0.680926
-0.611088 0.261705
-0.611508 0.259792
-0.601518 0.282314
-0.424310 0.674766
-0.427489 0.674986
-0.422061 0.678587
-0.425241 0.678818
-0.419813 0.682438
-0.422992 0.682678
-0.737626 0.058151
-0.482412 0.621638
-0.481752 0.623260
-0.482544 0.620874
-0.485196 0.623507
-0.479626 0.626738
-0.481951 0.631739
-0.479344 0.626896
-0.481560 0.636437
-0.459206 0.673587
-0.456957 0.677417
-0.454708 0.681275
-0.733221 0.388189
-0.734949 0.383409
-0.637008 0.614657
-0.628651 0.619094
-0.621157 0.636102
-0.625399 0.625197
-0.626336 0.623130
-0.621981 0.633313
-0.622049 0.632741
-0.622355 0.632185
-0.615198 0.648086
-0.617143 0.642949
-0.619589 0.636965
-0.614915 0.648732
-0.614194 0.649803
-0.610908 0.657869
-0.611231 0.656685
-0.613515 0.657373
-0.612698 0.652373
-0.612995 0.651602
-0.615619 0.653502
-0.792696 0.469954
-0.793127 0.468064
-0.798062 0.469317
-0.716148 0.639656
-0.712696 0.647376
-0.715222 0.641751
-0.700681 0.673819
-0.703860 0.674040
-0.698432 0.677641
-0.701612 0.677872
-0.696183 0.681493
-0.699362 0.681733
-0.832776 0.564078
-0.835782 0.568867
-0.832404 0.564175
-0.835036 0.573375
-0.833585 0.567893
-0.781793 0.676591
-0.779544 0.680436
0.853955 0.327677
0.857583 0.335696
0.857440 0.335392
0.857012 0.335740
0.860529 0.341772
0.865272 0.353123
0.865373 0.352649
0.863928 0.349080
0.863603 0.352159
0.796849 0.537554
0.794437 0.531600
0.792964 0.527267
0.796929 0.537751
0.796819 0.537638
0.801277 0.555021
0.799080 0.551165
0.660546 0.678183
0.657366 0.678408
0.662794 0.682016
0.659615 0.682249
0.665044 0.685877
0.556557 0.676772
0.558806 0.680611
0.390185 0.675735
0.392433 0.679557
0.394333 0.682362
0.355638 0.675617
0.352458 0.675838
0.357887 0.679439
0.354708 0.679669
0.360136 0.683289
0.356957 0.683529
0.315082 0.677000
0.317331 0.680834
0.319580 0.684695
0.231721 0.675953
0.233970 0.679781
0.236219 0.683637
0.122072 0.677102
0.124321 0.680943
0.038712 0.676054
0.040960 0.679888
0.043210 0.683750
-0.128010 0.673960
-0.125762 0.677784
-0.123512 0.681635
-0.188496 0.677095
-0.186246 0.680928
-0.183998 0.684790
-0.298144 0.678246
-0.295895 0.682091
-0.599759 0.255390
-0.410042 0.675574
-0.407792 0.679403
-0.405544 0.683259
-0.666097 0.276643
-0.656895 0.297836
-0.658223 0.293743
-0.520408 0.610362
-0.516582 0.618330
-0.504757 0.634245
-0.500291 0.643686
-0.504145 0.634266
-0.503935 0.633818
-0.510003 0.634754
-0.499969 0.643915
-0.503974 0.646564
-0.498169 0.646416
-0.485493 0.675787
-0.483245 0.679634
-0.776834 0.154383
-0.729662 0.258649
-0.729584 0.258758
-0.696137 0.332310
-0.572485 0.605872
-0.570353 0.609359
-0.575424 0.611033
-0.550767 0.653690
-0.550472 0.654009
-0.551815 0.653679
-0.549311 0.655160
-0.542567 0.672541
-0.540318 0.676365
-0.538069 0.680217
-0.749203 0.427532
-0.744565 0.439086
-0.746275 0.434346
-0.748928 0.428194
-0.749307 0.427852
-0.743469 0.441700
-0.745694 0.440742
-0.687608 0.565546
-0.685187 0.570331
-0.687883 0.569784
-0.681016 0.578611
-0.682294 0.576109
-0.688767 0.575059
-0.679536 0.581490
-0.681330 0.581388
-0.826945 0.545395
-0.829791 0.551594
-0.826941 0.545362
-0.826992 0.545490
-0.769774 0.673582
-0.767525 0.677405
-0.765276 0.681256
-0.816847 0.673799
-0.814050 0.680387
-0.814136 0.680180
-0.811492 0.685234
0.879119 0.261861
0.879368 0.262121
0.879164 0.262647
0.850733 0.336232
0.852746 0.340879
0.855617 0.346393
0.855403 0.345939
0.855318 0.346210
0.765286 0.604669
0.764309 0.601357
0.764183 0.600961
0.646277 0.677372
0.648527 0.681199
0.650775 0.685055
0.545469 0.675737
0.550897 0.679334
0.547718 0.679563
0.553146 0.683179
0.549967 0.683416
0.501733 0.677347
0.503982 0.681194
0.309073 0.678506
0.311321 0.682352
0.176897 0.676527
0.179146 0.680361
0.181395 0.684222
-0.009754 0.676184
-0.012934 0.676405
-0.007505 0.680006
-0.010685 0.680236
-0.005256 0.683856
-0.008436 0.684095
-0.099474 0.675581
-0.097225 0.679415
-0.094976 0.683278
-0.179655 0.674313
-0.174227 0.677906
-0.177407 0.678133
-0.171978 0.681746
-0.175157 0.681981
-0.278216 0.676496
-0.275966 0.680342
-0.375844 0.674635
-0.373596 0.678470
-0.371346 0.682333
-0.474424 0.607193
-0.473036 0.610304
-0.477553 0.615209
-0.444938 0.674398
-0.442688 0.678233
-0.440440 0.682097
-0.659917 0.274968
-0.652344 0.291552
-0.498515 0.632672
-0.499312 0.629471
-0.494490 0.641364
-0.499344 0.629114
-0.499540 0.630008
-0.494272 0.641466
-0.492819 0.642918
-0.479134 0.675338
-0.482314 0.675561
-0.476886 0.679166
-0.480065 0.679398
-0.474636 0.683023
-0.477816 0.683264
-0.735766 0.260457
-0.735448 0.260712
-0.736785 0.262078
-0.699633 0.340400
-0.701178 0.335941
-0.581782 0.604203
-0.578435 0.607561
-0.577882 0.608490
-0.578567 0.607586
-0.576229 0.611283
-0.566206 0.645655
-0.559629 0.649546
-0.564459 0.649705
-0.557621 0.652662
-0.548228 0.675101
-0.545978 0.678930
-0.543730 0.682786
-0.758254 0.451286
-0.754814 0.459430
-0.751147 0.454134
-0.752417 0.453492
-0.745788 0.466932
-0.747805 0.461662
-0.748654 0.459446
-0.752511 0.463237
-0.715826 0.538788
-0.709623 0.546931
-0.710371 0.545440
-0.707514 0.551104
-0.710342 0.550855
-0.703228 0.559675
-0.704570 0.557039
-0.701746 0.562623
-0.703530 0.562353
-0.825787 0.533310
-0.825689 0.540034
-0.825634 0.532629
-0.825857 0.535271
-0.761166 0.676954
-0.760391 0.677813
-0.764346 0.677178
-0.759616 0.678688
-0.823366 0.644948
-0.818736 0.656510
-0.821260 0.650368
-0.822433 0.647301
-0.823377 0.645715
-0.815958 0.663089
-0.817273 0.659924
-0.818994 0.658273
-0.821422 0.654532
-0.816775 0.666968
-0.819376 0.663309
-0.810330 0.674967
-0.813989 0.675408
-0.816809 0.671848
-0.808080 0.678801
-0.814042 0.680297
-0.805832 0.682663
0.882769 0.197955
0.884020 0.207091
0.845320 0.339217
0.847832 0.345342
0.847062 0.343367
0.844098 0.341595
0.770508 0.601365
0.768936 0.596842
0.767481 0.592548
0.764346 0.600858
0.639918 0.677820
0.642167 0.681666
0.528020 0.675149
0.530270 0.678977
0.532518 0.682835
0.444659 0.674102
0.446909 0.677925
0.449157 0.681777
0.251999 0.675261
0.254248 0.679084
0.256497 0.682935
0.148359 0.674907
0.150609 0.678730
0.152859 0.682581
0.093536 0.675480
0.095785 0.679308
0.098034 0.683164
-0.030382 0.675817
-0.028132 0.679652
-0.025884 0.683514
-0.154298 0.676157
-0.152050 0.679997
-0.209123 0.676733
-0.206874 0.680579
-0.577388 0.257809
-0.573193 0.265609
-0.381505 0.677197
-0.379256 0.681036
-0.738112 0.049244
-0.735044 0.057556
-0.477929 0.615246
-0.477635 0.616050
-0.479503 0.620927
-0.477626 0.615766
-0.478367 0.615579
-0.478844 0.625499
-0.456026 0.673366
-0.450597 0.676960
-0.453777 0.677187
-0.448349 0.680800
-0.451528 0.681036
-0.790324 0.169869
-0.790404 0.169953
-0.769513 0.228405
-0.757969 0.241530
-0.760359 0.236637
-0.762745 0.235037
-0.756858 0.244247
-0.757898 0.242543
-0.758585 0.252560
-0.746015 0.268112
-0.708197 0.352064
-0.709786 0.347524
-0.592713 0.606717
-0.590674 0.609931
-0.576961 0.641828
-0.577566 0.640619
-0.574482 0.646968
-0.570410 0.654838
-0.571649 0.652567
-0.569169 0.657119
-0.562496 0.674291
-0.565675 0.674513
-0.570105 0.666848
-0.560246 0.678114
-0.563426 0.678345
-0.557998 0.681966
-0.561177 0.682205
-0.783360 0.460283
-0.783212 0.459292
-0.727304 0.583707
-0.728157 0.588036
-0.726107 0.596807
-0.724999 0.587719
-0.725584 0.591710
-0.723936 0.605524
-0.723328 0.600390
-0.723180 0.595493
-0.720704 0.608904
-0.720300 0.603892
-0.718502 0.617608
-0.717919 0.612516
-0.715580 0.621159
-0.703994 0.649843
-0.704180 0.645099
-0.691227 0.663203
-0.698043 0.661709
-0.693629 0.657280
-0.696512 0.656156
-0.698586 0.652265
-0.690976 0.663805
-0.695182 0.670113
-0.687622 0.670974
-0.687991 0.671700
0.909303 0.030710
0.837867 0.352778
0.835666 0.359962
0.837323 0.354374
0.804525 0.508491
0.804505 0.507579
0.801315 0.511342
0.755154 0.611825
0.683654 0.676210
0.689082 0.679807
0.685903 0.680035
0.691331 0.683651
0.688152 0.683888
0.458928 0.674912
0.461176 0.678741
0.463426 0.682598
0.294454 0.676638
0.296704 0.680485
0.113814 0.674789
0.116062 0.678611
0.118312 0.682462
0.024444 0.675243
0.026692 0.679072
0.028941 0.682929
-0.070937 0.677206
-0.068689 0.681052
-0.237659 0.675107
-0.235411 0.678943
-0.233161 0.682806
-0.306752 0.674871
-0.304503 0.678706
-0.302254 0.682570
-0.792807 0.179683
-0.791469 0.183072
-0.785620 0.195602
-0.787645 0.191659
-0.782722 0.202373
-0.784694 0.197617
-0.778294 0.211758
-0.777668 0.212916
-0.771864 0.226386
-0.758541 0.255863
-0.759266 0.262573
-0.751793 0.270324
-0.753865 0.269826
-0.713266 0.355632
-0.600909 0.604591
-0.598832 0.607899
-0.596392 0.612329
-0.584060 0.641950
-0.582351 0.644851
-0.583309 0.642933
-0.585529 0.644697
-0.580248 0.649215
-0.577144 0.655565
-0.577207 0.655439
-0.580026 0.656761
-0.571681 0.666734
-0.574504 0.660661
-0.568855 0.674737
-0.571049 0.668139
-0.566605 0.678578
-0.572327 0.677563
-0.749465 0.412814
-0.749773 0.413485
-0.746670 0.421781
-0.748978 0.417997
-0.745241 0.430835
-0.672873 0.582109
-0.675468 0.577072
-0.680947 0.576344
-0.672712 0.582426
-0.672888 0.582396
-0.667410 0.593261
-0.669898 0.587968
-0.672676 0.587166
-0.666582 0.595026
-0.667652 0.594591
-0.663176 0.602321
-0.663220 0.602224
-0.658921 0.611418
-0.659745 0.609759
-0.833683 0.591924
-0.834082 0.597197
-0.833617 0.591977
-0.833662 0.592158
-0.832320 0.606100
-0.833049 0.601584
-0.829907 0.614708
-0.830896 0.610310
-0.796062 0.675778
-0.793812 0.679618
0.893277 0.101029
0.873283 0.294056
0.873101 0.293297
0.873029 0.294534
0.820307 0.421173
0.818394 0.430844
0.819018 0.425727
0.774235 0.578272
0.774180 0.581849
0.774296 0.577886
0.782232 0.596928
0.780818 0.592671
0.779571 0.588732
0.785819 0.604878
0.784305 0.600449
0.781488 0.593816
0.779846 0.589207
0.776451 0.590547
0.735428 0.630731
0.735215 0.628525
0.735225 0.628508
0.735165 0.628624
0.722383 0.662848
0.719106 0.655423
0.722945 0.664135
0.722323 0.663546
0.720060 0.655433
0.717738 0.660767
0.720089 0.655281
0.674814 0.678995
0.677062 0.682833
0.679312 0.686699
0.562916 0.676327
0.565165 0.680148
0.567414 0.683999
0.508092 0.676899
0.510341 0.680727
0.512590 0.684582
0.432640 0.677112
0.434889 0.680957
0.363897 0.677930
0.366146 0.681769
0.323922 0.674219
0.329350 0.677812
0.326171 0.678039
0.331600 0.681652
0.328420 0.681887
0.211792 0.677704
0.212568 0.678558
0.208613 0.677926
0.213343 0.679429
0.142351 0.676408
0.144599 0.680242
0.146849 0.684105
0.079267 0.674670
0.081516 0.678493
0.083765 0.682344
-0.078847 0.675948
-0.076598 0.679769
-0.074349 0.683620
-0.243320 0.677670
-0.241071 0.681509
-0.588440 0.250249
-0.574924 0.280631
-0.575133 0.279814
-0.395774 0.676385
-0.398953 0.676610
-0.393524 0.680219
-0.396704 0.680453
-0.391276 0.684081
-0.713861 0.262993
-0.716420 0.262559
-0.688153 0.319658
-0.560751 0.602000
-0.558244 0.606599
-0.556605 0.608623
-0.536408 0.654778
-0.534626 0.657228
-0.528298 0.673351
-0.526050 0.677180
-0.523800 0.681038
-0.746816 0.404126
-0.744350 0.408605
-0.744501 0.407452
-0.660845 0.594078
-0.662665 0.590157
-0.666267 0.589098
-0.656404 0.603477
-0.659240 0.597538
-0.661692 0.596728
-0.656043 0.604224
-0.656577 0.604114
-0.663152 0.602253
-0.651175 0.614226
-0.653148 0.610007
-0.658562 0.609875
-0.649919 0.616803
-0.651790 0.616507
-0.647507 0.621153
-0.831994 0.489129
-0.833490 0.495063
-0.831917 0.489119
-0.832035 0.489554
-0.829764 0.503077
-0.829576 0.498142
-0.826549 0.511322
-0.827775 0.507029
-0.826068 0.515958
-0.747247 0.676710
-0.744998 0.680555
0.893015 0.109637
0.892463 0.111101
0.835277 0.362409
0.777512 0.555271
0.778196 0.556842
0.779311 0.558343
0.777412 0.554480
0.776909 0.556352
0.782131 0.564981
0.780417 0.560242
0.778526 0.570194
0.730974 0.635339
0.731065 0.635596
0.730966 0.635297
0.730909 0.635396
0.731113 0.633772
0.651937 0.674812
0.654187 0.678634
0.656435 0.682486
0.462107 0.674692
0.467536 0.678285
0.464356 0.678512
0.469785 0.682124
0.466605 0.682359
0.375567 0.673865
0.377816 0.677689
0.380065 0.681541
0.320743 0.674439
0.322991 0.678268
0.325241 0.682126
0.217453 0.675143
0.219701 0.678966
0.216522 0.679196
0.221951 0.682816
0.218772 0.683056
0.067249 0.677679
0.069497 0.681524
-0.041470 0.674786
-0.036041 0.678379
-0.039221 0.678606
-0.033793 0.682218
-0.036972 0.682454
-0.031543 0.686085
-0.105134 0.678143
-0.102885 0.681982
-0.100636 0.685849
-0.168567 0.675345
-0.166317 0.679179
-0.164069 0.683042
-0.234480 0.674885
-0.229051 0.678483
-0.232231 0.678711
-0.226802 0.682327
-0.229982 0.682565
-0.372665 0.674413
-0.367237 0.678010
-0.370416 0.678238
-0.364987 0.681855
-0.368167 0.682093
-0.769018 0.095635
-0.694857 0.259425
-0.690736 0.267621
-0.673238 0.306612
-0.540039 0.601558
-0.542928 0.601154
-0.539091 0.602515
-0.529336 0.625311
-0.530368 0.622929
-0.531595 0.625127
-0.516406 0.653250
-0.516158 0.653276
-0.519540 0.653615
-0.510851 0.673939
-0.505423 0.677537
-0.508602 0.677765
-0.503173 0.681382
-0.506353 0.681620
-0.737629 0.392887
-0.737908 0.398414
-0.738318 0.393749
-0.637431 0.615064
-0.637589 0.614721
-0.634184 0.622042
-0.627381 0.637711
-0.630005 0.629576
-0.632188 0.625119
-0.627292 0.636931
-0.627695 0.639543
-0.627528 0.635618
-0.628399 0.633601
-0.630622 0.631197
-0.620874 0.650625
-0.622141 0.646660
-0.628058 0.639739
-0.617727 0.657824
-0.620524 0.651452
-0.799402 0.469577
-0.799381 0.469433
-0.707040 0.674264
-0.704791 0.678105
0.870218 0.302877
0.868080 0.311328
0.868092 0.306479
0.818138 0.431523
0.818642 0.440434
0.816340 0.436649
0.799959 0.512918
0.739887 0.624271
0.739606 0.622108
0.720294 0.673333
0.718771 0.668891
0.716336 0.662915
0.720154 0.674228
0.718423 0.670159
0.715910 0.666475
0.570825 0.677585
0.573075 0.681430
0.522360 0.677710
0.519180 0.677934
0.524609 0.681543
0.521430 0.681777
0.526858 0.685404
0.481804 0.679098
0.484053 0.682942
0.418372 0.676298
0.420621 0.680138
0.335360 0.676308
0.337609 0.680135
0.339858 0.683992
0.225711 0.677457
0.227961 0.681297
0.136341 0.677915
0.138590 0.681761
-0.064578 0.676757
-0.067758 0.676980
-0.062330 0.680585
-0.065509 0.680816
-0.060080 0.684440
-0.063260 0.684682
-0.266196 0.673487
-0.263947 0.677311
-0.261698 0.681162
-0.326682 0.676621
-0.324432 0.680455
-0.322183 0.684317
-0.762687 0.084627
-0.680890 0.270716
-0.672372 0.278157
-0.676649 0.278497
-0.664189 0.295787
-0.521745 0.610156
-0.528849 0.609322
-0.528470 0.604315
-0.518906 0.616826
-0.520711 0.612781
-0.522125 0.615978
-0.517294 0.620144
-0.519572 0.624523
-0.510571 0.636547
-0.510649 0.634578
-0.515342 0.632309
-0.514445 0.625803
-0.514678 0.627171
-0.510573 0.634530
-0.505308 0.647451
-0.505047 0.647787
-0.503602 0.649665
-0.493403 0.674529
-0.491154 0.678351
-0.488906 0.682202
-0.819834 0.471390
-0.819694 0.470030
-0.819571 0.470021
-0.732397 0.672421
-0.726969 0.676014
-0.730149 0.676241
-0.724720 0.679855
-0.727899 0.680091
0.879426 0.231864
0.878441 0.243574
0.889377 0.253096
0.881980 0.251672
0.889434 0.253218
0.832168 0.371153
0.832094 0.370876
0.832166 0.371248
0.795406 0.519214
0.794978 0.516649
0.796831 0.527934
0.794627 0.524075
0.694742 0.677244
0.696992 0.681084
0.582845 0.674575
0.585095 0.678399
0.587343 0.682250
0.424731 0.675853
0.426980 0.679675
0.429228 0.683525
0.300814 0.676189
0.297634 0.676412
0.303063 0.680018
0.299883 0.680249
0.305312 0.683873
0.302132 0.684115
0.180076 0.676305
0.185505 0.679902
0.182325 0.680130
0.187753 0.683746
0.188529 0.684635
0.184574 0.683982
0.073607 0.677231
0.070428 0.677453
0.075856 0.681058
0.072677 0.681289
0.078105 0.684913
0.074925 0.685154
-0.021774 0.679193
-0.019525 0.683036
-0.096295 0.675359
-0.090866 0.678955
-0.094045 0.679184
-0.088617 0.682800
-0.091797 0.683038
-0.197103 0.673724
-0.194854 0.677547
-0.192606 0.681399
-0.321021 0.674060
-0.318772 0.677890
-0.316523 0.681747
-0.620936 0.269968
-0.619339 0.276797
-0.613952 0.285543
-0.617258 0.285555
-0.436329 0.677773
-0.434081 0.681618
-0.747350 0.051953
-0.746175 0.054603
-0.486081 0.629437
-0.487510 0.625163
-0.483544 0.634548
-0.481818 0.636822
-0.481738 0.636861
-0.464867 0.676149
-0.462618 0.679982
-0.460368 0.683845
-0.721769 0.367398
-0.612112 0.610070
-0.609962 0.613606
-0.591602 0.655345
-0.593628 0.651086
-0.590311 0.658138
-0.586201 0.666382
-0.587527 0.663585
-0.590043 0.666143
-0.582774 0.674984
-0.581265 0.676640
-0.584228 0.670589
-0.768166 0.446071
-0.760611 0.448903
-0.759641 0.450050
-0.761835 0.448058
-0.755739 0.460662
-0.751804 0.468889
-0.753532 0.464359
-0.753671 0.468612
-0.722924 0.533111
-0.726594 0.533960
-0.717747 0.543458
-0.720475 0.537542
-0.725783 0.538449
-0.717045 0.544943
-0.718484 0.544843
-0.711720 0.555596
-0.714270 0.550376
-0.788136 0.464352
-0.788172 0.463963
-0.789740 0.465544
-0.719018 0.617033
-0.721296 0.612625
-0.721679 0.614203
-0.718574 0.617883
-0.719935 0.623114
-0.717390 0.631662
-0.715921 0.622949
-0.716560 0.626432
-0.715009 0.640285
-0.713186 0.634605
-0.712154 0.630604
-0.713000 0.628827
-0.713173 0.629771
-0.704091 0.649821
-0.711209 0.648266
-0.706156 0.644478
-0.710592 0.643132
-0.708745 0.638245
-0.709408 0.636715
-0.709491 0.637805
-0.702619 0.654171
-0.703361 0.651983
-0.702729 0.654128
-0.695651 0.669722
-0.695253 0.670552
-0.692423 0.676133
-0.691082 0.677516
-0.690940 0.677676
-0.691226 0.678039
0.883415 0.187960
0.881586 0.252127
0.884538 0.258077
0.829907 0.397237
0.828276 0.392618
0.777959 0.571921
0.778266 0.570808
0.774441 0.576874
0.783653 0.596963
0.781943 0.592880
0.780107 0.588887
0.680475 0.676432
0.682723 0.680266
0.684973 0.684129
0.591452 0.677946
0.593702 0.681779
0.595951 0.685641
0.439000 0.676663
0.435820 0.676886
0.441248 0.680491
0.438068 0.680722
0.443498 0.684346
0.440318 0.684587
0.286545 0.675380
0.288795 0.679203
0.291043 0.683053
0.156968 0.678278
0.153788 0.678502
0.159217 0.682111
0.156038 0.682344
0.161466 0.685971
0.107804 0.676290
0.110054 0.680125
0.112302 0.683986
-0.001845 0.677442
0.000405 0.681288
-0.133671 0.676521
-0.131422 0.680348
-0.129173 0.684204
-0.271856 0.676048
-0.269607 0.679875
-0.267359 0.683732
-0.347308 0.676260
-0.345059 0.680106
-0.775028 0.143578
-0.776593 0.153987
-0.729433 0.258748
-0.721367 0.260969
-0.691159 0.328585
-0.692848 0.323880
-0.690793 0.329606
-0.691623 0.328938
-0.566450 0.604442
-0.564477 0.607440
-0.562239 0.611271
-0.544715 0.652315
-0.542705 0.655425
-0.542148 0.656006
-0.544718 0.655326
-0.533959 0.675912
-0.537138 0.676137
-0.531710 0.679746
-0.534890 0.679980
-0.529461 0.683609
-0.746112 0.450498
-0.748647 0.444349
-0.744007 0.455926
-0.745949 0.450905
-0.748171 0.451567
-0.747486 0.460959
-0.709217 0.545498
-0.701940 0.551907
-0.695604 0.562281
-0.697909 0.557494
-0.702835 0.557154
-0.694776 0.563990
-0.696126 0.563816
-0.692122 0.569059
-0.695671 0.568489
-0.688765 0.575804
-0.689197 0.574949
-0.825571 0.519634
-0.825917 0.518006
-0.825903 0.520730
-0.825872 0.517293
-0.825536 0.530264
-0.826290 0.525763
-0.755505 0.674391
-0.753257 0.678220
-0.756436 0.678453
-0.751007 0.682077
-0.754187 0.682319
0.861268 0.313885
0.861354 0.313820
0.861150 0.314464
0.868882 0.330635
0.867107 0.331169
0.873633 0.340466
0.871735 0.336290
0.876423 0.347489
0.876289 0.346827
0.875875 0.345828
0.812697 0.450347
0.811144 0.453533
0.814236 0.466693
0.813266 0.462274
0.783782 0.537867
0.781668 0.532448
0.785167 0.541539
0.785225 0.540345
0.781707 0.539637
0.796204 0.566381
0.795046 0.562574
0.795327 0.563059
0.794578 0.561102
0.797891 0.568153
0.722714 0.647519
0.719226 0.655247
0.722160 0.645072
0.720092 0.649998
0.722790 0.645844
0.720318 0.654769
0.666205 0.675622
0.668455 0.679450
0.670703 0.683307
0.577185 0.677136
0.574005 0.677359
0.579434 0.680963
0.576255 0.681195
0.581683 0.684819
0.578503 0.685060
0.493824 0.676090
0.490644 0.676311
0.496072 0.679912
0.492893 0.680142
0.498321 0.683761
0.495141 0.684001
0.260258 0.677576
0.262506 0.681415
0.128431 0.676658
0.125251 0.676879
0.130681 0.680479
0.127501 0.680709
0.132929 0.684329
0.129749 0.684568
0.032702 0.677560
0.034951 0.681406
-0.085206 0.676393
-0.082957 0.680233
-0.182835 0.674534
-0.180587 0.678363
-0.178337 0.682220
-0.292484 0.675683
-0.290235 0.679524
-0.340949 0.675811
-0.344129 0.676034
-0.338700 0.679639
-0.341879 0.679871
-0.336451 0.683495
-0.339631 0.683737
-0.701493 0.046469
-0.605622 0.258558
-0.605903 0.257127
-0.594623 0.281863
-0.596511 0.281011
-0.416401 0.676023
-0.414152 0.679870
-0.700732 0.261340
-0.678925 0.309134
-0.546756 0.601981
-0.545034 0.604232
-0.522966 0.653881
-0.522632 0.654108
-0.514030 0.674162
-0.511782 0.677997
-0.509532 0.681861
-0.726791 0.371053
-0.617374 0.613837
-0.615354 0.616976
-0.612767 0.621849
-0.615657 0.624404
-0.598090 0.656503
-0.598978 0.654589
-0.600797 0.656474
-0.594138 0.665072
-0.595304 0.662724
-0.596762 0.664348
-0.592397 0.668537
-0.594211 0.672894
-0.588783 0.676487
-0.589074 0.675533
-0.589151 0.675378
-0.591963 0.676714
-0.775493 0.447436
-0.774898 0.448034
-0.778300 0.450659
-0.733779 0.539646
-0.732724 0.540524
-0.734746 0.547352
-0.732470 0.540654
-0.732970 0.541709
-0.830743 0.553524
-0.830229 0.553834
-0.832004 0.562299
-0.830635 0.556849
-0.775783 0.675085
-0.773535 0.678919
-0.771285 0.682781
0.887615 0.158456
0.886092 0.167345
0.867428 0.312171
0.862799 0.313718
0.875029 0.337283
0.876716 0.346220
0.779955 0.554973
0.788385 0.563428
0.786540 0.558470
0.727601 0.643643
0.726500 0.639929
0.722466 0.644089
0.709010 0.678057
0.711260 0.681903
0.597113 0.675385
0.599362 0.679213
0.601611 0.683071
0.536629 0.678521
0.538877 0.682361
0.407283 0.675264
0.412711 0.678861
0.409532 0.679089
0.414961 0.682706
0.411781 0.682943
0.280536 0.676881
0.282785 0.680715
0.285034 0.684578
0.191164 0.677339
0.193414 0.681179
0.096716 0.675259
0.102144 0.678853
0.098964 0.679079
0.104393 0.682691
0.101214 0.682926
0.106642 0.686558
0.004514 0.676994
0.006764 0.680821
0.008663 0.683632
-0.140030 0.676970
-0.137781 0.680815
-0.257588 0.676858
-0.260767 0.677083
-0.255339 0.680691
-0.258519 0.680926
-0.253090 0.684554
-0.675343 0.043393
-0.581596 0.249716
-0.578445 0.256914
-0.581209 0.250698
-0.581921 0.255000
-0.575478 0.263801
-0.577289 0.259571
-0.577300 0.262609
-0.573468 0.268146
-0.573870 0.270757
-0.390113 0.673824
-0.387864 0.677653
-0.385615 0.681511
-0.729953 0.379708
-0.731519 0.380964
-0.622607 0.617696
-0.618991 0.623912
-0.620701 0.620488
-0.620593 0.636330
-0.617752 0.626441
-0.611591 0.642080
-0.611769 0.642038
-0.616066 0.639124
-0.619546 0.635874
-0.610131 0.650997
-0.610892 0.656184
-0.612584 0.652124
-0.769311 0.445760
-0.769100 0.445887
-0.729015 0.534371
-0.730062 0.535530
-0.725866 0.540012
-0.726672 0.538498
-0.806110 0.470350
-0.811910 0.470733
-0.712700 0.676827
-0.710452 0.680673
0.885598 0.169067
0.885356 0.177379
0.857268 0.319284
0.854280 0.327277
0.863472 0.333522
0.863070 0.332739
0.868821 0.344493
0.865934 0.338435
0.871749 0.351306
0.869214 0.345392
0.816617 0.442982
0.789614 0.535594
0.787313 0.529854
0.794232 0.547143
0.792836 0.542920
0.790026 0.536561
0.795937 0.550040
0.792615 0.549240
0.794480 0.545737
0.792035 0.544656
0.801922 0.563917
0.799728 0.558335
0.798976 0.555252
0.701101 0.676800
0.703351 0.680621
0.705599 0.684470
0.625650 0.677007
0.627899 0.680848
0.513753 0.674339
0.516001 0.678161
0.518251 0.682013
0.384175 0.677237
0.380996 0.677462
0.386423 0.681071
0.383244 0.681304
0.388673 0.684932
0.349279 0.676062
0.351529 0.679902
0.269098 0.674791
0.274526 0.678389
0.271347 0.678617
0.276775 0.682233
0.273595 0.682470
0.170887 0.678033
0.173136 0.681879
0.052979 0.676866
0.055228 0.680706
-0.044650 0.675006
-0.042400 0.678835
-0.040152 0.682692
-0.147939 0.675712
-0.151119 0.675933
-0.145691 0.679533
-0.148870 0.679763
-0.143441 0.683384
-0.146621 0.683623
-0.223391 0.675919
-0.221142 0.679760
-0.695410 0.034753
-0.594084 0.252847
-0.581147 0.282239
-0.404381 0.673014
-0.402133 0.676838
-0.399883 0.680690
-0.657397 0.274640
-0.648275 0.286266
-0.651827 0.281816
-0.646170 0.290403
-0.491933 0.631672
-0.492479 0.631659
-0.492720 0.628500
-0.497539 0.629101
-0.488649 0.638791
-0.487010 0.640793
-0.473474 0.672777
-0.471225 0.676601
-0.468977 0.680454
-0.716850 0.363578
-0.718334 0.359210
-0.720089 0.366085
-0.721493 0.361887
-0.606626 0.606978
-0.604677 0.609910
-0.588307 0.647498
-0.582891 0.657982
-0.585749 0.652256
-0.588701 0.655834
-0.582840 0.658091
-0.578976 0.666495
-0.579329 0.665733
-0.580321 0.666599
-0.574515 0.677300
-0.573939 0.676934
-0.575969 0.672924
-0.581082 0.676647
-0.813035 0.470759
-0.812963 0.470680
-0.720959 0.674510
-0.718710 0.678339
-0.716462 0.682196
0.879474 0.228564
0.889566 0.253098
0.820430 0.405507
0.824109 0.413614
0.820005 0.410714
0.820649 0.405883
0.820290 0.404988
0.820314 0.405730
0.824182 0.413775
0.821349 0.419806
0.824175 0.413727
0.814243 0.468864
0.813299 0.465439
0.812467 0.477192
0.813896 0.471690
0.744107 0.619261
0.743274 0.616456
0.743780 0.619871
0.743065 0.615644
0.740079 0.621576
0.611382 0.676195
0.613631 0.680030
0.615880 0.683893
0.453267 0.677473
0.455516 0.681307
0.457765 0.685168
0.245990 0.676764
0.242810 0.676988
0.248238 0.680598
0.245059 0.680831
0.250487 0.684459
0.162629 0.675716
0.164877 0.679545
0.167127 0.683402
0.058989 0.675362
0.061239 0.679190
0.063487 0.683046
0.010175 0.674434
0.012423 0.678256
0.014673 0.682108
-0.119403 0.677332
-0.122583 0.677556
-0.117154 0.681165
-0.120333 0.681398
-0.114905 0.685026
-0.251928 0.674297
-0.249679 0.678126
-0.247430 0.681983
-0.317841 0.673840
-0.312412 0.677433
-0.315592 0.677660
-0.310164 0.681273
-0.313343 0.681508
-0.607787 0.283837
-0.430669 0.675210
-0.428420 0.679051
-0.693395 0.247141
-0.689723 0.265017
-0.681098 0.273673
-0.682828 0.270176
-0.679388 0.277607
-0.668202 0.302982
-0.670997 0.305043
-0.529488 0.609165
-0.536071 0.607753
-0.531930 0.603168
-0.535757 0.602749
-0.526292 0.616447
-0.529161 0.609877
-0.531965 0.615595
-0.531283 0.603507
-0.522972 0.623943
-0.525064 0.619290
-0.520397 0.630177
-0.520766 0.629318
-0.510605 0.651111
-0.509902 0.651729
-0.509348 0.651979
-0.499762 0.674974
-0.497513 0.678815
-0.740551 0.401951
-0.742899 0.405532
-0.647469 0.608335
-0.649824 0.603360
-0.646595 0.610143
-0.648551 0.610181
-0.641410 0.620494
-0.643703 0.615913
-0.640754 0.621858
-0.641787 0.621675
-0.638178 0.626701
-0.631600 0.643587
-0.630443 0.644694
-0.627843 0.650957
-0.629982 0.650279
-0.628036 0.648823
-0.630218 0.644803
-0.630296 0.645574
-0.623786 0.659708
-0.625536 0.655972
-0.626822 0.658548
-0.779939 0.452470
-0.779882 0.452160
-0.782134 0.457270
-0.735010 0.550676
-0.734333 0.556866
-0.734663 0.550738
-0.734939 0.552307
-0.732339 0.565666
-0.733286 0.561261
-0.729476 0.574069
-0.729607 0.569297
-0.727066 0.582680
-0.727465 0.578029
-0.724886 0.586564
-0.690900 0.663315
-0.691024 0.658538
-0.686824 0.666336
-0.835079 0.573821
-0.835894 0.578617
-0.834078 0.575377
-0.834806 0.587824
-0.834580 0.582871
-0.833049 0.577027
-0.833196 0.577422
-0.833258 0.587156
-0.789703 0.675334
-0.792882 0.675554
-0.787453 0.679155
-0.790633 0.679385
-0.785205 0.683005
-0.788384 0.683244
