3.284822 0.687256
3.292721 0.682175
3.295734 0.675090
3.278679 0.688900
3.272637 0.687465
3.278421 0.687073
3.302182 0.668004
3.299838 0.654517
3.302042 0.659419
3.298748 0.647107
3.292321 0.642842
3.266718 0.685601
3.261083 0.675909
3.261242 0.672948
3.254592 0.662852
3.256344 0.660478
3.257652 0.657790
3.256463 0.654719
3.261594 0.649712
3.255550 0.646126
3.255848 0.644913
3.263144 0.643670
3.259217 0.641014
3.265312 0.634346
3.258650 0.633947
3.146629 0.727509
3.140260 0.727216
3.021517 0.730220
3.022052 0.718777
3.025134 0.710925
3.030660 0.703649
3.037047 0.699327
3.036956 0.699361
3.030908 0.699418
3.141426 0.724647
3.147483 0.725888
3.151658 0.725442
3.148904 0.719529
3.142974 0.719079
3.144525 0.712817
3.146110 0.712628
3.149040 0.718333
3.145238 0.709782
3.135377 0.722255
3.136577 0.717504
3.126022 0.709292
3.148052 0.719805
3.150590 0.716646
3.149055 0.715458
3.148705 0.710425
3.145053 0.704962
3.147054 0.700668
3.143680 0.703496
3.143072 0.694792
3.135640 0.718072
3.130885 0.712029
3.140041 0.701054
3.139583 0.701511
3.138079 0.699427
3.151193 0.690882
3.153265 0.685593
3.151216 0.683358
3.150744 0.684486
3.145143 0.682032
3.143327 0.680512
3.140611 0.685671
3.140183 0.675550
3.141744 0.667415
3.146259 0.672979
3.144732 0.666498
3.142141 0.661732
3.119751 0.705897
3.114156 0.702893
3.113514 0.702423
3.112036 0.684883
3.109016 0.698306
3.108388 0.697763
3.102732 0.697717
3.103153 0.693492
3.098823 0.686062
3.109782 0.690391
3.105266 0.684759
3.117697 0.674631
3.128075 0.672183
3.125051 0.670555
3.113422 0.677380
3.111154 0.678899
3.100756 0.678143
3.114434 0.671499
3.123586 0.661396
3.116129 0.665158
3.117540 0.658073
3.111741 0.661931
3.164395 0.651560
3.165008 0.649410
3.160994 0.650119
3.158518 0.649119
3.159726 0.644063
3.164658 0.647924
3.169495 0.637733
3.161618 0.636991
3.159644 0.642867
3.142884 0.661845
3.137208 0.659132
3.136856 0.657629
3.137263 0.654961
3.153631 0.644066
3.152467 0.646888
3.153866 0.640500
3.154430 0.641273
3.154017 0.640768
3.147925 0.641458
3.146414 0.645023
3.147215 0.641198
3.147863 0.641347
3.149074 0.634678
3.141916 0.636041
3.171601 0.632447
3.172394 0.626870
3.158628 0.629475
3.149492 0.627384
3.130659 0.659466
3.132760 0.646926
3.128173 0.654134
3.125919 0.650727
3.122117 0.652742
3.128529 0.641592
3.134304 0.642096
3.129796 0.635021
3.119099 0.654770
3.119411 0.650918
3.114300 0.646222
3.113046 0.648310
3.113659 0.645031
3.108536 0.641703
3.106989 0.647038
3.122446 0.640303
3.110081 0.636617
3.117391 0.632654
3.111202 0.631733
3.112061 0.628730
3.111634 0.629817
3.117690 0.631072
3.137396 0.631228
3.138472 0.626627
3.119239 0.625157
3.113187 0.622934
3.080167 0.655528
3.073260 0.654375
3.035550 0.693201
3.039413 0.685533
3.034276 0.681381
3.035320 0.679738
3.046086 0.672732
3.044721 0.668682
3.058641 0.663113
3.058344 0.661217
3.051660 0.664964
3.050796 0.666379
3.106277 0.634767
3.102608 0.633925
3.102484 0.639577
3.104034 0.633336
3.096656 0.637480
3.080604 0.648984
3.089281 0.643460
3.088107 0.644938
3.082290 0.646601
3.088822 0.643122
3.088712 0.642712
3.108388 0.629487
3.416433 0.645262
3.416527 0.636711
3.410806 0.647289
3.404854 0.645540
3.411923 0.641430
3.420855 0.632612
3.416355 0.623998
3.410304 0.621657
3.399974 0.637285
3.393930 0.635855
3.383343 0.627749
3.384533 0.622002
3.376930 0.626230
3.370874 0.624843
3.289873 0.641477
3.292305 0.637060
3.291018 0.634712
3.284403 0.636963
3.285735 0.630620
3.284420 0.633858
3.278020 0.633783
3.272125 0.633085
3.406812 0.633212
3.407930 0.629283
3.410313 0.620078
3.413830 0.618981
3.400611 0.632329
3.402400 0.626045
3.394014 0.628756
3.407281 0.620253
3.403046 0.623779
3.396649 0.623881
3.396654 0.622675
3.398475 0.617196
3.476391 0.601675
3.454802 0.592500
3.473440 0.597736
3.467808 0.594863
3.461349 0.594888
3.449891 0.590103
3.443131 0.590898
3.411976 0.615569
3.414067 0.613247
3.413418 0.606652
3.421015 0.603585
3.421450 0.603402
3.415818 0.605100
3.417349 0.599664
3.421036 0.599637
3.422576 0.595479
3.422736 0.594530
3.436832 0.590362
3.429833 0.592274
3.437566 0.585051
3.431360 0.588548
3.406143 0.576981
3.407525 0.575769
3.407268 0.575442
3.407534 0.574011
3.409074 0.570009
3.410744 0.569470
3.409829 0.566457
3.409080 0.568679
3.382561 0.626123
3.390605 0.620201
3.386700 0.618524
3.375459 0.630019
3.375393 0.629964
3.369343 0.627313
3.377501 0.622854
3.371839 0.620088
3.372434 0.616839
3.378006 0.618365
3.386084 0.615768
3.392143 0.616350
3.386095 0.613336
3.373991 0.609320
3.380048 0.610480
3.381009 0.605659
3.375539 0.603630
3.377083 0.598673
3.364351 0.623714
3.358782 0.618328
3.352497 0.617308
3.366377 0.615775
3.361879 0.606670
3.371028 0.596939
3.362232 0.601358
3.354271 0.611916
3.355818 0.606313
3.353325 0.605077
3.350381 0.602110
3.348226 0.608379
3.349847 0.601492
3.349761 0.601543
3.344875 0.606139
3.351327 0.596090
3.351326 0.596029
3.346089 0.591792
3.343585 0.588510
3.343730 0.599030
3.345282 0.592420
3.344450 0.591703
3.344108 0.585833
3.392305 0.587042
3.378640 0.590970
3.385371 0.589812
3.388499 0.587278
3.397235 0.586483
3.391475 0.588293
3.392319 0.584157
3.401973 0.581793
3.399922 0.579958
3.396008 0.577655
3.385560 0.586410
3.382866 0.583180
3.386263 0.583052
3.384482 0.577781
3.387822 0.575153
3.401351 0.573559
3.401477 0.573020
3.398517 0.560166
3.403027 0.566731
3.396978 0.564007
3.383058 0.572579
3.385354 0.569414
3.392461 0.558778
3.390493 0.559062
3.385596 0.563699
3.341321 0.583154
3.342333 0.577423
3.334551 0.577864
3.343623 0.575093
3.336653 0.576905
3.345420 0.567678
3.343889 0.570298
3.337816 0.570090
3.337754 0.570033
3.332491 0.566137
3.351497 0.565093
3.345433 0.565171
3.346996 0.556773
3.339378 0.563716
3.340931 0.557058
3.333323 0.562296
3.334628 0.555915
3.342150 0.549453
3.326642 0.564025
3.321562 0.559231
3.322766 0.552538
3.328209 0.555797
3.321515 0.546205
3.319814 0.538112
3.324774 0.544156
3.318280 0.541163
3.312220 0.540550
3.265059 0.632514
3.259141 0.630637
3.256766 0.631899
3.178996 0.631365
3.209653 0.618295
3.203906 0.613990
3.204160 0.619081
3.207231 0.611950
3.196564 0.622050
3.190507 0.620784
3.199065 0.618640
3.191908 0.617001
3.193293 0.609917
3.193609 0.608198
3.184452 0.619418
3.175181 0.624701
3.172814 0.618388
3.178393 0.618558
3.178645 0.613965
3.179937 0.613728
3.185995 0.614548
3.186897 0.609719
3.181163 0.607202
3.179827 0.605658
3.187557 0.606095
3.200587 0.606968
3.201329 0.601639
3.195166 0.600712
3.195239 0.600367
3.193293 0.594410
3.199464 0.585574
3.199808 0.584050
3.189106 0.600129
3.179194 0.599754
3.183046 0.599648
3.192777 0.588526
3.192206 0.587817
3.193757 0.581730
3.191897 0.586733
3.191143 0.585357
3.189979 0.579312
3.193772 0.578841
3.281793 0.560461
3.274189 0.564903
3.270083 0.555987
3.260525 0.568723
3.262072 0.563256
3.256016 0.561937
3.254472 0.566971
3.254448 0.559674
3.257590 0.554547
3.290948 0.549829
3.277293 0.551878
3.258434 0.548872
3.265499 0.546715
3.266741 0.541164
3.260689 0.539093
3.299830 0.544203
3.306166 0.538839
3.286442 0.542248
3.294042 0.538505
3.294303 0.537156
3.287988 0.536954
3.287996 0.535244
3.274333 0.539070
3.275884 0.532740
3.269830 0.530883
3.265326 0.523311
3.264909 0.527618
3.261054 0.520962
3.263624 0.518772
3.260837 0.512253
3.228707 0.565870
3.230255 0.560162
3.230411 0.559351
3.222646 0.565628
3.224199 0.559101
3.222316 0.558067
3.224206 0.557676
3.193091 0.574261
3.190810 0.566316
3.195106 0.572750
3.196878 0.565360
3.189967 0.568141
3.188195 0.564566
3.190821 0.564246
3.204641 0.554003
3.194440 0.560234
3.198424 0.559824
3.202585 0.547763
3.202175 0.545251
3.213654 0.530205
3.210558 0.535253
3.210417 0.526654
3.204914 0.531173
3.213797 0.521159
3.212543 0.518592
3.256338 0.503643
3.248737 0.507447
3.250290 0.500771
3.242679 0.506544
3.238173 0.499064
3.217480 0.516744
3.218189 0.508328
3.214744 0.515594
3.221414 0.514245
3.222828 0.503630
3.224506 0.503564
3.222962 0.508403
3.230565 0.504257
3.232117 0.497653
3.250871 0.499311
3.244378 0.473574
3.120509 0.623697
3.119677 0.621903
3.112915 0.622989
3.113698 0.620243
3.110979 0.621509
3.113194 0.621518
2.981703 0.773730
2.986391 0.770937
2.974384 0.778658
2.968420 0.777815
2.959875 0.782396
2.953140 0.782236
2.960729 0.780619
2.954677 0.778679
2.991049 0.763262
2.997805 0.750471
2.997539 0.757999
3.008964 0.750222
3.011591 0.742272
3.012717 0.736746
3.015543 0.736597
3.017091 0.730912
2.935810 0.779032
2.942559 0.777337
2.928648 0.781510
2.935196 0.778426
2.941027 0.779845
2.928379 0.779705
2.916103 0.777499
2.888274 0.785847
2.887696 0.786621
2.904687 0.772491
2.903664 0.773154
2.891035 0.774271
2.889491 0.779063
2.897097 0.774231
2.892572 0.770536
2.898362 0.771839
3.025339 0.699427
2.881880 0.784822
2.884974 0.773984
2.880331 0.778234
2.877658 0.773845
2.861663 0.759327
2.880333 0.766698
2.868365 0.761875
2.857556 0.753829
2.856270 0.756036
2.846128 0.753259
2.839661 0.744257
2.842753 0.733498
2.835257 0.730646
2.847407 0.714282
2.848962 0.707268
2.827422 0.731858
2.826146 0.721347
2.817929 0.726209
2.814035 0.718322
2.807987 0.715584
2.835299 0.710946
2.836851 0.704395
2.809535 0.709839
2.786706 0.726411
2.789001 0.725808
2.786220 0.726999
2.773678 0.725732
2.795777 0.713384
2.794878 0.710026
2.792621 0.715295
2.795898 0.708402
2.787117 0.721114
2.780005 0.723430
2.780954 0.717390
2.773549 0.723441
2.774638 0.716913
2.803708 0.709082
2.803521 0.708871
2.797433 0.705203
2.802451 0.709871
2.801281 0.699948
2.797336 0.699044
2.800529 0.693559
2.739109 0.759182
2.734133 0.759199
2.740589 0.756709
2.725158 0.751379
2.727415 0.757172
2.726447 0.758327
2.746444 0.750496
2.750141 0.742766
2.747666 0.747969
2.746151 0.739063
2.747462 0.736392
2.750971 0.731628
2.761698 0.722500
2.761137 0.721712
2.762512 0.715143
2.764071 0.707167
2.756894 0.715640
2.755194 0.709489
2.747289 0.726812
2.749569 0.725512
2.747822 0.723152
2.736042 0.721967
2.743468 0.713072
2.736737 0.716212
2.738071 0.709364
2.721372 0.753362
2.719803 0.744579
2.722817 0.739481
2.726230 0.728712
2.723830 0.725376
2.728852 0.723552
2.729893 0.718143
2.724687 0.719792
2.729316 0.712300
2.732242 0.706628
2.726191 0.704283
2.727570 0.700345
2.733788 0.701121
2.715074 0.699512
2.708170 0.701088
2.703002 0.694718
2.761217 0.702294
2.761104 0.695930
2.755473 0.693625
2.756600 0.688012
2.735333 0.695989
2.722540 0.695964
2.769428 0.701408
2.774851 0.688079
2.768717 0.689583
2.770976 0.681636
2.763292 0.686079
2.764548 0.678938
2.753459 0.686177
2.757229 0.678476
2.758776 0.673841
2.720822 0.699249
2.741399 0.695604
2.748231 0.690748
2.750564 0.682782
2.743733 0.686944
2.750564 0.682680
2.702398 0.695970
2.691530 0.689277
2.690777 0.688759
2.689092 0.685944
2.690216 0.683211
2.691629 0.674963
2.689903 0.680343
2.695546 0.667303
2.701056 0.660025
2.688449 0.676498
2.671808 0.662022
2.671400 0.661754
2.665816 0.657125
2.687288 0.653013
2.693124 0.653377
2.681003 0.652488
2.676934 0.657255
2.673408 0.655243
2.666464 0.658141
2.681265 0.648757
2.674842 0.645942
2.667532 0.651659
2.666089 0.651973
2.577786 0.677233
2.557381 0.678785
2.552009 0.678402
2.565671 0.675046
2.553555 0.673128
2.559617 0.673264
2.544418 0.680517
2.539900 0.675293
2.618772 0.666628
2.605112 0.669725
2.621863 0.656271
2.614253 0.661833
2.632435 0.662858
2.659998 0.655461
2.655236 0.651935
2.641585 0.653260
2.647645 0.653843
2.649183 0.649987
2.597502 0.675382
2.585022 0.674939
2.592482 0.669528
2.596804 0.664762
2.579320 0.674038
2.161298 1.093039
2.159960 1.078394
2.161579 1.072998
2.166345 1.067253
2.178988 1.065466
2.172772 1.068395
2.156956 1.069141
2.173845 1.061886
2.166831 1.063852
2.160300 1.063759
2.161856 1.056476
2.182112 1.057603
2.182600 1.051956
2.177061 1.048199
2.180053 1.042794
2.178371 1.040551
2.170439 1.046354
2.164959 1.043594
2.171845 1.040809
2.176871 1.036491
2.172034 1.037430
2.157474 1.060704
2.155716 1.054841
2.149955 1.049701
2.157340 1.050961
2.161588 1.050093
2.158825 1.043956
2.155422 1.048678
2.158893 1.044177
2.152131 1.042059
2.148509 1.044304
2.159906 1.034698
2.152410 1.038366
2.145425 1.040243
2.181684 1.034596
2.181718 1.028449
2.180542 1.025769
2.181543 1.014462
2.180186 1.031077
2.176732 1.027915
2.175945 1.013395
2.176627 1.010531
2.177758 1.005021
2.168236 0.999037
2.162551 0.995970
2.165270 0.987478
2.160769 0.979024
2.159162 0.983863
2.157378 0.967530
2.158998 0.969246
2.155519 0.974225
2.156290 0.966326
2.156648 0.962934
2.156026 0.957247
2.198449 0.912415
2.195329 0.908555
2.160796 0.943786
2.155221 0.945480
2.159490 0.932123
2.158913 0.925855
2.164880 0.924631
2.188429 0.910962
2.183008 0.906504
2.189982 0.904136
2.176086 0.908151
2.161261 0.918193
2.167112 0.910991
2.166131 0.907760
2.165705 0.901900
2.171817 0.899798
2.165416 0.900306
2.164932 0.898918
2.205698 0.897578
2.197937 0.897767
2.206728 0.891598
2.199219 0.894909
2.198119 0.894992
2.200683 0.888358
2.208596 0.884682
2.192406 0.896170
2.185483 0.895355
2.191544 0.895873
2.187022 0.891652
2.193082 0.892001
2.192051 0.890813
2.180969 0.889659
2.196171 0.881859
2.194630 0.886312
2.190121 0.879410
2.191973 0.885016
2.182640 0.885194
2.182509 0.885364
2.189000 0.878563
2.167310 0.892524
2.173369 0.893165
2.175697 0.886909
2.169288 0.886754
2.168136 0.888120
2.174910 0.888756
2.187008 0.872347
2.212782 0.852570
2.190913 0.882003
2.185867 0.875053
2.206910 0.858311
2.202390 0.853795
2.208457 0.852959
2.184170 0.868886
2.184148 0.863114
2.185006 0.868692
2.184297 0.860354
2.182481 0.865722
2.187195 0.859855
2.185650 0.865234
2.196331 0.852978
2.194793 0.856710
2.186451 0.857883
2.187744 0.855369
2.188740 0.854919
2.190499 0.850232
2.190282 0.850148
2.209077 0.842971
2.212832 0.846795
2.210619 0.844009
2.207410 0.839773
2.209512 0.837478
2.212346 0.835139
2.207064 0.830655
2.205522 0.835332
2.204471 0.821979
2.212281 0.820788
2.205660 0.810418
2.200860 0.803835
2.200191 0.812447
2.202075 0.807090
2.203987 0.798983
2.202714 0.795048
2.199382 0.781999
2.197945 0.780254
2.196237 0.774105
2.205487 0.784991
2.204937 0.779072
2.199445 0.772029
2.217826 0.759871
2.210867 0.754542
2.196670 0.766156
2.195300 0.765311
2.198984 0.760397
2.197586 0.762956
2.198362 0.759806
2.195708 0.762611
2.194373 0.756528
2.194173 0.753707
2.205389 0.755476
2.198913 0.755556
2.206402 0.749194
2.199582 0.750485
2.199941 0.748039
2.193888 0.745904
1.902833 1.092762
1.896907 1.090923
1.919808 1.098354
1.914123 1.095664
1.920043 1.094819
1.903187 1.088765
1.897222 1.081586
1.903804 1.081156
1.892954 1.072047
1.881248 1.075232
1.880910 1.074892
1.888348 1.067457
1.878460 1.056891
1.883965 1.057472
1.878493 1.051322
1.834115 1.090028
1.817515 1.099838
1.818982 1.092653
1.825127 1.093670
1.811166 1.097421
1.803501 1.101662
1.832165 1.091683
1.836342 1.087721
1.831146 1.092493
1.824453 1.093336
1.828689 1.088958
1.825164 1.086591
1.834299 1.084464
1.832763 1.083238
1.826714 1.080632
1.818431 1.091828
1.812028 1.091654
1.819103 1.086309
1.820665 1.077752
1.813508 1.083733
1.813806 1.079977
1.829816 1.074579
1.834253 1.078869
1.828257 1.075870
1.825062 1.073785
1.823709 1.070604
1.822217 1.071236
1.825837 1.065415
1.803204 1.097270
1.808831 1.090176
1.873316 1.052314
1.873890 1.047623
1.867017 1.046301
1.863136 1.040026
1.855716 1.040669
1.850338 1.039652
1.849701 1.039135
1.854199 1.044333
1.820290 1.063946
1.819393 1.063132
1.819697 1.055231
1.818119 1.049113
1.823233 1.059026
1.822861 1.050391
1.821341 1.048089
1.817666 1.046193
1.817701 1.043415
1.836624 1.039738
1.837663 1.038852
1.831284 1.037789
1.824908 1.038324
1.818750 1.040677
1.821301 1.038463
1.823917 1.038100
1.829327 1.039995
1.822673 1.040707
1.518829 1.107098
1.524737 1.103536
1.499721 1.106228
1.500495 1.100762
1.506494 1.099622
1.495330 1.090800
1.488093 1.101769
1.467354 1.106595
1.461799 1.103459
1.473227 1.105875
1.474929 1.099549
1.477378 1.097691
1.475321 1.103005
1.488634 1.097110
1.482549 1.095825
1.476476 1.094039
1.483067 1.091266
1.479641 1.092432
1.483087 1.088475
1.480982 1.089970
1.462810 1.098460
1.468866 1.099751
1.463858 1.093496
1.471108 1.090708
1.465044 1.089351
1.462296 1.091260
1.464366 1.091147
1.470424 1.092087
1.484115 1.082750
1.478060 1.081325
1.477677 1.082114
2.453356 0.712207
2.527799 0.670388
2.515689 0.667438
2.509635 0.665651
2.508561 0.668817
2.497531 0.661587
2.492369 0.658300
2.367547 0.735771
2.358781 0.735278
2.425133 0.726127
2.419263 0.724088
2.435908 0.719815
2.430622 0.724361
2.434870 0.716765
2.433332 0.717267
2.426796 0.717559
2.436998 0.711485
2.440207 0.706462
2.439628 0.715687
2.441172 0.710599
2.442727 0.703632
2.426664 0.715311
2.419892 0.721163
2.421204 0.714542
2.421241 0.711692
2.415021 0.710873
2.402953 0.710671
2.402465 0.709649
2.403306 0.704982
2.409362 0.706253
2.404857 0.698681
2.374451 0.726003
2.372552 0.726774
2.374082 0.721398
2.382876 0.716375
2.381765 0.717084
2.386410 0.714419
2.374424 0.719565
2.380485 0.719956
2.364715 0.734345
2.365638 0.728396
2.389631 0.710874
2.383562 0.712178
2.395968 0.709803
2.394362 0.710458
2.397248 0.703927
2.398798 0.697708
2.386694 0.693518
2.390361 0.686653
2.439636 0.697752
2.443256 0.695796
2.428112 0.682137
2.417110 0.675860
2.401901 0.685007
2.408481 0.685033
2.395850 0.682783
2.396233 0.680791
2.403459 0.677283
2.397408 0.675078
2.411055 0.674601
2.412467 0.669125
2.405012 0.670572
2.402596 0.663553
2.393109 0.681493
2.393744 0.673095
2.408116 0.653282
2.403615 0.649134
2.403600 0.637913
2.529488 0.666062
2.522776 0.665085
2.499072 0.657020
2.495780 0.653293
2.497511 0.650721
2.498886 0.648226
2.499152 0.642518
2.498254 0.639524
2.497135 0.638292
2.493526 0.632657
2.487190 0.622436
2.487605 0.616961
2.482636 0.613646
2.483641 0.610293
2.478424 0.605195
2.473630 0.597724
2.472233 0.590529
2.461533 0.592127
2.464409 0.583747
2.404216 0.629477
2.404294 0.626715
2.408146 0.616041
2.411074 0.610951
2.412315 0.608435
2.421073 0.598903
2.417899 0.595381
2.413162 0.600080
2.455477 0.590744
2.457024 0.585286
2.444913 0.582429
2.438722 0.583315
2.437939 0.583322
2.423571 0.591177
2.431625 0.585569
2.426080 0.585713
2.430729 0.585984
2.321156 0.758171
2.326869 0.758078
2.328759 0.754118
2.332119 0.747755
2.310596 0.749237
2.320357 0.756881
2.313998 0.756554
2.334612 0.745517
2.330759 0.750412
2.330338 0.742100
2.346483 0.733159
2.334070 0.739623
2.340145 0.732759
2.333771 0.732487
2.352650 0.731401
2.353586 0.725398
2.346527 0.730246
2.333437 0.730266
2.340123 0.730074
2.341477 0.722603
2.334420 0.724728
2.331905 0.733370
2.327984 0.726886
2.303009 0.750175
2.296964 0.746699
2.299196 0.743160
2.300399 0.740664
2.301786 0.735194
2.305304 0.733037
2.304388 0.724247
2.302446 0.726445
2.295812 0.722283
2.304499 0.718517
2.289910 0.725152
2.284117 0.722850
2.301624 0.726387
2.299006 0.720217
2.297116 0.719224
2.290681 0.719713
2.278173 0.718320
2.279408 0.711269
2.280764 0.695922
2.246856 0.745854
2.241336 0.749999
2.233543 0.748214
2.228789 0.739960
2.265136 0.745895
2.266691 0.738777
2.253014 0.745110
2.252508 0.745896
2.251481 0.747967
2.259575 0.743745
2.253842 0.741225
2.260624 0.739474
2.254386 0.736586
2.262194 0.729538
2.271777 0.720872
2.272470 0.715694
2.266442 0.712740
2.260262 0.717093
2.262920 0.709148
2.259848 0.711981
2.249022 0.743189
2.245248 0.742322
2.248679 0.740336
2.239929 0.744753
2.233420 0.744957
2.240912 0.740458
2.234860 0.738396
2.242450 0.736657
2.235984 0.735978
2.247111 0.716298
2.252846 0.716629
2.253866 0.710326
2.246549 0.713370
2.240749 0.713797
2.236524 0.711647
2.241110 0.709806
2.268395 0.704806
2.273755 0.708460
2.275846 0.700560
2.267570 0.704434
2.262949 0.697603
2.278244 0.692740
2.263825 0.692045
2.278614 0.698424
2.262344 0.702410
2.261675 0.694523
2.259516 0.699818
2.277607 0.692224
2.273113 0.685596
2.273050 0.685482
2.265761 0.688511
2.265456 0.687910
2.271513 0.688989
2.267007 0.681666
2.269348 0.681952
2.266410 0.683513
2.242692 0.692963
2.260625 0.688502
2.243981 0.696239
2.244190 0.695773
2.245728 0.692013
2.245737 0.690189
2.249097 0.685856
2.247283 0.684786
2.261288 0.680096
2.222734 0.738479
2.228255 0.740444
2.228805 0.736921
2.227730 0.735515
2.221982 0.737086
2.229878 0.734767
2.229434 0.732939
2.230424 0.730354
2.230357 0.730263
2.215332 0.740509
2.212868 0.740663
2.212447 0.734805
2.209635 0.737865
2.215573 0.736935
2.212539 0.737806
2.212410 0.731993
2.209937 0.734065
2.217012 0.727277
2.228576 0.727161
2.226749 0.723744
2.229854 0.718698
2.232848 0.710804
2.235015 0.710302
2.234502 0.710351
2.230064 0.713166
2.228950 0.710759
2.228739 0.715630
2.221350 0.714479
2.216848 0.706299
2.222904 0.707468
2.204239 0.734174
2.197493 0.735197
2.203940 0.732469
2.197373 0.732873
2.204599 0.728052
2.198544 0.726400
2.194019 0.722891
2.200089 0.721351
2.206148 0.722295
2.209241 0.711264
2.203181 0.710652
2.235031 0.707237
2.235397 0.709948
2.234124 0.705339
2.229399 0.708361
2.236184 0.704447
2.229881 0.703923
2.238568 0.697778
2.232857 0.690761
2.224458 0.700770
2.223602 0.694349
2.225919 0.692463
2.225707 0.692035
2.240016 0.691041
2.233614 0.689836
2.237049 0.688862
2.241223 0.684389
2.236431 0.682951
2.228824 0.686975
2.228287 0.684167
2.225231 0.686150
2.239687 0.687705
2.233636 0.685487
2.241232 0.682491
2.235646 0.678249
2.227620 0.683782
2.227583 0.683574
1.208396 1.109612
1.206324 1.104768
1.204458 1.095562
1.202324 1.089508
1.200981 1.080428
1.199605 1.077314
1.197349 1.072274
1.191449 1.070343
1.200000 1.080431
1.196153 1.073553
1.189872 1.073148
1.185577 1.067667
1.184039 1.071409
1.184046 1.059404
1.184034 1.053633
1.184212 1.050880
1.182287 1.056219
1.189443 1.037743
1.194083 1.036050
1.188853 1.023218
1.192629 1.021377
1.186029 1.019658
1.188542 1.014643
1.186631 1.011218
1.183938 1.002029
1.183753 0.990654
1.183685 0.987634
1.183237 0.978966
1.181796 0.974723
1.163807 0.967174
1.157701 0.965961
1.181512 0.970219
1.178160 0.966485
1.176578 0.964894
1.169572 0.964125
1.157411 0.961511
1.152108 0.957484
1.150436 0.954311
1.149126 0.951040
1.150864 0.945857
1.150246 0.941384
1.157513 0.933984
1.165122 0.928625
1.166666 0.923701
1.166681 0.920775
1.167740 0.920873
1.168290 0.912418
1.168903 0.915543
1.170634 0.904224
1.171321 0.904402
1.166780 0.897851
1.161372 0.888721
1.158574 0.884491
1.186690 0.866302
1.157505 0.881275
1.156181 0.878163
1.159354 0.867363
1.168521 0.862588
1.191211 0.870794
1.192747 0.867486
1.195727 0.867132
1.199184 0.863806
1.185909 0.867818
1.185160 0.868586
1.179630 0.864498
1.187633 0.861774
1.181125 0.863779
1.180642 0.863428
1.160131 0.876298
1.159383 0.869933
1.174264 0.863402
1.175024 0.860745
1.174191 0.860936
1.167318 0.863616
1.167595 0.864162
1.164102 0.865644
1.166995 0.863918
1.169464 0.857621
1.168549 0.857074
1.197034 0.855894
1.194299 0.860758
1.200362 0.860833
1.202546 0.860145
1.206788 0.846783
1.193029 0.854978
1.189792 0.853533
1.182195 0.856786
1.183748 0.849873
1.185286 0.846087
1.204137 0.837429
1.205018 0.841264
1.206030 0.835047
1.208113 0.830042
1.202689 0.826171
1.196765 0.824327
1.190649 0.823151
1.211801 0.833599
1.208255 0.826527
1.202993 0.819632
1.196957 0.818169
1.170083 0.854147
1.176141 0.855043
1.167127 0.840655
1.176738 0.851995
1.177701 0.846993
1.171118 0.847145
1.170100 0.850745
1.172578 0.850490
1.169127 0.849694
1.179247 0.841600
1.173267 0.838812
1.172588 0.838917
1.166601 0.840348
1.166644 0.839410
1.164412 0.837039
1.167148 0.836280
1.181979 0.838113
1.181183 0.835117
1.174753 0.831733
1.168704 0.829008
1.183479 0.824119
1.180464 0.829186
1.180173 0.826322
1.176968 0.819812
1.171802 0.817231
1.160627 0.830403
1.160532 0.824623
1.162642 0.828846
1.165739 0.817346
1.208268 0.801869
1.208874 0.801260
1.209664 0.796262
1.209539 0.795657
1.207740 0.800248
1.206748 0.802385
1.210593 0.798858
1.209354 0.794585
1.208663 0.794298
1.206405 0.795135
1.193102 0.817745
1.188862 0.811016
1.190295 0.808533
1.189540 0.802592
1.187861 0.805200
1.201633 0.801775
1.196139 0.798430
1.196169 0.796943
1.201946 0.797936
1.196447 0.795607
1.202236 0.795859
1.203391 0.792873
1.179393 0.815350
1.173341 0.813246
1.173312 0.813319
1.175997 0.801170
1.188444 0.796583
1.190114 0.795345
1.182576 0.800728
1.186283 0.799050
1.184075 0.792728
1.184064 0.792712
1.180712 0.795011
1.177378 0.790862
1.178031 0.787037
1.164341 0.796116
1.171972 0.786211
1.165909 0.786274
1.161562 0.778441
1.167467 0.778692
1.175080 0.772619
1.162962 0.771006
1.172125 0.758712
1.166064 0.758478
1.173685 0.750628
1.176787 0.738108
1.170726 0.737536
1.161558 0.750895
1.178339 0.731503
1.178883 0.719890
1.172281 0.730671
1.167765 0.725001
1.175373 0.720020
1.179206 0.714205
1.180062 0.722565
1.183727 0.718218
1.178486 0.705080
1.182089 0.703503
1.179658 0.698608
1.181646 0.691644
1.181512 0.691818
1.179374 0.688539
1.183141 0.685777
1.178580 0.682577
1.182086 0.671856
1.178972 0.672928
1.124019 0.662005
1.123877 0.661463
1.174159 0.664949
1.168143 0.662930
1.130220 0.661157
1.132900 0.660744
1.129542 0.662532
1.131769 0.655496
1.133247 0.655041
1.131801 0.651891
1.123229 0.662039
1.118125 0.655367
1.125709 0.654669
1.119656 0.652993
1.118722 0.655214
1.113750 0.650029
1.107557 0.647710
1.106323 0.650725
1.188385 0.662560
1.194216 0.651719
1.190180 0.653525
1.191847 0.644952
1.175702 0.660106
1.163590 0.657633
1.163074 0.658072
1.164065 0.654597
1.161346 0.655719
1.164143 0.647807
1.177889 0.645183
1.168266 0.634138
1.199449 0.640920
1.200430 0.637484
1.195690 0.634941
1.194883 0.634315
1.194035 0.634245
1.189400 0.628173
1.177407 0.626105
1.175875 0.628769
1.163764 0.625839
1.171702 0.623649
1.165311 0.620287
1.157706 0.624964
1.145600 0.621112
1.126516 0.650512
1.120482 0.649050
1.126471 0.647945
1.120801 0.645197
1.108898 0.641683
1.109118 0.639414
1.127431 0.617320
1.133497 0.616771
1.159251 0.619759
1.153196 0.618267
1.141616 0.612003
1.135894 0.609443
1.131557 0.611641
1.135047 0.610652
1.122489 0.611192
1.116318 0.607488
1.009833 0.701392
1.004364 0.705128
1.005714 0.698530
0.998241 0.703979
0.999008 0.698549
0.985992 0.701481
0.986670 0.696563
0.979439 0.697386
0.973523 0.700164
0.967521 0.695834
0.961355 0.694829
0.949789 0.690147
0.954687 0.692873
0.946446 0.687026
0.939129 0.677928
0.933075 0.676201
0.932217 0.678434
0.927021 0.676747
0.921232 0.674426
0.927010 0.676715
0.926562 0.675628
0.922537 0.672973
0.927030 0.672901
1.043193 0.676646
1.036692 0.676814
1.029495 0.679424
1.028823 0.680075
1.054271 0.668569
1.050521 0.670834
1.054262 0.665803
1.035771 0.675881
1.061294 0.652958
1.059588 0.655453
1.061849 0.644440
1.021058 0.686378
1.008032 0.692404
1.008367 0.689701
1.014345 0.688088
1.014676 0.686133
1.010390 0.674969
1.011940 0.668783
1.013404 0.662519
0.997928 0.674258
0.990671 0.677322
1.004175 0.674978
1.005881 0.668103
1.006933 0.662581
0.994334 0.672133
0.992887 0.663251
1.101122 0.646328
1.055279 0.651698
1.057574 0.640474
1.102813 0.640394
1.099646 0.644541
1.103793 0.608878
1.104779 0.601914
1.098015 0.606517
1.097919 0.604120
1.092258 0.604091
1.092001 0.602242
1.054014 0.625496
1.050243 0.621861
1.051486 0.619151
1.046924 0.615307
1.045632 0.606934
1.074923 0.594257
1.061589 0.595755
1.053501 0.604238
1.053056 0.596601
1.074364 0.593493
1.056558 0.594640
0.984622 0.674786
0.922511 0.668021
0.922519 0.666275
0.916463 0.665166
0.916203 0.659976
0.909510 0.655639
0.907462 0.648105
0.902953 0.641170
0.901421 0.643895
0.895101 0.637992
0.890858 0.635179
0.900372 0.633436
0.898454 0.632326
0.892408 0.629120
0.763252 0.684677
0.770860 0.679315
0.772413 0.672553
0.718835 0.767430
0.719549 0.767146
0.720377 0.762669
0.726339 0.762930
0.727180 0.760349
0.722853 0.752927
0.728597 0.752655
0.723489 0.748273
0.724431 0.748155
0.730852 0.746856
0.712770 0.767856
0.706282 0.768509
0.700618 0.771370
0.705173 0.770977
0.711364 0.770565
0.691894 0.770962
0.685361 0.773972
0.678940 0.773864
0.678834 0.771507
0.671338 0.770423
0.667713 0.765248
0.663462 0.757537
0.658281 0.752912
0.656745 0.756409
0.662601 0.757821
0.649151 0.758901
0.637098 0.756747
0.644631 0.754113
0.743114 0.740911
0.738187 0.741670
0.742704 0.738012
0.737166 0.741853
0.746820 0.733184
0.749767 0.731081
0.725033 0.743125
0.745442 0.727107
0.749179 0.719388
0.754968 0.714952
0.754182 0.711973
0.752149 0.707134
0.753228 0.703202
0.750542 0.687425
0.755636 0.691370
0.758741 0.678043
0.752582 0.677534
0.760278 0.670440
0.758433 0.664161
0.761310 0.664109
0.861831 0.675910
0.869436 0.671204
0.863371 0.671743
0.850101 0.674969
0.849524 0.674259
0.855148 0.671848
0.861857 0.659048
0.865682 0.660125
0.870163 0.649611
0.883257 0.639165
0.869586 0.644468
0.843159 0.676685
0.838948 0.673897
0.837731 0.673101
0.827971 0.662807
0.827504 0.648362
0.886348 0.628574
0.880295 0.626817
0.872679 0.633365
0.824991 0.644442
0.819591 0.639382
0.823092 0.644562
0.819601 0.637384
0.815105 0.634176
0.814664 0.632665
0.811342 0.627522
0.796926 0.626068
0.803571 0.623573
0.801895 0.625352
0.795716 0.628490
0.783280 0.626441
0.790871 0.624434
0.778765 0.620834
0.760694 0.656118
0.761061 0.647653
0.756161 0.643542
0.757809 0.635343
0.761404 0.630406
0.769627 0.628212
0.762016 0.633971
0.763002 0.627972
0.626062 0.750190
0.620427 0.744928
0.621647 0.741888
0.606763 0.748908
0.606262 0.749035
0.613716 0.743049
0.617475 0.738130
0.615921 0.737499
0.608305 0.744197
0.609855 0.738092
0.618284 0.726782
0.614508 0.719056
0.594648 0.746990
0.593488 0.748574
0.590577 0.743511
0.602244 0.743888
0.603800 0.736481
0.596026 0.741779
0.590860 0.737794
0.599302 0.727689
0.600851 0.721826
0.606907 0.722983
0.593248 0.725836
0.612966 0.723838
0.588535 0.734497
0.589381 0.728899
0.590524 0.723378
0.589409 0.720360
0.582168 0.717650
0.579219 0.715016
0.582339 0.714318
0.580594 0.712538
0.620897 0.659985
0.615272 0.658537
0.612606 0.659556
0.579512 0.698873
0.574557 0.693624
0.572217 0.690501
0.593424 0.693925
0.594943 0.687290
0.588380 0.691445
0.589032 0.685391
0.588922 0.685673
0.584415 0.678190
0.571351 0.687522
0.580423 0.678046
0.578156 0.678277
0.592011 0.675442
0.598071 0.676093
0.593561 0.669480
0.599622 0.669696
0.593588 0.664301
0.607234 0.663853
0.601167 0.664548
0.592313 0.660669
0.595129 0.659859
0.595896 0.658706
0.594289 0.652554
0.585899 0.673759
0.587074 0.666894
0.587510 0.667227
0.589803 0.665862
0.583434 0.664399
0.581464 0.663669
0.575417 0.660716
0.571755 0.658938
0.589961 0.656791
0.590615 0.653817
0.584564 0.651600
0.592148 0.646384
0.576963 0.655329
0.591717 0.645167
0.580874 0.646700
0.546777 0.675181
0.539047 0.679657
0.532902 0.675865
0.520476 0.676905
0.550874 0.671273
0.554704 0.657814
0.551192 0.662772
0.553764 0.649025
0.555846 0.643739
0.556052 0.640987
0.514992 0.670778
0.503630 0.668125
0.502966 0.667693
0.497797 0.660476
0.496727 0.659035
0.493814 0.651804
0.489146 0.645741
0.495167 0.644302
0.500109 0.631138
0.497652 0.624788
0.494573 0.621060
0.500471 0.620289
0.495265 0.615908
0.634570 0.654408
0.645260 0.640559
0.637658 0.644496
0.643556 0.644390
0.648591 0.639136
0.652577 0.635383
0.653501 0.628731
0.656154 0.626535
0.651488 0.631247
0.655949 0.620831
0.651477 0.612545
0.649938 0.616743
0.645427 0.610192
0.643886 0.614538
0.630217 0.619330
0.639366 0.609812
0.637822 0.614758
0.586120 0.644257
0.588174 0.642591
0.587067 0.638839
0.584244 0.641687
0.580081 0.639575
0.581620 0.635643
0.581314 0.635239
0.587072 0.630794
0.577006 0.628886
0.595290 0.630469
0.576204 0.628955
0.617699 0.619204
0.616556 0.622636
0.604172 0.621386
0.646970 0.605427
0.558782 0.635839
0.570699 0.628379
0.564202 0.628536
0.560312 0.630425
0.570480 0.626396
0.556503 0.632541
0.489255 0.617149
0.489256 0.616937
0.489457 0.613646
0.437236 0.703934
0.423579 0.706471
0.428097 0.711401
0.435705 0.706225
0.442049 0.698061
0.439939 0.703339
0.443338 0.695555
0.416514 0.707518
0.404044 0.705996
0.392924 0.697007
0.441333 0.689321
0.438668 0.682952
0.444351 0.667111
0.447169 0.659721
0.446706 0.659101
0.448657 0.654527
0.448120 0.654273
0.449906 0.639712
0.339287 0.752113
0.353176 0.737997
0.322228 0.754936
0.316420 0.752682
0.327891 0.754961
0.322200 0.752288
0.345205 0.744924
0.349004 0.740009
0.346859 0.730967
0.310655 0.747519
0.298214 0.745896
0.284181 0.752600
0.284957 0.744412
0.348319 0.723119
0.341190 0.712336
0.337130 0.713991
0.338665 0.710767
0.332476 0.708067
0.326568 0.705062
0.347318 0.701287
0.339490 0.706098
0.346677 0.700801
0.352899 0.692111
0.349101 0.688468
0.333793 0.700730
0.329942 0.688883
0.322072 0.695767
0.325167 0.684553
0.311507 0.687563
0.303850 0.678060
0.381222 0.692791
0.382108 0.686961
0.375547 0.687342
0.368607 0.691770
0.363249 0.687941
0.357601 0.685127
0.363659 0.683770
0.357643 0.682234
0.352916 0.686348
0.352986 0.683572
0.350950 0.681884
0.352501 0.675654
0.338151 0.674390
0.332779 0.678658
0.340385 0.673751
0.336959 0.668358
0.336127 0.667210
0.346816 0.672228
0.339384 0.675674
0.341259 0.669086
0.336598 0.665467
0.335947 0.665083
0.330983 0.659870
0.323731 0.659948
0.312932 0.652554
0.307161 0.651190
0.478462 0.614622
0.476201 0.611299
0.471089 0.612635
0.457991 0.630028
0.455826 0.626735
0.458092 0.621479
0.464234 0.614334
0.461677 0.613742
0.224557 0.786202
0.207117 0.779405
0.241236 0.775596
0.239348 0.776762
0.240028 0.772547
0.239647 0.772997
0.246755 0.765334
0.243650 0.767592
0.244405 0.759217
0.277131 0.754689
0.264485 0.753782
0.270863 0.751296
0.264425 0.751248
0.245937 0.756568
0.251287 0.752066
0.245447 0.753667
0.250506 0.753590
0.278131 0.745726
0.231371 0.782112
0.218341 0.782550
0.212462 0.780345
0.209852 0.771390
0.203973 0.767053
0.206754 0.752592
0.210528 0.757207
0.214161 0.747404
0.220228 0.746612
0.220436 0.736394
0.221776 0.740764
0.233897 0.741852
0.226409 0.734953
0.223956 0.728621
0.225195 0.720337
0.224646 0.708685
0.226930 0.703632
0.230339 0.698625
0.235682 0.688297
0.293360 0.679531
0.241750 0.686913
0.255765 0.672799
0.241811 0.681483
0.295722 0.673117
0.290194 0.669886
0.289715 0.669056
0.294905 0.674290
0.288853 0.672289
0.290217 0.666367
0.287555 0.657200
0.263350 0.660200
0.262686 0.657265
0.283192 0.653228
0.283825 0.650560
0.296609 0.640464
0.296002 0.644808
0.289013 0.643423
0.290558 0.638261
0.282947 0.643799
0.285088 0.639325
0.255953 0.667085
0.262571 0.654262
0.261280 0.652670
0.258825 0.644826
0.245513 0.640103
0.261969 0.642762
0.251812 0.637884
0.238745 0.638454
0.232979 0.633653
0.191833 0.673181
0.185744 0.671394
0.194563 0.667503
0.187323 0.666402
0.185773 0.665483
0.188868 0.661111
0.192419 0.661235
0.190165 0.657940
0.189707 0.654761
0.188891 0.656750
0.218498 0.644313
0.203799 0.650593
0.196816 0.655207
0.190428 0.653165
0.190807 0.650904
0.225544 0.639495
0.211008 0.645226
0.226799 0.632382
0.191784 0.643974
0.182814 0.659417
0.182553 0.659956
0.177316 0.655703
0.182805 0.656340
0.182831 0.656198
0.178296 0.649522
0.184387 0.648753
0.184668 0.647092
0.178629 0.645638
0.168082 0.637356
0.162519 0.634238
0.109953 0.724559
0.102397 0.728418
0.095604 0.729607
0.089568 0.726638
0.107373 0.722157
0.103212 0.722821
0.095977 0.725570
0.113501 0.717789
0.110498 0.714324
0.114301 0.712206
0.085225 0.718020
0.089632 0.715310
0.084035 0.711034
0.082522 0.703913
0.087813 0.703501
0.082541 0.699984
0.077215 0.698135
0.070956 0.697461
0.076346 0.698444
0.063251 0.699115
0.058317 0.694524
0.049168 0.704221
0.050720 0.697763
0.046137 0.702540
0.041702 0.684105
0.034105 0.687087
0.026857 0.688259
0.028052 0.685141
0.029587 0.681802
0.017484 0.677548
0.015948 0.680962
0.111178 0.697155
0.107419 0.684938
0.104686 0.678525
0.107557 0.664847
0.105659 0.670194
0.111822 0.659093
0.111582 0.656624
0.120715 0.650104
0.119510 0.653255
0.126551 0.649963
0.140436 0.647368
0.142895 0.644299
0.148349 0.638676
