3.458928 0.891543
3.452399 0.891238
3.439094 0.889684
3.432683 0.889835
3.453559 0.894366
3.446839 0.893327
3.433967 0.893430
3.441080 0.894701
3.420096 0.891031
3.407291 0.891391
3.421494 0.893788
3.408900 0.894013
3.394002 0.889901
3.381244 0.890443
3.368082 0.889438
3.395234 0.892018
3.381757 0.891080
3.376078 0.890788
3.362509 0.890188
3.354681 0.887511
3.348831 0.886228
3.334537 0.884468
3.356152 0.890546
3.342786 0.888754
3.329194 0.886088
3.321390 0.882183
3.315338 0.882421
3.308462 0.880779
3.300935 0.878316
3.295375 0.880060
3.289990 0.879451
3.280707 0.874570
3.276781 0.876427
3.267565 0.873921
3.248115 0.871948
3.201704 0.831982
3.200300 0.836969
3.195454 0.827229
3.199176 0.831588
3.206760 0.837593
3.200706 0.838856
3.235225 0.871986
3.221217 0.869043
3.215364 0.871330
3.222947 0.874373
3.216655 0.874976
3.185504 0.829982
3.187474 0.829220
3.194275 0.838597
3.188540 0.835266
3.193120 0.833064
3.192718 0.884757
3.204406 0.878774
3.193433 0.884880
3.182090 0.892138
3.176170 0.894170
3.164139 0.898818
3.152474 0.902248
3.126768 0.903907
3.120399 0.904222
3.107320 0.903532
3.133445 0.903476
3.094239 0.902831
3.081241 0.902721
3.074821 0.902571
3.061658 0.901560
3.081601 0.902531
3.075032 0.902076
3.061982 0.901492
3.035762 0.901166
3.055642 0.901920
3.042782 0.902074
3.010431 0.902981
2.997522 0.902947
3.003518 0.901672
2.990818 0.900664
2.984359 0.900632
2.971027 0.900281
2.964115 0.900121
2.944386 0.897054
2.944520 0.896253
2.930600 0.893652
2.937900 0.895599
2.924500 0.893677
2.917287 0.890750
2.910024 0.887631
2.903368 0.886836
2.903853 0.887442
2.911081 0.890412
2.895827 0.883977
2.881838 0.879806
2.890194 0.884573
2.882566 0.881262
2.870059 0.882770
2.850740 0.884126
2.857630 0.884574
2.844113 0.883533
2.845269 0.885361
2.831099 0.883093
2.825812 0.886227
2.832351 0.885288
2.806400 0.885984
2.813535 0.887342
2.807496 0.888918
2.794509 0.889860
2.787090 0.887403
2.774756 0.889624
2.781577 0.889735
2.775220 0.890090
2.768345 0.889780
2.768883 0.890520
2.756825 0.893769
2.744012 0.894087
2.731233 0.894548
2.712079 0.896607
2.699461 0.897687
2.693413 0.898202
2.718644 0.895738
2.712397 0.896521
2.680524 0.899267
2.687457 0.899819
2.668062 0.899646
2.655461 0.900794
2.648010 0.901976
2.636345 0.901683
2.604045 0.902788
2.610886 0.902994
2.591346 0.903558
2.574190 0.902692
2.585205 0.903443
2.565613 0.902514
2.552217 0.900860
2.531782 0.897741
2.525189 0.897193
2.525783 0.898170
2.511812 0.895363
2.512913 0.898281
2.505178 0.894513
2.499484 0.896253
2.492282 0.894670
2.493082 0.896195
2.479302 0.894361
2.466401 0.894357
2.467298 0.896492
2.452446 0.890307
2.459697 0.893107
2.460794 0.896282
2.447602 0.894706
2.439993 0.890903
2.426112 0.888258
2.427029 0.890460
2.419494 0.887613
2.414228 0.890642
2.400103 0.887452
2.406612 0.887427
2.400565 0.888129
2.394126 0.887951
2.386726 0.885622
2.373557 0.884590
2.366617 0.882710
2.367702 0.885552
2.353213 0.880779
2.354554 0.884599
2.347479 0.882654
2.334329 0.881239
2.348607 0.885259
2.326197 0.876115
2.319408 0.874818
2.306496 0.873433
2.321187 0.879025
2.314417 0.877795
2.293007 0.871174
2.279706 0.869633
2.260034 0.868394
2.245819 0.863758
2.239595 0.864213
2.267422 0.869376
2.230702 0.860827
2.218635 0.857522
2.211466 0.855284
2.226479 0.862080
2.186684 0.859208
2.206411 0.859338
2.199948 0.859272
2.194180 0.861889
2.187130 0.859585
2.173021 0.856719
2.180628 0.860729
2.160199 0.856553
2.180665 0.859522
2.174588 0.860925
2.167493 0.858479
2.160932 0.857735
2.147781 0.858396
2.135144 0.859587
2.123827 0.865471
2.148707 0.860644
2.123874 0.860977
2.116976 0.864242
2.110808 0.865013
2.116742 0.861731
2.098714 0.866806
2.086071 0.869087
2.073524 0.870437
2.066496 0.869556
2.066993 0.869637
2.086366 0.868923
2.073916 0.870649
2.060641 0.870498
2.047688 0.870295
2.054895 0.871586
2.034643 0.869740
2.015907 0.873419
2.029363 0.872938
2.016896 0.874600
2.003191 0.874120
1.997044 0.875281
1.985171 0.877991
2.004569 0.876798
1.998325 0.877593
1.985687 0.878595
1.972032 0.878295
1.965742 0.878907
1.979003 0.878974
1.966301 0.879732
1.952730 0.878475
1.946472 0.879212
1.940843 0.881042
1.933775 0.879985
1.921525 0.880971
1.908726 0.881544
1.896086 0.882539
1.883032 0.881948
1.876854 0.882992
1.863926 0.883198
1.850560 0.882402
1.844301 0.883135
1.831260 0.882592
1.812336 0.882912
1.799650 0.883729
1.786855 0.884133
1.780378 0.884025
1.773946 0.884095
1.761043 0.884084
1.748615 0.887199
1.736174 0.888955
1.735818 0.886283
1.723704 0.889298
1.717069 0.889890
1.717592 0.890598
1.710620 0.889896
1.704626 0.890345
1.685152 0.891163
1.691992 0.891364
1.666791 0.893657
1.659962 0.893498
1.640763 0.895410
1.628375 0.897369
1.622347 0.898988
1.647199 0.894153
1.635086 0.897219
1.622993 0.898746
1.590276 0.899663
1.610012 0.899819
1.597208 0.900214
1.591041 0.901272
1.577414 0.899811
1.564522 0.899839
1.578817 0.902584
1.565127 0.900827
1.558746 0.901093
1.546163 0.902308
1.533307 0.902472
1.525631 0.899100
1.519189 0.899128
1.506359 0.899394
1.499927 0.899461
1.525948 0.899873
1.521209 0.900207
1.508254 0.904062
1.487584 0.901594
1.481251 0.902042
1.474458 0.900728
1.468315 0.901898
1.495346 0.904027
1.482500 0.904233
1.476019 0.904112
1.469285 0.904300
1.456036 0.904280
1.449760 0.904944
1.443712 0.906485
1.463009 0.903687
1.456639 0.905274
1.450104 0.904945
1.437829 0.907339
1.441881 0.906165
1.430466 0.905471
1.424418 0.906378
1.431398 0.906142
1.412521 0.909225
1.399837 0.910053
1.373235 0.908283
1.386943 0.910077
1.374045 0.910080
1.366717 0.908022
1.361244 0.910456
1.353369 0.906301
1.340416 0.906098
1.333909 0.905877
1.335010 0.908804
1.321874 0.907878
1.308704 0.906838
1.287967 0.902896
1.295588 0.905709
1.282397 0.904890
1.275873 0.904422
1.263140 0.905242
1.256144 0.904481
1.249746 0.904662
1.250260 0.905316
1.243281 0.904605
1.230388 0.904628
1.217662 0.905295
1.205385 0.904497
1.205709 0.907606
1.197621 0.902634
1.198559 0.905454
1.184677 0.902472
1.185901 0.905850
1.171531 0.901523
1.159126 0.903166
1.160348 0.906793
1.145846 0.901959
1.147644 0.907539
1.133356 0.903395
1.134567 0.906863
1.128053 0.906619
1.115121 0.906488
1.107945 0.905015
1.094964 0.904708
1.088438 0.904412
1.075361 0.903732
1.068791 0.903271
1.069974 0.906497
1.063428 0.906124
1.056048 0.903787
1.036923 0.904728
1.043946 0.906096
1.025404 0.905201
1.031844 0.908318
1.017961 0.904899
1.005317 0.905881
0.998090 0.904214
0.972480 0.904932
0.986252 0.906973
0.973213 0.906435
0.959568 0.904889
0.966642 0.906126
0.952968 0.904661
0.946921 0.905516
0.954342 0.908278
0.941582 0.908812
0.934317 0.906989
0.928053 0.907700
0.916127 0.911433
0.923006 0.911781
0.910732 0.914180
0.891352 0.915359
0.878498 0.915534
0.898302 0.915986
0.892004 0.916567
0.879535 0.918220
0.872269 0.917719
0.866082 0.917391
0.852631 0.916609
0.853383 0.918160
0.867514 0.921599
0.861190 0.922076
0.846066 0.916171
0.846393 0.918296
0.835476 0.915983
0.833678 0.916799
0.819606 0.913368
0.822037 0.920335
0.807435 0.915095
0.801044 0.915318
0.787792 0.914150
0.815032 0.918203
0.808422 0.917589
0.795525 0.917598
0.774920 0.914070
0.761826 0.913324
0.782776 0.918177
0.769226 0.915679
0.756078 0.914722
0.742308 0.912894
0.736257 0.913988
0.723716 0.915587
0.743205 0.914828
0.730977 0.917408
0.717456 0.916311
0.702872 0.910964
0.704435 0.915420
0.697431 0.913721
0.718726 0.917346
0.698824 0.917776
0.684484 0.913536
0.677111 0.910263
0.663956 0.909016
0.692064 0.916583
0.678320 0.913339
0.651280 0.909873
0.644693 0.909348
0.631433 0.907968
0.657692 0.908429
0.645307 0.910172
0.632617 0.911210
0.624879 0.907570
0.612424 0.909273
0.606236 0.910277
0.620436 0.910285
0.613484 0.911604
0.600609 0.912135
0.586139 0.908444
0.593750 0.911999
0.580538 0.910666
0.573897 0.909929
0.587715 0.911781
0.561407 0.911502
0.550250 0.916900
0.539866 0.911448
0.543779 0.916429
0.529336 0.913518
0.530096 0.915618
0.536886 0.916400
0.530948 0.918367
0.523093 0.916872
0.516637 0.914290
0.509832 0.912927
0.517358 0.915720
0.536167 0.912878
0.536176 0.912068
0.530111 0.914333
0.523326 0.912574
0.530120 0.913588
0.517359 0.914429
0.502774 0.910478
0.498104 0.916080
0.483867 0.912290
0.484612 0.914455
0.491894 0.917002
0.485930 0.918868
0.477750 0.913564
0.477951 0.915506
0.504835 0.915873
0.497952 0.914211
0.491837 0.915492
0.485572 0.916207
0.465439 0.915821
0.472370 0.916332
0.453271 0.918622
0.446729 0.917924
0.447788 0.921003
0.460410 0.918760
0.434935 0.921180
0.434842 0.919541
0.427010 0.917076
0.428818 0.922459
0.414340 0.917732
0.421712 0.919940
0.429020 0.921952
0.415233 0.918545
0.401227 0.916915
0.394910 0.917419
0.396008 0.920305
0.389729 0.920964
0.402819 0.920271
0.382374 0.918817
0.376737 0.921928
0.377211 0.922423
0.370750 0.923702
0.370518 0.921492
0.377146 0.920894
0.370898 0.921671
0.357092 0.920797
0.358385 0.924431
0.358880 0.925228
0.351255 0.922761
0.352165 0.925316
0.343918 0.919742
0.339594 0.926575
0.325483 0.923152
0.333095 0.926703
0.327189 0.928477
0.333139 0.925286
0.312715 0.923749
0.320306 0.926813
0.306173 0.923397
0.293658 0.924822
0.287599 0.926600
0.288444 0.928300
0.275129 0.928013
0.276198 0.930805
0.269836 0.929561
0.257278 0.933760
0.252470 0.938760
0.245212 0.937017
0.240270 0.941447
0.213376 0.939560
0.233157 0.940199
0.227938 0.943629
0.220987 0.943214
0.214933 0.944632
0.221295 0.944173
0.215694 0.946146
0.208917 0.946178
0.201194 0.942625
0.189152 0.945719
0.176734 0.947759
0.196711 0.948841
0.184504 0.952116
0.157227 0.947154
0.145219 0.950080
0.172548 0.954805
0.164932 0.951578
0.160438 0.957696
0.154381 0.959297
0.094513 0.937950
0.104837 0.944117
0.096518 0.943760
0.098625 0.943700
0.090586 0.938720
0.085713 0.943649
0.138143 0.948169
0.139399 0.951662
0.117896 0.944996
0.125512 0.948141
0.121012 0.954864
0.128038 0.956296
0.106003 0.947261
0.099750 0.947701
0.101304 0.952984
0.087643 0.950336
0.088583 0.955898
0.049521 0.910013
0.043446 0.904683
0.045004 0.909553
0.037656 0.906435
0.038958 0.910220
0.039118 0.910756
0.031543 0.906434
0.050213 0.916150
0.047839 0.915476
0.048077 0.923121
0.047096 0.917908
0.044193 0.915163
0.035989 0.924052
0.041110 0.918410
0.070874 0.937110
0.078474 0.941762
0.072421 0.943063
0.066369 0.944280
0.055672 0.928197
0.051169 0.935066
0.043580 0.929456
0.039065 0.937383
0.058770 0.939537
0.054267 0.946440
0.060324 0.944772
0.046659 0.942528
0.042155 0.949493
0.024882 0.908252
0.018262 0.907601
0.012522 0.908986
0.026043 0.910078
0.019914 0.911312
0.012795 0.908742
0.013195 0.909826
0.006038 0.910188
-0.000190 0.911037
-0.000095 0.910068
0.001075 0.913573
0.007119 0.911717
0.006876 0.911837
-0.004674 0.908397
-0.004515 0.916576
-0.004974 0.914555
0.009853 0.923499
0.004321 0.920024
0.008678 0.917925
0.009373 0.917543
-0.003457 0.922974
-0.003900 0.920217
0.022421 0.949984
0.031471 0.932308
0.024718 0.931041
0.019343 0.936774
0.033999 0.943204
0.030847 0.939928
0.033018 0.938273
0.026943 0.941393
0.030026 0.954122
0.035840 0.950269
0.005683 0.934124
0.011269 0.930241
0.014822 0.945217
-0.003965 0.937261
0.001909 0.945142
0.081588 0.951745
0.073982 0.947725
0.069477 0.954820
0.071027 0.960494
0.063420 0.956411
0.050413 0.956697
0.045242 0.961825
0.047154 0.967464
0.033792 0.965722
0.025453 0.969081
0.025507 0.962392
0.033589 0.979674
0.030026 0.986877
0.036217 0.977365
0.042281 0.975155
0.039877 0.981940
0.031937 0.985144
0.051305 0.959745
0.024199 1.008842
0.024696 1.000839
0.029222 0.992145
0.023632 1.007424
0.020850 1.019112
0.021552 1.013043
0.008549 1.074840
-0.001822 1.084529
0.018260 1.036714
0.022450 1.029208
0.018909 1.036401
0.023472 1.021358
0.022488 1.027920
0.018341 1.035273
0.017697 1.027874
0.014786 1.043742
0.014046 1.050241
0.018298 1.035371
0.013780 1.041655
0.013824 1.062930
0.011786 1.068527
0.008757 1.073033
0.003505 1.078911
-0.001662 1.082564
