2.880650 0.787260
2.868528 0.792368
2.848819 0.790231
2.850365 0.793173
2.850299 0.793141
2.856426 0.790256
2.837087 0.792336
2.844321 0.789603
2.830656 0.790706
2.818529 0.798328
2.819511 0.795940
2.812473 0.799320
2.800350 0.804869
2.801906 0.804936
2.802009 0.804838
2.786693 0.803270
2.774582 0.804656
2.788251 0.802457
2.781807 0.803268
2.782195 0.802943
2.761559 0.817422
2.760229 0.826307
2.757929 0.822730
2.753408 0.830426
2.756817 0.809345
2.756338 0.809252
2.750720 0.816304
2.759692 0.797583
2.754884 0.798239
2.768935 0.803304
2.750358 0.808302
3.423344 0.789985
3.417290 0.790293
3.406195 0.788881
3.403135 0.785920
3.390435 0.787582
3.397590 0.784317
3.399136 0.787899
3.393081 0.788305
3.384154 0.790925
3.370604 0.792163
3.367299 0.793129
3.340542 0.799337
3.356953 0.813317
3.355753 0.814801
3.353603 0.817103
3.342543 0.814149
3.346544 0.820022
3.350622 0.819604
3.346792 0.817998
3.342674 0.815176
3.349316 0.805629
3.348390 0.800401
3.347332 0.800038
3.352223 0.808589
3.350204 0.811268
3.353708 0.803065
3.349831 0.805155
3.339287 0.806932
3.340378 0.801448
3.344348 0.812482
3.338270 0.810421
3.343377 0.805135
3.341477 0.804679
3.346025 0.794591
3.339978 0.792087
3.353624 0.797862
3.359683 0.795772
3.326320 0.790508
3.332378 0.789018
3.320279 0.786257
3.339800 0.796197
3.465810 0.817562
3.470998 0.813279
3.468660 0.815465
3.463208 0.816177
3.466774 0.817796
3.465444 0.819255
3.467369 0.816345
3.446107 0.812818
3.458222 0.810103
3.454767 0.824962
3.449164 0.832732
3.448972 0.831650
3.448146 0.824598
3.461298 0.822599
3.460533 0.818213
3.454116 0.818268
3.459769 0.813105
3.453715 0.813033
3.447645 0.819020
3.468818 0.794067
3.464681 0.787931
3.462773 0.790849
3.457512 0.790600
3.471720 0.809369
3.470608 0.796374
3.458256 0.797602
3.463864 0.795762
3.470750 0.809856
3.471834 0.804247
3.467378 0.812850
3.459819 0.806050
3.470376 0.792461
3.470383 0.790246
3.450233 0.805845
3.438800 0.807329
3.438922 0.798632
3.451715 0.797283
3.453145 0.808803
3.453042 0.810711
3.451264 0.809049
3.453723 0.810035
3.446888 0.813006
3.443308 0.810093
3.452324 0.803582
3.452008 0.803623
3.442908 0.804825
3.459922 0.834006
3.456078 0.833004
3.462653 0.828334
3.450710 0.835923
3.442527 0.820950
3.436895 0.793548
3.438954 0.802895
3.438085 0.802083
3.436896 0.796915
3.432495 0.794636
3.406727 0.794405
3.444658 0.835299
3.351097 0.818456
3.292964 0.782793
3.280852 0.784549
3.274798 0.784788
3.312681 0.782235
3.300573 0.782842
3.294562 0.781464
3.302390 0.784319
3.255091 0.781782
3.262694 0.783531
3.256642 0.783517
3.241429 0.781675
3.249035 0.782732
3.250584 0.785246
3.243082 0.781406
3.234778 0.783198
3.228717 0.783973
3.238466 0.789315
3.235374 0.782564
3.223262 0.784600
3.230869 0.785077
3.151998 0.788207
3.139897 0.785901
3.126624 0.786035
3.127790 0.785898
3.210605 0.786451
3.211152 0.785474
3.197386 0.791155
3.205085 0.790171
3.182502 0.793285
3.193256 0.790529
3.171698 0.794030
3.173422 0.794847
3.167206 0.791445
3.113241 0.785028
3.120189 0.783276
3.100672 0.791054
3.106507 0.784441
3.101314 0.786989
3.088330 0.796940
3.094394 0.792665
3.089885 0.796649
3.096715 0.789127
3.080791 0.801869
3.083821 0.800768
3.062993 0.820212
3.056220 0.826444
3.041369 0.829565
3.047426 0.828336
3.035320 0.827856
3.036151 0.825511
3.077745 0.809438
3.077182 0.806448
3.072093 0.804999
3.071681 0.813027
3.075523 0.797709
3.068624 0.793395
3.074681 0.792149
3.071656 0.791023
3.068293 0.790735
3.068975 0.792119
3.068639 0.787631
3.062569 0.793840
3.063140 0.793360
3.062576 0.791342
3.085360 0.806683
3.088645 0.804215
3.079293 0.811539
3.067869 0.819128
3.055414 0.825368
3.042735 0.831151
3.043403 0.827180
3.021599 0.813577
3.033137 0.824116
3.024394 0.816567
2.990829 0.791530
3.022044 0.804838
3.022368 0.808137
3.018546 0.799780
3.022105 0.797533
3.011583 0.798725
3.012731 0.795706
3.023632 0.811349
3.004978 0.793881
3.005104 0.793282
2.999324 0.794642
2.997083 0.794065
3.006225 0.790235
2.986427 0.789276
2.971625 0.784693
2.979605 0.788496
2.959506 0.788886
2.967120 0.786937
2.939665 0.791255
2.947403 0.787637
2.927677 0.791389
2.920066 0.792372
2.934965 0.789469
2.935292 0.789242
2.929230 0.792254
2.921628 0.789753
2.907670 0.791717
2.900528 0.790303
2.896871 0.788436
2.888439 0.786559
2.870095 0.787941
2.876153 0.786610
2.604786 0.791842
2.580443 0.810760
2.580522 0.810342
2.575018 0.812822
2.585060 0.795952
2.591122 0.792714
2.586618 0.804832
2.586591 0.804660
2.593026 0.799384
2.592665 0.797191
2.567705 0.811063
2.561390 0.805948
2.568423 0.807118
2.562372 0.806310
2.554765 0.806028
2.541105 0.805387
2.547167 0.802122
2.542058 0.805948
2.550265 0.806282
2.543478 0.803508
2.529002 0.803756
2.521402 0.800428
2.530561 0.802322
2.495637 0.799322
2.503239 0.801613
2.509298 0.799342
2.489577 0.801381
2.484370 0.799390
2.483046 0.798516
2.491116 0.807535
2.492665 0.809253
2.479503 0.805365
2.471394 0.809417
2.472937 0.814164
2.479001 0.810360
2.464103 0.812716
2.459269 0.816516
2.458045 0.810847
2.457732 0.809669
2.461544 0.818001
2.438036 0.802641
2.425937 0.799533
2.418054 0.797400
2.413834 0.798072
2.406293 0.799697
2.394113 0.800368
2.451684 0.807722
2.454770 0.816586
2.439584 0.805485
2.436283 0.802349
2.305165 0.804693
2.289468 0.805576
2.277884 0.813598
2.283409 0.807417
2.284963 0.807576
2.285008 0.807428
2.284645 0.801333
2.278911 0.807159
2.278517 0.801984
2.278928 0.800714
2.354653 0.811171
2.354961 0.810895
2.359211 0.804333
2.355644 0.806913
2.348598 0.811780
2.350155 0.811047
2.336478 0.816575
2.338041 0.813335
2.384966 0.794055
2.372855 0.795450
2.380460 0.797191
2.362810 0.798522
2.368346 0.799324
2.330536 0.819014
2.318219 0.811678
2.316778 0.810309
2.324713 0.814182
2.324377 0.813931
2.320624 0.809400
2.318339 0.808333
2.310870 0.807603
2.331792 0.816219
2.304673 0.802765
2.291984 0.803179
2.059200 0.780619
2.041356 0.780709
2.265230 0.814361
2.272830 0.817366
2.259161 0.819912
2.254657 0.822235
2.252133 0.822311
2.234953 0.803819
2.234665 0.795177
2.234276 0.798567
2.247057 0.818776
2.239464 0.812956
2.249387 0.817359
2.248618 0.816504
2.238123 0.801435
2.230357 0.792304
2.233746 0.793309
2.216700 0.790563
2.224304 0.792242
2.190937 0.788103
2.177289 0.782882
2.180393 0.784884
2.170765 0.781768
2.157670 0.781350
2.165188 0.780309
2.212203 0.789680
2.205117 0.791475
2.198541 0.789940
2.273805 0.816246
2.151514 0.785065
2.145463 0.784503
2.140964 0.784544
2.133865 0.785372
2.098935 0.787471
2.102090 0.797010
2.100416 0.795959
2.101157 0.790519
2.121204 0.800762
2.115933 0.798957
2.109329 0.809381
2.113253 0.802973
2.108775 0.802876
2.109467 0.798123
2.109057 0.798075
2.121711 0.792234
2.115318 0.792337
2.108868 0.792328
2.109120 0.792329
2.103065 0.792775
2.093921 0.785607
2.081716 0.784153
2.074210 0.784111
2.075765 0.783871
2.083395 0.787607
2.063353 0.780802
2.050004 0.781045
2.034785 0.781707
2.028733 0.781401
2.035275 0.781443
2.028786 0.781353
2.035190 0.775898
2.028834 0.776078
2.021904 0.780468
2.022676 0.776664
2.024238 0.779915
2.004336 0.794802
1.987830 0.812608
1.993075 0.798107
1.991547 0.805470
1.988723 0.807753
2.008207 0.780581
2.009021 0.779922
2.003890 0.789828
2.004819 0.784373
2.010577 0.779685
1.960539 0.800388
1.959116 0.794579
1.959000 0.794194
1.956265 0.803381
1.954481 0.801685
1.956812 0.797969
1.953832 0.796931
1.954495 0.796618
1.974173 0.810648
1.973228 0.809858
1.981769 0.814982
1.975719 0.813796
1.982582 0.813729
1.975889 0.813219
1.982531 0.808275
1.966014 0.805456
1.969686 0.805913
1.947387 0.802305
1.941615 0.803669
1.934566 0.802443
1.947473 0.797103
1.948442 0.796750
1.942392 0.795204
1.923791 0.795585
1.935431 0.798833
1.928717 0.800126
1.929965 0.801510
1.913531 0.788717
1.901429 0.787066
1.895375 0.787072
1.881715 0.786412
1.875655 0.788727
1.921125 0.793994
1.918712 0.799608
1.915304 0.794746
1.843805 0.799156
1.837753 0.798542
1.831037 0.801591
1.825637 0.801903
1.813340 0.810285
1.861988 0.790851
1.857480 0.793898
1.845371 0.794770
1.839317 0.795145
1.826627 0.800375
1.814411 0.801765
2.739693 0.788828
2.733640 0.788621
2.715430 0.807003
2.720165 0.804080
2.723965 0.798236
2.727575 0.792856
2.745820 0.822884
2.744401 0.816561
2.744867 0.812180
2.715988 0.805814
2.722449 0.800478
2.716865 0.802244
2.741238 0.792344
2.723155 0.796581
2.721552 0.796600
2.716548 0.796244
2.707089 0.790082
2.706323 0.786016
2.700398 0.789286
2.703284 0.795473
2.694594 0.804071
2.689676 0.801243
2.690455 0.800946
2.697000 0.795802
2.703316 0.809682
2.709374 0.807746
2.703758 0.807155
2.709571 0.795146
2.697268 0.807489
2.697433 0.807399
2.694909 0.802047
2.691236 0.799387
2.709493 0.789646
2.681093 0.811175
2.672584 0.789566
2.674494 0.788651
2.676022 0.798208
2.683610 0.805621
2.682830 0.798537
2.682085 0.794419
2.675766 0.797834
2.675687 0.791743
2.684559 0.802072
2.656248 0.796905
2.655187 0.789376
2.679696 0.820038
2.680997 0.823226
2.674555 0.827469
2.673009 0.823784
2.685450 0.817318
2.666952 0.825374
2.662449 0.827098
2.647354 0.812226
2.644216 0.807296
2.645473 0.815828
2.645922 0.810451
2.649638 0.796572
2.649064 0.790027
2.648724 0.788620
2.644198 0.798858
2.641152 0.790319
2.630560 0.789912
2.654842 0.826607
2.656390 0.828797
2.650328 0.832300
2.648789 0.826242
2.644118 0.819402
2.624505 0.790644
2.619990 0.796274
2.603133 0.804018
2.595731 0.813212
2.600982 0.809613
2.588131 0.810052
2.582076 0.810606
2.570022 0.810433
2.563918 0.809827
1.699790 0.782292
1.687686 0.780976
1.674020 0.782576
1.667967 0.782136
1.663824 0.786191
1.654652 0.788558
1.650379 0.790398
1.650885 0.786089
1.637453 0.795688
1.625551 0.797946
1.633161 0.797247
1.625582 0.801085
1.598239 0.793426
1.617938 0.799828
1.611890 0.797684
1.613518 0.804812
1.613427 0.804121
1.619485 0.802867
1.614965 0.810436
1.619986 0.807137
1.607384 0.800532
1.607143 0.800130
1.605840 0.796202
1.608909 0.811637
1.602855 0.811435
1.602357 0.808366
1.601381 0.792187
1.586741 0.787384
1.578309 0.787988
1.579894 0.785877
1.566280 0.789738
1.566792 0.785437
1.560382 0.786413
1.586139 0.790627
1.503687 0.814995
1.546704 0.792458
1.554324 0.788131
1.533593 0.787626
1.532931 0.787443
1.542209 0.791446
1.534600 0.791447
1.527187 0.794243
1.516171 0.798059
1.504298 0.804445
1.484557 0.813721
1.497794 0.816111
1.497999 0.811154
1.492153 0.818236
1.492325 0.818092
1.492234 0.812543
1.491804 0.812459
1.471304 0.808437
1.472467 0.807338
1.470226 0.803232
1.453144 0.793434
1.466892 0.800330
1.463329 0.798265
1.451226 0.796538
1.449687 0.790686
1.447570 0.792188
1.443641 0.788081
1.464879 0.799960
1.416321 0.786719
1.398158 0.787591
1.384491 0.789508
1.386048 0.788743
1.372355 0.793899
1.379442 0.789835
1.352669 0.789054
1.345428 0.788760
1.346963 0.783230
1.346633 0.782844
1.366726 0.795552
1.359295 0.790305
1.364132 0.793055
1.354230 0.786863
1.348176 0.787361
1.339012 0.787593
1.333496 0.793506
1.314778 0.794965
1.340557 0.790990
1.341335 0.790983
1.328446 0.792627
1.336050 0.794610
1.322392 0.792979
1.431532 0.788750
1.419424 0.789050
1.413078 0.784655
1.405768 0.786906
1.113151 0.785932
1.101044 0.785938
1.093438 0.784898
1.096538 0.788676
1.073862 0.810109
1.090471 0.793593
1.088926 0.789815
1.070729 0.803994
1.077434 0.802349
1.076293 0.794656
1.072935 0.796205
1.078877 0.805305
1.078597 0.799382
1.077263 0.799016
1.290547 0.801342
1.284493 0.801545
1.298144 0.805212
1.305748 0.807358
1.292095 0.804218
1.264764 0.806497
1.270821 0.805048
1.277231 0.802399
1.272374 0.805915
1.261245 0.814427
1.260241 0.815677
1.262976 0.808851
1.262322 0.812295
1.257235 0.814946
1.252635 0.814590
1.254183 0.817289
1.244909 0.807866
1.237455 0.801348
1.239004 0.803333
1.226879 0.810090
1.232946 0.804780
1.225800 0.802650
1.202561 0.815386
1.208716 0.810927
1.214776 0.808845
1.196562 0.828534
1.202233 0.824114
1.200822 0.815023
1.202191 0.817804
1.202229 0.818781
1.246585 0.813897
1.236465 0.812324
1.240541 0.809948
1.243324 0.814809
1.233973 0.811543
1.228421 0.814560
1.215843 0.814018
1.197454 0.826659
1.181381 0.815309
1.190179 0.830331
1.184451 0.829972
1.182948 0.823358
1.181493 0.826835
1.176871 0.819633
1.175325 0.815929
1.177646 0.820332
1.169268 0.817528
1.163218 0.816357
1.169340 0.819736
1.176878 0.817112
1.180308 0.812969
1.175989 0.811575
1.170821 0.817927
1.170161 0.812843
1.164161 0.813754
1.176898 0.809484
1.148023 0.808106
1.155615 0.813932
1.151185 0.810056
1.152783 0.804517
1.148799 0.803324
1.149591 0.803313
1.143536 0.803744
1.138137 0.799731
1.135940 0.799034
1.128338 0.797052
1.155134 0.812909
1.191186 0.832380
1.192054 0.832263
1.185996 0.833864
1.122298 0.791981
1.116995 0.791837
1.087470 0.815247
1.087396 0.814929
1.086054 0.806814
1.081407 0.818633
1.079865 0.813515
1.073807 0.815251
1.037856 0.800497
1.037367 0.797574
1.035840 0.787159
1.035848 0.784507
1.052554 0.808973
1.058612 0.807156
1.057068 0.803247
1.044956 0.805238
1.036037 0.817039
1.040433 0.813797
1.041973 0.819327
1.048038 0.815672
1.027473 0.821710
1.020707 0.818063
1.020009 0.814265
1.032826 0.813427
1.025725 0.807410
1.034974 0.822521
1.031639 0.826312
1.035916 0.820962
1.029844 0.828183
1.023797 0.825489
1.016184 0.827182
1.017730 0.830271
1.022341 0.827540
1.010140 0.823262
1.014656 0.817043
1.014533 0.816231
1.014232 0.810248
1.008514 0.817096
1.008112 0.812012
1.006844 0.820886
1.017863 0.793779
1.021608 0.787517
1.017930 0.788546
1.031973 0.801636
1.031321 0.795145
1.031090 0.794466
1.024082 0.793322
1.030164 0.787211
1.014678 0.785081
1.010079 0.784603
1.011494 0.793931
1.012154 0.789918
1.004015 0.788072
1.005557 0.793137
1.009951 0.789046
1.012775 0.801910
1.007092 0.800388
1.008407 0.806168
1.008156 0.806693
0.984300 0.788614
0.972183 0.791896
0.978249 0.787568
0.952488 0.784734
0.966132 0.791160
0.954038 0.786557
0.945723 0.785860
0.940375 0.786633
0.947982 0.787148
0.985836 0.795123
0.991896 0.793196
0.993443 0.796117
0.987382 0.798693
0.981324 0.800039
0.979786 0.793781
0.973727 0.795678
0.849404 0.787991
0.843192 0.787035
0.841818 0.779121
0.838030 0.782733
0.829706 0.781084
0.823685 0.791925
0.823350 0.786621
0.819940 0.790440
0.932760 0.788970
0.928215 0.789583
0.912756 0.784352
0.920662 0.786012
0.922210 0.788161
0.908552 0.786946
0.889183 0.788834
0.896441 0.788273
0.885952 0.788496
0.879033 0.789407
0.866106 0.813681
0.872167 0.810829
0.873902 0.809435
0.865171 0.808531
0.863120 0.798815
0.863036 0.798583
0.869270 0.793019
0.863456 0.794300
0.873930 0.804102
0.874617 0.795314
0.873849 0.798799
0.865770 0.801808
0.860004 0.799219
0.857238 0.800134
0.857801 0.795910
0.860052 0.813714
0.859365 0.809831
0.855918 0.811799
0.857233 0.806312
0.873713 0.814148
0.876095 0.812521
0.867656 0.815237
0.878772 0.806856
0.858939 0.788678
0.858195 0.791372
1.061699 0.815903
1.807389 0.816663
1.806994 0.810482
1.801950 0.813337
1.801406 0.808169
1.795306 0.818297
1.787780 0.816103
1.794888 0.812077
1.791034 0.810208
1.794084 0.805069
1.786883 0.803526
1.777859 0.797902
1.795276 0.802176
1.788856 0.802225
1.773264 0.795153
1.768506 0.790434
1.775786 0.792852
1.763340 0.791112
1.762007 0.796513
1.764320 0.794373
1.768073 0.791762
1.752495 0.793759
1.758557 0.797071
1.748048 0.803783
1.749876 0.805439
1.730121 0.819832
1.733548 0.816362
1.734321 0.810916
1.731670 0.822343
1.734825 0.819542
1.736024 0.814058
1.724242 0.823313
1.725614 0.823171
1.718010 0.821783
1.737694 0.801793
1.740726 0.800183
1.739862 0.794274
1.733769 0.794984
1.741350 0.787286
1.739663 0.788491
1.739214 0.784405
1.732613 0.787265
1.733622 0.789311
1.733155 0.786723
1.730922 0.788642
1.737726 0.805134
1.742273 0.803348
1.743825 0.804441
1.736461 0.805838
1.734557 0.808939
1.737766 0.806822
1.732338 0.821311
1.726781 0.823140
1.720017 0.822479
1.732387 0.816067
1.710224 0.815647
1.704375 0.811840
1.702835 0.806034
1.700517 0.803294
1.701208 0.806566
1.709312 0.819525
1.708652 0.814287
1.716030 0.822016
1.707620 0.794232
1.702010 0.795921
1.702537 0.791637
1.701334 0.786310
1.697154 0.799169
1.697261 0.794045
0.797856 0.791689
0.791805 0.790737
0.784208 0.786589
0.772088 0.791307
0.779697 0.790961
0.767581 0.794247
0.755460 0.799703
0.700864 0.842057
0.747851 0.799417
0.749408 0.799095
0.742320 0.796976
0.734693 0.799922
0.722355 0.801041
0.729698 0.796880
0.700892 0.791345
0.694969 0.792397
0.709228 0.800558
0.706411 0.799184
0.708435 0.793884
0.708437 0.793457
0.702393 0.789721
0.696349 0.786337
0.805442 0.800017
0.813506 0.797587
0.806999 0.798883
0.800789 0.794910
0.799206 0.800065
0.800943 0.799751
0.799405 0.793866
0.787302 0.792530
0.781240 0.795391
0.763059 0.803056
0.694803 0.844631
0.695290 0.843763
0.688058 0.843664
0.694821 0.837726
0.688968 0.838642
0.682724 0.834151
0.676672 0.833635
0.669512 0.814679
0.669854 0.799120
0.663088 0.798470
0.671587 0.805728
0.664807 0.807331
0.679643 0.823154
0.675115 0.825951
0.669093 0.822711
0.682343 0.792933
0.688641 0.787264
0.688999 0.782643
0.682295 0.787466
0.682926 0.783412
0.670554 0.795906
0.664333 0.795631
0.670486 0.789680
0.664308 0.790229
0.658431 0.801974
0.658097 0.796058
0.663298 0.813548
0.659881 0.805290
0.622065 0.880218
0.609957 0.880508
0.616017 0.878136
0.590071 0.828728
0.578097 0.832707
0.584157 0.830162
0.594772 0.868311
0.588709 0.871792
0.582581 0.871943
0.582657 0.871615
0.602360 0.876337
0.603188 0.876115
0.595417 0.877139
0.596317 0.871973
0.597872 0.871899
0.591797 0.880184
0.590253 0.876028
0.588625 0.874661
0.585591 0.878092
0.585750 0.877622
0.591271 0.872377
0.584213 0.871195
0.582858 0.870094
0.589788 0.832432
0.587247 0.837862
0.576212 0.842937
0.592420 0.806018
0.587172 0.803700
0.573516 0.801675
0.575062 0.804763
0.589926 0.820374
0.590290 0.814979
0.589559 0.823765
0.592220 0.818089
0.591620 0.821194
0.588541 0.809504
0.589077 0.813192
0.593614 0.826609
0.668226 0.874309
0.669101 0.881598
0.674737 0.862798
0.684242 0.847827
0.684767 0.847453
0.677419 0.852108
0.678182 0.850197
0.675863 0.857336
0.653895 0.877402
0.659957 0.874229
0.661795 0.881141
0.655013 0.881375
0.641780 0.880417
0.647844 0.876724
0.649375 0.885132
0.643328 0.882623
0.663035 0.886027
0.656981 0.886065
0.652471 0.890635
0.684261 0.840845
0.629658 0.885621
0.635714 0.884739
0.637229 0.883614
0.631381 0.884838
0.637946 0.878294
0.637152 0.878103
0.624135 0.883193
0.621199 0.882445
0.617568 0.879109
0.625129 0.879894
0.611508 0.881745
0.605467 0.877255
0.592513 0.879079
0.552585 0.849956
0.564590 0.834709
0.565983 0.835514
0.558220 0.834861
0.559926 0.836556
0.552021 0.844686
0.552458 0.836243
0.550688 0.839530
0.553872 0.836519
0.570115 0.872799
0.569957 0.867108
0.576617 0.866456
0.563654 0.872765
0.561454 0.871518
0.563408 0.866893
0.561815 0.866124
0.558450 0.869087
0.563405 0.861525
0.562993 0.852367
0.575107 0.850023
0.574666 0.847477
0.567516 0.843265
0.561465 0.842502
0.569054 0.849593
0.568862 0.848795
0.562552 0.849073
0.577907 0.864852
0.564523 0.861609
0.570574 0.857673
0.570508 0.857712
0.556912 0.862788
0.557603 0.857986
0.556210 0.859991
0.553926 0.853129
0.551846 0.856787
0.562409 0.864094
0.552400 0.867537
0.551704 0.863973
0.555393 0.849533
0.556939 0.852422
0.556228 0.847500
0.554876 0.841187
0.552283 0.787579
0.565924 0.795299
0.558411 0.798423
0.553821 0.793756
0.541697 0.800365
0.547757 0.797539
0.547371 0.793664
0.540685 0.793171
0.546229 0.787945
0.540173 0.788586
0.526969 0.786115
0.535709 0.801531
0.535641 0.801158
0.534585 0.793874
0.534996 0.789358
0.529372 0.791052
0.534128 0.785398
0.528075 0.785702
0.520468 0.784877
0.508346 0.790555
0.514415 0.784693
0.523054 0.791314
0.522020 0.785730
0.561413 0.800421
0.542646 0.803843
0.543244 0.803369
0.549306 0.800152
0.537179 0.807496
0.531300 0.805716
0.531132 0.804927
0.538720 0.812501
0.494692 0.787101
0.493680 0.798227
0.502566 0.788931
0.493309 0.789567
0.482561 0.796679
0.488629 0.790919
0.476501 0.798841
0.490828 0.795214
0.491717 0.798818
0.478063 0.796402
0.462846 0.796086
0.465148 0.807565
0.464383 0.802966
0.464392 0.799507
0.470450 0.797819
0.458312 0.808991
0.452259 0.809150
0.462273 0.800927
0.459364 0.797966
0.464892 0.803955
0.465937 0.802996
0.459866 0.809148
0.444211 0.813966
0.440742 0.810370
0.433120 0.813335
0.433735 0.809216
0.420422 0.814480
0.420844 0.814579
0.420886 0.809298
0.421990 0.809564
0.428048 0.808098
0.401591 0.820116
0.408303 0.818786
0.390107 0.831792
0.396183 0.823438
0.396584 0.823038
0.390126 0.824713
0.415925 0.813804
0.402254 0.817433
0.389618 0.816610
0.396205 0.815360
0.390150 0.815787
0.402600 0.811450
0.385016 0.841844
0.379166 0.843046
0.365860 0.844264
0.366351 0.843198
0.362830 0.842608
0.357498 0.827558
0.356892 0.820949
0.355951 0.820788
0.385098 0.836633
0.385971 0.828903
0.379107 0.837556
0.378123 0.830183
0.374225 0.827096
0.384390 0.824459
0.377695 0.823947
0.370970 0.834119
0.358282 0.833129
0.362948 0.828561
0.359181 0.830983
0.370035 0.836324
0.371943 0.833407
0.373676 0.839208
0.373497 0.839265
0.365877 0.837847
0.370411 0.824918
0.370964 0.823358
0.370426 0.819515
0.364352 0.826763
0.365151 0.824652
0.344226 0.826784
0.324920 0.827375
0.352233 0.831542
0.350696 0.824566
0.346175 0.832704
0.352858 0.831231
0.346645 0.831706
0.353033 0.827923
0.347332 0.827777
0.338571 0.831175
0.335301 0.828824
0.340121 0.833088
0.340582 0.832489
0.337799 0.826542
0.326470 0.829231
0.332533 0.825504
0.329016 0.833017
0.327274 0.826278
0.376431 0.815998
0.383514 0.813261
0.377376 0.812594
0.370443 0.813151
0.364547 0.818061
0.318865 0.827996
0.320418 0.828870
0.312804 0.830779
0.313097 0.828996
0.311320 0.828607
0.305869 0.827405
0.314217 0.825930
0.309100 0.823561
0.305152 0.824081
0.303766 0.827657
0.300694 0.831455
0.294652 0.827216
0.287580 0.829525
0.282547 0.826901
0.261278 0.826212
0.249163 0.829152
0.237037 0.835797
0.241551 0.830526
0.274935 0.828126
0.268881 0.828303
0.263007 0.826647
0.250717 0.829237
0.238583 0.839458
0.242646 0.834273
0.230459 0.842056
0.231575 0.838967
0.224790 0.838268
0.217307 0.841579
0.217580 0.836702
0.216649 0.836265
0.204214 0.829201
0.203485 0.828877
0.203691 0.824605
0.205672 0.827068
0.203885 0.824335
0.205240 0.826625
0.197042 0.828881
0.198123 0.825739
0.183961 0.830072
0.177906 0.830011
0.184485 0.829557
0.178229 0.819240
0.168780 0.816391
0.162744 0.810037
0.168617 0.827156
0.171857 0.828519
0.170266 0.821477
0.170266 0.816264
0.172490 0.826036
0.169326 0.825090
0.171987 0.819657
0.171216 0.819529
0.155145 0.806641
0.154706 0.806252
0.149096 0.804817
0.143118 0.799076
0.141509 0.796544
0.158259 0.803828
0.164294 0.811897
0.170737 0.811733
0.156691 0.809705
0.156832 0.809637
0.156439 0.803481
0.143391 0.803154
0.156321 0.797900
0.185841 0.826991
0.184795 0.819490
0.069150 0.798691
0.063245 0.797409
0.056907 0.797622
0.058146 0.797805
0.064204 0.796126
0.050852 0.803795
0.045292 0.805583
0.050942 0.798596
0.045776 0.801203
0.027022 0.818498
0.039510 0.812303
0.039309 0.806520
0.027683 0.814463
0.027439 0.808602
0.009636 0.828413
0.015699 0.825030
0.016660 0.823640
0.010519 0.824263
0.022174 0.816377
0.016379 0.817712
0.009845 0.817527
0.022481 0.811663
0.127848 0.796479
0.121795 0.796366
0.135448 0.799673
0.129785 0.796331
0.123441 0.801655
0.123336 0.801404
0.122399 0.796475
0.123352 0.795659
0.140890 0.802735
0.139580 0.797598
0.115729 0.801283
0.118238 0.804444
0.111225 0.802895
0.103607 0.800858
0.096012 0.801408
0.097562 0.803608
0.090632 0.800683
0.091515 0.801040
0.085448 0.805851
0.093054 0.807193
0.073340 0.806553
