3.126106 0.809561
3.107954 0.817923
3.101456 0.825371
3.034038 0.849830
3.024684 0.845258
3.033931 0.852941
3.012214 0.826516
2.992762 0.817902
2.994311 0.821217
3.013018 0.826930
3.014554 0.832417
3.015232 0.835096
3.020121 0.837002
3.006437 0.825494
3.015597 0.834841
3.020176 0.837330
2.985041 0.818880
2.979107 0.817393
2.980641 0.815379
2.986701 0.816000
2.988252 0.820666
2.967949 0.815133
2.939670 0.812099
2.940074 0.813428
2.933607 0.809848
2.934692 0.815238
2.926007 0.808617
2.928428 0.808363
2.913130 0.805948
2.915425 0.806385
2.960919 0.810997
2.959917 0.814212
2.947273 0.814313
2.954870 0.814918
2.948821 0.818073
2.957022 0.824803
2.955808 0.823798
2.949304 0.823720
2.948848 0.828380
2.948694 0.828298
2.953702 0.830804
2.950406 0.835790
2.941221 0.816979
2.942673 0.823616
2.935963 0.822998
2.941244 0.825664
2.945354 0.826187
2.942802 0.832773
2.935327 0.827542
2.935153 0.835735
2.943982 0.836859
2.938783 0.839009
2.936863 0.838341
2.938301 0.839637
2.929096 0.812893
2.933902 0.830238
2.886122 0.798363
2.880071 0.799040
2.894158 0.800392
2.900224 0.803575
2.901764 0.803853
2.875371 0.796387
2.882040 0.798765
2.868164 0.800730
2.861889 0.801842
2.861774 0.806469
2.857097 0.809468
2.857255 0.804136
2.851787 0.812561
2.747322 0.826367
2.754320 0.827263
2.757522 0.833430
2.748746 0.826628
2.742688 0.826373
2.733356 0.822057
2.843634 0.819789
2.845529 0.817366
2.839697 0.822192
2.832118 0.829310
2.827607 0.831765
2.826075 0.834749
2.818264 0.840596
2.813987 0.845441
2.815858 0.838637
2.815520 0.842901
2.810694 0.852044
2.809280 0.855269
2.814690 0.860709
2.813835 0.863562
2.811514 0.864648
2.811075 0.871683
2.805332 0.870728
2.804603 0.875129
2.798893 0.876380
2.805042 0.880820
2.805098 0.881587
2.754013 0.830950
2.755812 0.836382
2.754059 0.842222
2.756794 0.839074
2.753564 0.845065
2.756401 0.849701
2.757936 0.847780
2.759565 0.850024
2.760404 0.852728
2.761067 0.858282
2.758521 0.855786
2.767222 0.860610
2.793648 0.872816
2.786869 0.880806
2.779274 0.881170
2.780816 0.882566
2.754980 0.861831
2.755617 0.870172
2.753489 0.875225
2.761057 0.863979
2.761894 0.873735
2.767483 0.883481
2.775340 0.880236
2.771318 0.879621
2.764195 0.877630
2.760372 0.876767
2.765245 0.883160
3.430837 0.816860
3.432374 0.815746
3.432528 0.815877
3.433240 0.821428
3.435308 0.826837
3.426312 0.814016
3.425052 0.814428
3.432420 0.833849
3.426514 0.839364
3.426387 0.843848
3.437720 0.823730
3.435505 0.829605
3.449185 0.846222
3.430789 0.835768
3.436917 0.843510
3.430335 0.841456
3.440057 0.850142
3.438265 0.851878
3.448209 0.848881
3.442708 0.850506
3.447652 0.848939
3.441599 0.850560
3.437098 0.849120
3.435300 0.848893
3.429450 0.847200
3.434567 0.853283
3.430910 0.852691
3.434011 0.854470
3.397454 0.810329
3.403514 0.811414
3.412654 0.812659
3.411123 0.816037
3.405054 0.811539
3.406603 0.815233
3.400563 0.822242
3.379285 0.811572
3.392946 0.814147
3.393796 0.821792
3.394512 0.824615
3.381438 0.817144
3.325815 0.819575
3.327771 0.821100
3.320155 0.813956
3.315741 0.815244
3.314096 0.813162
3.288339 0.818024
3.288346 0.820590
3.301992 0.817503
3.289878 0.817750
3.371683 0.809597
3.367173 0.812959
3.355145 0.816357
3.361895 0.818321
3.354710 0.821225
3.355469 0.824692
3.353554 0.826494
3.349778 0.823820
3.350338 0.828023
3.347714 0.831127
3.347496 0.826573
3.349044 0.829482
3.335034 0.824125
3.335377 0.824980
3.341445 0.829072
3.336936 0.832500
3.341182 0.834690
3.344536 0.833288
3.324523 0.816877
3.329314 0.822495
3.277481 0.816076
3.283254 0.820528
3.276928 0.820749
3.283840 0.825293
3.285323 0.832626
3.276860 0.826257
3.270823 0.826963
3.277454 0.832876
3.270499 0.832050
3.258873 0.828591
3.258163 0.833020
3.243577 0.826102
3.252853 0.827832
3.267028 0.859553
3.217059 0.806354
3.219299 0.811985
3.224191 0.818958
3.202819 0.804372
3.209461 0.805498
3.204941 0.805123
3.230755 0.822584
3.232289 0.820308
3.221990 0.814450
3.191295 0.808199
3.192829 0.806108
3.173121 0.807379
3.179184 0.809749
3.165534 0.811198
3.153223 0.813459
3.160720 0.809603
3.154963 0.813054
3.141305 0.811768
3.147365 0.812626
3.133701 0.809179
3.135257 0.815604
3.135321 0.815947
3.129538 0.817099
3.121940 0.809553
3.115541 0.813651
3.136198 0.823042
3.129728 0.823023
3.145711 0.845052
3.132219 0.838472
3.138892 0.844436
3.103942 0.822208
3.103452 0.823755
3.107308 0.824636
3.104843 0.830239
3.124352 0.824871
3.124899 0.831401
3.147537 0.851014
3.146025 0.851286
3.133903 0.852546
3.097407 0.828532
3.097382 0.828539
3.098959 0.833913
3.091863 0.835738
3.084922 0.846180
3.080279 0.843605
3.075118 0.845821
3.074228 0.853760
3.060917 0.854859
3.069423 0.851435
3.062673 0.856687
3.055062 0.851076
3.056453 0.858228
3.049010 0.853035
3.050559 0.856808
3.047958 0.854789
3.036899 0.854933
2.713419 0.812422
2.710265 0.810594
2.680420 0.805561
2.701684 0.810623
2.693698 0.806889
2.681900 0.808204
2.675897 0.803528
2.683504 0.807652
2.723522 0.811906
2.724952 0.817368
2.662246 0.804855
2.642037 0.806228
2.656185 0.803579
2.654650 0.805223
2.644079 0.806759
2.663351 0.803874
2.657733 0.806817
2.636488 0.809597
2.631966 0.807942
2.624377 0.810877
2.618332 0.815956
2.622910 0.837385
2.621528 0.843179
2.625963 0.845473
2.623036 0.849395
2.571298 0.811036
2.578088 0.812921
2.573337 0.814900
2.572928 0.815087
2.578912 0.817056
2.573094 0.820989
2.579724 0.826907
2.560873 0.813530
2.567399 0.816655
2.563541 0.815995
2.564435 0.821541
2.560766 0.827660
2.547095 0.821211
2.547515 0.827045
2.554720 0.831934
2.541001 0.821322
2.534503 0.813705
2.535109 0.827897
2.542607 0.832765
2.525983 0.806246
2.519752 0.807878
2.500035 0.805973
2.514520 0.808995
2.513699 0.809378
2.515230 0.806091
2.518507 0.809845
2.509175 0.806802
2.526445 0.814600
2.528213 0.821538
2.521761 0.815929
2.517720 0.818368
2.520309 0.823705
2.522200 0.826301
2.528934 0.825513
2.530495 0.833618
2.610725 0.811987
2.612278 0.816847
2.606216 0.815119
2.607611 0.819146
2.608284 0.825892
2.604824 0.825367
2.607655 0.830423
2.598809 0.820476
2.598632 0.820643
2.592587 0.825336
2.600167 0.818920
2.598103 0.823323
2.601529 0.830985
2.614829 0.831638
2.614062 0.835950
2.608451 0.842995
2.586538 0.828690
2.594144 0.832146
2.595686 0.832757
2.592603 0.838006
2.609377 0.847413
2.616982 0.850593
2.610937 0.855390
2.597248 0.841629
2.603312 0.844461
2.591200 0.845541
2.604872 0.852206
2.582048 0.839696
2.574434 0.833012
2.575992 0.840138
2.583596 0.843094
2.567740 0.822841
2.567723 0.828436
2.567203 0.829648
2.562308 0.828286
2.560762 0.830371
2.563862 0.834314
2.568707 0.835706
2.571482 0.843119
2.550219 0.838862
2.557809 0.836325
2.545713 0.843170
2.290896 0.827294
2.283378 0.828153
2.271247 0.827911
2.448499 0.806814
2.487924 0.807364
2.489461 0.806421
2.482460 0.809386
2.469753 0.807750
2.469033 0.808527
2.468561 0.813367
2.470134 0.812516
2.456107 0.811003
2.462163 0.810808
2.463710 0.813248
2.457658 0.815628
2.445540 0.814142
2.430331 0.808706
2.424278 0.809894
2.436391 0.809410
2.415076 0.810322
2.410625 0.810561
2.412177 0.815681
2.412004 0.816305
2.377244 0.804880
2.398507 0.809573
2.396968 0.809739
2.406434 0.814162
2.401758 0.814681
2.399563 0.816795
2.400792 0.818884
2.400076 0.821169
2.406135 0.821558
2.384840 0.804623
2.386388 0.807838
2.392447 0.808355
2.380017 0.808691
2.380344 0.812959
2.437685 0.810121
2.425817 0.809790
2.431718 0.811244
2.411745 0.819137
2.407683 0.824777
2.366686 0.811862
2.368379 0.812805
2.360627 0.811196
2.339375 0.811358
2.340915 0.811026
2.328807 0.813879
2.327221 0.814612
2.348514 0.811766
2.315160 0.817003
2.316200 0.818720
2.310661 0.824506
2.304604 0.824306
2.298545 0.823580
2.290750 0.824064
2.278830 0.822858
2.258932 0.824866
2.253066 0.824837
2.245475 0.826942
2.231827 0.829481
2.227307 0.828753
2.233630 0.825771
2.219594 0.829493
2.207595 0.828748
2.206828 0.829745
2.187891 0.831763
2.180748 0.834963
2.174012 0.834502
2.175785 0.834982
2.201540 0.829603
2.189427 0.830419
2.161584 0.835315
2.162126 0.833759
2.148463 0.830189
2.157605 0.832444
2.141217 0.828034
2.128726 0.820508
2.122691 0.828933
2.121373 0.835252
2.107975 0.820823
2.095357 0.819590
2.101468 0.820576
2.097112 0.818649
2.090845 0.821948
2.096907 0.823350
2.101296 0.826217
2.096909 0.824478
2.098461 0.829397
2.116666 0.841931
2.102987 0.832309
2.104546 0.839638
2.110611 0.842735
2.096291 0.828505
2.096144 0.829646
2.092561 0.833103
2.097533 0.836207
2.094329 0.838268
2.143934 0.825971
2.136330 0.823251
2.129080 0.825879
2.129990 0.831408
2.130521 0.834157
2.125802 0.841899
2.118214 0.845473
2.112159 0.846313
2.113708 0.849962
2.106103 0.846753
2.093981 0.843660
2.107645 0.847632
2.075638 0.816349
2.055544 0.813921
2.063526 0.817605
2.082669 0.817090
2.078725 0.819588
2.080251 0.834138
2.059009 0.818262
2.080311 0.837738
2.078045 0.840106
2.074259 0.840032
2.074261 0.840738
2.059054 0.835455
2.060779 0.836474
2.062223 0.841971
2.059988 0.843850
2.045324 0.815724
2.051416 0.819368
2.045391 0.824168
2.046866 0.829612
2.051448 0.832290
2.046907 0.823091
2.041088 0.827422
2.052995 0.834847
2.053498 0.838178
2.046373 0.831440
2.045738 0.832519
2.047659 0.839227
2.041391 0.839552
2.046975 0.849797
2.048505 0.845848
2.049446 0.846165
2.047238 0.849755
2.041445 0.845249
2.036330 0.842093
2.040908 0.846108
2.033297 0.840255
2.035062 0.845379
2.087548 0.841170
1.999325 0.822730
1.992942 0.822856
1.986356 0.822642
1.986430 0.828397
1.986246 0.828725
1.972833 0.815515
1.972613 0.815635
1.974116 0.822558
1.979093 0.823227
1.980178 0.823989
1.979841 0.828182
1.966512 0.819740
1.967607 0.823694
1.960459 0.821500
1.962012 0.826973
1.946785 0.813534
1.948471 0.815467
1.948340 0.819798
1.954274 0.823230
1.942279 0.818545
1.949796 0.820743
1.933974 0.810201
1.933906 0.815709
1.927872 0.815003
1.926666 0.815137
1.918259 0.821725
1.934657 0.808248
1.939405 0.810832
1.940129 0.813554
1.939937 0.816416
1.928589 0.812015
1.928429 0.812069
1.916504 0.816154
1.922561 0.815828
1.922572 0.820476
1.924120 0.823744
1.928633 0.821576
1.930708 0.823094
1.928962 0.823870
1.927026 0.826292
1.934923 0.828283
1.934708 0.828524
1.929055 0.829649
1.928660 0.832148
1.920191 0.824268
1.921456 0.826923
1.924136 0.829784
1.923602 0.831335
1.918317 0.830124
1.922610 0.835218
2.001662 0.823476
2.009044 0.831231
2.005332 0.831484
1.993822 0.820099
1.999883 0.821702
2.001437 0.827175
1.999898 0.827673
1.984695 0.825380
1.981732 0.829901
1.975669 0.827896
2.027252 0.845495
2.023902 0.848369
2.022745 0.849562
2.021203 0.848826
2.018815 0.849689
2.004685 0.837201
2.001472 0.841220
2.010294 0.839354
2.005985 0.845475
2.009390 0.851267
2.012884 0.847497
2.016698 0.853594
2.004594 0.857746
2.009925 0.857786
2.016380 0.863407
2.010960 0.865145
2.005888 0.867487
2.011873 0.870175
2.010856 0.870597
2.005680 0.872746
1.996841 0.835318
1.995418 0.842110
1.996018 0.844884
1.992875 0.844166
1.989379 0.849522
1.996065 0.850582
1.990922 0.851157
1.992936 0.861828
1.988674 0.850283
1.982003 0.848677
1.983339 0.856425
1.983254 0.856540
1.975602 0.848772
1.986430 0.861090
1.985599 0.861844
1.981522 0.865141
1.980536 0.870901
1.984925 0.874504
2.000406 0.868603
1.992526 0.875885
1.998530 0.877211
1.999819 0.873756
1.993051 0.873233
1.987644 0.869418
1.981884 0.867890
1.986606 0.873253
1.969617 0.829899
1.855817 0.811609
1.895355 0.815860
1.895322 0.815990
1.895128 0.821298
1.894772 0.821582
1.909252 0.817689
1.896469 0.812879
1.896803 0.820444
1.890723 0.811524
1.889739 0.811846
1.884058 0.813169
1.894148 0.818772
1.890069 0.818015
1.890908 0.824772
1.890791 0.824846
1.884525 0.819565
1.884691 0.821364
1.885704 0.827176
1.903881 0.813935
1.910446 0.815948
1.889221 0.825984
1.886985 0.830854
1.874215 0.821032
1.872583 0.823827
1.869095 0.827236
1.862772 0.813890
1.859627 0.811437
1.861242 0.819688
1.862912 0.825132
1.866180 0.826922
1.866818 0.828014
1.879030 0.838026
1.873121 0.838953
1.872623 0.839711
1.878679 0.839192
1.859401 0.828411
1.867201 0.833077
1.866222 0.832597
1.863134 0.836400
1.879478 0.833172
1.873704 0.834340
1.849752 0.808255
1.843696 0.808651
1.837643 0.810389
1.839264 0.813875
1.823989 0.810557
1.830047 0.811096
1.825540 0.815342
1.833141 0.816976
1.827169 0.820740
1.827110 0.820775
1.804290 0.815624
1.798244 0.820312
1.811881 0.813252
1.799775 0.817189
1.792184 0.819196
1.787700 0.822458
1.780102 0.817721
1.772475 0.820045
1.780155 0.823431
1.780080 0.823465
1.767950 0.817503
1.761896 0.818715
1.760359 0.819483
1.754309 0.822663
1.751238 0.826539
1.734605 0.825601
1.742204 0.826491
1.787661 0.817018
1.793725 0.819698
1.751357 0.833253
1.745312 0.837656
1.708831 0.823899
1.706679 0.828854
1.723672 0.826198
1.730095 0.828521
1.710374 0.825078
1.703712 0.826305
1.703474 0.830428
1.691085 0.831313
1.692070 0.827370
1.697448 0.831153
1.697373 0.836653
1.691551 0.837717
1.689936 0.844772
1.679521 0.833598
1.673354 0.834095
1.686183 0.840169
1.674062 0.837564
1.685202 0.856607
1.684552 0.853797
1.681689 0.849364
1.682475 0.855436
1.676479 0.856229
1.682331 0.860795
1.676290 0.861504
1.681460 0.864946
1.675673 0.865855
1.675638 0.866013
1.630418 0.815813
1.617838 0.811600
1.619393 0.817495
1.623594 0.815207
1.624650 0.816966
1.625459 0.821032
1.625915 0.824710
1.628058 0.829324
1.604188 0.812960
1.592076 0.814130
1.586003 0.808139
1.585351 0.810423
1.579957 0.812402
1.599660 0.809197
1.605725 0.812201
1.593602 0.808839
1.587554 0.812562
1.592448 0.811496
1.573406 0.812060
1.566301 0.811781
1.558637 0.808954
1.552158 0.808919
1.554487 0.812290
1.546589 0.811542
1.575397 0.807100
1.574260 0.807914
1.561781 0.811209
1.658055 0.856868
1.654379 0.848849
1.652834 0.846970
1.657248 0.851302
1.646608 0.843788
1.663222 0.855645
1.668143 0.864278
1.668072 0.864259
1.668088 0.861288
1.660742 0.859325
1.655978 0.854306
1.655671 0.854257
1.649865 0.850082
1.628290 0.828745
1.623102 0.827007
1.620884 0.821527
1.627458 0.832151
1.629752 0.837541
1.633107 0.840736
1.641998 0.841742
1.635995 0.839617
1.639939 0.844818
1.640715 0.845437
1.335781 0.836798
1.319011 0.830608
1.323862 0.835099
1.310193 0.828924
1.304240 0.826810
1.540420 0.810889
1.540904 0.811032
1.540811 0.817169
1.542079 0.814827
1.529973 0.818328
1.535193 0.818580
1.528966 0.820806
1.540547 0.817999
1.534493 0.819293
1.528438 0.820173
1.516344 0.828488
1.515445 0.829209
1.516353 0.832111
1.522415 0.833727
1.523605 0.827041
1.525055 0.834508
1.527369 0.837900
1.534086 0.853986
1.531603 0.853824
1.533943 0.856888
1.531614 0.858319
1.537848 0.861993
1.535534 0.867886
1.534722 0.869328
1.529279 0.875314
1.513468 0.868260
1.521069 0.870241
1.516570 0.877091
1.501357 0.869856
1.496849 0.873742
1.510514 0.877827
1.476919 0.828001
1.472410 0.830926
1.474978 0.832567
1.480278 0.837623
1.464799 0.825529
1.460294 0.830656
1.479807 0.843333
1.443526 0.817386
1.437475 0.819781
1.431431 0.825178
1.451003 0.821209
1.451135 0.821713
1.441734 0.822264
1.432967 0.823467
1.473956 0.833673
1.476396 0.835208
1.473965 0.837295
1.473203 0.839799
1.473567 0.846029
1.468395 0.842607
1.468936 0.849127
1.477027 0.852045
1.476438 0.856510
1.487685 0.863020
1.482222 0.866579
1.489243 0.870137
1.477114 0.864286
1.540054 0.870184
1.536430 0.876219
1.536282 0.877440
1.524179 0.882096
1.518119 0.881287
1.422039 0.830179
1.413284 0.834693
1.407223 0.833207
1.420859 0.826180
1.419855 0.825735
1.419858 0.831361
1.414501 0.827608
1.414244 0.832780
1.408756 0.830598
1.399173 0.835528
1.396658 0.837569
1.389054 0.834504
1.376950 0.838700
1.369346 0.836110
1.363292 0.837364
1.383842 0.835993
1.355698 0.838924
1.350897 0.834876
1.349642 0.839508
1.325667 0.835907
1.270734 0.815141
1.282863 0.820926
1.296519 0.821678
1.298383 0.821642
1.264165 0.811481
1.249474 0.812080
1.255533 0.812768
1.257070 0.811442
1.243467 0.816748
1.243429 0.816734
1.237380 0.820043
1.244966 0.815726
1.239251 0.820515
1.238240 0.824430
1.238150 0.829912
1.239417 0.826406
1.238941 0.828585
1.205569 0.825866
1.212817 0.830745
1.193443 0.821730
1.185842 0.819927
1.174425 0.818844
1.187390 0.823387
1.208893 0.826180
1.231945 0.830331
1.220776 0.831353
1.219493 0.831107
1.220305 0.838090
1.212719 0.837058
1.213195 0.837414
1.194991 0.824928
1.052472 0.817464
1.055340 0.821079
1.050797 0.818557
1.167340 0.813432
1.164542 0.817184
1.167995 0.814545
1.167662 0.817063
1.169209 0.820142
1.168104 0.820336
1.161105 0.813812
1.159483 0.814891
1.160072 0.819617
1.161619 0.822591
1.147971 0.825040
1.155565 0.823935
1.162080 0.815473
1.163161 0.823656
1.141919 0.827332
1.128267 0.827844
1.117687 0.825885
1.117098 0.827065
1.143454 0.825147
1.131343 0.826971
1.130079 0.827174
1.122218 0.831191
1.116164 0.832795
1.110901 0.827506
1.104112 0.832564
1.104052 0.833776
1.090387 0.829352
1.089741 0.830142
1.098043 0.827607
1.085283 0.827872
1.084330 0.829668
1.072206 0.826061
1.066141 0.823095
1.037284 0.819997
1.038832 0.822997
1.046173 0.816059
1.045812 0.821042
1.040375 0.824117
1.026733 0.829131
1.017083 0.831104
1.022228 0.834637
1.012404 0.840034
1.016263 0.836920
1.015977 0.842032
1.016192 0.842701
1.013315 0.845581
1.012640 0.848430
1.010160 0.852706
1.008618 0.851556
0.996489 0.845968
0.997615 0.847332
0.998043 0.851819
0.979702 0.825456
0.981576 0.832858
0.981261 0.832807
0.967590 0.826080
0.969147 0.833158
0.968302 0.833776
0.961534 0.826840
0.962572 0.833483
0.963097 0.836346
0.985055 0.834680
0.988875 0.839618
0.982801 0.832880
0.984359 0.840006
0.970689 0.833961
0.966773 0.848011
0.964128 0.847338
0.962780 0.848459
0.965223 0.849189
0.956109 0.832368
0.958528 0.837757
0.956420 0.839616
0.955951 0.846447
0.958589 0.840159
0.954808 0.843733
0.954433 0.849401
0.958084 0.851866
0.956739 0.851410
0.951176 0.858531
0.944987 0.860359
0.932880 0.863644
0.958640 0.860045
0.958101 0.860269
0.954119 0.858246
0.952576 0.857386
0.948069 0.861261
0.946523 0.859176
0.941899 0.862082
0.937339 0.868234
0.942023 0.865849
1.011222 0.850537
0.882555 0.868206
0.875305 0.871392
0.873537 0.872711
0.920784 0.870584
0.908657 0.866167
0.923874 0.874815
0.929930 0.874639
0.901056 0.864845
0.896540 0.865548
0.890491 0.868232
0.876848 0.872832
0.878389 0.873170
0.856180 0.866229
0.849516 0.863806
0.845072 0.867463
0.844899 0.873136
0.859933 0.868573
0.864736 0.873944
0.870796 0.875314
0.865737 0.873574
0.865541 0.872217
0.851064 0.866860
0.857119 0.866644
0.845009 0.867895
0.869260 0.876790
0.845044 0.881966
0.843902 0.892966
0.839032 0.870929
0.839152 0.871267
0.841693 0.876260
0.840522 0.879957
0.843254 0.884515
0.841038 0.885685
0.841411 0.887583
0.840539 0.896050
0.840707 0.893246
0.842587 0.904286
0.836076 0.908251
0.834638 0.910818
0.828502 0.917733
0.831205 0.913344
0.825521 0.916355
0.824120 0.923498
0.741741 0.832725
0.749671 0.839487
0.744842 0.840853
0.758237 0.846379
0.759014 0.851951
0.746397 0.847061
0.752544 0.849796
0.752462 0.850060
0.757444 0.852939
0.752265 0.855083
0.746839 0.856831
0.747972 0.860848
0.752228 0.863896
0.749878 0.861372
0.755589 0.868987
0.729625 0.832640
0.731168 0.833615
0.737229 0.834951
0.738504 0.842434
0.732683 0.843519
0.732596 0.843618
0.722017 0.827974
0.716596 0.831441
0.718547 0.830238
0.717508 0.831274
0.715522 0.837116
0.709918 0.834145
0.705409 0.837683
0.698541 0.839097
0.699367 0.843663
0.706956 0.840366
0.694854 0.845724
0.687749 0.849587
0.743160 0.850859
0.740370 0.859176
0.733574 0.850639
0.741918 0.862617
0.731898 0.857763
0.753993 0.869332
0.749104 0.881169
0.755601 0.873571
0.754097 0.875021
0.751158 0.878082
0.751891 0.889272
0.754461 0.897405
0.752410 0.894862
0.754071 0.903090
0.757018 0.899923
0.756405 0.905617
0.812288 0.925330
0.793082 0.925613
0.805835 0.926160
0.811895 0.927469
0.810351 0.925881
0.798993 0.930307
0.798249 0.930645
0.792950 0.931004
0.792195 0.931541
0.760476 0.908028
0.765397 0.915887
0.786122 0.925979
0.772835 0.917829
0.778520 0.923554
0.671631 0.844911
0.676181 0.851891
0.668468 0.844147
0.662316 0.844671
0.655813 0.844594
0.662651 0.850840
0.669416 0.851364
0.675110 0.861286
0.656500 0.856965
0.663059 0.858050
0.661969 0.860911
0.656208 0.862083
0.668023 0.865868
0.655473 0.862236
0.634128 0.826083
0.628072 0.826241
0.626530 0.825434
0.649155 0.836206
0.650206 0.841723
0.650028 0.853039
0.649399 0.855781
0.649350 0.855795
0.653137 0.861102
0.647932 0.859045
0.618938 0.827528
0.614422 0.828203
0.621861 0.830561
0.600747 0.819873
0.606813 0.823673
0.599215 0.823110
0.604782 0.824363
0.608364 0.828059
0.587106 0.825597
0.588643 0.824200
0.576534 0.826618
0.574999 0.828621
0.568723 0.828063
0.567814 0.832166
0.555310 0.837645
0.537554 0.852447
0.525072 0.856914
0.505341 0.849112
0.506276 0.854134
0.508168 0.866340
0.496536 0.831778
0.490098 0.830500
0.495284 0.836779
0.493481 0.834194
0.486203 0.829372
0.498427 0.839298
0.497939 0.842114
0.498718 0.846672
0.494344 0.850178
0.500345 0.855018
0.484093 0.826828
0.477975 0.827053
0.485578 0.829274
0.487136 0.836472
0.479524 0.830766
0.488711 0.850534
0.487492 0.857355
0.456707 0.820301
0.449013 0.825221
0.444573 0.820025
0.439116 0.821709
0.438545 0.824360
0.444608 0.826697
0.464308 0.821939
0.465863 0.827908
0.453058 0.823451
0.446132 0.820956
0.440092 0.827185
0.446149 0.827401
0.446153 0.829002
0.440099 0.830138
0.453752 0.829567
0.447704 0.833506
0.488261 0.862038
0.482617 0.863411
0.487534 0.866454
0.482142 0.868231
0.482703 0.874795
0.482645 0.874824
0.476643 0.868541
0.476649 0.871041
0.481519 0.880605
0.432499 0.828899
0.427069 0.828793
0.426442 0.829162
0.420377 0.826077
0.418937 0.825985
0.418837 0.826040
0.412973 0.826812
0.412782 0.827106
0.408865 0.832579
0.427974 0.825984
0.434051 0.833650
0.432372 0.829850
0.433183 0.838197
0.400675 0.829791
0.399911 0.832199
0.394618 0.830208
0.393576 0.832404
0.408266 0.827883
0.396156 0.829532
0.387474 0.832997
0.390109 0.833778
0.384059 0.836365
0.390716 0.834596
0.388945 0.835464
0.382527 0.839681
0.323381 0.835333
0.371522 0.844383
0.370430 0.846192
0.364370 0.845879
0.363851 0.847946
0.352261 0.848274
0.350649 0.847470
0.338583 0.838236
0.340186 0.840352
0.341684 0.842955
0.344466 0.847930
0.334027 0.846691
0.337065 0.846792
0.346203 0.847505
0.330982 0.837218
0.326472 0.840179
0.332529 0.839962
0.556906 0.835533
0.553181 0.841481
0.546477 0.847875
0.547798 0.853380
0.546313 0.852616
0.547795 0.856148
0.538728 0.857583
0.531577 0.860836
0.534999 0.864625
0.544253 0.864980
0.541833 0.867408
0.529553 0.869476
0.530894 0.874972
0.536329 0.880027
0.536409 0.872630
0.534407 0.871724
0.533793 0.877424
0.539263 0.882452
0.539205 0.879620
0.538510 0.885323
0.520576 0.865359
0.521465 0.869189
0.521157 0.874299
0.516229 0.868194
0.507624 0.867642
0.514533 0.871208
0.511885 0.874330
0.509881 0.880210
0.515581 0.875776
0.515558 0.881361
0.509774 0.876872
0.510170 0.877543
0.538168 0.888224
0.529791 0.896440
0.540597 0.890722
0.537385 0.894934
0.531342 0.900937
0.516359 0.888326
0.523741 0.898745
0.511602 0.889482
0.514244 0.893703
0.511231 0.890559
0.515983 0.899130
0.519228 0.900757
0.543044 0.893249
0.538932 0.897711
0.526831 0.903026
0.520779 0.905384
0.527750 0.907894
0.478186 0.869864
0.474849 0.872854
0.478199 0.874877
0.482448 0.877621
0.485816 0.883141
0.484278 0.884086
0.487504 0.888345
0.487621 0.891102
0.497960 0.894217
0.504017 0.894202
0.503649 0.894302
0.497189 0.894303
0.486180 0.894149
0.506098 0.892808
0.500188 0.893747
0.505555 0.893370
0.499501 0.894850
0.303659 0.831228
0.305448 0.833051
0.284969 0.823159
0.290001 0.829819
0.283734 0.829832
0.270272 0.823471
0.277881 0.828207
0.279432 0.832537
0.273377 0.833384
0.274037 0.837741
0.281992 0.846963
0.292436 0.852959
0.279460 0.843724
0.278776 0.846090
0.275263 0.847710
0.279479 0.851255
0.274032 0.854576
0.265581 0.823137
0.264216 0.824319
0.259708 0.827733
0.265986 0.823826
0.266790 0.830796
0.261261 0.833214
0.252107 0.826598
0.246050 0.826360
0.247391 0.831138
0.247602 0.831262
0.237980 0.825790
0.226963 0.823362
0.227204 0.829378
0.231208 0.824536
0.233939 0.827891
0.227870 0.823426
0.221263 0.824654
0.253662 0.832351
0.255213 0.836892
0.243184 0.870326
0.229519 0.866119
0.231072 0.871689
0.225018 0.873081
0.212657 0.816100
0.214712 0.820809
0.210943 0.821229
0.214221 0.825604
0.208164 0.825589
0.206623 0.825036
0.192964 0.823532
0.194513 0.826949
0.200570 0.826623
0.201012 0.817560
0.202114 0.828455
0.217871 0.828873
0.212685 0.827139
0.194309 0.839616
0.187707 0.822505
0.187967 0.826678
0.188442 0.821833
0.193828 0.823152
0.181421 0.822796
0.175763 0.824156
0.181516 0.828571
0.176273 0.830627
0.174808 0.829930
0.182385 0.822029
0.182441 0.844036
0.188500 0.844545
0.185533 0.849066
0.202167 0.849511
0.196114 0.851263
0.203178 0.853116
0.217516 0.859847
0.209801 0.863968
0.217085 0.867803
0.218764 0.865008
0.213365 0.863146
0.220089 0.870814
0.203722 0.855413
0.199203 0.854908
0.205266 0.856837
0.203940 0.855782
0.191949 0.851493
0.168753 0.830549
0.163410 0.830718
0.161591 0.829624
0.164355 0.832333
0.164243 0.834048
0.170302 0.834457
0.156646 0.834139
0.161547 0.833203
0.162720 0.840339
0.162727 0.843263
0.164276 0.846897
0.170335 0.847499
0.156168 0.835005
0.151562 0.838140
0.157652 0.843122
0.151867 0.844263
0.139790 0.845693
0.162628 0.846270
0.163003 0.846891
0.159452 0.849567
0.172206 0.851505
0.165828 0.851457
0.152931 0.847531
0.152177 0.852864
0.144517 0.848374
0.144569 0.848915
0.137996 0.851986
0.140064 0.853323
0.147672 0.857992
0.130262 0.852865
0.126548 0.853288
0.133119 0.858167
0.127531 0.858017
0.128735 0.860072
0.125958 0.858977
0.127968 0.860841
0.127987 0.868696
0.129147 0.869890
0.125920 0.875899
0.129532 0.870667
0.134576 0.872066
0.133417 0.877832
0.136090 0.880333
0.207747 0.901920
0.129579 0.883929
0.128836 0.888313
0.137003 0.885856
0.137116 0.897124
0.144726 0.901860
0.139068 0.894680
0.139590 0.905265
0.134380 0.903080
0.138760 0.906533
0.135778 0.908584
0.136333 0.911274
0.140305 0.908647
0.134256 0.911899
0.133569 0.913119
0.170606 0.914282
0.174403 0.915453
0.164648 0.916532
0.164555 0.916664
0.158494 0.915204
0.144840 0.915185
0.152443 0.917678
0.152075 0.917931
0.145213 0.916600
0.145824 0.923248
0.138785 0.916367
0.133339 0.918345
0.138960 0.922576
0.145111 0.930011
0.146418 0.930354
0.140357 0.929079
0.140772 0.931224
0.133887 0.930512
0.140511 0.936419
0.135166 0.938276
0.318861 0.834518
0.317481 0.834468
0.317305 0.834460
0.312812 0.838053
0.311276 0.839365
0.308371 0.841133
0.299151 0.835635
0.300435 0.836380
0.304795 0.840764
0.305546 0.842025
0.301232 0.841930
0.307047 0.846934
0.305201 0.847072
0.312400 0.849099
0.306863 0.849860
0.306787 0.850491
0.304180 0.852910
0.299174 0.844318
0.300726 0.849252
0.298940 0.847402
0.301054 0.850962
0.300742 0.855623
0.300490 0.856076
0.299202 0.855467
0.288655 0.832088
0.293090 0.833743
0.287641 0.838918
0.280400 0.837579
0.293480 0.849075
0.286585 0.848341
0.288198 0.845464
0.294664 0.847527
0.293720 0.860725
0.297495 0.859213
0.296236 0.860225
0.290147 0.865588
0.280110 0.844306
0.274597 0.844298
0.272559 0.856427
0.275200 0.861778
0.266766 0.859888
0.270837 0.865700
0.325565 0.893320
0.312562 0.887576
0.312879 0.894037
0.305857 0.887155
0.288657 0.867277
0.287420 0.871608
0.274574 0.866742
0.276537 0.864912
0.282599 0.867411
0.282225 0.868729
0.282998 0.870027
0.282609 0.870802
0.278262 0.875498
0.276120 0.874945
0.285490 0.877462
0.284837 0.878749
0.282519 0.877796
0.278016 0.872528
0.278097 0.872962
0.287033 0.888585
0.276572 0.879055
0.278121 0.882402
0.283207 0.880607
0.300396 0.894458
0.286141 0.886572
0.280122 0.887322
0.281006 0.894432
0.285442 0.896611
0.284216 0.902958
0.280596 0.904941
0.279726 0.908489
0.279469 0.909139
0.279482 0.911902
0.271419 0.872291
0.251255 0.870098
0.253846 0.875456
0.252333 0.875282
0.270133 0.873570
0.272049 0.876602
0.272060 0.881147
0.266006 0.882424
0.255243 0.880887
0.256828 0.880783
0.256864 0.880804
0.258407 0.881842
0.259954 0.884659
0.271091 0.882962
0.264800 0.883243
0.271511 0.889291
0.264685 0.888676
0.264482 0.888792
0.272597 0.887355
0.267194 0.887303
0.267566 0.890585
0.239326 0.872631
0.238672 0.872719
0.232614 0.872464
0.225176 0.873041
0.256823 0.900395
0.255301 0.900248
0.262530 0.907161
0.255587 0.906339
0.256136 0.912875
0.273692 0.917566
0.255516 0.916217
0.261579 0.918214
0.242996 0.901295
0.248883 0.905919
0.243000 0.906897
0.243996 0.914197
0.235789 0.910085
0.238339 0.910957
0.239430 0.913621
0.248627 0.916727
0.242928 0.923623
0.236143 0.917452
0.233705 0.917122
0.232072 0.922958
0.275421 0.907119
0.269545 0.908111
0.270145 0.914736
0.275228 0.915859
0.269669 0.919528
0.269183 0.921227
0.263110 0.914914
0.223917 0.901801
0.216036 0.893728
0.215895 0.893785
0.216458 0.900089
0.214298 0.899594
0.209149 0.898647
0.203031 0.899225
0.214425 0.905215
0.212821 0.902628
0.201990 0.903089
0.197897 0.907031
0.197967 0.907070
0.191605 0.901765
0.191831 0.903523
0.195978 0.909464
0.190318 0.914144
0.189090 0.916570
0.192352 0.914235
0.184942 0.918234
0.187746 0.922378
0.184931 0.923841
0.184286 0.924206
0.178352 0.918014
0.177718 0.917835
0.174089 0.915407
0.172145 0.913772
0.178578 0.924017
0.175501 0.923733
0.178233 0.925629
0.157589 0.914463
0.153982 0.917726
0.154795 0.928844
0.151617 0.926402
0.155351 0.934023
0.148561 0.932386
0.147964 0.932991
0.144711 0.938462
0.149515 0.937466
0.143265 0.941040
0.141926 0.940518
0.137403 0.938478
0.106705 0.856362
0.112676 0.860559
0.106160 0.860294
0.100663 0.862398
0.089711 0.849048
0.095757 0.854029
0.090330 0.851766
0.094183 0.856234
0.080913 0.847531
0.080243 0.848895
0.079878 0.853915
0.082463 0.851580
0.082772 0.853183
0.088830 0.857568
0.088560 0.857643
0.072724 0.847124
0.067259 0.847661
0.074860 0.849225
0.053505 0.839065
0.053577 0.837028
0.058567 0.841344
0.062738 0.846620
0.074608 0.861524
0.067283 0.857337
0.067859 0.861042
0.065136 0.860336
0.047746 0.876322
0.108231 0.851116
0.115209 0.853432
0.114294 0.853481
0.107760 0.851739
0.121707 0.862307
0.121917 0.863584
0.123729 0.864859
0.102078 0.853065
0.101693 0.853293
0.096131 0.856999
0.101837 0.858255
0.101158 0.862722
0.095204 0.857956
0.094178 0.859769
0.096426 0.865639
0.089665 0.865124
0.102370 0.867282
0.083046 0.859249
0.083512 0.865642
0.083501 0.866607
0.027795 0.831865
0.041456 0.834804
0.020207 0.835664
0.014966 0.840682
0.011729 0.846700
0.015705 0.841813
0.013766 0.843581
0.013446 0.849259
0.013437 0.846425
0.037028 0.870110
0.040799 0.874345
0.030968 0.868940
0.030106 0.868335
0.031164 0.870104
0.044639 0.875310
0.045222 0.877643
0.038578 0.874011
0.032525 0.875361
0.039704 0.879233
0.033223 0.879194
0.014624 0.857548
0.015450 0.863097
0.014161 0.860408
0.018920 0.865493
0.018868 0.865541
0.024526 0.875430
0.015230 0.874431
0.024914 0.870233
0.024916 0.871059
0.027588 0.878579
0.025834 0.876002
-0.014564 0.848764
-0.010621 0.849178
-0.010920 0.851998
0.009703 0.863373
-0.002403 0.866991
0.003654 0.866976
-0.001828 0.868933
-0.001526 0.875068
-0.013726 0.855175
-0.010025 0.857103
-0.014386 0.858302
-0.014526 0.863770
-0.008863 0.867975
-0.008448 0.871781
-0.013956 0.870255
-0.013736 0.876246
0.011249 0.866258
0.012797 0.869156
0.006754 0.875040
0.000702 0.876853
0.001067 0.875999
0.004835 0.881156
-0.004789 0.879434
0.052295 0.898339
0.121586 0.881364
0.128200 0.912698
0.127053 0.913020
0.125599 0.915279
0.127220 0.918917
0.125567 0.920908
0.066346 0.903065
0.067531 0.907799
0.075132 0.916321
0.053838 0.899860
0.061444 0.903146
0.062993 0.906732
0.056449 0.908162
0.069050 0.916070
0.078536 0.920618
0.126018 0.926492
0.127636 0.931953
0.076657 0.923699
0.076695 0.925615
0.078244 0.929322
0.082185 0.937146
0.078125 0.940364
0.078807 0.943180
0.079612 0.945840
0.078291 0.947969
0.073579 0.948949
0.072573 0.952860
0.065951 0.955800
0.060148 0.959281
0.044648 0.879101
0.040757 0.882751
0.033226 0.884810
0.032556 0.888130
0.026478 0.879873
0.025686 0.881674
0.025245 0.882259
0.027524 0.886091
0.026500 0.888068
0.020428 0.882341
0.019878 0.884083
0.021081 0.886117
0.015005 0.885632
0.020963 0.890605
0.024444 0.895871
0.021994 0.893221
0.022088 0.893263
0.027705 0.898269
0.046241 0.899981
0.034128 0.900781
-0.014493 0.877020
0.001331 0.881627
-0.000822 0.883320
0.007003 0.895410
0.001448 0.896916
0.014193 0.891003
0.002945 0.886995
0.002020 0.892258
0.008337 0.892208
-0.003280 0.884900
-0.009079 0.885552
-0.011910 0.884934
-0.016526 0.883608
-0.011400 0.882274
-0.011004 0.886468
-0.016645 0.887861
-0.006867 0.888143
-0.002538 0.890461
-0.006852 0.888218
-0.009902 0.888528
-0.006035 0.895211
-0.012977 0.888868
-0.015025 0.891858
-0.012922 0.888989
-0.012482 0.895229
0.049331 0.903928
0.047789 0.903174
0.043528 0.902085
0.041732 0.903401
0.029599 0.896198
-0.014235 0.938057
0.018207 0.937099
0.021121 0.941197
0.019142 0.942669
0.023588 0.946560
0.021617 0.944022
0.054096 0.961132
0.048043 0.963117
0.055636 0.961481
0.049574 0.959629
0.034378 0.958720
0.040548 0.958934
0.041969 0.956726
0.035918 0.959163
0.027687 0.954522
0.028314 0.956117
0.011925 0.937395
0.014620 0.940748
0.014124 0.941086
0.013084 0.942761
0.007034 0.945250
0.009776 0.948112
0.002527 0.949577
-0.012696 0.938015
-0.011143 0.943348
-0.006629 0.942032
-0.017776 0.941749
-0.017198 0.944292
-0.003535 0.947616
0.126120 0.929285
0.129800 0.936083
