3.448264 0.865155
3.435316 0.864995
3.422674 0.865944
3.402921 0.866846
3.409441 0.867196
3.390040 0.866931
3.377903 0.869701
3.370789 0.867894
3.371891 0.871295
3.364985 0.867321
3.365404 0.871168
3.357680 0.867427
3.351836 0.867057
3.344374 0.865119
3.326065 0.866711
3.313253 0.866901
3.306768 0.866781
3.305790 0.865582
3.294428 0.868097
3.293772 0.868783
3.281642 0.871585
3.274982 0.868499
3.268106 0.866968
3.256027 0.869957
3.249917 0.871194
3.242702 0.870760
3.229975 0.871402
3.217577 0.873231
3.199645 0.876076
3.199029 0.876157
3.193705 0.880239
3.167710 0.879564
3.161178 0.879274
3.174372 0.882668
3.167650 0.881693
3.160708 0.879924
3.148344 0.879526
3.135859 0.881045
3.128776 0.878761
3.103750 0.881592
3.096970 0.880405
3.085083 0.884091
3.079079 0.885109
3.080629 0.891258
3.023381 0.887000
3.014421 0.885217
3.025639 0.892439
3.141805 0.879234
3.122172 0.880564
3.109372 0.880316
3.096477 0.880972
3.090556 0.882891
3.085783 0.886529
3.085605 0.892527
3.088264 0.894311
3.019718 0.883377
3.050390 0.904943
3.051933 0.909998
3.081994 0.905319
3.078454 0.909148
3.078270 0.913148
3.066757 0.915833
3.061065 0.917229
3.055011 0.918767
3.053627 0.915014
3.066315 0.916577
3.059367 0.914786
3.033626 0.888868
3.044324 0.904785
3.027558 0.888196
3.027833 0.888330
3.026387 0.894632
3.029113 0.895341
3.032379 0.907526
3.021179 0.907806
3.026156 0.908884
3.045876 0.911389
3.033767 0.914522
3.035307 0.919035
3.036856 0.925088
3.041366 0.918284
3.027752 0.914772
3.001002 0.883353
2.994046 0.882018
2.980853 0.878172
2.967889 0.877956
2.941674 0.876479
2.934835 0.877392
2.922433 0.876898
2.921803 0.876931
2.916076 0.876640
2.908302 0.876110
2.896458 0.876292
2.896194 0.877656
2.890559 0.876723
2.869821 0.872902
2.875891 0.874007
2.862469 0.872358
2.855155 0.870803
2.849215 0.871095
2.999783 0.881288
2.987025 0.881816
2.973102 0.878141
2.960727 0.880050
2.953781 0.878271
2.921251 0.877296
2.908254 0.876961
2.842523 0.870378
2.829446 0.867261
2.816406 0.866770
2.803495 0.869089
2.797555 0.868604
2.797076 0.869210
2.842727 0.868626
2.786306 0.874599
2.784966 0.872080
2.780136 0.877942
2.778881 0.874929
2.766768 0.877518
2.768307 0.881744
2.747044 0.874427
2.748580 0.878125
2.754643 0.878111
2.756190 0.883819
2.740987 0.875578
2.733393 0.872766
2.721897 0.875006
2.727338 0.874229
2.714517 0.873972
2.707391 0.871539
2.709155 0.875947
2.728869 0.877345
2.710701 0.881477
2.696016 0.877062
2.690033 0.881119
2.684950 0.884541
2.678095 0.884606
2.680436 0.890768
2.669269 0.889804
2.668404 0.893904
2.660421 0.890684
2.648617 0.893212
2.655607 0.896635
2.640720 0.890604
2.635667 0.894495
2.634971 0.892551
2.643277 0.896380
2.636792 0.896259
2.642566 0.895660
2.630449 0.897543
2.622859 0.895404
2.653141 0.888877
2.616899 0.896625
2.604686 0.898564
2.591918 0.899620
2.579046 0.899735
2.572580 0.899683
2.559214 0.899183
2.603153 0.895312
2.577948 0.898120
2.571637 0.898630
2.547136 0.901004
2.528264 0.902758
2.507670 0.898607
2.534211 0.903270
2.520914 0.901855
2.514125 0.900638
2.506647 0.896936
2.480863 0.894665
2.482433 0.898039
2.475831 0.897698
2.495546 0.899323
2.467922 0.894532
2.463435 0.899340
2.456076 0.898361
2.450077 0.900380
2.460653 0.893765
2.448736 0.897507
2.438900 0.906257
2.437972 0.904461
2.427404 0.912157
2.431937 0.906741
2.424173 0.910942
2.421761 0.916608
2.416475 0.923168
2.406285 0.932983
2.406936 0.937683
2.396993 0.941202
2.397070 0.948668
2.402969 0.949021
2.390391 0.945530
2.393341 0.960856
2.386905 0.958594
2.381621 0.962827
2.387213 0.966174
2.376828 0.971147
2.369845 0.966921
2.357490 0.971217
2.351529 0.966307
2.276558 0.901768
2.283361 0.905668
2.276370 0.905372
2.289469 0.914211
2.294058 0.921548
2.290486 0.912797
2.293384 0.918057
2.303023 0.930569
2.301937 0.936301
2.311845 0.941464
2.314524 0.945233
2.303980 0.944193
2.322826 0.946859
2.319220 0.944815
2.320340 0.953527
2.328167 0.956166
2.334349 0.960811
2.335726 0.960180
2.256026 0.897101
2.261969 0.896394
2.242012 0.895622
2.243628 0.897756
2.263308 0.898932
2.236406 0.894573
2.236290 0.894537
2.228607 0.892413
2.215512 0.891724
2.202932 0.890122
2.196221 0.889623
2.202306 0.890633
2.189048 0.889353
2.164264 0.887803
2.156453 0.888146
2.149519 0.886407
2.143115 0.884229
2.130043 0.883624
2.117101 0.883485
2.116825 0.884842
2.110546 0.880268
2.110410 0.882619
2.103516 0.883380
2.097904 0.881744
2.091469 0.881810
2.096639 0.881848
2.083550 0.880702
2.077624 0.880721
2.071366 0.881422
2.084025 0.882896
2.077091 0.881159
2.058912 0.880734
2.064348 0.881741
2.052076 0.881659
2.039413 0.882531
2.025832 0.877760
2.018703 0.877638
2.013956 0.881490
2.005761 0.877498
2.007427 0.881207
1.999905 0.879656
1.995223 0.883900
1.988687 0.888104
1.983118 0.887650
1.983399 0.892303
1.958263 0.892405
1.971814 0.897075
1.971549 0.898481
1.965411 0.899612
1.958475 0.897870
1.946649 0.897082
1.951735 0.894460
1.945092 0.893772
1.914913 0.875624
1.917377 0.878325
1.917922 0.885203
1.921210 0.879799
1.923993 0.886155
1.933146 0.896819
1.934685 0.901225
1.922763 0.897330
2.377211 0.977229
2.371114 0.976149
2.364681 0.976220
2.364599 0.978287
2.358946 0.977679
2.345772 0.972424
2.336546 0.967814
1.902642 0.875578
1.909792 0.878109
1.902367 0.876921
1.889697 0.877765
1.870883 0.876711
1.877766 0.881280
1.864827 0.877988
1.864464 0.877513
1.858284 0.878503
1.865063 0.882009
1.864724 0.883147
1.851439 0.879407
1.852226 0.884608
1.846101 0.881113
1.839062 0.878725
1.838874 0.880629
1.832685 0.879257
1.826308 0.881855
1.820110 0.882774
1.825430 0.880429
1.807250 0.882379
1.807496 0.886177
1.800630 0.882323
1.795574 0.885067
1.801209 0.886256
1.801399 0.887460
1.782583 0.884751
1.781493 0.884523
1.787549 0.883105
1.787188 0.882748
1.781084 0.884001
1.788861 0.886433
1.782930 0.888318
1.776301 0.885371
1.768662 0.885739
1.776402 0.888042
1.770247 0.889117
1.764857 0.891739
1.758633 0.893792
1.752957 0.896603
1.757083 0.890524
1.751214 0.891598
1.733633 0.896720
1.739014 0.895170
1.746813 0.897723
1.726984 0.895960
1.720461 0.895752
1.720487 0.898167
1.726998 0.898419
1.714283 0.896744
1.708069 0.897610
1.714229 0.898870
1.713346 0.896618
1.708112 0.900083
1.707293 0.898530
1.694721 0.898323
1.696279 0.901648
1.690485 0.904036
1.681916 0.898682
1.683057 0.901846
1.670007 0.899960
1.693639 0.896208
1.663157 0.900838
1.637451 0.901214
1.645172 0.904175
1.650316 0.901071
1.625453 0.902004
1.623704 0.898164
1.617862 0.899562
1.605749 0.902132
1.613346 0.905454
1.655755 0.898784
1.610275 0.897828
1.592741 0.900541
1.599693 0.903410
1.585719 0.900792
1.573935 0.905334
1.581525 0.907723
1.563349 0.913243
1.590560 0.896236
1.584504 0.897716
1.562240 0.911561
1.556681 0.914790
1.555789 0.913223
1.532276 0.917548
1.506201 0.916584
1.500016 0.917548
1.544441 0.917192
1.543786 0.917190
1.531274 0.916241
1.518060 0.915122
1.512456 0.920543
1.506537 0.922466
1.493012 0.917868
1.487549 0.915764
1.460278 0.890488
1.459021 0.890338
1.448032 0.889990
1.454099 0.890294
1.453388 0.888909
1.446618 0.885406
1.447374 0.890489
1.469306 0.899166
1.471061 0.899393
1.457179 0.899475
1.434865 0.887257
1.440427 0.885182
1.434527 0.888346
1.441635 0.888413
1.439686 0.888960
1.428539 0.890027
1.421918 0.887104
1.429225 0.894849
1.482177 0.911079
1.415660 0.887809
1.408636 0.893909
1.416213 0.892570
1.417579 0.899396
1.410180 0.897677
1.407588 0.900130
1.411652 0.901296
1.408698 0.904654
1.404097 0.894478
1.403842 0.894052
1.406344 0.905438
1.407196 0.906758
1.401154 0.910461
1.402694 0.915082
1.396642 0.916998
1.381433 0.907773
1.379894 0.903503
1.387498 0.907921
1.379402 0.903693
1.389039 0.912663
1.368140 0.907273
1.367481 0.907242
1.361051 0.907318
1.356278 0.911050
1.349399 0.911840
1.343119 0.910126
1.342747 0.911118
1.329214 0.908849
1.330131 0.909820
1.316252 0.907796
1.308689 0.904631
1.304130 0.908876
1.310284 0.908044
1.296514 0.907259
1.288387 0.906895
1.277970 0.907850
1.270772 0.906826
1.258736 0.908290
1.245572 0.907350
1.251686 0.908475
1.232144 0.907804
1.226844 0.909622
1.220457 0.909861
1.207189 0.910887
1.194695 0.910027
1.194616 0.912079
1.188940 0.911615
1.181353 0.910022
1.182370 0.912123
1.170773 0.915989
1.144479 0.915104
1.169242 0.912856
1.163181 0.913514
1.157126 0.915001
1.162194 0.911497
1.155589 0.911159
1.118438 0.917356
1.130413 0.913228
1.110113 0.910991
1.118021 0.915082
1.091453 0.912334
1.066166 0.913442
1.052508 0.910829
1.060597 0.915079
1.104641 0.913361
1.093389 0.917011
1.080676 0.917701
1.067699 0.916932
1.020669 0.909919
1.007010 0.906991
0.994895 0.909232
1.044914 0.907844
1.038853 0.908380
1.026606 0.908809
1.011534 0.902431
0.992941 0.903731
0.987298 0.905961
0.973656 0.905672
0.973385 0.905369
0.961880 0.908066
0.967598 0.906732
0.967168 0.906217
0.954754 0.907988
0.950026 0.911871
0.948674 0.909327
0.936319 0.911313
0.944031 0.913530
0.931705 0.915621
0.925202 0.915658
0.912602 0.916538
0.906413 0.917492
0.893934 0.919031
0.873667 0.916555
0.905226 0.915525
0.899054 0.916540
0.886384 0.917388
0.860347 0.914224
0.853946 0.913993
0.840805 0.913549
0.827613 0.912511
0.814296 0.911015
0.807774 0.910763
0.846666 0.913751
0.788739 0.909745
0.781538 0.909214
0.774600 0.907457
0.762680 0.908711
0.756348 0.909148
0.762279 0.909568
0.755166 0.907174
0.748779 0.907409
0.800106 0.908718
0.786711 0.906946
0.780510 0.907854
0.767191 0.906355
0.761454 0.909434
0.748133 0.907433
0.743261 0.909387
0.741781 0.905436
0.731146 0.911683
0.717810 0.909779
0.729609 0.907540
0.716822 0.908509
0.691289 0.907193
0.696252 0.905769
0.683873 0.906019
0.741937 0.908361
0.729224 0.909051
0.722046 0.906429
0.709195 0.906623
0.678057 0.905420
0.676879 0.904057
0.665405 0.903045
0.657441 0.901436
0.649428 0.898124
0.637085 0.897498
0.643113 0.898619
0.630659 0.900247
0.625180 0.901434
0.619352 0.903695
0.614175 0.908322
0.613719 0.908986
0.610540 0.912460
0.618950 0.907191
0.612670 0.920307
0.608526 0.927249
0.601485 0.937100
0.606968 0.933823
0.606808 0.935341
0.600930 0.938135
0.605443 0.931842
0.594866 0.938260
0.593925 0.937784
0.582998 0.940256
0.581123 0.935787
0.568888 0.938206
0.570617 0.942155
0.557868 0.942717
0.549791 0.943552
0.544880 0.945185
0.532179 0.943148
0.519591 0.942380
0.512015 0.940219
0.556281 0.941645
0.544021 0.943967
0.530438 0.941515
0.504023 0.936965
0.499311 0.940947
0.491794 0.939324
0.479666 0.939657
0.486329 0.940661
0.478726 0.938815
0.466543 0.939101
0.465797 0.938723
0.459685 0.937633
0.446549 0.936793
0.433530 0.936372
0.419941 0.933893
0.412064 0.932057
0.406074 0.930403
0.393611 0.932004
0.386796 0.930687
0.375034 0.933134
0.367702 0.931636
0.361913 0.934042
0.351351 0.942536
0.432649 0.934761
0.438712 0.934502
0.361409 0.935603
0.373900 0.933061
0.356655 0.940690
0.358035 0.943693
0.351804 0.946486
0.346517 0.950708
0.344351 0.950490
0.345925 0.950899
0.338782 0.946057
0.333691 0.950990
0.333327 0.952005
0.340789 0.958017
0.334248 0.958081
0.326451 0.945832
0.306279 0.942867
0.292334 0.939096
0.278244 0.933949
0.265316 0.934710
0.252081 0.933508
0.246195 0.934622
0.245737 0.933900
0.233168 0.935115
0.226115 0.935277
0.213428 0.936064
0.312580 0.944635
0.317308 0.947370
0.312335 0.942599
0.305358 0.942246
0.290157 0.934750
0.298541 0.940525
0.283381 0.935124
0.277368 0.933961
0.327240 0.950996
0.320344 0.949385
0.326941 0.952248
0.319697 0.949384
0.251129 0.932405
0.199933 0.931584
0.186603 0.930043
0.179909 0.929167
0.161277 0.929464
0.166645 0.927868
0.160518 0.929044
0.135520 0.931533
0.135235 0.930942
0.128947 0.931540
0.116350 0.932649
0.097586 0.934797
0.200446 0.935778
0.199194 0.932443
0.186159 0.930788
0.172644 0.928583
0.165814 0.927005
0.160234 0.930368
0.146791 0.928421
0.140158 0.927770
0.127936 0.930589
0.114682 0.928967
0.109760 0.933151
0.108783 0.930963
0.096107 0.931367
0.089663 0.931820
0.084438 0.933911
0.078229 0.934791
0.065077 0.933896
0.058106 0.932018
0.051826 0.932639
0.045255 0.932207
0.020769 0.936999
0.008138 0.937988
0.000620 0.933967
-0.012835 0.932129
-0.005480 0.935401
0.070347 0.932936
0.058281 0.934990
0.051981 0.935540
0.045629 0.935904
0.039377 0.936625
0.031795 0.932544
0.019025 0.933031
0.006685 0.934111
-0.000750 0.931519
-0.013361 0.932578
