3.333741 0.747213
3.308864 0.752908
3.334136 0.718631
3.330421 0.719779
3.331994 0.730777
3.335839 0.720657
3.332858 0.724647
3.321186 0.754040
3.331616 0.742380
3.329974 0.748039
3.309238 0.755833
3.318379 0.746452
3.310783 0.751044
3.330143 0.728626
3.297104 0.746596
3.306261 0.742009
3.306299 0.746869
3.286538 0.739694
3.294138 0.736270
3.460922 0.698556
3.448798 0.692697
3.449479 0.682369
3.449361 0.686795
3.449314 0.682287
3.438207 0.678177
3.445129 0.690572
3.444042 0.676878
3.433260 0.670508
3.433691 0.670646
3.435242 0.667601
3.385138 0.686708
3.384201 0.693266
3.427632 0.668836
3.427339 0.670322
3.426096 0.675873
3.429179 0.664430
3.413975 0.670737
3.415516 0.664901
3.416662 0.664263
3.403906 0.674358
3.400324 0.675165
3.395022 0.677226
3.409457 0.662765
3.407916 0.668635
3.403406 0.663160
3.401832 0.669554
3.399800 0.664598
3.399727 0.673560
3.385830 0.687086
3.396288 0.681929
3.370867 0.697270
3.381603 0.688341
3.377473 0.692144
3.378185 0.694879
3.369894 0.704439
3.348708 0.709109
3.356054 0.707040
3.363889 0.695579
3.364306 0.697585
3.363903 0.699702
3.371516 0.708980
3.362520 0.711487
3.355486 0.713097
3.348323 0.719569
3.271334 0.746135
3.265421 0.748658
3.277171 0.760436
3.270564 0.760873
3.259241 0.749719
3.253190 0.750139
3.232229 0.746430
3.223981 0.750351
3.239513 0.746201
3.245571 0.748043
3.246248 0.747817
3.278940 0.744366
3.276458 0.746101
3.272055 0.747761
3.272133 0.752070
3.218968 0.751918
3.212299 0.752531
3.212591 0.756224
3.217563 0.753684
3.194325 0.744284
3.199984 0.750940
3.194482 0.748346
3.206403 0.755517
3.181809 0.743246
3.169795 0.738936
3.177414 0.740920
3.121225 0.647019
3.113858 0.650650
3.081967 0.720697
3.059113 0.740413
3.072933 0.728296
3.071196 0.723453
3.069293 0.732092
3.060662 0.736943
3.070510 0.727803
3.152853 0.701978
3.151823 0.710772
3.152285 0.706317
3.160934 0.676088
3.154856 0.675069
3.176552 0.664088
3.163866 0.660267
3.164629 0.661421
3.160683 0.662925
3.164882 0.672647
3.163486 0.669064
3.162225 0.667662
3.163901 0.671041
3.155266 0.666498
3.154084 0.675265
3.149201 0.692349
3.151684 0.694455
3.153834 0.682366
3.149908 0.687944
3.156311 0.693544
3.155492 0.702375
3.162702 0.676721
3.162298 0.676826
3.156157 0.680075
3.156676 0.684633
3.163897 0.734826
3.159210 0.726442
3.159667 0.721062
3.080753 0.711738
3.079342 0.702508
3.082890 0.694164
3.092366 0.682330
3.089567 0.683725
3.081455 0.684856
3.076840 0.693018
3.075914 0.701831
3.098679 0.664783
3.104491 0.662001
3.097780 0.665339
3.105864 0.666715
3.098884 0.669436
3.116699 0.655192
3.113138 0.656706
3.113885 0.659092
3.113726 0.659126
3.117255 0.650773
3.106962 0.660456
3.092644 0.670214
3.091505 0.677656
3.073279 0.719316
3.249772 0.613074
3.256046 0.621399
3.255359 0.619926
3.255672 0.623569
3.249457 0.618426
3.248849 0.622013
3.247303 0.626335
3.249754 0.622127
3.256450 0.618493
3.262255 0.622442
3.250398 0.618600
3.232207 0.607675
3.220967 0.594661
3.216968 0.596591
3.220070 0.597883
3.213948 0.634367
3.207802 0.631109
3.201442 0.630867
3.200574 0.629576
3.207889 0.632210
3.191168 0.651802
3.184691 0.658223
3.183128 0.662384
3.205250 0.634856
3.206799 0.644108
3.206467 0.643756
3.201844 0.634529
3.198437 0.633651
3.193259 0.640136
3.241264 0.630380
3.233651 0.630291
3.231870 0.630611
3.235213 0.630732
3.230489 0.634811
3.227617 0.636049
3.221084 0.634526
3.221883 0.632338
3.221560 0.634485
3.223882 0.622360
3.229152 0.628080
3.239515 0.609482
3.237894 0.614781
3.244341 0.617224
3.232566 0.607207
3.231160 0.615567
3.224635 0.615782
3.242808 0.625347
3.209077 0.623116
3.210953 0.614645
3.217082 0.618816
3.216640 0.618923
3.203367 0.623239
3.209671 0.613243
3.214147 0.627458
3.218617 0.632713
3.217148 0.623144
3.216633 0.623388
3.204972 0.625831
3.200632 0.625064
3.217846 0.612229
3.173794 0.640484
3.161743 0.638156
3.161527 0.643244
3.154780 0.639581
3.149584 0.631653
3.148790 0.638321
3.149909 0.639759
3.177709 0.656422
3.170960 0.657256
3.171661 0.655323
3.170907 0.661886
3.171484 0.662031
3.177541 0.663654
3.178111 0.659812
3.173001 0.656163
3.166829 0.650889
3.138926 0.625504
3.137444 0.634068
3.130576 0.630439
3.117492 0.637379
3.121490 0.642546
3.130704 0.630384
3.124919 0.628559
3.132818 0.624575
3.132129 0.627899
3.126062 0.623251
3.126071 0.626230
3.120213 0.623785
3.120014 0.624675
3.131110 0.633763
3.124603 0.633926
2.997412 0.800288
3.000777 0.805320
3.002175 0.810022
2.989276 0.812572
2.989800 0.815326
2.942699 0.780547
2.969546 0.808332
2.963791 0.811421
2.976471 0.816514
2.963859 0.815747
2.957465 0.815702
2.951711 0.800216
2.946629 0.795780
2.952288 0.807612
2.945436 0.800030
2.941746 0.787654
2.837778 0.763226
2.837812 0.763285
2.831752 0.760706
2.831243 0.763466
2.825292 0.762116
2.833288 0.753341
2.833275 0.753402
2.815103 0.744499
2.809454 0.738987
2.821170 0.749113
2.820520 0.753027
2.803168 0.730196
2.796909 0.732901
2.796912 0.734004
2.790854 0.731945
2.791013 0.732015
2.783701 0.734391
2.726893 0.739208
2.721420 0.733696
2.712750 0.727708
2.704005 0.709610
2.698569 0.706832
2.680811 0.729198
2.680726 0.733915
2.674281 0.725402
2.676814 0.730316
2.672891 0.702758
2.686606 0.695301
2.679812 0.700736
2.662847 0.685225
2.669656 0.684437
2.656361 0.685334
2.653814 0.685947
2.671293 0.710928
2.670517 0.711312
2.676474 0.712305
2.670823 0.716709
2.671490 0.714878
2.674904 0.721003
2.680847 0.704101
2.588933 0.738153
2.593101 0.713226
2.589759 0.719527
2.589613 0.723952
2.592129 0.728872
2.589680 0.732940
2.592305 0.729052
2.588447 0.703801
2.570559 0.695317
2.571115 0.697434
2.576417 0.701417
2.588837 0.714838
2.588147 0.713610
2.587687 0.719390
2.802347 0.745314
2.795952 0.745172
2.790199 0.738753
2.783206 0.744770
2.776323 0.741444
2.763274 0.741870
2.763057 0.746977
2.748601 0.746771
2.692440 0.764541
2.684626 0.780153
2.677036 0.787239
2.687308 0.769239
2.680124 0.777469
2.736236 0.744216
2.730182 0.743990
2.730269 0.743993
2.726331 0.737121
2.731741 0.743556
2.738079 0.744774
2.689490 0.754257
2.685827 0.742111
2.684583 0.754543
2.682957 0.763504
2.643676 0.793778
2.649733 0.795042
2.659731 0.794634
2.666484 0.784807
2.664939 0.789539
2.658889 0.790149
2.645223 0.789989
2.651285 0.792773
2.637609 0.789355
2.631559 0.790018
2.619308 0.787940
2.620034 0.792122
2.619462 0.792445
2.639167 0.788684
2.640715 0.784856
2.627056 0.786400
2.622900 0.788137
2.605779 0.786434
2.607049 0.785358
2.592731 0.790117
2.574792 0.766292
2.587676 0.744788
2.581634 0.747747
2.576842 0.757681
2.572507 0.762025
2.582051 0.754063
2.574273 0.757143
2.582128 0.774841
2.586834 0.784124
2.582133 0.781010
2.586256 0.790193
2.571422 0.768814
2.576286 0.777658
2.572475 0.774777
2.575500 0.779794
2.569220 0.765228
2.613395 0.787486
2.612860 0.792442
2.600196 0.791817
2.594232 0.792068
2.587075 0.792439
2.676272 0.779580
2.604030 0.736616
2.584873 0.745545
2.590824 0.737468
3.043256 0.790392
3.037817 0.792913
3.039911 0.771841
3.042405 0.764160
3.039651 0.767263
3.042365 0.781256
3.042199 0.785668
3.042213 0.781160
3.041223 0.780047
3.033974 0.770733
3.023776 0.768969
3.019079 0.772671
3.024164 0.764775
3.024305 0.764388
3.015989 0.765040
3.018174 0.757300
3.019416 0.759218
3.012692 0.753577
3.011681 0.754661
3.011748 0.758960
3.000620 0.745125
2.994460 0.744334
3.006823 0.754792
3.015109 0.774442
3.016662 0.772139
3.010584 0.764107
3.005261 0.770210
3.006428 0.765895
3.009051 0.772581
3.010603 0.769763
3.006079 0.760135
3.037872 0.751457
3.043931 0.753613
3.038729 0.751182
3.043939 0.756000
3.037805 0.758217
3.033351 0.742539
3.028837 0.735896
3.026508 0.749336
3.025559 0.756443
3.054606 0.735849
3.050289 0.728159
3.041399 0.731668
3.030382 0.731058
3.038117 0.761880
3.037911 0.763637
3.019719 0.752562
3.014656 0.741977
3.007199 0.744758
3.007590 0.745027
3.008953 0.744455
3.007609 0.750536
3.013664 0.751632
3.022783 0.735083
3.021664 0.740437
3.010672 0.732866
3.009130 0.738798
3.015198 0.743592
3.015204 0.745356
3.003068 0.735731
3.001526 0.741291
3.001535 0.743989
2.995471 0.740205
2.997024 0.737888
2.995479 0.742763
3.001556 0.750417
3.004611 0.730202
3.017833 0.727507
3.001071 0.752898
2.932687 0.761927
2.931744 0.772324
2.934948 0.752927
2.933078 0.752978
2.937343 0.777545
2.936956 0.783105
2.932356 0.779774
2.992127 0.740948
2.920250 0.731181
2.914398 0.720569
2.909500 0.711819
2.908959 0.717786
2.915174 0.722139
2.905027 0.701895
2.904576 0.705217
2.899492 0.699381
2.894438 0.695559
2.883161 0.694913
2.887930 0.689938
2.892979 0.692116
2.888186 0.690526
2.888819 0.693299
2.881426 0.695886
2.903241 0.711301
2.903525 0.715003
2.898614 0.706288
2.899036 0.709655
2.923933 0.737907
2.875769 0.730941
2.874610 0.737105
2.869168 0.729841
2.863589 0.727474
2.844775 0.712531
2.844555 0.717614
2.852272 0.709632
2.851909 0.715121
2.850502 0.727998
2.843551 0.724867
2.850207 0.720444
2.876685 0.698198
2.875052 0.702442
2.872758 0.706199
2.872444 0.706422
2.866190 0.706812
2.859109 0.708558
2.859009 0.708562
2.863836 0.709381
2.858050 0.712852
2.864560 0.720296
2.858931 0.718068
2.874304 0.702008
2.874115 0.702214
2.838341 0.712498
2.831075 0.719232
2.836322 0.726748
2.838143 0.717518
2.837861 0.720149
2.837323 0.728778
2.824348 0.720005
2.822970 0.720201
2.823269 0.727459
2.823593 0.731067
2.810233 0.732342
2.867698 0.736983
2.862112 0.733295
2.861301 0.738240
2.855363 0.736848
2.842969 0.735493
2.829806 0.736224
3.030218 0.796836
3.038318 0.792505
3.034266 0.793238
3.033869 0.797639
3.030444 0.801536
3.031784 0.798823
3.044031 0.790456
3.023628 0.797443
3.024181 0.801486
3.011648 0.794929
3.005292 0.794680
3.011826 0.798947
3.004472 0.803847
2.172394 1.048059
2.173159 1.063548
2.168680 1.070655
2.167188 1.075856
2.166592 1.071357
2.167137 1.076050
2.166003 1.062226
2.165721 1.062339
2.162467 1.030919
2.167769 1.040200
2.164749 1.039579
2.167224 1.044601
2.162315 1.016736
2.162186 1.025690
2.163582 1.021421
2.171334 1.049721
2.170569 1.054056
2.166556 1.044373
2.167262 1.056698
2.513946 0.686957
2.508979 0.680547
2.510445 0.683114
2.510535 0.679486
2.504650 0.739466
2.501313 0.722467
2.505866 0.727185
2.504160 0.731425
2.502139 0.724147
2.505839 0.733210
2.509706 0.736844
2.506922 0.733211
2.501682 0.729912
2.505858 0.738959
2.499220 0.741158
2.500195 0.738495
2.504333 0.753844
2.499070 0.746088
2.558554 0.692862
2.552571 0.691587
2.552141 0.701790
2.547516 0.694152
2.544623 0.698086
2.538014 0.700651
2.525305 0.700146
2.519564 0.693397
2.517181 0.693246
2.532173 0.703502
2.526243 0.702092
2.501380 0.684862
2.502915 0.677190
2.504469 0.675243
2.498036 0.673017
2.490798 0.673264
2.486295 0.669724
2.477143 0.676195
2.471089 0.675503
2.480240 0.669019
2.461573 0.678973
2.489197 0.718770
2.490005 0.717562
2.481603 0.724414
2.483134 0.715517
2.486589 0.719313
2.477247 0.712706
2.477079 0.714629
2.474326 0.717135
2.481618 0.729323
2.484384 0.732353
2.475556 0.726223
2.475544 0.726365
2.489198 0.728797
2.489229 0.728844
2.497170 0.720107
2.490332 0.721175
2.484229 0.723350
2.482499 0.724966
2.474548 0.721641
2.492564 0.741732
2.492353 0.746825
2.471890 0.721236
2.471829 0.709869
2.472874 0.711516
2.469988 0.723921
2.461892 0.726528
2.456875 0.727539
2.463452 0.726205
2.471052 0.722482
2.442868 0.727582
2.442825 0.732199
2.449804 0.731719
2.468054 0.701987
2.461218 0.694615
2.457034 0.691660
2.462113 0.696650
2.457757 0.687276
2.428536 0.734077
2.436942 0.726149
2.430658 0.727411
2.421012 0.703230
2.420992 0.703354
2.401417 0.695374
2.394762 0.721119
2.394916 0.704154
2.393715 0.713029
2.399085 0.699401
2.401308 0.707075
2.401318 0.710041
2.402859 0.704264
2.403063 0.704573
2.399774 0.715074
2.398803 0.720169
2.396187 0.712337
2.387648 0.708551
2.389111 0.711395
2.382588 0.711605
2.416483 0.691820
2.416490 0.693961
2.404783 0.691435
2.406361 0.676928
2.406665 0.682793
2.407276 0.678911
2.409402 0.687741
2.406717 0.684965
2.402173 0.686531
2.387720 0.672271
2.395316 0.667525
2.389264 0.667440
2.401379 0.670937
2.401914 0.671434
2.401467 0.677172
2.396569 0.668424
2.406947 0.696283
2.378594 0.686710
2.372545 0.687969
2.364458 0.694776
2.357355 0.698682
2.351300 0.697746
2.364947 0.692191
2.364955 0.694975
2.358887 0.689888
2.352838 0.690876
2.360136 0.688933
2.352993 0.690842
2.358902 0.694569
2.346928 0.721001
2.345330 0.729887
2.375587 0.704125
2.370466 0.700469
2.377098 0.706901
2.346114 0.687554
2.346516 0.690929
2.341041 0.683760
2.341226 0.687759
2.334651 0.681435
2.335656 0.680846
2.335554 0.685647
2.346684 0.703683
2.341590 0.707226
2.342136 0.716450
2.340655 0.724807
2.338012 0.720049
2.345244 0.696619
2.339205 0.700986
2.382933 0.678670
2.382530 0.683034
2.380144 0.683506
2.386685 0.670281
2.381720 0.673913
2.367314 0.686934
2.427036 0.752761
2.436603 0.731583
2.430952 0.729411
2.420938 0.738249
2.422485 0.734466
2.422651 0.738996
2.422107 0.739336
2.414438 0.739350
2.420259 0.747986
2.413877 0.749873
2.420971 0.748647
2.419956 0.755400
2.425011 0.730873
2.402597 0.736446
2.408776 0.741680
2.402789 0.741111
2.395128 0.739140
2.395421 0.748102
2.387250 0.747695
2.388604 0.748471
2.381141 0.750082
2.381557 0.754930
2.356328 0.739596
2.372418 0.757521
2.372330 0.757576
2.369758 0.761557
2.365450 0.763435
2.366358 0.762648
2.359312 0.758106
2.355383 0.754556
2.354235 0.756948
2.359589 0.761823
2.354243 0.759494
2.352686 0.749559
2.353989 0.754273
2.350398 0.738167
2.344812 0.740303
2.340637 0.733985
2.344359 0.746068
2.215801 0.802928
2.213905 0.801487
2.241486 0.864705
2.240500 0.868962
2.213044 0.857004
2.205285 0.863281
2.203504 0.862409
2.242118 0.837158
2.237002 0.833489
2.250008 0.828700
2.249464 0.831767
2.241490 0.807671
2.240424 0.814434
2.243411 0.831578
2.244934 0.824911
2.239696 0.821592
2.252464 0.852737
2.253309 0.846335
2.248974 0.843538
2.251983 0.848521
2.248789 0.845527
2.242255 0.841262
2.236521 0.839307
2.243223 0.843125
2.236822 0.842998
2.244875 0.859891
2.243171 0.860459
2.245278 0.865286
2.244691 0.865768
2.247966 0.851096
2.246426 0.857183
2.238840 0.865121
2.241662 0.851908
2.235762 0.850418
2.238806 0.859646
2.222385 0.834365
2.218543 0.829249
2.211574 0.826463
2.212108 0.826545
2.212652 0.829543
2.235366 0.806784
2.228005 0.809303
2.228631 0.812076
2.234377 0.815787
2.216363 0.805857
2.222611 0.810904
2.216501 0.809986
2.225251 0.830227
2.232013 0.829483
2.225629 0.830416
2.226693 0.821893
2.220729 0.821233
2.219188 0.827150
2.215091 0.828553
2.219446 0.815853
2.220634 0.849669
2.226605 0.844094
2.222186 0.847249
2.231014 0.836730
2.223704 0.839096
2.223719 0.839140
2.227797 0.844247
2.214419 0.851389
2.216136 0.848338
2.206679 0.800199
2.203574 0.801084
2.184322 0.800842
2.189718 0.788206
2.191943 0.794705
2.187432 0.788748
2.185891 0.794849
2.180950 0.792397
2.197456 0.870375
2.164207 0.864560
2.162069 0.868614
2.165663 0.846865
2.163065 0.856391
2.194970 0.811635
2.194930 0.811692
2.193398 0.820274
2.198909 0.827388
2.179753 0.826234
2.185943 0.827589
2.179525 0.827511
2.187345 0.820226
2.181295 0.820759
2.182842 0.816693
2.205954 0.830232
2.207094 0.829984
2.197983 0.834511
2.192845 0.835337
2.186335 0.830996
2.179054 0.833290
2.185344 0.838218
2.179028 0.837861
2.185845 0.838955
2.179791 0.838537
2.197581 0.807556
2.196480 0.808562
2.211437 0.801690
2.204381 0.803358
2.190823 0.810819
2.173494 0.816783
2.175235 0.818264
2.176789 0.816491
2.170237 0.817616
2.173373 0.803264
2.171095 0.810749
2.179850 0.798017
2.172974 0.798700
2.168829 0.838364
2.165996 0.842761
2.230909 0.692249
2.223263 0.695424
2.204005 0.714493
2.205744 0.705827
2.198142 0.723476
2.195075 0.726321
2.195807 0.721945
2.200651 0.713824
2.215779 0.700379
2.217430 0.703314
2.206685 0.701451
2.208809 0.703244
2.211342 0.706736
2.301850 0.649470
2.304053 0.660285
2.289245 0.647560
2.290868 0.644228
2.296854 0.646978
2.284735 0.642488
2.278025 0.642182
2.322537 0.678688
2.318018 0.669899
2.321170 0.672220
2.319114 0.668685
2.306987 0.665247
2.313507 0.664457
2.323807 0.677162
2.230696 0.678796
2.227051 0.671240
2.220383 0.667979
2.237169 0.650064
2.230697 0.651863
2.237280 0.654253
2.222630 0.659079
2.228599 0.667736
2.230013 0.661013
2.223011 0.662531
2.218800 0.663175
2.222543 0.666271
2.249808 0.650762
2.233118 0.676230
2.235678 0.684119
2.236895 0.679818
2.179897 0.754422
2.176459 0.758930
2.185308 0.747068
2.189022 0.739862
2.185177 0.738024
2.181184 0.746297
2.187730 0.782482
2.181890 0.780809
2.187798 0.786789
2.182100 0.784738
2.176669 0.772950
2.175525 0.789615
2.192932 0.730414
2.221280 0.932919
2.211942 0.934097
2.223761 0.928825
2.199637 0.906673
2.166183 0.900143
2.164112 0.895908
2.164439 0.900420
2.186840 0.926800
2.181439 0.929325
2.195633 0.910405
2.189711 0.913882
2.189172 0.918237
2.164082 0.909332
2.175339 0.928369
2.171824 0.924145
2.165154 0.916443
2.163389 0.913684
2.174566 0.961720
2.176476 0.952650
2.178635 0.956797
2.189415 0.994626
2.188929 0.976584
2.187073 0.969210
2.191435 0.986008
2.192055 0.977069
2.190824 0.972360
2.219190 0.940884
2.212570 0.941355
2.228700 0.934161
2.227255 0.929410
2.225624 0.938098
2.218117 0.945753
2.212520 0.946020
2.197712 0.940201
2.205226 0.939315
2.200596 0.938845
2.192067 0.940048
2.185583 0.940150
2.185608 0.940222
2.187162 0.938379
2.181092 0.932667
2.182360 0.934983
2.179938 0.937944
2.179034 0.934395
2.180255 0.952563
2.180408 0.943614
2.179628 0.938978
2.194768 0.936367
2.188705 0.933282
2.176361 0.930089
2.238481 0.895533
2.241215 0.882519
2.237162 0.877761
2.236376 0.886142
2.229579 0.907576
2.234239 0.903757
2.237121 0.904222
2.229394 0.917061
2.235034 0.912830
2.234292 0.894750
2.196144 0.892543
2.201243 0.897912
2.202304 0.902584
2.236985 0.868300
2.192156 0.887386
2.194846 0.887808
2.164503 0.876746
2.162333 0.886616
2.162856 0.882187
2.164237 0.886908
2.195243 0.874431
2.162650 0.868680
2.164270 0.895888
2.180944 1.003600
2.189354 1.001195
2.173323 1.005322
2.173338 1.005356
2.166981 1.005034
2.167705 1.007519
2.174912 1.005432
2.176058 1.006824
2.164681 1.012640
2.167848 1.017676
2.191094 0.991921
2.566098 0.694358
1.165902 0.823482
1.161105 0.825757
1.155770 0.826118
1.136888 0.823379
1.124775 0.820531
1.169738 1.026103
1.169223 1.043967
1.172804 1.050264
1.170347 1.039623
1.170799 1.044155
1.174385 1.049186
1.174531 0.927070
1.160987 0.930013
1.168481 0.927894
1.155724 0.938375
1.158737 0.945170
1.167053 0.962780
1.169940 0.954759
1.159454 0.952393
1.154831 0.932254
1.151025 0.937455
1.159441 0.876194
1.167456 0.894255
1.161443 0.893053
1.156431 0.886150
1.155784 0.884442
1.156449 0.891859
1.157921 0.857966
1.159568 0.833197
1.157279 0.848875
1.158456 0.874554
1.155570 0.870966
1.158500 0.866970
1.158306 0.880393
1.157847 0.857879
1.158027 0.862396
1.154643 0.831621
1.154932 0.839414
1.140877 0.827966
1.136230 0.829091
1.130240 0.827850
1.178217 0.910906
1.171558 0.914385
1.170022 0.921926
1.159560 0.907205
1.167700 0.898057
1.161530 0.897295
1.160980 0.903994
1.157913 0.907289
1.153840 0.905210
1.153378 0.906698
1.157273 0.902657
1.166712 0.909773
1.165852 0.916642
1.159121 0.894007
1.157932 0.926253
1.161827 0.988781
1.166877 0.972245
1.160768 0.975084
1.169384 1.008084
1.168790 1.016956
1.166830 1.003090
1.171016 1.008289
1.169194 1.005546
1.157765 0.991298
1.163369 0.994834
1.156883 0.999438
1.163604 1.003209
1.157300 1.002819
1.153249 0.983753
1.147622 0.984998
1.148041 0.995258
1.162727 0.965395
1.157931 0.961100
1.157856 0.961154
1.156701 0.968763
1.170127 1.012606
1.171132 1.030733
0.894490 0.726635
0.870269 0.722850
0.862657 0.723041
0.852084 0.713775
0.858146 0.716889
0.833896 0.704020
0.846388 0.708889
0.839955 0.706361
0.833359 0.708169
0.832058 0.706337
0.835795 0.715979
0.833922 0.712153
0.829843 0.726824
0.825511 0.736647
0.829309 0.733336
0.823273 0.738011
0.836035 0.724999
0.838443 0.720933
0.834094 0.724614
0.836666 0.716092
0.830481 0.734075
0.795222 0.717835
0.809666 0.697542
0.797547 0.692889
0.802065 0.701062
0.803522 0.696820
0.798971 0.709526
0.798970 0.713966
0.801787 0.700979
0.802079 0.705586
0.797546 0.709207
0.816031 0.738332
0.803931 0.731652
0.798300 0.724918
0.796890 0.722573
0.799032 0.728144
0.791147 0.691171
0.706936 0.665588
0.694067 0.656524
0.697968 0.664758
0.699088 0.672909
0.693028 0.670619
1.180943 0.746587
1.178003 0.749275
1.174416 0.762157
1.179776 0.767545
1.179022 0.753912
1.191410 0.733707
1.187084 0.715887
1.185540 0.720940
1.190398 0.724549
1.189748 0.719905
1.189679 0.728870
1.189297 0.724303
1.165849 0.729112
1.165878 0.729083
1.181021 0.712571
1.173432 0.720066
1.169166 0.720775
1.169680 0.716363
1.169731 0.725347
1.167400 0.726208
1.185228 0.741583
1.190522 0.737995
1.189935 0.738334
1.181184 0.749799
1.192105 0.732402
1.194687 0.713420
1.194074 0.717977
1.195226 0.714836
1.188982 0.709758
1.176518 0.709318
1.152188 0.730001
1.158246 0.731721
1.159794 0.728250
1.147678 0.724741
1.140069 0.725545
1.130240 0.713939
1.131040 0.711598
1.140450 0.720205
1.137023 0.715336
1.136735 0.715053
1.169124 0.806101
1.169609 0.801645
1.168542 0.810432
1.164182 0.812555
1.152080 0.813470
1.158137 0.814927
1.150536 0.818297
1.149507 0.823523
1.170591 0.801784
1.165731 0.808934
1.144015 0.820914
1.126312 0.813494
1.176248 0.784870
1.177484 0.772815
1.176813 0.784928
1.149578 0.827852
1.127562 0.709027
1.105240 0.702021
1.098495 0.699411
1.026471 0.673937
1.118904 0.701747
1.119288 0.701910
1.125364 0.707442
1.113098 0.701206
1.112879 0.706330
1.106807 0.700784
1.100729 0.696076
1.094803 0.698356
1.087823 0.695300
1.075877 0.688203
1.058608 0.682526
1.039274 0.671011
1.040128 0.671403
1.047535 0.673035
1.041604 0.671630
1.034066 0.668213
1.034736 0.668261
1.028020 0.670281
0.970186 0.708237
0.961208 0.712792
0.962816 0.711223
0.962582 0.711335
0.979351 0.700896
0.999174 0.683537
0.992661 0.685218
0.987132 0.688760
0.939964 0.723135
0.933917 0.724966
0.927865 0.724707
0.949143 0.718008
0.948471 0.719705
0.951651 0.718379
0.935466 0.721450
0.914207 0.726663
0.909702 0.722887
0.915759 0.724256
1.023605 0.672706
1.014370 0.674456
1.015353 0.672894
0.847686 0.626293
0.842265 0.627359
0.841738 0.626967
0.836202 0.624470
0.852265 0.611184
0.844691 0.607127
0.844325 0.610873
0.846230 0.600393
0.839631 0.601563
0.852650 0.620231
0.849648 0.618453
0.838165 0.614585
0.843174 0.620081
0.808829 0.628831
0.811340 0.616035
0.833618 0.600366
0.833144 0.606170
0.827462 0.599566
0.824893 0.615620
0.820107 0.602066
0.902102 0.726624
0.883930 0.721498
0.865754 0.715674
0.853623 0.707481
0.830903 0.692721
0.835430 0.696220
0.839690 0.671786
0.843228 0.685844
0.844313 0.677060
0.811371 0.680261
0.811189 0.686016
0.810398 0.691416
0.817265 0.693399
0.817733 0.688971
0.815633 0.685473
0.800219 0.674977
0.800607 0.674224
0.806665 0.676151
0.804652 0.683607
0.814277 0.675944
0.814664 0.675201
0.815973 0.681039
0.802152 0.669270
0.803882 0.664915
0.841097 0.645105
0.842360 0.658763
0.844638 0.648607
0.847828 0.650754
0.844653 0.653687
0.846169 0.639890
0.847703 0.631896
0.847711 0.634152
0.842194 0.630228
0.843466 0.641007
0.845283 0.648437
0.839526 0.646560
0.849997 0.673563
0.835744 0.630238
0.834659 0.637726
0.822573 0.630996
0.815014 0.634040
0.820916 0.640040
0.807187 0.642330
0.809027 0.648404
0.805566 0.655796
0.849103 0.698718
0.842199 0.694638
0.841494 0.699791
0.830105 0.697014
0.829458 0.696673
0.815317 0.694392
0.816810 0.690160
0.798234 0.693905
0.807997 0.599909
0.801076 0.601215
0.798107 0.601642
0.782128 0.648226
0.779435 0.648694
0.783987 0.639580
0.781310 0.638087
0.782488 0.643752
0.780980 0.643667
0.758852 0.655644
0.774353 0.651287
0.771847 0.655717
0.774939 0.647325
0.803750 0.622924
0.791717 0.622712
0.791071 0.622808
0.799233 0.615398
0.800762 0.605649
0.807690 0.605260
0.800656 0.606866
0.806826 0.609437
0.793903 0.607707
0.793182 0.615840
0.802219 0.632171
0.801230 0.636488
0.802133 0.638520
0.800700 0.644909
0.800085 0.648633
0.794284 0.637865
0.794628 0.638661
0.790362 0.630933
0.789061 0.639010
0.776507 0.620291
0.775270 0.629046
0.778985 0.613285
0.785585 0.620741
0.786951 0.613602
0.784056 0.630259
0.779255 0.634202
0.782854 0.638356
0.778651 0.638571
0.729193 0.629922
0.727864 0.625155
0.742056 0.639673
0.748013 0.649998
0.730615 0.635666
0.730432 0.640672
0.702278 0.651665
0.710718 0.637198
0.706533 0.639405
0.707641 0.648510
0.724897 0.627254
0.718844 0.626831
0.715814 0.627539
0.718851 0.629048
0.717916 0.636891
0.717240 0.636992
0.724915 0.632729
0.724620 0.634426
0.724822 0.624617
0.719461 0.626390
0.794395 0.673254
0.792308 0.683493
0.789453 0.680897
0.788505 0.675040
0.796092 0.667304
0.792696 0.667973
0.797644 0.664826
0.788741 0.685226
0.794087 0.690648
0.799293 0.655325
0.766386 0.657161
0.775010 0.655880
0.747707 0.655360
0.702158 0.657563
0.553207 0.778434
0.544235 0.773467
0.548002 0.777508
0.620006 0.682500
0.623927 0.690085
0.618521 0.687224
0.621686 0.701629
0.613411 0.708257
0.618636 0.723282
0.625430 0.696885
0.623237 0.698870
0.619437 0.700297
0.622718 0.691900
0.602703 0.674983
0.606370 0.671097
0.607661 0.662349
0.607748 0.666829
0.612630 0.679387
0.613229 0.679554
0.613002 0.684683
0.606571 0.677367
0.599593 0.683406
0.599202 0.682677
0.600535 0.682520
0.603376 0.688519
0.600541 0.684090
0.608124 0.675249
0.608370 0.675915
0.596405 0.678307
0.588405 0.674513
0.597455 0.673993
0.583897 0.669463
0.600304 0.710856
0.600630 0.709956
0.594054 0.710315
0.594384 0.710168
0.601968 0.701416
0.598734 0.696672
0.598889 0.705676
0.595932 0.706267
0.588334 0.710623
0.583855 0.716511
0.582290 0.713056
0.578196 0.719967
0.591422 0.700557
0.599006 0.691862
0.616302 0.744682
0.621657 0.732122
0.618322 0.740507
0.618344 0.744979
0.593374 0.752362
0.613830 0.753159
0.606640 0.755835
0.593489 0.756541
0.587388 0.755594
0.582677 0.737353
0.576831 0.740179
0.576283 0.746190
0.571637 0.737924
0.573168 0.728962
0.623552 0.727947
0.512546 0.697853
0.508045 0.694850
0.570238 0.671079
0.577838 0.667424
0.556573 0.670948
0.544457 0.667417
0.552069 0.667390
0.530810 0.672577
0.515627 0.685975
0.520293 0.682849
0.553643 0.755267
0.561027 0.761871
0.560007 0.759972
0.554558 0.757230
0.557895 0.772075
0.551847 0.773496
0.559960 0.766129
0.559543 0.765741
0.554153 0.762851
0.537810 0.762277
0.548386 0.756480
0.541145 0.754173
0.541764 0.756954
0.538887 0.757936
0.540537 0.767205
0.545790 0.771697
0.544053 0.763317
0.547330 0.765630
0.380797 0.676325
0.399018 0.609867
0.401329 0.612596
0.399722 0.610271
0.399029 0.613227
0.392218 0.628929
0.396313 0.620680
0.392958 0.607570
0.393710 0.609076
0.380845 0.604670
0.386904 0.607028
0.388066 0.606878
0.381837 0.606283
0.388508 0.614783
0.394720 0.647328
0.390915 0.664606
0.391524 0.669168
0.383999 0.672353
0.398950 0.657060
0.397886 0.652341
0.394291 0.660681
0.394421 0.635554
0.388530 0.637251
0.394921 0.641453
0.400577 0.648318
0.400514 0.648341
0.352110 0.630612
0.349792 0.621474
0.344974 0.623503
0.345963 0.623017
0.342121 0.624570
0.338366 0.628068
0.345317 0.631555
0.331854 0.633110
0.363450 0.619370
0.373251 0.610518
0.370773 0.611694
0.374793 0.604821
0.375410 0.606229
0.358905 0.620639
0.346409 0.624048
0.477658 0.714339
0.476602 0.715572
0.500443 0.698331
0.494392 0.698455
0.492848 0.703396
0.501991 0.694333
0.482280 0.696243
0.481131 0.702884
0.456017 0.698491
0.470186 0.718968
0.470061 0.719116
0.470679 0.721735
0.463483 0.719308
0.464277 0.721613
0.475560 0.710876
0.473405 0.719471
0.471624 0.720224
0.456999 0.703125
0.454622 0.707219
0.458145 0.716248
0.459507 0.716148
0.454018 0.711574
0.454991 0.693732
0.449809 0.690241
0.456510 0.696238
0.443296 0.690425
0.430706 0.685066
0.431494 0.687426
0.418609 0.687267
0.412742 0.690885
0.415245 0.691287
0.403408 0.694714
0.409105 0.694697
0.391068 0.696015
0.385580 0.694091
0.395453 0.674341
0.383768 0.676774
0.389332 0.674802
0.323889 0.637271
0.315530 0.628892
0.318454 0.634493
0.313334 0.630874
0.281657 0.631940
0.286106 0.637170
0.286134 0.628198
0.290505 0.633436
0.314128 0.618614
0.316913 0.620160
0.314140 0.622268
0.315794 0.615109
0.308067 0.616106
0.309616 0.612874
0.295953 0.612862
0.289899 0.612552
0.286780 0.614829
0.297498 0.608295
0.291444 0.607962
0.317735 0.640975
0.285159 0.641911
0.280757 0.621904
0.280764 0.624034
0.282303 0.617454
0.282312 0.620280
0.277738 0.640092
0.273776 0.628763
0.273188 0.635440
0.279132 0.640770
0.284534 0.623408
0.267890 0.627224
0.267469 0.632887
0.241864 0.623397
0.249236 0.625342
0.242823 0.625250
0.248577 0.631665
0.262601 0.621939
0.262938 0.623134
0.258058 0.623236
0.256402 0.623377
0.201803 0.640315
0.191409 0.674371
0.188212 0.675965
0.195621 0.666144
0.196047 0.669970
0.195135 0.670507
0.200396 0.642495
0.194949 0.648071
0.200410 0.646748
0.204944 0.659833
0.198872 0.653644
0.197515 0.661437
0.202292 0.667270
0.176810 0.676314
0.149120 0.693877
0.155481 0.686036
0.161167 0.673527
0.159876 0.686733
0.177635 0.665658
0.176103 0.674392
0.169629 0.667214
0.170029 0.668061
0.171578 0.664390
0.163973 0.666786
0.159054 0.668637
0.235288 0.627032
0.229236 0.627086
0.230780 0.621865
0.235228 0.623706
0.223185 0.627372
0.214213 0.629008
0.205697 0.636473
0.200709 0.640068
0.152678 0.696340
0.145284 0.698936
0.138193 0.705358
0.092642 0.701320
0.092772 0.701519
0.085796 0.702983
0.086602 0.704912
0.087505 0.702787
0.080009 0.701160
0.078456 0.699350
0.085535 0.705063
0.079224 0.703949
0.080552 0.705826
0.100515 0.667368
0.131249 0.702081
0.124606 0.702626
0.125209 0.705453
0.099372 0.676142
0.099518 0.680611
0.107844 0.694226
0.113511 0.697672
0.101783 0.691637
0.100244 0.698321
0.098941 0.698461
0.104242 0.685914
0.090807 0.644519
0.100498 0.658388
0.092578 0.652453
0.077602 0.642025
0.071548 0.641442
0.070006 0.646953
0.079067 0.641364
0.094403 0.684233
0.089030 0.685106
0.089648 0.687895
0.082424 0.690025
0.095723 0.689162
0.094464 0.696868
0.088565 0.695370
0.088529 0.701097
0.082504 0.695553
0.082080 0.695746
0.100440 0.666984
0.047334 0.639658
0.032518 0.628433
0.018535 0.609403
0.029128 0.624395
0.027111 0.609523
0.032214 0.613534
-0.001171 0.612604
0.006432 0.609599
0.000383 0.610843
0.012879 0.607011
0.054435 0.659265
0.042714 0.658235
0.032498 0.650923
0.036647 0.653704
0.064469 0.647533
0.045801 0.648017
0.039816 0.642922
0.687556 0.661184
0.680384 0.663178
0.686965 0.667218
0.686927 0.667413
0.686583 0.672878
0.679922 0.673462
0.667371 0.663507
0.654455 0.663572
0.642641 0.664036
0.634188 0.666128
0.641469 0.664126
0.635417 0.663809
0.648489 0.666755
0.642183 0.666369
0.628482 0.657079
0.617998 0.648483
0.611699 0.648072
0.612366 0.650731
0.624239 0.658036
0.607578 0.648920
0.606788 0.653218
0.609244 0.658119
0.502914 0.569970
0.490057 0.572315
0.485081 0.569006
0.526546 0.594242
0.517475 0.610582
0.528343 0.599012
0.525151 0.602970
0.523353 0.604163
0.524901 0.600339
0.517309 0.606579
0.511250 0.604461
0.535490 0.586858
0.533271 0.584104
0.527948 0.581021
0.527959 0.581100
0.532480 0.590312
0.526434 0.591966
0.522184 0.575512
0.516396 0.572839
0.522454 0.578419
0.503637 0.604483
0.498884 0.599013
0.485456 0.596857
0.492713 0.593761
0.488539 0.585334
0.480937 0.588538
0.497661 0.569857
0.491178 0.571284
0.484592 0.571663
0.477931 0.565803
0.478711 0.565607
0.477948 0.570811
0.471880 0.566156
0.471997 0.566337
0.464448 0.569379
0.473340 0.593456
0.473245 0.584852
0.474880 0.587229
0.475056 0.589142
0.461234 0.592959
0.462769 0.585085
0.468833 0.588667
0.476422 0.581713
0.477685 0.572921
0.464309 0.579025
0.470366 0.580263
0.471885 0.571156
0.470881 0.570944
0.452693 0.585732
0.448945 0.590029
0.443803 0.593127
0.447581 0.596250
0.455011 0.572643
0.452291 0.581138
0.456719 0.585794
0.459196 0.570596
