0.619291 0.773349
0.613027 0.775032
0.614276 0.775535
0.606755 0.775113
0.607528 0.775577
0.600482 0.775111
0.600964 0.775518
0.594205 0.774362
0.594895 0.775191
0.587924 0.772937
0.581638 0.770459
0.625546 0.769828
0.624626 0.770252
1.751738 0.819113
1.754902 0.815258
1.758576 0.815047
1.783022 0.803664
1.765382 0.808525
1.754925 0.808831
1.758428 0.808679
1.789288 0.802247
1.783848 0.803455
1.780819 0.803342
1.783380 0.803214
1.776745 0.802837
1.770468 0.801916
1.771410 0.802430
1.764191 0.801259
1.764886 0.802348
1.757916 0.800878
1.752277 0.802311
1.758411 0.802240
2.107821 0.775354
2.101549 0.775392
2.095274 0.774884
2.088999 0.774638
2.082726 0.774631
2.076455 0.775055
2.134435 0.775141
2.127776 0.775132
2.120362 0.774223
2.120879 0.775261
2.114094 0.775100
2.111442 0.775227
2.114187 0.775272
2.324092 0.814627
2.326089 0.812291
2.329780 0.805991
2.324012 0.799405
2.317746 0.800803
2.336538 0.795430
2.330279 0.798297
2.324011 0.799299
2.355326 0.789741
2.349061 0.791225
2.342797 0.792859
2.339988 0.793510
2.318776 0.792752
2.317703 0.792424
2.311424 0.791402
2.362018 0.787654
2.781058 0.766244
2.774793 0.767735
2.768523 0.768200
2.762251 0.768435
2.755979 0.768595
2.749707 0.768927
2.787307 0.761515
2.782759 0.765356
3.087139 0.757067
3.131039 0.754948
3.124757 0.753400
3.118477 0.751945
3.112199 0.750903
3.105926 0.750947
3.099657 0.751558
3.093393 0.753394
3.088852 0.755630
3.456134 0.783127
3.452744 0.786526
3.462362 0.774423
3.458631 0.780301
3.468604 0.768652
3.462639 0.774017
3.474847 0.762808
3.469438 0.767841
3.481096 0.758300
3.476303 0.761678
3.482609 0.760990
3.487815 0.755409
3.733631 0.757593
3.746138 0.750274
3.747161 0.752124
3.739876 0.752189
3.739279 0.752437
3.739985 0.752399
0.136870 0.752638
0.130619 0.756843
0.128089 0.757940
0.137772 0.751849
0.137248 0.751605
0.161902 0.741155
0.149350 0.740138
0.143105 0.745383
0.142965 0.745611
0.182406 0.739611
0.175962 0.739473
0.169178 0.739538
0.157555 0.739733
0.162191 0.739722
0.155615 0.738578
0.152451 0.739540
0.149476 0.739350
0.143905 0.738721
0.169752 0.732763
0.162874 0.732882
0.156238 0.732858
0.150129 0.732532
0.144334 0.732037
0.433376 0.763321
0.433543 0.763076
0.439585 0.751109
0.437063 0.756771
0.439915 0.750448
0.445811 0.742148
0.444148 0.744178
0.452048 0.735425
0.449871 0.737970
0.455206 0.731757
0.895141 0.758551
0.888878 0.760327
0.882594 0.758424
0.876309 0.756025
0.870651 0.754986
0.877048 0.754768
0.870030 0.754861
0.863746 0.752692
0.857456 0.749749
0.902596 0.748993
0.854847 0.747997
0.851151 0.743592
0.849381 0.741378
0.844851 0.738417
0.838561 0.734988
1.537177 0.780815
1.588765 0.778068
1.574770 0.772302
1.549672 0.771118
1.543422 0.775543
1.541340 0.777206
1.544082 0.776923
1.574208 0.771992
1.568481 0.769108
1.562202 0.768021
1.555932 0.768685
1.549733 0.771080
1.772188 0.805226
1.797237 0.797103
1.790979 0.799862
1.784716 0.801670
1.778443 0.801942
1.776857 0.802173
1.778698 0.802090
1.809758 0.792124
1.803496 0.794424
1.798395 0.796524
1.798314 0.795864
1.817598 0.789843
2.134618 0.775556
2.128350 0.776339
2.129888 0.780387
2.122082 0.777558
2.123227 0.780382
2.115810 0.777691
2.109535 0.777237
2.103260 0.776861
2.147147 0.772429
2.140883 0.774009
2.136506 0.775106
2.141491 0.774919
2.497203 0.775517
2.490928 0.775057
2.484652 0.774475
2.478378 0.774130
2.472101 0.773536
2.465827 0.773398
2.459555 0.773419
2.453284 0.773888
2.782766 0.766992
2.776502 0.768831
2.770233 0.769585
2.789020 0.763544
2.787980 0.764504
2.828066 0.758687
2.821985 0.758337
2.795254 0.756051
2.793879 0.758298
2.814932 0.752121
2.808860 0.751766
2.801499 0.750765
2.798122 0.752037
2.803070 0.751260
3.230500 0.803908
3.232078 0.808151
3.225861 0.807898
3.244060 0.802500
3.226330 0.802471
3.224212 0.801094
3.224435 0.802266
3.219487 0.801286
3.220571 0.795838
3.217880 0.789827
3.218783 0.795236
3.217645 0.789310
3.212422 0.782697
3.211565 0.781813
3.212428 0.782169
3.205264 0.776513
3.204543 0.775985
3.198963 0.771154
3.195996 0.769250
3.192673 0.767745
3.186388 0.765554
3.180104 0.763579
3.176309 0.762120
3.173819 0.761280
3.167537 0.759486
3.616825 0.767732
3.610565 0.770319
3.604294 0.770737
3.598010 0.768584
3.623071 0.762741
3.617766 0.767042
3.617453 0.766647
3.593799 0.766191
3.591718 0.765040
3.624502 0.760873
3.629295 0.753428
3.628466 0.754608
0.258100 0.757628
0.251665 0.757498
0.245463 0.757244
0.257823 0.751337
0.251120 0.751354
0.244741 0.751190
0.237745 0.746286
0.238432 0.750991
0.231483 0.748386
0.231955 0.750885
0.225219 0.750120
0.225402 0.750822
0.257875 0.744863
0.250739 0.745126
0.244004 0.743623
0.242706 0.745109
0.244065 0.745127
0.245759 0.738800
0.250937 0.738571
0.243948 0.733000
0.243942 0.731923
0.243789 0.732308
0.243988 0.732289
0.250181 0.725188
0.247529 0.726030
0.251105 0.725591
0.614735 0.775771
0.620995 0.773402
0.615740 0.775319
0.633492 0.764226
0.627245 0.769069
0.626871 0.769287
0.639735 0.758545
0.634579 0.763147
0.641177 0.756977
1.178769 0.760405
1.172215 0.760335
1.164785 0.756653
1.166020 0.760058
1.158505 0.755299
1.159841 0.759778
1.153695 0.759486
1.147545 0.759201
1.155376 0.753993
1.152215 0.752020
1.152452 0.753743
1.146542 0.753308
1.140670 0.752863
1.146090 0.747228
1.145916 0.747117
1.145930 0.747215
1.139616 0.741945
1.140175 0.746692
1.134461 0.746164
1.138110 0.740516
1.133323 0.738089
1.133778 0.740093
1.127039 0.735860
1.127910 0.739650
1.120759 0.734571
1.114483 0.734144
1.923314 0.811884
1.920172 0.809688
1.917018 0.807332
1.911253 0.802933
1.910718 0.802484
1.904420 0.797596
1.902002 0.796167
1.898129 0.794053
1.891844 0.791747
1.885563 0.790422
1.879285 0.789333
1.877191 0.788840
1.873002 0.787446
1.866724 0.786490
1.860454 0.786921
2.402620 0.785266
2.396344 0.784733
2.390068 0.784147
2.383790 0.783170
2.377515 0.782706
2.371241 0.782664
2.364969 0.782720
2.358701 0.783793
2.873914 0.784959
2.867174 0.784997
2.860706 0.784873
2.854803 0.784419
2.847996 0.778057
2.842201 0.777548
2.844480 0.771973
2.840931 0.768141
2.841154 0.771717
2.835389 0.771185
2.829771 0.770587
2.838399 0.765325
2.834635 0.763598
2.834849 0.765060
2.828349 0.761180
2.828867 0.764656
2.822064 0.758844
2.823029 0.764181
2.817354 0.763632
2.790698 0.758831
2.820230 0.758225
2.815780 0.756919
2.816005 0.757937
2.809495 0.754442
2.810364 0.757358
2.803206 0.751489
2.796946 0.753789
2.792399 0.757232
3.230099 0.802864
3.217784 0.789374
3.190976 0.768943
3.184690 0.766616
3.178406 0.764506
3.174138 0.763069
3.172123 0.762484
3.165842 0.760964
3.159561 0.759586
3.153281 0.758109
3.147000 0.756682
3.142085 0.755494
3.140720 0.755154
3.134440 0.753790
3.608866 0.771082
3.602596 0.771660
3.596308 0.768700
3.594292 0.767221
3.590011 0.764324
3.583719 0.760649
3.583237 0.760396
3.577432 0.758010
3.571152 0.756548
3.564874 0.755673
3.558597 0.755027
0.107976 0.753076
0.050185 0.747523
0.101563 0.746484
0.070597 0.745128
0.062701 0.741569
0.063760 0.745218
0.056446 0.745198
0.055678 0.745543
0.056548 0.745514
0.101491 0.740090
0.095750 0.739541
0.083194 0.739091
0.075213 0.735252
0.076373 0.739175
0.068956 0.738179
0.066671 0.739510
0.069295 0.739405
0.095059 0.733507
0.088700 0.733321
0.081465 0.731373
0.078260 0.733522
0.081959 0.733360
0.397018 0.785637
0.390750 0.786538
0.384479 0.786923
0.378206 0.786735
0.371929 0.786176
0.365651 0.785239
0.409546 0.782051
0.403284 0.784067
0.402179 0.784286
0.403955 0.783937
0.800581 0.772843
0.794315 0.774048
0.788040 0.773673
0.781758 0.772009
0.775483 0.771730
0.769208 0.771267
0.762924 0.769081
0.760625 0.767974
0.756638 0.766497
1.158285 0.754236
1.151659 0.747771
1.144975 0.741340
1.139424 0.740677
1.106509 0.734332
1.100244 0.736048
1.093972 0.736296
1.087699 0.736257
1.132067 0.734638
1.125318 0.732661
1.126230 0.734147
1.119044 0.732376
1.120197 0.733781
1.112773 0.732771
1.107587 0.734016
1.113786 0.733633
1.455177 0.797882
1.448912 0.799196
1.473975 0.793665
1.467710 0.795145
1.461444 0.796518
1.456664 0.797517
1.462308 0.797211
1.480237 0.791686
1.479666 0.791937
1.480520 0.791793
2.052551 0.779749
2.046278 0.779739
2.040001 0.778974
2.033726 0.778445
2.027452 0.778229
2.021177 0.777942
2.014907 0.778478
2.008643 0.780131
2.007127 0.780973
2.470408 0.775494
2.464137 0.775802
2.457866 0.776032
2.451595 0.776556
2.445324 0.776994
2.439054 0.777480
2.432783 0.777910
2.426512 0.778373
2.708677 0.771544
2.727471 0.766861
2.721207 0.768407
2.722737 0.770750
2.714943 0.770352
2.710373 0.771206
2.715382 0.771127
2.706196 0.771059
2.702394 0.769599
2.702638 0.770798
2.741343 0.765095
2.733733 0.764717
2.731391 0.765550
2.734145 0.765400
2.696303 0.764289
2.696127 0.764263
2.697074 0.757887
2.696055 0.757040
2.696223 0.757762
2.689761 0.753028
3.157865 0.760865
3.151584 0.759302
3.145303 0.757749
3.140777 0.756462
3.139020 0.755963
3.132738 0.754197
3.126458 0.752871
3.120181 0.752052
3.113908 0.752096
3.517556 0.755633
3.511297 0.758249
3.562833 0.754470
3.548900 0.751642
3.542627 0.751459
3.536353 0.751291
3.538054 0.753390
3.530082 0.751655
3.531273 0.753450
3.523816 0.753067
3.521622 0.753804
3.524162 0.753691
0.217121 0.745270
0.209219 0.741095
0.210530 0.745222
0.202945 0.740905
0.204357 0.744941
0.196667 0.739841
0.190391 0.739303
0.229327 0.739499
0.186451 0.738707
0.184113 0.738426
0.184193 0.738579
0.177830 0.736433
0.171533 0.731967
0.171328 0.731746
0.165242 0.728493
0.158954 0.725738
0.552173 0.757379
0.539295 0.750981
0.538788 0.750804
0.538895 0.750898
0.532509 0.749812
0.533146 0.750356
0.526228 0.748144
0.527757 0.749632
0.519940 0.745311
0.516748 0.743722
0.513653 0.742537
0.514542 0.743116
0.507367 0.740204
0.501078 0.737078
0.500572 0.736719
0.494784 0.733101
0.489252 0.729897
0.488493 0.729531
0.488663 0.729781
0.898491 0.747769
0.904738 0.742886
0.898683 0.747536
0.898565 0.747488
0.910991 0.739139
0.906754 0.741393
0.905466 0.740914
0.923502 0.732237
0.917243 0.735160
0.916908 0.735340
0.930264 0.729109
1.294178 0.754172
1.287909 0.755059
1.281634 0.754660
1.275352 0.752771
1.312972 0.749533
1.306709 0.751376
1.308001 0.752566
1.300445 0.752996
1.300183 0.753062
1.300484 0.753050
1.274080 0.752128
1.269060 0.749220
1.326918 0.746768
1.634741 0.792835
1.631991 0.791289
1.636007 0.790646
1.628450 0.789300
1.622158 0.785907
1.618929 0.784380
1.623467 0.783742
1.615869 0.782745
1.609586 0.780857
1.603311 0.780301
1.597030 0.778971
1.591487 0.776965
1.590745 0.776727
1.590984 0.776809
1.584462 0.774758
1.578177 0.772343
1.792672 0.798031
1.817721 0.789829
1.811455 0.791118
1.805192 0.792952
1.798930 0.795228
1.798182 0.795494
1.830262 0.788988
1.823992 0.789448
1.818363 0.789795
1.825020 0.789412
2.130077 0.781006
2.142603 0.777219
2.136343 0.779729
2.133373 0.780399
2.136759 0.780277
2.181182 0.775129
2.167664 0.771330
2.161391 0.771401
2.155124 0.772398
2.148859 0.774175
2.148075 0.774490
2.149138 0.774362
3.232228 0.808641
3.225953 0.808313
3.244749 0.803872
3.238491 0.806693
3.233479 0.808114
3.239281 0.807855
3.225137 0.807819
3.219649 0.802311
3.257258 0.796730
3.251001 0.799968
3.247977 0.802222
3.252151 0.801678
3.219086 0.801180
3.217288 0.794691
3.216238 0.788227
3.213276 0.783312
3.212166 0.781657
3.206962 0.775478
3.206531 0.775033
3.207663 0.774664
3.200660 0.769899
3.197789 0.768302
3.194370 0.766804
0.342681 0.765326
0.336310 0.758709
0.330128 0.751978
0.271370 0.750541
0.268695 0.744020
0.266208 0.739809
0.323486 0.739085
0.264432 0.737444
0.317440 0.732273
0.259876 0.728416
0.304049 0.726034
0.303774 0.725959
0.297495 0.724667
0.291217 0.723880
0.284942 0.723482
0.278668 0.723180
0.272397 0.723603
0.266125 0.723879
0.262624 0.724523
0.727911 0.749656
0.676134 0.743857
0.669882 0.748154
0.669376 0.748499
0.669976 0.748467
0.714048 0.743522
0.707486 0.741465
0.708322 0.742964
0.701201 0.739441
0.702561 0.742442
0.694917 0.737265
0.696480 0.742115
0.688642 0.736840
0.690079 0.741966
0.682384 0.739619
0.678465 0.742385
0.683073 0.742150
1.038950 0.788019
1.045207 0.784993
1.042893 0.786154
1.045576 0.786037
1.051453 0.779788
1.051250 0.780020
1.051606 0.779942
1.057672 0.769403
1.055415 0.773745
1.058827 0.767450
1.058384 0.766994
1.070168 0.760045
1.063891 0.759251
1.062647 0.761174
1.058875 0.760273
1.077858 0.754427
1.070768 0.754670
1.064341 0.754525
1.071525 0.747787
1.065366 0.747489
1.406172 0.800600
1.407600 0.804396
1.399902 0.801309
1.401209 0.804241
1.393624 0.800226
1.395255 0.803849
1.419751 0.798638
1.412435 0.798787
1.412009 0.798999
1.412486 0.798986
1.390246 0.798193
1.387333 0.796747
1.387749 0.797859
1.432686 0.792447
1.381095 0.791441
1.381032 0.791369
1.381047 0.791431
1.375364 0.784813
1.374720 0.783903
1.374885 0.784700
1.370767 0.778225
1.369082 0.777777
1.369300 0.771747
1.368356 0.766725
1.368603 0.771592
1.368033 0.765277
1.362042 0.758945
1.361642 0.758625
1.355745 0.754178
1.350684 0.751814
1.349456 0.751070
1.349682 0.751649
1.343170 0.748895
1.674187 0.812725
1.669800 0.810900
1.667898 0.809940
1.661605 0.806077
1.658436 0.804053
1.655312 0.802174
1.649022 0.798797
1.646550 0.797192
1.642726 0.794520
1.637189 0.790429
1.636428 0.789862
1.630137 0.786360
1.624709 0.783558
1.623847 0.783027
1.617560 0.780267
1.611284 0.779932
1.964417 0.823142
1.958149 0.823966
1.951874 0.823770
1.945589 0.821462
1.976949 0.820493
1.970685 0.822150
1.969944 0.822265
1.970992 0.822112
1.945440 0.821367
1.945978 0.821155
1.939294 0.817211
1.936006 0.814607
1.932996 0.812369
1.927205 0.807874
1.926698 0.807441
1.920398 0.802608
1.918402 0.801141
1.914102 0.798146
2.300200 0.821674
2.293922 0.820739
2.301451 0.820919
2.307956 0.820230
2.293722 0.820623
2.294249 0.820438
2.287623 0.815700
2.314357 0.813952
2.285331 0.813891
2.281324 0.810715
2.275032 0.807111
2.274998 0.807088
2.275043 0.807083
2.268741 0.803639
2.264293 0.800276
2.269668 0.799901
2.262441 0.798445
2.256145 0.794062
2.295400 0.794009
2.263613 0.793113
2.254918 0.793514
2.256304 0.793467
2.249859 0.791772
2.243578 0.790072
2.237297 0.788602
2.631258 0.790645
2.624980 0.789567
2.618700 0.788441
2.612420 0.787023
2.607883 0.785478
2.613960 0.784767
2.606136 0.784860
2.599853 0.782873
2.593572 0.781394
2.587290 0.779811
2.581012 0.778796
2.931089 0.785842
2.968692 0.779253
2.962421 0.779636
2.956146 0.779116
2.944649 0.782674
2.937044 0.783009
2.937464 0.782955
2.969886 0.777040
2.963493 0.776879
2.951027 0.777085
2.957007 0.776773
2.949856 0.775961
2.937304 0.774857
2.937159 0.776586
2.937664 0.776398
2.946055 0.770482
2.950982 0.769965
2.943535 0.766780
2.938807 0.770220
2.937899 0.769821
3.334630 0.768900
3.328373 0.771925
3.322110 0.773902
3.321562 0.774072
3.340867 0.762028
3.335815 0.768143
3.347113 0.756861
3.340947 0.761907
3.353367 0.753337
3.348374 0.755763
3.711093 0.760084
3.703440 0.759565
3.703878 0.760399
3.697163 0.759020
3.697808 0.760048
3.690880 0.757013
3.692204 0.759443
3.684591 0.753941
3.683750 0.753501
3.678305 0.751316
3.678900 0.752976
3.672025 0.749866
3.672928 0.752591
3.665749 0.749484
3.659482 0.750679
0.258339 0.760052
0.258722 0.763738
0.252069 0.760576
0.260568 0.757581
0.265077 0.757460
0.261605 0.751192
0.265083 0.751009
0.260234 0.744718
0.265624 0.744264
0.258239 0.741028
0.256523 0.738161
0.258752 0.737928
0.251918 0.731772
0.251914 0.730967
0.251757 0.731567
0.251969 0.731544
0.276973 0.724754
0.270700 0.724611
0.264423 0.724107
0.258151 0.724291
0.254597 0.725244
0.259301 0.724730
0.655650 0.751227
0.649397 0.755094
0.649174 0.755215
0.649445 0.755198
0.668154 0.743275
0.661902 0.747292
0.658840 0.749123
0.662472 0.748920
0.674398 0.737900
0.668466 0.743047
0.675710 0.742533
0.694746 0.736655
0.688522 0.736394
0.680648 0.733421
0.675795 0.736901
0.681532 0.736576
1.037208 0.780572
1.038469 0.786274
1.030949 0.783089
1.031549 0.786412
1.024683 0.784717
1.024945 0.786375
1.018410 0.784584
1.018658 0.786166
1.012136 0.784366
1.049736 0.777175
1.043472 0.778811
1.037294 0.780541
1.043968 0.780487
1.053252 0.774721
1.063744 0.761314
1.950174 0.824277
1.943892 0.822477
1.943647 0.822339
1.937598 0.818501
1.933421 0.815539
1.931302 0.814104
1.925005 0.809526
1.924014 0.808773
1.926138 0.808166
1.918706 0.804597
1.915342 0.802036
1.912408 0.799799
1.906112 0.795581
1.905514 0.795259
1.899823 0.792426
1.893543 0.790947
1.887265 0.790065
2.308171 0.820707
2.301903 0.821609
2.314411 0.814342
2.309234 0.820146
2.315577 0.819684
2.297116 0.819703
2.295616 0.818975
2.289317 0.813957
2.314648 0.813930
2.322205 0.813268
2.288225 0.812962
2.289997 0.812619
2.283009 0.807235
2.316084 0.807570
2.321732 0.807103
2.314359 0.804541
2.281907 0.806312
2.283341 0.806164
2.276699 0.800174
2.310617 0.800946
2.315306 0.800518
2.308051 0.797740
2.301769 0.796024
2.303442 0.799671
2.295487 0.794347
2.290834 0.799266
2.283785 0.799473
2.276199 0.799685
2.276780 0.799657
2.270402 0.795550
2.322244 0.793924
2.308026 0.793004
2.301748 0.791954
2.295480 0.793094
2.294764 0.793932
2.289852 0.793363
2.283984 0.792915
2.277783 0.792661
2.267100 0.792941
2.271097 0.792669
2.264105 0.791045
2.257821 0.789051
2.645493 0.787983
2.639227 0.789353
2.632951 0.788637
2.626672 0.787391
2.620393 0.786206
2.651746 0.784008
2.649466 0.785974
2.614685 0.784703
2.621644 0.784214
2.614111 0.784529
2.607824 0.781963
2.601540 0.779830
3.003465 0.779654
2.997203 0.781675
2.990931 0.781784
2.984649 0.780032
2.978357 0.776424
3.015984 0.774369
3.009726 0.777069
3.009555 0.777154
3.010809 0.776536
2.977618 0.776008
2.972061 0.772213
3.440213 0.789052
3.433949 0.790921
3.427681 0.791696
3.421402 0.790603
3.415116 0.788015
3.446462 0.784395
3.441725 0.788171
3.447762 0.787604
3.413373 0.787141
3.408822 0.783908
3.454154 0.781327
3.405290 0.780431
3.402514 0.777399
3.399564 0.773805
3.396212 0.771839
0.217219 0.745549
0.210949 0.746340
0.204673 0.745695
0.237514 0.745057
0.229740 0.740956
0.230690 0.745142
0.223484 0.744097
0.218629 0.745266
0.223804 0.745264
0.199650 0.744594
0.198393 0.744365
0.198445 0.744522
0.243738 0.738873
0.232007 0.739345
0.236653 0.739113
0.578229 0.770000
0.571944 0.767677
0.565804 0.763747
0.565651 0.763689
0.565921 0.763583
0.559367 0.761817
0.553075 0.758083
0.551396 0.756793
0.546784 0.754586
0.548255 0.755815
0.540502 0.752877
0.534222 0.751596
0.527939 0.749853
0.527307 0.749511
0.521651 0.746838
0.896825 0.754994
0.890565 0.757348
0.884281 0.755142
0.896919 0.754909
0.896860 0.754886
0.891855 0.753958
0.882281 0.754386
0.884780 0.754178
0.877996 0.752859
0.871724 0.753340
0.903060 0.747685
0.901900 0.748673
0.909303 0.741821
0.908335 0.742499
0.916748 0.735644
1.267444 0.765916
1.261175 0.766628
1.254899 0.765976
1.267789 0.765761
1.267485 0.765726
1.261498 0.765346
1.252516 0.765228
1.255198 0.765145
1.248609 0.762795
1.270065 0.759419
1.267392 0.755967
1.267668 0.759178
1.261797 0.758735
1.246057 0.758578
1.293632 0.753153
1.286177 0.749480
1.286849 0.753216
1.279905 0.749585
1.280378 0.753098
1.273633 0.749716
1.274500 0.752644
1.263270 0.752751
1.261097 0.751792
1.261413 0.752499
1.254815 0.749987
1.248551 0.751580
1.247962 0.752213
1.270766 0.746602
1.267624 0.746315
1.262548 0.745429
1.272005 0.740230
1.267290 0.736590
1.267689 0.739836
1.262012 0.739274
1.255966 0.738932
1.263622 0.733500
1.260997 0.732719
1.261269 0.733249
1.254718 0.731408
1.255410 0.732789
1.248441 0.730625
1.249263 0.732501
1.242164 0.729957
1.235891 0.729915
1.489910 0.790490
1.502434 0.786185
1.496174 0.788630
1.490532 0.790282
1.521214 0.778669
1.514955 0.781435
1.516052 0.784111
1.508695 0.783924
1.507490 0.784452
1.508878 0.784394
1.527469 0.775344
1.521427 0.778547
1.528632 0.778104
2.073060 0.777083
2.066791 0.778050
2.060520 0.778282
2.054249 0.778602
2.047977 0.778738
2.041701 0.778267
2.035425 0.777792
2.029150 0.777387
2.431093 0.780540
2.424823 0.780924
2.418550 0.780882
2.412279 0.781220
2.406005 0.781015
2.449906 0.779260
2.443635 0.779647
2.437363 0.780012
2.436678 0.780057
2.431706 0.779500
2.426149 0.778881
2.722924 0.771137
2.741716 0.765883
2.735452 0.767681
2.729187 0.769325
2.724285 0.770697
2.780753 0.765470
2.773866 0.765595
2.767141 0.765624
2.760532 0.765484
2.760567 0.765563
2.754257 0.765173
2.754317 0.765313
2.747984 0.765115
2.747983 0.765115
2.747984 0.765115
3.046171 0.771605
3.058685 0.765575
3.059432 0.769021
3.052431 0.769139
3.052293 0.769197
3.052444 0.769196
3.064936 0.761160
3.061710 0.763106
3.065528 0.762893
3.077436 0.752545
3.071184 0.756565
3.070658 0.757012
3.071327 0.756949
3.091630 0.750347
3.084162 0.750815
3.470318 0.770598
3.482815 0.761332
3.476564 0.765452
3.474626 0.767009
3.477280 0.766690
3.489069 0.757520
3.483643 0.760903
3.490223 0.760460
3.501586 0.752074
3.502738 0.754485
3.495324 0.754271
3.493980 0.754862
3.495561 0.754776
0.013698 0.745043
0.015187 0.746258
0.007415 0.743237
0.001134 0.741696
0.419207 0.778696
0.412948 0.781484
0.425453 0.773410
0.422061 0.776525
0.431683 0.765225
0.428097 0.770315
0.432506 0.764053
0.437899 0.754567
0.436282 0.757774
0.439526 0.751481
0.810244 0.769712
0.822753 0.762596
0.816501 0.766743
0.813615 0.767831
0.817394 0.767447
0.829003 0.758128
0.823470 0.761757
0.868260 0.756000
0.835240 0.751302
0.831468 0.755630
0.837519 0.749442
1.179055 0.760599
1.172786 0.761220
1.166515 0.761553
1.160240 0.761357
1.153964 0.760748
1.147687 0.759993
1.191577 0.756159
1.185315 0.758171
1.180001 0.760275
1.481942 0.791965
1.475682 0.794272
1.469418 0.796162
1.466922 0.796883
1.494464 0.787458
1.488203 0.789718
1.484583 0.791073
1.489663 0.790395
1.500720 0.784296
1.499339 0.785196
1.501119 0.785017
1.521158 0.778571
1.857074 0.791981
1.850799 0.791797
1.844521 0.790764
1.825695 0.789359
1.819421 0.789301
1.813152 0.789900
1.870524 0.790124
1.864346 0.789828
1.858758 0.789201
1.838820 0.789505
1.838241 0.789308
1.831965 0.788777
1.828579 0.789135
2.240235 0.802290
2.247672 0.801036
2.238434 0.801421
2.240488 0.801337
2.233948 0.799518
2.227662 0.797067
2.221950 0.794383
2.228640 0.794019
2.221374 0.794124
2.215087 0.791405
2.208794 0.787672
2.208476 0.787466
2.208967 0.787379
2.202502 0.783985
2.196216 0.781497
2.192305 0.780463
2.189934 0.779808
2.190765 0.779928
2.183651 0.778094
2.177370 0.776488
2.550817 0.779950
2.551257 0.779840
2.544540 0.779198
2.538264 0.778773
2.531991 0.778704
2.525717 0.778405
2.519442 0.778021
2.513165 0.777192
2.506887 0.776465
2.500609 0.775326
2.874088 0.785046
2.867819 0.785734
2.861552 0.786951
2.855275 0.786137
2.875238 0.784900
2.881081 0.784667
2.850876 0.783993
2.848985 0.782842
2.849454 0.783664
2.842695 0.779577
2.838139 0.777113
2.836403 0.776026
2.836737 0.776871
2.830110 0.772276
2.827619 0.770318
2.823811 0.767220
2.817521 0.764013
2.816338 0.763502
3.240209 0.809713
3.252717 0.802364
3.246464 0.806198
3.243958 0.807482
3.258965 0.797538
3.254669 0.801430
3.265211 0.792434
3.261840 0.795268
3.271466 0.789086
3.271138 0.789197
3.271656 0.789098
3.584824 0.761511
3.582013 0.759973
3.583492 0.760543
3.575726 0.757537
3.569445 0.755899
3.563166 0.754662
3.538067 0.753406
3.559591 0.754146
3.556888 0.753680
3.557114 0.753921
3.550612 0.753167
3.550995 0.753610
3.544339 0.753290
3.538539 0.753398
3.544515 0.753505
0.120937 0.756181
0.122533 0.758817
0.114662 0.755850
0.115961 0.758760
0.108384 0.754926
0.109505 0.758638
0.103253 0.758405
0.097097 0.758124
0.102749 0.752635
0.102097 0.752171
0.102134 0.752591
0.096241 0.752148
0.090253 0.751770
0.070697 0.745605
0.096065 0.745969
0.095766 0.741043
0.095811 0.745948
0.089728 0.745614
0.083210 0.739259
0.083668 0.745275
0.076956 0.742835
0.072262 0.745128
0.077256 0.745134
0.094832 0.739503
0.089482 0.738924
0.084670 0.739135
0.089519 0.739288
0.635187 0.762462
0.628943 0.768094
0.641434 0.757645
0.635499 0.762158
0.647680 0.752428
0.643290 0.756008
0.653926 0.747285
0.650746 0.749858
0.654967 0.749386
0.668080 0.743077
0.660179 0.743492
0.659743 0.743779
0.660294 0.743728
0.674124 0.737007
1.037201 0.780541
1.030452 0.780585
1.023918 0.780504
1.017648 0.780277
1.011384 0.780048
1.005192 0.779785
1.029201 0.774683
1.029240 0.774858
1.022927 0.774517
1.022946 0.774630
1.016650 0.773729
1.016742 0.774353
1.010376 0.773454
1.010468 0.774122
1.004096 0.772281
1.004287 0.773841
0.997810 0.769645
0.998232 0.773496
0.992237 0.773126
0.992176 0.767094
0.991521 0.766668
0.991552 0.767055
0.985216 0.760522
0.985631 0.766643
0.985130 0.760420
0.978921 0.756399
0.975749 0.753666
0.972621 0.751159
0.967696 0.746960
0.966316 0.745109
0.962732 0.740361
1.405717 0.799041
1.399194 0.798950
1.393160 0.798576
1.385588 0.788862
1.386201 0.792302
1.383159 0.786145
1.379272 0.780784
1.379962 0.785608
1.378240 0.779542
1.373867 0.778831
1.375535 0.773024
1.373493 0.772609
1.373143 0.766379
1.368280 0.765327
1.368865 0.759939
1.366606 0.757808
1.367098 0.759568
1.360310 0.753407
1.361975 0.758675
1.359752 0.753176
1.354016 0.749426
1.354939 0.752438
1.347727 0.746320
1.335181 0.746332
1.328917 0.747999
1.322653 0.749849
1.347555 0.746300
1.341451 0.745741
1.338707 0.745975
1.341630 0.745973
2.293801 0.820704
2.267057 0.807323
2.260773 0.805174
2.254483 0.802124
2.262095 0.800412
2.252188 0.800873
2.254811 0.800763
2.248192 0.798596
2.241905 0.795846
2.235622 0.793940
2.249375 0.793612
2.242477 0.793740
2.235332 0.793833
2.235657 0.793823
2.229336 0.791648
2.223052 0.789475
2.216770 0.787569
2.214674 0.786675
2.217244 0.786487
2.210483 0.784932
2.204193 0.781888
2.604445 0.787376
2.600052 0.786241
2.605576 0.785739
2.598164 0.785699
2.591884 0.784227
2.585602 0.782490
2.579322 0.781233
2.573044 0.780294
2.566767 0.779489
2.560492 0.779130
2.554217 0.778656
2.890034 0.783852
2.883775 0.786485
2.927008 0.784723
2.921395 0.783061
2.922073 0.784113
2.915105 0.779719
2.908831 0.779558
2.902563 0.780549
2.896297 0.781925
2.891211 0.783402
3.306201 0.782125
3.299933 0.783065
3.293666 0.784127
3.287399 0.785478
3.281132 0.786496
3.277210 0.787372
3.318728 0.778609
3.312467 0.780795
3.306783 0.781996
3.306298 0.781917
3.300649 0.781336
3.624762 0.760427
3.618514 0.765149
3.616443 0.765987
3.625274 0.759866
3.630998 0.753382
3.630793 0.753639
3.631337 0.753456
3.651459 0.746954
3.643490 0.743078
3.637236 0.746518
3.636341 0.747422
3.637686 0.747197
0.389043 0.785942
0.382774 0.786552
0.376501 0.786583
0.370225 0.785871
0.363945 0.784604
0.357911 0.783705
0.357667 0.783674
0.357690 0.783683
0.351385 0.781997
0.345088 0.777348
0.344553 0.776808
0.338779 0.770483
0.338544 0.770171
0.332477 0.764861
0.331039 0.763484
0.326172 0.758774
0.318799 0.743776
0.315994 0.737250
0.313493 0.733433
0.311567 0.730670
0.773773 0.770324
0.767499 0.769996
0.777617 0.769632
0.780273 0.769587
0.765989 0.769190
0.761212 0.767529
0.762343 0.768373
0.754925 0.764748
0.748639 0.762252
0.748320 0.762121
0.742354 0.760015
0.743360 0.761358
0.736065 0.756974
0.733415 0.755165
0.729770 0.752822
0.723910 0.748407
0.723472 0.748060
0.717185 0.745221
1.057142 0.772803
1.057905 0.766400
1.090674 0.757056
1.084402 0.757042
1.059305 0.756063
1.058159 0.759981
1.091391 0.754320
1.079780 0.754339
1.085058 0.754120
1.078101 0.751667
1.060127 0.753624
1.098065 0.747881
1.092287 0.747360
1.085786 0.747262
1.074054 0.747707
1.078515 0.747604
1.071802 0.746711
1.065531 0.746945
1.064547 0.747359
1.104721 0.741457
1.407898 0.805063
1.401626 0.805236
1.395348 0.804116
1.420421 0.800556
1.421937 0.803848
1.414164 0.803744
1.411878 0.804373
1.414445 0.804300
1.394724 0.803779
1.432930 0.793552
1.434157 0.798028
1.426675 0.797054
1.424403 0.798403
1.427054 0.798273
1.446237 0.792329
1.435097 0.792389
1.439581 0.792317
1.708980 0.816900
1.702708 0.817145
1.715239 0.814279
1.709539 0.816686
1.709162 0.816558
1.700716 0.816363
1.703166 0.816173
1.696420 0.814365
1.690134 0.811783
1.683854 0.810485
1.721493 0.810629
1.721360 0.810714
1.721585 0.810664
1.677918 0.809132
1.677573 0.809029
1.677958 0.808911
1.671292 0.807414
1.994461 0.793007
1.993419 0.794343
2.000702 0.786923
1.999299 0.788121
2.025749 0.778482
2.019476 0.778385
2.013209 0.779489
2.006949 0.781883
2.006813 0.781968
2.338233 0.794004
2.357013 0.786780
2.350751 0.788820
2.344492 0.791412
2.340995 0.792533
2.375824 0.785101
2.369552 0.785244
2.363281 0.785593
2.357378 0.786688
2.357092 0.786631
2.352180 0.785655
2.655102 0.774414
2.653370 0.777637
2.658222 0.771377
2.661314 0.762827
2.660482 0.765030
2.662850 0.758692
2.700447 0.752713
2.680050 0.747148
2.673784 0.748420
2.667526 0.751103
2.665792 0.752378
2.669204 0.751498
2.686917 0.746382
3.038186 0.770016
3.031924 0.772114
3.025661 0.773827
3.050706 0.764884
3.044446 0.767467
3.038942 0.769732
3.045258 0.769480
3.056963 0.761988
3.052724 0.763817
3.057833 0.763474
3.448185 0.788300
3.441925 0.790732
3.435657 0.791650
3.429385 0.791846
3.454425 0.781770
3.449390 0.787409
3.454976 0.781192
3.460650 0.772857
3.458650 0.774910
3.462152 0.774124
3.464792 0.768730
3.468080 0.768111
3.474291 0.761948
0.368926 0.784909
0.362236 0.783545
0.363411 0.784225
0.355954 0.781705
0.351195 0.778077
0.349655 0.776837
0.349910 0.777874
0.344973 0.776888
0.346139 0.771470
0.343338 0.768295
0.343848 0.771078
0.338738 0.770202
0.340586 0.764844
0.337029 0.761492
0.337574 0.764407
0.332278 0.763637
0.333913 0.758177
0.330720 0.754523
0.331258 0.757761
0.325890 0.757035
0.327994 0.751538
0.325060 0.751049
0.324585 0.744993
0.324394 0.744619
0.324437 0.744962
0.319591 0.743935
0.320999 0.738440
0.318067 0.734279
0.318761 0.737949
0.315905 0.731832
0.311763 0.728318
0.312814 0.731098
0.306737 0.725076
0.305470 0.724414
0.306023 0.724720
0.299182 0.721674
0.292904 0.720705
0.286633 0.720991
0.773486 0.769653
0.767257 0.769387
0.754209 0.762770
0.748601 0.762152
0.743655 0.756582
0.740626 0.755311
0.740951 0.756277
0.734340 0.752900
0.735491 0.755576
0.728053 0.750030
0.726967 0.749535
0.721767 0.747576
0.715483 0.745667
0.709203 0.744182
0.702924 0.743016
0.696648 0.742474
0.690376 0.742758
1.098585 0.744369
1.092325 0.746956
1.086041 0.744764
1.079750 0.741362
1.073477 0.741385
1.067214 0.743199
1.104838 0.740765
1.103903 0.741349
1.099192 0.740785
1.093047 0.740484
1.086649 0.740330
1.080093 0.740265
1.074081 0.739904
1.111788 0.734788
1.422143 0.804202
1.434664 0.799438
1.428402 0.801653
1.423252 0.803776
1.459730 0.794654
1.453459 0.794917
1.455020 0.797551
1.447189 0.795408
1.448217 0.797624
1.440927 0.797574
1.439680 0.797926
1.441058 0.797898
1.730948 0.815564
1.723198 0.811176
1.724386 0.815503
1.716934 0.812770
1.717991 0.815353
1.710664 0.813336
1.704389 0.812798
1.698105 0.810991
1.737233 0.809333
1.729453 0.807444
1.725918 0.809826
1.730009 0.809644
1.735694 0.801424
1.733700 0.803695
1.736421 0.803352
1.748942 0.797403
1.742478 0.797277
2.221208 0.794459
2.207100 0.789486
2.205520 0.788413
2.200807 0.785535
2.194516 0.782268
2.192886 0.781517
2.188227 0.779199
2.181939 0.776190
2.176907 0.774506
2.175655 0.774117
2.175825 0.774364
2.169377 0.773079
2.170014 0.773883
2.163102 0.772812
2.163868 0.773596
2.156832 0.773462
2.155648 0.773753
2.157056 0.773673
2.524014 0.778481
2.517740 0.778262
2.511463 0.777534
2.505187 0.776830
2.498908 0.775686
2.492629 0.774772
2.486351 0.773731
2.480075 0.773040
2.473797 0.772095
2.995504 0.782408
2.989232 0.782441
2.982951 0.781069
2.976663 0.778278
3.009130 0.777512
2.972128 0.776819
2.970378 0.775961
2.964100 0.774955
2.957819 0.773424
2.953493 0.769732
2.958399 0.769553
2.951520 0.768442
2.945236 0.766281
3.407021 0.775127
3.400184 0.768784
3.342571 0.762285
3.387205 0.762126
3.380186 0.757766
3.348823 0.758018
3.343863 0.760997
3.374288 0.755676
3.373902 0.755579
3.373944 0.755635
3.367621 0.754255
3.368177 0.755109
3.361344 0.753412
3.362165 0.754734
3.355078 0.754646
3.354417 0.754943
3.355256 0.754868
3.712818 0.772010
3.711426 0.761556
3.712552 0.765706
3.705169 0.764561
3.705606 0.765857
3.698886 0.762542
3.692601 0.760304
3.717673 0.756393
3.712961 0.759953
3.718870 0.759456
3.689063 0.759105
3.686317 0.758294
3.723925 0.752405
3.721125 0.753838
3.724663 0.753515
3.737270 0.747518
0.042214 0.748374
0.035951 0.750389
0.029682 0.751169
0.023404 0.750027
0.054728 0.742342
0.048471 0.745386
0.047045 0.746252
0.048913 0.746054
0.060981 0.738468
0.058447 0.740258
0.061683 0.739946
0.447507 0.740911
0.445727 0.743225
0.505310 0.738149
0.453742 0.733564
0.451018 0.736981
0.459974 0.725775
0.456075 0.730736
0.472482 0.718554
0.466210 0.718767
0.461285 0.724505
0.868333 0.756013
0.830710 0.758963
0.827960 0.760911
0.868198 0.755951
0.869009 0.755554
0.862042 0.752802
0.836942 0.751264
0.834911 0.754725
0.837802 0.754334
0.855844 0.749066
0.855750 0.748994
0.855826 0.749017
0.849456 0.745045
0.843181 0.744588
0.839334 0.748458
0.838176 0.747682
0.843809 0.741810
0.837873 0.741399
1.379120 0.779669
1.308419 0.752796
1.302154 0.754227
1.295887 0.755303
1.360223 0.753248
1.327208 0.746869
1.320944 0.748577
1.314681 0.750493
1.309805 0.752381
1.316354 0.751637
1.347722 0.746310
1.333471 0.745085
1.328045 0.746629
1.334810 0.746058
1.701027 0.821456
1.694738 0.818323
1.714407 0.817401
1.692408 0.817103
1.695490 0.816746
1.688447 0.815070
1.682165 0.813322
1.675881 0.811137
1.721469 0.810734
1.672845 0.809959
1.677486 0.809167
1.669595 0.808473
1.663302 0.804768
1.660848 0.803106
1.657007 0.800567
1.650714 0.796815
1.649965 0.796296
1.644417 0.792244
1.641121 0.789561
1.638118 0.787144
1.980330 0.815557
1.981471 0.814203
1.986553 0.806098
1.985360 0.807913
1.992778 0.796868
1.989597 0.801639
1.999011 0.789297
1.993989 0.795378
1.993722 0.794792
1.999151 0.789152
1.999192 0.789040
2.005250 0.782873
2.005113 0.782964
2.316148 0.820901
2.309872 0.820230
2.303592 0.818992
2.322395 0.815692
2.319976 0.819503
2.310605 0.818744
2.303459 0.818924
2.303626 0.818911
2.297300 0.815235
2.323140 0.813194
2.324989 0.806842
2.322320 0.801468
2.303492 0.799726
2.290946 0.799747
2.322286 0.794935
2.320614 0.800260
2.316011 0.794806
2.316816 0.799653
2.309759 0.798797
2.304922 0.799694
2.309889 0.799796
2.302325 0.799602
2.297212 0.798511
2.293587 0.799298
2.297475 0.799282
2.334823 0.793343
2.335747 0.793834
2.328553 0.793888
2.323359 0.793944
2.328758 0.794019
2.320717 0.793845
2.316004 0.793437
2.309724 0.792048
2.303443 0.790483
2.297165 0.789476
2.290886 0.788288
2.284614 0.788607
2.647185 0.785723
2.640920 0.787260
2.634641 0.786324
2.653426 0.779709
2.648480 0.784891
2.647627 0.784596
2.654449 0.778685
2.653958 0.778341
2.657709 0.772385
2.659613 0.763374
2.658748 0.766007
2.661114 0.759683
3.011424 0.776235
3.005161 0.778133
2.998895 0.779436
3.023950 0.772233
3.017688 0.774607
3.011559 0.776195
3.036471 0.767712
3.038016 0.769800
3.030209 0.769693
3.028391 0.770383
3.030549 0.770255
3.049867 0.764233
3.439916 0.788286
3.433015 0.788420
3.426634 0.788246
3.419664 0.783884
3.420652 0.787843
3.414902 0.787318
3.414828 0.781806
3.413375 0.780914
3.413547 0.781653
3.407073 0.775387
3.408188 0.780898
3.406852 0.775088
3.400773 0.770248
3.402005 0.774178
3.397747 0.768331
3.394483 0.766903
3.394947 0.767951
3.388195 0.764206
3.389568 0.767232
3.382243 0.761345
3.381907 0.761187
3.381955 0.761307
3.375623 0.759005
3.376268 0.760762
3.369342 0.757604
3.363065 0.756761
0.040514 0.748985
0.034248 0.750262
0.027975 0.750422
0.021694 0.748864
0.015409 0.746485
0.014432 0.746099
0.009125 0.744507
0.002842 0.742710
0.404985 0.783853
0.398721 0.785453
0.392451 0.786247
0.417506 0.779203
0.411248 0.781888
0.406107 0.783394
0.423754 0.774278
0.419885 0.777473
0.426701 0.771312
0.808545 0.770446
0.802283 0.772695
0.796012 0.773040
0.789739 0.772989
0.783459 0.771569
0.814792 0.765582
0.810874 0.768754
0.821043 0.761333
0.818026 0.762604
0.822316 0.761978
1.251416 0.780180
1.244685 0.780214
1.238294 0.773607
1.231543 0.767216
1.180756 0.760166
1.174491 0.761672
1.231857 0.760592
1.199549 0.755124
1.193282 0.756274
1.187018 0.758045
1.183388 0.759373
1.213278 0.753306
1.205812 0.753325
1.205448 0.753750
1.205896 0.753716
1.208016 0.747430
1.208147 0.741021
1.516678 0.785202
1.510413 0.786583
1.529195 0.779656
1.530610 0.783442
1.522938 0.782730
1.520362 0.783897
1.523334 0.783773
1.535445 0.775376
1.531642 0.777876
1.536226 0.777578
1.547957 0.768878
1.549659 0.771085
1.541697 0.771376
1.540823 0.771796
1.541910 0.771705
1.972388 0.822032
1.966120 0.823141
1.959850 0.823662
1.953574 0.823112
1.978644 0.818721
1.973871 0.821367
1.984877 0.811208
1.982039 0.815242
1.986199 0.808979
1.985784 0.808396
1.989869 0.802703
1.998251 0.789599
2.423132 0.783260
2.416859 0.783236
2.410587 0.783488
2.404313 0.783289
2.398038 0.782834
2.391762 0.782198
2.385482 0.781147
2.379206 0.780425
2.437286 0.780129
2.708554 0.771213
2.726835 0.765774
2.719920 0.765916
2.713215 0.765581
2.713278 0.765896
2.706931 0.763282
2.707257 0.765510
2.701690 0.764876
2.702127 0.759096
2.700616 0.755281
2.700931 0.758868
2.669231 0.751526
2.664297 0.757742
2.699685 0.752587
2.694309 0.748994
2.694998 0.752000
2.688028 0.747364
2.689368 0.751415
2.681756 0.747591
2.675490 0.748879
2.669271 0.751485
3.072912 0.761313
3.071653 0.762451
3.073134 0.762376
3.091674 0.750375
3.085412 0.752408
3.086817 0.755741
3.079156 0.755819
3.078555 0.756266
3.079284 0.756218
3.111183 0.750627
3.104214 0.749451
3.105140 0.750254
3.097941 0.749243
3.091933 0.750332
3.098595 0.750179
3.490794 0.761726
3.503310 0.756110
3.497050 0.758622
3.493880 0.760258
3.497568 0.760091
3.522100 0.750587
3.515834 0.751784
3.516940 0.753998
3.509569 0.753570
3.507436 0.754314
3.509855 0.754231
0.202291 0.739697
0.196215 0.739341
0.189829 0.739171
0.182416 0.739549
0.176134 0.737848
0.140233 0.738088
0.170510 0.732740
0.169833 0.732433
0.170854 0.732131
0.163547 0.730006
0.157261 0.727620
0.150985 0.726849
0.144724 0.729144
0.141792 0.731712
0.151477 0.725328
0.145480 0.724961
0.605051 0.775111
0.598777 0.774993
0.592498 0.773729
0.586214 0.771583
0.581973 0.769717
0.579928 0.769231
0.580462 0.769343
0.573642 0.766777
0.567352 0.763506
0.565564 0.762706
0.561070 0.761734
0.554784 0.759418
0.548495 0.756205
1.009585 0.768199
1.003475 0.767866
0.997524 0.767449
1.002766 0.761848
0.996843 0.761401
0.991027 0.760906
0.985209 0.760426
0.989739 0.751632
0.990235 0.754924
0.984410 0.754432
0.978592 0.753950
0.984914 0.748606
0.983445 0.747634
0.983573 0.748478
0.977146 0.742580
0.977775 0.747967
0.972074 0.747419
0.976560 0.741874
0.970843 0.736959
0.971567 0.741259
0.965917 0.740687
0.968414 0.735151
0.964551 0.733267
0.964949 0.734785
0.958263 0.730494
0.959350 0.734183
0.952404 0.728143
0.951977 0.728002
0.952027 0.728101
0.945698 0.726754
0.946312 0.727568
0.939421 0.725991
0.933151 0.726590
0.930604 0.727381
1.272039 0.770609
1.265772 0.771784
1.259500 0.771871
1.253217 0.770178
1.246929 0.767324
1.273057 0.766354
1.245512 0.765982
1.247752 0.765568
1.279003 0.760345
1.273482 0.759667
1.242200 0.759439
1.279595 0.753556
1.273543 0.753191
1.267196 0.753002
1.259373 0.747678
1.253111 0.750018
1.246849 0.751955
1.245484 0.753136
1.219161 0.752207
1.260048 0.747263
1.267107 0.746613
1.218607 0.745757
1.216833 0.739267
1.253015 0.731604
1.246736 0.730441
1.240458 0.729490
1.234183 0.729007
1.227913 0.729506
1.221651 0.731665
1.219746 0.732941
1.222576 0.732505
1.614974 0.784797
1.607900 0.784172
1.601617 0.782191
1.595332 0.779834
1.590029 0.777939
1.589047 0.777610
1.582760 0.774925
1.576470 0.771704
1.574551 0.770950
1.570184 0.769262
1.563908 0.768655
1.557643 0.770083
1.557027 0.770332
1.557900 0.770214
1.910413 0.803095
1.883868 0.791822
1.877588 0.790419
1.852491 0.789603
1.846217 0.789245
1.874821 0.789790
1.871306 0.788720
1.865030 0.788360
1.858762 0.789191
1.858705 0.789196
1.853483 0.788424
1.840158 0.788542
1.839939 0.788505
2.577628 0.783146
2.571350 0.781950
2.565071 0.780880
2.558795 0.780267
2.552518 0.779552
2.546516 0.778889
2.546241 0.778860
2.546464 0.778754
2.539967 0.778492
2.533692 0.778153
2.527415 0.777604
2.882065 0.785179
2.875797 0.786108
2.869526 0.786566
2.863262 0.788102
2.856990 0.788296
2.894592 0.781462
2.888328 0.783190
2.884851 0.784198
2.889531 0.783640
3.260661 0.796191
3.273171 0.789349
3.266913 0.792202
3.263315 0.794306
3.298244 0.785678
3.291973 0.786266
3.285703 0.786649
3.279435 0.787614
3.276532 0.788348
3.719405 0.761931
3.716066 0.765480
3.725649 0.756531
3.722007 0.759258
3.726340 0.759014
3.738156 0.748953
3.731898 0.751986
3.729497 0.753100
3.732401 0.752906
3.744418 0.746961
3.743556 0.747201
3.744534 0.747166
0.122654 0.758959
0.116385 0.759558
0.110116 0.760280
0.103843 0.760522
0.135185 0.755859
0.128921 0.757894
0.123836 0.758792
0.141437 0.752056
0.140076 0.752972
0.148084 0.746609
0.143059 0.745644
0.155472 0.739748
0.518964 0.744405
0.511943 0.741409
0.505655 0.738478
0.504726 0.737909
0.499363 0.734964
0.500920 0.736823
0.493715 0.731077
0.493068 0.730690
0.493292 0.730924
0.486776 0.727115
0.461687 0.727465
0.459196 0.729849
0.481183 0.724195
0.480486 0.723859
0.480615 0.724097
0.474204 0.722038
0.474784 0.723625
0.467938 0.723465
0.467619 0.723710
0.467999 0.723689
0.977065 0.741941
0.912678 0.735912
0.970526 0.735423
0.925195 0.730405
0.918935 0.732877
0.915625 0.734277
0.957487 0.728801
0.950267 0.726639
0.943993 0.726424
0.937721 0.726688
0.931455 0.727984
0.930496 0.728378
1.251562 0.779228
1.245274 0.776333
1.265349 0.773398
1.259251 0.773059
1.252660 0.773010
1.242417 0.773329
1.245712 0.773170
1.238966 0.769589
1.237041 0.766710
1.239431 0.766501
1.238890 0.755097
1.235302 0.760227
1.240123 0.759661
1.213801 0.755722
1.207527 0.755525
1.201254 0.755646
1.194985 0.756423
1.239811 0.753983
1.214899 0.753056
1.213766 0.749034
1.259219 0.747328
1.212989 0.746564
1.214012 0.746444
1.213702 0.736869
1.211734 0.740096
1.214750 0.739586
1.226210 0.729698
1.219944 0.731040
1.215777 0.733825
1.731204 0.816791
1.751227 0.815417
1.744377 0.815516
1.737451 0.811737
1.734256 0.815533
1.737709 0.815514
1.751284 0.808938
1.738835 0.809267
1.744339 0.809089
1.776435 0.803372
1.768773 0.803638
1.762486 0.800996
1.756201 0.798670
1.749922 0.797393
1.751572 0.802332
1.743655 0.798744
1.740580 0.802905
1.744206 0.802719
2.081026 0.775253
2.074757 0.775972
2.068490 0.777056
2.062218 0.777218
2.055946 0.777491
2.107612 0.775214
2.099841 0.774478
2.101061 0.775141
2.093568 0.774487
2.094962 0.774812
2.087296 0.774720
2.081936 0.775182
2.088549 0.774665
2.929381 0.784872
2.923107 0.784881
2.935620 0.778374
2.933464 0.783901
2.919930 0.783410
2.916815 0.781193
2.917434 0.782965
2.910536 0.779951
2.904269 0.780983
2.935912 0.777573
2.936569 0.777011
2.939057 0.771276
2.942680 0.764456
3.320419 0.776120
3.314156 0.778002
3.307887 0.778918
3.301616 0.779336
3.332935 0.770482
3.326679 0.773725
3.323153 0.775135
3.321852 0.774232
3.334978 0.769158
3.340351 0.762203
3.632702 0.753510
3.684464 0.753604
3.651487 0.747013
3.638952 0.749165
3.634009 0.752750
3.676801 0.747746
3.670296 0.745245
3.671005 0.747228
3.664020 0.744502
3.664848 0.746929
3.657753 0.745672
3.651889 0.746952
3.658177 0.746928
3.647309 0.746788
3.645212 0.746657
3.645076 0.746708
3.645232 0.746702
