0.127967 0.819175
0.121695 0.818854
0.115419 0.819335
0.109141 0.819820
0.102865 0.820259
0.096586 0.821296
0.140464 0.829249
0.134215 0.824324
0.131813 0.823141
0.141103 0.829668
0.154425 0.836253
1.291740 0.781291
1.286236 0.783600
1.285452 0.783940
1.285839 0.783611
1.279160 0.787427
1.274387 0.790067
1.272867 0.790992
1.273541 0.790100
1.266578 0.793808
1.260758 0.796545
1.260289 0.796820
1.260452 0.796555
1.253997 0.800269
1.247709 0.802960
1.247523 0.803038
1.241419 0.805891
1.616566 0.803880
1.610292 0.803812
1.604021 0.803326
1.597749 0.802926
1.591473 0.803128
1.635368 0.807919
1.629100 0.806787
1.622833 0.805298
1.620837 0.804866
1.616838 0.804873
1.610646 0.804873
1.604654 0.804891
1.636845 0.811468
1.813766 0.811781
1.832564 0.816435
1.826300 0.814510
1.820034 0.812830
1.818198 0.812501
1.845070 0.824546
1.838820 0.819742
1.837662 0.819013
1.839188 0.819035
1.851309 0.831485
1.846118 0.825529
1.852421 0.825593
1.851688 0.832042
1.858982 0.832119
1.857528 0.842085
1.855245 0.838552
1.858115 0.838579
1.859490 0.845067
1.864605 0.845107
1.877330 0.851655
1.870603 0.851620
2.283520 0.814787
2.302316 0.820023
2.296060 0.816546
2.289791 0.815420
2.283794 0.814830
2.283472 0.814830
2.277231 0.817610
2.308563 0.825231
2.303549 0.821374
2.302949 0.821396
2.271495 0.821320
2.270935 0.821829
2.271427 0.821357
2.264633 0.827410
2.310053 0.827950
2.264236 0.827818
2.258323 0.834102
2.258134 0.834321
2.679255 0.797315
2.672706 0.797287
2.658738 0.799068
2.652458 0.800225
2.646167 0.803617
2.653246 0.803713
2.646043 0.803663
2.646177 0.803664
2.639884 0.805324
2.633597 0.807498
2.641293 0.810235
2.630318 0.810134
2.634370 0.810187
2.627301 0.811876
2.621019 0.813311
2.614748 0.812826
2.608475 0.812633
2.977478 0.785451
2.971215 0.783250
2.964949 0.781777
2.958681 0.780490
2.983739 0.788144
2.978687 0.785941
2.996238 0.797461
2.989990 0.792489
2.989946 0.792457
2.990307 0.792473
3.002487 0.802377
2.997975 0.798978
2.997580 0.799041
3.007938 0.805510
3.267678 0.780556
3.261412 0.778949
3.280195 0.786614
3.273938 0.783286
3.268754 0.780983
3.319300 0.787640
3.286450 0.790303
3.281570 0.787492
3.312043 0.794089
3.305230 0.798594
3.306171 0.794084
3.298955 0.798793
3.300085 0.794079
3.292699 0.795326
3.291078 0.794010
3.293124 0.794033
3.628423 0.808582
3.648637 0.808832
3.642154 0.808804
3.635736 0.808780
3.628093 0.808726
3.628556 0.808730
3.622133 0.811655
3.615846 0.813992
3.611286 0.815177
3.609564 0.815557
3.603283 0.816747
3.597003 0.817938
3.590718 0.820080
3.584785 0.821651
3.584435 0.821742
3.578148 0.824152
0.012630 0.822506
0.006444 0.822491
0.000190 0.822478
0.420071 0.798605
0.416540 0.800612
0.417297 0.798619
0.410249 0.803900
0.408286 0.805067
0.403951 0.808512
0.404904 0.805105
0.399933 0.811547
0.397649 0.813632
0.398111 0.811568
0.392846 0.811639
0.393069 0.818035
0.391343 0.819933
0.391668 0.818052
0.388028 0.824528
0.385027 0.828052
0.385625 0.824567
0.381290 0.831023
0.378728 0.832835
0.379087 0.831049
0.372433 0.836602
0.371092 0.837522
0.366146 0.839353
1.071068 0.787957
1.064801 0.786462
1.058531 0.785576
1.052259 0.785317
1.045983 0.785736
1.089861 0.793576
1.083594 0.792209
1.077331 0.790142
1.074517 0.789034
1.312296 0.774619
1.306018 0.775443
1.300751 0.777200
1.299733 0.777564
1.301015 0.777271
1.293443 0.780367
1.287157 0.782716
1.285123 0.783675
1.280866 0.785964
1.274577 0.788972
1.271707 0.790170
1.268288 0.791694
1.630777 0.810858
1.624507 0.810159
1.618236 0.809416
1.655837 0.817922
1.649573 0.816027
1.643309 0.814099
1.637046 0.811792
1.634656 0.811477
1.631162 0.811500
1.625121 0.811519
1.675828 0.818119
1.662108 0.818659
1.656400 0.818023
1.662406 0.818051
1.993455 0.793574
1.987185 0.792936
1.980913 0.792243
1.974635 0.793057
2.012268 0.795522
2.005998 0.794565
1.999726 0.794161
1.996047 0.793805
1.993651 0.793809
1.988362 0.793868
1.971399 0.793778
1.968353 0.794547
1.962068 0.796748
2.285219 0.814756
2.297747 0.818727
2.291484 0.816609
2.285698 0.814952
2.284715 0.814953
2.303998 0.823007
2.301514 0.821451
2.316498 0.832553
2.310246 0.828328
2.309843 0.827959
2.335287 0.838870
2.329012 0.839054
2.322752 0.836397
2.319325 0.834478
2.317434 0.834523
2.336484 0.841067
2.330289 0.841059
2.688908 0.803485
2.739445 0.804119
2.732815 0.806006
2.733946 0.804127
2.726531 0.807841
2.720247 0.809885
2.689837 0.804015
2.687131 0.804015
2.689215 0.804040
2.718042 0.810543
2.713962 0.811799
2.714981 0.810592
2.707672 0.814779
2.695131 0.813515
2.690591 0.810512
2.687560 0.810514
2.689297 0.810548
2.682573 0.815247
2.702868 0.817017
2.701384 0.817475
2.699729 0.817014
3.157075 0.785235
3.150802 0.784822
3.144526 0.785160
3.138250 0.785658
3.131974 0.786060
3.170509 0.786852
3.164561 0.786842
3.158212 0.786823
3.128811 0.786715
3.133060 0.786791
3.125693 0.787268
3.119407 0.789467
3.113119 0.792209
3.110857 0.793208
3.106832 0.794721
3.527464 0.818522
3.521189 0.818564
3.527896 0.821219
3.515106 0.821168
3.521494 0.821197
3.514901 0.821237
3.508605 0.825325
3.516039 0.827729
3.502475 0.827644
3.509009 0.827676
3.502319 0.827688
3.496037 0.829274
3.489755 0.830779
3.483475 0.831721
3.477191 0.833706
0.129655 0.821182
0.123382 0.821014
0.142166 0.828500
0.135913 0.824582
0.132469 0.823235
0.130201 0.823279
0.148427 0.831131
0.144618 0.829746
0.142522 0.829765
0.160920 0.841873
0.154672 0.836566
0.154305 0.836263
0.150080 0.836359
0.167180 0.844634
0.163031 0.842787
0.161083 0.842786
0.156242 0.842853
0.174058 0.849340
0.167943 0.849327
0.162258 0.849344
0.712545 0.793619
0.692486 0.797148
0.686206 0.798278
0.679928 0.798940
0.694029 0.800080
0.687651 0.800064
0.674463 0.799967
0.680539 0.800009
0.673647 0.800151
0.667367 0.801432
0.661086 0.802708
0.654812 0.802631
0.648544 0.801405
0.644912 0.799948
1.381721 0.796245
1.375458 0.794108
1.369192 0.792549
1.394230 0.803701
1.387976 0.799768
1.383639 0.797188
1.381977 0.797205
1.400484 0.807821
1.394231 0.803702
1.394231 0.803702
1.389182 0.803777
1.412990 0.815839
1.406735 0.812177
1.404053 0.810224
1.402123 0.810307
1.415749 0.816761
1.414004 0.816788
1.861022 0.823509
1.867268 0.828787
1.863920 0.825758
1.873507 0.835474
1.870665 0.832255
1.874221 0.832310
1.918063 0.838871
1.911126 0.840855
1.904836 0.843739
1.886008 0.844873
1.879747 0.842092
1.875669 0.838756
1.880908 0.838842
1.925125 0.845417
1.918846 0.845399
1.912139 0.845366
1.901055 0.845298
1.905258 0.845325
1.898547 0.846573
1.892270 0.847042
1.887100 0.845267
2.311927 0.831723
2.307780 0.828080
2.355807 0.839113
2.349531 0.839593
2.343250 0.840801
2.324434 0.839520
2.318178 0.836003
2.315846 0.834575
2.376091 0.841248
2.369445 0.841215
2.363207 0.841198
2.357164 0.841195
2.350699 0.841175
2.341506 0.841100
2.343455 0.841113
2.336970 0.841951
2.330698 0.841658
2.328637 0.841080
2.325566 0.841163
2.687219 0.801768
2.680964 0.798043
2.674665 0.802615
2.688583 0.803905
2.682009 0.803967
2.673729 0.803886
2.674775 0.803895
2.668362 0.808324
2.719728 0.810529
2.705980 0.813730
2.699700 0.814583
2.693437 0.812515
2.690613 0.810408
2.681876 0.810458
2.675108 0.810420
2.665077 0.810384
2.668605 0.810404
2.662071 0.811591
2.701067 0.816996
3.130281 0.784734
3.123998 0.786441
3.123709 0.786626
3.124366 0.786641
3.117708 0.789684
3.112486 0.793098
3.111413 0.793684
3.112010 0.793130
3.105122 0.796753
3.098835 0.799330
3.098112 0.799579
3.092542 0.802966
3.086262 0.804029
3.520760 0.814671
3.514114 0.814639
3.505211 0.814586
3.507158 0.814598
3.500670 0.818213
3.514889 0.821168
3.507912 0.821123
3.496735 0.821058
3.501083 0.821084
3.494374 0.822479
3.488082 0.825682
3.481799 0.827485
3.502308 0.827644
3.495535 0.827606
3.488615 0.827561
3.481610 0.827521
3.481812 0.827522
3.475518 0.828807
3.469241 0.829315
3.462968 0.829054
3.456696 0.828570
0.290515 0.804457
0.284242 0.804352
0.315587 0.809301
0.309322 0.807623
0.303054 0.806329
0.296786 0.805244
0.291048 0.804518
0.282278 0.804512
0.277965 0.804950
0.278222 0.804532
0.271682 0.806670
0.321990 0.811097
0.316207 0.811093
0.310800 0.811128
0.329631 0.817663
0.342179 0.824203
0.634348 0.791590
0.628084 0.789491
0.621815 0.788586
0.665680 0.799029
0.659406 0.799039
0.653135 0.798382
0.646871 0.796573
0.640607 0.794502
0.637659 0.793323
0.634949 0.793365
0.673366 0.799953
0.666180 0.799899
0.659692 0.799874
0.653567 0.799867
0.647873 0.799895
0.957680 0.774645
0.951409 0.774032
0.945135 0.774068
0.976474 0.780210
0.970210 0.778243
0.963947 0.775903
0.962158 0.775501
0.989004 0.783660
0.982739 0.782056
0.982666 0.782038
1.536179 0.804081
1.529911 0.802763
1.523640 0.802158
1.517364 0.802513
1.561251 0.808749
1.554980 0.808151
1.548711 0.807192
1.550182 0.804568
1.542445 0.805658
1.537582 0.804465
1.543141 0.804513
1.514256 0.804460
1.985488 0.792356
1.979220 0.791261
1.972943 0.791848
1.966661 0.793484
1.966082 0.793666
1.966999 0.793685
1.960375 0.795475
1.957311 0.800153
1.954214 0.806650
1.954041 0.807180
1.954208 0.806661
1.952869 0.813148
1.953964 0.821952
1.953093 0.819647
1.957594 0.826150
1.955271 0.826248
1.958884 0.832651
1.953885 0.837300
1.951780 0.839144
1.947584 0.842496
1.941804 0.845639
1.941292 0.845900
1.941585 0.845662
1.935002 0.848745
2.261232 0.828089
2.262314 0.827678
2.254928 0.833554
2.254422 0.834119
2.248622 0.839717
2.247867 0.840599
2.242319 0.845395
2.240045 0.847079
2.236022 0.849752
2.229730 0.853233
2.229063 0.853563
2.230195 0.853593
2.223435 0.857196
2.217148 0.859724
2.215990 0.860054
2.217569 0.860087
2.210862 0.861973
2.679269 0.797267
2.672998 0.796588
2.679379 0.797317
2.679566 0.797326
2.669191 0.797288
2.673484 0.797318
2.666716 0.798203
2.660417 0.803002
2.684509 0.803834
2.686053 0.803853
2.667592 0.803830
2.659611 0.803768
2.660510 0.803776
2.654122 0.807109
2.647833 0.809799
2.661750 0.810359
2.654983 0.810321
2.645846 0.810256
2.648015 0.810269
2.641553 0.810879
2.635272 0.812241
3.082847 0.807437
3.076569 0.808254
3.070293 0.808738
3.064012 0.809738
3.057734 0.810577
3.051456 0.811411
3.046816 0.812319
3.045175 0.812670
3.045499 0.812341
3.038894 0.813783
3.032618 0.814237
3.494078 0.821040
3.486936 0.820993
3.480127 0.822325
3.473842 0.824302
3.467567 0.824576
3.461288 0.825395
3.455010 0.826275
3.448734 0.826656
3.429913 0.826311
3.475025 0.827484
3.468706 0.827473
3.462406 0.827465
3.456023 0.827454
3.445439 0.827379
3.449914 0.827467
3.442450 0.828296
3.436172 0.829143
3.432286 0.827377
3.745316 0.800813
3.739041 0.801131
3.733505 0.802929
3.739209 0.802941
3.732754 0.803566
3.739400 0.809458
3.732995 0.809450
3.739421 0.815961
3.733094 0.815960
3.726384 0.821900
3.745187 0.825739
3.739168 0.822441
3.732634 0.826832
3.727336 0.822427
3.732807 0.822437
3.740763 0.828924
3.738886 0.830910
3.736555 0.828922
3.738943 0.828926
3.745137 0.835462
3.738859 0.836201
3.732581 0.836926
3.726300 0.838165
0.066353 0.828881
0.064319 0.829274
0.060071 0.830451
0.053789 0.831939
0.047511 0.832673
0.041233 0.833412
0.034958 0.833531
0.028686 0.833043
0.022417 0.832207
0.042312 0.835799
0.035747 0.835778
0.029447 0.835780
0.438809 0.791207
0.432536 0.791011
0.426258 0.791539
0.470144 0.798226
0.463871 0.797773
0.457602 0.796954
0.451338 0.794865
0.445077 0.792357
0.444855 0.792298
0.445220 0.792307
0.422938 0.792289
0.419975 0.793253
0.470303 0.798867
0.464239 0.798855
0.459052 0.798900
0.477153 0.805406
0.471323 0.805405
0.796815 0.792462
0.840692 0.800597
0.815596 0.800491
0.809334 0.798125
0.803077 0.794941
0.801500 0.794220
0.848110 0.800845
0.839835 0.800784
0.840797 0.800791
0.834410 0.802128
0.828132 0.802898
0.821860 0.802438
0.816603 0.800729
1.118350 0.794622
1.112081 0.793677
1.105811 0.792615
1.099542 0.791749
1.093273 0.790689
1.137143 0.800363
1.130880 0.798119
1.124617 0.795992
1.123997 0.795791
1.119420 0.795849
1.141598 0.802343
1.138363 0.802377
1.332809 0.776182
1.326540 0.775246
1.320269 0.774591
1.313994 0.774658
1.307716 0.775459
1.301433 0.777192
1.339076 0.777538
1.338251 0.777365
1.339528 0.777382
1.301158 0.777301
1.295147 0.779527
1.676359 0.817792
1.670096 0.815661
1.663824 0.815310
1.657551 0.814878
1.651280 0.814426
1.645008 0.813927
1.638737 0.813335
1.688877 0.823907
1.682618 0.820642
1.677140 0.818139
1.689457 0.824695
1.709210 0.831286
1.702335 0.831248
1.696612 0.831246
2.753356 0.802107
2.747085 0.801629
2.740809 0.801939
2.734528 0.803083
2.761112 0.804277
2.731487 0.804151
2.728243 0.805194
2.728797 0.804185
2.721958 0.807338
2.715672 0.809743
2.713693 0.810642
2.709370 0.814846
0.261463 0.817286
0.248038 0.823718
0.241384 0.826956
0.235096 0.829537
0.233630 0.830162
0.228803 0.833175
0.225563 0.836642
0.222495 0.839716
0.219538 0.843131
0.216187 0.846302
0.211610 0.849620
0.209887 0.851094
0.203587 0.856062
0.203522 0.856115
0.203648 0.856120
0.197293 0.859944
0.191007 0.862309
0.189816 0.862618
0.598918 0.799553
0.591550 0.802587
0.593259 0.799570
0.585270 0.803732
0.578988 0.804998
0.573600 0.805948
0.572708 0.806167
0.572821 0.805953
0.566423 0.808353
0.568116 0.806060
0.560136 0.810929
0.556126 0.812429
0.553848 0.813399
0.547561 0.815961
0.935159 0.775278
0.914921 0.778147
0.908645 0.778306
0.902366 0.779339
0.896085 0.780703
0.893442 0.781620
0.896660 0.781658
0.889798 0.783243
0.883504 0.787144
0.881998 0.788109
0.883865 0.788136
0.877206 0.791447
0.873002 0.794608
0.870909 0.796049
1.132562 0.801291
1.126298 0.799466
1.120036 0.797000
1.117227 0.795899
1.151348 0.808382
1.145087 0.805735
1.138826 0.803215
1.136528 0.802400
1.133231 0.802445
1.163867 0.814099
1.157607 0.811474
1.152519 0.808927
1.151882 0.808950
1.460302 0.816960
1.467877 0.817067
1.460073 0.817000
1.460355 0.817003
1.454021 0.818138
1.447742 0.819085
1.441465 0.819575
1.435187 0.820371
1.428909 0.820990
1.422637 0.820526
1.416372 0.818832
1.783613 0.803977
1.777336 0.804508
1.771057 0.805519
1.778496 0.805714
1.770690 0.805641
1.771184 0.805648
1.764773 0.807431
1.758486 0.809754
1.753185 0.812117
1.752197 0.812549
1.745907 0.815588
1.740330 0.818615
1.739616 0.819012
2.140514 0.827028
2.133528 0.828018
2.134794 0.827034
2.127240 0.830632
2.128873 0.827045
2.153973 0.833598
2.123959 0.833456
2.120922 0.839277
2.122057 0.833506
2.120551 0.839947
2.117047 0.846439
2.114597 0.849050
2.115356 0.846475
2.110773 0.852926
2.108292 0.854876
2.108976 0.852964
2.102347 0.859415
2.101993 0.859643
2.102091 0.859421
2.095697 0.863879
2.092710 0.865908
2.089404 0.867532
2.083119 0.869688
2.458603 0.802684
2.452344 0.799559
2.446079 0.797953
2.446604 0.796267
2.439796 0.799572
2.464844 0.808974
2.458653 0.802735
2.458688 0.802740
2.465046 0.809245
2.483607 0.820560
2.477333 0.820399
2.471063 0.819694
2.468144 0.815751
2.880783 0.855515
2.830582 0.856750
2.878694 0.856848
2.874485 0.860089
2.875774 0.856889
2.868196 0.863034
2.836835 0.860986
2.830620 0.856779
2.830685 0.856788
2.867494 0.863314
2.861904 0.866359
2.862810 0.863349
2.855616 0.868964
2.857075 0.863384
2.849342 0.868924
2.843091 0.864508
2.841342 0.863276
3.231215 0.779746
3.224946 0.778861
3.218667 0.779726
3.245368 0.780759
3.238053 0.780706
3.216653 0.780624
3.212375 0.783259
3.206543 0.787105
3.206079 0.787525
3.199784 0.791267
3.207449 0.793701
3.195514 0.793595
3.200302 0.793634
3.213930 0.800217
3.207163 0.800179
3.194736 0.800093
3.200320 0.800137
3.220064 0.806710
3.213269 0.806671
3.206709 0.806648
3.199694 0.808730
3.197643 0.806593
3.199834 0.806604
3.187125 0.812723
3.218469 0.817892
3.219145 0.813158
3.212210 0.815113
3.212475 0.813125
3.205945 0.813261
3.205443 0.813101
3.205964 0.813103
3.193386 0.815192
3.189086 0.813090
3.184826 0.813091
3.187164 0.813094
3.180847 0.813639
3.219755 0.819631
3.225991 0.819700
3.194921 0.819590
3.193354 0.821443
3.193535 0.819602
3.222113 0.826137
3.225690 0.826185
3.189494 0.826087
3.187045 0.828294
3.187469 0.826121
3.221202 0.832634
3.225979 0.832701
3.218367 0.837699
3.183488 0.832587
3.217359 0.839124
3.218627 0.839137
3.212064 0.843296
3.205778 0.845492
3.193234 0.844593
3.186977 0.841406
3.184276 0.839085
3.212914 0.845656
3.203628 0.845595
3.205813 0.845600
3.199502 0.845802
3.198239 0.845589
3.193731 0.845622
3.628325 0.808724
3.615041 0.815160
3.601580 0.817844
3.595302 0.818372
3.589022 0.819416
3.582746 0.819937
3.576464 0.821514
3.584339 0.821643
3.576425 0.821531
3.576471 0.821531
3.570179 0.823494
3.563894 0.825563
3.557609 0.827657
3.556630 0.828022
0.220869 0.836573
0.220813 0.836615
0.214762 0.843051
0.214503 0.843289
0.208200 0.848865
0.207350 0.849528
0.208749 0.849554
0.201902 0.853597
0.197884 0.856007
0.195608 0.857301
0.189322 0.859539
0.183042 0.860732
0.176765 0.861348
0.170491 0.861191
0.183872 0.862549
0.177185 0.862518
0.578089 0.805928
0.564715 0.810281
0.558430 0.812178
0.558003 0.812341
0.552141 0.815012
0.545855 0.817341
0.540922 0.818806
0.539571 0.819349
0.540101 0.818839
0.533280 0.822394
0.526995 0.824617
0.524430 0.825296
0.520712 0.826298
1.395910 0.807510
1.389648 0.805066
1.408423 0.814114
1.402169 0.810387
1.402052 0.810311
1.439774 0.818001
1.433494 0.819159
1.427216 0.819969
1.420945 0.819425
1.414681 0.817456
1.413517 0.816820
1.791580 0.805166
1.785304 0.805417
1.810376 0.810372
1.804113 0.808045
1.797847 0.806346
1.794906 0.805769
1.792033 0.805788
1.783011 0.805750
1.785505 0.805765
1.779026 0.806295
1.772746 0.807238
1.766464 0.808802
1.813352 0.812323
2.135234 0.826641
2.128959 0.826874
2.147750 0.832771
2.141497 0.828757
2.136955 0.827059
2.135781 0.827090
2.128564 0.827049
2.122661 0.831411
2.154014 0.835053
2.152454 0.833595
2.147849 0.833587
2.142174 0.833605
2.120516 0.833544
2.160255 0.841452
2.156730 0.840109
2.154133 0.840104
2.148062 0.840097
2.142350 0.840118
2.116640 0.840043
2.116339 0.840506
2.116541 0.840058
2.167048 0.846658
2.161024 0.846646
2.155054 0.846645
2.148928 0.846643
2.112756 0.846542
2.110021 0.849145
2.532467 0.816051
2.530944 0.816678
2.524661 0.818494
2.518375 0.820681
2.493274 0.821483
2.487009 0.819850
2.513197 0.822499
2.512089 0.822827
2.505814 0.823082
2.499541 0.822903
2.497105 0.822481
2.962904 0.785810
2.955249 0.787216
2.956151 0.785775
2.948975 0.787274
2.949846 0.785760
2.942699 0.787421
2.943531 0.785748
2.936426 0.787150
2.937038 0.785728
2.930155 0.786731
2.930663 0.785717
2.923876 0.787617
2.917586 0.790691
2.915610 0.792176
2.911287 0.795305
3.409485 0.808230
3.409015 0.807752
3.409781 0.807776
3.415718 0.816238
3.414166 0.814250
3.453318 0.824939
3.447040 0.825741
3.440758 0.827152
3.421953 0.823709
3.418876 0.820750
3.440244 0.827282
3.441027 0.827294
3.434474 0.829133
3.428205 0.828047
3.426920 0.827256
3.428919 0.827303
0.093184 0.822270
0.089920 0.822905
0.086902 0.823675
0.080618 0.825552
0.074337 0.826973
0.068053 0.828800
0.065832 0.829354
0.061768 0.830836
0.055482 0.832995
0.049198 0.835044
0.046899 0.835847
0.042913 0.837231
0.443377 0.792542
0.437104 0.792259
0.437165 0.792209
0.430827 0.792833
0.431302 0.792213
0.424545 0.794370
0.425735 0.792249
0.418258 0.796664
0.412789 0.798660
0.411972 0.799080
0.412145 0.798672
0.405678 0.802866
0.401340 0.805157
0.399385 0.806520
0.788868 0.787467
0.782619 0.782685
0.776344 0.782726
0.770071 0.782583
0.795123 0.791073
0.789013 0.787599
0.788911 0.787600
0.813899 0.800156
0.807634 0.798246
0.801381 0.794256
0.801104 0.794117
0.833776 0.800748
1.042607 0.781546
1.049826 0.782378
1.037014 0.782309
1.043285 0.782350
1.036328 0.782422
1.030044 0.784173
1.023765 0.785164
1.017486 0.786199
1.011208 0.786978
1.004931 0.787263
0.998661 0.786459
1.550425 0.804154
1.544157 0.803093
1.595201 0.804704
1.588059 0.806404
1.589356 0.804705
1.581785 0.806295
1.582920 0.804686
1.575513 0.805911
1.576352 0.804660
1.569239 0.805804
1.569956 0.804645
1.562970 0.804895
1.563154 0.804606
1.556697 0.804645
1.555955 0.804587
1.556733 0.804591
1.962623 0.793596
1.958682 0.794540
1.953528 0.800065
1.952366 0.802722
1.951381 0.806559
1.953867 0.806638
1.950765 0.813057
1.952268 0.821517
1.951442 0.819559
1.956383 0.826074
1.955799 0.832572
1.952194 0.835885
1.946324 0.839044
1.945901 0.839328
1.939606 0.843292
1.936967 0.845525
1.941051 0.845621
1.933310 0.847655
1.927027 0.849294
1.920749 0.850094
1.914474 0.850221
1.908201 0.850045
2.285430 0.814769
2.288798 0.814798
2.281819 0.815333
2.283442 0.814826
2.275527 0.818842
2.271651 0.821225
2.269230 0.823020
2.262933 0.827506
2.262714 0.827706
2.256627 0.833723
2.256220 0.834196
2.250322 0.839678
2.249374 0.840689
2.244017 0.845448
2.241952 0.847185
2.237716 0.850667
2.233309 0.853687
2.231419 0.855044
2.580030 0.803011
2.573771 0.800223
2.567493 0.800733
2.561212 0.802206
2.586284 0.806955
2.580572 0.803376
2.605085 0.811117
2.598809 0.811448
2.592541 0.810139
2.591835 0.809895
2.991689 0.792402
2.985442 0.787196
2.983624 0.786068
2.991846 0.792563
2.991807 0.792572
3.004175 0.804446
2.997926 0.799483
2.997492 0.799063
3.029238 0.811117
3.022963 0.811176
3.016692 0.810586
3.010432 0.807793
3.006067 0.805570
3.004802 0.805609
3.036898 0.812194
3.030540 0.812177
3.023994 0.812153
3.018170 0.812173
3.352637 0.781096
3.349306 0.781291
3.346361 0.781515
3.346579 0.781291
3.340083 0.782213
3.340903 0.781310
3.333806 0.782813
3.335226 0.781348
3.327530 0.782993
3.328900 0.781346
3.321253 0.783700
3.314971 0.785169
3.308688 0.786898
3.702580 0.799979
3.696298 0.801386
3.693868 0.802584
3.690010 0.804016
3.683715 0.807998
3.682172 0.809057
3.684726 0.809119
3.677423 0.811557
3.671134 0.814270
3.668607 0.815541
3.664842 0.817721
3.658553 0.820587
3.652274 0.821710
0.318947 0.816468
0.331460 0.823456
0.325202 0.820269
0.321049 0.817769
0.343974 0.830073
0.337717 0.826763
0.333125 0.824267
0.331766 0.824289
0.350231 0.833206
0.345368 0.830779
0.344158 0.830787
0.339053 0.830870
0.369022 0.839447
0.362750 0.839131
0.356485 0.837343
0.356392 0.837302
0.351382 0.837354
0.719307 0.792120
0.715749 0.793641
0.719971 0.793674
0.713018 0.794981
0.706730 0.797650
0.700447 0.799389
0.707497 0.800149
0.695831 0.800090
0.700637 0.800108
0.694167 0.800393
0.687893 0.800418
0.681612 0.801841
0.675333 0.802699
0.669058 0.802719
0.978171 0.780547
0.971907 0.778583
1.036229 0.782304
1.015793 0.784845
1.009515 0.785644
1.003239 0.786102
0.996967 0.785617
0.990699 0.784493
0.984434 0.782598
0.982909 0.782127
1.340778 0.776997
1.334510 0.775821
1.328239 0.775108
1.321966 0.774791
1.359570 0.782779
1.353304 0.781162
1.347042 0.778988
1.342214 0.777442
1.341441 0.777482
1.365832 0.785220
1.362743 0.783993
1.360371 0.784015
1.737355 0.818430
1.736218 0.819086
1.729926 0.822477
1.685997 0.824299
1.725816 0.824894
1.723633 0.826155
1.717341 0.829542
1.686552 0.824859
1.714039 0.831368
1.711047 0.833409
1.704756 0.836721
1.692218 0.834515
1.689875 0.831354
1.699819 0.837852
1.698474 0.838205
1.697549 0.837852
2.047062 0.790451
2.040793 0.789514
2.034508 0.791491
2.049797 0.794072
2.047768 0.794102
2.029817 0.794039
2.028216 0.795027
2.021916 0.800022
2.049079 0.800570
2.046985 0.805230
2.048148 0.800626
2.021271 0.800535
2.015613 0.805569
2.046348 0.807063
2.013763 0.807035
2.043619 0.813556
2.042430 0.820054
2.041076 0.826551
2.041020 0.826572
2.040917 0.833050
2.040765 0.833059
2.042297 0.839553
2.041518 0.839605
2.043142 0.846053
2.042096 0.846146
2.046733 0.853885
2.045880 0.852559
2.052975 0.860260
2.052277 0.859077
2.048138 0.859137
2.059215 0.866919
2.056830 0.865591
2.053911 0.865618
2.382603 0.839163
2.378005 0.841260
2.383479 0.841306
2.376316 0.841771
2.370036 0.842576
2.363764 0.842348
2.357492 0.841812
2.351216 0.842206
2.344933 0.843912
2.338656 0.844403
2.332387 0.843468
2.755057 0.801674
2.748792 0.799842
2.742521 0.799337
2.736243 0.800175
2.767565 0.809556
2.761317 0.804458
2.761031 0.804287
2.773814 0.814451
2.768935 0.810803
2.780058 0.820120
2.776668 0.817325
2.783922 0.823850
3.103416 0.798215
3.100978 0.799503
3.097122 0.802220
3.098606 0.799565
3.090831 0.805491
3.088264 0.805970
3.084549 0.806686
3.085018 0.805989
3.078272 0.807270
3.078979 0.806001
3.071996 0.807674
3.072874 0.806014
3.065717 0.808621
3.059440 0.809296
3.379433 0.781187
3.373160 0.780834
3.366885 0.780874
3.360611 0.780980
3.354341 0.780084
3.348068 0.779862
3.341791 0.780388
3.335513 0.781068
3.381435 0.781445
3.379959 0.781455
3.374628 0.781488
3.368122 0.781467
3.387157 0.788009
0.143848 0.831918
0.150099 0.836407
0.150049 0.836361
0.214401 0.843047
0.156336 0.843504
0.156040 0.842861
0.193936 0.852209
0.187653 0.853837
0.181375 0.854406
0.175103 0.854198
0.168831 0.853660
0.162569 0.851349
0.160664 0.849362
0.156804 0.849396
0.195124 0.855979
0.188190 0.855935
0.181717 0.855912
0.175448 0.855900
0.169232 0.855895
0.163121 0.855901
0.157122 0.855923
0.558261 0.812336
0.544314 0.818748
0.544149 0.818824
0.544207 0.818749
0.537860 0.821586
0.531573 0.824111
0.500205 0.823556
0.493943 0.821183
0.527797 0.825198
0.525288 0.826004
0.526195 0.825241
0.519010 0.826994
0.512735 0.827090
0.506467 0.825943
0.504192 0.825168
0.888116 0.779891
0.883787 0.781524
0.889044 0.781574
0.881829 0.782493
0.875533 0.786670
0.873887 0.788000
0.875985 0.788027
0.869230 0.792270
0.867262 0.794489
0.870129 0.794548
0.862924 0.798156
0.858802 0.800979
0.856628 0.802505
0.850341 0.805043
0.844059 0.806546
1.763078 0.806630
1.756790 0.809307
1.751045 0.812025
1.750500 0.812282
1.744209 0.815632
1.739135 0.818498
1.737916 0.819189
1.731624 0.822615
1.727682 0.824986
1.725330 0.826416
1.719038 0.829857
1.716392 0.831482
1.712743 0.833918
2.120831 0.839944
2.113385 0.852886
2.106572 0.859058
2.106176 0.859347
2.100280 0.862418
2.093990 0.865621
2.093666 0.865811
2.087699 0.868925
2.081413 0.871020
2.075137 0.871346
2.068866 0.870726
2.062596 0.870121
2.056333 0.867674
2.456704 0.802656
2.437981 0.809109
2.430031 0.817637
2.430336 0.815535
2.423745 0.820052
2.424865 0.815559
2.433733 0.822039
2.420768 0.821999
2.417452 0.823593
2.417832 0.822009
2.411156 0.827617
2.412583 0.822070
2.410146 0.828477
2.404861 0.831734
2.405797 0.828532
2.400041 0.834964
2.398566 0.835735
2.398896 0.834986
2.392275 0.839133
2.388291 0.841461
2.385981 0.842766
2.783448 0.821616
2.789687 0.828321
2.785278 0.824027
2.795933 0.833717
2.791960 0.830524
2.808434 0.842982
2.802181 0.838848
2.799784 0.837027
2.814685 0.847479
2.809117 0.843539
2.820936 0.851961
2.818190 0.850058
2.827186 0.856733
2.826998 0.856584
2.827408 0.856591
3.152491 0.786776
3.146218 0.786678
3.139942 0.786820
3.179807 0.786904
3.184680 0.786944
3.177582 0.787951
3.171307 0.788055
3.165035 0.787552
3.158761 0.787575
3.152944 0.786843
3.152524 0.786845
3.146327 0.786846
3.139661 0.786838
3.139961 0.786839
3.133666 0.787162
3.178928 0.793454
3.172485 0.793436
3.166439 0.793446
3.179069 0.799963
3.172498 0.799938
3.166364 0.799941
3.172721 0.806452
3.166259 0.806436
3.160289 0.806457
3.191082 0.832473
3.197333 0.838994
3.191343 0.838983
3.574718 0.821454
3.554224 0.825224
3.547945 0.826181
3.541665 0.827298
3.535393 0.826885
3.529122 0.826143
3.522844 0.827007
3.549190 0.827874
3.541894 0.827811
3.535642 0.827799
3.529508 0.827799
3.521032 0.827766
3.523021 0.827779
3.516557 0.829547
3.510269 0.832168
3.503990 0.833163
0.295088 0.805107
0.288808 0.806090
0.290452 0.804514
0.282529 0.807092
0.284141 0.804506
0.276248 0.808466
0.269964 0.810290
0.267869 0.810890
0.263678 0.812441
0.264296 0.810928
0.257392 0.814825
0.251722 0.817381
0.251103 0.817758
0.251266 0.817393
0.244806 0.821993
0.638606 0.786737
0.618390 0.793859
0.618791 0.793145
0.612107 0.795665
0.613195 0.793158
0.605825 0.797018
0.607296 0.793173
0.599543 0.798532
0.593264 0.799562
0.593224 0.799569
0.586983 0.800847
0.587582 0.799604
0.580701 0.802425
0.574419 0.803990
0.568134 0.806046
0.568095 0.806062
0.941735 0.774499
0.935458 0.775077
0.931421 0.775277
0.929183 0.775430
0.922902 0.776557
0.916620 0.778087
0.910340 0.779199
0.904056 0.781110
0.902376 0.781739
0.904477 0.781772
0.897767 0.783892
1.211189 0.813103
1.204906 0.814758
1.167260 0.815032
1.199729 0.815678
1.198626 0.815914
1.192347 0.816958
1.186070 0.817210
1.179797 0.817002
1.173528 0.816192
1.170717 0.815650
1.528213 0.802669
1.521946 0.801290
1.515670 0.801771
1.534474 0.805281
1.532388 0.804379
1.535616 0.804432
1.512151 0.804336
1.509376 0.805453
1.503084 0.808944
1.498381 0.810826
1.496796 0.811606
1.490507 0.814484
1.840533 0.817115
1.853050 0.823212
1.846795 0.819592
1.845730 0.819129
1.847160 0.819157
1.859286 0.830411
1.855571 0.825632
1.860343 0.825706
1.860594 0.832137
1.866595 0.832207
1.873018 0.838723
1.865515 0.839360
1.864832 0.838644
1.865648 0.838652
1.904299 0.845294
1.884283 0.849849
1.885888 0.845259
1.878012 0.849177
1.879041 0.845219
1.871755 0.846007
1.870690 0.845155
1.871928 0.845165
2.220804 0.853435
2.207495 0.856095
2.201220 0.856252
2.194946 0.856265
2.188668 0.856846
2.182396 0.856466
2.176126 0.855801
2.169851 0.855825
2.163582 0.854935
2.157317 0.853335
2.157146 0.853301
2.196623 0.859927
2.189840 0.859888
2.183509 0.859882
2.177412 0.859898
2.572064 0.801714
2.565784 0.802853
2.584595 0.805254
2.578329 0.803334
2.578161 0.803296
2.578550 0.803303
2.564588 0.803261
2.559501 0.804640
2.560508 0.803317
2.553214 0.806952
2.592374 0.809888
2.547745 0.809740
2.546923 0.810222
2.547215 0.809761
2.540627 0.814443
2.538074 0.816239
2.534336 0.817824
2.963232 0.785090
2.956965 0.783700
2.950694 0.783234
2.944423 0.782557
2.938152 0.782127
2.982028 0.790444
2.975768 0.787713
2.977181 0.785922
2.969501 0.786222
2.966744 0.785832
2.969768 0.785851
3.362310 0.780756
3.381122 0.782851
3.374854 0.781657
3.368580 0.781757
3.366937 0.781498
3.393620 0.792606
3.387367 0.788552
3.386751 0.788018
3.399864 0.798496
3.396234 0.794540
3.394530 0.794577
3.401837 0.801058
3.401094 0.801104
3.406071 0.811472
3.404226 0.807566
3.737372 0.795208
3.731099 0.795050
3.724819 0.796175
3.743639 0.796750
3.742347 0.796338
3.737850 0.796350
3.731490 0.796337
3.724196 0.796305
3.724852 0.796308
3.718537 0.797686
3.712255 0.799340
3.705970 0.801237
3.732699 0.802924
3.726170 0.802906
3.726360 0.822426
3.745018 0.828917
3.732553 0.828917
3.726108 0.828906
3.745127 0.835424
3.738715 0.835411
3.732366 0.835405
3.725973 0.835396
3.719634 0.835394
0.275098 0.810860
0.268244 0.814418
0.269715 0.810880
0.261960 0.816223
0.258528 0.817292
0.255674 0.818552
0.256185 0.817308
0.249385 0.821435
0.244428 0.823762
0.243095 0.824541
0.243575 0.823789
0.236799 0.828696
0.234793 0.830252
0.230495 0.834351
0.228821 0.836748
0.224184 0.841639
0.222681 0.843247
0.217878 0.847745
0.645229 0.785541
0.640202 0.786751
0.645504 0.786777
0.638946 0.787143
0.632664 0.788730
0.626385 0.789817
0.620105 0.790821
0.613826 0.791653
0.607548 0.792481
0.652366 0.793316
0.646260 0.793304
0.640244 0.793304
0.604992 0.793189
0.601265 0.794169
0.601612 0.793217
0.594982 0.795918
0.955983 0.774360
0.949713 0.773659
0.943437 0.773863
0.937158 0.774891
0.968512 0.778009
0.962251 0.775581
0.961592 0.775420
0.933066 0.775370
0.930879 0.775686
0.924597 0.777241
0.982661 0.782035
1.238015 0.807346
1.231732 0.808900
1.229738 0.809321
1.225449 0.810522
1.219165 0.812496
1.212882 0.814211
1.206601 0.815420
1.203836 0.815779
1.200322 0.816347
1.194043 0.817332
1.678059 0.817644
1.671800 0.814659
1.665534 0.813022
1.684313 0.821602
1.679130 0.818229
1.690558 0.827167
1.688508 0.824738
1.709757 0.831292
1.709358 0.831531
1.703075 0.833149
1.696807 0.831951
1.696079 0.831253
1.691667 0.831311
1.698345 0.837843
2.046483 0.787543
2.039360 0.787496
2.032810 0.791472
2.027958 0.793951
2.026519 0.794732
2.020229 0.797810
2.013942 0.800271
2.007668 0.800257
2.001403 0.798321
1.995141 0.796088
1.988875 0.794437
2.013996 0.800423
2.007704 0.800413
2.001909 0.800445
2.046268 0.807038
2.008299 0.806955
2.002279 0.806976
2.046392 0.852548
2.052695 0.859070
2.466544 0.808791
2.460295 0.803853
2.467112 0.809353
2.510403 0.820438
2.504124 0.821379
2.497846 0.821956
2.491574 0.821601
2.485305 0.820717
2.479035 0.819992
2.472777 0.816815
2.472311 0.815852
2.473298 0.815891
2.511776 0.822481
2.505035 0.822446
2.498564 0.822424
2.928147 0.792099
2.922048 0.792084
2.915553 0.798559
2.914836 0.805034
2.909409 0.805052
2.909027 0.811535
2.908610 0.818018
2.907905 0.824492
2.907738 0.824722
2.907793 0.824493
2.903080 0.824543
2.902820 0.830974
2.901423 0.832411
2.901816 0.830983
2.897708 0.837459
2.895107 0.840535
2.895897 0.837487
2.892148 0.843943
2.888801 0.846775
2.889606 0.843977
2.883957 0.850425
2.882502 0.851562
2.882854 0.850443
2.876204 0.855982
2.874606 0.856911
2.869910 0.859948
2.870920 0.856982
2.863626 0.861831
2.857347 0.862821
2.853685 0.863407
3.245458 0.780589
3.239193 0.778798
3.232925 0.777709
3.226651 0.777730
3.220364 0.779982
3.251722 0.782554
3.246011 0.780765
3.252680 0.780820
3.219237 0.780725
3.214063 0.785261
3.271653 0.787379
3.211892 0.787225
3.213987 0.799793
3.209078 0.793725
3.220231 0.805647
3.214290 0.800221
3.221079 0.806722
3.226460 0.814600
3.225991 0.813225
3.226627 0.813235
3.227486 0.819726
3.227911 0.826226
3.227419 0.832724
3.226355 0.834779
3.224177 0.839220
3.220037 0.843080
3.216494 0.845713
3.213739 0.847708
3.207455 0.849692
3.675749 0.806770
3.671451 0.808962
3.676375 0.808998
3.669459 0.809867
3.663169 0.812799
3.658270 0.815429
3.664005 0.815483
3.656878 0.816085
3.650593 0.817989
3.644312 0.819345
3.638034 0.820158
3.631767 0.818847
0.019067 0.823110
0.012794 0.822819
0.006520 0.822622
0.000247 0.822550
0.039212 0.829135
0.409890 0.805061
0.403245 0.811529
0.396846 0.818007
0.394513 0.824473
0.389594 0.829609
0.390687 0.824498
0.388203 0.830951
0.383291 0.835354
0.384452 0.830991
0.345646 0.835111
0.379647 0.837427
0.377000 0.838609
0.377484 0.837443
0.370717 0.840055
0.372163 0.837501
0.364439 0.840895
0.358167 0.840509
0.351904 0.838440
0.349538 0.837392
0.881441 0.781504
0.867560 0.786625
0.866296 0.787919
0.867964 0.787936
0.861247 0.794212
0.861073 0.794401
0.861301 0.794403
0.854948 0.798920
0.817292 0.800836
0.850984 0.800875
0.855885 0.800930
0.848658 0.802059
0.842374 0.803813
0.836094 0.804884
0.829819 0.805193
0.823552 0.803814
0.817336 0.800852
1.146774 0.808240
1.140508 0.806492
1.165561 0.814901
1.159297 0.812925
1.153037 0.810378
1.149209 0.809022
1.198170 0.815658
1.190651 0.816279
1.184374 0.816780
1.178100 0.816783
1.171829 0.816168
1.168738 0.815538
1.513975 0.800956
1.510380 0.804260
1.507679 0.805262
1.501392 0.807645
1.495107 0.809600
1.492247 0.810713
1.496222 0.810784
1.488819 0.812415
1.482530 0.815254
1.476248 0.816860
1.474955 0.817196
1.476605 0.817223
1.469964 0.818652
1.463683 0.819818
1.812075 0.810132
1.805808 0.808725
1.799538 0.807983
1.793265 0.807661
1.786985 0.808742
1.824592 0.816388
1.818335 0.812829
1.817397 0.812392
1.830846 0.820206
1.828969 0.818920
1.831322 0.818943
1.844850 0.825516
1.837088 0.826389
1.836256 0.825444
1.837292 0.825452
1.851208 0.832038
2.136913 0.830462
2.135120 0.827177
2.137905 0.833674
2.143110 0.845492
2.138850 0.840171
2.180724 0.851348
2.174454 0.850709
2.168180 0.850628
2.161909 0.849834
2.155642 0.848539
2.149370 0.848161
2.145262 0.846671
2.143811 0.846727
2.187386 0.853267
2.181458 0.853261
2.175367 0.853256
2.168996 0.853241
2.162930 0.853249
2.157300 0.853300
2.578269 0.803294
2.564585 0.803218
2.557798 0.805380
2.551511 0.807842
2.547638 0.809650
2.545221 0.810903
2.538928 0.814607
2.536839 0.816126
2.532636 0.817944
2.526352 0.819875
2.520066 0.822059
2.517668 0.822608
2.513785 0.823517
2.507512 0.823363
2.928432 0.791224
2.922155 0.791780
2.921661 0.792086
2.915852 0.797321
2.917040 0.792138
2.914856 0.798569
2.909543 0.804255
2.910486 0.798617
2.908385 0.805058
2.903937 0.805096
2.906127 0.811554
2.903754 0.811584
2.905352 0.818052
2.903170 0.823301
2.903579 0.818073
2.902705 0.824548
2.897972 0.824626
2.898326 0.831044
2.896847 0.832748
2.897247 0.831069
2.893189 0.837540
2.890534 0.839983
2.891044 0.837578
2.886891 0.844038
2.884227 0.846364
2.878391 0.850540
2.877930 0.850922
3.352447 0.781297
3.332095 0.785135
3.325820 0.785267
3.319538 0.786920
3.281906 0.784301
3.317551 0.787643
3.313251 0.789343
3.313989 0.787673
3.306967 0.791061
3.308429 0.787721
3.300688 0.791997
3.294421 0.790785
3.288162 0.787818
3.287766 0.787610
3.288334 0.787624
3.736535 0.796294
3.729392 0.796829
3.730018 0.796266
3.723116 0.797121
3.724671 0.796297
3.716841 0.797084
3.710562 0.797996
3.704280 0.799549
3.697997 0.801440
3.695871 0.802672
3.698970 0.802745
3.691702 0.805176
3.686244 0.809169
3.685405 0.809718
3.679112 0.813399
0.304745 0.808005
0.298485 0.805181
0.296816 0.804643
0.323526 0.815914
0.317263 0.813775
0.311000 0.811549
0.310287 0.811141
0.336045 0.821513
0.329788 0.818172
0.328531 0.817667
0.324195 0.817695
0.342302 0.824687
0.341525 0.824204
0.336897 0.824223
0.349422 0.830754
0.356466 0.837301
0.739865 0.785087
0.735602 0.787254
0.733575 0.788207
0.727285 0.791328
0.723464 0.793724
0.720988 0.795386
0.714694 0.799279
0.712787 0.800208
0.708405 0.802153
0.702121 0.804217
0.695844 0.804576
1.063108 0.785343
1.056841 0.784009
1.050569 0.783434
1.044293 0.783815
1.038015 0.784624
1.031735 0.785853
1.025457 0.786549
1.019177 0.787533
1.487120 0.812479
1.480834 0.814766
1.474553 0.815975
1.469048 0.817088
1.468272 0.817281
1.461993 0.818356
1.455713 0.819430
1.449434 0.820266
1.443157 0.820838
1.945757 0.839037
1.937217 0.838964
1.938132 0.838972
1.931630 0.844182
1.887722 0.841834
1.928452 0.845434
1.932061 0.845459
1.925344 0.846176
1.919068 0.846558
1.912785 0.848234
1.906503 0.849818
1.900229 0.849718
1.893968 0.847096
1.891546 0.845382
2.234330 0.848385
2.228038 0.851833
2.224103 0.853472
2.221749 0.854835
2.215461 0.857569
2.209179 0.858905
2.202901 0.859531
2.209933 0.859985
2.196707 0.859927
2.203171 0.859948
2.196625 0.859934
2.190344 0.861339
2.184070 0.861372
2.588148 0.797011
2.634125 0.803575
2.638796 0.803606
2.631917 0.804036
2.625621 0.808286
2.587997 0.804137
2.587589 0.803500
2.588050 0.803503
2.622624 0.810037
2.626270 0.810073
2.619330 0.811600
2.613057 0.811249
2.606782 0.811327
2.600504 0.812198
2.594238 0.810692
2.592467 0.809997
2.594820 0.810043
3.056038 0.810194
3.049761 0.810780
3.043481 0.811710
3.012119 0.810069
3.039062 0.812213
3.044537 0.812277
3.037203 0.812458
3.030928 0.812570
3.024653 0.812913
3.018380 0.812437
3.017770 0.812188
3.382810 0.784918
3.389049 0.791830
3.385678 0.788127
3.395298 0.796653
3.392667 0.794625
3.401543 0.802206
3.400607 0.801128
3.407771 0.811057
3.405430 0.807634
3.414000 0.819937
3.409565 0.814140
3.420244 0.825892
3.414468 0.820651
3.426503 0.828696
3.422778 0.827173
0.119999 0.818320
0.113727 0.818027
0.107446 0.819181
0.101164 0.820816
0.094884 0.821927
0.090415 0.822983
0.088601 0.823576
0.082317 0.825380
0.076036 0.826767
0.069752 0.828775
0.473475 0.810817
0.492262 0.817744
0.486001 0.815147
0.479738 0.813131
0.476535 0.812041
0.504777 0.824186
0.498519 0.820976
0.493687 0.818552
0.492613 0.818571
0.517308 0.827496
0.511039 0.826603
0.506764 0.825079
0.505588 0.825113
0.787223 0.777109
0.780956 0.775722
0.774676 0.776841
0.768398 0.777593
0.762119 0.778401
0.755839 0.779571
0.793468 0.782769
0.792392 0.781035
0.787820 0.781041
0.782318 0.781074
0.775997 0.781068
0.769718 0.781067
0.750285 0.780965
0.749556 0.781229
0.793913 0.787552
0.801287 0.794113
1.072764 0.788334
1.116655 0.793747
1.110383 0.793320
1.104111 0.792976
1.097839 0.792640
1.091569 0.791913
1.085299 0.790852
1.079032 0.789453
1.077598 0.789140
1.079687 0.789190
1.124472 0.795786
1.354992 0.783434
1.348731 0.780726
1.342469 0.778321
1.373783 0.789403
1.367518 0.787544
1.361256 0.785369
1.356943 0.784060
1.355283 0.784080
1.386298 0.796029
1.380043 0.792197
1.376596 0.790588
1.374191 0.790603
1.368518 0.790635
1.388029 0.797122
1.386831 0.797135
2.042474 0.793092
2.044638 0.794165
2.047682 0.800663
2.046491 0.807162
2.044048 0.813661
2.042760 0.820160
2.042326 0.821625
2.041057 0.826658
2.040230 0.833157
2.041133 0.839656
2.042196 0.846656
2.042038 0.846155
2.044256 0.852653
2.106368 0.859344
2.048399 0.860378
2.047770 0.859153
2.086002 0.868562
2.079717 0.870623
2.073438 0.871537
2.067165 0.871193
2.060898 0.869756
2.054637 0.867249
2.052448 0.865655
2.422928 0.821981
2.409446 0.830076
2.410675 0.828455
2.403156 0.833084
2.399966 0.834880
2.396863 0.836449
2.390574 0.839506
2.387036 0.841350
2.384284 0.842484
2.377998 0.844764
2.371721 0.845409
2.365449 0.844956
2.359175 0.844802
2.769259 0.810346
2.763013 0.804941
2.762284 0.804402
2.775506 0.815635
2.769927 0.810900
2.781747 0.822174
2.777313 0.817403
2.787991 0.827822
2.783122 0.823910
2.794238 0.833108
2.790950 0.830425
2.806735 0.842970
2.800484 0.838486
2.798567 0.836944
2.807355 0.843473
3.253437 0.779516
3.247170 0.778091
3.240901 0.776920
3.234631 0.776220
3.272225 0.786072
3.265965 0.783377
3.267417 0.780964
3.259700 0.781503
3.257780 0.780865
3.260088 0.780890
3.278483 0.789353
3.274741 0.787405
3.279691 0.787464
3.298507 0.800518
3.230789 0.813351
3.231565 0.819848
3.230754 0.826348
3.230285 0.832846
3.228030 0.839233
3.228000 0.839347
3.669200 0.808947
3.662292 0.808907
3.651631 0.808849
3.655503 0.808870
3.648938 0.809806
3.642655 0.811570
3.636368 0.813985
3.630102 0.812197
3.623825 0.812808
3.617543 0.814356
3.656736 0.815419
3.649978 0.815384
3.643126 0.815343
3.636456 0.815311
3.630595 0.815325
3.625225 0.815391
3.613420 0.815281
3.611262 0.815711
3.604979 0.817352
0.033284 0.828975
0.027016 0.827627
0.020745 0.826947
0.014472 0.826868
0.008199 0.826547
0.001927 0.825965
0.045824 0.830469
0.039553 0.829867
0.034391 0.829131
0.033344 0.829130
0.027499 0.829138
0.021422 0.829144
0.015128 0.829140
0.008912 0.829145
0.446778 0.791908
0.453033 0.795548
0.447869 0.792418
0.465536 0.804442
0.459288 0.799363
0.458834 0.798916
0.484322 0.811494
0.478058 0.809437
0.471795 0.807288
0.467413 0.805423
0.466493 0.805487
0.490585 0.813647
0.485618 0.811960
0.484471 0.811963
0.479109 0.811998
0.786697 0.774502
0.780418 0.774480
0.766707 0.775979
0.760425 0.777616
0.754142 0.779251
0.749916 0.780856
0.747855 0.781768
0.741564 0.784914
0.737110 0.787339
0.735273 0.788199
0.728983 0.791371
0.725330 0.793834
0.722686 0.795681
1.264871 0.795544
1.263046 0.796476
1.258579 0.798956
1.252289 0.801837
1.249582 0.802938
1.246001 0.804680
1.247619 0.803032
1.239714 0.807150
1.233431 0.808922
1.231336 0.809410
1.227147 0.810741
1.220861 0.812982
1.214578 0.814653
1.614888 0.799933
1.608606 0.801586
1.602324 0.802844
1.596047 0.803495
1.589769 0.804138
1.583496 0.803928
1.577224 0.803550
1.570951 0.803286
1.564680 0.802600
1.628640 0.804871
1.622734 0.804867
2.456906 0.802544
2.450638 0.801023
2.457036 0.802662
2.446286 0.802630
2.444349 0.803963
2.444713 0.802642
2.438050 0.808829
2.439109 0.802675
2.433245 0.802708
2.464566 0.809231
2.438042 0.810414
2.437134 0.809110
2.431765 0.810888
2.432019 0.809118
2.425475 0.813883
2.426576 0.809180
2.463622 0.815697
2.442575 0.815621
2.436728 0.815609
2.439482 0.815706
2.423001 0.815595
2.419181 0.817741
2.419691 0.815633
2.412890 0.821072
2.442157 0.822119
2.437980 0.822317
2.437619 0.822111
2.438094 0.822117
2.411489 0.822094
2.810137 0.841999
2.816388 0.846718
2.812185 0.843651
2.828889 0.855786
2.822636 0.851766
2.820478 0.850151
2.835141 0.859981
2.830074 0.856660
2.867958 0.863307
2.841388 0.865162
2.839366 0.863177
2.853906 0.871250
2.855112 0.869764
2.847635 0.870638
2.846027 0.869693
2.848693 0.869744
3.211011 0.780564
3.204398 0.784029
3.198113 0.786083
3.191836 0.786662
3.205951 0.787097
3.198571 0.787031
3.190741 0.786993
3.191970 0.787002
3.185544 0.789869
3.160437 0.792005
3.193294 0.793579
3.181328 0.793475
3.186129 0.793516
3.163902 0.793465
3.193350 0.800084
3.180379 0.799973
3.186204 0.800022
3.179209 0.801755
3.163615 0.799964
3.160369 0.805206
3.160704 0.799991
3.193199 0.806576
3.186490 0.806542
3.175172 0.806467
3.179577 0.806495
3.172904 0.807695
3.166618 0.809957
3.160356 0.807692
3.159559 0.806464
3.199399 0.813078
3.193299 0.813084
3.180773 0.813087
3.173891 0.813039
3.167013 0.812993
3.160653 0.812989
3.218197 0.819617
3.211469 0.819582
3.205025 0.819558
3.198963 0.819555
3.204177 0.826615
3.204239 0.826033
3.197901 0.827027
3.198049 0.826016
3.191617 0.828942
3.192398 0.826030
3.217505 0.832598
3.188182 0.832484
3.186004 0.832516
3.206014 0.839038
3.210846 0.839065
3.204108 0.840007
3.197827 0.841363
3.191559 0.840024
3.189947 0.838988
3.186213 0.839030
3.199382 0.845582
3.574765 0.821425
3.574699 0.821455
3.568483 0.822974
3.562199 0.824921
3.555915 0.826734
3.551667 0.827901
3.549631 0.828452
3.543348 0.830359
3.537068 0.831535
3.530788 0.832567
