-1.727414 0.936326
-1.694485 0.933456
-1.700781 0.934598
-1.707134 0.935597
-1.713637 0.936212
-1.720153 0.936797
-1.731346 0.936207
-1.727036 0.936438
-1.733700 0.935928
-1.739985 0.935612
-1.746270 0.935228
-1.732361 0.935509
-1.739126 0.935453
-1.749189 0.934965
-1.745990 0.935141
-1.752560 0.934340
-1.758850 0.933292
-1.308458 0.908885
-1.314732 0.910070
-1.321008 0.911021
-1.327282 0.912165
-1.333559 0.913123
-1.339836 0.913985
-1.346111 0.915011
-1.352386 0.916045
-1.358661 0.917158
-1.364937 0.918218
-1.371214 0.919026
-1.294320 0.908277
-1.300774 0.909021
-1.307187 0.909870
-1.313437 0.911139
-1.319793 0.912135
-1.326097 0.913268
-1.332509 0.914126
-1.339011 0.914749
-1.345386 0.915701
-1.351767 0.916635
-1.358100 0.917700
-1.364449 0.918721
-0.977209 0.916493
-0.983483 0.917918
-0.989755 0.919365
-0.996026 0.920883
-1.002303 0.921720
-1.008580 0.922582
-1.014856 0.923622
-1.021130 0.924702
-1.027408 0.925370
-1.033690 0.925564
-1.039971 0.925711
-0.951472 0.910125
-0.957457 0.912059
-0.963425 0.914046
-0.969614 0.915469
-0.975773 0.916970
-0.981856 0.918667
-1.041681 0.925649
-0.624374 0.894843
-0.630653 0.895294
-0.636931 0.895986
-0.643209 0.896677
-0.649487 0.897445
-0.616677 0.894829
-0.623293 0.895156
-0.629938 0.895409
-0.636446 0.896014
-0.642937 0.896662
-0.652938 0.897821
-0.649381 0.897431
-0.655765 0.898114
-0.662041 0.898979
-0.668316 0.900009
-0.674591 0.901248
-0.680865 0.902448
-0.294867 0.892042
-0.301149 0.892167
-0.307428 0.892596
-0.280654 0.891869
-0.287354 0.891979
-0.293991 0.892253
-0.300707 0.892322
-0.309089 0.892694
-0.307321 0.892654
-0.313708 0.892981
-0.319988 0.893470
-0.326267 0.894028
-0.332546 0.894567
-0.338825 0.895021
-0.028571 0.904409
-0.029748 0.904017
-0.036042 0.902504
-0.038511 0.901633
-0.042348 0.899436
-0.044916 0.898217
-0.041475 0.900018
-0.048644 0.897537
0.290029 0.885522
0.303878 0.886334
0.297105 0.886261
0.289366 0.885534
0.290077 0.885532
0.283749 0.885937
0.277470 0.886516
0.271192 0.887165
0.264915 0.887904
0.258639 0.888947
0.252362 0.889699
0.246085 0.890610
0.272529 0.887874
0.266032 0.888512
0.414928 0.905046
0.411511 0.904221
0.415991 0.906322
0.408634 0.903512
0.402344 0.902505
0.399520 0.901864
0.403132 0.903379
0.396051 0.901142
0.661275 0.927879
0.659348 0.926885
0.661802 0.927886
0.654971 0.924892
0.651938 0.923624
0.655687 0.924919
0.648672 0.922573
0.738047 0.906729
0.643014 0.920695
0.642373 0.920424
0.927459 0.909587
0.924394 0.908796
0.928436 0.910740
0.921164 0.907963
0.914871 0.906504
0.913241 0.906270
0.915427 0.907403
0.908581 0.905599
1.137935 0.954423
1.131649 0.953928
1.128456 0.953889
1.125364 0.953822
1.119078 0.953337
1.112793 0.953080
1.109116 0.952956
1.106509 0.952830
1.448640 0.958193
1.455796 0.959049
1.447989 0.958117
1.448709 0.958172
1.442350 0.957108
1.450126 0.957235
1.436058 0.955732
1.443084 0.956465
1.436057 0.955733
1.429762 0.954001
1.425730 0.953085
1.671658 0.999702
1.685634 1.000712
1.678530 0.999791
1.671061 0.999573
1.671719 0.999618
1.665363 0.998018
1.672854 0.997935
1.660820 0.996848
1.665832 0.997221
1.659067 0.996208
1.666862 0.995316
1.654319 0.993442
1.659836 0.994585
1.652759 0.992697
1.846955 1.035012
1.839878 1.034160
1.833063 1.031862
1.840622 1.031468
1.829274 1.030052
1.833547 1.030617
1.826760 1.028983
1.834446 1.028363
1.821918 1.026800
1.827371 1.027505
1.820452 1.025604
1.816651 1.023177
1.820845 1.023522
-1.694353 0.933517
-1.700628 0.934625
-1.706905 0.935604
-1.713184 0.936083
-1.719465 0.936285
-1.725752 0.935622
-1.692695 0.933456
-1.699263 0.933909
-1.705750 0.934573
-1.712385 0.934853
-1.719016 0.935144
-1.727816 0.935550
-1.725663 0.935392
-1.732036 0.935545
-1.738321 0.935369
-1.228077 0.907053
-1.234354 0.907786
-1.240634 0.908307
-1.226821 0.908437
-1.233481 0.908655
-1.245275 0.908482
-1.240213 0.908685
-1.246916 0.908480
-1.253199 0.908314
-1.259481 0.908442
-1.265762 0.908887
-1.272041 0.909336
-0.797670 0.902896
-0.835319 0.909577
-0.841588 0.911407
-0.847862 0.912818
-0.854137 0.913917
-0.860414 0.914632
-0.789703 0.905330
-0.802052 0.903019
-0.797112 0.903624
-0.803952 0.902999
-0.810230 0.903669
-0.816506 0.904650
-0.822779 0.906083
-0.829049 0.907771
-0.833621 0.909086
-0.835228 0.909650
-0.841212 0.911612
-0.847449 0.912920
-0.853792 0.913959
-0.862834 0.914735
-0.860261 0.914672
-0.395773 0.892558
-0.402051 0.893201
-0.408329 0.893843
-0.414605 0.894763
-0.420879 0.896088
-0.427153 0.897308
-0.433429 0.898248
-0.439704 0.899285
-0.387837 0.893697
-0.394511 0.893876
-0.401127 0.894205
-0.407774 0.894453
-0.414273 0.895080
-0.420559 0.896258
-0.426882 0.897342
-0.433263 0.898275
-0.442706 0.899632
-0.439618 0.899281
-0.445981 0.900067
-0.452262 0.900292
0.066525 0.901302
0.060259 0.903663
0.053993 0.905885
0.168558 0.885191
0.161753 0.885033
0.148790 0.884429
0.154869 0.884675
0.148081 0.884482
0.141803 0.885068
0.135523 0.885627
0.129244 0.886085
0.122965 0.886566
0.116688 0.887362
0.110412 0.888305
0.104136 0.889306
0.097863 0.890737
0.091594 0.892566
0.085325 0.894485
0.079057 0.896637
0.072791 0.899015
0.072573 0.899099
0.137137 0.886515
0.130511 0.886819
0.123948 0.887285
0.117496 0.888040
0.111089 0.888910
0.104701 0.889833
0.406948 0.900793
0.406065 0.900596
0.407258 0.901227
0.400656 0.899570
0.395027 0.898026
0.394361 0.897864
0.388065 0.895963
0.386115 0.895093
0.685203 0.945192
0.677258 0.939327
0.675760 0.937771
0.670952 0.936077
0.668072 0.934577
0.664648 0.933342
0.741621 0.915789
0.747388 0.917966
0.739910 0.914934
0.659958 0.931505
0.783777 0.899199
0.735467 0.912277
0.733605 0.911763
0.727306 0.909660
0.804266 0.899014
0.797609 0.899238
0.790816 0.899111
0.780133 0.899034
0.784058 0.899074
0.777493 0.899155
0.771211 0.899131
0.764924 0.898618
0.726833 0.909280
0.727783 0.910431
0.785371 0.897861
0.778972 0.898750
0.772178 0.898619
0.761357 0.897964
0.765205 0.898029
0.758636 0.897918
0.752347 0.897176
1.101408 0.938817
1.095117 0.937748
1.092828 0.937326
1.088829 0.936955
1.082542 0.936471
1.076577 0.935806
1.076255 0.935787
-1.655024 0.928675
-1.661306 0.928771
-1.667582 0.929680
-1.673858 0.930827
-1.680132 0.931990
-1.686407 0.933011
-1.659935 0.930996
-1.666857 0.930536
-1.673358 0.931159
-1.679726 0.932125
-1.692523 0.933448
-1.686129 0.933003
-1.692687 0.933455
-1.698968 0.933761
-1.705248 0.934198
-1.254873 0.907269
-1.261156 0.907352
-1.247076 0.908378
-1.254033 0.907829
-1.264509 0.907491
-1.260889 0.907543
-1.267438 0.907493
-1.273719 0.907729
-1.280000 0.907910
-1.286281 0.908215
-1.292558 0.909129
-1.298832 0.910369
-1.278734 0.909134
-1.285511 0.909045
-0.855807 0.913383
-0.818190 0.902255
-0.824460 0.903959
-0.830729 0.905932
-0.836999 0.907831
-0.843267 0.909843
-0.849536 0.911679
-0.855106 0.913195
-0.856890 0.913537
-0.855783 0.913391
-0.862084 0.914256
-0.868368 0.914124
-0.874653 0.913744
-0.804291 0.902508
-0.811034 0.902509
-0.817480 0.903271
-0.823490 0.905151
-0.829359 0.907397
-0.866970 0.914759
-0.880060 0.913343
-0.873944 0.914161
-0.880939 0.913287
-0.435092 0.898712
-0.441364 0.900261
-0.447640 0.901285
-0.428632 0.897440
-0.434934 0.898568
-0.441147 0.899923
-0.449691 0.900946
-0.447479 0.900979
-0.453926 0.900690
-0.460214 0.899950
-0.446062 0.900054
-0.452746 0.900207
-0.465605 0.899342
-0.459546 0.900061
-0.466502 0.899242
-0.472793 0.898354
-0.066260 0.890703
-0.103916 0.896282
-0.110189 0.897616
-0.116462 0.899021
-0.122735 0.900454
-0.129014 0.900945
-0.069927 0.888936
-0.065417 0.890442
-0.072558 0.888540
-0.078838 0.888819
-0.085111 0.890150
-0.091380 0.892033
-0.097648 0.894224
-0.097957 0.894321
-0.102802 0.898365
-0.132001 0.900905
0.189131 0.887171
0.196656 0.888066
0.184104 0.887005
0.189758 0.887670
0.182848 0.887034
0.176565 0.887176
0.170280 0.886912
0.163994 0.886434
0.171397 0.887922
0.162942 0.886414
0.164126 0.886555
0.157714 0.886777
0.151437 0.887538
0.548900 0.902489
0.536344 0.903790
0.543051 0.902389
0.550423 0.905195
0.542617 0.902409
0.539579 0.903055
0.534931 0.903946
0.536378 0.903764
0.530066 0.904560
0.523784 0.904651
0.517501 0.904602
0.511216 0.904277
0.525116 0.904942
0.518139 0.904337
0.508927 0.904304
0.511321 0.904144
0.919472 0.904554
0.913179 0.903121
0.908933 0.902402
0.906890 0.902130
0.900603 0.901552
0.894317 0.901163
0.889359 0.901526
0.888037 0.901604
1.152205 0.959668
1.148230 0.959463
1.145921 0.959439
1.139636 0.959257
1.133350 0.958763
1.127534 0.958760
1.127067 0.958751
1.127381 0.959659
1.120781 0.958285
1.114495 0.957994
1.510237 0.965132
1.517530 0.966314
1.509717 0.965003
1.510305 0.965083
1.503944 0.963908
1.497655 0.962936
1.504837 0.963766
1.496473 0.962857
1.497771 0.962936
1.491369 0.962483
1.485081 0.961821
1.492533 0.962273
1.480699 0.961254
1.485553 0.961657
1.478792 0.961033
1.769755 1.018673
1.777234 1.019967
1.768876 1.018244
1.769906 1.018472
1.763450 1.015536
1.771107 1.016972
1.761780 1.014923
1.763688 1.015233
1.757153 1.013526
1.765005 1.014078
1.752739 1.012011
1.757839 1.012981
1.750854 1.011326
-1.768478 0.931702
-1.774765 0.931166
-1.767161 0.932717
-1.778494 0.931209
-1.774283 0.931743
-1.781048 0.931134
-1.787329 0.931317
-1.793612 0.931328
-1.799897 0.931162
-1.802810 0.931256
-1.799632 0.931386
-1.281672 0.907212
-1.287952 0.907577
-1.267694 0.907384
-1.274408 0.907459
-1.281141 0.907488
-1.291903 0.908065
-1.287823 0.907646
-1.294230 0.908295
-1.300506 0.909144
-1.306782 0.910120
-1.313057 0.911392
-1.319331 0.912480
-1.325606 0.913613
-1.331882 0.914555
-1.338160 0.915335
-0.886835 0.909932
-0.883714 0.910942
-0.890583 0.909395
-0.896869 0.908913
-0.903155 0.908619
-0.895697 0.910224
-0.904526 0.908643
-0.902987 0.908816
-0.909437 0.908710
-0.915716 0.909273
-0.921991 0.910267
-0.928267 0.911412
-0.461885 0.899342
-0.454336 0.900686
-0.463730 0.898964
-0.461586 0.899390
-0.468176 0.898384
-0.474464 0.897612
-0.466620 0.899205
-0.478498 0.897121
-0.473867 0.897906
-0.480752 0.896834
-0.487038 0.896434
-0.493321 0.896535
-0.138914 0.896781
-0.146303 0.895134
-0.152911 0.894259
-0.159197 0.893834
-0.165483 0.893265
-0.151446 0.894647
-0.158516 0.893805
-0.165632 0.893257
-0.165471 0.893261
-0.171768 0.893023
-0.178051 0.892963
-0.184335 0.892883
0.033551 0.916137
0.027282 0.918093
0.021003 0.918592
0.046074 0.910176
0.039817 0.913775
0.034584 0.915687
0.033584 0.915975
0.027471 0.917590
0.019563 0.918570
0.021072 0.918477
0.014708 0.916902
0.058589 0.903134
0.052330 0.906477
0.049584 0.908130
0.046379 0.909615
0.040450 0.911710
0.034278 0.913185
0.028055 0.914528
0.021576 0.915214
0.012302 0.915316
0.014873 0.915319
0.089917 0.891122
0.083648 0.893087
0.077380 0.895208
0.071116 0.897759
0.064853 0.900414
0.064352 0.900619
0.059127 0.903143
0.053407 0.905787
0.047395 0.907681
0.148029 0.884429
0.141336 0.884561
0.134622 0.884635
0.123488 0.884603
0.127862 0.884594
0.121286 0.884853
0.115009 0.885709
0.108734 0.886749
0.102459 0.887926
0.096187 0.889307
0.090608 0.890902
0.089965 0.891160
0.084118 0.893466
0.078370 0.896039
0.072769 0.898998
0.637159 0.917105
0.639644 0.918360
0.632711 0.913902
0.582514 0.923167
0.631386 0.913524
0.633083 0.914237
0.626418 0.912599
0.620133 0.912323
0.607576 0.913576
0.601319 0.917038
0.595051 0.919179
0.588779 0.920748
0.584476 0.922579
0.582585 0.923148
0.615316 0.911969
0.620611 0.912301
0.613847 0.911954
0.608641 0.913263
0.607592 0.913514
0.951435 0.927272
0.951124 0.927068
0.947867 0.923022
0.945105 0.920760
0.946433 0.926927
0.942886 0.919339
1.196709 0.979063
1.193166 0.978918
1.197636 0.980632
1.190424 0.978674
1.184137 0.978222
1.177851 0.977858
1.174661 0.977808
1.178493 0.978863
1.171567 0.977674
1.165284 0.977634
1.558772 0.972912
1.545025 0.970952
1.538737 0.970187
1.546292 0.970895
1.534055 0.969684
1.539244 0.970113
1.532450 0.969538
1.526158 0.968278
1.534054 0.969560
1.522636 0.967224
1.526819 0.968285
1.519862 0.966376
-1.207554 0.908084
-1.213836 0.908243
-1.220115 0.908680
-1.212513 0.910551
-1.222514 0.908796
-1.219792 0.909175
-1.226396 0.908904
-1.232676 0.909464
-1.238956 0.909791
-1.245238 0.909887
0.685271 0.945310
0.685251 0.945302
0.678956 0.943804
0.675995 0.942412
0.672658 0.941600
0.666804 0.939539
0.666359 0.939404
0.666663 0.940410
0.750643 0.918727
0.755659 0.921884
0.747881 0.917803
0.741584 0.916026
0.740926 0.915921
0.742360 0.917800
0.735300 0.915854
0.817968 0.899564
0.804690 0.899003
0.810933 0.898819
0.804291 0.899027
0.798010 0.899297
0.791721 0.898413
0.805688 0.898083
0.798736 0.897549
0.786625 0.897797
0.791908 0.897330
0.785431 0.897512
0.779154 0.898315
0.772869 0.898001
0.792384 0.894013
0.785698 0.894158
1.087144 0.934375
1.085863 0.933983
1.087441 0.934513
1.080855 0.933516
1.074569 0.933272
1.070125 0.932335
1.076113 0.935498
1.068279 0.932179
1.061994 0.931880
1.407325 0.955817
1.387071 0.955019
1.380775 0.953033
1.394564 0.953077
1.387683 0.952728
1.378496 0.952726
1.380890 0.952600
1.374487 0.952274
1.368200 0.951924
1.361918 0.952030
1.388480 0.950211
1.381663 0.950021
1.375072 0.950418
1.368555 0.951002
1.357860 0.952048
1.362062 0.951650
1.355636 0.952057
1.692187 1.001523
1.699530 1.001758
1.688562 1.000890
1.692528 1.001095
1.685896 1.000348
1.679598 0.998405
1.686770 0.999041
1.678208 0.998196
1.679715 0.998237
1.673307 0.997169
1.680855 0.996630
1.668166 0.995484
1.673920 0.996132
1.667009 0.995189
-1.839786 0.911516
-1.842980 0.910819
-1.846077 0.910291
-1.601007 0.952958
-1.608815 0.950211
-1.613766 0.954839
-1.595135 0.946158
-1.602607 0.943023
-1.602561 0.944390
-1.475690 0.914682
-1.482632 0.914176
-1.493168 0.913926
-1.489434 0.914027
-1.496011 0.913608
-1.502294 0.913601
-1.508572 0.914264
-1.514851 0.914765
-1.521132 0.915053
-1.500902 0.914621
-1.507401 0.915252
-1.514029 0.915548
-1.524077 0.915181
-1.520812 0.915449
-1.527416 0.914920
-1.533699 0.914832
-1.089532 0.911376
-1.092392 0.910826
-1.098679 0.910303
-1.104963 0.910226
-1.142611 0.917071
-1.108809 0.910391
-1.111246 0.910207
-1.117524 0.910828
-1.123798 0.912079
-1.130070 0.913597
-1.136341 0.915273
-1.140426 0.916502
-1.142505 0.917200
-0.742342 0.911992
-0.748627 0.911639
-0.709341 0.908489
-0.715753 0.909335
-0.722349 0.909713
-0.728878 0.910262
-0.735314 0.911048
-0.741869 0.911532
-0.749166 0.911594
-0.748577 0.911623
-0.754910 0.911611
-0.761197 0.911116
-0.766342 0.910229
-0.760372 0.911401
-0.767487 0.910048
-0.773777 0.909163
-0.321664 0.892168
-0.327944 0.892516
-0.314018 0.892773
-0.320720 0.892882
-0.333223 0.892643
-0.327443 0.892935
-0.334226 0.892679
-0.340507 0.893009
-0.346785 0.893595
-0.353064 0.894166
-0.359342 0.894802
-0.365621 0.895499
0.215932 0.887649
0.209652 0.888000
0.203371 0.888199
0.223646 0.888106
0.217065 0.888523
0.210369 0.888644
0.202312 0.888191
0.203496 0.888315
0.197091 0.888477
0.190808 0.888697
0.184526 0.888714
0.178242 0.888594
0.176543 0.888506
0.178529 0.888928
0.605951 0.919210
0.599672 0.919857
0.618876 0.916988
0.612549 0.918055
0.606217 0.919102
0.598204 0.919890
0.599774 0.919873
0.593393 0.920331
0.587113 0.920756
0.580834 0.921303
0.574555 0.921865
0.568271 0.921652
0.625945 0.913224
0.619662 0.914409
0.613424 0.915708
0.607237 0.917142
0.601118 0.918753
0.594913 0.920147
0.588674 0.921452
0.566321 0.921367
0.568872 0.922562
0.613810 0.912150
0.981715 0.947967
0.975437 0.948574
0.969156 0.948832
1.020635 0.940726
0.962943 0.948203
0.962868 0.948194
0.956574 0.946647
0.954054 0.945264
-1.829632 0.917625
-1.831796 0.916985
-1.838093 0.915086
-1.839264 0.914791
-1.844385 0.913819
-1.850674 0.913045
-1.599161 0.958795
-1.592897 0.956138
-1.593587 0.956637
-1.592805 0.956735
-1.448682 0.915821
-1.434827 0.915708
-1.441596 0.915643
-1.453491 0.915666
-1.448344 0.915633
-1.454967 0.915558
-1.461254 0.914962
-1.467538 0.914774
-1.460195 0.915258
-1.472951 0.914734
-1.467069 0.914919
-1.473822 0.914630
-1.480110 0.914007
-1.043326 0.922745
-1.049607 0.922935
-1.035746 0.923397
-1.042629 0.923040
-1.051617 0.922813
-1.049386 0.923007
-1.055893 0.922577
-1.062178 0.922285
-1.068466 0.921519
-1.061154 0.922858
-1.068862 0.921461
-1.068398 0.921564
-1.074757 0.920443
-0.468884 0.897977
-0.482427 0.895741
-0.488715 0.895096
-0.481137 0.896551
-0.492326 0.895086
-0.488333 0.895386
-0.494997 0.895065
-0.501276 0.895709
-0.507552 0.896548
-0.513827 0.897750
-0.520101 0.899042
-0.526375 0.900177
0.585431 0.918517
0.593081 0.920000
0.582590 0.918210
0.585992 0.919121
0.579145 0.918232
0.572864 0.918420
0.566578 0.917986
0.562902 0.917312
0.560286 0.916651
0.553988 0.914795
1.010192 0.949544
1.003923 0.951607
0.997652 0.953150
0.991379 0.954455
0.985103 0.955429
0.978823 0.955869
0.972540 0.955980
1.054073 0.935925
1.047799 0.937033
1.041526 0.938416
1.035251 0.939470
1.028980 0.941291
1.022714 0.943493
1.016454 0.946726
1.015479 0.947484
1.010611 0.949602
1.004731 0.951827
0.998603 0.953419
0.992356 0.954702
0.986020 0.955756
0.979463 0.956243
0.971845 0.955908
0.972648 0.956056
1.080196 0.933229
1.073641 0.933711
1.067070 0.934152
1.060614 0.934889
1.054111 0.935505
1.047854 0.936754
1.041647 0.938130
1.035356 0.939295
1.029227 0.940876
1.023099 0.942463
1.017213 0.944679
1.068008 0.931982
1.061104 0.931569
1.054419 0.931720
1.048148 0.932936
1.042000 0.934476
1.035789 0.935853
1.029822 0.937865
1.354010 0.957578
1.367019 0.956215
1.360569 0.956964
1.353625 0.957503
1.354031 0.957490
1.347716 0.956060
1.374283 0.952949
1.367690 0.953335
1.361201 0.953990
1.354630 0.954432
1.343331 0.954795
1.348018 0.954770
1.341420 0.954330
1.335128 0.953070
1.355551 0.952249
1.348935 0.952582
1.342108 0.952362
1.331808 0.952368
1.335381 0.952407
1.651110 0.995059
1.658838 0.996577
1.649465 0.994346
1.651393 0.994778
1.644804 0.991950
1.652465 0.992963
1.642321 0.991048
1.645131 0.991440
1.638505 0.989668
1.634235 0.987967
1.639096 0.988724
-1.747939 0.934891
-1.733992 0.935895
-1.740912 0.935444
-1.748796 0.934878
-1.747841 0.934969
-1.754229 0.934080
-1.760517 0.933351
-1.753041 0.934347
-1.764234 0.933161
-1.760179 0.933331
-1.766803 0.932803
-1.773087 0.932681
-1.779369 0.932843
-1.374569 0.916012
-1.380847 0.916645
-1.341534 0.912853
-1.347900 0.913815
-1.354235 0.914858
-1.360594 0.915845
-1.367114 0.916416
-1.373711 0.916793
-1.386288 0.916812
-1.380293 0.917204
-1.387128 0.916810
-1.393412 0.916831
-1.399693 0.917030
-1.405975 0.917088
-1.398069 0.918973
-1.411340 0.916976
-1.405228 0.917895
-1.412259 0.916917
-0.988080 0.920419
-0.994353 0.921941
-1.000628 0.922927
-1.006904 0.923901
-1.013178 0.925122
-0.931627 0.907565
-0.937902 0.908797
-0.944175 0.910120
-0.950448 0.911382
-0.956720 0.912919
-0.962992 0.914465
-0.969266 0.915749
-0.975538 0.917143
-0.981810 0.918704
-0.983076 0.919034
-0.987874 0.920541
-0.994008 0.922113
-1.000395 0.923037
-1.006780 0.923964
-1.013047 0.925198
-0.577054 0.895646
-0.583340 0.895398
-0.589623 0.895230
-0.582406 0.896250
-0.590638 0.895224
-0.589513 0.895316
-0.595907 0.895073
-0.602188 0.895275
-0.608469 0.895644
-0.614750 0.895951
-0.227030 0.893120
-0.233317 0.892498
-0.219374 0.893377
-0.226299 0.892912
-0.234473 0.892421
-0.233209 0.892483
-0.239603 0.892159
-0.245888 0.891901
-0.252170 0.891925
-0.238310 0.892163
-0.245122 0.891987
-0.256555 0.892031
-0.251869 0.891977
-0.258452 0.892090
-0.007475 0.916718
-0.013764 0.915891
-0.005911 0.918452
-0.014581 0.915758
-0.013414 0.916504
-0.020057 0.914377
-0.024265 0.912950
-0.026360 0.911651
0.364160 0.888261
0.357875 0.887980
0.351593 0.888122
0.371845 0.887697
0.365285 0.888168
0.358486 0.888027
0.349913 0.887958
0.351792 0.888156
0.345310 0.888026
0.339028 0.888175
0.332748 0.888595
0.326467 0.888887
0.515847 0.906252
0.509566 0.906638
0.503289 0.907420
0.497016 0.908769
0.490742 0.910020
0.484467 0.911084
0.478193 0.912345
0.471921 0.913835
0.465649 0.915280
0.459376 0.916676
0.453096 0.917235
0.542579 0.902374
0.529885 0.904407
0.523172 0.904485
0.516664 0.905091
0.510192 0.905788
0.503889 0.906920
0.497656 0.908235
0.491419 0.909542
0.485117 0.910679
0.478894 0.912026
0.472695 0.913433
0.466376 0.914534
0.504780 0.904667
0.498356 0.905498
-1.621971 0.924843
-1.628232 0.927964
-1.634496 0.930476
-1.640769 0.931799
-1.647048 0.932502
-1.653332 0.932207
-1.603174 0.917738
-1.609442 0.919702
-1.615709 0.921889
-1.621295 0.924462
-1.621463 0.925892
-1.658194 0.931536
-1.651786 0.934616
-1.659621 0.931364
-1.665904 0.931337
-1.672183 0.931830
-1.678462 0.932463
-1.589927 0.915715
-1.595447 0.918848
-1.187026 0.909842
-1.193307 0.910145
-1.199586 0.910592
-1.205866 0.911000
-1.210632 0.911205
-1.205065 0.912368
-1.212149 0.911094
-1.218432 0.911094
-1.224713 0.911265
-0.876324 0.913085
-0.844003 0.909028
-0.849829 0.911369
-0.862202 0.914224
-0.869056 0.913942
-0.877475 0.912807
-0.876148 0.913048
-0.882615 0.911997
-0.888903 0.911284
-0.881073 0.913162
-0.892347 0.911000
-0.888346 0.911792
-0.895189 0.910809
-0.901473 0.910722
-0.536294 0.898043
-0.542744 0.898791
-0.549500 0.898760
-0.557386 0.898216
-0.556405 0.898349
-0.562807 0.897791
-0.569093 0.897349
-0.575377 0.897158
-0.568150 0.898231
-0.576203 0.897140
-0.575273 0.897253
-0.581662 0.896864
-0.587947 0.896574
-0.105945 0.894869
-0.112115 0.896332
-0.118292 0.897781
-0.124662 0.898737
-0.137207 0.897165
-0.131627 0.898170
-0.138658 0.897035
-0.144948 0.896102
-0.150085 0.894962
-0.143977 0.896520
-0.151241 0.894668
-0.157531 0.893841
0.242725 0.886808
0.236444 0.887194
0.230166 0.887837
0.256901 0.886920
0.250299 0.887283
0.243608 0.887418
0.236926 0.887576
0.228184 0.887908
0.230360 0.888029
0.223888 0.888396
0.217611 0.889184
0.211332 0.889876
0.205053 0.890380
0.198771 0.890500
0.435472 0.909022
0.435413 0.909008
0.435492 0.909050
0.429187 0.908712
0.422901 0.908318
0.418690 0.907529
0.423904 0.909331
0.416610 0.907154
0.410317 0.905795
0.407188 0.905102
0.690648 0.953641
0.693981 0.954995
0.687692 0.949523
0.686946 0.949251
0.680655 0.948304
0.676325 0.947058
0.674360 0.946672
0.767625 0.924839
0.770074 0.928846
0.762155 0.923634
0.756383 0.922306
0.755862 0.922241
0.756053 0.922895
0.749573 0.921451
0.837363 0.897860
0.831089 0.899064
0.824812 0.899867
0.743760 0.920090
0.743280 0.920028
0.743409 0.920515
0.843899 0.896897
0.837623 0.898092
0.831475 0.899614
0.824511 0.899878
0.824853 0.899926
0.818529 0.899865
0.812238 0.898717
0.819739 0.899540
0.809035 0.898181
0.812535 0.898354
0.805948 0.897791
-1.847113 0.908741
-1.606047 0.928198
-1.612315 0.930334
-1.618587 0.931845
-1.624862 0.932913
-1.631135 0.934375
-1.637407 0.935785
-1.537057 0.911400
-1.543337 0.911844
-1.549616 0.912340
-1.555896 0.912764
-1.562173 0.913569
-1.568446 0.914939
-1.574720 0.916165
-1.580993 0.917622
-1.587261 0.919644
-1.593527 0.921994
-1.599788 0.924950
-1.600061 0.925079
-1.548279 0.914175
-1.555343 0.913352
-1.561933 0.913744
-1.568107 0.915215
-1.574253 0.916755
-1.580150 0.918946
-1.127170 0.906625
-1.133439 0.908519
-1.139710 0.910330
-1.145979 0.912099
-1.152251 0.913658
-1.158528 0.914523
-1.164807 0.914956
-1.171087 0.915335
-1.177369 0.915563
-1.183651 0.915720
-1.185539 0.915785
-1.183360 0.916179
-1.189934 0.915637
-0.770005 0.908566
-0.783416 0.905904
-0.789703 0.905330
-0.782458 0.906617
-0.789703 0.905330
-0.795988 0.905003
-0.802268 0.905409
-0.808545 0.906220
-0.814821 0.907207
-0.821095 0.908374
-0.368980 0.891820
-0.375259 0.892403
-0.381536 0.893174
-0.361276 0.892638
-0.367928 0.892873
-0.374574 0.893123
-0.387521 0.893699
-0.381127 0.893612
-0.387815 0.893721
-0.394093 0.894316
-0.400371 0.895035
-0.406649 0.895767
-0.412926 0.896603
-0.419202 0.897566
-0.051996 0.894962
-0.052251 0.894914
-0.051945 0.894999
-0.058289 0.893558
-0.108496 0.901450
-0.061586 0.892017
-0.057428 0.893640
-0.064586 0.891500
-0.070870 0.891375
-0.077150 0.891891
-0.083426 0.892803
-0.089698 0.894302
-0.095964 0.896692
-0.102227 0.899315
-0.105511 0.900502
0.316836 0.886784
0.310552 0.886643
0.324414 0.887120
0.317630 0.887014
0.308637 0.886516
0.310770 0.886718
0.304269 0.886575
0.297988 0.886789
0.291704 0.886718
0.285424 0.887144
0.279144 0.887548
0.299502 0.887872
0.292512 0.887233
0.285839 0.887416
0.279098 0.887551
0.279148 0.887549
0.647001 0.921889
0.643897 0.920483
0.647896 0.922224
0.640699 0.919191
0.636577 0.917221
0.642200 0.920361
0.634391 0.915914
0.973616 0.941201
0.959450 0.936305
0.955625 0.935565
0.953155 0.934790
0.953920 0.937973
0.948959 0.932173
0.946831 0.929092
0.947885 0.935233
0.945450 0.928204
1.347300 0.957520
1.340514 0.957413
1.329279 0.957494
1.333829 0.957564
1.327204 0.956642
1.320910 0.955055
1.341261 0.954735
1.334489 0.954664
1.327680 0.954496
1.319129 0.954756
1.321006 0.954672
1.314619 0.953975
1.308331 0.953162
1.328564 0.952215
1.321785 0.952124
1.315099 0.952270
1.306047 0.952629
1.308465 0.952555
1.610421 0.983121
1.615512 0.984645
1.608320 0.982304
1.602024 0.980427
1.609624 0.982262
1.601210 0.980206
1.602184 0.980469
1.595731 0.979033
1.589440 0.978000
1.588772 0.977955
1.589539 0.978085
1.867846 1.036724
1.881853 1.038026
1.874774 1.037170
1.867799 1.036704
1.867850 1.036708
1.861542 1.033760
1.875443 1.034307
1.868512 1.033824
1.860771 1.033377
1.861623 1.033449
1.855234 1.030418
1.869232 1.031128
1.862319 1.030689
1.854565 1.029923
1.855328 1.030049
-1.796983 0.926042
-1.801658 0.926299
-1.795958 0.928042
-1.803264 0.926360
-1.809547 0.926369
-1.815830 0.926379
-1.822115 0.925977
-1.823453 0.925807
-1.828402 0.925424
-1.834685 0.925545
-1.401369 0.915632
-1.387215 0.916747
-1.394176 0.916194
-1.404745 0.915675
-1.401054 0.915848
-1.407652 0.915666
-1.413935 0.915695
-1.420218 0.915691
-1.426500 0.915820
-1.412384 0.916825
-1.419428 0.916049
-1.430651 0.915991
-1.426227 0.915904
-1.432782 0.915932
-1.439065 0.915787
-1.022806 0.923457
-1.029085 0.923940
-0.990228 0.919085
-0.996355 0.920658
-1.002841 0.921319
-1.009308 0.922024
-1.015664 0.923017
-1.022032 0.923979
-1.032273 0.923781
-1.028675 0.924238
-1.035370 0.923700
-1.041652 0.923769
-1.047934 0.923893
-1.054219 0.923583
-1.046868 0.924928
-1.055140 0.923527
-1.054088 0.923692
-1.060506 0.923108
-0.529730 0.897141
-0.536005 0.898259
-0.542281 0.899150
-0.548563 0.899429
-0.554846 0.899362
-0.561130 0.899130
-0.547073 0.900418
-0.553941 0.900094
-0.561993 0.899105
-0.561013 0.899247
-0.567415 0.898851
-0.573701 0.898554
-0.173428 0.894009
-0.179710 0.894097
-0.185992 0.894150
-0.192275 0.894121
-0.172238 0.893199
-0.178888 0.893442
-0.185513 0.893747
-0.194139 0.894048
-0.192147 0.894028
-0.198560 0.893749
-0.204847 0.893314
-0.211133 0.892973
0.392671 0.894632
0.391018 0.894113
0.393801 0.896710
0.386375 0.892817
0.381898 0.891193
0.380075 0.890425
0.373787 0.889755
0.669260 0.932732
0.665528 0.930373
0.662949 0.928774
0.659324 0.926903
0.656643 0.925480
0.744452 0.904635
0.738180 0.906019
0.737194 0.907276
0.777348 0.899159
0.770724 0.899466
0.764230 0.900102
0.757735 0.900739
0.751296 0.901519
0.744840 0.902256
0.738455 0.903175
0.732127 0.904244
0.726780 0.907840
0.758457 0.898015
0.751928 0.898568
0.745438 0.899223
0.738801 0.899499
0.732050 0.899477
0.726238 0.901889
-1.600866 0.953440
-1.607131 0.955783
-1.613412 0.956023
-1.594621 0.948186
-1.600584 0.953267
-1.613418 0.955203
-1.614040 0.955870
-1.593455 0.947249
-1.455111 0.915573
-1.462059 0.915050
-1.473645 0.914856
-1.468862 0.914898
-1.475489 0.914609
-1.481776 0.913991
-1.488057 0.914127
-1.494339 0.914417
-1.473927 0.914627
-1.480905 0.914020
-1.487584 0.914185
-1.496626 0.914594
-1.494228 0.914442
-1.500621 0.914543
-1.506899 0.915222
-1.513178 0.915708
-1.070928 0.919656
-1.084407 0.915774
-1.085777 0.915325
-1.083825 0.916571
-1.090698 0.914623
-1.096984 0.914191
-1.103268 0.914120
-1.095886 0.915688
-1.103780 0.914132
-1.103204 0.914201
-1.109555 0.913515
-0.709287 0.908446
-0.715564 0.909128
-0.721848 0.909060
-0.728127 0.909455
-0.734403 0.910478
-0.740679 0.911414
-0.746954 0.912489
-0.753237 0.912543
-0.663908 0.899360
-0.670194 0.900527
-0.676418 0.901854
-0.682691 0.903060
-0.688965 0.904265
-0.695243 0.905460
-0.701533 0.906625
-0.707951 0.907464
-0.714442 0.908115
-0.721040 0.908489
-0.727378 0.909536
-0.733480 0.911194
-0.739825 0.912223
-0.746213 0.913143
-0.753647 0.912494
-0.753174 0.912579
-0.247555 0.891783
-0.253838 0.891677
-0.240081 0.892155
-0.246955 0.891818
-0.255095 0.891696
-0.253748 0.891693
-0.260121 0.891801
-0.266404 0.891800
-0.272686 0.891888
-0.278966 0.892187
-0.258577 0.892070
-0.265316 0.892079
-0.272062 0.892074
-0.282476 0.892324
-0.278734 0.892259
0.013054 0.918731
0.006773 0.918971
0.000491 0.918949
0.045430 0.911778
0.039671 0.914294
0.014452 0.918796
0.007758 0.918919
-0.004995 0.918600
0.000979 0.918829
-0.005797 0.918188
-0.012086 0.917449
-0.018369 0.917443
0.057638 0.903907
0.052040 0.906836
0.008078 0.915184
0.001318 0.915139
-0.005341 0.915359
-0.011696 0.916365
-0.020603 0.916962
-0.018091 0.917268
0.075954 0.894408
0.070414 0.897488
0.064807 0.900406
0.121181 0.884752
0.114683 0.885378
0.108288 0.886270
0.102018 0.887481
0.095866 0.888998
0.384687 0.889877
0.378397 0.888935
0.374434 0.887934
0.379168 0.889189
0.372106 0.887699
0.365828 0.888360
0.359546 0.888481
0.353265 0.888844
0.346982 0.888908
1.639437 0.991596
1.643829 0.992675
1.636846 0.990666
1.630548 0.988730
1.637899 0.990179
1.630335 0.988658
1.630586 0.988713
1.624248 0.986326
1.631881 0.987500
1.621713 0.985666
1.624597 0.986101
1.617955 0.984867
-1.817525 0.922434
-1.823812 0.921871
-1.825705 0.921545
-1.830102 0.920881
-1.836389 0.920245
-1.841878 0.920005
-1.842676 0.919698
-1.842418 0.920817
-1.428166 0.915769
-1.407925 0.915523
-1.414695 0.915454
-1.421385 0.915592
-1.429793 0.915800
-1.428062 0.915762
-1.434450 0.915682
-1.440734 0.915586
-1.447017 0.915555
-1.453298 0.915762
-1.432954 0.915948
-1.439750 0.915814
-1.446568 0.915619
-1.453866 0.915761
-1.453254 0.915768
-1.459584 0.915340
-1.063853 0.921124
-1.056424 0.922253
-1.065794 0.920858
-1.063545 0.921286
-1.070143 0.920259
-1.076432 0.919333
-1.079710 0.918848
-1.075852 0.919732
-1.082722 0.918300
-1.089013 0.917185
-1.092488 0.916672
-0.597580 0.894192
-0.603862 0.894374
-0.610143 0.894671
-0.596455 0.894806
-0.603251 0.894672
-0.612764 0.894788
-0.609962 0.894754
-0.616423 0.894930
-0.622703 0.895363
-0.628984 0.895669
-0.635263 0.896238
-0.641542 0.896770
-0.193410 0.895384
-0.201380 0.895445
-0.200120 0.895472
-0.206503 0.894795
-0.212791 0.894085
-0.198887 0.894039
-0.205653 0.893981
-0.216279 0.893613
-0.212450 0.893840
-0.219080 0.893240
-0.225367 0.892678
-0.231653 0.892274
-0.224699 0.892486
-0.233182 0.892231
-0.231533 0.892252
0.269517 0.886041
0.263236 0.886261
0.283426 0.885772
0.276795 0.886057
0.270132 0.886263
0.258621 0.886750
0.263424 0.886353
0.256958 0.886981
0.250681 0.887710
0.244403 0.888459
0.238127 0.889350
0.231852 0.890464
0.225575 0.891275
0.219298 0.892099
0.213020 0.892726
0.449729 0.912453
0.443449 0.912715
0.441782 0.912455
0.443934 0.913393
0.437162 0.912324
0.430870 0.911054
0.427685 0.910499
0.431625 0.911858
0.424581 0.910133
0.713780 0.954341
0.707514 0.956609
0.701239 0.957637
0.726321 0.950782
0.720048 0.952264
0.716902 0.953285
0.714175 0.954898
0.708719 0.958201
0.698154 0.956874
0.701871 0.957933
0.694940 0.955566
0.691612 0.953467
0.695923 0.955418
0.688638 0.952837
0.682351 0.952312
0.776437 0.930534
0.770175 0.929019
0.770143 0.929017
0.770153 0.929051
0.763856 0.928380
0.757569 0.927835
0.754056 0.927460
0.751283 0.927372
0.751787 0.929287
0.864140 0.894966
0.857865 0.896008
0.851592 0.897364
0.845321 0.898877
0.839049 0.900434
0.832776 0.901825
0.826495 0.902150
0.822108 0.900371
0.820198 0.900139
1.115674 0.943548
1.110684 0.943261
1.109389 0.943215
1.110419 0.946143
1.103103 0.942745
1.096813 0.941805
1.094946 0.941616
1.090527 0.941353
1.084241 0.941010
1.427685 0.956146
1.420850 0.955914
1.411349 0.955797
1.414064 0.955805
1.407586 0.954968
1.401292 0.953350
1.415006 0.953622
1.408134 0.953290
1.400633 0.953159
1.401346 0.953178
1.394997 0.951664
1.409160 0.951377
1.402244 0.950928
1.391042 0.950350
1.395388 0.950637
1.388700 0.949726
-1.782733 0.928520
-1.789013 0.928908
-1.781525 0.930462
-1.792024 0.929124
-1.788610 0.929587
-1.795294 0.929243
-1.801577 0.929131
-1.807860 0.929203
-1.814139 0.929725
-1.820418 0.930322
-1.806527 0.930993
-1.813197 0.931183
-1.823074 0.930453
-1.820041 0.930924
-1.340822 0.912782
-1.341511 0.912864
-1.347786 0.913862
-1.354061 0.914922
-1.360337 0.915952
-1.366614 0.916699
-1.372892 0.917384
-1.379168 0.918213
-1.385448 0.918724
-1.391729 0.919019
-1.397565 0.919037
-1.398012 0.919036
-0.904836 0.906601
-0.911117 0.906798
-0.917397 0.907347
-0.923673 0.908228
-0.929948 0.909357
-0.936222 0.910541
-0.942495 0.911848
-0.948769 0.913137
-0.955041 0.914624
-0.961314 0.916055
-0.967587 0.917355
-0.973860 0.918790
-0.910064 0.907956
-0.916777 0.908037
-0.923238 0.908761
-0.929563 0.909840
-0.935836 0.911053
-0.942022 0.912495
-0.948236 0.913863
-0.954341 0.915517
-0.496672 0.893932
-0.502953 0.894325
-0.509231 0.894926
-0.515506 0.896008
-0.521779 0.897257
-0.528055 0.898422
-0.534330 0.899469
-0.540606 0.900327
-0.495290 0.894836
-0.501919 0.895131
-0.508478 0.895607
-0.514794 0.896707
-0.521028 0.898017
-0.527348 0.899108
-0.533768 0.899946
-0.544564 0.900453
-0.540247 0.900629
-0.546887 0.900574
-0.553169 0.900766
-0.080520 0.886640
-0.086791 0.888401
-0.093058 0.890655
-0.099324 0.892967
-0.105592 0.894968
-0.111865 0.896375
-0.118138 0.897811
-0.124413 0.898875
-0.130695 0.898841
-0.136984 0.898023
-0.073411 0.887239
-0.080308 0.886846
-0.086273 0.888838
-0.091989 0.891471
-0.097668 0.894209
-0.139275 0.897587
-0.136014 0.899672
-0.143278 0.896658
0.182717 0.886908
0.169024 0.885223
0.175779 0.886411
0.168602 0.885221
0.162321 0.885454
0.156039 0.885718
0.149760 0.886213
0.143479 0.886472
0.157337 0.886438
0.150762 0.886870
0.138158 0.886487
0.144019 0.886874
0.137197 0.886570
0.130918 0.887213
0.571167 0.914182
0.564877 0.913298
0.562565 0.912684
0.558584 0.911941
0.552290 0.910290
0.551588 0.910134
0.545997 0.908889
0.949718 0.920382
0.951227 0.926483
0.947162 0.918467
0.943402 0.915830
0.941041 0.914976
0.937101 0.913267
1.469177 0.961067
1.462886 0.960030
1.476998 0.961540
1.469950 0.960758
1.462639 0.959984
1.462920 0.960026
1.456594 0.958708
1.464485 0.959487
1.451523 0.957457
1.457348 0.958469
1.450300 0.957202
1.444011 0.956287
1.741235 1.011121
1.748934 1.011980
1.738450 1.010038
1.741669 1.010645
1.734937 1.008948
1.728645 1.007590
1.735884 1.008526
1.727932 1.007380
1.728759 1.007544
1.722342 1.004894
1.730009 1.006223
1.720479 1.004169
1.722632 1.004580
-1.626542 0.931170
-1.632807 0.933671
-1.639082 0.934700
-1.645361 0.935169
-1.601481 0.921369
-1.607746 0.923799
-1.614014 0.925913
-1.620278 0.928418
-1.623123 0.929484
-1.626027 0.931484
-1.631924 0.933665
-1.638108 0.935110
-1.650704 0.934797
-1.644591 0.935781
-1.651647 0.934772
-1.657940 0.933448
-1.563851 0.911939
-1.570126 0.913047
-1.576404 0.913881
-1.582677 0.915123
-1.588946 0.917079
-1.595213 0.919229
-1.596714 0.919738
-1.599928 0.924664
-1.166495 0.912147
-1.146632 0.911158
-1.152642 0.913030
-1.159353 0.913115
-1.166873 0.912170
-1.166440 0.912239
-1.172775 0.912402
-1.179057 0.912536
-1.185339 0.912781
-1.191619 0.913185
-1.197898 0.913611
-1.190645 0.914775
-1.199050 0.913678
-1.197748 0.913848
-1.204181 0.913560
-0.657430 0.898283
-0.663706 0.899344
-0.669980 0.900493
-0.676253 0.901810
-0.682527 0.903006
-0.688801 0.904205
-0.695076 0.905385
-0.701351 0.906508
-0.707629 0.907128
-0.713908 0.907671
-0.720187 0.908352
-0.726456 0.910241
-0.732725 0.912051
-0.655854 0.898128
-0.662249 0.899027
-0.668582 0.900086
-0.674845 0.901329
-0.681123 0.902531
-0.687382 0.903787
-0.693704 0.904878
-0.268073 0.891342
-0.274356 0.891530
-0.260496 0.891680
-0.267298 0.891532
-0.280328 0.891856
-0.274016 0.891596
-0.280636 0.891870
-0.286917 0.892011
-0.293197 0.892380
-0.299478 0.892713
-0.305756 0.893530
-0.312033 0.894274
-0.285444 0.892344
-0.292003 0.892821
-0.015114 0.912157
-0.021759 0.909582
-0.025755 0.908542
-0.028056 0.907651
-0.034351 0.905914
-0.034937 0.905649
-0.033566 0.907576
0.482792 0.909957
0.476518 0.911174
0.470245 0.912512
0.463971 0.913868
0.457697 0.915064
0.451418 0.915590
0.496010 0.908602
0.489596 0.909443
0.483224 0.910392
0.476963 0.911629
0.470799 0.913111
0.464670 0.914688
0.458443 0.916016
0.450166 0.915529
0.451649 0.915888
0.445135 0.915532
0.438846 0.914603
0.435432 0.913721
0.753107 0.949129
0.746823 0.949142
0.740544 0.949686
0.734274 0.951346
0.728002 0.952889
0.721731 0.954409
0.715462 0.956426
0.709193 0.958384
0.702905 0.957707
0.784439 0.937755
0.785356 0.942636
0.748266 0.951275
0.741141 0.950294
0.734993 0.951826
0.728723 0.953046
0.722459 0.954287
0.716324 0.955859
0.710076 0.957142
0.699876 0.956587
0.703380 0.957264
0.696613 0.956383
0.781286 0.936250
0.778142 0.935755
0.778810 0.938544
0.771852 0.934874
0.768063 0.934117
0.765563 0.934019
0.766034 0.935803
0.759279 0.933862
0.752996 0.933790
0.890945 0.895782
0.884663 0.895943
0.878380 0.895965
0.872099 0.896198
0.865823 0.897131
0.859553 0.898812
0.853281 0.900542
0.847012 0.902380
0.840742 0.904087
0.834466 0.905126
0.873369 0.898721
0.866775 0.899111
1.129946 0.949067
1.129362 0.949049
1.123662 0.948865
1.117375 0.948287
1.111091 0.948030
1.110465 0.947987
1.104804 0.947576
1.098516 0.946855
1.093451 0.946628
1.503191 0.964138
1.489707 0.963065
1.483418 0.962404
1.490908 0.962627
1.478257 0.961669
1.484012 0.962234
1.477129 0.961479
1.470839 0.960495
1.478574 0.961046
1.465055 0.959557
1.471572 0.960375
1.464549 0.959475
1.762360 1.016427
1.755494 1.014715
1.750462 1.012410
1.756389 1.013805
1.749191 1.011965
1.742897 1.010280
1.750513 1.011476
1.740690 1.009624
1.743259 1.010155
1.736598 1.008050
-1.604343 0.933489
-1.610611 0.935492
-1.516532 0.912781
-1.522816 0.912596
-1.529097 0.912965
-1.535377 0.913375
-1.541654 0.914085
-1.598092 0.929183
-1.598758 0.929551
-1.527917 0.914517
-1.534921 0.913844
-1.544176 0.914352
-1.541527 0.914197
-1.547934 0.914483
-1.554219 0.914384
-1.560498 0.914854
-1.100375 0.906239
-1.106660 0.905985
-1.112938 0.906571
-1.119211 0.907969
-1.125484 0.909467
-1.131754 0.911179
-1.138024 0.912892
-1.144293 0.914748
-1.150567 0.916205
-1.156842 0.917194
-1.163121 0.917775
-1.169400 0.918217
-1.112703 0.907098
-1.118824 0.908697
-1.124847 0.910551
-1.130759 0.912695
-1.136650 0.914900
-0.762871 0.910095
-0.755471 0.911239
-0.764147 0.909794
-0.762669 0.910075
-0.769159 0.909244
-0.775450 0.908067
-0.767682 0.909939
-0.777457 0.907667
-0.775103 0.908191
-0.781740 0.907257
-0.788023 0.907194
-0.794304 0.907503
-0.342185 0.891384
-0.348464 0.891892
-0.354743 0.892329
-0.334323 0.892583
-0.341163 0.892336
-0.347851 0.892478
-0.357014 0.892527
-0.354592 0.892485
-0.361023 0.892867
-0.367301 0.893480
-0.373579 0.894116
-0.379857 0.894893
-0.386136 0.895492
-0.392414 0.896173
-0.044024 0.898092
-0.044182 0.898037
-0.043960 0.898171
-0.050321 0.896036
-0.053064 0.895076
-0.049557 0.896550
-0.056615 0.894605
-0.062898 0.894589
0.337359 0.887843
0.331073 0.887447
0.344953 0.887908
0.338130 0.887706
0.329154 0.887259
0.331292 0.887462
0.324790 0.887342
0.318510 0.887656
0.312228 0.888007
0.305946 0.888105
0.301199 0.887997
0.299663 0.888041
0.560500 0.908412
0.556885 0.907412
0.550746 0.905594
0.550590 0.905562
0.550926 0.906489
0.544302 0.905018
0.538019 0.905031
0.531738 0.905224
0.528288 0.905284
0.943051 0.914588
0.941722 0.913899
0.935430 0.912676
0.931946 0.912029
0.936034 0.912938
0.929139 0.911532
0.922848 0.910419
0.919488 0.909780
0.923624 0.911165
0.916556 0.909198
1.174458 0.969623
1.169563 0.969407
1.168173 0.969293
1.161889 0.969062
1.155606 0.969016
1.149321 0.968864
1.148327 0.968818
1.143037 0.968692
1.136751 0.968144
1.636351 0.990803
1.622585 0.986748
1.619865 0.985983
1.623071 0.986733
1.616287 0.984592
1.611673 0.982891
1.617253 0.984550
1.609989 0.982478
1.603699 0.981609
1.896328 1.039251
1.892461 1.036677
1.896852 1.037347
1.890019 1.035610
0.973720 0.941617
0.973347 0.941535
0.967440 0.942044
0.967954 0.943963
0.961162 0.942617
0.954872 0.941614
0.953121 0.940732
0.948563 0.937973
0.946765 0.937313
1.225203 0.983176
1.218924 0.983702
1.231459 0.979371
1.230849 0.981049
1.225402 0.982666
1.216727 0.983764
1.219023 0.983601
1.212639 0.983425
1.206355 0.983146
1.294152 0.960635
1.232911 0.975985
1.231479 0.976380
1.225498 0.978347
1.219321 0.979811
1.213154 0.981306
1.200714 0.982213
1.206840 0.982420
1.327025 0.957408
1.320298 0.957450
1.313637 0.957664
1.307138 0.958288
1.300602 0.958816
1.290713 0.960205
1.294226 0.959758
1.287864 0.959798
1.281571 0.958538
1.235493 0.970840
1.231523 0.971944
1.314326 0.954836
1.307750 0.955268
1.301106 0.955525
1.294662 0.956293
1.288123 0.956819
1.278365 0.957908
1.281642 0.957498
1.275279 0.957266
1.268986 0.955829
1.301744 0.952614
1.295222 0.953185
1.288525 0.953305
1.281965 0.953781
1.275484 0.954462
1.579805 0.975383
1.587063 0.976275
1.578256 0.975248
1.579967 0.975374
1.573521 0.975123
1.567232 0.974317
1.575142 0.975730
1.563006 0.973503
1.567939 0.974542
1.560941 0.973184
1.554651 0.972274
1.860925 1.036244
1.850442 1.035358
1.853971 1.035707
1.847307 1.033453
1.854641 1.032835
1.844522 1.031809
1.847604 1.032079
1.841000 1.030180
1.848215 1.029093
1.837278 1.028546
1.841377 1.028849
1.834693 1.026818
1.021036 0.941956
1.014770 0.944290
1.008504 0.946640
1.002233 0.948317
0.995960 0.949556
0.989686 0.950800
0.983411 0.951975
0.977133 0.952715
0.970852 0.952943
1.027301 0.939505
1.023021 0.941365
1.021238 0.942264
1.016163 0.946539
0.965368 0.952438
0.964565 0.952272
1.182442 0.974335
1.176157 0.973986
1.170863 0.973838
1.169872 0.973778
1.163588 0.973576
1.157304 0.973479
1.151020 0.973292
1.149873 0.973242
1.573075 0.974993
1.562861 0.973529
1.565965 0.974056
1.559273 0.972995
1.552984 0.972083
1.560642 0.973115
1.549411 0.971422
1.553481 0.972040
1.546693 0.970977
1.540405 0.970224
1.534646 0.969623
1.541106 0.970360
1.534117 0.969567
1.818812 1.029247
1.826430 1.029660
1.815321 1.028051
1.819222 1.028472
1.812513 1.027082
1.820251 1.026535
1.806718 1.025027
1.813203 1.025751
1.806214 1.024744
1.813863 1.022905
1.800660 1.021546
1.806838 1.022174
1.799904 1.021087
0.779898 0.948189
0.773629 0.950172
0.767354 0.951156
0.761071 0.951296
0.754792 0.951804
0.782597 0.945358
0.779869 0.944255
0.780215 0.946732
0.774390 0.949089
0.768344 0.950883
0.761784 0.951357
0.749621 0.951691
0.755258 0.951916
0.748508 0.951577
0.742215 0.950124
0.735944 0.951935
0.729674 0.953759
0.723401 0.955005
0.775518 0.942042
0.773569 0.941824
0.773827 0.943069
0.767281 0.941074
0.768297 0.946205
0.762595 0.948903
0.762042 0.940003
0.905197 0.898457
0.905130 0.898455
0.905228 0.898524
0.898912 0.898337
0.892629 0.898264
0.886348 0.898530
0.880069 0.899026
0.861243 0.902264
0.854974 0.904060
0.887831 0.901244
0.875841 0.899418
0.880735 0.900333
0.873789 0.899547
0.867514 0.900630
0.861576 0.902182
0.861267 0.902308
1.160190 0.964625
1.153906 0.964481
1.147706 0.964239
1.147622 0.964239
1.147728 0.964529
1.141338 0.964092
1.135050 0.963558
1.128768 0.963577
1.127243 0.963535
1.524490 0.968109
1.532267 0.969514
1.521940 0.967330
1.524970 0.968096
1.518194 0.966258
1.511901 0.964815
1.519315 0.966321
1.511278 0.964705
1.511986 0.964810
1.505611 0.963857
1.499323 0.963126
1.798024 1.026000
1.784015 1.022489
1.791734 1.022564
1.780459 1.020697
1.784546 1.021423
1.777709 1.019201
1.785418 1.019098
1.773359 1.017391
1.778219 1.017923
1.771407 1.016608
1.765724 1.014224
1.772156 1.015134
1.765104 1.013974
1.217254 0.983177
1.210968 0.982708
1.204682 0.982360
1.249701 0.975810
1.243681 0.977661
1.237509 0.979124
1.231441 0.980854
1.212369 0.983831
1.201207 0.982056
1.205336 0.983089
1.198394 0.981626
1.192107 0.981053
1.185822 0.980801
1.274865 0.966583
1.268481 0.967499
1.262242 0.968791
1.256003 0.970084
1.249693 0.971193
1.243697 0.973113
1.237532 0.974600
1.199991 0.982146
1.193033 0.981589
1.184185 0.980685
1.186066 0.981008
1.287786 0.960533
1.281351 0.961326
1.274978 0.962273
1.268551 0.963088
1.262300 0.964354
1.256011 0.965524
1.249671 0.966561
1.243694 0.968540
1.237592 0.970199
1.275193 0.958255
1.268719 0.958951
1.262460 0.960202
1.256113 0.961230
1.249756 0.962227
1.243768 0.964186
1.607879 0.982371
1.594056 0.977868
1.591798 0.977327
1.594486 0.978017
1.587764 0.976670
1.581479 0.976300
1.575578 0.975787
1.582354 0.976943
1.575192 0.975757
1.568903 0.974978
1.895427 1.042851
1.888392 1.040979
1.896129 1.040049
1.883992 1.038276
1.888920 1.038859
1.882081 1.037083
1.889682 1.036246
1.878337 1.034693
1.882581 1.035325
1.875769 1.033227
1.871685 1.031334
1.876232 1.031793
1.441782 0.957704
1.431441 0.956618
1.434783 0.957052
1.428105 0.955495
1.421813 0.954146
1.436057 0.955732
1.428862 0.954572
1.420940 0.953945
1.421900 0.954007
1.415520 0.952766
1.423170 0.952730
1.409840 0.951434
1.416159 0.952037
1.409227 0.951300
1.734298 1.009041
1.726452 1.007670
1.727062 1.007786
1.720683 1.005889
1.717060 1.004779
1.721288 1.005672
1.714384 1.003742
1.708089 1.002006
1.715277 1.002997
1.707724 1.001916
1.708135 1.001968
1.701796 1.000591
1.706431 1.003156
1.713919 1.004068
1.704277 1.002551
1.706709 1.002872
1.700135 1.001473
1.693842 1.000007
1.700967 1.000872
1.693568 0.999939
1.693876 0.999974
1.687546 0.998175
1.684091 0.997129
1.812193 1.027741
1.800120 1.026293
1.805152 1.026978
1.798269 1.025487
1.806153 1.024962
1.793484 1.022879
1.798995 1.023894
1.791961 1.021961
1.799819 1.021461
1.787385 1.019394
1.792578 1.020174
1.785653 1.018405
