1.637503 1.236810
1.645236 1.232416
1.632780 1.234792
1.638114 1.233794
1.631207 1.233959
1.624917 1.231394
1.618638 1.229568
1.612362 1.227815
1.606088 1.226215
1.599819 1.224873
1.593564 1.224394
1.592389 1.224434
1.631947 1.229745
1.625382 1.229160
1.619025 1.227841
1.612579 1.226834
1.606270 1.225345
1.600098 1.223376
1.594226 1.220343
1.588795 1.215763
1.425762 1.169427
1.419217 1.168773
1.412561 1.168509
1.406030 1.167804
1.399557 1.166897
1.393050 1.166108
1.386603 1.165106
1.375964 1.163067
1.380196 1.163969
1.317373 1.146177
1.425569 1.168040
1.419033 1.167356
1.412437 1.166877
1.405988 1.165882
1.399599 1.164677
1.393127 1.163763
1.386673 1.162785
1.375963 1.161117
1.380233 1.161760
1.317170 1.146033
1.317477 1.145715
1.431905 1.167407
1.425242 1.167165
1.418798 1.166153
1.412297 1.165338
1.405839 1.164372
1.399500 1.162991
1.393102 1.161811
1.386661 1.160788
1.380050 1.158581
1.376504 1.159339
1.380229 1.159730
1.313357 1.143110
1.311034 1.140813
1.392901 1.160516
1.381137 1.158649
1.386408 1.159675
1.310756 1.140528
1.311182 1.140061
1.308822 1.138151
1.312335 1.133975
0.193763 0.826998
0.194384 0.826814
0.199978 0.825220
0.197890 0.825789
0.051262 0.786201
0.050056 0.783354
0.050905 0.784183
0.049952 0.781662
-0.018148 0.760712
-0.012061 0.760920
-0.019183 0.762302
1.930364 1.223839
1.919706 1.224923
1.923505 1.224288
1.930785 1.220282
1.917295 1.222364
1.923506 1.222218
1.916767 1.222006
1.930932 1.217725
1.923700 1.219495
1.914672 1.219780
1.916983 1.219447
1.923876 1.216864
1.910462 1.216816
1.917099 1.217030
1.634306 1.142322
1.628036 1.141001
1.621767 1.139644
1.615490 1.137842
1.646826 1.143936
1.640570 1.143362
1.638489 1.143049
1.641085 1.141778
1.609565 1.135619
1.609201 1.135400
1.609260 1.135326
1.653080 1.144438
1.650668 1.144281
1.653629 1.142995
1.606039 1.132796
1.606022 1.130908
1.315463 1.052375
1.314171 1.051373
1.314440 1.051138
1.311924 1.049547
1.307855 1.047368
1.308893 1.044909
1.306585 1.046289
0.367752 0.778600
0.360843 0.779229
0.353771 0.778817
0.354192 0.778947
0.347505 0.777674
0.347873 0.777497
0.341239 0.776521
0.341500 0.776237
0.334973 0.775365
0.331382 0.774588
0.335044 0.775269
0.309864 0.768179
0.303585 0.766342
0.297315 0.764977
0.380434 0.779297
0.373558 0.779809
0.366291 0.780393
0.366778 0.779988
0.360037 0.779885
0.358355 0.779582
0.360067 0.779913
2.079522 1.166352
2.072233 1.168134
2.072096 1.168274
2.072256 1.168240
2.073358 1.166677
2.079320 1.165013
2.074646 1.165121
2.079099 1.163779
1.726990 1.070048
1.720738 1.069789
1.789705 1.084683
1.783439 1.083514
1.777169 1.082167
1.770897 1.080649
1.764617 1.078707
1.758332 1.076483
1.745781 1.073142
1.739514 1.071895
1.733248 1.070746
1.727209 1.070056
1.727035 1.069836
1.722007 1.063833
1.793352 1.085177
1.765809 1.073494
1.752129 1.074558
1.758737 1.074701
1.752052 1.074536
1.751969 1.074517
1.746016 1.072079
1.740115 1.069144
1.734256 1.066064
1.728496 1.062635
1.649102 1.048068
1.651620 1.046160
1.650828 1.046599
1.652585 1.041424
1.316452 0.954934
1.317049 0.953151
1.318070 0.951517
0.641044 0.761654
0.639617 0.761816
0.584560 0.746199
0.644297 0.761115
0.590798 0.745751
0.585983 0.746114
0.584805 0.744855
0.579826 0.738674
0.591426 0.745625
0.590966 0.744847
0.586163 0.738029
0.466892 0.713604
0.471538 0.712147
0.468609 0.712122
2.365366 1.138819
2.365094 1.136822
2.364613 1.134807
2.193416 1.090645
2.192468 1.090566
2.187846 1.086728
2.199648 1.089887
2.197539 1.089930
2.119751 1.069963
2.125652 1.066623
2.205883 1.089290
2.202769 1.089375
2.120793 1.068291
2.125260 1.065936
2.131906 1.064204
2.122213 1.066754
2.124712 1.065838
1.885759 0.998951
1.879482 0.997232
1.873204 0.995356
1.867023 0.993532
1.873518 0.993999
1.866926 0.993501
1.678629 0.941022
1.334362 0.847044
1.333444 0.846286
1.334139 0.844399
1.331089 0.844269
1.329355 0.841931
1.327955 0.838372
0.956826 0.739891
0.950552 0.738323
0.944264 0.735862
0.937980 0.733715
0.931708 0.732259
0.925441 0.731055
0.919170 0.729606
0.912893 0.727827
0.963067 0.739611
0.961486 0.739704
0.932344 0.729801
0.926910 0.725229
0.914246 0.722423
0.855056 0.710443
0.850900 0.706377
0.853973 0.708250
0.850694 0.705050
0.796483 0.693470
0.797144 0.691737
2.982011 0.799216
2.982662 0.799193
2.988247 0.798682
2.988177 0.798682
2.988450 0.797984
2.730907 0.726901
2.730991 0.726839
2.731031 0.726373
2.683141 0.714561
2.732839 0.725414
2.732120 0.720495
2.682001 0.712332
2.680660 0.710930
2.675111 0.705865
3.687371 0.674926
3.713751 0.681621
3.712457 0.680739
3.712704 0.680456
3.706163 0.677971
3.707088 0.676526
3.701034 0.674144
3.693619 0.674994
3.687671 0.674933
3.699887 0.676138
3.699885 0.676137
3.699884 0.676137
3.699885 0.676137
3.511566 0.622444
3.509858 0.623470
3.506267 0.618957
3.512047 0.622130
3.511671 0.621609
3.506567 0.615853
3.430637 0.601197
3.429977 0.600029
3.431387 0.596126
3.428968 0.598858
3.348366 0.576378
3.344062 0.577038
3.331545 0.573829
3.329568 0.572929
3.348692 0.576309
3.348538 0.575605
3.324202 0.570009
3.323263 0.569555
3.323490 0.568980
3.291865 0.559968
3.293336 0.560177
3.288503 0.558933
3.291955 0.559466
3.285585 0.558038
1.822543 1.275891
1.815846 1.275773
1.809197 1.275481
1.802768 1.274422
1.796552 1.272604
1.790957 1.268602
1.816293 1.272134
1.809712 1.271608
1.803352 1.270298
1.797283 1.267962
1.648178 1.232321
1.652204 1.231582
1.645450 1.230990
1.639160 1.228441
1.646416 1.226189
1.637751 1.227706
1.639476 1.226928
1.632853 1.225005
1.626574 1.223076
1.620304 1.221709
1.614029 1.220016
1.607750 1.218158
1.601476 1.216583
1.595211 1.215461
1.588956 1.214922
1.588024 1.214940
1.583531 1.210593
1.577749 1.207246
1.633239 1.223148
1.626744 1.222311
1.620751 1.219703
1.614368 1.218473
1.607820 1.217832
1.601563 1.216157
1.595614 1.213391
1.589907 1.209780
1.425765 1.169454
1.445822 1.169892
1.438941 1.170422
1.425827 1.169434
1.432300 1.170106
1.445722 1.168182
1.438825 1.168767
1.431979 1.167629
1.428738 1.168243
1.432172 1.168494
1.319042 1.138474
1.445467 1.167051
1.432716 1.167363
1.438635 1.167409
1.318401 1.137978
1.319384 1.136915
1.315419 1.135291
1.313239 1.132841
0.197932 0.821305
0.201693 0.820156
0.201337 0.820242
0.202052 0.819079
0.205031 0.819303
0.048732 0.779133
0.048783 0.777204
0.046380 0.770512
-0.011718 0.760200
-0.017126 0.760289
0.047791 0.775055
0.045691 0.770911
-0.005470 0.760337
-0.009895 0.760208
-0.004552 0.758173
1.945108 1.219318
1.935723 1.222612
1.937578 1.222138
1.932029 1.219720
1.938076 1.218308
1.931210 1.217596
1.938398 1.215125
1.930975 1.216999
1.938380 1.213174
1.929806 1.215352
1.931089 1.215159
1.642280 1.138037
1.636013 1.136867
1.629743 1.135474
1.623475 1.134290
1.654802 1.139709
1.656448 1.135069
1.648541 1.138944
1.646368 1.138643
1.648962 1.137734
1.605434 1.128135
1.605390 1.125239
1.667317 1.141138
1.668517 1.137952
1.661060 1.140453
1.660692 1.140419
1.661135 1.140256
1.605289 1.126169
1.605020 1.124482
1.604603 1.124097
1.604640 1.123801
1.310999 1.044807
1.309592 1.043647
1.310761 1.040380
1.307808 1.042054
1.305087 1.039457
1.304874 1.033299
0.388531 0.776533
0.380566 0.779245
0.381187 0.778694
0.374312 0.778761
0.371445 0.778442
0.374542 0.778392
0.386822 0.779847
0.381986 0.779222
0.387350 0.778643
2.101336 1.156510
2.103110 1.154383
2.101977 1.154734
2.102667 1.153875
2.102353 1.152547
2.102307 1.152913
2.102396 1.152798
1.801041 1.066489
1.794777 1.065434
1.788507 1.064019
1.782226 1.062033
1.775943 1.059928
1.700668 1.041386
1.698187 1.041395
1.694884 1.038736
1.689369 1.034452
1.655673 1.030491
1.802251 1.061634
1.769793 1.057897
1.776919 1.055999
1.769661 1.057855
1.763379 1.055844
1.757099 1.053861
1.725714 1.045001
1.719445 1.043680
1.713179 1.042504
1.706917 1.041574
1.706083 1.041499
1.701358 1.037583
1.695903 1.033079
1.652654 1.027769
1.650432 1.026100
1.720132 1.040582
1.714244 1.037600
1.708455 1.034269
1.648671 1.024832
1.644536 1.020273
1.324045 0.934817
1.323397 0.935502
1.324807 0.933042
1.324825 0.933938
1.325670 0.932266
0.646111 0.742057
0.645378 0.742083
0.577087 0.723923
0.652354 0.741932
0.652099 0.741915
0.583315 0.722866
0.580421 0.723473
0.584143 0.722539
0.583938 0.720082
0.497437 0.700231
0.502877 0.697330
0.496744 0.698154
0.503023 0.694779
2.357418 1.157991
2.358295 1.156448
2.357455 1.156071
2.358147 1.154911
2.357742 1.153279
2.357613 1.154214
2.357922 1.153678
2.194611 1.111116
2.192726 1.111845
2.196391 1.110847
2.195331 1.107799
2.098459 1.085717
2.094189 1.083322
2.087907 1.081249
2.200828 1.109490
2.199586 1.109765
2.094722 1.080746
2.084885 1.080283
2.088121 1.080290
2.081625 1.079247
2.075342 1.077098
2.069062 1.075135
2.062781 1.073151
2.058068 1.071466
2.064416 1.066876
2.056495 1.070823
2.050205 1.068318
2.045286 1.066277
2.043909 1.065513
1.780274 0.990900
1.774011 0.989888
1.767733 0.988075
1.761451 0.986060
1.679893 0.965434
1.673639 0.965001
1.673451 0.964994
1.781302 0.990788
1.780864 0.988409
1.755407 0.984120
1.762682 0.981299
1.755170 0.984028
1.748876 0.981286
1.686145 0.965751
1.683723 0.965684
1.681202 0.960033
1.642224 0.954356
1.641239 0.954777
1.642758 0.953189
1.692395 0.965986
1.692330 0.965998
1.687752 0.958632
1.644702 0.953742
1.648235 0.952769
1.648572 0.952364
1.331980 0.867646
1.334627 0.866067
1.334180 0.866274
1.336449 0.864968
1.335946 0.859728
0.926647 0.752097
0.920376 0.750712
0.914103 0.749138
0.907824 0.747297
0.939161 0.753439
0.932909 0.753055
0.928298 0.752393
0.926932 0.750955
0.921556 0.746180
0.915663 0.743230
0.906146 0.746711
0.908351 0.745279
0.901543 0.745282
0.895264 0.743373
0.888987 0.741557
0.882706 0.739609
0.940063 0.753506
0.939393 0.752447
0.876417 0.737139
0.876417 0.737139
0.876417 0.737138
0.873368 0.734452
0.788519 0.711126
0.784868 0.711700
0.790134 0.707044
0.719502 0.693338
0.789166 0.710893
0.717713 0.692525
0.713189 0.689503
0.681818 0.681468
0.712821 0.689355
0.688070 0.681748
0.682529 0.681563
0.689559 0.677813
2.373577 1.113290
2.373985 1.111464
2.212729 1.068307
2.374186 1.109618
2.212943 1.068185
2.212713 1.067392
2.212762 1.068002
2.206431 1.065353
2.204936 1.066132
2.206623 1.065915
1.340053 0.820874
1.340240 0.820817
1.334014 0.817378
1.341344 0.814851
1.333904 0.817314
1.328119 0.813958
1.334964 0.811574
1.327595 0.813671
1.101661 0.752012
1.095398 0.751055
1.102007 0.752009
1.109454 0.748170
1.045185 0.736967
1.106125 0.751159
1.108505 0.749476
1.042308 0.734748
1.038858 0.732416
0.957304 0.712004
0.944751 0.708500
0.925919 0.703163
1.037922 0.731718
0.963533 0.711005
0.959603 0.711579
0.958255 0.707567
0.941110 0.706833
0.946365 0.702031
0.938457 0.705730
0.932187 0.704328
0.928878 0.703695
0.926742 0.700025
0.964362 0.710899
0.963894 0.709386
0.836551 0.676122
0.794950 0.665440
0.794669 0.663447
2.406085 0.996306
2.404905 0.994057
2.403162 0.991700
2.436946 0.904582
2.436238 0.902489
2.436162 0.902267
2.783118 0.865728
2.770685 0.866242
2.776181 0.866456
2.769588 0.865802
2.768605 0.865709
2.763783 0.862710
2.783598 0.861973
2.776708 0.862531
2.770457 0.860842
2.764748 0.857237
2.620215 0.814835
2.537303 0.798088
2.536105 0.798276
2.540649 0.797550
2.940486 0.829131
2.934228 0.828450
2.946745 0.829922
2.942296 0.829315
2.947447 0.828020
2.952993 0.829983
2.952200 0.829955
2.953160 0.829576
2.789812 0.785041
2.783545 0.783858
2.777268 0.782104
2.770979 0.779642
2.796072 0.785899
2.795287 0.785793
2.790387 0.782306
2.784255 0.780190
2.777704 0.779556
2.770065 0.779303
2.771028 0.779358
2.764696 0.777489
2.758411 0.775292
2.772105 0.773539
2.765509 0.773063
2.754238 0.773346
2.758774 0.773079
3.040375 0.737518
3.045584 0.734771
3.042633 0.736183
3.044915 0.735087
3.655035 0.722162
3.655673 0.721991
3.658681 0.720835
3.504372 0.678666
3.502847 0.678888
3.516881 0.679629
3.510616 0.678605
3.509252 0.678601
3.224638 0.599721
3.228140 0.598117
3.227228 0.598462
3.502544 0.615173
3.501133 0.613333
3.431695 0.595155
3.504296 0.613693
3.501404 0.610315
3.496041 0.605486
3.431502 0.594999
3.431906 0.594298
3.429021 0.592432
3.348119 0.569723
3.320445 0.562612
3.318681 0.561598
3.319975 0.557633
3.315068 0.559329
1.836734 1.273319
1.825735 1.275347
1.829610 1.274705
1.822872 1.272859
1.791502 1.264812
1.788179 1.265716
1.785941 1.262560
1.837061 1.270102
1.829912 1.271580
1.822205 1.272509
1.822912 1.272528
1.816578 1.270082
1.810292 1.267802
1.804019 1.266236
1.797755 1.265230
1.792291 1.264824
1.791588 1.264307
1.786395 1.258881
1.830297 1.268188
1.823502 1.268413
1.816869 1.268068
1.810394 1.267163
1.804180 1.265337
1.798334 1.262209
1.792561 1.258826
1.786884 1.255101
1.667319 1.225759
1.656952 1.228152
1.660056 1.227631
1.653406 1.225688
1.571839 1.204573
1.824295 1.263602
1.817705 1.263104
1.811399 1.261602
1.805520 1.258585
1.667223 1.224022
1.660218 1.224989
1.651099 1.224706
1.653532 1.224832
1.647115 1.223065
1.640821 1.220340
1.584353 1.205807
1.578100 1.205406
1.573260 1.204734
1.571937 1.204014
1.660954 1.220349
1.654205 1.220413
1.647537 1.220189
1.640115 1.219969
1.640882 1.219922
1.634529 1.217676
1.628254 1.215994
1.621979 1.214394
1.615702 1.212595
1.609421 1.210626
1.603144 1.208814
1.596871 1.207333
1.590608 1.206304
1.585004 1.205804
1.584409 1.205427
1.578622 1.202101
1.572868 1.198653
1.567144 1.195102
1.661202 1.217460
1.654175 1.218507
1.647686 1.217649
1.641425 1.215987
1.635253 1.214006
1.629383 1.210965
1.623487 1.208010
1.617020 1.207078
1.610231 1.207283
1.603558 1.207080
1.597308 1.205380
1.591316 1.202770
1.585286 1.200290
1.579351 1.197475
1.449506 1.169087
1.453029 1.168215
1.449969 1.167268
1.452921 1.166529
1.460338 1.162072
1.452476 1.165169
1.451328 1.165712
1.452713 1.165229
1.323997 1.132991
1.320702 1.130277
1.320609 1.130191
1.320833 1.129744
1.318379 1.127720
0.203409 0.815180
0.204893 0.814724
0.209626 0.813589
0.208578 0.813770
0.211001 0.809210
0.046253 0.770125
-0.003741 0.756120
0.044376 0.767732
0.041476 0.762017
0.002499 0.755769
-0.001083 0.756041
0.004088 0.751434
0.004142 0.755495
1.981630 1.200333
1.983841 1.199339
1.979367 1.197809
1.984314 1.195598
1.977092 1.195618
1.984888 1.191529
1.976675 1.195205
1.977191 1.194941
1.984775 1.189914
1.976180 1.193198
1.977243 1.192748
1.688396 1.116612
1.685565 1.116588
1.694642 1.116611
1.693674 1.116724
1.638164 1.101492
1.636636 1.102085
1.725971 1.122326
1.719700 1.120875
1.713429 1.119467
1.707155 1.117834
1.708509 1.113531
1.700887 1.116571
1.700459 1.116562
1.701213 1.115526
1.639483 1.100880
1.638923 1.097798
1.641729 1.099559
1.308534 1.008171
1.307439 1.005972
1.307999 1.004235
0.407862 0.753088
0.404856 0.752960
0.414102 0.752842
0.412250 0.752922
2.340070 1.175316
2.332232 1.178395
2.331919 1.179084
2.332317 1.178918
2.332672 1.177345
2.339921 1.173774
2.332447 1.175388
2.339969 1.171572
2.207807 1.143348
2.206965 1.142111
2.210007 1.141991
2.207381 1.138590
2.103740 1.114701
2.099967 1.111818
2.101315 1.109111
2.212901 1.140794
2.212850 1.140836
2.208110 1.133990
2.099865 1.111768
2.094677 1.106708
2.095451 1.108728
2.093651 1.107825
2.093853 1.107581
2.087363 1.105445
2.088055 1.104282
2.081087 1.103740
2.081946 1.102086
2.074816 1.102260
2.076091 1.098991
2.068540 1.100530
2.062260 1.098613
2.055980 1.096700
2.055735 1.096621
2.049698 1.094599
2.043416 1.092563
1.685671 0.993915
1.679418 0.993517
1.676585 0.993428
1.674147 0.989054
1.635495 0.982021
1.698186 0.995214
1.691928 0.994486
1.686120 0.993944
1.685795 0.993387
1.633303 0.980376
1.698593 0.995267
1.698264 0.994882
1.631349 0.977955
1.334150 0.893988
1.331983 0.895279
1.334280 0.893947
1.334220 0.893661
0.926116 0.777010
0.919843 0.775516
0.913572 0.774021
0.914886 0.769714
0.907299 0.772459
0.908459 0.768639
0.901025 0.770851
0.902236 0.766845
0.894747 0.769055
0.896234 0.764272
0.888464 0.766933
0.877186 0.758204
0.750399 0.729562
0.751750 0.725796
0.744127 0.728074
0.744707 0.726897
0.754620 0.729653
0.740499 0.726021
0.738455 0.723144
0.662538 0.705713
0.661477 0.705733
0.732998 0.716619
0.668780 0.705473
0.668084 0.705495
0.591623 0.685864
0.590806 0.683719
0.546227 0.672268
0.550255 0.670603
0.543234 0.669630
0.550893 0.666300
0.543143 0.669561
0.543255 0.669510
2.377759 1.099575
2.377532 1.097598
2.377394 1.095681
1.349852 0.808772
1.349397 0.808475
1.350105 0.807691
1.345134 0.805457
1.343528 0.804296
1.344758 0.798735
1.114754 0.742436
1.118437 0.740234
1.115707 0.740746
1.118160 0.739145
1.045111 0.722621
1.043846 0.720363
1.042226 0.718762
0.954389 0.696238
0.948109 0.694314
0.941830 0.692391
0.935564 0.691291
1.043283 0.714277
0.960631 0.696028
0.957385 0.696226
0.954904 0.693585
0.948578 0.692158
0.942142 0.691119
0.961174 0.693196
0.836358 0.663220
0.835584 0.661315
0.835547 0.661087
0.835090 0.660501
0.835279 0.660335
0.830207 0.654475
0.824004 0.652608
0.817340 0.652374
0.811304 0.649925
0.803716 0.652203
0.802679 0.652638
0.804178 0.651317
2.404175 1.038242
2.402610 1.035892
2.402436 1.035671
2.402667 1.035042
2.400728 1.033495
1.310230 0.726524
1.291407 0.721642
1.309662 0.726276
1.303946 0.724290
1.304105 0.724280
1.297673 0.722747
1.292047 0.721755
1.297811 0.722742
0.996392 0.638483
1.017001 0.643401
1.015205 0.642714
1.015335 0.642492
1.008927 0.640920
1.009140 0.640607
1.002657 0.639533
1.000192 0.639089
1.002751 0.639398
2.420467 0.949201
2.421249 0.947493
2.478903 0.860077
2.482022 0.857342
2.481047 0.858326
2.480707 0.858632
2.481178 0.858284
2.807696 0.846722
2.804601 0.847309
2.757497 0.833478
2.808679 0.846432
2.763734 0.832982
2.758166 0.833451
2.763763 0.832983
2.688419 0.812221
2.686299 0.813065
2.688907 0.811980
2.644639 0.802375
2.644524 0.802333
2.644446 0.802326
2.644530 0.802325
2.606863 0.791676
2.600579 0.789553
2.689174 0.811897
2.696145 0.808151
2.596115 0.787978
2.594292 0.787190
2.594519 0.786730
2.544088 0.773725
2.592005 0.785001
2.589122 0.779967
2.546139 0.773213
2.550303 0.771932
2.549274 0.772116
2.989948 0.792881
2.985402 0.793477
2.990299 0.792793
2.994170 0.791900
2.730650 0.720325
2.731822 0.718709
2.682994 0.706156
2.689850 0.703378
2.682374 0.705840
2.676086 0.703418
2.669836 0.700868
2.669795 0.700849
2.669810 0.700803
3.194866 0.702112
3.193400 0.702254
3.196134 0.698186
1.850789 1.271228
1.840084 1.272607
1.843805 1.272121
1.851210 1.267679
1.837490 1.270005
1.844100 1.269017
1.837111 1.269654
1.783841 1.256229
1.782060 1.250439
1.844473 1.265662
1.834644 1.267366
1.837385 1.266924
1.830781 1.264849
1.799408 1.256658
1.793143 1.255548
1.786888 1.255074
1.786857 1.255077
1.669132 1.224856
1.674675 1.223555
1.837704 1.263789
1.827898 1.263751
1.830890 1.264087
1.805673 1.257786
1.802915 1.257315
1.799543 1.255917
1.793549 1.253310
1.788040 1.248988
1.670068 1.223150
1.674530 1.221989
1.667618 1.220936
1.674766 1.219109
1.666143 1.220226
1.667686 1.220343
1.573475 1.194946
1.567223 1.194647
1.566691 1.194676
1.562081 1.189222
1.675424 1.214769
1.662230 1.217332
1.667964 1.217348
1.661300 1.216835
1.636188 1.209511
1.629926 1.208592
1.623658 1.207297
1.617381 1.205575
1.611102 1.203675
1.604823 1.201753
1.598546 1.199954
1.592271 1.198315
1.585998 1.196776
1.579730 1.195484
1.575271 1.194954
1.573621 1.193943
1.568291 1.188999
1.459906 1.165335
1.460732 1.164790
1.600128 1.193398
1.593339 1.193602
1.586920 1.192498
1.580647 1.190881
1.575052 1.186861
1.460497 1.163480
1.460482 1.163539
1.460502 1.163529
1.461007 1.161763
1.468323 1.157640
1.327329 1.127426
1.467286 1.159299
1.324485 1.124756
1.322373 1.122755
1.322031 1.122218
1.322713 1.121074
0.211336 0.808172
0.207817 0.809048
0.211586 0.808102
0.043186 0.762916
0.041881 0.761677
0.042282 0.761228
0.004220 0.751066
0.040755 0.760363
0.004497 0.751045
0.036905 0.752365
0.008194 0.750092
2.007329 1.186710
2.015263 1.181404
2.005880 1.185340
2.007658 1.184486
2.015030 1.180163
2.007257 1.182559
2.005743 1.183375
2.007592 1.182658
2.008377 1.182153
2.014447 1.180193
1.712300 1.102766
1.731082 1.105246
1.724828 1.104789
1.726397 1.099960
1.718564 1.103753
1.717269 1.103506
1.718759 1.103154
1.756147 1.109931
1.749882 1.108774
1.743617 1.107690
1.737350 1.106498
1.732900 1.105594
1.738148 1.103935
1.649484 1.082372
1.643230 1.081877
1.640396 1.081837
1.655732 1.082504
1.650128 1.082405
1.657373 1.082379
1.313909 0.988339
1.314076 0.986469
0.609129 0.781888
0.615012 0.782847
0.608685 0.781416
0.470834 0.750623
0.472336 0.749067
0.435555 0.739620
0.432598 0.735679
0.426447 0.733631
0.419192 0.734520
0.415124 0.734379
0.419622 0.733966
0.472374 0.747188
0.432578 0.736939
0.431711 0.736079
0.431877 0.736175
0.425437 0.734501
0.423969 0.734725
0.425626 0.734476
2.281303 1.194736
2.274630 1.194533
2.268116 1.193768
2.261668 1.192771
2.255308 1.191465
2.249002 1.189967
2.281002 1.193723
2.274362 1.193407
2.267858 1.192603
2.261416 1.191587
2.255092 1.190149
2.248831 1.188492
2.242776 1.186109
2.236991 1.182773
2.287633 1.192043
2.280746 1.192593
2.274168 1.192053
2.267691 1.191155
2.261270 1.190059
2.254962 1.188565
2.248737 1.186779
2.242685 1.184379
2.236930 1.180935
2.105766 1.151228
2.267555 1.189630
2.261100 1.188653
2.254792 1.187156
2.248653 1.185062
2.242611 1.182626
2.236875 1.179103
2.106324 1.149423
2.106607 1.147580
2.106763 1.145739
1.796459 1.058522
1.790186 1.056993
1.783908 1.055150
1.689813 1.031913
1.685282 1.031664
1.683794 1.030381
1.799179 1.059021
1.796806 1.057079
1.790691 1.054900
1.782921 1.054833
1.784039 1.054622
1.777627 1.053121
1.771346 1.051098
1.765064 1.049093
1.702319 1.032763
1.696064 1.032209
1.694705 1.032141
1.690434 1.028625
1.684999 1.024053
1.652740 1.021366
1.652147 1.021044
1.652514 1.019934
1.714847 1.034822
1.708580 1.033646
1.707244 1.033468
1.702773 1.030557
1.697229 1.026362
1.646489 1.017835
1.645837 1.017362
1.646133 1.016641
1.643272 1.015117
1.326539 0.929890
1.327890 0.928293
1.328807 0.926628
0.647802 0.735672
0.646027 0.735823
0.578764 0.716681
0.654042 0.735392
0.651451 0.735304
0.578982 0.716676
0.583434 0.715910
0.505600 0.695902
0.510806 0.693107
0.504743 0.693770
0.511143 0.689866
2.369416 1.127017
2.369227 1.125023
2.369001 1.123053
2.203070 1.079379
2.196796 1.077742
2.184249 1.074620
2.209304 1.078648
2.204690 1.078911
2.210699 1.075273
2.192343 1.075742
2.198141 1.072088
2.190502 1.075044
2.188995 1.074883
2.184922 1.071232
2.178372 1.070593
2.171849 1.069862
2.165577 1.068246
2.159131 1.066934
2.158481 1.067057
2.159188 1.067041
2.210466 1.078476
2.185494 1.067152
2.178553 1.067890
2.171920 1.067544
2.165374 1.066771
2.165082 1.066809
2.165397 1.066811
2.214780 1.077706
2.216948 1.072901
2.185679 1.064464
2.178787 1.065035
2.169089 1.065937
2.171917 1.065526
1.330555 0.832007
1.328793 0.830823
1.324239 0.827999
1.323597 0.827566
1.325170 0.824424
1.317929 0.824332
1.318584 0.821897
1.061976 0.749447
1.054311 0.750732
1.055037 0.750181
1.048054 0.750089
1.048630 0.749039
1.074498 0.750721
1.067894 0.750273
1.054390 0.750726
1.061262 0.749927
1.042881 0.747764
1.041759 0.747270
1.042181 0.745998
0.966439 0.726210
0.961558 0.726871
0.960746 0.724592
0.941526 0.721734
0.941374 0.721636
0.935083 0.719023
0.928812 0.717600
0.922541 0.716159
0.916268 0.714670
0.966469 0.726210
0.966447 0.726172
0.840250 0.691855
0.795615 0.680406
0.838088 0.689392
0.835923 0.683869
0.796720 0.678749
2.407964 0.981994
2.407016 0.979818
2.407962 0.978168
2.443971 0.893538
2.446574 0.891546
2.443442 0.891469
2.446700 0.889034
2.440970 0.888941
2.446711 0.886971
2.519721 0.816339
2.525943 0.814997
2.522203 0.815917
2.525992 0.814985
2.878947 0.833972
2.899410 0.831269
2.891440 0.833990
2.892462 0.832033
2.885189 0.833726
2.883195 0.833420
2.885313 0.833509
2.836534 0.821446
2.834985 0.820192
2.835098 0.820706
2.829086 0.818174
2.803621 0.812538
2.905402 0.831848
2.892992 0.834039
2.898328 0.833058
2.834949 0.818167
2.830087 0.817855
2.828762 0.817250
2.822996 0.813845
2.817717 0.808719
2.837834 0.817961
2.835112 0.816578
2.829172 0.813780
2.823338 0.810607
2.741586 0.793196
2.741382 0.791243
2.574275 0.746371
2.571857 0.743836
2.566153 0.740216
2.560250 0.737297
2.549798 0.740092
2.553287 0.738115
2.575338 0.744731
2.572163 0.740705
2.566595 0.736595
2.552482 0.738192
2.551456 0.738586
2.552991 0.737096
2.560416 0.732634
3.000107 0.755184
3.000832 0.755007
3.000712 0.752668
3.006323 0.753488
3.004244 0.753956
3.186943 0.709348
3.187513 0.709103
3.193164 0.707972
3.191490 0.708199
3.641974 0.744808
3.639628 0.745508
3.642987 0.744447
3.522730 0.712208
3.522715 0.711362
3.521804 0.711386
3.528956 0.711026
3.527554 0.710963
3.221396 0.624819
3.218470 0.625772
3.221743 0.624703
3.221677 0.623604
0.122060 0.870003
0.127942 0.870945
0.121469 0.870033
0.115277 0.868130
0.109244 0.865667
0.108646 0.865764
0.102794 0.862650
1.865016 1.268530
1.856028 1.270276
1.857883 1.269948
1.852413 1.267409
1.858349 1.266240
1.851353 1.266595
1.782328 1.248313
1.781791 1.249283
1.858839 1.262467
1.848803 1.264571
1.851693 1.263931
1.845022 1.261753
1.782796 1.247602
1.679059 1.220985
1.859121 1.259457
1.852115 1.260430
1.844946 1.261696
1.845032 1.261677
1.788539 1.246361
1.786528 1.246654
1.679275 1.219087
1.682517 1.217558
1.789533 1.241702
1.678516 1.216972
1.682907 1.214129
1.562640 1.186647
1.561183 1.186843
1.676026 1.214440
1.675545 1.213985
1.625337 1.200249
1.619066 1.198803
1.612790 1.197024
1.606508 1.195048
1.568881 1.186373
1.566956 1.186385
1.466914 1.160715
1.629027 1.200463
1.625988 1.197158
1.620152 1.193995
1.613803 1.192641
1.601066 1.193260
1.607049 1.192724
1.600226 1.192969
1.593944 1.190923
1.587667 1.189115
1.581392 1.187429
1.575129 1.186500
1.574806 1.186499
1.468456 1.158325
1.468223 1.159099
1.468570 1.158809
1.468844 1.157341
1.327301 1.121001
1.473021 1.156534
1.475234 1.154990
1.326413 1.118823
1.325615 1.116701
1.325030 1.114670
0.213037 0.802377
0.209849 0.803147
0.213676 0.802202
0.005930 0.745744
0.037455 0.753082
0.037283 0.752775
0.037343 0.752845
0.032395 0.746553
0.007876 0.745488
0.035752 0.750745
0.032104 0.745539
0.012143 0.743884
0.010916 0.744351
1.915130 1.231486
1.911992 1.229365
1.916169 1.226421
1.909590 1.226815
1.916720 1.222410
1.908785 1.225800
1.770743 1.189712
1.907602 1.224400
1.909259 1.222956
1.789528 1.192372
1.783267 1.191535
1.777000 1.190364
1.773675 1.189984
1.768355 1.188619
1.770813 1.188950
1.764436 1.186225
1.910424 1.216828
1.790015 1.192255
1.789579 1.191928
1.783576 1.189358
1.777315 1.187701
1.771090 1.185918
1.763651 1.185478
1.764490 1.185453
1.792069 1.190892
1.789730 1.189377
1.783829 1.186443
1.777642 1.184517
1.771176 1.183581
1.763779 1.183608
1.764443 1.183589
1.626329 1.146438
1.620055 1.144805
1.563597 1.130878
1.638855 1.148423
1.632597 1.147694
1.627919 1.146764
1.633224 1.145770
1.619493 1.144598
1.613759 1.142034
1.614529 1.140485
1.569847 1.131093
1.565626 1.130766
1.563768 1.129600
1.558157 1.125650
1.545257 1.125540
1.552173 1.123022
1.645106 1.148717
1.642561 1.148637
1.645815 1.146826
1.611216 1.140567
1.608322 1.136598
1.576075 1.130127
1.573748 1.130928
1.570380 1.127963
1.564790 1.123934
1.558749 1.121500
1.544863 1.123503
1.552112 1.121172
1.576921 1.129858
1.576228 1.129065
1.570744 1.124655
1.564588 1.122622
1.558247 1.121242
1.546154 1.121934
1.551532 1.121189
1.326298 1.063522
1.325055 1.062547
1.325407 1.062007
1.319593 1.058775
1.322481 1.060606
1.319505 1.057013
1.321663 1.058492
1.319382 1.055413
1.313788 1.051394
1.307477 1.047902
0.328626 0.774165
0.353627 0.778887
0.347187 0.777858
0.339497 0.779979
0.340592 0.777378
0.333233 0.778966
0.333800 0.777595
0.326962 0.777536
0.327327 0.776684
0.320681 0.775493
0.321264 0.774325
0.315390 0.771302
0.309444 0.768532
0.303220 0.766742
0.296791 0.765679
0.290358 0.764627
0.283966 0.763434
0.277591 0.762173
0.271239 0.760842
0.264919 0.759395
0.258634 0.757824
0.252397 0.756083
0.241793 0.756077
0.245850 0.755436
0.315567 0.773128
0.314565 0.772195
0.308810 0.768742
0.302434 0.767487
0.295898 0.766797
0.289531 0.765511
0.283247 0.763929
0.276965 0.762339
0.270728 0.760597
0.264535 0.758698
0.258381 0.756660
0.252136 0.754940
0.245370 0.754986
0.245235 0.755024
0.245392 0.754989
2.309680 1.189613
2.302060 1.191000
2.300015 1.192115
2.302382 1.191609
2.302455 1.190794
2.309225 1.189137
2.222787 1.170356
2.304661 1.189448
2.308976 1.187979
2.223249 1.168524
2.220959 1.166037
2.305385 1.187754
2.308854 1.186397
2.224126 1.166834
2.221212 1.163093
2.110563 1.137664
2.225260 1.165242
2.221481 1.160124
2.110591 1.135736
2.110484 1.133807
1.674375 1.014409
1.787272 1.041268
1.686888 1.015609
1.680631 1.014992
1.676898 1.014720
1.675397 1.010448
1.649887 1.007795
1.649269 1.007446
1.785061 1.040622
1.787409 1.040698
1.699399 1.016716
1.693141 1.016019
1.688345 1.015727
1.687288 1.013921
1.643509 1.004209
1.642960 1.003804
1.643306 1.002862
1.699663 1.016752
1.699456 1.016479
1.639761 1.001330
1.636625 0.998774
1.638007 0.995759
1.335374 0.916148
1.334425 0.917119
1.335941 0.915584
1.336329 0.912018
0.651194 0.723472
0.657428 0.722798
0.653714 0.723012
0.585510 0.705510
0.586236 0.703756
0.522902 0.687497
0.526303 0.685931
0.520341 0.684905
0.526967 0.681522
0.519336 0.683832
2.362612 1.146485
2.363109 1.144664
2.362954 1.142708
2.362538 1.140719
2.194240 1.097441
2.193291 1.091258
2.197959 1.096407
2.197776 1.096424
2.114053 1.074921
2.117257 1.072487
2.202274 1.095692
2.113248 1.072783
2.117079 1.071054
2.066147 1.059399
2.059872 1.057741
2.111473 1.070432
2.117080 1.069024
2.072386 1.059064
2.068575 1.059391
2.066519 1.057407
2.056654 1.056325
2.060458 1.055044
2.053567 1.054423
2.072529 1.057951
2.067249 1.052814
2.061204 1.050388
2.051820 1.053194
2.053977 1.052139
1.865241 1.000229
1.858971 0.998838
1.852694 0.997135
1.677005 0.951242
1.866918 0.993536
1.860380 0.992851
1.853741 0.992523
1.777370 0.975793
1.771094 0.974100
1.764813 0.972125
1.683245 0.950883
1.677559 0.951252
1.677089 0.950807
1.671085 0.948245
1.661651 0.947173
1.664594 0.947398
1.658160 0.945141
1.778123 0.972293
1.771876 0.970579
1.759672 0.970453
1.765152 0.970556
1.758529 0.969913
1.683545 0.950859
1.683310 0.950548
1.677976 0.945615
1.671690 0.944042
1.664971 0.944002
1.658131 0.943440
1.657214 0.944092
1.658278 0.943867
1.685723 0.949533
1.683849 0.946620
1.678561 0.941521
1.672053 0.940729
1.659514 0.942782
1.665099 0.941517
1.334854 0.853591
1.334002 0.851453
1.332578 0.847840
0.936284 0.739806
0.930019 0.738724
0.923754 0.737640
0.904928 0.732640
0.955102 0.744366
0.955192 0.744187
0.948823 0.742551
0.949090 0.741964
0.942548 0.740882
0.938322 0.740183
0.943283 0.738702
0.871361 0.722998
0.870377 0.720806
0.867217 0.719166
0.867506 0.719030
0.861812 0.715367
0.856197 0.711435
0.864833 0.717492
0.861487 0.714491
0.855954 0.710254
0.798154 0.698738
0.797056 0.700047
0.710329 0.676938
0.704044 0.674700
0.697770 0.673090
0.691504 0.671965
2.379892 1.087277
2.379983 1.085361
2.379916 1.083441
1.353219 0.795083
1.352411 0.794462
1.349176 0.791727
1.127773 0.730985
1.127215 0.729351
1.127031 0.728888
1.127296 0.728624
1.048497 0.708698
1.047179 0.706449
1.045595 0.705241
0.945206 0.679315
0.940332 0.679002
0.957721 0.680611
0.951463 0.679857
0.951034 0.679817
2.432828 0.917814
2.432528 0.918236
2.434014 0.914165
2.433822 0.916641
2.434023 0.914808
2.754143 0.847960
2.795895 0.857924
2.798749 0.856012
2.760387 0.847811
2.755722 0.847612
2.754636 0.845421
2.796544 0.856189
2.798323 0.855483
2.772901 0.849091
2.766638 0.848122
2.764780 0.848015
2.761389 0.843286
2.768171 0.841090
2.667338 0.816838
2.661166 0.814867
2.628565 0.810227
2.627274 0.810763
2.629269 0.808669
2.613402 0.807204
2.540709 0.786636
2.673638 0.816334
2.666662 0.817202
2.660897 0.813787
2.629978 0.809544
2.636372 0.805305
2.613926 0.805414
2.540781 0.786625
2.540851 0.786104
2.610879 0.798235
2.604886 0.795625
2.598746 0.793533
2.546926 0.785024
2.544368 0.785623
2.970640 0.815503
2.964390 0.815290
2.962511 0.815238
2.971027 0.815484
2.976878 0.815094
2.976846 0.815093
2.976900 0.815027
2.708459 0.736835
2.700717 0.738476
2.701718 0.736872
2.694453 0.737405
2.695142 0.736327
2.688186 0.736257
2.688694 0.735328
2.681916 0.734907
2.682320 0.734072
2.675634 0.732821
2.714039 0.738842
2.706973 0.739089
2.701592 0.738581
2.707298 0.738878
2.674136 0.731521
2.673535 0.729476
3.079282 0.735197
3.098295 0.739535
3.098093 0.739405
3.091804 0.736970
3.085530 0.735334
3.081862 0.735318
3.079466 0.733968
3.072983 0.732211
3.073231 0.732220
3.066716 0.731022
3.066916 0.730758
3.060427 0.728510
3.055628 0.728590
3.085502 0.733770
3.085883 0.733027
3.079237 0.732610
3.078223 0.732462
3.079291 0.732536
3.613048 0.780834
3.556554 0.764799
3.619275 0.779750
3.617016 0.780193
3.555904 0.764507
3.550262 0.762189
3.620922 0.779304
3.545143 0.759806
3.543964 0.759198
3.544923 0.756140
3.538952 0.756318
3.538561 0.752803
3.211293 0.665725
3.210729 0.666211
3.212642 0.664780
3.212523 0.660000
3.664669 0.709690
3.664958 0.709583
3.668438 0.708577
3.507742 0.665178
3.507471 0.665282
3.511293 0.664356
3.231533 0.585924
3.230085 0.586329
3.495108 0.604898
3.490498 0.601291
3.484765 0.597772
3.478787 0.595123
3.433380 0.588461
3.495012 0.602980
3.490529 0.599148
3.484983 0.594959
3.430854 0.586468
3.345497 0.563287
3.320391 0.556348
3.346251 0.562811
3.345469 0.561698
3.345732 0.561744
3.319998 0.556074
3.344504 0.560467
3.340757 0.553506
3.317163 0.553425
0.122076 0.870007
0.142414 0.869434
0.135351 0.870605
0.128337 0.870916
0.122498 0.870062
0.128522 0.870953
0.121317 0.869759
0.115795 0.868005
0.115900 0.867992
0.109507 0.865591
0.109894 0.865438
0.148754 0.868755
0.141659 0.870045
0.134581 0.870812
0.132778 0.870775
0.134732 0.870735
0.105717 0.863819
0.103208 0.862618
0.103395 0.862554
0.097750 0.858721
0.092295 0.854220
0.099125 0.860225
0.097156 0.858784
0.091833 0.853808
1.871929 1.268660
1.879768 1.263982
1.870248 1.267504
1.872159 1.267078
1.865611 1.264499
1.872835 1.262621
1.865326 1.264297
1.865654 1.264209
1.784019 1.241928
1.782950 1.243163
1.873396 1.258597
1.862741 1.261718
1.865950 1.261124
1.784309 1.241562
1.784676 1.239139
1.860176 1.259173
1.866554 1.256971
1.859259 1.258439
1.784417 1.239673
1.687330 1.214731
1.690723 1.212358
1.788500 1.238838
1.685449 1.212320
1.691260 1.208400
1.683531 1.210328
1.564321 1.179680
1.682927 1.209774
1.683735 1.209180
1.570560 1.179271
1.565745 1.179645
1.565331 1.175695
1.620737 1.191296
1.614464 1.189690
1.608183 1.187685
1.576799 1.178902
1.571501 1.179210
1.571015 1.177339
1.473700 1.154081
1.477952 1.149461
1.578932 1.179242
1.577254 1.177070
1.476405 1.152654
1.476057 1.152761
1.476568 1.152287
1.325800 1.112484
1.479278 1.151698
1.325882 1.112262
1.325833 1.112108
1.326128 1.110398
1.325987 1.109509
1.325779 1.108416
1.325725 1.108214
1.325773 1.108241
0.214731 0.796109
0.211118 0.797056
0.214859 0.796072
0.214889 0.795475
0.218676 0.795162
0.029935 0.744725
0.027179 0.741215
0.008461 0.739218
0.027293 0.742126
0.026394 0.741334
0.026582 0.741266
0.020110 0.739204
0.021384 0.735852
0.013852 0.738447
0.012954 0.738438
0.014732 0.735570
1.990644 1.196227
1.991583 1.195777
1.988541 1.193738
1.992063 1.192010
1.985908 1.191142
1.992496 1.188430
1.986502 1.189409
1.992160 1.187601
1.690089 1.110344
1.708864 1.112406
1.702592 1.110989
1.696336 1.110407
1.694084 1.110403
1.697390 1.107301
1.635668 1.095419
1.740218 1.119564
1.733946 1.118064
1.727672 1.116497
1.721403 1.115156
1.722469 1.111767
1.715135 1.113897
1.715037 1.113874
1.715138 1.113888
1.639833 1.093863
1.637786 1.094014
1.646071 1.093412
1.643868 1.093668
1.311739 1.002571
1.311017 1.000456
1.311290 0.998636
0.461456 0.754658
0.409555 0.746820
0.461259 0.753298
0.415794 0.746408
0.412839 0.746642
0.441979 0.748055
0.418057 0.746088
2.340773 1.174934
2.348159 1.170527
2.341112 1.173083
2.340800 1.171096
2.202342 1.135524
2.202190 1.135213
2.197509 1.127998
2.203532 1.133893
2.202576 1.131788
2.100522 1.107459
2.095401 1.104771
2.208316 1.132681
2.206944 1.132870
2.203420 1.126772
2.090919 1.103043
2.089109 1.102132
2.089629 1.100772
2.082820 1.099677
2.076538 1.097620
2.074562 1.096917
2.070251 1.095284
2.063967 1.093094
2.057686 1.091069
2.051874 1.089184
2.051404 1.089022
2.051817 1.087604
2.045119 1.086858
2.038836 1.084710
2.032553 1.082605
2.028998 1.081418
2.033957 1.077346
1.681098 0.986451
1.674844 0.986038
1.672410 0.985940
1.693609 0.987572
1.687353 0.986957
1.682214 0.986509
1.681453 0.984952
1.634052 0.974146
1.693815 0.987591
1.693663 0.987344
1.633022 0.971950
1.634651 0.970478
1.330482 0.888475
1.330193 0.886182
1.335818 0.886322
1.333616 0.887341
1.336399 0.886165
1.336167 0.884760
0.915278 0.768418
0.909003 0.766845
0.902729 0.765237
0.896455 0.763591
0.940360 0.774150
0.934091 0.772811
0.927821 0.771408
0.928730 0.768362
0.921550 0.769920
0.919890 0.769525
0.921714 0.769372
0.890720 0.762025
0.890179 0.761880
0.890248 0.761642
0.883897 0.759832
0.885295 0.755370
0.877608 0.757370
0.874517 0.755958
0.871311 0.754478
0.872257 0.751833
0.752882 0.724710
0.758353 0.724091
0.758188 0.724134
0.758463 0.723792
0.735617 0.718334
0.733233 0.716335
0.734006 0.715089
0.664234 0.699545
0.732397 0.715606
0.728107 0.710111
0.670478 0.699422
0.669537 0.699436
0.591385 0.677436
0.590342 0.671651
0.571625 0.666453
0.564869 0.666543
0.555382 0.668195
0.557924 0.667295
0.591550 0.675582
0.552542 0.665539
0.558454 0.663366
0.551193 0.664455
2.382255 1.073092
2.382435 1.071212
2.382467 1.069331
1.354441 0.782136
1.351864 0.779541
1.350281 0.778081
1.351602 0.774545
1.348860 0.776881
1.219551 0.739696
1.213022 0.738987
1.180856 0.733263
1.226341 0.737423
1.219302 0.738515
1.213020 0.736928
1.206876 0.734856
1.200556 0.733406
1.194212 0.732039
1.187915 0.730508
1.181622 0.728965
1.175731 0.726002
1.145985 0.722813
1.150156 0.721250
1.143163 0.720791
1.136892 0.719363
1.206630 0.733709
1.200393 0.731956
1.194123 0.730329
1.187923 0.728446
1.181768 0.726413
1.175732 0.723954
1.150906 0.716540
1.143405 0.719261
1.136012 0.718321
1.137248 0.717238
1.049590 0.694195
1.048997 0.693544
1.049487 0.692347
0.954864 0.668208
1.046996 0.691638
0.961109 0.668107
0.955306 0.668051
0.962732 0.663912
0.962544 0.668011
2.403666 1.008526
2.402907 1.007384
2.402121 1.006205
2.400884 1.004002
2.434538 0.912531
2.434695 0.912373
2.435496 0.910638
2.435352 0.908704
2.490753 0.849941
2.490216 0.850134
2.491020 0.849354
2.493488 0.849044
2.779719 0.826546
2.811081 0.834131
2.810950 0.834150
2.793490 0.825017
2.785981 0.827415
2.785235 0.827549
2.786033 0.827578
2.817317 0.833518
2.816493 0.833673
2.787544 0.826222
2.793202 0.823981
2.718071 0.804080
2.708384 0.805885
2.711068 0.805042
2.718005 0.802260
2.710604 0.803151
2.708634 0.804025
2.710959 0.803372
2.586454 0.770710
2.585641 0.768500
2.547449 0.759688
2.546169 0.760374
2.585448 0.768543
2.585071 0.768076
2.585225 0.767931
2.548333 0.758995
2.548368 0.755462
2.995040 0.774726
2.995021 0.774730
3.001264 0.773470
2.999513 0.773951
2.725099 0.696718
2.718814 0.694468
2.729165 0.696815
2.725067 0.694883
2.725497 0.694303
2.717850 0.693904
2.719278 0.692491
3.159307 0.721137
3.164056 0.718431
3.176964 0.718361
3.170375 0.717855
3.162516 0.720068
3.163100 0.719779
3.625366 0.763063
3.630621 0.762086
3.629772 0.762259
3.631396 0.759769
3.536483 0.736428
3.536340 0.736332
3.534389 0.733933
3.216344 0.645238
3.214307 0.645917
3.217697 0.644871
3.666370 0.703809
3.666788 0.703629
3.670423 0.702646
3.509437 0.659019
3.508753 0.659190
3.512967 0.658345
3.233240 0.580394
3.232547 0.580537
3.233794 0.578781
3.239480 0.580081
3.238464 0.580144
3.239987 0.578636
1.880343 1.263674
1.879885 1.263277
1.876830 1.260824
1.880752 1.258440
1.874229 1.258237
1.881441 1.253958
1.873541 1.257688
1.785699 1.234847
1.785261 1.235382
1.870425 1.255367
1.874246 1.253574
1.786650 1.233812
1.694769 1.210218
1.698626 1.208225
1.787829 1.232220
1.692457 1.207689
1.699150 1.204310
1.691515 1.206621
1.690033 1.205162
1.691912 1.204068
1.565999 1.172460
1.564607 1.172929
1.478146 1.149108
1.622421 1.184417
1.616147 1.182878
1.609867 1.180924
1.572235 1.171916
1.568125 1.171906
1.567480 1.166051
1.478633 1.148924
1.617065 1.179100
1.610252 1.179391
1.578483 1.172075
1.575556 1.171925
1.481986 1.147852
1.486055 1.142557
1.484347 1.146546
1.484325 1.146555
1.484360 1.146516
1.323800 1.105307
1.324597 1.103573
1.325122 1.101803
0.216417 0.789421
0.214996 0.789679
0.219106 0.788828
0.023972 0.736777
0.021840 0.734998
0.015559 0.732991
1.962169 1.208182
1.968613 1.205565
1.961187 1.206634
1.969010 1.202100
1.960735 1.205883
1.961280 1.205626
1.959761 1.203732
1.961517 1.202763
1.678742 1.127886
1.672480 1.127053
1.697527 1.130631
1.691262 1.129516
1.684998 1.128504
1.680226 1.128058
1.622263 1.112823
1.710051 1.132433
1.703788 1.131496
1.698072 1.130720
1.697770 1.129717
1.628502 1.112348
1.627382 1.112555
1.628789 1.111862
1.631623 1.111729
1.636106 1.107744
1.634418 1.110568
1.634927 1.109905
1.306783 1.022512
1.304383 1.019963
1.303507 1.017841
0.404464 0.765004
0.402118 0.765099
0.410708 0.764918
0.409018 0.764969
2.378872 1.093436
2.378752 1.091477
2.378660 1.089560
1.353404 0.803083
1.351531 0.801642
1.349494 0.800143
1.345964 0.797344
1.121844 0.735891
1.127047 0.731535
1.121683 0.733956
1.046574 0.714631
0.937255 0.684897
1.044470 0.712196
1.043907 0.711786
0.956045 0.687867
0.949782 0.686881
0.943514 0.685635
0.939041 0.685090
0.957266 0.687862
0.956307 0.686600
0.951298 0.680513
0.830551 0.655005
0.824271 0.653048
0.811719 0.649652
2.403804 1.023352
2.402268 1.021021
2.400084 1.018560
2.399480 1.017669
2.400424 1.015118
2.422025 0.943176
2.422674 0.941421
2.484534 0.855098
2.489009 0.853342
2.487245 0.853875
2.489655 0.852113
2.809398 0.840928
2.807800 0.841710
2.810472 0.840457
2.810954 0.834637
2.779523 0.826801
2.772759 0.826916
2.765446 0.827806
2.762390 0.828110
2.765907 0.827341
2.814869 0.839700
2.785717 0.826648
2.778919 0.826883
2.771686 0.827467
2.769530 0.828026
2.771982 0.827610
2.703686 0.807333
2.696410 0.808920
2.696220 0.809186
2.696444 0.809138
2.697333 0.807556
2.703618 0.805529
2.590703 0.780170
2.589714 0.779494
2.589907 0.779267
2.545776 0.767103
2.588290 0.777611
2.546571 0.766898
2.546555 0.763919
2.586916 0.775367
2.548557 0.765490
2.993343 0.780814
2.993447 0.780746
2.994780 0.775651
2.999565 0.779439
2.997320 0.779824
2.710882 0.701152
2.730575 0.705520
2.730015 0.704154
2.724852 0.698628
2.718426 0.697549
2.708972 0.699973
2.711246 0.699132
2.704568 0.697267
2.731775 0.703931
2.730887 0.699039
2.711936 0.694650
2.702830 0.696478
2.704798 0.696088
2.685723 0.691176
2.679462 0.690277
2.673177 0.688031
2.673497 0.685760
3.155069 0.727728
3.154680 0.728315
3.155823 0.726674
0.142604 0.869337
0.148839 0.868654
0.143722 0.869085
0.149644 0.867673
0.092374 0.854340
0.155080 0.868436
0.149343 0.868599
0.156001 0.866933
0.091911 0.853845
0.087166 0.848572
0.162358 0.866243
0.089696 0.851357
0.086857 0.847611
1.887859 1.259038
1.884342 1.256328
1.888781 1.253861
1.881839 1.253758
1.889298 1.249981
1.881516 1.253437
1.787377 1.227738
1.786426 1.229260
1.879332 1.251217
1.882055 1.249762
1.787494 1.227597
1.787947 1.225543
1.703436 1.206021
1.706354 1.204713
1.788992 1.226078
1.701067 1.203471
1.706889 1.200755
1.699483 1.201972
1.698093 1.200795
1.699832 1.199866
1.563437 1.166208
1.697036 1.198644
1.700038 1.197128
1.573922 1.165317
1.567676 1.165276
1.567471 1.165304
1.486080 1.142500
1.483367 1.143719
1.487061 1.141086
1.575107 1.165366
1.574738 1.162158
1.486126 1.142485
1.493685 1.139385
1.499983 1.138876
1.492307 1.141447
1.490532 1.141710
1.492748 1.140658
1.323346 1.098775
1.324498 1.097119
1.325107 1.095360
1.325044 1.093464
0.218104 0.782830
0.215335 0.783342
0.219589 0.782512
2.036961 1.176102
2.029506 1.177155
2.027336 1.178003
2.029877 1.177344
2.043638 1.174217
2.030403 1.176849
2.036560 1.175445
2.043359 1.173164
2.032916 1.175587
2.036177 1.174759
1.747025 1.096415
1.740763 1.095494
1.734499 1.094463
1.729982 1.093928
1.728690 1.091883
1.765814 1.099297
1.759550 1.098264
1.753286 1.097187
1.747386 1.096451
1.747674 1.094067
1.652880 1.070312
1.646630 1.070148
1.772075 1.100222
1.765860 1.099304
1.659128 1.070464
1.653086 1.070304
1.652973 1.069916
1.665373 1.070457
1.661634 1.070590
1.660133 1.066358
1.666541 1.065495
1.314398 0.975620
1.314618 0.973112
1.315042 0.973847
1.315881 0.972163
0.623425 0.777738
0.619733 0.777923
0.593740 0.771257
0.592444 0.769526
0.624869 0.777324
0.596005 0.769901
0.593158 0.764936
0.472786 0.735664
0.471081 0.735892
0.474605 0.734875
0.474286 0.729021
2.367420 1.132923
2.367172 1.130924
2.366734 1.128909
2.195096 1.083674
2.188821 1.081958
2.201350 1.084139
2.199258 1.083942
2.201910 1.082530
2.190054 1.076866
2.152358 1.067390
2.145677 1.067213
2.139236 1.066194
2.128026 1.065666
2.132827 1.065061
2.207586 1.083500
2.204995 1.083507
2.208669 1.080391
2.158700 1.066692
2.151990 1.066619
2.145438 1.065987
2.139012 1.064908
2.132289 1.063739
2.130199 1.064278
2.132552 1.063959
2.164980 1.066254
2.158212 1.066384
2.151643 1.065814
2.145164 1.064921
2.138530 1.063500
2.135578 1.063753
2.138725 1.063888
1.329096 0.837327
1.328842 0.837100
1.329114 0.836311
1.325489 0.834491
1.323917 0.828852
0.939679 0.727748
0.920855 0.722884
1.054301 0.750738
1.047554 0.750796
0.964764 0.733503
0.962822 0.733618
0.938848 0.727466
0.940761 0.723861
0.933397 0.725666
0.927127 0.724359
0.922683 0.723320
0.919850 0.722594
0.920929 0.722590
0.914579 0.721110
0.971007 0.733419
0.969912 0.733538
0.846653 0.701868
0.795308 0.686960
0.845855 0.699725
0.845584 0.699325
0.840741 0.692664
0.795499 0.686793
0.795567 0.685820
0.840400 0.691839
0.796484 0.685125
0.796814 0.679360
2.380963 1.081135
2.381132 1.079229
2.381206 1.077333
1.354919 0.789232
1.353960 0.788433
1.351006 0.785757
1.142962 0.722883
1.133182 0.725949
1.136324 0.722557
1.131961 0.723717
1.049727 0.702592
1.048978 0.700472
1.047289 0.699027
0.946909 0.673538
0.959407 0.673958
0.953155 0.673557
0.951507 0.673505
0.954611 0.668815
2.404745 1.002380
2.404617 1.002142
2.405165 1.000431
2.403520 1.000131
2.401962 0.997833
2.439793 0.898888
2.439070 0.896779
2.437843 0.895310
2.438640 0.891715
2.802219 0.853120
2.755810 0.840183
2.752695 0.840417
2.804259 0.851734
2.807037 0.848473
2.762052 0.839886
2.759134 0.840128
2.667941 0.815844
2.661669 0.814324
2.767049 0.840274
2.681129 0.815677
2.674197 0.816366
2.674136 0.816369
2.674202 0.816366
2.658526 0.812360
2.656034 0.809228
2.650553 0.804822
2.636522 0.804990
2.632203 0.805606
2.637678 0.802753
2.612995 0.800680
2.688217 0.812384
2.678028 0.815471
2.680740 0.815021
2.657073 0.810076
2.655815 0.807956
2.650345 0.803498
2.637289 0.804986
2.643590 0.803586
2.614726 0.799185
2.611402 0.797205
2.611994 0.796319
2.605120 0.795170
2.606253 0.792826
2.598842 0.793344
2.600268 0.790191
2.542401 0.780310
2.541668 0.780434
2.597871 0.792952
2.593409 0.788604
2.548619 0.778756
2.545436 0.779462
2.549495 0.775270
2.972355 0.810414
2.978592 0.809919
2.975506 0.810204
2.980680 0.809634
2.722577 0.734526
2.714987 0.737069
2.711594 0.736650
2.715370 0.736204
2.721231 0.736918
2.720390 0.736979
2.721474 0.736354
2.676297 0.725648
2.678018 0.723435
2.675878 0.723634
2.678077 0.721185
3.098047 0.739653
3.091303 0.739697
3.085355 0.736938
3.048505 0.733183
3.053944 0.729033
3.072758 0.731840
3.066190 0.731261
3.060099 0.729001
3.051087 0.731919
3.052814 0.730958
3.611357 0.787254
3.611711 0.787193
3.611968 0.784938
3.561144 0.773259
3.614563 0.785995
3.556136 0.770986
3.554849 0.770426
3.556019 0.766548
3.548557 0.767765
3.545846 0.766420
3.542247 0.764113
3.209616 0.672910
3.210437 0.672560
3.210566 0.668961
3.212369 0.671153
3.651608 0.732337
3.648712 0.733052
3.652401 0.732101
3.526088 0.698010
3.519835 0.697593
3.527252 0.698005
3.526391 0.696616
3.520996 0.691899
3.515022 0.689229
3.527718 0.689905
3.224767 0.611379
3.221940 0.611878
3.226447 0.604724
0.172769 0.856290
0.178995 0.855138
0.174842 0.855859
0.179242 0.855080
0.068798 0.826704
0.066682 0.823801
0.070430 0.825191
0.067081 0.820329
0.067209 0.817854
1.892437 1.251983
1.896766 1.249439
1.890259 1.249490
1.897239 1.245708
1.889484 1.248788
1.787562 1.223132
1.887404 1.246853
1.890230 1.244655
1.789069 1.221426
1.788918 1.221533
1.712718 1.201984
1.714005 1.201471
1.791401 1.220258
1.710313 1.199418
1.714537 1.197518
1.707449 1.197265
1.792753 1.218725
1.706381 1.196490
1.707709 1.195812
1.563576 1.159827
1.715318 1.190693
1.706087 1.194528
1.707710 1.193798
1.569365 1.158832
1.567702 1.158936
1.494072 1.139268
1.492165 1.139559
1.494409 1.138911
1.575609 1.158660
1.574573 1.158789
1.514375 1.137630
1.507267 1.138963
1.500317 1.139212
1.498787 1.139309
1.500421 1.139368
1.513719 1.137910
1.506538 1.137843
1.502660 1.138392
1.506911 1.138178
1.324587 1.091027
1.520644 1.135213
1.325004 1.090824
1.326148 1.089192
1.326165 1.087306
0.219792 0.776210
0.215861 0.777058
0.219967 0.776173
0.219925 0.775652
2.015406 1.181363
2.022659 1.179063
2.029366 1.177076
2.016775 1.179778
2.022252 1.178432
2.028924 1.176602
2.021480 1.178458
2.020370 1.178798
2.021662 1.178484
1.726540 1.099609
1.739058 1.101065
1.732795 1.100086
1.726901 1.099556
1.757848 1.104100
1.751583 1.102974
1.745321 1.102044
1.742085 1.101521
1.746780 1.097221
1.651187 1.076585
1.644930 1.076055
1.642713 1.076011
1.764112 1.105113
1.762123 1.104787
1.765767 1.099455
1.657438 1.076883
1.652865 1.076676
1.660980 1.076863
1.314026 0.981945
1.314473 0.980134
1.315145 0.978420
0.609204 0.782016
0.615464 0.782800
0.611568 0.782252
0.615942 0.781594
0.607593 0.781231
0.603104 0.779398
0.597381 0.775846
0.621707 0.782651
0.620251 0.782577
0.622174 0.781320
0.603106 0.778164
0.602887 0.777922
0.602910 0.778037
0.597682 0.772728
0.474047 0.743076
0.472438 0.737597
0.474211 0.741215
2.348192 1.170571
2.348308 1.170448
2.348180 1.169843
2.347882 1.168393
2.348262 1.168090
2.347761 1.166448
2.348270 1.166023
2.197540 1.127734
2.197402 1.127840
2.347618 1.164531
2.348297 1.163918
2.199693 1.126478
2.198196 1.123497
2.090820 1.096911
2.203729 1.124461
2.202870 1.125381
2.199002 1.118601
2.088236 1.095932
2.084528 1.094229
2.078240 1.091853
2.203937 1.122937
2.074015 1.090345
2.071955 1.089567
2.065668 1.087289
2.059386 1.085189
2.053104 1.083132
2.052228 1.082835
2.054688 1.077459
2.046819 1.080907
2.040533 1.078618
2.034753 1.076453
2.034245 1.076252
1.676527 0.979125
1.776884 1.003287
1.770610 1.001637
1.689036 0.980140
1.682781 0.979557
1.678950 0.979244
1.677414 0.975461
1.636115 0.968256
1.695291 0.980655
1.690184 0.980215
1.689407 0.978596
1.635218 0.966083
1.696909 0.973860
1.638791 0.964293
1.637417 0.964746
1.640377 0.959548
1.331286 0.881218
1.332806 0.880703
1.332300 0.876677
1.335535 0.879498
0.929524 0.765675
0.923252 0.764166
0.916979 0.762658
0.910706 0.761095
0.904430 0.759433
0.898155 0.757710
0.891881 0.756095
0.885605 0.754415
0.948322 0.769131
0.942064 0.768443
0.935795 0.767106
0.933563 0.766605
0.899701 0.752041
0.892375 0.754138
0.883513 0.753747
0.885869 0.753345
0.879325 0.752409
0.873035 0.749932
0.870544 0.748495
0.874187 0.745013
0.866726 0.746358
0.760068 0.719104
0.774205 0.715743
0.766311 0.718897
0.763711 0.719122
0.766907 0.717744
0.731277 0.710795
0.728667 0.709280
0.729587 0.706937
0.769237 0.718650
0.773147 0.717456
0.726000 0.707518
0.723247 0.703499
0.672174 0.693353
0.670983 0.693379
0.678421 0.693374
0.678390 0.693377
0.590562 0.669622
0.590162 0.670696
0.572760 0.666232
0.579309 0.663093
0.571747 0.665206
0.565455 0.662580
0.590850 0.668957
0.590672 0.668447
0.579005 0.662102
0.572028 0.662974
0.564988 0.662304
0.565530 0.662147
0.559152 0.659339
2.385881 1.061183
2.386511 1.059397
2.390427 1.056535
2.387193 1.057662
2.390177 1.055374
1.349901 0.766180
1.348350 0.762276
1.347607 0.763671
1.347387 0.763491
1.347466 0.763345
1.234413 0.732262
1.234010 0.732558
1.234606 0.732010
1.235754 0.731110
1.047457 0.680796
1.046101 0.678912
1.046690 0.678476
1.045762 0.678433
0.969039 0.658731
0.970770 0.657198
0.970692 0.657225
0.970830 0.657035
2.413032 0.967801
2.412395 0.968342
2.414352 0.963899
2.414077 0.966859
2.471423 0.866528
2.473115 0.864979
2.473099 0.865015
2.473123 0.864993
2.474023 0.863354
2.508353 0.832708
2.506664 0.833141
2.509881 0.828242
2.510313 0.832160
2.913699 0.829165
2.940276 0.829571
2.932490 0.832212
2.933201 0.830786
2.926227 0.831191
2.926551 0.830504
2.919959 0.829955
2.919380 0.829859
2.920003 0.829855
2.945749 0.831982
2.938744 0.832609
2.937062 0.832500
2.938939 0.832261
2.806968 0.797705
2.800695 0.796183
2.794419 0.794431
2.788147 0.792956
2.781878 0.791675
2.775606 0.790141
2.769326 0.788193
2.763052 0.786656
2.811130 0.798204
2.807234 0.796158
2.801090 0.794084
2.794830 0.792426
2.788758 0.790099
2.782820 0.787299
2.776542 0.785707
2.769879 0.785466
2.763504 0.784210
2.753525 0.783411
2.757308 0.782323
2.750469 0.781374
2.807466 0.793317
2.801692 0.789934
2.795983 0.786317
2.764454 0.778805
2.757943 0.778030
2.749074 0.780342
2.750797 0.779496
2.751754 0.774101
3.009746 0.742986
3.023612 0.741047
3.015991 0.742943
3.011965 0.743076
3.016884 0.741040
3.029795 0.740948
3.019579 0.743133
3.022479 0.743019
2.677055 0.648336
2.670778 0.646556
2.681073 0.648460
2.677904 0.644365
2.668333 0.645183
2.671889 0.641841
2.664467 0.642860
3.561909 0.795312
3.568524 0.793682
3.561560 0.794507
3.196577 0.696903
3.196856 0.696712
3.200227 0.695680
3.643681 0.739333
3.642058 0.739712
3.645694 0.738707
3.650747 0.734914
3.524415 0.705418
3.523709 0.705451
3.519386 0.699648
3.528052 0.704648
3.218658 0.619400
3.223079 0.617997
3.221433 0.618182
3.478993 0.593471
3.474781 0.593260
3.472911 0.592112
3.435065 0.581618
3.481976 0.593178
3.479339 0.591118
3.473736 0.587135
3.467876 0.584061
3.461753 0.581916
3.455446 0.580417
3.449141 0.578921
3.442733 0.577780
3.433587 0.580742
3.435619 0.579133
3.430105 0.577942
3.342737 0.555485
3.340881 0.553393
3.341408 0.553260
3.340395 0.552964
3.335821 0.547165
3.320322 0.547800
3.322706 0.545937
0.180702 0.849653
0.178270 0.850314
0.181857 0.849313
0.065467 0.817484
0.062470 0.812844
0.066018 0.815724
0.062587 0.810390
1.907673 1.234679
1.907126 1.234057
1.905423 1.232176
1.908247 1.228565
1.790069 1.202561
1.788456 1.200015
1.902903 1.229633
1.794115 1.200631
1.792837 1.201328
1.788951 1.196194
1.782963 1.193578
1.776904 1.191208
1.764301 1.188181
1.757595 1.188092
1.744265 1.188860
1.750874 1.188057
1.743930 1.188222
1.795019 1.199978
1.794427 1.198585
1.757585 1.186069
1.750792 1.186286
1.742209 1.186399
1.744058 1.186299
1.798009 1.198871
1.795251 1.193659
1.757531 1.184232
1.750871 1.183978
1.738708 1.183596
1.744223 1.183686
1.737589 1.182802
1.731311 1.180989
1.572379 1.140870
1.630886 1.152939
1.624614 1.151524
1.626156 1.146960
1.618336 1.149680
1.619941 1.145141
1.574433 1.139240
1.574030 1.139349
1.569345 1.133668
1.538674 1.130272
1.544666 1.125755
1.637143 1.153632
1.636870 1.153618
1.637224 1.153403
1.612225 1.147270
1.612047 1.147187
1.612117 1.146977
1.580655 1.137964
1.576861 1.138166
1.575386 1.134058
1.538513 1.128304
1.544695 1.123594
1.536769 1.125961
1.544444 1.122451
1.330024 1.070900
1.329637 1.070495
1.329877 1.069975
1.326793 1.068146
1.324502 1.063135
1.325113 1.065825
1.324051 1.062703
0.238658 0.757062
0.231150 0.759254
0.230261 0.759537
0.231291 0.759303
0.233853 0.758532
0.237901 0.757673
2.058022 1.173040
2.051006 1.174045
2.043763 1.174979
2.042882 1.175572
2.043864 1.175493
2.057924 1.171310
2.044491 1.174039
2.050824 1.172610
2.057709 1.170022
2.046114 1.172544
2.050562 1.171496
2.057389 1.169146
2.048518 1.171284
2.050170 1.170874
1.742459 1.089307
1.736190 1.088081
1.729927 1.087081
1.767512 1.093352
1.761249 1.092341
1.754985 1.091280
1.748721 1.090254
1.747478 1.090047
1.742891 1.087195
1.737080 1.083953
1.731552 1.079715
1.648314 1.063324
1.773777 1.094367
1.768154 1.093452
1.768271 1.090602
1.750310 1.082716
1.654552 1.062888
1.650249 1.063151
1.649266 1.059254
1.660801 1.063015
1.657576 1.063109
1.654919 1.061000
1.664564 1.063022
1.661215 1.060521
1.655653 1.056384
1.315609 0.967886
1.315749 0.967599
1.315848 0.966700
1.316683 0.965928
1.317053 0.960399
0.625139 0.772708
0.624706 0.772779
0.625389 0.772025
0.631366 0.771603
0.628852 0.771912
0.632578 0.768340
0.593727 0.762273
0.591728 0.762373
0.588488 0.757666
0.638995 0.767437
0.596778 0.761767
0.594683 0.757516
0.469982 0.729191
0.474459 0.728252
0.473867 0.728249
2.371295 1.119128
2.371515 1.117262
2.211036 1.074628
2.371727 1.115430
2.212025 1.074369
2.198981 1.071024
2.198470 1.070396
2.192174 1.067512
2.217236 1.072015
2.214572 1.073096
2.212564 1.066633
2.206198 1.065345
2.199013 1.066946
2.191146 1.067075
2.192267 1.067000
2.217395 1.071932
2.217328 1.071557
2.212222 1.065810
2.205799 1.064723
2.199186 1.064303
2.187780 1.064306
2.192571 1.063895
2.185842 1.062599
1.332241 0.825374
1.331958 0.825216
1.332310 0.825044
1.326481 0.821872
1.333876 0.817452
1.325929 0.821554
1.320222 0.818369
1.327455 0.814326
1.319622 0.818057
1.101623 0.752049
1.095123 0.751237
1.088609 0.750469
1.081950 0.750216
1.074847 0.750431
1.075257 0.750081
1.068585 0.749555
1.066499 0.749319
1.068715 0.749416
1.045854 0.744024
1.043473 0.742193
1.100992 0.752243
1.094685 0.750744
1.088215 0.749821
1.078480 0.750485
1.081373 0.750215
1.042209 0.741154
0.961868 0.718904
0.943064 0.715122
0.936770 0.712396
0.930498 0.710927
0.924230 0.709620
1.037363 0.737220
0.962583 0.718774
0.962118 0.717686
0.937442 0.709759
0.931572 0.706723
0.837701 0.684778
0.836326 0.683292
0.837033 0.682006
0.835665 0.682328
0.796212 0.672188
0.793879 0.669686
2.404279 1.017056
2.402886 1.014750
2.401197 1.012754
2.400836 1.012312
2.425559 0.931244
2.426646 0.929576
2.427811 0.927972
2.527657 0.809823
2.525432 0.810321
2.529547 0.809459
2.991648 0.786932
2.991941 0.786785
2.995477 0.785790
2.730157 0.713780
2.696625 0.703335
2.731230 0.712120
2.703871 0.701406
2.695598 0.702966
2.696677 0.703038
2.690340 0.701066
2.684067 0.699554
2.677797 0.698124
2.671515 0.696141
2.697727 0.697291
2.691156 0.696728
2.685143 0.694188
2.679306 0.691030
2.667607 0.693855
2.672608 0.690914
3.149233 0.733338
3.151191 0.731919
3.154555 0.728209
3.622686 0.768627
3.622269 0.768688
3.623242 0.766847
3.547377 0.748159
3.628910 0.767346
3.626585 0.767876
3.544126 0.746693
3.541081 0.745271
3.537368 0.743029
3.536385 0.736712
3.214654 0.651730
3.213523 0.652141
3.217211 0.651190
0.164813 0.861543
0.171044 0.860695
0.169317 0.860868
0.171664 0.859161
0.174097 0.860198
0.178822 0.855621
0.075168 0.834760
0.071542 0.830393
0.076131 0.833095
0.071849 0.827260
1.900033 1.247510
1.904949 1.244322
1.898245 1.245112
1.897458 1.244568
1.893658 1.242022
1.899021 1.237374
1.891128 1.239795
1.790769 1.215514
1.790679 1.215559
1.721747 1.197477
1.890691 1.239379
1.891318 1.238799
1.793610 1.214390
1.719879 1.195448
1.722223 1.194152
1.715415 1.192479
1.795167 1.212900
1.723110 1.188966
1.715389 1.191057
1.715165 1.192314
1.715474 1.192162
1.715709 1.190561
1.723153 1.186789
1.571064 1.152843
1.569369 1.152939
1.514578 1.137262
1.508329 1.137101
1.627492 1.165099
1.621212 1.163163
1.577301 1.152322
1.575584 1.152611
1.515689 1.137222
1.522496 1.132725
1.609760 1.155316
1.580386 1.151959
1.578753 1.145950
1.520799 1.135843
1.520391 1.136515
1.521003 1.135954
1.326288 1.085199
1.521279 1.134864
1.326753 1.084852
1.327865 1.083201
1.327519 1.081210
0.221474 0.769337
0.220146 0.769789
0.223731 0.768809
2.311907 1.188747
2.313942 1.187317
2.316876 1.185895
2.324228 1.181651
2.314675 1.185587
2.316664 1.184595
2.217428 1.160606
2.216324 1.158648
2.324158 1.179878
2.315192 1.183833
2.316477 1.183239
2.218631 1.158985
2.216607 1.155585
2.110387 1.131201
2.109863 1.128508
2.219677 1.157359
2.217050 1.151989
2.109943 1.129141
2.109514 1.127661
2.109553 1.127127
2.109308 1.126345
2.109204 1.125159
2.109130 1.124970
1.682314 1.008145
1.676061 1.007790
1.674620 1.007719
1.644672 0.998676
1.694823 1.009118
1.688567 1.008514
1.684366 1.008274
1.682892 1.005681
1.642118 0.997427
1.638362 0.994944
1.695205 1.009159
1.694917 1.008723
1.637550 0.994325
1.633972 0.991513
1.632712 0.988663
1.334983 0.910842
1.337040 0.908331
1.336505 0.909296
1.337593 0.907682
1.337226 0.906829
0.797211 0.755321
0.659133 0.717101
0.656467 0.717290
0.661568 0.716699
0.588155 0.697819
0.587652 0.695787
0.528701 0.680621
0.534800 0.677633
0.527305 0.679239
0.525922 0.678014
0.527633 0.677149
2.360605 1.152388
2.360699 1.150473
2.360845 1.148604
2.191763 1.105181
2.196280 1.103485
2.194495 1.103932
2.102150 1.078296
2.202507 1.102428
2.198614 1.103076
2.197858 1.096832
2.109122 1.077438
2.102128 1.078283
2.102151 1.078284
2.095851 1.075285
2.089573 1.073467
2.083297 1.071693
2.077021 1.069987
2.070747 1.068413
2.202878 1.100873
2.109416 1.074344
2.102494 1.075019
2.096014 1.074134
2.089726 1.072572
2.083434 1.071020
2.077136 1.069494
2.065336 1.066903
2.071030 1.067288
2.064470 1.066654
2.058185 1.064373
2.051896 1.061931
2.109815 1.070914
2.102726 1.072179
2.096009 1.072131
2.089599 1.070995
2.083510 1.068727
2.077695 1.065489
2.071990 1.061858
2.049738 1.060983
2.052683 1.058730
2.045586 1.058259
2.045092 1.057907
2.045768 1.057371
1.850998 1.003195
1.844721 1.001438
1.775692 0.982936
1.769417 0.981285
1.675326 0.958296
1.781947 0.983501
1.776174 0.983024
1.775748 0.982699
1.769369 0.981272
1.769418 0.981279
1.763139 0.979454
1.756857 0.977348
1.750566 0.974877
1.681572 0.958291
1.680289 0.958374
1.657942 0.947120
1.647105 0.949861
1.650939 0.948083
1.758377 0.970711
1.750988 0.973041
1.687815 0.958180
1.687459 0.958302
1.650162 0.947989
1.648804 0.948362
1.650672 0.946957
1.653159 0.947590
1.657746 0.943720
1.334397 0.859900
1.335662 0.858321
0.934592 0.746146
0.928331 0.745313
0.922065 0.744215
0.915794 0.742738
0.909516 0.740934
0.903237 0.739037
0.896959 0.737230
0.890684 0.735549
0.878130 0.731944
0.940846 0.746639
0.937556 0.746420
0.874891 0.730322
0.873008 0.725429
0.790246 0.706781
0.874160 0.728215
0.871792 0.726735
0.872772 0.724203
0.790447 0.706711
0.793661 0.705609
0.717683 0.686095
0.714907 0.684624
0.689791 0.677090
0.683525 0.675928
0.708965 0.681925
0.708610 0.681719
0.708705 0.681506
0.702327 0.679606
0.703017 0.677823
0.696060 0.678415
0.693438 0.677934
0.696328 0.677677
2.399850 1.049971
2.399869 1.048048
2.399017 1.046429
2.398588 1.045828
1.339544 0.748734
1.338220 0.747457
1.338524 0.747386
1.333021 0.743057
1.336451 0.746030
1.332735 0.742014
1.327280 0.737509
1.245787 0.722731
1.251488 0.719949
1.257856 0.719172
1.247551 0.721262
1.250831 0.720209
1.041390 0.664449
1.038189 0.658914
1.039333 0.662009
1.037744 0.658431
0.978344 0.646329
0.980402 0.644639
0.979978 0.644846
0.980720 0.643851
2.409833 0.976054
2.409736 0.974086
2.411313 0.972579
2.411304 0.972586
2.411325 0.972544
2.461015 0.876698
2.464975 0.872055
2.462066 0.875046
2.464353 0.872193
2.500422 0.839505
2.503141 0.838661
2.506630 0.837367
2.506035 0.837500
2.507010 0.836330
2.878727 0.832999
2.872307 0.831903
2.865773 0.831208
2.859186 0.830703
2.852774 0.829576
2.846685 0.827314
2.841036 0.823503
2.808751 0.820740
2.808201 0.820393
2.801920 0.818373
2.799636 0.818404
2.891286 0.834159
2.884517 0.834295
2.877940 0.833751
2.871568 0.832481
2.865236 0.831069
2.858855 0.829833
2.852576 0.828236
2.846571 0.825668
2.841056 0.821370
2.834839 0.819560
2.728867 0.798300
2.740668 0.793535
2.729670 0.796565
2.733646 0.794566
2.740631 0.791638
2.731423 0.795124
2.733242 0.793967
2.579506 0.754142
2.576930 0.749683
2.548242 0.746114
2.579520 0.752252
2.576922 0.747674
2.550790 0.744521
2.550196 0.744701
2.998420 0.761818
2.999791 0.761163
3.004631 0.759839
3.003170 0.760119
2.715897 0.678635
2.716000 0.678658
2.715878 0.678626
2.715903 0.678607
3.177237 0.717721
3.178818 0.713841
3.170972 0.716581
3.167346 0.716773
3.171772 0.714957
3.179157 0.717908
3.184505 0.715490
3.632337 0.757067
3.633464 0.756776
3.538197 0.731382
3.637006 0.755792
3.535374 0.729657
3.533332 0.723741
3.533304 0.727210
3.532500 0.724622
3.218031 0.638615
3.214627 0.639581
3.218201 0.638562
3.218233 0.637800
3.675982 0.690090
3.674675 0.690868
3.676982 0.689569
3.512818 0.646132
3.514163 0.645788
3.513948 0.641410
3.517342 0.644704
3.364171 0.603411
3.369603 0.600378
3.362140 0.601827
3.355876 0.600790
3.352950 0.600531
3.349982 0.598364
3.344163 0.595152
3.362752 0.598760
3.357082 0.595012
3.351208 0.591981
3.326166 0.585340
3.249167 0.570633
3.263218 0.567899
3.255426 0.571368
3.254339 0.571350
3.255696 0.570691
1.907094 1.242903
1.905456 1.241633
1.902833 1.239862
1.906840 1.235580
1.899416 1.237066
1.899126 1.236798
1.792462 1.209220
1.792059 1.209492
1.729717 1.192944
1.896730 1.234487
1.900091 1.231576
1.794153 1.208096
1.793550 1.203719
1.743888 1.188961
1.737204 1.188791
1.727186 1.190900
1.730287 1.189450
1.796351 1.206762
1.737116 1.187041
1.724607 1.188308
1.730503 1.186626
1.737475 1.183747
1.723956 1.186242
1.730946 1.183034
1.723344 1.185669
1.572768 1.147215
1.572414 1.147298
1.522548 1.132728
1.629186 1.158870
1.622911 1.157228
1.616631 1.155275
1.610350 1.153240
1.575569 1.146175
1.574314 1.139882
1.536312 1.131476
1.522947 1.132660
1.529249 1.132650
1.610231 1.153203
1.610843 1.151484
1.578974 1.144955
1.578270 1.144970
1.536381 1.129182
1.525928 1.131503
1.529300 1.130417
1.536712 1.125990
1.527462 1.130009
1.529090 1.129145
1.329415 1.079117
1.329428 1.077173
1.328181 1.074940
1.327905 1.074546
1.328164 1.073976
0.223182 0.763941
0.222837 0.764054
0.223308 0.763715
0.226434 0.763062
0.230386 0.760442
2.058023 1.173041
2.058031 1.173039
2.058468 1.171201
2.065162 1.169524
2.072031 1.166984
2.059697 1.169600
2.064909 1.168370
2.071788 1.165830
2.061591 1.168205
2.064598 1.167457
1.762940 1.085878
1.756662 1.084088
1.744122 1.081309
1.737859 1.080326
1.731597 1.079495
1.731342 1.079482
1.726091 1.075237
1.720491 1.071254
1.781741 1.089538
1.775475 1.088389
1.769208 1.087193
1.767237 1.086776
1.763291 1.084414
1.755013 1.083633
1.756693 1.083947
1.750386 1.082378
1.749324 1.082171
1.744356 1.079970
1.738458 1.077031
1.732659 1.073742
1.649980 1.055448
1.648535 1.056291
1.752049 1.074550
1.650751 1.054921
1.650429 1.053090
1.653797 1.053803
1.651317 1.047918
1.316228 0.961297
1.317260 0.959203
1.317042 0.959582
1.317915 0.957925
1.318108 0.954657
0.633089 0.766983
0.639326 0.766532
0.634093 0.766826
0.589150 0.754628
0.586745 0.754670
0.583863 0.750247
0.640059 0.766470
0.593104 0.754380
0.590170 0.749678
0.476145 0.721585
0.470931 0.721064
0.470173 0.719783
0.479192 0.721288
0.476966 0.717528
0.470801 0.715527
2.353857 1.163501
2.353487 1.161484
2.353150 1.159510
2.195840 1.119064
2.193843 1.115111
2.092516 1.090773
2.199169 1.117681
2.198603 1.117847
2.091194 1.090272
2.092784 1.089656
2.086223 1.088060
2.079936 1.085758
2.201952 1.116819
2.200342 1.111846
2.076745 1.084618
2.080934 1.081899
2.073652 1.083523
2.067368 1.081335
2.061084 1.079184
2.054860 1.077075
2.054800 1.077053
2.048513 1.074694
2.042224 1.072228
2.040374 1.071455
2.043223 1.068377
2.035928 1.069397
1.778587 0.997502
1.772314 0.996031
1.766032 0.993934
1.759752 0.991970
1.684466 0.972833
1.678209 0.972232
1.676097 0.972089
1.673573 0.965277
1.755060 0.990474
1.753469 0.989869
1.690717 0.973151
1.687042 0.972970
1.685402 0.968967
1.640505 0.959169
1.637669 0.960285
1.696970 0.973554
1.696747 0.973583
1.692379 0.966073
1.640666 0.959141
1.332957 0.873623
1.331876 0.874039
1.334857 0.872884
1.334343 0.867415
0.931223 0.759721
0.924952 0.758295
0.918680 0.756829
0.912407 0.755275
0.906131 0.753536
0.943755 0.762053
0.937492 0.761049
0.935505 0.760671
0.931773 0.757620
0.900098 0.751580
0.899850 0.751505
0.893570 0.749639
0.887293 0.747842
0.881010 0.745728
0.944690 0.757514
0.875948 0.743449
0.874715 0.742874
0.774302 0.715586
0.869417 0.739881
0.774756 0.715530
0.781587 0.713448
0.727810 0.703487
0.724092 0.701692
0.788315 0.711422
0.780540 0.715106
0.780520 0.715110
0.780542 0.715104
0.720315 0.699621
0.717779 0.697905
0.718980 0.694801
0.673875 0.687479
0.673199 0.687525
0.713941 0.696088
0.713088 0.689806
0.680118 0.687339
0.680030 0.687357
0.680480 0.686104
0.588126 0.663755
0.586779 0.661472
0.585125 0.661047
0.586092 0.660842
2.383411 1.066967
2.383547 1.065066
2.383856 1.063245
1.352007 0.773639
1.351449 0.773003
1.348934 0.770454
1.226456 0.737542
1.224871 0.738579
1.226846 0.737710
1.226975 0.737182
1.173180 0.723368
1.170542 0.720568
1.153375 0.718290
1.233805 0.732816
1.171527 0.721019
1.170142 0.719923
1.164655 0.715528
1.151631 0.715903
1.158592 0.713171
1.151119 0.715430
1.144818 0.712351
1.158338 0.712051
1.151516 0.712369
1.144580 0.712199
1.144848 0.712150
1.049022 0.687621
1.047263 0.685260
1.045924 0.679122
0.963308 0.663681
0.966500 0.662586
2.429645 0.923920
2.431102 0.922231
2.431055 0.922366
2.431190 0.922076
2.495224 0.845000
2.498697 0.843932
2.498662 0.843940
2.498716 0.843885
2.501992 0.842903
2.812767 0.827392
2.810081 0.827502
2.796113 0.823918
2.815155 0.826887
2.813492 0.823638
2.807477 0.821106
2.800174 0.821681
2.798017 0.822478
2.800768 0.821029
2.721595 0.802853
2.726066 0.799625
2.722502 0.801156
2.725700 0.798853
2.583791 0.763604
2.581464 0.759499
2.582780 0.761418
2.581247 0.758202
2.549113 0.751673
2.547978 0.752472
2.549950 0.751081
2.550078 0.747394
3.002951 0.766840
3.000349 0.767732
3.003525 0.766655
3.003397 0.764904
2.720491 0.687279
2.714209 0.685197
2.721671 0.682017
2.711753 0.684010
3.178969 0.713671
3.185217 0.713724
3.179905 0.713572
3.186664 0.709913
3.187168 0.713527
3.636770 0.751197
3.533610 0.723138
3.640263 0.750125
3.640171 0.750162
3.640406 0.749688
3.532539 0.722508
3.529299 0.719742
3.527749 0.717626
3.522463 0.712528
3.528540 0.712811
3.219715 0.631854
3.218509 0.632208
3.727887 0.697802
3.722857 0.692124
3.677696 0.685021
3.677434 0.685148
3.677928 0.684411
3.680268 0.683970
3.514497 0.638996
3.513842 0.639282
3.516689 0.638092
3.515388 0.634278
3.427332 0.610430
3.421478 0.607334
3.415489 0.604716
3.371503 0.598869
3.377309 0.596942
3.370104 0.596964
3.345005 0.590366
3.338739 0.589257
3.332464 0.587599
3.319915 0.584329
3.421966 0.603586
3.377559 0.594004
3.369184 0.596353
3.370194 0.596244
3.351270 0.591458
3.349238 0.591222
3.345442 0.588576
3.339846 0.584568
3.326515 0.585383
3.333091 0.584652
3.326178 0.585276
3.325396 0.585096
3.320076 0.583077
3.314120 0.580347
3.308328 0.577039
3.263405 0.567372
3.257150 0.566873
3.321412 0.576322
3.314969 0.575305
3.308996 0.572625
3.263911 0.567377
3.271189 0.563520
0.156833 0.865508
0.155260 0.865626
0.157125 0.865035
0.163069 0.864934
0.160777 0.865105
0.163528 0.864124
0.083738 0.845328
0.081908 0.843383
0.165990 0.864557
0.170051 0.862840
0.082663 0.843114
0.081728 0.841948
0.076624 0.836208
0.082121 0.841081
0.081624 0.840296
0.076733 0.833785
1.946223 1.218887
1.952694 1.216308
1.945280 1.217554
1.944303 1.216444
1.945435 1.216089
1.941663 1.213848
1.945882 1.212466
1.941425 1.211899
1.945937 1.210253
1.656519 1.134870
1.650257 1.133953
1.643994 1.132965
1.606337 1.122617
1.669040 1.136526
1.662779 1.135666
1.656895 1.134919
1.663783 1.132939
1.605084 1.121625
1.687834 1.139738
1.689346 1.135701
1.681565 1.138404
1.682660 1.135546
1.675301 1.137377
1.672607 1.137046
1.675753 1.136162
1.603138 1.119184
1.620426 1.115582
1.613724 1.115482
1.606234 1.116763
1.604740 1.117690
1.606687 1.116562
1.310746 1.038322
1.307745 1.035608
1.304965 1.033066
1.304863 1.032959
0.388567 0.776531
0.388696 0.776447
0.394801 0.775781
0.393538 0.775757
0.395334 0.774217
2.324242 1.181713
2.323432 1.183329
2.324493 1.182767
2.324287 1.181623
2.332093 1.177645
2.212616 1.152952
2.211623 1.151495
2.324397 1.179758
2.332109 1.175560
2.213622 1.151267
2.211890 1.148478
2.215671 1.149886
2.212335 1.144867
2.107381 1.122057
2.105427 1.118338
2.212888 1.140896
2.106493 1.119904
2.105023 1.117710
2.099952 1.111845
2.105255 1.117695
2.104681 1.116893
2.099490 1.111448
2.074416 1.102903
2.067893 1.102166
2.061738 1.100128
2.055941 1.096824
1.677741 1.000699
1.690247 1.001486
1.683992 1.000973
1.680392 1.000826
1.678549 0.997260
1.641067 0.990738
1.640081 0.990203
1.640702 0.988316
1.696503 1.002110
1.690514 1.001510
1.690314 1.001202
1.634902 0.987214
1.633772 0.986535
1.634200 0.985437
1.631671 0.984477
1.332506 0.903164
1.334071 0.902241
1.333064 0.899788
1.335970 0.900820
0.749854 0.730427
0.743564 0.728873
0.660838 0.711548
0.659327 0.711601
0.667074 0.711015
0.665186 0.711188
0.589893 0.691840
0.589143 0.689728
0.537373 0.676421
0.542541 0.674067
0.535271 0.674539
0.534289 0.673724
0.535501 0.673127
2.375930 1.107474
2.376169 1.105593
2.376114 1.103673
1.343703 0.813438
1.341863 0.812213
1.338249 0.810124
1.342830 0.807560
1.335552 0.808495
1.109635 0.747751
1.109921 0.747615
1.110906 0.745948
1.042946 0.728486
1.040551 0.726043
1.040431 0.725923
1.040659 0.725566
0.958972 0.704266
0.956210 0.704286
0.946711 0.701850
0.953528 0.700511
0.946435 0.701732
0.940143 0.699071
0.933875 0.697809
0.962063 0.703865
0.960010 0.699324
0.836990 0.669805
0.796045 0.659303
0.836894 0.667875
0.797968 0.657858
2.406330 0.987997
2.404770 0.985675
2.404797 0.983801
2.455502 0.881449
2.455406 0.881683
2.455568 0.881494
2.456384 0.880023
2.518007 0.821415
2.514031 0.822192
2.518296 0.821343
2.522316 0.820483
2.525903 0.815113
2.948466 0.825219
2.954718 0.825514
2.951604 0.825280
2.955573 0.823097
2.960963 0.825521
2.959914 0.825498
2.961313 0.824550
2.791473 0.776974
3.023993 0.740236
3.017723 0.738882
3.037830 0.738381
3.030243 0.740465
3.026687 0.740428
3.030739 0.739651
3.032904 0.740120
3.037241 0.738423
2.678716 0.640289
2.672456 0.639422
2.666162 0.636684
2.680297 0.639934
2.679055 0.638278
2.673423 0.634389
2.664854 0.635955
2.666499 0.635072
3.620981 0.774192
3.619643 0.774438
3.551964 0.756404
3.545670 0.753711
3.623709 0.773577
3.544849 0.753302
3.539366 0.750339
3.538129 0.749662
3.212966 0.658266
3.212678 0.658354
3.668544 0.697660
3.674281 0.695969
3.672320 0.696695
3.511129 0.652682
3.513730 0.652106
3.361663 0.604641
3.355663 0.602062
3.241196 0.575111
3.237095 0.575285
3.247449 0.575547
3.245349 0.575475
3.248100 0.573749
1.623255 1.239535
1.616970 1.237262
1.631033 1.235032
1.623867 1.236563
1.615856 1.236872
1.617043 1.236896
1.610689 1.235233
1.604420 1.233902
1.604227 1.233888
1.598893 1.229694
1.593417 1.225275
1.373817 1.162729
1.367135 1.162554
1.360346 1.162760
1.353338 1.162847
1.373696 1.161078
1.366791 1.161691
1.359569 1.161970
1.357830 1.162888
1.359752 1.162776
1.317533 1.152546
1.315654 1.150943
1.317175 1.146778
1.373543 1.159574
1.360057 1.161545
1.366522 1.160599
1.314251 1.149769
1.380009 1.158500
1.373321 1.158347
1.359855 1.159613
1.366402 1.159012
1.311936 1.147272
1.310829 1.141309
0.192050 0.832085
0.191051 0.832382
0.193177 0.828701
0.194521 0.831361
0.053966 0.793613
0.053872 0.793295
0.053386 0.791261
1.953238 1.212365
1.961005 1.208655
1.953167 1.212294
1.953255 1.212250
1.951976 1.210064
1.953473 1.209428
1.951339 1.208007
1.953643 1.206807
1.664500 1.130973
1.658236 1.129990
1.689557 1.135099
1.683288 1.133827
1.677023 1.132724
1.678383 1.128925
1.670762 1.131850
1.669195 1.131651
1.671046 1.131065
1.606496 1.115570
1.708354 1.138554
1.702088 1.137394
1.695823 1.136253
1.692013 1.135599
1.697168 1.131847
1.620507 1.115448
1.621448 1.114014
1.614249 1.114736
1.614661 1.114214
1.607988 1.113880
1.607687 1.113925
1.608034 1.113845
1.621025 1.115440
1.627827 1.113216
1.307165 1.029033
1.306691 1.028672
1.306999 1.027839
1.304115 1.026328
1.303223 1.024214
0.396526 0.771394
0.402752 0.770246
0.399275 0.770799
0.404195 0.770173
2.094346 1.161551
2.084489 1.165031
2.086862 1.164204
2.094200 1.160006
2.085393 1.163336
2.086663 1.162852
2.094042 1.158538
2.086411 1.161430
2.086277 1.161672
2.086444 1.161603
1.716156 1.061776
1.791401 1.078587
1.785134 1.077333
1.778860 1.075731
1.772578 1.073653
1.722395 1.061391
1.719772 1.061722
1.716815 1.058404
1.711462 1.053550
1.797662 1.079404
1.794554 1.079039
1.769864 1.072682
1.773107 1.071488
1.766292 1.071437
1.760010 1.069370
1.753731 1.067465
1.747454 1.065693
1.741181 1.064114
1.734911 1.062782
1.728649 1.061834
1.726510 1.061527
1.722908 1.058599
1.717140 1.055198
1.711431 1.051591
1.650506 1.042004
1.755261 1.061180
1.748572 1.061034
1.742206 1.059744
1.736075 1.057620
1.729980 1.055372
1.723876 1.053152
1.649932 1.039932
1.651472 1.038440
1.317846 0.946926
1.319126 0.945347
0.642737 0.755365
0.641108 0.755773
0.648975 0.754939
0.644843 0.754814
0.579972 0.737939
0.579431 0.738003
0.586214 0.737689
0.586039 0.737792
0.480346 0.707650
0.469978 0.707977
0.473638 0.707567
0.487306 0.704776
0.479498 0.707105
0.480078 0.706530
0.473243 0.706571
0.472169 0.706601
0.473373 0.706441
2.402824 1.044313
2.401893 1.042136
2.400719 1.040645
2.399914 1.039725
1.327690 0.739270
1.327376 0.738574
1.327416 0.739089
1.326828 0.737116
1.321737 0.733317
1.316085 0.729507
1.310211 0.726484
1.291396 0.721629
1.285029 0.720346
1.278675 0.719020
1.272205 0.718098
1.265477 0.718090
1.258325 0.718794
1.255540 0.718812
1.258590 0.718640
1.315619 0.729125
1.309706 0.726234
1.303583 0.724084
1.297329 0.722398
1.291015 0.720925
1.284675 0.719541
1.278246 0.718475
1.271649 0.718003
1.264564 0.718453
1.262550 0.718682
1.264770 0.718525
1.035048 0.656403
1.034828 0.654411
1.032320 0.653049
1.032695 0.652489
1.027110 0.648444
1.021258 0.645346
0.996224 0.638681
0.989546 0.638495
0.982137 0.640724
0.981958 0.640832
0.982209 0.640632
1.020279 0.646776
1.014430 0.643656
1.008265 0.641653
1.001837 0.640586
0.995226 0.640160
0.988377 0.640409
0.987372 0.640306
0.988479 0.640217
2.414750 0.962910
2.414937 0.962570
2.416536 0.961054
2.418086 0.959568
2.465611 0.871456
2.467080 0.869900
2.468008 0.868251
2.472733 0.864344
2.510068 0.827703
2.510271 0.827644
2.516290 0.826363
2.514169 0.826715
2.517783 0.822047
2.899441 0.831226
2.913287 0.829805
2.905692 0.831547
2.899758 0.831246
2.906384 0.830411
2.932026 0.832906
2.925439 0.832399
2.918788 0.832115
2.911943 0.831883
2.909440 0.831831
2.912171 0.831711
2.817837 0.807994
2.817295 0.808140
2.811961 0.805284
2.806012 0.802528
2.799796 0.800717
2.793460 0.799327
2.787326 0.797222
2.820445 0.807038
2.818110 0.805290
2.812896 0.799933
2.748341 0.788503
2.749118 0.787469
2.746696 0.786169
2.560478 0.735138
2.566712 0.734480
2.563231 0.735180
2.560435 0.732688
2.559251 0.734157
2.560595 0.734016
2.561811 0.732927
3.001791 0.748376
3.008030 0.747966
3.007162 0.748271
3.008942 0.745313
3.010155 0.747153
3.015690 0.743226
2.675989 0.651129
2.670043 0.648358
3.562349 0.794267
3.601484 0.798171
3.594506 0.799041
3.588206 0.797521
3.582355 0.794420
3.576533 0.791217
3.568585 0.793667
3.566252 0.794795
3.569690 0.791610
3.557825 0.792633
3.600613 0.799220
3.594134 0.798327
3.587986 0.796269
3.581753 0.794505
3.569143 0.793625
3.575401 0.793167
3.568579 0.793332
3.562295 0.791233
3.557735 0.790689
3.200477 0.691216
3.203764 0.690147
3.205431 0.687085
3.653321 0.727235
3.652146 0.727507
3.654413 0.724000
3.655576 0.726475
3.508963 0.687156
3.521490 0.689171
3.515225 0.688038
3.511064 0.687417
3.509130 0.686271
3.503711 0.681647
3.527747 0.689776
3.527543 0.689751
3.522240 0.685473
3.516170 0.683136
3.510313 0.680050
3.223143 0.605759
3.226453 0.604703
3.226448 0.604705
0.182410 0.844233
0.181231 0.844653
0.184402 0.843533
0.187413 0.842421
0.190008 0.837853
0.061272 0.809981
0.058377 0.803548
0.061545 0.808132
0.058250 0.801937
0.058216 0.800041
1.971972 1.204276
1.976207 1.202526
1.969801 1.201781
1.976659 1.198858
1.969136 1.200937
1.967992 1.199410
1.969410 1.198654
1.969679 1.195701
1.680449 1.122449
1.692956 1.123333
1.686702 1.122844
1.684675 1.122778
1.711740 1.125979
1.705474 1.124764
1.699211 1.123803
1.696011 1.123756
1.693968 1.119378
1.636458 1.107042
1.634703 1.108009
1.718006 1.127122
1.712774 1.126176
1.711979 1.125061
1.706269 1.121449
1.700682 1.117403
1.637087 1.106698
1.639601 1.105456
1.308071 1.016424
1.305829 1.013904
1.304728 1.011713
0.406164 0.759119
0.404032 0.759167
0.412409 0.759109
0.411421 0.759146
2.094474 1.162287
2.094953 1.161293
2.095441 1.159486
2.095962 1.157721
1.793094 1.072253
1.786825 1.070937
1.780545 1.069007
1.710623 1.052957
1.705782 1.049852
1.799353 1.073041
1.793368 1.072291
1.793182 1.071903
1.787603 1.067830
1.780355 1.068941
1.780584 1.068850
1.774259 1.066734
1.767976 1.064625
1.761694 1.062537
1.717778 1.051457
1.711526 1.051079
1.710748 1.051046
1.705864 1.047487
1.700361 1.043155
1.652517 1.036100
1.769643 1.057930
1.757031 1.061057
1.762381 1.059804
1.755413 1.060554
1.749133 1.058653
1.742857 1.056887
1.736584 1.055316
1.730310 1.053796
1.724040 1.052364
1.721201 1.051829
1.718061 1.049914
1.712470 1.045885
1.706816 1.042079
1.651336 1.033860
1.649733 1.031547
1.648708 1.030581
1.649142 1.029792
1.320305 0.941131
1.322307 0.938516
1.321718 0.939574
1.322998 0.937365
0.644419 0.748443
0.640527 0.749204
0.650666 0.748564
0.644772 0.748359
0.644907 0.746535
0.581653 0.730936
0.578500 0.731343
0.652181 0.742598
0.583918 0.730806
0.582512 0.727144
0.487526 0.705932
0.488216 0.704293
0.495031 0.701264
0.488629 0.702510
0.495149 0.698822
2.393738 1.054826
2.398631 1.051340
2.394460 1.053094
2.398473 1.049844
2.393543 1.050975
1.346504 0.758889
1.344690 0.756485
1.342794 0.754945
1.343433 0.753816
1.341087 0.753670
1.337895 0.747570
1.239815 0.727621
1.243472 0.724478
1.240789 0.725963
1.242970 0.724205
1.043412 0.671396
1.041495 0.669571
1.042385 0.667851
1.040741 0.668816
0.974701 0.651822
2.417392 0.956779
2.418688 0.955174
2.419740 0.953547
2.450367 0.888760
2.450003 0.886722
2.450278 0.884894
2.455115 0.881055
2.788798 0.864468
2.790549 0.863265
2.786491 0.861938
2.790619 0.860947
2.783790 0.860482
2.777500 0.857967
2.771233 0.856776
2.764976 0.856161
2.763243 0.855967
2.759334 0.852585
2.790893 0.857955
2.784227 0.857725
2.777707 0.856978
2.771883 0.853774
2.766291 0.849749
2.620596 0.814827
2.620859 0.814593
2.615012 0.811474
2.622832 0.814146
2.627957 0.811259
2.617171 0.812688
2.614949 0.809652
2.539008 0.792523
2.538839 0.792550
2.540245 0.788237
2.542835 0.791669
2.980302 0.804631
2.979055 0.804689
2.981368 0.801276
2.986540 0.804210
2.984755 0.804241
2.724066 0.733432
2.729193 0.732033
2.727279 0.732315
2.730800 0.727192
2.680407 0.720279
2.680271 0.718323
2.678967 0.717187
3.146666 0.734350
3.139661 0.735316
3.133495 0.733328
3.127705 0.730009
3.121557 0.727957
3.115043 0.727192
3.107732 0.727249
3.108295 0.727255
3.088934 0.723780
3.146250 0.733775
3.139102 0.735248
3.133379 0.731686
3.127408 0.729000
3.120937 0.728080
3.113996 0.728208
3.108024 0.727253
3.114311 0.727711
3.105224 0.726534
3.101456 0.725517
3.101492 0.725442
3.095178 0.723662
3.093442 0.723506
3.095521 0.722757
3.609653 0.792863
3.609341 0.793006
3.610561 0.789895
3.565734 0.781688
3.559436 0.778662
3.612592 0.791926
3.558012 0.777893
3.553137 0.775579
3.550116 0.773958
3.547702 0.770098
3.207925 0.679300
3.208960 0.678610
3.662960 0.715047
3.661993 0.715252
3.664298 0.710806
3.506052 0.671614
3.506714 0.671515
3.507163 0.667407
3.229834 0.591850
3.228351 0.592315
3.468110 0.582340
3.461847 0.581370
3.455573 0.579747
3.449297 0.578079
3.443019 0.576238
3.436726 0.573562
3.468496 0.579847
3.462745 0.576380
3.456669 0.574062
3.450325 0.572696
3.443781 0.572035
3.435932 0.572999
3.436903 0.572553
3.330818 0.544064
3.330022 0.543658
3.329446 0.543712
3.330078 0.543672
1.610442 1.236435
1.604396 1.234021
1.352934 1.163085
1.346315 1.162689
1.339818 1.161866
1.333428 1.160663
1.327217 1.158834
1.321335 1.155837
1.359503 1.161616
1.352669 1.161981
1.346063 1.161538
1.339604 1.160578
1.333245 1.159262
1.327036 1.157422
1.321033 1.154846
1.315429 1.150872
1.359493 1.159646
1.352633 1.160100
1.346026 1.159658
1.339544 1.158778
1.333161 1.157552
1.326921 1.155811
1.320868 1.153413
1.315110 1.149970
0.190333 0.836972
0.187681 0.837943
0.190731 0.836828
0.058100 0.802748
0.057782 0.800728
0.053923 0.793448
0.057691 0.798816
0.053701 0.792201
1.997183 1.189531
1.999886 1.188156
1.995732 1.187234
2.000090 1.185382
2.007052 1.182541
1.997593 1.185820
1.999610 1.185057
1.698051 1.105335
1.723112 1.109781
1.716849 1.108808
1.710581 1.107502
1.711764 1.104090
1.704312 1.106210
1.700824 1.105709
1.704864 1.104683
1.748181 1.114702
1.741916 1.113550
1.735646 1.112193
1.729377 1.110811
1.725682 1.110174
1.730773 1.106208
1.641531 1.087809
1.638732 1.087832
1.647781 1.088064
1.647124 1.088068
1.648525 1.085621
1.653355 1.087791
1.654373 1.086732
1.313618 0.996633
1.313277 0.994605
1.313276 0.992704
0.461463 0.754672
0.461544 0.754657
0.468761 0.752638
0.461377 0.754615
0.411238 0.739964
0.464387 0.753458
0.468076 0.752992
0.459001 0.752073
0.455139 0.750219
0.455766 0.748922
0.448863 0.748473
0.449564 0.747059
0.442591 0.747043
0.443103 0.746104
0.437584 0.741829
0.417482 0.739899
0.411924 0.739980
0.438101 0.744804
0.436694 0.742940
0.419043 0.739897
2.295176 1.193286
2.283940 1.194411
2.288193 1.194173
2.301976 1.190965
2.294849 1.192369
2.287788 1.192355
2.286201 1.193047
2.287960 1.192922
2.233183 1.179439
2.231582 1.178115
2.226170 1.173467
2.301525 1.190519
2.289038 1.191868
2.294502 1.191552
2.232999 1.177458
2.231535 1.176218
2.226177 1.171372
2.301315 1.189258
2.232782 1.175500
2.231487 1.174357
2.226241 1.169105
2.109030 1.143693
2.226405 1.166520
2.109292 1.141835
2.109408 1.139975
1.678957 1.022372
1.672691 1.021294
1.653856 1.015675
1.791865 1.049868
1.785590 1.048185
1.779310 1.046295
1.773030 1.044303
1.691466 1.023332
1.685212 1.022904
1.683298 1.022784
1.679834 1.018531
1.651449 1.014614
1.647557 1.012634
1.780738 1.040485
1.703982 1.024724
1.697720 1.023836
1.693758 1.023556
1.691944 1.021250
1.644708 1.010945
1.641254 1.008154
1.641232 1.008133
1.641244 1.008108
1.331142 0.922700
1.332349 0.921098
1.334826 0.917330
0.649494 0.729351
0.646951 0.729639
0.655733 0.728953
0.651770 0.728947
0.582536 0.711164
0.584626 0.709777
0.513946 0.691620
0.518590 0.689392
0.512189 0.689246
0.519090 0.685571
0.511363 0.688178
2.403247 1.029630
2.401662 1.027298
2.400197 1.025033
2.423621 0.937164
2.424336 0.935413
2.425263 0.933761
2.769533 0.866164
2.529368 0.804605
2.528734 0.804748
2.530046 0.802542
2.535592 0.803392
2.532986 0.803907
2.962685 0.820811
2.958823 0.820710
2.968924 0.820476
2.966052 0.820639
2.970413 0.816181
2.700675 0.738496
2.694227 0.737493
2.687749 0.736604
2.681300 0.735606
2.675331 0.732917
3.099926 0.733530
3.099791 0.733366
3.099885 0.733172
3.093494 0.730513
3.094239 0.729348
3.107680 0.727358
3.099736 0.730267
3.093476 0.729472
3.092544 0.729708
3.601691 0.797868
3.576589 0.791171
3.570319 0.789781
3.602698 0.797726
3.560620 0.786929
3.565396 0.783025
3.607918 0.796811
3.607063 0.796945
3.608302 0.795833
3.560218 0.784892
3.558600 0.781184
3.558133 0.780814
3.552569 0.776689
3.206217 0.684782
3.204309 0.685778
3.206687 0.684460
3.720808 0.689859
3.717875 0.685955
3.681745 0.679832
3.687293 0.675129
3.717693 0.687165
3.717006 0.686832
3.717148 0.686498
3.711815 0.681548
3.706050 0.678134
3.693293 0.675644
3.685638 0.678907
3.685628 0.678907
3.685642 0.678898
3.516145 0.630209
3.514238 0.631025
3.511165 0.625423
3.409476 0.602318
3.432205 0.608028
3.415731 0.602867
3.409844 0.602285
3.409505 0.602078
3.403861 0.598247
3.397774 0.595978
3.391259 0.595220
3.384056 0.595669
3.384418 0.595609
3.429251 0.601624
3.421988 0.603450
3.421548 0.603393
3.416230 0.600066
3.410278 0.597311
3.404460 0.594082
3.398345 0.591908
3.391752 0.591423
3.381014 0.592958
3.384781 0.592270
3.346676 0.582866
3.340416 0.582025
3.341230 0.579689
3.334138 0.580155
3.335198 0.577224
3.327850 0.577841
3.302773 0.572476
3.271380 0.563178
3.350018 0.583097
3.323398 0.576240
3.321563 0.575456
3.309018 0.572416
3.308738 0.572468
3.303324 0.568884
3.297235 0.566617
3.291062 0.564652
3.284729 0.563244
3.272398 0.563129
3.278189 0.562572
3.271356 0.561823
3.285508 0.558462
3.278647 0.558923
3.270757 0.560807
3.271462 0.560530
