0.499205 0.595846
0.068533 0.970332
0.082337 0.971618
0.069125 0.970205
0.075411 0.970909
0.088604 0.970376
0.081670 0.969635
0.074771 0.969030
0.074673 0.969050
0.074782 0.969062
0.094817 0.968978
0.087951 0.968487
0.080229 0.967938
0.081089 0.968011
0.579894 0.918860
0.573136 0.918772
0.566379 0.918686
0.559492 0.918292
0.556093 0.919085
0.559700 0.918888
0.586072 0.917282
0.579303 0.917147
0.572518 0.916958
0.565739 0.916876
0.564469 0.917158
0.565817 0.917083
0.592379 0.916228
0.585618 0.916123
0.578811 0.915850
0.571202 0.915722
0.572033 0.915683
0.816617 0.922573
0.836669 0.922217
0.829117 0.919675
0.829910 0.922125
0.822869 0.921092
0.820954 0.921537
0.823075 0.921749
0.849627 0.920820
0.842778 0.920393
0.835367 0.918265
0.829125 0.919674
0.835959 0.920075
0.960260 0.930870
0.980335 0.930585
0.973652 0.930771
0.966507 0.929439
0.963565 0.930101
0.966852 0.930525
0.993070 0.928366
0.986356 0.928437
0.979011 0.926564
0.979648 0.928530
0.972758 0.928000
0.971898 0.928197
0.972848 0.928282
1.408955 0.896759
1.402618 0.898222
1.396366 0.899997
1.415184 0.895360
1.408820 0.896720
1.402522 0.898327
1.396297 0.900200
1.390131 0.902297
1.251610 0.933019
1.257604 0.935029
1.250392 0.933565
1.415089 0.895519
1.408750 0.896972
1.402487 0.898707
1.396291 0.900686
1.249801 0.933863
1.250592 0.934487
1.618420 0.899464
1.611628 0.899245
1.602283 0.898528
1.604757 0.898740
1.618421 0.899932
1.611650 0.899793
1.601516 0.899069
1.604813 0.899410
1.618455 0.900571
1.611690 0.900455
1.600433 0.899743
1.604891 0.900216
1.971700 0.886106
2.004543 0.883195
1.997890 0.883490
1.991275 0.883929
1.984217 0.883042
1.984701 0.884513
1.977960 0.884564
1.975753 0.885103
1.978085 0.884948
2.010678 0.881478
2.003948 0.881490
1.997262 0.881665
1.990473 0.881554
1.988485 0.882020
1.990602 0.881932
2.276117 0.891300
2.296155 0.890874
2.289350 0.890610
2.282368 0.889839
2.279505 0.890506
2.282614 0.890600
2.309087 0.889401
2.302230 0.888941
2.295437 0.888722
2.288618 0.888412
2.288557 0.888426
2.288624 0.888428
2.662119 0.874259
2.676180 0.876498
2.662430 0.874202
2.669289 0.875911
2.675686 0.875142
2.668341 0.873104
2.666549 0.873427
2.668639 0.873983
2.682102 0.874488
2.671228 0.872550
2.675036 0.873265
2.942617 0.865738
3.000729 0.856634
2.994250 0.857569
2.987777 0.858529
2.981280 0.859404
2.974829 0.860443
2.968422 0.861652
2.961402 0.861064
2.962019 0.862869
2.955141 0.862615
2.955566 0.863898
2.948877 0.864190
2.944689 0.865232
2.949068 0.864770
3.006836 0.854815
3.000292 0.855510
2.993752 0.856223
2.987244 0.857055
2.980770 0.858009
2.974337 0.859117
2.967663 0.859516
2.961766 0.860974
2.967883 0.860147
3.719752 0.875716
3.709139 0.873685
3.712720 0.874617
3.719738 0.876126
3.710069 0.873761
3.712531 0.874376
3.719696 0.876481
3.710934 0.873905
3.712354 0.874238
0.528273 0.602977
0.534510 0.601664
0.532297 0.602061
0.499319 0.610965
0.504333 0.614261
0.496862 0.611870
0.536139 0.601398
0.495876 0.612260
0.497125 0.613007
0.688402 0.921724
0.681625 0.921560
0.674642 0.920825
0.672874 0.921174
0.674816 0.921283
0.694828 0.921064
0.688049 0.920895
0.680869 0.919666
0.677202 0.920343
0.681239 0.920611
0.701109 0.919911
0.694413 0.920051
0.681654 0.919526
0.687652 0.919947
0.939729 0.929788
0.959967 0.929966
0.953265 0.930081
0.945977 0.928353
0.940349 0.929646
0.946552 0.930154
0.966072 0.928126
0.958485 0.925447
0.959360 0.928207
0.952230 0.926900
0.949104 0.927627
0.952557 0.927946
1.468472 0.892762
1.461706 0.892642
1.451105 0.892278
1.454850 0.892187
1.278919 0.938977
1.474995 0.892451
1.468302 0.892598
1.461500 0.892346
1.454582 0.891679
1.454525 0.891685
1.454588 0.891684
1.283463 0.937868
1.278902 0.939147
1.277464 0.939489
1.278965 0.939317
1.474839 0.892389
1.468123 0.892451
1.456069 0.891648
1.461309 0.892151
0.520300 0.598419
0.526552 0.596941
0.525778 0.597097
0.526756 0.597620
0.495916 0.605160
0.495182 0.605410
0.533902 0.599650
0.491811 0.606636
0.512071 0.917054
0.505254 0.916746
0.498458 0.916514
0.491667 0.916316
0.491516 0.916347
0.491679 0.916347
0.518334 0.915786
0.511538 0.915557
0.504758 0.915383
0.497902 0.915029
0.497024 0.915193
0.497973 0.915190
0.524661 0.914800
0.517833 0.914454
0.511100 0.914452
0.501387 0.914396
0.504342 0.914362
0.715709 0.922957
0.736072 0.923707
0.729314 0.923615
0.721945 0.921640
0.717318 0.922622
0.722384 0.922889
0.742181 0.921875
0.735449 0.921878
0.728189 0.920277
0.723089 0.921403
0.728709 0.921854
0.754948 0.919812
0.748238 0.919903
0.741422 0.919594
0.731267 0.919582
0.734705 0.919657
1.075405 0.933462
1.095568 0.933418
1.088826 0.933385
1.081643 0.932149
1.076463 0.933239
1.082074 0.933316
1.101899 0.932414
1.095153 0.932366
1.082263 0.932022
1.088368 0.932176
1.597881 0.898207
1.591090 0.897995
1.579942 0.897836
1.584362 0.898020
1.597890 0.898709
1.591131 0.898617
1.579195 0.898371
1.584418 0.898689
1.597949 0.899443
1.591179 0.899306
1.578330 0.898986
1.584455 0.899340
2.004772 0.883874
2.024870 0.883661
2.018086 0.883475
2.011021 0.882432
2.008015 0.883116
2.011278 0.883203
2.031082 0.882229
2.024305 0.882067
2.017264 0.881095
2.015269 0.881514
2.017463 0.881668
2.337689 0.894749
2.357744 0.894526
2.350942 0.894275
2.343932 0.893368
2.342228 0.893744
2.344109 0.893903
2.363892 0.892867
2.357103 0.892660
2.350175 0.892025
2.349051 0.892266
2.350296 0.892385
2.835437 0.867791
2.862138 0.866995
2.855528 0.867448
2.848867 0.867715
2.841682 0.866395
2.836316 0.867596
2.842136 0.867724
2.868228 0.865102
2.861592 0.865459
2.854966 0.865854
2.847928 0.865024
2.843694 0.865951
2.848285 0.866050
3.204291 0.862335
3.231000 0.861579
3.224399 0.862067
3.217715 0.862248
3.204891 0.862220
3.210957 0.862152
3.237274 0.860379
3.230697 0.860955
3.224062 0.861317
3.217333 0.861333
3.210518 0.861165
3.209319 0.861388
3.210609 0.861368
0.519499 0.595687
0.512293 0.594202
0.512672 0.595341
0.506032 0.595746
0.506125 0.596032
0.499755 0.597478
0.499994 0.598250
0.494146 0.599286
0.493598 0.599999
0.260682 0.958709
0.425354 0.920530
0.418967 0.921804
0.412649 0.923338
0.406359 0.924976
0.400110 0.926762
0.393937 0.928826
0.387852 0.931218
0.337485 0.944130
0.330937 0.944815
0.324477 0.945820
0.318023 0.946854
0.311593 0.947973
0.305216 0.949287
0.298837 0.950593
0.292505 0.952074
0.286177 0.953570
0.279837 0.955020
0.273482 0.956418
0.266927 0.957319
0.264088 0.957909
0.267042 0.957498
0.431570 0.919133
0.425161 0.920324
0.418785 0.921640
0.412448 0.923101
0.406113 0.924571
0.399815 0.926176
0.393591 0.928056
0.387461 0.930278
0.381353 0.932585
0.343748 0.942890
0.337200 0.943575
0.330676 0.944345
0.324192 0.945262
0.317721 0.946234
0.311295 0.947363
0.304913 0.948659
0.298547 0.950011
0.292240 0.951587
0.285929 0.953143
0.279443 0.954302
0.279591 0.954602
0.273180 0.955872
0.270976 0.956404
0.273236 0.955995
0.667986 0.920925
0.661235 0.920862
0.654106 0.919800
0.650383 0.920522
0.654477 0.920770
0.674387 0.920171
0.667602 0.919983
0.654816 0.919662
0.660856 0.919932
0.680791 0.919473
0.673988 0.919217
0.667224 0.919105
0.659469 0.918791
0.660416 0.918828
1.221937 0.927432
1.234815 0.925477
1.228191 0.925931
1.227092 0.926191
1.228221 0.925990
1.231770 0.925285
1.234605 0.925189
1.673791 0.905013
1.666900 0.904432
1.658844 0.903430
1.659941 0.903602
1.673691 0.905115
1.666841 0.904679
1.659764 0.903806
1.659575 0.903567
1.659815 0.903599
1.673637 0.905428
1.659820 0.903882
1.666809 0.905078
2.086857 0.888588
2.107211 0.889352
2.100304 0.888711
2.093101 0.887197
2.089771 0.887938
2.093446 0.888252
2.113307 0.887490
2.106434 0.886977
2.099347 0.885829
2.097017 0.886341
2.099593 0.886577
0.529964 0.609325
0.536203 0.608002
0.532187 0.608815
0.530317 0.610758
0.524504 0.614153
0.518339 0.616254
0.507026 0.615609
0.511821 0.617049
0.504826 0.616539
0.537228 0.607824
0.536499 0.609225
0.531230 0.614627
0.525164 0.617089
0.518808 0.618476
0.512145 0.618739
0.504694 0.616602
0.504851 0.616668
1.495628 0.893588
1.488953 0.893801
1.482161 0.893584
1.475130 0.892595
1.474543 0.892673
1.475189 0.892702
1.495486 0.893528
1.488785 0.893644
1.476323 0.892525
1.481957 0.893293
1.495321 0.893431
1.488563 0.893340
1.477837 0.892495
1.481719 0.892931
1.839420 0.894962
1.878664 0.890770
1.872125 0.891492
1.865621 0.892333
1.859028 0.892852
1.852411 0.893285
1.845677 0.893450
1.841918 0.894342
1.845866 0.893979
1.884856 0.889255
1.878316 0.889971
1.871839 0.890915
1.865281 0.891561
1.858605 0.891774
1.851926 0.892021
1.851357 0.892139
1.851958 0.892090
2.189450 0.894608
2.183195 0.896109
2.216051 0.893439
2.209504 0.894125
2.201967 0.891548
2.202899 0.894600
2.195707 0.893095
2.190772 0.894291
2.196130 0.894470
2.234710 0.888248
2.228129 0.888812
2.221570 0.889456
2.214494 0.888406
2.215006 0.890078
2.208231 0.889969
2.206471 0.890412
2.208333 0.890299
2.696789 0.878002
2.690149 0.878347
2.678072 0.876705
2.683244 0.877712
2.696573 0.877678
2.689892 0.877873
2.682597 0.875873
2.681835 0.876024
2.682734 0.876301
2.702954 0.876896
2.696395 0.877537
2.686642 0.875112
2.689361 0.876430
3.588870 0.864832
3.582131 0.864812
3.571314 0.863828
3.575223 0.864165
3.588713 0.864714
3.581939 0.864564
3.574811 0.863497
3.573319 0.863613
3.574988 0.863760
3.595269 0.864569
3.588541 0.864591
3.575167 0.863490
3.581740 0.864340
0.068458 0.970097
0.061446 0.969072
0.054271 0.967617
0.052350 0.968009
0.054511 0.968325
0.067779 0.968070
0.060506 0.966364
0.057441 0.966979
0.060864 0.967400
0.074099 0.967067
0.062985 0.965870
0.067173 0.966355
0.736228 0.924154
0.756406 0.924204
0.749672 0.924200
0.742472 0.922748
0.737883 0.923793
0.742963 0.924288
0.769119 0.921896
0.762401 0.921947
0.754974 0.919887
0.755631 0.921815
0.748723 0.921313
0.746107 0.921913
0.748972 0.922088
0.781729 0.919255
0.775115 0.919697
0.768429 0.919868
0.755414 0.919788
0.761680 0.919807
1.182585 0.931410
1.221809 0.927174
1.215125 0.927354
1.208572 0.928025
1.202041 0.928767
1.195537 0.929613
1.188834 0.929976
1.184440 0.930982
1.189029 0.930447
1.227980 0.925591
1.221478 0.926442
1.214730 0.926386
1.208193 0.927112
1.201683 0.927938
1.195083 0.928572
1.192656 0.929118
1.195195 0.928837
1.729127 0.910436
1.722342 0.910246
1.711948 0.909265
1.715453 0.909670
1.791972 0.894350
1.785594 0.895660
1.779284 0.897221
1.773013 0.898930
1.766734 0.900600
1.760497 0.902432
1.754393 0.904753
1.735542 0.909729
1.728963 0.910300
1.722209 0.910221
1.715051 0.909059
1.712939 0.909332
1.715294 0.909553
1.772638 0.898067
1.766404 0.899906
1.760253 0.902052
1.754203 0.904574
1.735388 0.909678
1.728692 0.909815
1.715756 0.908952
1.721850 0.909415
1.149510 0.933676
1.182510 0.931233
1.175956 0.931898
1.169402 0.932558
1.162831 0.933156
1.149679 0.933644
1.156183 0.933474
1.188675 0.929627
1.182144 0.930370
1.175587 0.931022
1.169026 0.931657
1.162439 0.932198
1.155746 0.932392
1.155218 0.932500
1.155786 0.932491
1.806352 0.897165
1.800086 0.898787
1.774987 0.905588
1.839323 0.894677
1.832763 0.895317
1.826230 0.896059
1.818876 0.894021
1.819619 0.896507
1.812614 0.895585
1.809919 0.896258
1.812869 0.896445
1.845430 0.892845
1.838835 0.893357
1.832133 0.893474
1.825130 0.892537
1.824264 0.892729
1.825240 0.892885
2.168933 0.893380
2.189317 0.894173
2.181441 0.890432
2.182418 0.893562
2.175187 0.891902
2.171381 0.892802
2.175550 0.893064
2.201721 0.890747
2.195034 0.890916
2.187697 0.888951
2.181800 0.890348
2.188244 0.890708
2.662070 0.874123
2.655042 0.873035
2.647858 0.871514
2.646538 0.871770
2.648078 0.872182
2.661467 0.872362
2.654086 0.870329
2.650960 0.870912
2.654558 0.871716
2.667993 0.872120
2.655681 0.870025
2.660916 0.870852
3.101689 0.856398
3.121995 0.856877
3.115180 0.856580
3.107926 0.855114
3.102865 0.856146
3.108382 0.856342
3.128306 0.855818
3.121492 0.855519
3.108311 0.855037
3.114671 0.855199
0.136376 0.972136
0.181872 0.966214
0.175272 0.966709
0.168777 0.967587
0.162301 0.968536
0.155847 0.969565
0.149377 0.970540
0.142624 0.970703
0.138467 0.971655
0.142836 0.971250
0.188072 0.964731
0.181420 0.965028
0.174849 0.965626
0.168367 0.966552
0.161914 0.967589
0.155126 0.967848
0.155444 0.968560
0.148875 0.969257
0.147302 0.969615
0.148942 0.969412
0.627291 0.919835
0.620491 0.919592
0.613746 0.919546
0.606808 0.918948
0.604995 0.919328
0.606967 0.919378
0.626850 0.918677
0.620095 0.918601
0.613038 0.917743
0.609932 0.918331
0.613321 0.918449
0.633229 0.917887
0.626450 0.917720
0.614526 0.917475
0.619700 0.917658
0.878171 0.926197
0.891906 0.927277
0.884417 0.924788
0.879753 0.925834
0.884986 0.926588
0.904762 0.925504
0.898012 0.925440
0.890664 0.923403
0.887105 0.924192
0.891119 0.924849
1.075325 0.933259
1.068584 0.933228
1.061773 0.932943
1.054870 0.932420
1.053778 0.932641
1.054976 0.932708
1.081595 0.932027
1.074917 0.932231
1.068091 0.931890
1.061105 0.931155
1.059100 0.931551
1.061287 0.931627
0.464779 0.916468
0.458045 0.916468
0.451431 0.916908
0.444914 0.917703
0.438414 0.918563
0.431979 0.919669
0.425516 0.920857
0.425595 0.920954
0.419256 0.922415
0.419258 0.922419
0.412982 0.924112
0.412986 0.924118
0.406702 0.925850
0.406742 0.925929
0.400423 0.927598
0.400512 0.927787
0.394140 0.929376
0.394302 0.929716
0.387852 0.931217
0.388104 0.931693
0.381903 0.933657
0.375694 0.935593
0.337682 0.944536
0.471078 0.915328
0.464306 0.915190
0.457681 0.915591
0.451161 0.916374
0.444676 0.917289
0.438198 0.918233
0.431765 0.919416
0.430666 0.919660
0.431788 0.919428
0.387852 0.931218
0.381560 0.933091
0.381676 0.933276
0.375503 0.935342
0.369324 0.937388
0.363105 0.939287
0.356792 0.940837
0.350415 0.942147
0.343919 0.943228
0.341457 0.943743
0.343992 0.943295
0.470813 0.914868
0.464081 0.914870
0.457496 0.915417
0.450987 0.916245
0.444497 0.917139
0.438007 0.918107
0.436966 0.918335
0.438032 0.918129
0.376377 0.934682
0.375266 0.935022
0.375291 0.935061
0.369130 0.937170
0.362914 0.939078
0.356611 0.940665
0.350161 0.941903
0.347193 0.942557
0.350243 0.942012
0.789596 0.922439
0.783030 0.923059
0.776433 0.923563
0.769261 0.922304
0.769846 0.924102
0.763006 0.923799
0.761033 0.924267
0.763190 0.924388
0.802224 0.919825
0.795607 0.920253
0.789011 0.920758
0.781771 0.919368
0.782413 0.921258
0.775515 0.920826
0.771713 0.921725
0.775793 0.921676
0.782523 0.919195
0.788401 0.919026
1.007415 0.931124
1.000670 0.931085
0.993291 0.929043
0.993956 0.931158
0.987038 0.930518
0.986243 0.930702
0.987123 0.930786
1.013533 0.929337
1.006741 0.929119
0.999541 0.927627
0.996008 0.928412
0.999911 0.928763
1.516175 0.894867
1.509487 0.895034
1.495979 0.893610
1.502602 0.894473
1.516105 0.895076
1.509369 0.895061
1.497151 0.893625
1.502436 0.894326
1.515975 0.895106
1.509179 0.894874
1.498751 0.893573
1.502199 0.893966
0.033629 0.965809
0.033005 0.963983
0.046234 0.963629
0.039232 0.962639
0.032360 0.962124
0.512195 0.917429
0.532601 0.918272
0.525742 0.917807
0.518436 0.916077
0.513447 0.917150
0.518867 0.917287
0.538814 0.916820
0.531995 0.916503
0.524671 0.914828
0.519406 0.915875
0.525146 0.916076
0.545035 0.915442
0.538230 0.915185
0.524772 0.914807
0.531410 0.914861
0.857327 0.923914
0.849638 0.920854
0.850463 0.923426
0.843391 0.922265
0.841925 0.922598
0.843578 0.922869
0.863449 0.922133
0.855884 0.919488
0.849754 0.920829
0.856608 0.921737
1.242449 0.928698
1.250187 0.932506
1.242180 0.928841
1.242512 0.929032
1.242060 0.929229
1.242532 0.929596
1.687695 0.906625
1.676581 0.905366
1.680795 0.906013
1.694515 0.907416
1.687637 0.906881
1.677178 0.905538
1.680702 0.906136
1.694396 0.907491
1.687573 0.907160
1.677584 0.905809
1.680587 0.906227
2.148411 0.892213
2.168688 0.892590
2.161851 0.892209
2.154664 0.890741
2.150271 0.891777
2.155054 0.891976
2.181406 0.890322
2.174569 0.889937
2.167174 0.887798
2.167728 0.889540
2.160918 0.889275
2.160534 0.889366
2.160951 0.889379
2.594069 0.871655
2.587603 0.872642
2.581170 0.873753
2.574755 0.874924
2.568359 0.876168
2.561972 0.877447
2.555583 0.878719
2.549189 0.879970
2.542362 0.879975
2.542777 0.881156
2.536099 0.881561
2.536340 0.882249
2.529839 0.883120
2.529354 0.883241
2.529856 0.883170
2.606765 0.869281
2.600218 0.869969
2.593694 0.870741
2.587208 0.871650
2.580719 0.872556
2.574275 0.873619
2.567423 0.873606
2.567852 0.874767
2.561157 0.875197
2.561452 0.875994
2.554892 0.876790
2.555053 0.877229
2.548626 0.878386
2.547463 0.878680
2.548656 0.878469
2.606521 0.868898
2.599979 0.869601
2.593434 0.870298
2.586889 0.870991
2.580323 0.871609
2.570212 0.872921
2.573794 0.872362
3.027595 0.856088
3.054128 0.854910
3.047369 0.854816
3.040658 0.854897
3.033842 0.854650
3.032772 0.854898
3.033918 0.854869
3.060396 0.853686
3.053597 0.853445
3.046878 0.853493
3.040086 0.853296
3.039826 0.853353
3.040107 0.853359
3.317739 0.858648
3.311079 0.858920
3.304435 0.859246
3.297751 0.859431
3.290933 0.859285
3.289243 0.859619
3.291059 0.859581
3.317438 0.858042
3.310790 0.858355
3.304124 0.858600
3.293992 0.858704
3.297410 0.858672
3.547887 0.862682
3.541114 0.862532
3.530276 0.861460
3.534207 0.861895
3.547733 0.862570
3.540947 0.862378
3.531532 0.861447
3.534034 0.861714
3.547586 0.862541
3.540779 0.862266
3.532956 0.861437
3.533847 0.861533
0.221339 0.962622
0.260492 0.958176
0.253923 0.958783
0.247361 0.959414
0.240809 0.960081
0.234269 0.960795
0.227581 0.961246
0.223641 0.962105
0.227737 0.961537
0.266763 0.956955
0.260204 0.957601
0.253657 0.958285
0.247097 0.958925
0.240536 0.959561
0.233822 0.959936
0.229924 0.960761
0.233996 0.960273
0.939679 0.929638
0.932990 0.929801
0.925453 0.927212
0.926234 0.929719
0.919201 0.928676
0.917936 0.928973
0.919342 0.929134
0.945744 0.927652
0.939059 0.927829
0.931705 0.925784
0.927367 0.926771
0.932231 0.927481
1.448189 0.892454
1.441498 0.892609
1.434853 0.892936
1.428313 0.893650
1.421827 0.894562
1.415254 0.895429
1.411118 0.896352
1.415374 0.895598
1.391109 0.901756
1.390158 0.902193
1.390198 0.902082
1.384078 0.904346
1.377932 0.906514
1.447965 0.892095
1.441239 0.892121
1.434644 0.892630
1.428126 0.893424
1.417522 0.894951
1.421624 0.894279
1.390130 0.902492
1.389432 0.902534
1.384007 0.904541
1.377878 0.906773
1.371813 0.909237
1.365759 0.911743
1.359690 0.914197
1.353580 0.916496
1.347451 0.918728
1.341288 0.920829
1.335006 0.922495
1.328606 0.923722
1.322142 0.924718
1.315655 0.925628
1.309280 0.926947
1.303144 0.929152
1.297138 0.931837
1.291144 0.934565
1.285158 0.937320
1.272413 0.939983
1.262678 0.936756
1.265109 0.937878
1.258355 0.938248
1.454434 0.891629
1.447803 0.892004
1.441094 0.892096
1.434524 0.892699
1.428005 0.893488
1.420654 0.894481
1.421501 0.894334
1.391093 0.902457
1.390135 0.902814
1.384008 0.905050
1.377913 0.907403
1.371854 0.909891
1.365754 0.912225
1.359600 0.914361
1.353404 0.916346
1.347190 0.918261
1.340960 0.920115
1.334615 0.921548
1.328201 0.922723
1.321754 0.923778
1.315316 0.924870
1.308944 0.926199
1.302808 0.928401
1.296832 0.931195
1.290856 0.933989
1.284749 0.936299
1.278513 0.938134
1.272301 0.940057
1.265642 0.940326
1.257937 0.938389
1.258437 0.938589
0.136234 0.971734
0.129602 0.972106
0.122950 0.972408
0.115814 0.971371
0.116287 0.972669
0.109569 0.972752
0.109155 0.972845
0.109598 0.972833
0.142367 0.969996
0.135788 0.970566
0.129160 0.970952
0.122058 0.970027
0.116218 0.971282
0.122471 0.971117
0.148480 0.968232
0.141938 0.968935
0.135340 0.969436
0.123231 0.969777
0.128648 0.969587
0.627344 0.919987
0.647626 0.920334
0.640848 0.920170
0.627859 0.919879
0.634112 0.920159
0.654038 0.919621
0.647219 0.919306
0.640488 0.919310
0.633573 0.918773
0.632262 0.919027
0.633696 0.919094
0.653602 0.918528
0.646831 0.918392
0.636924 0.918153
0.640080 0.918321
0.912563 0.928964
0.904932 0.926029
0.905751 0.928673
0.898682 0.927471
0.898099 0.927604
0.898760 0.927719
0.925289 0.926707
0.918575 0.926780
0.911180 0.924630
0.906792 0.925602
0.911734 0.926382
2.640973 0.870808
2.633600 0.868752
2.630177 0.869463
2.634017 0.869990
2.647466 0.870393
2.635288 0.868419
2.640410 0.869203
2.653910 0.869847
2.646840 0.868604
2.639672 0.867623
2.639847 0.867647
3.691485 0.870793
3.684552 0.870056
3.677461 0.868906
3.676744 0.868981
3.677571 0.869145
3.691276 0.870487
3.678617 0.868805
3.684377 0.869873
3.691073 0.870246
3.680788 0.868597
3.684125 0.869455
0.181992 0.966548
0.221199 0.962255
0.214568 0.962637
0.207994 0.963220
0.201435 0.963865
0.194890 0.964562
0.188238 0.965146
0.183982 0.966090
0.188403 0.965470
0.227424 0.960867
0.220829 0.961377
0.214219 0.961831
0.207650 0.962436
0.201139 0.963254
0.194475 0.963875
0.190731 0.964616
0.194642 0.964128
0.789819 0.923117
0.816269 0.921483
0.809604 0.921734
0.802328 0.920122
0.802943 0.921999
0.796075 0.921591
0.794030 0.922082
0.796218 0.922031
0.829116 0.919673
0.822324 0.919455
0.815591 0.919455
0.808583 0.918649
0.804092 0.919707
0.808910 0.919647
1.007569 0.931600
1.027753 0.931636
1.020971 0.931457
1.013818 0.930173
1.009391 0.931177
1.014222 0.931399
1.034050 0.930510
1.027188 0.930031
1.020063 0.928800
1.017247 0.929402
1.020332 0.929579
1.516183 0.894842
1.530173 0.896827
1.516218 0.894869
1.523157 0.895785
1.530173 0.897291
1.516560 0.895110
1.523130 0.896150
1.530093 0.897508
1.517455 0.895248
1.523037 0.896319
1.938522 0.888039
1.931869 0.888332
1.925245 0.888734
1.918607 0.889088
1.911819 0.888994
1.910052 0.889393
1.911945 0.889350
1.944583 0.886041
1.937960 0.886448
1.931354 0.886916
1.924766 0.887452
1.918064 0.887621
1.917268 0.887795
1.918123 0.887784
2.216246 0.894081
2.209981 0.895689
2.248937 0.890561
2.242304 0.890931
2.235041 0.889294
2.235750 0.891593
2.228776 0.890877
2.229202 0.892278
2.222513 0.892464
2.221028 0.892845
2.222579 0.892682
2.261564 0.887960
2.254858 0.888059
2.248152 0.888158
2.241301 0.887769
2.240178 0.888038
2.241387 0.888046
0.464880 0.916753
0.484867 0.916055
0.478134 0.916055
0.471116 0.915436
0.466044 0.916501
0.471452 0.916245
0.491139 0.914820
0.484412 0.914842
0.471563 0.915344
0.477738 0.915064
0.497549 0.914137
0.490826 0.914178
0.484177 0.914489
0.474024 0.915058
0.477560 0.914915
0.715569 0.922585
0.708846 0.922625
0.702042 0.922363
0.695173 0.921910
0.694747 0.921991
0.695216 0.922020
0.721846 0.921380
0.715169 0.921583
0.708434 0.921578
0.701404 0.920682
0.699041 0.921170
0.701621 0.921281
0.727984 0.919699
0.721304 0.919896
0.714648 0.920180
0.705084 0.919925
0.707868 0.920006
1.122731 0.934033
1.149498 0.933649
1.142790 0.933744
1.136027 0.933637
1.128956 0.932835
1.124996 0.933584
1.129319 0.933728
1.149109 0.932698
1.142412 0.932834
1.129346 0.932760
1.135671 0.932804
1.652952 0.902656
1.641216 0.901465
1.646087 0.902170
1.652892 0.902902
1.641322 0.901771
1.646058 0.902528
1.659748 0.903871
1.652897 0.903437
1.641289 0.902161
1.646037 0.902966
2.296645 0.892409
2.316630 0.891888
2.309142 0.889565
2.309794 0.891510
2.302895 0.890953
2.301967 0.891165
2.302979 0.891208
2.322766 0.890184
2.309668 0.889451
2.315945 0.889860
2.808565 0.868078
2.802006 0.868720
2.795352 0.869010
2.788732 0.869431
2.782176 0.870086
2.775556 0.870676
2.772946 0.871259
2.775656 0.870872
2.814754 0.866547
2.808185 0.867153
2.801662 0.867930
2.795068 0.868442
2.788490 0.869013
2.779164 0.869922
2.781922 0.869624
3.424872 0.855980
3.418121 0.855915
3.411380 0.855887
3.401513 0.855881
3.404670 0.855974
3.424653 0.855632
3.417911 0.855600
3.411179 0.855601
3.404391 0.855501
3.403885 0.855565
3.404441 0.855586
3.424429 0.855311
3.417686 0.855276
3.406469 0.855240
3.410965 0.855318
3.629933 0.867281
3.623125 0.867004
3.611701 0.866371
3.616338 0.866806
3.636343 0.866549
3.629655 0.866717
3.622852 0.866460
3.615858 0.865795
3.614216 0.866020
3.616054 0.866219
3.636116 0.866225
3.629393 0.866260
3.617233 0.865583
3.622571 0.865932
0.102830 0.972700
0.096073 0.972615
0.089038 0.971690
0.086537 0.972228
0.089278 0.972386
0.115776 0.971260
0.109021 0.971176
0.102290 0.971186
0.095278 0.970355
0.092724 0.970901
0.095512 0.971022
0.121954 0.969732
0.115244 0.969815
0.108493 0.969750
0.099531 0.969451
0.101701 0.969531
0.580033 0.919276
0.600130 0.918995
0.593360 0.918863
0.586278 0.917865
0.581720 0.918889
0.586611 0.918805
0.606481 0.918053
0.599658 0.917726
0.592515 0.916580
0.588472 0.917401
0.592836 0.917398
0.612883 0.917348
0.606052 0.916988
0.593815 0.916341
0.599194 0.916527
1.048205 0.932565
1.041366 0.932180
1.034344 0.931296
1.032148 0.931756
1.034559 0.931902
1.054545 0.931597
1.047688 0.931142
1.040581 0.930018
1.037725 0.930598
1.040848 0.930745
1.550662 0.897892
1.543855 0.897623
1.533392 0.896957
1.536983 0.897108
1.550630 0.898244
1.543871 0.898148
1.532724 0.897470
1.537009 0.897670
1.550576 0.898556
1.543813 0.898443
1.532996 0.897775
1.536956 0.897991
1.938628 0.888338
1.971509 0.885529
1.964978 0.886272
1.958401 0.886850
1.951804 0.887357
1.944879 0.886879
1.940296 0.887952
1.945184 0.887773
1.983998 0.882409
1.977437 0.883047
1.970900 0.883768
1.964366 0.884504
1.957390 0.883930
1.957797 0.885108
1.951134 0.885404
1.950395 0.885577
1.951180 0.885539
2.317169 0.893560
2.337219 0.893328
2.330371 0.892902
2.323415 0.892145
2.322437 0.892363
2.323515 0.892447
2.343387 0.891737
2.336549 0.891353
2.329659 0.890784
2.329556 0.890806
2.329671 0.890817
2.808645 0.868283
2.835378 0.867634
2.828786 0.868153
2.822078 0.868249
2.814889 0.866887
2.809923 0.867999
2.815277 0.868001
2.841554 0.866055
2.834910 0.866386
2.828312 0.866884
2.821130 0.865574
2.816841 0.866476
2.821545 0.866758
3.177027 0.861183
3.170147 0.860641
3.163243 0.860034
3.162989 0.860085
3.163270 0.860108
3.183441 0.860500
3.176530 0.859845
3.169473 0.858836
3.167930 0.859114
3.169637 0.859255
0.033769 0.966245
0.047479 0.967225
0.034826 0.966017
0.040568 0.966569
0.053858 0.966395
0.046245 0.963660
0.046923 0.965646
0.040003 0.964963
0.039987 0.964967
0.040005 0.964968
0.060185 0.965413
0.046330 0.963643
0.053174 0.964392
0.532716 0.918615
0.553015 0.919062
0.546138 0.918535
0.538958 0.917233
0.533971 0.918333
0.539326 0.918243
0.559097 0.917128
0.552278 0.916807
0.545202 0.915888
0.540654 0.916862
0.545513 0.916694
0.565294 0.915665
0.558503 0.915453
0.547173 0.915485
0.551744 0.915353
0.857658 0.924946
0.878013 0.925702
0.871162 0.925267
0.863905 0.923511
0.861077 0.924151
0.864248 0.924603
0.884151 0.923988
0.876402 0.920709
0.877295 0.923530
0.870153 0.922101
0.868895 0.922385
0.870306 0.922588
1.122530 0.933522
1.115750 0.933349
1.109041 0.933441
1.102184 0.933109
1.100835 0.933383
1.102304 0.933425
1.128927 0.932765
1.122124 0.932507
1.115345 0.932338
1.108419 0.931852
1.106128 0.932304
1.108610 0.932331
1.639086 0.901179
1.632238 0.900759
1.622379 0.899826
1.625345 0.900166
1.639034 0.901458
1.632246 0.901255
1.622076 0.900243
1.625341 0.900622
1.639003 0.901856
1.632237 0.901735
1.621484 0.900784
1.625350 0.901166
2.065944 0.886150
2.059105 0.885762
2.052068 0.884744
2.050642 0.885055
2.052221 0.885205
2.072139 0.884655
2.065294 0.884244
2.058311 0.883399
2.057336 0.883605
2.058415 0.883704
2.627079 0.869234
2.620330 0.869175
2.613767 0.869801
2.606797 0.869355
2.607186 0.870368
2.600551 0.870760
2.599876 0.870919
2.600584 0.870850
2.633427 0.868283
2.626649 0.868117
2.620004 0.868443
2.607367 0.869233
2.613417 0.868980
2.633038 0.867369
2.626344 0.867510
2.619752 0.868032
2.611832 0.868414
2.613107 0.868356
3.101589 0.856120
3.094834 0.856035
3.088087 0.855988
3.081151 0.855392
3.079406 0.855755
3.081309 0.855822
3.107894 0.855032
3.101139 0.854955
3.094377 0.854848
3.087387 0.854144
3.084883 0.854637
3.087611 0.854728
3.377516 0.855614
3.370799 0.855673
3.364163 0.856031
3.357535 0.856422
3.350788 0.856670
3.348678 0.857021
3.350939 0.856927
3.377272 0.855221
3.370584 0.855387
3.363944 0.855727
3.352274 0.856421
3.357319 0.856129
1.708533 0.908982
1.701613 0.908296
1.694571 0.907423
1.694070 0.907368
1.694649 0.907445
1.708428 0.909064
1.694957 0.907462
1.701530 0.908454
1.714991 0.908949
1.708276 0.909015
1.695770 0.907624
1.701382 0.908425
2.127887 0.891062
2.148245 0.891696
2.141431 0.891395
2.134139 0.889608
2.128781 0.890855
2.134632 0.891155
2.154167 0.889194
2.147408 0.889095
2.140391 0.888171
2.138141 0.888686
2.140604 0.888836
2.471453 0.891277
2.438577 0.894566
2.432317 0.896128
2.426054 0.897720
2.490383 0.887051
2.483874 0.887877
2.477398 0.888826
2.470909 0.889728
2.464442 0.890709
2.457364 0.889877
2.457968 0.891666
2.451102 0.891431
2.451487 0.892597
2.444839 0.893002
2.441354 0.893878
2.444996 0.893488
2.502896 0.884040
2.496397 0.884904
2.489897 0.885764
2.483386 0.886581
2.476863 0.887358
2.470337 0.888122
2.463625 0.888343
2.459345 0.889391
2.463822 0.888929
3.000782 0.856773
2.994525 0.858298
3.027245 0.855094
3.020568 0.855302
3.013922 0.855624
3.007034 0.855305
3.002008 0.856480
3.007283 0.855972
3.033363 0.853316
3.026699 0.853572
3.020062 0.853926
3.013283 0.853900
3.010834 0.854455
3.013422 0.854273
3.445019 0.855783
3.438304 0.855852
3.425963 0.856003
3.431635 0.856091
3.451606 0.855705
3.444861 0.855661
3.438146 0.855726
3.428114 0.855747
3.431450 0.855863
3.451407 0.855480
3.444680 0.855500
3.437965 0.855568
3.431153 0.855378
3.430606 0.855449
3.431206 0.855471
3.650204 0.867540
3.643450 0.867466
3.636407 0.866672
3.633645 0.867171
3.636681 0.867335
3.656712 0.867172
3.649902 0.866891
3.637382 0.866490
3.643109 0.866672
3.656474 0.866807
3.649625 0.866380
3.640725 0.865965
3.642809 0.866074
1.806115 0.896374
1.799478 0.896729
1.792071 0.894638
1.792986 0.897617
1.785802 0.896274
1.786680 0.899196
1.779530 0.897956
1.780568 0.901489
1.773253 0.899666
1.774596 0.904297
1.766979 0.901360
1.768170 0.905429
1.760705 0.903058
1.761632 0.906152
1.754423 0.904836
1.755274 0.907535
1.749062 0.909460
1.742502 0.910098
1.735612 0.909795
1.734185 0.909985
1.735730 0.909957
1.818464 0.892725
1.811774 0.892885
1.804583 0.891670
1.805118 0.893170
1.798332 0.893088
1.795473 0.893777
1.798481 0.893524
1.753773 0.905032
1.748576 0.908134
1.736820 0.909608
1.742217 0.909514
1.750754 0.906231
1.748279 0.907556
1.738995 0.909403
1.741989 0.909188
2.066344 0.887332
2.086559 0.887685
2.079669 0.887103
2.072585 0.885962
2.070440 0.886434
2.072809 0.886638
2.092704 0.886005
2.085824 0.885466
2.078830 0.884599
2.077410 0.884909
2.078972 0.885025
2.405514 0.896708
2.438466 0.894243
2.431912 0.894903
2.425270 0.895240
2.418026 0.893721
2.418584 0.895413
2.411771 0.895204
2.409684 0.895704
2.411906 0.895618
2.457286 0.889655
2.450778 0.890483
2.444235 0.891184
2.437650 0.891732
2.431038 0.892179
2.424285 0.892206
2.421609 0.892852
2.424423 0.892616
2.942518 0.865445
2.935848 0.865680
2.929147 0.865798
2.922067 0.864865
2.922480 0.866044
2.915816 0.866311
2.915602 0.866362
2.915830 0.866350
2.961391 0.861036
2.954896 0.861917
2.948383 0.862726
2.941844 0.863445
2.935274 0.864046
2.928318 0.863435
2.924268 0.864372
2.928618 0.864328
3.257902 0.861098
3.284373 0.859759
3.277716 0.860038
3.271023 0.860190
3.264139 0.859787
3.262410 0.860139
3.264261 0.860081
3.290707 0.858786
3.284049 0.859061
3.277369 0.859258
3.267232 0.859204
3.270624 0.859215
3.506628 0.859510
3.493180 0.858027
3.499769 0.859048
3.506524 0.859586
3.493581 0.858245
3.499684 0.859189
3.506410 0.859673
3.494160 0.858464
3.499571 0.859284
3.767518 0.878052
3.760810 0.878147
3.754076 0.878143
3.746310 0.877097
3.747095 0.877231
3.767452 0.878271
3.760738 0.878340
3.754033 0.878447
3.744296 0.877969
3.747206 0.878101
3.767301 0.878223
3.760605 0.878361
3.753965 0.878705
3.742726 0.878769
3.747288 0.878912
1.577544 0.897707
1.570826 0.897760
1.564182 0.898091
1.554351 0.898022
1.557442 0.898065
1.577563 0.898242
1.570848 0.898309
1.564177 0.898538
1.554381 0.898346
1.557398 0.898370
1.577608 0.898921
1.570830 0.898755
1.564100 0.898770
1.554899 0.898587
1.557307 0.898546
2.045383 0.884819
2.038558 0.884481
2.031548 0.883546
2.030360 0.883806
2.031673 0.883922
2.051593 0.883379
2.044780 0.883086
2.037792 0.882200
2.037132 0.882335
2.037860 0.882396
2.358211 0.895922
2.384927 0.895449
2.378164 0.895341
2.371370 0.895116
2.364455 0.894526
2.363196 0.894807
2.364583 0.894915
2.391009 0.893545
2.384260 0.893487
2.377473 0.893287
2.370702 0.893149
2.370640 0.893163
2.370708 0.893167
2.862234 0.867261
2.888897 0.866353
2.882261 0.866712
2.875584 0.866916
2.868483 0.865816
2.863739 0.866916
2.868864 0.866969
2.895006 0.864531
2.888344 0.864797
2.881676 0.865035
2.874733 0.864405
2.872377 0.864931
2.874938 0.865015
3.204247 0.862240
3.197511 0.862233
3.190707 0.861968
3.183756 0.861296
3.182583 0.861519
3.183875 0.861605
3.203931 0.861570
3.197120 0.861283
3.187005 0.860687
3.190274 0.860868
3.492744 0.857970
3.485881 0.857492
3.473869 0.856516
3.479045 0.857112
3.492663 0.858132
3.485808 0.857681
3.474458 0.856684
3.478963 0.857270
3.492565 0.858279
3.485717 0.857854
3.475305 0.856830
3.478847 0.857348
3.767687 0.878049
3.774517 0.879035
3.768065 0.878275
3.774428 0.879165
3.769407 0.878291
3.774306 0.879229
2.107370 0.889843
2.127804 0.890803
2.120960 0.890397
2.113616 0.888439
2.108861 0.889509
2.114111 0.889967
2.133779 0.888496
2.127002 0.888337
2.119865 0.887050
2.116685 0.887754
2.120193 0.888057
2.523380 0.884124
2.516905 0.885074
2.510424 0.886006
2.503956 0.886984
2.497496 0.887995
2.490468 0.887292
2.491023 0.888957
2.484208 0.888844
2.484513 0.889778
2.477947 0.890402
2.477845 0.890427
2.477953 0.890417
2.542242 0.879647
2.535821 0.880798
2.529372 0.881845
2.522912 0.882858
2.516443 0.883829
2.509960 0.884750
2.502983 0.884272
2.503465 0.885632
2.496724 0.885784
2.492399 0.886821
2.496945 0.886415
2.567352 0.873434
2.560975 0.874748
2.554590 0.876031
2.548187 0.877250
2.541774 0.878431
2.535364 0.879625
2.528917 0.880678
2.522450 0.881659
2.515976 0.882617
2.505028 0.883786
2.509444 0.883357
3.054382 0.855643
3.074514 0.855598
3.067750 0.855482
3.060622 0.854303
3.057167 0.855035
3.060938 0.855194
3.080818 0.854505
3.074042 0.854347
3.062824 0.853868
3.067268 0.854198
3.317739 0.858649
3.344284 0.857215
3.337659 0.857616
3.331044 0.858050
3.317745 0.858648
3.324417 0.858443
3.350689 0.856508
3.344024 0.856760
3.337409 0.857200
3.330775 0.857563
3.321745 0.857937
3.324132 0.857896
3.527306 0.861273
3.520489 0.860966
3.511134 0.859904
3.513557 0.860231
3.527173 0.861240
3.520357 0.860938
3.512130 0.859961
3.513401 0.860117
3.527031 0.861231
3.520215 0.860919
3.513240 0.860054
3.513194 0.860049
3.513246 0.860055
1.878765 0.891049
1.905293 0.889650
1.898652 0.889989
1.892014 0.890341
1.885012 0.889632
1.880643 0.890609
1.885337 0.890550
1.911473 0.888090
1.904828 0.888414
1.898186 0.888752
1.891254 0.888310
1.887756 0.889037
1.891512 0.888970
2.249323 0.891792
2.243062 0.893368
2.275830 0.890414
2.269071 0.890316
2.261837 0.888776
2.262372 0.890444
2.255583 0.890248
2.255311 0.890314
2.255603 0.890312
2.281854 0.888293
2.275093 0.888188
2.268088 0.887348
2.265346 0.887968
2.268322 0.888053
2.769170 0.871787
2.762649 0.872566
2.756097 0.873238
2.749375 0.873280
2.742473 0.873034
2.738990 0.873704
2.742742 0.873653
2.775407 0.870431
2.768929 0.871368
2.762465 0.872363
2.755881 0.872913
2.743535 0.872816
2.749074 0.872641
3.142732 0.858754
3.156367 0.859485
3.148966 0.857494
3.143905 0.858514
3.149459 0.858836
3.162739 0.858647
3.149164 0.857456
3.155794 0.857865
3.377617 0.855796
3.397646 0.855361
3.390902 0.855315
3.378869 0.855594
3.384209 0.855466
3.404199 0.855200
3.397421 0.855034
3.390677 0.854996
3.381729 0.855195
3.383994 0.855176
3.609474 0.866325
3.602619 0.865876
3.592350 0.864872
3.595706 0.865209
3.609257 0.865985
3.602409 0.865559
3.595336 0.864626
3.594093 0.864728
3.595494 0.864891
3.615759 0.865638
3.609033 0.865668
3.596053 0.864576
3.602175 0.865207
2.736065 0.873857
2.729552 0.874670
2.723097 0.875698
2.716586 0.876516
2.710125 0.877521
2.698224 0.877987
2.703590 0.878256
2.742417 0.872922
2.735852 0.873543
2.729449 0.874764
2.723010 0.875850
2.716421 0.876381
2.710034 0.877656
2.703103 0.877230
2.700460 0.877720
2.703430 0.878134
2.735805 0.873891
2.729560 0.875693
2.723166 0.876940
2.716440 0.876970
2.704568 0.876996
2.709991 0.878018
3.122218 0.857503
3.142619 0.858447
3.135706 0.857783
3.128454 0.856211
3.124638 0.856991
3.128823 0.857230
3.148947 0.857444
3.142060 0.856876
3.130059 0.855889
3.135136 0.856176
3.705609 0.873222
3.693577 0.871161
3.698689 0.872531
3.705521 0.873359
3.695005 0.871104
3.698473 0.872197
3.705383 0.873355
3.696919 0.870966
3.698101 0.871335
2.384984 0.895618
2.378737 0.897053
2.405271 0.895982
2.398540 0.895987
2.391234 0.894192
2.385780 0.895434
2.391715 0.895651
2.417858 0.893233
2.411213 0.893561
2.404475 0.893543
2.397486 0.892759
2.394541 0.893435
2.397720 0.893463
2.889031 0.866732
2.909164 0.866602
2.902392 0.866455
2.895279 0.865304
2.890917 0.866303
2.895629 0.866349
2.921914 0.864440
2.915228 0.864615
2.908509 0.864668
2.901527 0.863901
2.899060 0.864453
2.901742 0.864537
3.231090 0.861780
3.257623 0.860431
3.251023 0.860925
3.244364 0.861198
3.237326 0.860492
3.232556 0.861476
3.237655 0.861288
3.263916 0.859308
3.257314 0.859792
3.250654 0.860060
3.238150 0.860329
3.243954 0.860186
3.740414 0.877423
3.733739 0.877636
3.724982 0.876131
3.726708 0.876539
3.740515 0.878256
3.733764 0.878187
3.724505 0.876588
3.726717 0.877034
3.740538 0.878850
3.733663 0.878327
3.723748 0.877168
3.726757 0.877691
3.568397 0.863823
3.561684 0.863901
3.550279 0.862783
3.554778 0.863264
3.568239 0.863700
3.561508 0.863711
3.551896 0.862673
3.554570 0.862957
3.574772 0.863473
3.568090 0.863659
3.561339 0.863598
3.553532 0.862607
3.554362 0.862699
3.472098 0.856325
3.465303 0.856095
3.458557 0.856051
3.451739 0.855843
3.451314 0.855883
3.451783 0.855898
3.471996 0.856403
3.465203 0.856183
3.452895 0.855781
3.458439 0.856072
3.471866 0.856434
3.465074 0.856215
3.454592 0.855698
3.458279 0.855988
3.670666 0.868507
3.663824 0.868108
3.656953 0.867606
3.656912 0.867612
3.656958 0.867617
3.677322 0.868690
3.670414 0.868041
3.659762 0.867172
3.663544 0.867538
3.677033 0.868132
3.670130 0.867508
3.662108 0.866916
3.663278 0.867070
