0.168812 0.884995
0.161865 0.885781
0.155399 0.884803
0.149555 0.881549
0.144033 0.877111
0.175177 0.885417
0.168144 0.886517
0.161457 0.886348
0.155219 0.884534
0.149340 0.881406
0.143817 0.876967
1.480906 1.141214
1.473212 1.144633
1.472623 1.144565
1.473414 1.143998
1.372819 1.117593
1.479451 1.145435
1.478594 1.145331
1.479708 1.144642
1.379057 1.118360
1.376997 1.118128
1.373681 1.113759
1.485687 1.146216
1.484091 1.146010
1.486158 1.144746
1.385281 1.118856
1.382342 1.118742
1.379550 1.115970
1.374374 1.110264
1.386173 1.118989
1.385355 1.118461
1.380008 1.113378
0.280842 0.818536
0.280067 0.818638
0.281321 0.817141
0.054958 0.757708
0.282578 0.818506
0.055376 0.757655
0.055538 0.756875
0.054898 0.756237
0.055686 0.753895
0.008587 0.744297
0.012560 0.739219
0.006625 0.742987
1.545447 1.076298
1.539664 1.074040
1.547011 1.069744
1.539140 1.073831
1.532836 1.071416
1.540589 1.067659
1.532707 1.071368
1.532866 1.071290
1.313222 1.012139
1.311712 1.012183
1.314484 1.008034
1.526611 1.068963
1.533823 1.066877
1.526527 1.068928
1.314532 1.012115
1.316677 1.011909
0.698244 0.844768
0.704484 0.845615
0.699229 0.844881
0.660569 0.833972
0.659209 0.834170
0.705261 0.845686
0.705225 0.842735
0.661165 0.833870
0.434669 0.772754
0.390750 0.760986
0.435893 0.772720
0.442224 0.769324
0.399186 0.762891
0.396994 0.761905
0.392351 0.761062
0.397192 0.761641
0.439470 0.772888
0.441162 0.772291
1.783641 1.041442
1.776903 1.041462
1.770293 1.041014
1.763843 1.039980
1.757391 1.038198
1.755156 1.038253
1.757503 1.038542
1.783704 1.040254
1.776824 1.040798
1.770126 1.040667
1.760396 1.038828
1.763688 1.039591
1.757364 1.037547
1.777159 1.038647
1.770447 1.038573
1.763959 1.037674
1.757055 1.037144
1.757380 1.037111
1.320616 0.919420
1.318769 0.916390
1.319745 0.918371
1.318509 0.916393
1.313112 0.910588
0.998056 0.830948
0.995949 0.830837
0.999007 0.827990
0.999656 0.831016
0.709417 0.752989
0.703124 0.750818
0.702536 0.750621
0.696830 0.748684
0.698455 0.743208
0.690542 0.746656
0.689777 0.746398
0.684248 0.744515
0.685865 0.739057
0.519644 0.700826
0.519337 0.699935
2.330483 1.086493
2.305381 1.079651
2.299121 1.078348
2.325410 1.084911
2.324197 1.084547
2.324281 1.084284
2.317920 1.082800
2.318178 1.081981
2.311649 1.081172
2.309363 1.080615
2.311801 1.080677
2.198698 1.050555
2.199906 1.050480
2.205656 1.049265
2.212839 1.046679
2.201798 1.050182
2.205289 1.049677
2.022948 1.001681
2.019645 1.001388
2.017946 0.996025
1.919082 0.974473
2.024586 1.001904
2.023834 0.998178
1.922548 0.974487
1.922445 0.974539
1.922626 0.974294
1.817583 0.939807
1.923608 0.974060
1.295417 0.804178
1.296637 0.803676
1.182032 0.772177
1.182126 0.772198
1.180937 0.771879
1.182041 0.772141
1.175748 0.770269
1.059573 0.739370
1.058174 0.732602
1.060025 0.738693
0.640912 0.624799
0.523534 0.593370
0.523137 0.593101
0.521896 0.592115
0.523840 0.589764
3.000111 0.773677
2.995330 0.771829
2.993806 0.771231
2.987538 0.769680
2.981258 0.767865
2.994978 0.766231
2.988496 0.765308
2.976855 0.766085
2.981724 0.765459
2.725208 0.698684
2.723984 0.698142
2.724162 0.697734
2.717689 0.695973
2.673775 0.684313
2.667515 0.683011
2.714000 0.694855
2.711406 0.694072
2.711558 0.693616
2.705127 0.692284
2.705569 0.690890
2.698850 0.690518
2.699588 0.688135
2.692573 0.688789
2.693537 0.685638
2.686301 0.687163
2.687217 0.684126
2.680035 0.685652
2.677782 0.685153
2.680461 0.684210
3.518643 0.602280
3.517734 0.600308
3.440305 0.581305
3.443120 0.577674
3.291395 0.540737
3.440448 0.580535
3.442771 0.578007
3.290664 0.540411
3.285104 0.538627
3.285707 0.536764
3.278830 0.536930
3.274723 0.536145
3.279642 0.534319
3.500110 0.502173
3.470473 0.494236
1.482548 1.140547
1.487419 1.140791
1.485872 1.140601
1.488073 1.138657
1.371082 1.109869
1.368844 1.106815
1.363571 1.101467
1.493656 1.141584
1.491171 1.141223
1.494539 1.138699
1.374451 1.109742
1.373730 1.109754
1.368818 1.105950
1.363295 1.101515
1.376115 1.109607
1.374672 1.108250
1.368771 1.105203
1.363107 1.101281
0.285994 0.813547
0.288779 0.813147
0.287943 0.813260
0.289186 0.812048
0.057241 0.751481
0.056634 0.750903
0.056989 0.750081
0.055714 0.750240
0.012963 0.738790
0.012684 0.738420
0.051611 0.743238
0.012316 0.737826
0.013021 0.736607
1.553418 1.071743
1.561062 1.067594
1.547807 1.069542
1.554065 1.068565
1.547112 1.069262
1.314944 1.006516
1.554926 1.064461
1.542209 1.067232
1.547743 1.066114
1.540794 1.066512
1.315610 1.006551
1.548168 1.063648
1.539099 1.065625
1.540970 1.065354
1.317838 1.006320
1.319282 1.005921
0.699938 0.838449
0.700232 0.838474
0.700128 0.837692
0.662283 0.828112
0.661716 0.828167
0.662654 0.826991
0.706163 0.838959
0.704665 0.838843
0.664527 0.828090
0.442640 0.768148
0.665176 0.827484
0.443983 0.768207
0.450490 0.763703
0.447991 0.768486
0.449250 0.767321
1.812757 1.033642
1.820089 1.031238
1.812700 1.033512
1.820035 1.030471
1.812315 1.032693
1.812725 1.032589
1.613004 0.979339
1.819777 1.030497
1.812098 1.031845
1.812705 1.031740
1.614273 0.978838
1.588270 0.971875
1.614494 0.978099
1.618910 0.976114
1.611820 0.977133
1.588465 0.971123
1.305521 0.895355
1.304383 0.894717
1.303404 0.893951
1.302271 0.892854
1.010176 0.814619
1.016896 0.811786
1.013098 0.814572
1.016485 0.812329
1.015269 0.814376
1.015932 0.813441
0.690254 0.727307
0.689391 0.727014
0.689711 0.725914
0.683094 0.724765
0.680906 0.723974
0.676798 0.722546
0.678151 0.717967
0.520540 0.681042
0.671293 0.717513
0.521655 0.680508
2.345116 1.111055
2.344225 1.110560
2.294015 1.096730
2.341366 1.109219
2.337898 1.107587
2.300259 1.097661
2.295515 1.096940
2.174772 1.063961
2.170511 1.063481
2.093202 1.041982
2.086941 1.040621
2.068112 1.035421
2.337128 1.107287
2.306508 1.098735
2.303395 1.098246
2.175775 1.064055
2.099454 1.043113
2.094012 1.042162
2.093382 1.041281
2.088241 1.035451
2.081548 1.035306
2.069226 1.035527
2.074672 1.035832
2.035715 1.026559
2.030923 1.023453
2.025412 1.018982
2.180997 1.064473
2.180208 1.064448
2.181590 1.062520
2.118240 1.047278
2.111979 1.045900
2.105713 1.044436
2.104931 1.044273
2.100233 1.039899
2.082307 1.031570
2.068632 1.034547
2.074888 1.034085
2.068065 1.034271
2.036676 1.025437
2.035509 1.025674
2.030893 1.022600
2.025485 1.017741
1.907676 0.991446
2.113596 1.039367
2.075270 1.031770
2.064173 1.032571
2.068330 1.032531
2.061757 1.031799
2.037429 1.025401
2.036718 1.025006
2.031066 1.021039
2.025596 1.016409
1.906907 0.990419
1.912848 0.985459
1.907204 0.989721
1.284502 0.821283
1.284555 0.820485
1.051461 0.757385
1.049034 0.757421
1.052029 0.757387
1.053743 0.757067
0.637263 0.643974
0.635333 0.644162
0.637571 0.643952
0.515192 0.611166
0.515881 0.610560
2.302591 1.052103
2.306853 1.049478
2.255686 1.039150
2.230584 1.032314
2.302248 1.051170
2.306835 1.048571
2.250335 1.037271
2.249391 1.036946
2.249481 1.036700
2.243109 1.035066
2.243489 1.033985
2.236841 1.033546
2.235328 1.033254
2.237008 1.033066
2.301660 1.050212
2.306709 1.048098
1.985830 0.965238
1.983369 0.964979
1.941909 0.953464
1.998327 0.967370
1.992073 0.966168
1.989348 0.965739
1.986014 0.964050
1.979924 0.961697
1.973861 0.959238
1.967747 0.956975
1.961545 0.955029
1.954409 0.955615
1.955338 0.953104
1.948158 0.954520
1.946154 0.954173
1.948715 0.952704
1.831383 0.923456
1.828940 0.922357
1.998575 0.967416
1.998345 0.967280
1.992308 0.964729
1.986056 0.962965
1.979853 0.961026
1.973733 0.958776
1.967521 0.956866
1.954807 0.955685
1.961132 0.955609
1.824319 0.920726
1.822638 0.920002
1.823780 0.916139
1.809227 0.916684
1.817911 0.918212
1.816336 0.917658
1.816805 0.916096
1.810067 0.916086
1.810035 0.916102
1.810824 0.913337
1.308048 0.779556
1.306262 0.779535
1.309367 0.775258
1.239036 0.761167
1.240147 0.757531
1.232764 0.759530
1.234201 0.754650
1.308825 0.779422
1.308505 0.777480
1.245276 0.762012
1.242383 0.761615
1.246484 0.758023
1.227756 0.757696
1.226458 0.757086
1.226950 0.755589
1.150434 0.736985
1.151932 0.734426
1.098801 0.723164
1.095313 0.719865
1.089635 0.716004
1.083845 0.712556
1.057058 0.711775
1.056460 0.711834
1.057610 0.710008
1.147632 0.735437
1.100950 0.722879
1.100708 0.722859
1.095498 0.718237
1.089856 0.714234
1.059609 0.711846
1.064691 0.707768
0.638141 0.597340
0.637400 0.593984
0.638944 0.596753
0.637925 0.591119
0.549193 0.572700
0.556547 0.568579
0.548721 0.572468
2.410548 0.959145
2.412349 0.957014
2.408362 0.957729
2.405775 0.956246
2.440448 0.872000
2.442355 0.869797
2.440338 0.871153
2.442230 0.869304
2.605600 0.787211
2.604206 0.787310
2.607366 0.787366
2.613122 0.783944
2.933447 0.795690
2.931417 0.795615
2.934312 0.793065
2.939681 0.796434
2.935251 0.795820
2.773005 0.752373
2.657340 0.720697
2.775150 0.752127
2.663588 0.721731
2.658710 0.720940
2.666527 0.722232
3.151791 0.735291
3.141421 0.737491
3.144561 0.737113
3.075210 0.719121
3.151542 0.735250
3.144211 0.737267
3.143643 0.737265
3.144292 0.737146
3.074423 0.718722
3.070359 0.712004
3.056347 0.713103
3.052377 0.712819
3.057943 0.708160
3.071786 0.717228
3.069799 0.713134
3.056458 0.713118
3.064311 0.708568
3.567494 0.670439
3.566511 0.670006
3.566882 0.668846
3.563656 0.668591
3.561482 0.663002
3.365698 0.615268
3.359411 0.613263
3.385877 0.614741
3.372703 0.616632
3.378881 0.615709
3.353239 0.611418
3.353128 0.611359
3.353134 0.611373
3.347385 0.607764
3.342026 0.602730
3.278683 0.591454
3.278264 0.589670
3.279741 0.590934
3.279091 0.585700
3.516462 0.595017
3.514360 0.587998
3.445286 0.575963
3.445622 0.575238
3.498995 0.495195
3.498772 0.494936
3.498871 0.494805
3.468166 0.486940
0.169306 0.884021
0.189776 0.882184
0.182827 0.882979
0.175536 0.884604
0.172910 0.884265
0.175802 0.884053
0.142904 0.876231
0.138374 0.873176
0.132680 0.869374
0.189439 0.882492
0.178105 0.884862
0.182199 0.884349
0.141854 0.875145
0.138366 0.872266
0.132833 0.867866
1.489159 1.135609
1.488954 1.135587
1.489210 1.135458
1.495390 1.136210
1.493378 1.135932
1.495952 1.134454
1.363270 1.101103
1.358671 1.094756
1.501627 1.137027
1.498811 1.136587
1.502275 1.135023
1.362110 1.099961
1.358220 1.095440
1.361541 1.099014
1.358563 1.093252
0.290521 0.807986
0.290195 0.807995
0.290822 0.807000
0.294040 0.808210
0.020692 0.734737
0.052694 0.742751
0.052028 0.742289
0.052191 0.742025
0.028367 0.730636
0.019748 0.733928
0.020983 0.733027
0.050815 0.741463
0.047117 0.735020
0.017133 0.732432
0.021717 0.729405
1.663840 1.067220
1.663667 1.066365
1.335967 0.978381
1.332173 0.976764
1.329656 0.975771
1.324063 0.973780
1.323358 0.973507
0.929009 0.863423
0.921779 0.865159
0.921160 0.865071
0.921874 0.864899
0.935362 0.863851
0.928021 0.866050
0.927817 0.866021
0.928053 0.865964
0.778695 0.826097
0.777437 0.825655
0.777729 0.824709
0.771144 0.823488
0.772527 0.819106
0.695858 0.803429
0.941705 0.864364
0.933206 0.866682
0.934431 0.866347
0.767393 0.822241
0.764851 0.821344
0.765332 0.819834
0.758558 0.819230
0.759777 0.815517
0.753844 0.812585
0.689617 0.801413
0.689570 0.801397
0.689577 0.801374
0.653299 0.791690
0.652400 0.789585
0.755778 0.818345
0.752665 0.815987
0.746596 0.813552
0.740190 0.812354
0.733834 0.810971
0.727916 0.807982
0.722430 0.803409
0.684156 0.799144
0.683257 0.798789
0.683686 0.797348
0.651925 0.790506
0.651899 0.790471
0.492939 0.747927
0.495552 0.746602
0.493738 0.747327
0.495333 0.746456
0.400882 0.722244
0.401738 0.721890
0.399707 0.721346
0.400941 0.721348
2.312356 1.129255
2.319352 1.127985
2.312579 1.128129
2.306522 1.125656
2.301053 1.121029
2.320200 1.123920
2.313455 1.123967
2.307426 1.121386
1.893504 1.014361
1.895112 1.013989
1.295282 0.851715
1.294193 0.850592
1.293615 0.849654
1.034504 0.780231
1.035675 0.779734
1.040083 0.774243
0.630507 0.669763
0.517564 0.639351
0.631314 0.669799
0.631280 0.666720
0.517612 0.639358
0.517571 0.639321
0.512349 0.633791
0.523801 0.640111
0.523377 0.640081
0.518528 0.634857
2.315548 1.041775
2.322732 1.039659
2.315513 1.040922
2.315113 1.041259
2.315596 1.041137
2.315951 1.040675
2.322486 1.039620
1.311471 0.767751
1.310532 0.767324
1.305162 0.765211
1.306884 0.759684
1.275404 0.751692
1.268865 0.750982
1.262425 0.749912
1.254971 0.751821
1.250128 0.751160
1.255750 0.749703
1.229896 0.745645
1.223601 0.743445
1.303204 0.764547
1.298872 0.763170
1.299370 0.761599
1.292589 0.761284
1.293417 0.758736
1.286311 0.759508
1.287271 0.756589
1.280033 0.757732
1.281070 0.754639
1.274743 0.753153
1.267485 0.754390
1.268273 0.752187
1.261223 0.752975
1.257053 0.752182
1.261689 0.751642
1.220902 0.742499
1.217303 0.741194
1.218190 0.738341
1.154142 0.724625
1.149847 0.717402
1.212068 0.739341
1.211006 0.738986
1.211214 0.738307
1.206193 0.732028
1.152948 0.723493
1.079239 0.703449
1.074651 0.702514
1.072973 0.701951
1.072586 0.701961
1.073164 0.701384
1.080350 0.698804
0.634842 0.583107
0.634159 0.581196
0.636141 0.582633
0.634833 0.577768
0.565838 0.563798
0.572167 0.560682
0.564659 0.563225
2.388960 0.993747
2.396755 0.989482
2.387370 0.992999
2.389232 0.992380
2.383113 0.991055
2.389918 0.988929
2.382633 0.990771
1.165216 0.659163
1.165251 0.659172
1.165182 0.659153
1.165219 0.659152
1.158936 0.657333
1.152645 0.655289
2.430152 0.916818
2.429808 0.916624
2.430002 0.916029
2.426135 0.914918
2.423475 0.913528
2.424755 0.909626
2.422981 0.913294
2.524220 0.839865
2.523681 0.840033
2.524390 0.839605
2.524811 0.839542
2.800690 0.814507
2.860045 0.829926
2.864323 0.827493
2.802115 0.814414
2.801366 0.811483
2.739373 0.791950
2.733128 0.790164
2.870837 0.827370
2.863374 0.829887
2.862949 0.829914
2.863475 0.829679
2.804345 0.814203
2.739416 0.790827
2.733167 0.789052
2.629341 0.767328
2.733266 0.787773
2.630045 0.766706
3.001800 0.767211
3.000442 0.766519
3.002116 0.765671
2.997214 0.764858
3.002977 0.761584
2.706855 0.686791
2.700575 0.684971
2.694297 0.683187
2.688022 0.681474
2.681750 0.679859
2.675484 0.678378
3.715096 0.818575
3.708824 0.816942
3.721363 0.820085
3.718897 0.819487
3.721591 0.819321
3.703965 0.815486
3.702541 0.815055
3.702694 0.814552
3.696250 0.812980
3.697747 0.808005
3.235240 0.688325
3.236064 0.687732
3.238932 0.685437
3.513223 0.567098
3.512169 0.567163
3.456738 0.551551
3.515036 0.567107
3.514127 0.563226
3.456964 0.551548
0.202322 0.878784
0.204391 0.877970
0.118444 0.856330
0.116527 0.854553
0.110510 0.851932
0.104627 0.848819
0.211628 0.875186
0.204009 0.878432
0.203989 0.878431
0.204014 0.878423
0.122440 0.856426
0.121849 0.856418
0.116774 0.852688
0.110813 0.849857
0.105267 0.845513
0.122666 0.854862
0.116855 0.851481
0.111139 0.847748
1.497131 1.131065
1.496924 1.131046
1.497331 1.130375
1.503365 1.131718
1.501322 1.131381
1.504746 1.126902
1.357895 1.092990
1.354117 1.086774
1.509605 1.132594
1.507843 1.132324
1.510228 1.130546
1.356770 1.091851
1.358265 1.091452
0.294757 0.802540
0.298455 0.802483
0.297374 0.802421
0.299264 0.799784
0.047695 0.734732
0.047458 0.734520
0.047530 0.734432
0.041954 0.730190
0.029597 0.729886
0.035503 0.729157
0.028612 0.728917
0.045718 0.733410
0.041759 0.729972
0.035351 0.728784
0.028185 0.728709
0.028633 0.728729
1.689082 1.053947
1.693150 1.052316
1.686159 1.052523
1.694099 1.047886
1.685170 1.052080
1.686334 1.051670
1.682460 1.050574
1.686870 1.048791
1.348901 0.961211
1.347296 0.960403
1.348702 0.955695
1.343885 0.959046
1.340993 0.958015
1.334706 0.956020
1.328425 0.954187
1.342630 0.951397
1.335116 0.954262
1.327819 0.953958
1.328623 0.953385
0.958238 0.854747
0.964470 0.855402
0.961541 0.855014
0.965072 0.853662
0.732317 0.793007
0.966621 0.855583
0.971824 0.852663
0.730257 0.792261
0.726019 0.790709
0.680834 0.779034
0.676437 0.775520
0.720313 0.788784
0.719726 0.788571
0.720040 0.787482
0.713433 0.786470
0.677067 0.777197
0.675796 0.776559
0.675933 0.776405
0.670710 0.770868
0.649097 0.769705
0.510705 0.732658
0.670263 0.771594
0.648449 0.768745
0.511095 0.731931
0.513647 0.728678
1.834910 1.026273
1.824276 1.030049
1.827403 1.029111
1.834826 1.025611
1.824487 1.029273
1.827288 1.028569
1.834615 1.025461
1.825678 1.028800
1.827075 1.028421
1.619822 0.973317
1.618472 0.973284
1.591237 0.965992
1.622079 0.973449
1.621049 0.968265
1.591602 0.965281
1.303544 0.887309
1.303699 0.886552
1.019505 0.810442
1.021511 0.810145
1.020518 0.809096
0.684808 0.718936
0.678514 0.716755
0.677560 0.716397
0.672213 0.714424
0.673385 0.710758
0.670122 0.713619
0.667230 0.707714
0.523914 0.674433
2.217471 1.041827
2.222473 1.036987
2.007546 0.984798
2.272652 1.049540
2.266373 1.047877
2.220843 1.041364
2.219388 1.041530
2.221415 1.039914
2.013795 0.985862
2.007569 0.984803
2.007548 0.984786
2.002131 0.979967
2.227971 1.039659
2.020039 0.986838
2.015970 0.986230
2.014077 0.984581
2.008607 0.979948
1.932221 0.963775
1.932110 0.963769
1.932267 0.963633
1.829108 0.936196
1.825534 0.934575
1.809960 0.931072
1.807823 0.926241
2.022618 0.987235
2.020463 0.984939
2.015196 0.979564
1.938452 0.964410
1.936848 0.964240
1.938962 0.962838
1.823153 0.933773
1.826926 0.929281
1.819240 0.932406
1.812973 0.930895
1.812263 0.930856
1.808189 0.923929
1.302649 0.791925
1.304637 0.791658
1.304583 0.791656
1.304716 0.791379
1.235603 0.772736
1.237188 0.767420
1.229333 0.771167
1.230146 0.768557
1.056944 0.725313
1.055344 0.718304
1.059900 0.725050
1.059108 0.725078
0.639483 0.611238
0.639978 0.611188
0.639774 0.609959
0.537858 0.583854
0.640302 0.607097
0.534323 0.582079
0.540499 0.578050
0.532764 0.581269
2.420647 0.948499
2.421677 0.947505
2.418415 0.947062
2.422727 0.942687
2.415491 0.945481
2.415006 0.945188
2.489978 0.867984
2.483357 0.867577
2.477093 0.865858
2.470970 0.863627
2.462989 0.864681
2.463967 0.864614
2.496776 0.866795
2.489659 0.868200
2.483484 0.866157
2.477000 0.865247
2.470523 0.864310
2.463850 0.864078
2.463828 0.864083
2.463852 0.864084
2.594262 0.804923
2.592373 0.805007
2.595284 0.801858
2.595473 0.805011
2.910020 0.809915
2.917497 0.805336
2.777760 0.773744
2.911562 0.809521
2.917008 0.806181
2.784020 0.775055
2.779136 0.774044
2.776725 0.773398
2.777941 0.773004
2.771466 0.771566
2.765181 0.769618
2.708976 0.755263
2.645992 0.738176
2.785806 0.775035
2.784608 0.772313
2.764850 0.769418
2.709532 0.754592
2.716666 0.749877
2.652223 0.738805
2.647917 0.738086
2.657089 0.739760
2.659087 0.737908
3.037063 0.736023
3.036541 0.736124
3.037378 0.735146
3.038413 0.735798
3.713379 0.824361
3.714714 0.819851
3.707110 0.822819
3.708102 0.819407
3.700836 0.821122
3.694545 0.819049
3.230969 0.693857
3.232350 0.693420
3.570868 0.698051
3.568236 0.696559
3.566916 0.692465
3.283576 0.619037
3.281869 0.619022
3.503342 0.523901
3.501773 0.522667
3.476050 0.515772
0.219960 0.869467
0.217716 0.869549
0.221191 0.865753
0.220451 0.869475
0.098556 0.836818
0.095462 0.832093
0.089735 0.828408
0.100375 0.836512
0.095263 0.831891
0.089074 0.829898
1.505074 1.125769
1.511323 1.126850
1.505444 1.125807
1.354470 1.084843
1.353353 1.085101
1.517564 1.127747
1.513714 1.127214
1.354975 1.084692
1.354630 1.083920
1.356509 1.084298
1.355220 1.080821
0.300179 0.796882
0.298736 0.796931
0.301554 0.792351
0.301767 0.796917
1.542256 1.082253
1.544936 1.078323
1.537455 1.080367
1.534917 1.079447
1.538908 1.074765
1.531155 1.078028
1.526147 1.076294
1.524857 1.075810
1.518558 1.073560
1.311531 1.018532
1.310613 1.018565
1.526510 1.069008
1.313658 1.018562
1.316088 1.018438
0.696549 0.851100
0.702787 0.851878
0.698619 0.851395
0.656668 0.840166
0.703797 0.851977
0.657731 0.839631
0.660050 0.835571
0.434451 0.773135
0.427556 0.773732
0.421052 0.772894
0.414876 0.770856
0.408957 0.767873
0.403106 0.764640
0.390701 0.760759
0.384017 0.760582
0.377505 0.759768
0.371075 0.758662
0.364655 0.757516
0.357642 0.757851
0.353906 0.757447
0.358035 0.757103
0.434079 0.773579
0.427277 0.773834
0.420758 0.773049
0.414667 0.770693
0.408747 0.767712
0.402815 0.764774
0.396885 0.761831
0.390661 0.759968
0.384173 0.759067
0.377781 0.757818
0.371131 0.757518
0.359041 0.758012
0.364391 0.757545
1.869256 1.023772
1.862413 1.024175
1.855864 1.023504
1.849150 1.022851
1.847983 1.023045
1.849270 1.022994
1.875797 1.023504
1.868779 1.024550
1.861665 1.025418
1.862029 1.024614
1.855405 1.024082
1.851645 1.023188
1.855508 1.023837
1.881680 1.025693
1.874919 1.025797
1.867914 1.026490
1.864915 1.025949
1.868179 1.025824
1.618536 0.959946
1.617328 0.958167
1.611601 0.954484
1.600469 0.955110
1.605116 0.953577
1.618042 0.959000
1.617087 0.958107
1.611515 0.953849
1.601785 0.954644
1.605012 0.953009
1.611495 0.953013
1.601744 0.953858
1.605041 0.951991
1.306169 0.874656
1.307246 0.874135
1.024952 0.797707
1.026385 0.797297
0.656776 0.696678
0.650527 0.695584
0.644250 0.693842
0.637968 0.691977
0.631707 0.690623
0.630773 0.690515
0.626850 0.683918
0.656843 0.696687
0.656785 0.696635
0.651241 0.692273
0.645325 0.689280
0.638922 0.688070
0.633104 0.684716
0.526681 0.661815
0.526604 0.655561
0.527601 0.661268
2.345068 1.097694
2.341335 1.096159
2.297408 1.084193
2.338499 1.095093
2.335038 1.093893
2.335586 1.092202
2.328750 1.091878
2.330094 1.087656
2.322471 1.090076
2.316198 1.088418
2.309928 1.086860
2.303663 1.085400
2.298572 1.084403
2.305081 1.080631
2.178192 1.052111
2.198500 1.050818
2.191623 1.051346
2.184426 1.052778
2.182755 1.052566
2.184790 1.051717
2.021279 1.008648
2.198189 1.051023
2.190668 1.053710
2.189398 1.053543
2.190940 1.052916
2.021605 1.008591
2.021468 1.007791
1.915802 0.980270
2.022881 1.008131
1.917690 0.979946
1.916790 0.978917
1.922058 0.975455
1.293313 0.809720
1.292323 0.810025
1.294497 0.806041
1.293739 0.809581
1.061152 0.747133
1.180318 0.778027
1.182002 0.772280
1.059523 0.746035
1.059197 0.745155
0.637533 0.631401
0.640654 0.631389
0.640601 0.631398
0.519830 0.599053
0.522885 0.594214
0.519272 0.598097
2.333187 1.032743
2.335005 1.032416
2.338731 1.029427
2.336989 1.032174
2.337882 1.031632
1.214452 0.727719
1.208746 0.725887
1.208164 0.725680
1.208318 0.725173
1.201857 0.723236
1.151676 0.710073
1.149910 0.710141
1.201833 0.723228
1.152833 0.710097
1.152327 0.707353
0.630813 0.567972
0.586901 0.556401
0.631309 0.567974
0.630958 0.567288
0.594781 0.551828
0.585625 0.555740
0.587135 0.555175
0.581235 0.553772
0.587876 0.551529
2.433614 0.883524
2.433546 0.882700
2.848726 0.836275
2.840031 0.838759
2.841309 0.838781
2.828673 0.835532
2.827689 0.835456
2.848769 0.835151
2.837576 0.837267
2.841471 0.837222
2.834893 0.835915
2.831201 0.835560
2.828800 0.834310
2.822680 0.832064
2.816471 0.830147
2.810820 0.826181
2.848806 0.834094
2.841718 0.835398
2.834947 0.835543
2.828882 0.833090
2.822616 0.831377
2.816205 0.830198
2.810509 0.826396
2.623825 0.779206
2.627800 0.779348
2.627257 0.779328
2.628129 0.778286
2.964707 0.780375
2.953185 0.781416
2.965296 0.777242
2.954036 0.780809
2.958176 0.778662
2.756561 0.727572
2.955438 0.780402
2.957888 0.778805
2.762802 0.728429
2.760482 0.728155
2.662421 0.701704
2.660555 0.701407
2.765671 0.728756
2.764098 0.723155
2.674926 0.704006
2.668669 0.702725
2.668287 0.702652
3.166441 0.730103
3.166334 0.730808
3.166504 0.730721
3.166454 0.730013
3.166435 0.729968
2.916642 0.656618
2.910304 0.655165
3.682115 0.769560
3.681357 0.769266
3.682268 0.766035
3.628856 0.755310
3.676041 0.767116
3.675049 0.766739
3.675746 0.764314
3.627539 0.754122
3.632729 0.749241
3.624838 0.752892
3.584953 0.742716
3.582013 0.737712
3.623278 0.752198
3.586087 0.742226
3.582166 0.736218
3.254618 0.652635
3.254705 0.652639
3.262407 0.648744
3.268597 0.649801
3.258007 0.652732
3.261408 0.651476
3.557343 0.653785
3.555254 0.652977
3.551927 0.648669
3.400447 0.610775
3.274962 0.577112
3.400600 0.610743
3.408250 0.606770
3.334859 0.593138
3.331396 0.591425
3.332201 0.589387
3.326845 0.584348
3.274980 0.577113
3.274972 0.577069
3.331342 0.591397
3.326613 0.584254
3.276969 0.576822
3.275899 0.572710
3.514414 0.587721
3.514318 0.587764
3.448737 0.570213
3.516076 0.587440
3.515423 0.583166
3.449001 0.569459
3.495259 0.487516
3.494441 0.486365
3.489267 0.480657
3.470654 0.480929
3.476633 0.477609
3.469079 0.479836
3.489095 0.480352
3.476864 0.475823
3.468820 0.479637
3.469173 0.479342
0.221696 0.864192
0.222819 0.864239
0.089913 0.828252
0.227905 0.864265
0.226298 0.864359
0.228811 0.861555
0.088720 0.827506
0.084308 0.823623
0.084564 0.825589
0.083578 0.825096
0.083721 0.824840
0.078716 0.818503
0.027105 0.809857
0.028512 0.805089
1.506772 1.119548
1.513018 1.120515
1.507152 1.119586
1.507147 1.118103
1.349898 1.077051
1.519262 1.121494
1.514168 1.120653
1.514067 1.116470
1.350994 1.076948
1.350161 1.075624
1.345120 1.069428
1.521076 1.121731
1.519942 1.118707
1.352333 1.076495
1.350344 1.074014
1.354543 1.076316
1.350882 1.071129
0.301898 0.791190
0.302252 0.791197
0.308122 0.791628
0.306443 0.791488
0.309028 0.788664
1.670245 1.062407
1.677903 1.058845
1.669865 1.062157
1.670320 1.061962
1.669168 1.061157
1.670517 1.060294
1.337645 0.971636
1.669339 1.060429
1.670506 1.059430
1.336717 0.971303
1.337959 0.970386
1.331347 0.969378
1.327902 0.968127
1.332635 0.964274
1.325049 0.967109
1.321903 0.965745
0.943635 0.859173
0.936019 0.862167
0.934584 0.861989
0.936255 0.861547
0.950026 0.859456
0.942257 0.862919
0.940039 0.862614
0.942627 0.861897
0.770320 0.817182
0.766580 0.815901
0.760295 0.813932
0.754014 0.812072
0.956401 0.859843
0.945670 0.863337
0.949019 0.862227
0.749750 0.810836
0.747733 0.810228
0.747850 0.809875
0.741453 0.808392
0.741953 0.806815
0.735174 0.806630
0.736097 0.803601
0.728898 0.804889
0.730408 0.799779
0.722611 0.802905
0.686837 0.793992
0.684981 0.793166
0.685777 0.790628
0.651089 0.784424
0.721138 0.802373
0.682720 0.792075
0.648955 0.783029
0.648332 0.778861
0.501446 0.743529
0.503714 0.741365
0.502955 0.742648
0.502048 0.742871
0.503454 0.741365
2.326595 1.126197
2.326143 1.126004
2.326690 1.125763
2.301479 1.119000
2.299061 1.118755
2.296060 1.114656
2.320791 1.123748
2.327812 1.120696
2.320280 1.123518
2.313988 1.121392
2.307724 1.119955
2.305638 1.119690
2.302221 1.115785
2.145668 1.072692
2.139011 1.072412
2.132518 1.071534
2.126063 1.070515
2.119768 1.068915
2.113591 1.066881
2.107495 1.064549
2.101575 1.061575
2.321271 1.119077
2.314430 1.119472
2.308620 1.116088
2.158477 1.074134
2.151710 1.074259
2.145305 1.073060
2.139040 1.071343
2.132832 1.069423
2.126619 1.067519
2.120495 1.065286
2.114423 1.062863
2.108424 1.060177
2.164808 1.074687
2.157977 1.075048
2.151691 1.073409
2.145823 1.070235
1.897383 1.008721
1.899788 1.007966
1.897457 1.007934
1.291984 0.843321
1.291435 0.841933
1.291377 0.842368
1.291194 0.841891
1.040086 0.774238
1.039316 0.774843
1.041534 0.769874
1.040091 0.774233
0.632185 0.663057
0.631313 0.663118
0.512965 0.630849
0.634065 0.663070
0.514503 0.631021
0.513339 0.629201
2.343164 1.022061
2.347359 1.021695
2.345605 1.021892
2.348497 1.018299
2.347755 1.021688
1.201970 0.710723
1.199001 0.709631
1.199863 0.706822
1.193452 0.707616
1.192703 0.707342
1.192927 0.706601
1.186403 0.705070
1.145693 0.694823
1.079750 0.676672
1.144716 0.693775
1.081921 0.676939
1.077695 0.675807
2.406768 0.971483
2.405333 0.970279
2.403983 0.969139
2.437640 0.877925
2.437820 0.877162
2.533913 0.829638
2.534264 0.829510
2.535673 0.829083
2.879367 0.821975
2.881334 0.822269
2.886618 0.819805
2.798537 0.800104
2.798012 0.799106
2.756030 0.788730
2.893225 0.819337
2.885591 0.822454
2.884882 0.822423
2.885734 0.822116
2.800574 0.799827
2.798463 0.796494
2.754975 0.787612
2.753826 0.786959
2.714930 0.776887
2.711161 0.771002
2.654620 0.756156
2.647920 0.756038
2.635345 0.755583
2.641926 0.753338
2.622063 0.751526
2.615792 0.749919
2.616950 0.746181
2.752354 0.786125
2.754146 0.785271
2.715163 0.776153
2.711028 0.770558
2.634914 0.754644
2.624505 0.751856
2.611309 0.748320
2.609496 0.747711
2.610028 0.745905
3.027254 0.753665
3.027249 0.752856
3.206274 0.706694
3.205678 0.707119
3.206468 0.706662
3.206537 0.706556
3.214172 0.702172
3.571755 0.719153
3.571886 0.718367
3.278542 0.639183
3.279052 0.639126
3.282720 0.639300
3.547237 0.644151
3.546618 0.643449
3.541153 0.638806
3.535503 0.634838
3.408423 0.606315
3.326854 0.584351
3.547391 0.643404
3.546623 0.642512
3.541349 0.637158
3.409036 0.606322
3.326791 0.584303
3.325678 0.583193
3.321819 0.577146
3.274624 0.569511
3.513512 0.553334
3.461940 0.539523
3.462610 0.538911
2.865765 0.193410
2.834389 0.184877
0.212002 0.874362
0.211111 0.874459
0.212312 0.873613
0.101818 0.845208
0.213293 0.874240
0.219812 0.869864
0.105319 0.845247
0.105063 0.845241
0.100257 0.839196
0.108849 0.845470
0.105754 0.842803
0.100664 0.836781
1.508459 1.113036
1.506069 1.112619
1.514701 1.113934
1.513396 1.113764
1.509322 1.109179
1.345277 1.068047
1.344514 1.068536
1.340304 1.062406
1.517179 1.113999
1.515271 1.111141
1.509822 1.106427
1.345498 1.067982
1.345315 1.067762
1.340474 1.060825
1.348266 1.067945
1.345763 1.065207
1.340658 1.059239
0.309842 0.785952
0.311089 0.786051
0.313518 0.785920
0.317540 0.781225
1.653851 1.073946
1.646343 1.076408
1.646694 1.075501
1.640073 1.074814
1.640280 1.074334
1.633776 1.072567
1.650638 1.077041
1.653052 1.075897
1.632864 1.072283
1.627493 1.070666
1.627651 1.070296
1.621224 1.069119
1.621264 1.069029
1.614949 1.067418
1.614998 1.067318
1.608674 1.065706
1.607537 1.065501
1.608724 1.065637
1.596099 1.061684
1.589836 1.060296
1.583565 1.058698
1.577280 1.056741
1.651853 1.076565
1.652801 1.075882
1.597198 1.061919
1.596085 1.061362
1.596132 1.061490
1.590220 1.058482
1.584509 1.054735
1.573953 1.055691
1.578375 1.052540
1.570993 1.054743
1.564699 1.052627
1.328443 0.989962
1.595445 1.060674
1.590450 1.056727
1.585008 1.051992
1.562891 1.051945
1.565481 1.049527
1.327919 0.988980
1.326246 0.987884
1.325686 0.987582
0.887020 0.869433
0.907528 0.868125
0.900456 0.869368
0.893272 0.870541
0.888455 0.869668
0.893663 0.869591
0.805433 0.847009
0.799153 0.845170
0.792868 0.843254
0.913679 0.869292
0.906649 0.870386
0.899519 0.871570
0.897049 0.871140
0.899757 0.870967
0.792771 0.843214
0.787407 0.838581
0.919997 0.869901
0.912925 0.871145
0.904742 0.872423
0.905878 0.872300
0.787027 0.840866
0.786558 0.840697
0.786611 0.840554
0.781286 0.835390
0.694887 0.816181
0.673598 0.809835
0.670532 0.809659
0.667830 0.807053
0.662426 0.802184
0.698681 0.816236
0.696475 0.815817
0.692627 0.813950
0.687104 0.809512
0.675736 0.810256
0.673804 0.808904
0.668308 0.804367
0.662687 0.800287
0.480463 0.752555
0.469784 0.755083
0.473186 0.754548
0.480062 0.753081
0.472781 0.754979
0.472245 0.754933
0.472841 0.754871
0.405335 0.729930
0.398980 0.728544
2.326080 1.037518
2.330753 1.034936
2.327406 1.037062
2.330223 1.035936
1.306888 0.759675
1.306867 0.759668
1.300604 0.757738
1.300968 0.756697
1.294324 0.755952
1.294834 0.754504
1.288051 0.754274
1.288500 0.753044
1.281782 0.752726
1.277128 0.751711
1.282001 0.752188
1.219024 0.735529
1.214952 0.734227
1.212735 0.733466
1.213179 0.732032
1.206437 0.731240
1.149995 0.716715
1.149685 0.716756
1.205523 0.730901
1.201849 0.723264
1.153057 0.716839
0.634108 0.575406
0.574896 0.559546
0.579743 0.557591
0.572624 0.558493
0.580485 0.553949
0.572991 0.556742
2.402575 0.983714
2.401475 0.982610
2.427396 0.909405
2.425213 0.908243
2.426532 0.904082
2.424267 0.907737
2.422882 0.906581
2.529724 0.834973
2.533710 0.830120
2.530829 0.834471
2.532885 0.832211
2.879013 0.823003
2.871369 0.825885
2.869093 0.825669
2.871868 0.824516
2.802344 0.807177
2.800109 0.807201
2.753419 0.789819
2.743976 0.792179
2.746049 0.792157
2.874081 0.826213
2.878275 0.824783
2.802940 0.807144
2.802626 0.805918
2.753645 0.788025
2.742338 0.790907
2.746180 0.790713
2.739572 0.789634
2.731037 0.787880
2.727419 0.785445
2.721565 0.782225
2.715984 0.778000
2.630202 0.760882
2.634423 0.756155
2.746703 0.787878
2.734427 0.788004
2.739690 0.788907
2.733282 0.787611
2.732765 0.787558
2.727365 0.784721
2.721454 0.781704
2.715984 0.777074
2.630591 0.760169
2.634369 0.755399
2.620338 0.757108
2.621064 0.754813
2.614065 0.755464
2.614679 0.753539
3.025373 0.754463
3.017443 0.757715
3.017787 0.757589
3.025435 0.753295
3.015469 0.756382
3.018064 0.755635
3.198298 0.711175
3.197626 0.711641
3.198518 0.711125
3.198485 0.711083
3.206194 0.706745
3.458448 0.545621
3.513719 0.560071
3.459643 0.545586
2.836077 0.178413
2.843960 0.174135
2.835829 0.178296
2.836191 0.177938
0.229649 0.859150
0.228964 0.859208
0.229942 0.858357
0.231625 0.859103
0.236944 0.856416
0.080243 0.818560
0.079030 0.817854
0.079281 0.817373
0.074209 0.811290
0.028821 0.804031
0.077620 0.817044
0.073610 0.812535
0.068106 0.808027
0.029054 0.804031
0.028603 0.803911
0.028880 0.803742
0.026244 0.802501
0.029891 0.799121
1.510182 1.107456
1.504735 1.105586
1.511070 1.103726
1.505759 1.105036
1.338762 1.060321
1.335285 1.056130
1.329547 1.052486
1.508451 1.104973
1.505273 1.098415
1.339608 1.059723
1.335481 1.054452
1.329750 1.050781
1.340662 1.059215
1.340635 1.059214
1.335624 1.053003
0.317778 0.780533
0.316265 0.780759
0.318670 0.778000
0.318330 0.780524
0.325538 0.776579
1.706376 1.045224
1.708920 1.043871
1.716316 1.040482
1.703498 1.043627
1.709280 1.041594
1.702079 1.042853
1.722228 1.042573
1.715671 1.041930
1.709247 1.040797
1.700316 1.041989
1.702323 1.041499
1.357191 0.950081
1.356982 0.950005
1.356412 0.949872
1.356995 0.949979
1.348109 0.947650
1.344406 0.945967
1.344703 0.945680
1.338561 0.943521
1.332711 0.940290
1.342866 0.945412
1.338112 0.943784
1.338283 0.943568
1.332343 0.940662
1.334263 0.942314
1.331809 0.941432
1.331990 0.941029
0.980406 0.846091
0.978147 0.846103
0.981257 0.843692
0.981082 0.846090
0.723865 0.777200
0.723154 0.776933
0.723362 0.776262
0.716858 0.774705
0.714383 0.773832
0.710560 0.772450
0.711554 0.769224
0.706160 0.770847
0.704866 0.768144
0.517632 0.720321
0.517382 0.719467
2.212899 1.046558
2.211192 1.046824
2.213621 1.044749
2.012142 0.993218
2.213143 1.046540
2.018384 0.994073
2.016433 0.993851
2.012802 0.990208
1.924270 0.968826
1.922781 0.968789
1.823876 0.941805
2.024621 0.994879
2.022282 0.994605
2.019108 0.990819
1.926519 0.968951
1.817719 0.939823
1.824299 0.939871
1.817589 0.939780
1.817540 0.939775
1.812255 0.934663
2.025269 0.992011
1.930478 0.968939
1.929441 0.968939
1.930868 0.967831
1.818664 0.934891
1.812824 0.931615
1.298481 0.798324
1.299680 0.797810
1.301408 0.797491
1.058245 0.732299
1.058156 0.732313
1.059789 0.731944
1.059390 0.727203
0.640635 0.618043
0.530506 0.588560
0.531298 0.588060
0.526930 0.586782
0.532315 0.583376
2.339436 1.027430
2.338578 1.027510
2.340010 1.025687
2.340873 1.027306
2.342938 1.027082
2.347168 1.022262
1.205837 0.718432
1.203580 0.717602
1.204217 0.715530
1.197738 0.715447
1.197280 0.715284
1.197402 0.714884
1.150727 0.702852
1.147962 0.698676
1.078175 0.682084
0.626233 0.559963
0.626369 0.559972
0.626264 0.559818
0.620912 0.554757
0.615030 0.551640
0.608588 0.550576
0.595529 0.551713
0.601840 0.550630
0.594857 0.551448
0.621077 0.553228
0.615172 0.550190
0.608838 0.548728
0.602359 0.547795
0.591381 0.549806
0.595548 0.548082
2.408417 0.965249
2.405900 0.963750
2.404336 0.962547
2.457021 0.865401
2.445309 0.866625
2.450120 0.866015
2.456955 0.864684
2.445803 0.865936
2.450047 0.865332
2.851195 0.835071
2.851348 0.834276
2.856245 0.832424
2.807691 0.822584
2.805663 0.820407
2.851322 0.833482
2.855926 0.832673
2.807533 0.821743
2.806062 0.818012
2.629525 0.773766
2.628626 0.773813
2.631240 0.773711
2.630518 0.769524
2.997908 0.782064
2.990819 0.783367
2.965445 0.777185
2.965309 0.776870
2.758247 0.721047
2.965080 0.776300
2.965381 0.776015
2.760032 0.721357
2.758551 0.719736
2.753295 0.714328
2.664118 0.695429
2.763820 0.721573
2.759386 0.715742
2.676626 0.697822
2.670367 0.696505
2.670059 0.696446
2.670963 0.694348
3.154727 0.734376
3.159136 0.733049
3.070643 0.711447
3.058091 0.708010
3.166433 0.730023
3.155971 0.733886
3.158904 0.732941
3.068608 0.710486
3.064319 0.708547
3.058913 0.707890
3.065099 0.706608
3.682848 0.776433
3.679645 0.775158
3.624692 0.760869
3.623177 0.759992
3.676789 0.773999
3.673337 0.772677
3.622002 0.759319
3.623703 0.757646
3.591779 0.750954
3.591083 0.751037
3.586633 0.745456
3.594075 0.751054
3.592083 0.749239
3.586922 0.743473
3.252892 0.658191
3.251754 0.658528
3.254503 0.653032
3.253119 0.658107
3.569598 0.684355
3.569394 0.684262
3.569543 0.683759
3.565508 0.682456
3.564470 0.676737
3.280716 0.605316
3.280605 0.605324
3.281768 0.600579
3.501085 0.515798
3.500874 0.512146
3.476763 0.509280
3.475901 0.504966
0.253557 0.845281
0.251319 0.845165
0.255079 0.845342
0.258605 0.845508
0.055186 0.790990
0.054084 0.785391
-0.017145 0.771624
-0.015873 0.770360
0.057338 0.790778
-0.018489 0.770451
1.518153 1.102883
1.514879 1.101625
1.518600 1.100808
1.511848 1.100414
1.508298 1.099036
1.512305 1.098242
1.505534 1.097773
1.327263 1.050568
1.324283 1.047106
1.504651 1.097268
1.329826 1.049945
1.329070 1.050220
1.324436 1.045578
1.330633 1.049846
1.329955 1.049104
1.324735 1.043552
0.672330 0.864614
0.666190 0.862441
0.319526 0.775525
0.325754 0.776052
0.322765 0.775820
0.326442 0.774193
0.327053 0.776176
0.332999 0.773911
1.698479 1.049786
1.700875 1.048681
1.694211 1.047821
1.701756 1.044495
1.694122 1.047773
1.349013 0.954635
1.690491 1.046040
1.694789 1.044440
1.356881 0.950396
1.348740 0.954494
1.347584 0.953355
1.344291 0.946225
1.342752 0.951276
1.342669 0.951246
1.342696 0.951151
1.337557 0.945305
0.972445 0.850902
0.970566 0.850751
0.972930 0.849534
0.974325 0.850963
0.980173 0.846735
0.727871 0.784946
0.727733 0.784893
0.727782 0.784732
0.721435 0.782613
0.652419 0.764148
0.718397 0.781589
0.715141 0.780465
0.716061 0.777382
0.668534 0.768230
0.665599 0.764924
0.659853 0.761308
0.651718 0.763727
0.652689 0.762888
0.666598 0.766926
0.665212 0.765421
0.659618 0.761244
0.650873 0.762709
0.653005 0.760807
0.515286 0.726373
0.515323 0.725602
2.334565 1.121605
2.334434 1.121546
2.334611 1.121410
2.296898 1.110957
2.293509 1.110595
2.291716 1.105907
2.096113 1.056923
2.329935 1.119517
2.336000 1.115362
2.328241 1.118683
2.303138 1.111819
2.299381 1.111334
2.297740 1.107534
2.158832 1.073153
2.159783 1.070308
2.152579 1.072013
2.152375 1.071977
2.152602 1.071951
2.102360 1.057906
2.096113 1.056923
2.096113 1.056923
2.325283 1.117482
2.329026 1.115320
2.309383 1.112819
2.306099 1.112339
2.304176 1.107692
2.165072 1.074014
2.161146 1.073496
2.165807 1.071940
2.139966 1.067064
2.133702 1.065624
2.127433 1.064072
2.121162 1.062485
2.114892 1.060898
2.108623 1.059340
2.105890 1.058698
2.102576 1.056932
2.096969 1.052808
2.166553 1.074158
2.172449 1.071355
2.140585 1.067196
2.140000 1.066899
2.134166 1.063600
2.128450 1.059872
2.122545 1.056836
2.116557 1.054105
1.900603 1.002905
1.902697 0.998941
1.901490 1.001817
1.899883 1.001901
1.288462 0.835698
1.287360 0.832193
1.041819 0.768891
1.287481 0.834638
1.287002 0.832570
1.041933 0.768869
1.043433 0.768447
0.633868 0.656476
0.632362 0.656721
0.634269 0.656438
0.511945 0.623655
2.354427 1.011724
2.357915 1.009420
2.357033 1.011001
2.355308 1.011130
2.357737 1.009110
2.357830 1.011017
1.189839 0.693564
1.152196 0.683542
1.186424 0.692372
1.183541 0.691300
1.150666 0.682797
1.152992 0.680237
1.083163 0.664625
1.080246 0.663949
1.076064 0.662831
1.178979 0.689590
1.178074 0.686085
1.149744 0.681750
1.089396 0.665304
1.087759 0.665137
1.075426 0.661833
2.427285 0.936080
2.424687 0.934649
2.424328 0.934481
2.517062 0.844940
2.518653 0.844576
2.523900 0.840475
2.548454 0.813279
2.547009 0.812073
2.925479 0.800345
2.924689 0.800489
2.925747 0.799776
2.926881 0.800260
2.932889 0.797323
2.774873 0.759362
2.773299 0.759127
2.761109 0.755865
2.756029 0.753813
2.756610 0.752487
2.751312 0.747232
2.745109 0.745297
2.738842 0.743590
2.725088 0.746225
2.732085 0.743679
2.649382 0.725613
2.776925 0.759286
2.775812 0.755186
2.754937 0.753393
2.749734 0.751635
2.750271 0.750091
2.744343 0.747140
2.738036 0.745580
2.730915 0.746674
2.728845 0.746402
2.731243 0.745800
2.661890 0.727956
2.655634 0.726707
2.654420 0.726469
2.656427 0.723899
2.665608 0.728671
3.117149 0.738877
3.110371 0.739045
3.103555 0.739353
3.096913 0.738356
3.097126 0.738238
3.091292 0.734947
3.085699 0.730773
3.123494 0.739349
3.116738 0.739435
3.109920 0.739749
3.103175 0.739754
3.102365 0.739569
3.103190 0.739739
3.095476 0.737724
3.090607 0.735925
3.090875 0.735517
3.085222 0.731559
3.079620 0.727417
3.046703 0.724524
3.046492 0.724600
3.047364 0.722258
3.047638 0.724127
3.723082 0.814365
3.716815 0.812868
3.717491 0.810627
3.710543 0.811253
3.710910 0.810072
3.704261 0.809369
3.705072 0.806796
3.697970 0.807260
3.697083 0.806960
3.691674 0.805076
3.693080 0.800430
3.687516 0.803616
3.686099 0.800422
3.239884 0.682846
3.239711 0.682846
3.241775 0.682578
3.570483 0.691269
3.567676 0.690012
3.566193 0.689325
3.281588 0.612266
3.280647 0.605609
3.513891 0.580973
3.515387 0.580570
3.451490 0.563443
0.255255 0.839080
0.252647 0.838846
0.257330 0.839265
0.260586 0.839352
0.262136 0.837186
0.054417 0.783720
0.052350 0.783552
0.048596 0.780828
0.042580 0.778204
-0.012456 0.766203
-0.014612 0.764903
0.055402 0.783573
0.054691 0.782234
0.048602 0.779875
0.042355 0.778091
-0.014990 0.764706
1.538053 1.087803
1.535772 1.086943
1.530016 1.084814
1.529470 1.084606
1.523172 1.082334
1.521342 1.081689
1.524256 1.078177
1.516873 1.080063
1.311984 1.025608
1.310885 1.021221
1.316072 1.025600
1.314979 1.025599
1.316940 1.021852
0.688587 0.855879
0.701082 0.857941
0.694836 0.856935
0.693683 0.856751
0.695306 0.855358
0.656939 0.846914
0.701130 0.857947
0.656185 0.845900
0.349674 0.762508
0.346548 0.762153
0.350814 0.758894
0.351520 0.762679
0.357381 0.758558
1.736892 1.040058
1.730267 1.039661
1.723376 1.040243
1.716345 1.040449
1.715133 1.040891
1.716617 1.040338
1.736363 1.041035
1.729713 1.040732
1.722602 1.041737
1.716896 1.040536
1.722873 1.041127
1.743061 1.040241
1.735945 1.041649
1.726119 1.042221
1.729158 1.041848
1.329174 0.935066
1.327663 0.933139
1.327942 0.933935
1.327233 0.933528
1.327380 0.933246
0.984672 0.841172
0.989974 0.836417
0.988364 0.841204
0.987695 0.841178
0.988647 0.840346
0.712285 0.766872
0.710088 0.766001
0.705980 0.764432
0.707326 0.760044
0.702112 0.763076
0.700285 0.760250
0.519331 0.714097
0.518626 0.713115
0.519022 0.708044
2.298948 1.053773
2.291927 1.054829
2.285465 1.053840
2.279345 1.051594
2.222602 1.036597
2.299044 1.052446
2.292164 1.052987
2.285654 1.052174
2.279235 1.051023
2.272771 1.049459
2.272975 1.049294
2.266492 1.047652
2.266940 1.046735
2.261065 1.043590
2.255240 1.040266
2.223123 1.036664
2.230010 1.034037
1.996696 0.975237
2.299197 1.050954
2.292465 1.050952
2.285897 1.050348
2.275407 1.049860
2.279173 1.050315
2.262457 1.046389
2.260206 1.045683
2.260286 1.045507
2.253918 1.043683
2.254362 1.042546
2.247633 1.041735
2.248542 1.039196
2.241357 1.040043
2.242385 1.037085
2.235093 1.038581
2.235770 1.036654
2.228837 1.037312
2.228337 1.037246
2.228918 1.037092
2.002944 0.976263
1.996854 0.975261
1.996716 0.975144
1.991217 0.970624
1.985657 0.966333
1.933943 0.958180
2.009194 0.977360
2.004894 0.976582
2.003192 0.975121
1.997575 0.971029
1.991921 0.967076
1.940190 0.959141
1.939513 0.959072
1.940463 0.958273
1.832195 0.930347
1.806898 0.923579
2.015445 0.978503
2.013950 0.978224
2.009772 0.974758
2.004093 0.970895
1.954352 0.955781
1.946433 0.960083
1.946064 0.960026
1.946511 0.959846
1.827433 0.928239
1.827224 0.928138
1.827373 0.927643
1.820937 0.926172
1.814646 0.924086
1.808397 0.922989
1.807937 0.923018
1.815167 0.922102
1.810040 0.916214
1.306349 0.785752
1.304723 0.785802
1.237321 0.766969
1.231052 0.765421
1.307370 0.785717
1.237647 0.767028
1.228771 0.764650
1.143597 0.740303
1.136953 0.739977
1.130982 0.737183
1.124783 0.735230
1.118590 0.733251
1.112547 0.730724
1.106577 0.727930
1.100765 0.724558
1.055369 0.718201
1.055324 0.718204
1.144204 0.737144
1.137850 0.735757
1.131837 0.733114
1.125213 0.732718
1.118645 0.732117
1.112613 0.729543
1.106725 0.726450
1.100927 0.723020
1.058416 0.718209
0.639118 0.604279
0.639970 0.603714
0.541614 0.577351
0.548595 0.573050
0.540743 0.576911
2.405199 0.977740
2.404265 0.976675
2.402493 0.975427
2.428612 0.895880
2.428366 0.895475
2.429316 0.892911
2.427483 0.894444
2.597171 0.799617
2.602200 0.799572
2.599848 0.799502
2.603387 0.799673
3.007372 0.761697
3.010348 0.760180
3.004622 0.760160
3.010770 0.757694
3.190325 0.715716
3.189552 0.716158
3.190568 0.715586
3.190519 0.715634
3.198242 0.711215
2.907949 0.639136
2.908720 0.639319
2.907666 0.639036
2.907978 0.639005
3.680979 0.755908
3.678475 0.755015
3.672182 0.752875
3.647099 0.746509
3.670416 0.752246
3.665892 0.750805
3.666253 0.749749
3.660333 0.746769
3.654145 0.744772
3.644412 0.745281
3.647406 0.744796
3.640781 0.743758
3.575406 0.726805
3.572934 0.721644
3.659894 0.748644
3.659593 0.748541
3.659633 0.748418
3.653843 0.744958
3.647548 0.743354
3.637012 0.742507
3.640960 0.742822
3.634490 0.741681
3.575548 0.726031
3.572977 0.720535
3.270571 0.643767
3.276822 0.644877
3.273445 0.644301
3.278164 0.640339
3.280019 0.645261
0.245601 0.850254
0.245199 0.850202
0.245737 0.849819
0.251832 0.850873
0.250009 0.850665
0.252772 0.847751
0.055736 0.798652
0.057293 0.797806
0.056316 0.797973
0.058248 0.797709
0.057813 0.795482
1.526120 1.098198
1.524015 1.097395
1.526562 1.096302
1.519814 1.095731
1.517532 1.094829
1.520544 1.092718
1.513512 1.093350
1.507225 1.091379
1.320494 1.042083
1.319511 1.039925
1.506210 1.091002
1.507548 1.090072
1.320430 1.041226
1.319359 1.039511
1.314404 1.032997
1.325214 1.041206
1.322814 1.041066
1.319954 1.036394
0.680108 0.861709
0.672600 0.863947
0.673315 0.861930
0.666322 0.862177
0.667005 0.860382
0.661491 0.855913
0.692947 0.863075
0.685828 0.864494
0.678863 0.865343
0.678766 0.865321
0.678867 0.865331
0.665435 0.861747
0.660993 0.856810
0.333742 0.771864
0.332450 0.771734
0.334037 0.771031
0.337211 0.772214
0.340538 0.770950
1.883474 1.021012
1.875939 1.023216
1.873266 1.023136
1.876281 1.022700
1.882185 1.024192
1.876961 1.023289
1.883032 1.021661
1.888435 1.025322
1.885650 1.024822
1.889043 1.023381
1.307619 0.868367
1.306563 0.861473
1.308014 0.867658
1.306227 0.861752
1.300154 0.859329
1.026779 0.791517
1.028711 0.791081
1.028450 0.791165
1.029069 0.789942
0.627126 0.682606
0.626191 0.682614
0.633367 0.683458
0.631718 0.683269
0.526714 0.655093
0.526568 0.655106
0.528207 0.654744
0.527997 0.649515
2.347523 1.105025
2.345916 1.104181
2.346848 1.101251
2.295706 1.090314
2.343358 1.103073
2.339604 1.101553
2.340780 1.097842
2.301956 1.091397
2.295706 1.090314
2.176485 1.058091
2.174646 1.057913
2.335841 1.100258
2.333308 1.099364
2.333744 1.098019
2.327022 1.097404
2.328164 1.093790
2.320744 1.095653
2.322198 1.090976
2.314475 1.094087
2.315804 1.089736
2.308213 1.092671
2.305910 1.092237
2.308874 1.090457
2.182718 1.058761
2.179725 1.058434
2.094873 1.035089
2.088618 1.033865
2.023388 1.016585
2.020620 1.011870
2.184731 1.058976
2.107391 1.037713
2.101124 1.036195
2.097096 1.035491
2.095012 1.034358
2.082389 1.031551
2.088968 1.031833
2.082307 1.031285
2.024184 1.015960
1.912884 0.985411
1.912293 0.986005
1.913370 0.984504
2.113653 1.039132
2.113310 1.039061
2.107891 1.035593
2.101767 1.033364
2.095408 1.031991
2.088891 1.031201
2.082143 1.030703
2.082297 1.030692
2.025799 1.015204
2.024929 1.015365
1.912940 0.985354
1.912878 0.985275
1.911281 0.984127
1.913522 0.982070
1.288520 0.815682
1.290123 0.815294
1.292826 0.811211
1.057105 0.752066
1.057118 0.751285
0.638962 0.637770
0.636616 0.637830
0.639428 0.637766
0.640482 0.632047
0.517529 0.605114
0.517435 0.604290
2.369645 1.002449
2.373778 1.000637
2.368316 1.001254
2.374361 0.997528
2.368635 1.000543
1.181586 0.677721
1.180670 0.677319
1.181100 0.675921
1.175926 0.670212
1.169242 0.670036
1.160310 0.672026
1.162374 0.670529
1.155547 0.669965
1.086551 0.651961
1.073997 0.648481
1.176791 0.675631
1.155400 0.669897
1.155961 0.668413
1.092784 0.652659
1.089559 0.652256
1.087359 0.648405
1.074768 0.648295
1.087946 0.645336
1.081904 0.642803
2.423654 0.941786
2.423008 0.941350
2.421338 0.940364
2.508142 0.856740
2.508605 0.856035
2.509015 0.855365
2.543580 0.818792
2.543388 0.818599
2.543710 0.818150
2.542307 0.817494
2.544385 0.814725
2.909409 0.810305
2.901570 0.814173
2.900637 0.814081
2.901765 0.813644
2.776084 0.780498
2.904294 0.814257
2.908912 0.811185
2.790722 0.783826
2.789147 0.781285
2.783769 0.776320
2.770427 0.778391
2.769782 0.778133
2.707102 0.761437
2.707043 0.761397
2.660517 0.748971
2.656828 0.747414
2.657692 0.744907
2.650558 0.745829
2.625449 0.738813
2.619192 0.737577
2.791711 0.783305
2.789411 0.779393
2.764006 0.775876
2.763472 0.775616
2.764333 0.772598
2.705494 0.760193
2.708075 0.756693
2.650511 0.744726
2.647323 0.744606
2.625700 0.738815
2.625551 0.738364
2.614978 0.735944
2.619630 0.735388
2.627890 0.738616
2.626387 0.734377
2.614603 0.735054
2.619821 0.733766
3.035379 0.742600
3.035965 0.742644
3.036302 0.739086
3.037164 0.742146
3.214245 0.702129
3.213652 0.702576
3.214448 0.702092
3.214500 0.702005
3.222104 0.697771
3.571394 0.712382
3.570568 0.711332
3.570121 0.706321
3.280782 0.632913
3.280756 0.630848
3.282954 0.632678
3.529098 0.625940
3.525918 0.620626
3.529416 0.625213
3.525876 0.619824
3.424344 0.596640
3.422044 0.596448
3.425121 0.594282
3.425875 0.596687
3.432225 0.591999
3.314377 0.566798
3.311374 0.565562
3.311949 0.563961
3.306482 0.559322
3.273731 0.555505
3.271860 0.555410
3.506590 0.531445
3.504181 0.525654
3.471494 0.521894
3.470996 0.521919
3.471925 0.520500
3.504742 0.530148
3.503580 0.526914
3.473805 0.521855
0.189799 0.882155
0.189923 0.882142
0.196879 0.880828
0.128754 0.865766
0.127312 0.864373
0.121937 0.859397
0.191471 0.881760
0.196672 0.880657
0.130451 0.865406
0.127643 0.862211
0.122374 0.856843
1.534086 1.093510
1.533071 1.093143
1.534534 1.091763
1.527788 1.091199
1.524428 1.089996
1.529180 1.085743
1.521490 1.088941
1.515195 1.086771
1.314421 1.032978
1.514360 1.086502
1.515372 1.086065
1.508895 1.084495
1.314418 1.032914
1.314364 1.032923
1.320635 1.033230
1.317681 1.033006
1.315400 1.028402
0.680604 0.860164
0.674344 0.858831
0.661795 0.855478
0.693113 0.862585
0.686865 0.861515
0.685106 0.861133
0.687109 0.860726
0.659892 0.854382
0.657045 0.847537
0.694208 0.862776
0.701051 0.858046
0.658371 0.853169
0.656514 0.848542
0.341721 0.767501
0.341449 0.767466
0.341810 0.767218
0.345905 0.767859
0.348711 0.765663
1.736897 1.040049
1.750962 1.037842
1.736934 1.040051
1.743976 1.038771
1.757354 1.038130
1.750661 1.037981
1.743106 1.040161
1.740861 1.040275
1.743467 1.039673
1.743336 1.040152
1.750461 1.037795
1.743093 1.039858
1.325109 0.927300
1.323291 0.924490
1.324381 0.926297
1.323078 0.924326
0.990105 0.836023
0.990416 0.836033
0.996323 0.836335
0.993654 0.836091
0.997435 0.832809
0.707704 0.758820
0.706262 0.758297
0.701405 0.756563
0.702972 0.751328
0.696058 0.754767
0.695113 0.754443
0.695354 0.753639
0.690381 0.747184
0.519857 0.707560
0.519419 0.706952
0.519801 0.706122
0.519126 0.706563
2.340594 1.116520
2.343700 1.112779
2.292333 1.103344
2.290895 1.103221
2.336908 1.114705
2.336221 1.114343
2.298572 1.104153
2.296531 1.103891
2.166813 1.068846
2.163880 1.068380
2.167721 1.065892
2.091522 1.048646
2.332737 1.112795
2.329901 1.111581
2.304816 1.105113
2.303473 1.104951
2.173048 1.069541
2.170244 1.069253
2.174288 1.065532
2.110296 1.052503
2.104026 1.050913
2.097762 1.049481
2.094479 1.048964
2.068020 1.035535
2.061403 1.035115
2.054896 1.034286
2.048590 1.032722
2.042472 1.030472
2.036612 1.027275
2.174804 1.069684
2.129094 1.056974
2.122835 1.055627
2.116565 1.054071
2.116437 1.054040
2.110976 1.049883
2.105481 1.045345
2.067998 1.034664
2.061318 1.034471
2.054858 1.033471
2.048546 1.031930
2.042401 1.029773
2.036544 1.026565
1.903659 0.997047
1.903229 0.996563
2.061574 1.032618
2.055009 1.032002
2.048688 1.030491
2.042523 1.028410
1.903198 0.995818
1.902520 0.995926
1.903680 0.994391
1.904339 0.995639
1.285664 0.828270
1.285173 0.827334
1.045008 0.763017
1.047057 0.762736
1.051252 0.757975
0.635561 0.650135
0.633851 0.650442
0.635655 0.650124
0.513035 0.617267
2.349101 1.016513
2.347844 1.016638
2.349612 1.015172
2.350403 1.016496
2.353173 1.016454
2.356662 1.012130
1.194422 0.701636
1.189318 0.699828
1.188124 0.699386
1.188549 0.697970
1.181824 0.697082
1.145399 0.688065
1.081459 0.670713
1.076303 0.665212
1.145877 0.687400
1.085162 0.671124
1.076109 0.668698
1.075506 0.667178
2.430564 0.889385
2.430267 0.888598
2.430223 0.888493
2.430304 0.888353
2.538639 0.824005
2.538758 0.823227
2.893586 0.818424
2.890960 0.818168
2.894229 0.816587
2.795225 0.792544
2.793842 0.789722
2.768114 0.785129
2.761815 0.782802
2.895399 0.818558
2.900874 0.815972
2.796188 0.791970
2.793986 0.788228
2.769605 0.778879
2.761704 0.782735
2.761884 0.782501
2.709413 0.768732
2.657051 0.754717
2.655141 0.753918
2.648866 0.752213
2.642587 0.750407
2.623772 0.745571
2.611216 0.742021
2.797179 0.791458
2.794107 0.786868
2.761043 0.781768
2.762972 0.777592
2.708481 0.767677
2.706455 0.762634
2.642549 0.749507
2.641023 0.749600
2.643417 0.746911
2.627023 0.745849
2.609080 0.741043
2.612246 0.737774
2.607020 0.739707
2.612406 0.736267
3.032220 0.748318
3.034871 0.744327
3.033631 0.747631
3.033352 0.747808
3.033802 0.747302
3.699126 0.827070
3.229942 0.694657
3.222229 0.697849
3.221990 0.698131
3.222336 0.697857
3.222914 0.697575
3.229493 0.695365
3.570598 0.705208
3.569992 0.704496
3.281903 0.625865
3.280266 0.626100
3.282229 0.625801
3.282209 0.624565
3.524528 0.618043
3.524525 0.617219
3.521574 0.610911
3.432303 0.591787
3.429000 0.591632
3.433445 0.588454
3.306833 0.558496
3.432490 0.591773
3.303884 0.557307
3.300527 0.556039
3.301166 0.554127
3.275427 0.549236
3.272649 0.548942
3.484773 0.478032
3.482015 0.477295
3.483446 0.477312
3.484322 0.477107
3.480989 0.476213
3.483409 0.476510
0.237622 0.854624
0.236413 0.854526
0.237965 0.853627
0.243852 0.855251
0.241748 0.855134
0.244311 0.854091
0.072604 0.809840
0.068165 0.807895
0.068788 0.806486
0.062943 0.803237
0.057014 0.800293
0.067652 0.807691
0.062481 0.803973
0.057003 0.799368
1.567651 1.068540
1.575584 1.063720
1.563076 1.066953
1.568484 1.065069
1.561354 1.066286
1.555746 1.064177
1.562717 1.060581
1.555050 1.063879
1.322021 1.001592
1.323507 0.999643
1.551657 1.062305
1.556126 1.059152
1.322585 1.000911
1.323165 0.999934
1.322379 1.000066
1.323575 0.997506
0.853739 0.867865
0.847444 0.866264
0.841366 0.863867
0.866184 0.870638
0.859580 0.870165
0.853077 0.869328
0.846724 0.867937
0.840531 0.865955
0.834557 0.863176
0.828685 0.860023
0.701619 0.831793
0.698176 0.831249
0.696972 0.824590
0.667348 0.823001
0.878817 0.872778
0.872133 0.872601
0.865560 0.872013
0.859048 0.871206
0.852557 0.870319
0.846100 0.869309
0.839628 0.868267
0.839697 0.868099
0.833352 0.866545
0.833481 0.866203
0.827469 0.863555
0.821685 0.860076
0.815945 0.856434
0.707855 0.832566
0.704890 0.832221
0.702901 0.826568
0.669649 0.822781
0.670946 0.820308
0.450604 0.763405
0.668874 0.821789
0.671404 0.817707
0.450863 0.763371
0.452724 0.763070
1.886356 1.019964
1.891401 1.016640
1.890166 1.019885
1.888344 1.019657
1.890873 1.017597
1.892510 1.019976
1.306422 0.861371
1.300281 0.859123
1.300704 0.858271
1.295536 0.852544
1.299371 0.858660
1.295022 0.853464
1.297173 0.857295
1.294685 0.853789
1.030434 0.785464
1.029665 0.785613
1.030994 0.783824
1.031459 0.785287
0.628822 0.676326
0.635051 0.676927
0.632247 0.676729
0.524391 0.647848
0.522834 0.644707
0.528374 0.647946
0.527673 0.647917
0.523733 0.640460
2.309867 1.046532
2.310269 1.045836
2.315363 1.041047
1.949888 0.949068
1.824351 0.914137
1.823452 0.913815
1.818052 0.911855
1.818839 0.909569
1.811769 0.909953
1.811143 0.910519
1.812072 0.909694
1.234478 0.753691
1.310134 0.773895
1.309761 0.773685
1.310159 0.772356
1.246998 0.756360
1.242467 0.755784
1.248341 0.752179
1.233777 0.753460
1.228181 0.751452
1.152895 0.731403
1.306572 0.772133
1.303448 0.771080
1.304499 0.767477
1.253236 0.757188
1.248205 0.756492
1.254625 0.752859
1.224661 0.750185
1.221877 0.749062
1.222768 0.746239
1.153600 0.731156
1.152864 0.730627
1.154158 0.726269
1.083860 0.712444
1.083572 0.712413
1.078358 0.707991
1.065019 0.706919
1.218597 0.747779
1.216219 0.744648
1.151370 0.729754
1.090078 0.712786
1.087470 0.712629
1.084267 0.710045
1.079030 0.704561
1.066954 0.707133
0.636701 0.590279
0.637641 0.589718
0.557289 0.568188
0.564382 0.564538
0.556692 0.567901
2.415258 0.953731
2.413356 0.952567
2.412757 0.952226
2.413599 0.951467
2.410084 0.950717
2.414846 0.945968
2.502305 0.861853
2.506120 0.858178
2.503716 0.861407
2.505634 0.858999
2.580046 0.808571
2.581145 0.808678
2.586964 0.807674
2.561206 0.803089
2.593991 0.805640
2.586265 0.808889
2.584012 0.808623
2.586588 0.808098
2.563796 0.803207
2.557743 0.801585
2.561406 0.801685
2.554895 0.800502
2.561487 0.800481
2.553729 0.799730
2.555275 0.798568
2.936833 0.790389
2.941396 0.790563
2.939327 0.790230
2.942091 0.788271
2.772973 0.745690
2.772635 0.743113
2.659038 0.714462
2.773359 0.744966
2.772652 0.742086
2.665282 0.715389
2.660135 0.714644
2.660093 0.710470
2.666742 0.715605
3.137645 0.737786
3.130818 0.738131
3.123719 0.739131
3.121978 0.738963
3.123903 0.738803
3.082247 0.728332
3.079792 0.727189
3.137302 0.738091
3.126075 0.739241
3.130412 0.738670
3.078891 0.726598
3.075047 0.719498
3.048731 0.718521
3.074414 0.720903
3.048834 0.717760
3.056326 0.713163
3.683064 0.763259
3.682292 0.762933
3.676760 0.760839
3.674793 0.760100
3.670461 0.758564
3.671958 0.753513
3.633184 0.748953
3.640313 0.746115
3.632831 0.748811
3.626525 0.746413
3.580541 0.734857
3.577426 0.729851
3.634300 0.742554
3.626320 0.746327
3.626624 0.746017
3.580945 0.734162
3.577378 0.729084
3.262593 0.648162
3.268837 0.649114
3.263416 0.648294
3.269926 0.645859
3.271069 0.649547
3.275642 0.648654
3.535617 0.634002
3.534899 0.634170
3.530566 0.628258
3.537247 0.633998
3.535851 0.632630
3.530672 0.626930
3.416387 0.601579
3.416246 0.601573
3.416441 0.601424
3.322661 0.576522
3.322271 0.576288
3.322359 0.576117
3.272072 0.562698
3.320680 0.575170
3.316944 0.570332
3.273160 0.562438
3.272771 0.559495
3.510523 0.539175
3.508451 0.534673
3.466985 0.527521
3.508876 0.537945
3.507907 0.535742
3.468779 0.527192
3.470397 0.525152
2.850334 0.175814
2.852347 0.176040
2.845921 0.174317
2.850579 0.174551
2.844045 0.173768
1.465218 1.148612
1.461801 1.148344
1.465780 1.147302
1.383656 1.126855
1.377398 1.125563
1.471451 1.149322
1.466198 1.148691
1.472248 1.147303
1.408711 1.132555
1.402441 1.130944
1.396168 1.129310
1.389911 1.128048
1.387602 1.127644
1.384040 1.125136
1.378646 1.120234
1.471571 1.149338
1.478586 1.147829
1.427504 1.136894
1.421245 1.135585
1.414980 1.134118
1.412389 1.133476
1.408759 1.132307
1.402558 1.130355
1.396355 1.128412
1.390516 1.125137
1.384837 1.121272
1.409348 1.129242
1.403279 1.126808
1.397149 1.124595
1.391069 1.122198
0.272887 0.823483
0.273243 0.823488
0.276055 0.823442
0.280173 0.820412
0.054842 0.757944
0.042027 0.760758
0.047991 0.758380
0.006599 0.751279
0.054669 0.757621
0.046926 0.760793
0.044871 0.760699
0.047472 0.759325
0.003637 0.749652
0.003020 0.749346
0.000495 0.748030
0.003979 0.745081
1.588175 1.067452
1.581892 1.065524
1.645706 1.078145
1.639417 1.076521
1.633729 1.072693
1.602097 1.065250
1.595503 1.064743
1.589164 1.063301
1.575835 1.063692
1.582694 1.062336
1.575608 1.063617
1.569318 1.061557
1.645104 1.079421
1.638301 1.079253
1.638590 1.078620
1.632722 1.075450
1.626603 1.073199
1.620294 1.071643
1.614113 1.069620
1.608054 1.067153
1.602057 1.064452
1.564179 1.059754
1.570532 1.056613
1.563022 1.059323
1.326731 0.996178
1.601437 1.065821
1.595936 1.061302
1.558262 1.057389
1.326754 0.995348
1.325418 0.994195
1.324529 0.993669
1.325793 0.989369
0.886889 0.869741
0.880166 0.869704
0.873511 0.869423
0.866474 0.869958
0.866934 0.868851
0.860216 0.868697
0.858266 0.868265
0.860303 0.868483
0.840730 0.863573
0.835111 0.861788
0.828821 0.859707
0.892902 0.871416
0.886188 0.871350
0.878983 0.872397
0.879472 0.871289
0.872732 0.871239
0.871589 0.871001
0.872793 0.871092
0.826650 0.858965
0.822533 0.857666
0.822825 0.856825
0.816244 0.855639
0.817003 0.853484
0.811151 0.850256
0.805175 0.847488
0.798986 0.845494
0.792859 0.843276
0.697056 0.824227
0.696852 0.824220
0.671951 0.817310
0.899024 0.872749
0.892244 0.872919
0.881260 0.872813
0.885497 0.872969
0.812588 0.854401
0.809954 0.853570
0.810164 0.852942
0.804306 0.849733
0.798332 0.846953
0.792352 0.844192
0.703269 0.824430
0.701168 0.824543
0.697771 0.820696
0.672792 0.816943
0.672225 0.815618
0.703585 0.824410
0.703315 0.824138
0.698503 0.817093
0.672771 0.816148
0.466117 0.755783
0.455857 0.758031
0.459246 0.756289
0.465836 0.755874
0.458536 0.757898
0.458419 0.757912
0.458569 0.757833
1.790492 1.041194
1.797794 1.038923
1.789998 1.040901
1.790551 1.040792
1.798423 1.035658
1.788127 1.039575
1.790870 1.038664
1.784145 1.037741
1.597102 0.983918
1.590235 0.984406
1.791497 1.035444
1.784019 1.037687
1.784167 1.037640
1.590857 0.981156
1.315856 0.911470
1.314067 0.908951
1.314311 0.910233
1.313501 0.909706
1.313679 0.909417
1.308618 0.903289
1.311607 0.908731
1.307929 0.904900
1.001726 0.825708
1.006005 0.825845
1.004871 0.825731
1.006751 0.823333
0.704835 0.744946
0.698547 0.742898
0.698250 0.742797
0.692255 0.740766
0.685964 0.738714
0.685680 0.738617
0.679669 0.736547
0.519021 0.693984
0.519350 0.693254
2.379205 0.998333
2.381310 0.997711
2.376033 0.996642
2.381912 0.994530
2.374678 0.995754
2.382551 0.991251
2.374142 0.995334
2.374823 0.994903
1.176092 0.669374
1.169814 0.667601
1.163535 0.665796
1.081967 0.643870
1.177205 0.669058
1.176054 0.668479
1.176443 0.667372
1.170977 0.662721
1.158088 0.663935
1.157241 0.663652
1.083533 0.643962
1.081921 0.642764
1.079721 0.642941
1.082151 0.642816
2.429101 0.929889
2.426387 0.928483
2.425712 0.928170
2.513061 0.851382
2.516148 0.846108
2.513364 0.850630
2.515692 0.846811
2.514159 0.850058
2.514803 0.849150
2.553249 0.808008
2.579893 0.808914
2.573304 0.808390
2.567120 0.806381
2.561068 0.803887
2.552914 0.807797
2.553409 0.807282
2.579367 0.809888
2.573059 0.808333
2.567055 0.805660
2.551569 0.806612
2.554386 0.802742
2.917593 0.805266
2.919068 0.804849
2.925123 0.801116
2.779430 0.766806
2.773173 0.765541
2.766903 0.763983
2.767251 0.762833
2.762182 0.756740
2.724556 0.746596
2.716699 0.750261
2.716649 0.750641
2.716724 0.750623
2.647670 0.731477
2.780477 0.766922
2.779662 0.765759
2.763560 0.762387
2.761378 0.758743
2.755958 0.753924
2.716748 0.749843
2.723779 0.748486
2.716679 0.749771
2.660187 0.734064
2.653924 0.732669
2.648765 0.731633
2.662624 0.734557
3.040770 0.730581
3.096851 0.738295
3.044989 0.730352
3.042464 0.730202
3.701504 0.802300
3.699691 0.801630
3.693395 0.799380
3.692474 0.799046
3.687094 0.797053
3.684583 0.796143
3.682247 0.789856
3.241580 0.676587
3.241052 0.676530
3.247808 0.677147
3.245202 0.676815
3.568882 0.677486
3.564791 0.675684
3.564359 0.675464
3.371886 0.616668
3.365496 0.615412
3.359291 0.613479
3.279851 0.598443
3.281104 0.597985
3.512414 0.546360
3.512017 0.546105
3.512188 0.545649
3.464233 0.533460
3.464937 0.532848
0.256965 0.833152
0.263195 0.833729
0.261293 0.833646
0.264171 0.830647
0.264600 0.833742
0.040705 0.773756
-0.011020 0.759912
-0.005742 0.757914
-0.012912 0.758714
0.040268 0.772832
-0.005324 0.755422
-0.013189 0.758507
-0.012829 0.758251
1.658436 1.072452
1.661530 1.069501
1.657869 1.071494
1.661654 1.068108
1.578961 1.050115
1.572678 1.048225
1.582954 1.050638
1.579373 1.047966
1.569951 1.047152
1.573405 1.045156
1.329008 0.982594
1.327962 0.982102
1.323385 0.980282
1.321653 0.979577
0.907536 0.868106
0.913780 0.869039
0.907584 0.868112
0.914665 0.866643
0.920017 0.869853
0.914480 0.869129
0.920900 0.867502
0.784016 0.834196
0.782007 0.833402
0.782575 0.831619
0.920144 0.869867
0.927243 0.868016
0.776776 0.831436
0.775705 0.831038
0.775904 0.830440
0.769408 0.828814
0.770613 0.825155
0.694290 0.809342
0.694145 0.809283
0.694238 0.808966
0.687853 0.807161
0.660500 0.800295
0.657189 0.796705
0.763799 0.824542
0.758317 0.819953
0.684397 0.805893
0.681554 0.804900
0.662737 0.799995
0.662301 0.799971
0.657185 0.795777
0.482667 0.751854
0.487895 0.749988
0.484145 0.751439
0.487615 0.750073
0.405450 0.729943
0.399187 0.728533
0.406052 0.729734
0.405596 0.728972
0.398091 0.727599
1.812696 1.033661
1.801442 1.037289
1.805325 1.036000
1.798430 1.035654
1.805491 1.034428
1.798424 1.035650
1.611755 0.979564
1.600290 0.982611
1.604652 0.980921
1.597621 0.981132
1.588018 0.979328
1.805514 1.033421
1.795592 1.034105
1.798747 1.033549
1.611651 0.978975
1.604824 0.979320
1.597087 0.980914
1.597733 0.980634
1.591319 0.978777
1.587877 0.978449
1.611681 0.977930
1.605038 0.977606
1.598067 0.978481
1.591629 0.977396
1.310290 0.903305
1.308955 0.902498
1.309385 0.901441
1.307198 0.901647
1.303823 0.896185
1.303907 0.899979
1.303024 0.898194
1.007730 0.820274
1.006245 0.820241
1.009066 0.815804
1.009285 0.820232
0.694014 0.734988
0.693969 0.734973
0.693982 0.734929
0.687675 0.732792
0.682944 0.731201
0.681383 0.730666
0.682003 0.728527
0.675086 0.728462
0.518939 0.687287
0.519727 0.686673
2.361965 1.007068
2.365936 1.004704
2.362063 1.006260
2.366176 1.002852
2.362643 1.005621
2.366056 1.002364
1.185510 0.685448
1.185251 0.685348
1.185353 0.685010
1.178953 0.683118
1.155277 0.677355
1.153859 0.676447
1.084862 0.658435
1.177202 0.682426
1.153122 0.675971
1.091098 0.659167
1.089870 0.659020
1.075293 0.655116
2.430447 0.923572
2.428090 0.922383
2.426718 0.921756
2.423241 0.914268
2.496926 0.866429
2.494202 0.866360
2.497563 0.864861
2.497384 0.866392
2.834598 0.838706
2.828622 0.835931
2.834708 0.837337
2.620947 0.780864
2.613584 0.782933
2.613743 0.782590
2.607311 0.781281
2.606862 0.781341
2.607491 0.780833
2.617406 0.783372
2.620118 0.782977
2.999397 0.780433
2.998418 0.780010
2.992130 0.777974
2.985864 0.776531
2.979595 0.774966
2.973304 0.772861
2.993344 0.773146
2.987421 0.770184
2.981055 0.768837
2.971754 0.772195
2.973720 0.771043
2.970022 0.770940
2.974621 0.766814
2.753646 0.712534
2.751002 0.712262
2.747795 0.709813
2.741801 0.707110
2.735305 0.706241
2.729488 0.702889
2.672069 0.690361
2.665816 0.689210
2.756253 0.712860
2.753958 0.710958
2.748342 0.706860
2.742338 0.704190
2.735604 0.704197
2.729152 0.703162
2.723323 0.699851
2.717429 0.696775
2.684593 0.693155
2.678329 0.691703
2.672906 0.690527
3.182354 0.720268
3.181539 0.720692
3.182603 0.720103
3.190266 0.715778
2.918805 0.648834
2.912551 0.647654
2.906267 0.645737
2.919354 0.648851
2.918995 0.647982
2.913919 0.641906
2.902415 0.644312
2.899961 0.643300
3.685409 0.783796
3.684234 0.783349
3.684629 0.782053
3.617549 0.765632
3.622779 0.761996
3.615203 0.764498
3.598383 0.760504
3.596770 0.758621
3.678764 0.781213
3.677927 0.780899
3.678257 0.779795
3.612233 0.763383
3.615620 0.762595
3.599819 0.760058
3.597086 0.756497
3.591666 0.751687
3.597507 0.754040
3.244973 0.664039
3.251213 0.664875
3.250074 0.664757
3.564319 0.662916
3.561923 0.661786
3.560271 0.661002
3.557026 0.654655
3.342295 0.602202
3.400410 0.610828
3.389138 0.614354
3.393069 0.613059
3.341011 0.601463
3.337187 0.595791
3.276790 0.584271
3.339562 0.600288
3.336734 0.596525
3.331388 0.591436
3.278703 0.583971
3.513313 0.574142
3.512532 0.570029
3.515509 0.573918
3.454266 0.557506
3.456223 0.553365
1.458584 1.148996
1.451781 1.149255
1.445198 1.148710
1.438821 1.147405
1.432482 1.145963
1.426311 1.143907
1.420172 1.141734
1.413866 1.140174
1.407432 1.139077
1.401056 1.137773
1.394806 1.136006
1.388710 1.133674
1.465072 1.148932
1.458143 1.149652
1.451527 1.149226
1.445152 1.147913
1.438881 1.146219
1.432632 1.144446
1.426487 1.142292
1.420418 1.139863
1.414247 1.137802
1.407941 1.136243
1.401639 1.134662
1.395375 1.132946
1.389594 1.129460
1.471434 1.149364
1.464519 1.150034
1.457875 1.149708
1.451442 1.148611
1.445160 1.146958
1.438948 1.145048
1.432819 1.142833
1.426813 1.140165
1.420920 1.137090
1.414915 1.134420
0.264920 0.828166
0.266214 0.828285
0.272777 0.823782
0.039009 0.766669
0.268925 0.828216
0.271954 0.825868
0.039057 0.766638
-0.000887 0.755950
0.001858 0.754735
0.039709 0.765998
-0.003248 0.754488
0.002759 0.750468
-0.004959 0.753712
1.679364 1.058022
1.685546 1.055510
1.678197 1.057344
1.676474 1.056432
1.678577 1.055428
1.345618 0.967104
1.676249 1.055595
1.678926 1.053234
1.344185 0.966626
1.346111 0.965186
1.339320 0.964832
1.334859 0.963309
1.340129 0.961483
1.333027 0.962703
1.326735 0.960619
1.324651 0.959795
0.950249 0.858870
0.946091 0.858394
0.956484 0.859613
0.951323 0.858956
0.957587 0.856418
0.749458 0.804692
0.743176 0.802794
0.736895 0.800938
0.730614 0.799079
0.956884 0.859658
0.963956 0.856829
0.729764 0.798805
0.724317 0.796874
0.685373 0.786924
0.681924 0.780082
0.649740 0.777389
0.649036 0.776910
0.650085 0.773405
0.720653 0.795558
0.718018 0.794603
0.683557 0.785617
0.681372 0.781144
0.648192 0.776143
0.506892 0.738311
0.647946 0.775298
0.507006 0.737517
1.835005 1.026247
1.842218 1.024163
1.849023 1.022932
1.835245 1.025475
1.842213 1.023214
1.861258 1.026515
1.854663 1.026013
1.848282 1.024715
1.836350 1.024976
1.841778 1.023884
1.618212 0.966536
1.595336 0.960412
1.597294 0.957568
1.621493 0.966420
1.620385 0.966311
1.596393 0.959627
1.596104 0.959804
1.596577 0.959250
1.304769 0.880958
1.305376 0.880318
1.024402 0.804239
1.024550 0.803491
0.673953 0.709239
0.669842 0.707651
0.667644 0.706681
0.668008 0.705788
0.662193 0.702427
0.656167 0.699839
0.650291 0.696701
0.643667 0.696304
0.636950 0.696244
0.631512 0.691500
0.665820 0.705778
0.662282 0.701169
0.525498 0.668176
0.525970 0.667518
2.397495 0.989032
2.396910 0.988629
2.394769 0.987496
2.397383 0.986239
2.390588 0.985817
1.160619 0.650755
1.154340 0.648962
2.426350 0.902451
2.428146 0.898171
2.425429 0.901368
2.424894 0.900435
2.603898 0.793330
2.601195 0.793183
2.605589 0.793576
2.950840 0.781845
2.943127 0.785160
2.941888 0.785068
2.943445 0.784271
2.949352 0.785664
2.946159 0.785379
2.950364 0.782624
2.769693 0.737303
2.768123 0.734005
2.762011 0.731731
2.666973 0.709004
2.660729 0.708058
2.660150 0.707974
2.769674 0.736517
2.768226 0.732713
2.673227 0.710237
2.667139 0.709027
2.667461 0.707192
3.173932 0.726167
3.174610 0.725691
3.173798 0.725300
3.174583 0.724824
2.917111 0.655167
2.910841 0.653591
2.918811 0.655390
2.905440 0.651805
2.904549 0.651480
2.904759 0.650812
3.695115 0.793728
3.689229 0.791497
3.688813 0.791338
3.688960 0.790856
3.682510 0.788972
3.614554 0.767464
3.607842 0.767384
3.601781 0.764926
3.681833 0.788720
3.608380 0.764459
3.602118 0.762732
3.243275 0.670280
3.249512 0.671030
3.247418 0.670726
3.521178 0.609640
3.435738 0.586759
3.436615 0.586193
3.297212 0.548841
3.295959 0.548330
3.296281 0.547357
3.289669 0.546269
3.291278 0.541018
3.283392 0.544519
3.277127 0.543032
3.273061 0.542375
3.500679 0.509007
3.474882 0.502096
3.471435 0.496657
