1.468619 1.162128
1.461300 1.163873
1.460348 1.163964
1.461439 1.163741
1.464197 1.163463
1.468114 1.162304
1.475375 1.158793
1.465795 1.162408
1.467836 1.161700
1.331809 1.127268
1.475129 1.158107
1.332179 1.125876
1.332639 1.124545
0.224844 0.820021
0.226823 0.819688
0.231058 0.819026
0.230353 0.819138
0.231376 0.818208
0.044817 0.768990
0.043626 0.765521
0.005159 0.758449
0.005109 0.758589
0.044683 0.767482
0.043521 0.764289
0.031791 0.758048
0.005445 0.757181
1.934889 1.206178
1.935285 1.205916
1.933779 1.204374
1.935582 1.203209
1.878674 1.189285
1.876233 1.189298
1.930891 1.202136
1.936296 1.199024
1.928836 1.201060
1.922543 1.198571
1.897447 1.191999
1.891185 1.190879
1.884928 1.189983
1.884236 1.189895
1.929942 1.196083
1.921404 1.198194
1.922648 1.198108
1.916259 1.196515
1.909984 1.194819
1.903713 1.193335
1.899490 1.192437
1.897603 1.191329
1.892204 1.186525
1.631086 1.120549
1.631134 1.119073
1.629809 1.117273
1.299220 1.029088
1.297652 1.027168
1.295874 1.025231
1.294908 1.024356
1.296310 1.019983
0.397453 0.777981
0.411637 0.775151
0.397772 0.777842
0.404469 0.776716
0.410903 0.776162
0.399826 0.776886
0.404108 0.776389
2.070920 1.147129
2.069612 1.145273
2.072300 1.144041
1.971382 1.118216
2.068319 1.143454
2.072661 1.141132
1.991772 1.117313
1.985045 1.117297
1.977628 1.118583
1.972022 1.118197
1.978259 1.117492
1.947503 1.107064
1.940833 1.106843
1.934434 1.105646
1.924198 1.105668
1.927739 1.105518
1.902338 1.098848
1.897682 1.098725
1.896365 1.097315
2.067052 1.141675
2.073074 1.138066
2.004151 1.119601
1.996411 1.121856
1.997379 1.119750
1.990148 1.120661
1.990762 1.119338
1.983886 1.119539
1.981030 1.119080
1.984096 1.119100
1.947750 1.104545
1.940877 1.105054
1.934381 1.104208
1.924016 1.104122
1.927717 1.103965
1.908583 1.099217
1.904680 1.099051
1.902562 1.097594
1.897678 1.090953
1.940906 1.103360
1.934294 1.102929
1.922183 1.102177
1.927730 1.102325
1.921104 1.101348
1.914831 1.099731
1.912138 1.099538
1.908921 1.097337
1.903547 1.092443
1.671660 1.034983
1.670098 1.033694
1.670624 1.032756
1.668567 1.032684
1.665124 1.026703
1.667165 1.030865
1.664922 1.025845
1.316062 0.935792
1.316097 0.934322
0.923229 0.827136
0.954561 0.833649
0.948297 0.832461
0.942023 0.830817
0.935751 0.829239
0.937349 0.824458
0.929480 0.827732
0.924517 0.827182
0.930586 0.824570
0.960831 0.835124
0.956778 0.834167
0.962103 0.830660
0.847924 0.805609
0.847899 0.805596
0.847910 0.805560
0.841597 0.802737
0.839936 0.802035
0.835303 0.800255
0.655649 0.752221
0.655049 0.750584
0.603099 0.736680
0.602799 0.736873
0.598224 0.730301
0.490145 0.706212
0.604550 0.735879
0.603490 0.733983
0.598362 0.728205
0.491143 0.706109
0.490504 0.704526
0.493872 0.705363
0.491266 0.700184
2.363145 1.117407
2.362675 1.115776
2.362438 1.115156
2.363695 1.111241
2.362034 1.114135
2.249470 1.084081
2.247890 1.084194
2.250706 1.080209
2.136517 1.053744
2.251277 1.083603
2.181643 1.060661
2.174993 1.060372
2.168590 1.059191
2.162264 1.057728
2.156007 1.056023
2.149758 1.054290
2.136801 1.053582
2.143311 1.053266
2.252079 1.082372
2.187820 1.061054
2.181025 1.061282
2.174520 1.060465
2.168238 1.058848
2.162024 1.056980
2.155822 1.055079
2.149534 1.053479
2.142729 1.052606
2.139548 1.052815
2.143045 1.052605
2.161928 1.055755
2.155614 1.054254
2.144832 1.052756
2.149184 1.053165
1.910545 0.989927
1.909056 0.990904
1.905344 0.985916
1.910702 0.989832
1.910589 0.989623
1.914329 0.989322
1.722259 0.937864
1.717666 0.937749
1.728499 0.938036
1.724024 0.937910
1.730483 0.938146
1.320587 0.827008
1.322091 0.826573
1.328489 0.821898
1.320556 0.825614
1.318891 0.824262
1.050691 0.751514
1.058490 0.747063
1.050046 0.750780
1.050843 0.750354
1.058428 0.745685
1.048210 0.748835
1.051196 0.747488
0.605024 0.625764
0.598757 0.624449
0.592485 0.622896
0.586207 0.621085
0.579924 0.619024
0.587725 0.614723
0.576149 0.617626
0.580517 0.616442
0.573637 0.616798
3.006821 0.790854
3.007715 0.790173
3.007961 0.788771
2.755706 0.718464
2.749445 0.717426
2.747124 0.717385
2.744319 0.712272
2.769934 0.715405
2.645754 0.689317
2.645569 0.687813
3.612577 0.639893
3.611751 0.638515
3.563869 0.627127
3.611993 0.637321
3.562163 0.625195
3.512868 0.612261
3.511690 0.610666
3.506558 0.604916
3.511668 0.609159
3.506667 0.602917
3.410920 0.583300
3.409018 0.583545
3.411373 0.582476
3.335629 0.563533
3.411935 0.582851
3.418556 0.579259
3.332310 0.561944
3.329326 0.560615
3.329843 0.559349
3.324323 0.554996
3.317836 0.552515
3.258104 0.541003
1.473197 1.160784
1.483289 1.156147
1.475500 1.158994
1.474889 1.159714
1.475658 1.159384
1.475971 1.158519
1.483131 1.155106
1.331863 1.120735
1.331520 1.119335
1.476740 1.157278
1.483004 1.153986
1.332694 1.119455
1.331861 1.116480
1.334175 1.118384
1.332180 1.113735
0.232796 0.814611
0.232553 0.814641
0.232930 0.814227
0.239016 0.813923
0.236227 0.814119
0.240256 0.810475
0.041127 0.761475
0.038629 0.759286
0.031929 0.757788
0.032596 0.756778
0.026871 0.753165
0.006854 0.752220
0.038577 0.759318
0.036581 0.758794
0.038233 0.759091
0.030460 0.757188
0.026101 0.754300
0.008147 0.751334
0.009896 0.750340
0.014740 0.745145
1.940636 1.199621
1.943906 1.197479
1.880359 1.182523
1.876945 1.182940
1.938521 1.197580
1.944439 1.193943
1.936808 1.196541
1.886603 1.182870
1.881193 1.182544
1.932947 1.194662
1.937709 1.192351
1.930503 1.193578
1.899119 1.184799
1.892858 1.183700
1.889472 1.183244
1.887790 1.178182
1.631785 1.114184
1.632133 1.112779
1.631019 1.111026
1.629239 1.109974
1.298379 1.020807
1.296624 1.019001
1.296479 1.018828
1.297096 1.017154
1.295437 1.017114
0.411697 0.775080
0.412023 0.775030
0.419170 0.772273
0.425292 0.772831
0.417932 0.774943
0.417518 0.774972
0.417996 0.774862
2.090039 1.130979
2.089434 1.130526
2.026684 1.113721
2.086455 1.128541
2.083105 1.126454
2.047072 1.112108
2.040134 1.112848
2.032930 1.114027
2.030570 1.113891
2.033217 1.113519
1.970737 1.098220
1.888604 1.075326
2.082224 1.125966
2.078486 1.118567
2.059660 1.113644
2.052924 1.113656
2.045425 1.115027
2.046140 1.113844
2.039179 1.114589
2.038848 1.114578
2.039217 1.114536
1.970499 1.096649
1.970159 1.096308
1.888838 1.075255
1.888667 1.074955
2.065302 1.115993
2.058816 1.115108
2.046638 1.115180
2.052111 1.115008
1.968482 1.094648
1.970829 1.092570
1.889223 1.073851
1.888822 1.072764
1.781883 1.044669
1.775611 1.043146
1.769327 1.041073
1.890110 1.072618
1.889328 1.069343
1.784793 1.044982
1.789089 1.042471
1.768261 1.040649
1.763029 1.038338
1.763705 1.036929
1.758351 1.031978
1.784384 1.043405
1.789193 1.040494
1.781823 1.042046
1.760296 1.037081
1.756711 1.034795
1.757142 1.034710
1.659350 1.010606
1.756465 1.034633
1.751434 1.029447
1.659215 1.009088
1.661716 1.008303
1.319340 0.917012
1.319883 0.915646
1.320344 0.914301
0.965933 0.817111
0.962447 0.817479
0.966585 0.817063
0.840413 0.782597
0.970358 0.816603
0.973441 0.812492
0.839834 0.782340
0.834111 0.779716
0.832118 0.778845
0.662848 0.732958
0.589375 0.713604
0.589323 0.713697
0.664630 0.731835
0.664528 0.731940
0.590277 0.712444
0.589801 0.710553
0.590276 0.707262
0.491126 0.684959
0.496673 0.679131
2.356084 1.135198
2.238165 1.103649
2.356060 1.133707
2.240344 1.103368
2.355699 1.132163
2.242257 1.102377
2.243171 1.101161
2.047788 1.049907
2.050516 1.048068
2.101556 1.056564
2.094968 1.056046
2.088934 1.053537
2.047985 1.048463
2.050426 1.046765
2.107754 1.056914
2.100912 1.057312
2.094483 1.056221
2.088651 1.052979
2.047511 1.046882
2.050432 1.045157
1.905471 1.009145
1.905041 1.009495
1.905641 1.009034
1.825121 0.988561
1.786255 0.977640
1.906470 1.008393
1.827235 0.987605
1.823851 0.985326
1.824242 0.985435
1.817578 0.983715
1.818248 0.982785
1.811315 0.982553
1.811970 0.981154
1.805045 0.981087
1.805666 0.979618
1.798771 0.979425
1.799343 0.978149
1.792501 0.977949
1.788852 0.977545
1.792872 0.977213
1.698381 0.952986
1.836392 0.988281
1.830118 0.986645
1.823842 0.984940
1.704622 0.953148
1.701102 0.953050
1.706334 0.947888
1.710865 0.953433
1.707706 0.953300
1.712388 0.948707
1.323081 0.847983
1.321762 0.846768
1.322410 0.845386
1.320869 0.845919
1.034310 0.763022
1.024985 0.765365
1.026869 0.765574
1.034528 0.760615
1.023664 0.763526
1.026913 0.763796
1.020461 0.761567
0.828883 0.710975
0.825945 0.709770
0.819651 0.707247
0.817344 0.706451
0.813364 0.705033
0.814583 0.701055
0.807080 0.702957
0.800801 0.701136
0.802334 0.696690
0.794528 0.699497
0.795806 0.695956
0.788258 0.698038
0.789164 0.695636
0.782001 0.697142
0.781865 0.697148
0.782031 0.697077
0.587415 0.642314
0.581152 0.641146
0.578345 0.640813
0.544005 0.631821
0.543513 0.631576
0.593670 0.643117
0.591790 0.642867
0.551432 0.625800
0.539155 0.629048
0.544524 0.626436
0.537196 0.628003
2.366859 1.090681
2.366172 1.088993
2.268791 1.062076
2.263967 1.062219
2.243713 1.056316
2.237421 1.053888
2.365532 1.087356
2.269180 1.062074
2.269430 1.059666
2.236719 1.053567
2.237798 1.052382
2.231115 1.050825
2.270312 1.060902
2.270186 1.055339
2.230149 1.050359
2.231835 1.048003
2.224805 1.047615
2.224291 1.047372
2.225119 1.046363
1.892212 0.957608
1.885951 0.956608
1.879676 0.954886
1.873392 0.952809
1.867114 0.950952
1.860835 0.949155
1.854564 0.947616
1.848293 0.946142
1.842022 0.944613
1.898465 0.958333
1.894285 0.957827
1.892554 0.956021
1.886901 0.952146
1.880349 0.951501
1.873675 0.951293
1.867228 0.950270
1.860866 0.948941
1.854613 0.947223
1.848369 0.945470
1.842128 0.943709
1.836052 0.941352
1.830270 0.937941
1.824876 0.933138
1.747875 0.918423
1.904711 0.958741
1.903026 0.958655
1.899444 0.953852
1.874483 0.946777
1.867742 0.946811
1.861237 0.945994
1.854948 0.944402
1.848724 0.942570
1.842699 0.940031
1.837103 0.935944
1.747859 0.917702
1.747510 0.917864
1.748448 0.915860
1.868356 0.943021
1.861678 0.942827
1.855335 0.941429
1.849212 0.939235
1.843533 0.935440
1.754079 0.916927
1.749819 0.916977
1.755395 0.916996
1.324338 0.799463
1.325476 0.798294
1.095116 0.736394
1.109105 0.734503
1.102066 0.735610
1.095116 0.736393
1.095116 0.736393
1.109155 0.732703
1.102311 0.733107
1.090916 0.733801
1.095506 0.733369
1.088794 0.732625
2.410080 0.978109
2.410636 0.976747
2.410856 0.975340
2.434859 0.886895
2.436521 0.884789
2.435829 0.885679
2.435828 0.885679
2.435829 0.885679
2.639553 0.813093
2.626532 0.809682
2.624999 0.808954
2.618868 0.806800
2.574698 0.795064
2.639583 0.811607
2.637398 0.809723
2.631152 0.809277
2.629076 0.808851
2.624947 0.807511
2.618827 0.805307
2.613647 0.799729
2.575450 0.794790
2.582321 0.791347
2.631734 0.805730
2.625419 0.804226
2.619375 0.801750
2.580923 0.794558
2.580287 0.794583
2.581127 0.794035
2.985426 0.826641
2.985546 0.825166
2.933871 0.810196
2.927607 0.808967
2.986221 0.823888
2.991988 0.819020
2.940130 0.811184
2.934152 0.810212
2.933906 0.810006
2.926427 0.808184
2.927919 0.807330
2.790804 0.771130
2.789510 0.769864
2.752950 0.761207
2.753013 0.756878
2.788190 0.768985
2.753706 0.759927
2.695364 0.743747
2.692869 0.743964
2.696131 0.741937
2.648124 0.732238
2.697159 0.743632
2.702695 0.740947
2.646252 0.730261
2.645146 0.729456
2.646208 0.726191
3.114252 0.740822
3.100975 0.741073
3.107291 0.741643
3.100736 0.740970
3.088178 0.737279
3.127496 0.739977
3.120813 0.739801
3.114063 0.739867
3.107471 0.739363
3.096638 0.738431
3.101114 0.738018
3.085231 0.735439
3.081855 0.733431
3.082580 0.732045
3.048401 0.725786
3.051180 0.723928
3.114121 0.738080
3.107641 0.737173
3.095755 0.736747
3.101304 0.735749
3.080526 0.732745
3.076401 0.728460
3.070608 0.725078
3.063959 0.724777
3.057288 0.724559
3.050473 0.724701
3.050420 0.724837
3.050505 0.724745
2.738984 0.640204
2.736691 0.639155
2.730403 0.636904
2.724131 0.635405
2.717869 0.634303
3.668891 0.711548
3.681354 0.707425
3.673541 0.710967
3.672879 0.711115
3.673798 0.710394
3.560613 0.681633
3.560508 0.681647
3.563624 0.680976
3.253066 0.596026
3.254660 0.595497
3.616332 0.634324
3.567586 0.621556
3.614754 0.632445
3.565781 0.619585
3.505438 0.603763
3.501581 0.598609
3.506739 0.602294
3.506317 0.602518
3.501768 0.596321
3.418892 0.578838
3.417111 0.579115
3.419591 0.577134
3.324775 0.553964
3.419883 0.578373
3.321054 0.552442
3.318478 0.551298
3.318802 0.550641
3.313236 0.546455
3.313486 0.548982
3.312175 0.548438
3.312340 0.548067
3.306621 0.544417
3.300762 0.541275
3.294794 0.538528
3.288779 0.535950
3.260185 0.534992
3.262892 0.532208
1.483520 1.156645
1.484314 1.155634
1.491185 1.151964
1.484723 1.154258
1.491028 1.150910
1.330310 1.113783
1.327558 1.109387
1.485065 1.152899
1.490851 1.149965
1.330654 1.112366
1.327565 1.107722
1.330915 1.110965
1.327559 1.106136
1.327592 1.104448
0.240745 0.809118
0.237324 0.809344
0.241805 0.809024
0.023577 0.748826
0.021641 0.746128
0.014766 0.745085
0.012852 0.746014
0.015553 0.743813
0.021747 0.746889
0.015261 0.745184
0.021233 0.746005
1.983116 1.178016
1.982989 1.177900
1.990722 1.172750
1.980293 1.175764
1.983386 1.174921
1.976651 1.173398
1.902616 1.155417
1.983855 1.171618
1.976467 1.173281
1.976679 1.173219
1.907632 1.155164
1.907483 1.155185
1.907686 1.155032
1.971114 1.170427
1.977457 1.168838
1.970338 1.170054
1.913845 1.154169
1.910923 1.154616
1.914848 1.151884
1.658250 1.080508
1.649646 1.084617
1.650536 1.084035
1.647932 1.082668
1.651402 1.079293
1.643993 1.080562
1.640761 1.079323
1.637701 1.078152
1.638117 1.077055
1.632547 1.072872
1.601095 1.063353
1.311386 0.990002
1.311368 0.989961
1.311409 0.989881
1.310202 0.988173
1.312227 0.985326
1.309438 0.986528
0.457797 0.752791
0.457857 0.752786
0.465215 0.750304
0.464024 0.752325
0.462259 0.752456
0.464482 0.751321
2.333801 1.157059
2.339200 1.154163
2.237664 1.130453
2.333777 1.155560
2.339160 1.152682
2.237785 1.130398
2.237737 1.130094
2.333423 1.154008
2.339231 1.150831
2.243872 1.129209
2.240739 1.129678
2.244287 1.129152
2.244139 1.128070
1.992889 1.062644
1.994566 1.062155
2.000496 1.058488
1.999087 1.060948
1.997193 1.061365
1.999670 1.059848
1.881941 1.031141
1.879874 1.029452
1.873594 1.027533
1.848498 1.021029
1.842232 1.019709
1.835958 1.018077
1.829678 1.016216
1.823428 1.015613
1.823212 1.015762
1.881157 1.024463
1.870307 1.026601
1.873695 1.027093
1.867317 1.025783
1.861041 1.024057
1.854768 1.022459
1.852331 1.021885
1.848707 1.020121
1.842833 1.017032
1.836628 1.015139
1.830143 1.014252
1.761977 0.998206
1.760629 0.996615
1.881263 1.022495
1.874420 1.022898
1.868378 1.020412
1.862417 1.017637
1.760187 0.996239
1.672771 0.972712
1.670391 0.972704
1.673261 0.971620
1.760588 0.994806
1.760390 0.994834
1.760794 0.994150
1.679014 0.972956
1.676407 0.972785
1.679551 0.971578
1.685263 0.973543
1.684305 0.973408
1.685480 0.972887
1.340984 0.880374
1.341142 0.876472
1.340332 0.878727
1.340372 0.877632
0.994906 0.783679
0.994901 0.783680
0.999978 0.783556
0.819550 0.736233
0.819190 0.735884
0.817518 0.734196
0.820165 0.731017
0.812854 0.731524
0.756843 0.718292
0.756400 0.717247
0.737572 0.712076
0.733792 0.712256
0.731727 0.710162
0.812833 0.731515
0.812882 0.731421
0.754683 0.716239
0.756741 0.715411
0.743830 0.713025
0.741143 0.712686
0.737723 0.711178
0.731970 0.707655
0.726244 0.704036
0.720379 0.700921
0.687370 0.698554
0.687322 0.698571
0.687640 0.697619
0.726121 0.702896
0.720116 0.700276
0.714072 0.697796
0.689735 0.697734
0.597537 0.673542
0.594919 0.666323
0.517912 0.651668
0.596372 0.671769
0.594095 0.667678
0.516726 0.650865
0.518434 0.649257
0.513502 0.648560
2.368401 1.076477
2.367458 1.074742
2.366264 1.072995
2.273479 1.050100
2.247124 1.043198
2.247089 1.043179
2.247110 1.043109
2.366246 1.072974
2.273013 1.048491
2.280016 1.044186
2.241634 1.040259
2.240774 1.039767
2.276173 1.047872
2.279527 1.044366
2.237121 1.037612
2.234453 1.036059
1.826557 0.925738
1.895534 0.942159
1.832803 0.926151
1.828103 0.925882
1.826951 0.924038
1.751259 0.905659
1.895894 0.942215
1.894736 0.941911
1.895565 0.942008
1.839044 0.926353
1.835529 0.926355
1.833427 0.923347
1.757493 0.905496
1.755618 0.905388
1.763741 0.905993
1.763397 0.905965
1.764006 0.905107
1.324421 0.785097
1.322937 0.785999
1.324782 0.784990
1.123603 0.730497
1.122874 0.730573
1.125567 0.729778
2.393362 1.014521
2.394043 1.013205
2.395118 1.012032
2.426994 0.933684
2.426960 0.932187
2.426917 0.930732
2.506979 0.847665
2.498565 0.849691
2.499829 0.849168
2.507126 0.845515
2.497808 0.848009
2.500080 0.846652
2.838767 0.839642
2.836088 0.839896
2.839931 0.836497
2.839984 0.839431
2.785851 0.825230
2.694440 0.800875
2.650496 0.788277
2.785197 0.823594
2.783626 0.817875
2.700671 0.800630
2.697666 0.800621
2.701061 0.800075
2.684975 0.797293
2.682435 0.794433
2.650425 0.788240
2.650532 0.788130
2.702334 0.800387
2.708263 0.796789
2.685074 0.795851
2.682658 0.792029
2.648414 0.786226
2.651457 0.783181
3.009695 0.784142
3.009377 0.782580
2.769945 0.715370
2.771637 0.710862
2.763686 0.714351
2.765045 0.710358
2.757413 0.712754
2.751135 0.710934
2.744866 0.709493
2.741067 0.709243
2.739076 0.706919
2.733063 0.704339
2.726810 0.702616
2.720639 0.700603
2.714779 0.697471
2.769997 0.715376
2.777281 0.713185
2.740115 0.701574
2.733545 0.700993
2.727151 0.699775
2.721063 0.697459
2.646600 0.682987
2.647154 0.681663
3.603128 0.801552
3.595313 0.801565
3.596402 0.801534
3.590022 0.799127
3.558658 0.791172
3.557451 0.791646
3.602902 0.800765
3.596568 0.799330
3.589163 0.798475
3.590160 0.798167
3.559925 0.790800
3.559061 0.788953
3.559852 0.784524
3.213446 0.694817
3.211584 0.695002
3.214377 0.692203
3.215670 0.694598
3.624454 0.608753
3.584739 0.598347
3.622157 0.606693
3.585023 0.596938
3.590331 0.592533
3.498194 0.574165
3.438229 0.557551
3.500949 0.573029
3.499962 0.573151
3.438794 0.557099
0.149628 0.874962
0.142953 0.874758
0.136390 0.874151
0.129986 0.872974
0.123719 0.871305
0.117548 0.869289
0.111499 0.866837
0.105597 0.863862
0.155633 0.875967
0.148941 0.875825
0.142372 0.875239
0.135897 0.874313
0.129555 0.872913
0.123362 0.870970
0.117260 0.868703
0.111279 0.866004
0.105445 0.862775
0.111067 0.865189
0.105311 0.861672
1.492589 1.151253
1.499195 1.147369
1.493136 1.149908
1.498874 1.146898
1.493821 1.148634
1.498635 1.146173
1.323755 1.104007
1.322622 1.101290
1.324362 1.102685
1.322648 1.099584
1.325398 1.101512
1.323054 1.096538
0.242462 0.803879
0.241604 0.803921
0.248687 0.803318
0.245636 0.803473
0.250144 0.803205
2.014883 1.165181
2.020292 1.163244
1.925297 1.141141
2.013719 1.163383
2.020437 1.161100
2.013105 1.162814
1.931521 1.140551
1.928241 1.140975
1.932574 1.138163
2.020760 1.158343
2.010500 1.161079
2.013483 1.160308
1.931984 1.140466
1.935154 1.139847
1.938642 1.137340
1.675435 1.070222
1.674203 1.069653
1.667912 1.067266
1.661627 1.065143
1.668997 1.062821
1.661307 1.065035
1.661678 1.064934
1.655337 1.062805
1.649052 1.060705
1.642770 1.058722
1.663212 1.057829
1.656077 1.059280
1.649282 1.059512
1.642736 1.058709
1.642773 1.058708
1.322749 0.973062
1.322115 0.973138
1.326508 0.972782
1.327478 0.971571
0.814316 0.829767
0.808048 0.828436
0.801772 0.826675
0.820574 0.830730
0.816633 0.830176
0.821901 0.826477
0.797933 0.825268
0.795481 0.824306
0.796266 0.821830
0.644884 0.784039
0.792298 0.822344
0.790780 0.815761
0.645404 0.783785
0.644855 0.782744
0.622205 0.777707
0.620931 0.772929
0.644400 0.782049
0.645057 0.781388
0.623503 0.776562
0.621264 0.770106
0.481702 0.738905
0.487933 0.738636
0.484714 0.738677
0.489484 0.734022
0.491195 0.738923
0.495493 0.735030
2.280809 1.172122
2.274204 1.171665
2.267705 1.170827
2.280963 1.169927
2.274364 1.169447
2.267848 1.168674
2.261572 1.167036
2.255755 1.163746
2.268234 1.165670
2.262229 1.163056
2.091689 1.124867
2.091135 1.124539
2.091339 1.124005
2.047191 1.111922
2.086009 1.121871
2.084825 1.121252
2.085069 1.120708
2.078524 1.118468
2.079464 1.116656
2.073348 1.114442
2.066958 1.113217
2.059703 1.113557
2.060453 1.112403
2.053445 1.112658
2.048670 1.112084
2.053793 1.112145
2.078104 1.118323
2.072236 1.116225
2.072516 1.115824
2.065966 1.114718
2.060707 1.113757
2.066156 1.114486
1.974982 1.091274
1.884007 1.066614
1.973704 1.089459
1.971807 1.088002
1.884614 1.066090
1.884189 1.065214
1.789863 1.040609
1.758478 1.031714
1.971101 1.087332
1.972320 1.085627
1.887344 1.065330
1.884852 1.061218
1.791681 1.040237
1.797636 1.035943
1.757872 1.031377
1.658055 1.003752
1.884973 1.059210
1.791418 1.038691
1.797668 1.034216
1.789793 1.037493
1.752196 1.028398
1.752166 1.028372
1.752188 1.028311
1.658084 1.003727
1.658084 1.003610
1.749048 1.026116
1.747449 1.019547
1.659694 1.002657
1.661260 1.001615
1.322398 0.909753
1.323181 0.908484
1.326566 0.904689
0.967650 0.811859
0.973874 0.811239
0.970835 0.811622
0.975170 0.807858
0.842115 0.776615
0.974897 0.811229
0.981489 0.807747
0.840874 0.776062
0.835812 0.773707
0.833351 0.772608
0.829510 0.770852
0.799230 0.759512
0.792664 0.758914
0.786866 0.755557
0.799162 0.758166
0.791848 0.760251
0.791853 0.760246
0.785571 0.758444
0.785679 0.758240
0.780680 0.751996
0.662788 0.726391
0.664504 0.725369
0.667807 0.720536
0.589071 0.705574
0.590087 0.704381
0.496864 0.678512
0.494473 0.679283
0.498412 0.674467
0.496952 0.678475
2.365001 1.103285
2.364069 1.101552
2.259152 1.074021
2.259068 1.074026
2.259195 1.073891
2.222224 1.061614
2.214219 1.062283
2.215315 1.062253
2.363322 1.099902
2.260994 1.073037
2.222608 1.058589
2.212269 1.060260
2.215545 1.059782
2.260990 1.071580
2.209598 1.058083
2.215981 1.056608
2.208884 1.057566
1.901400 0.974740
1.907638 0.974771
1.903012 0.974714
1.901744 0.973015
1.896490 0.967705
1.913876 0.974825
1.908936 0.974782
1.907962 0.973248
1.903030 0.966770
1.909283 0.966911
1.738178 0.927792
1.735830 0.927901
1.739038 0.925488
1.744415 0.927806
1.740883 0.927750
1.330855 0.815772
1.330231 0.815244
1.330789 0.813636
1.323941 0.812867
1.322839 0.812179
1.318617 0.809624
1.080661 0.739956
1.069682 0.742825
1.073488 0.741546
1.069621 0.741331
1.073526 0.739797
0.602122 0.610880
2.416246 0.965115
2.416588 0.963723
2.445541 0.877001
2.445951 0.876703
2.447802 0.875700
2.453025 0.872239
2.552798 0.810011
2.554432 0.808937
2.557821 0.806827
2.564964 0.803759
2.555991 0.807895
2.557281 0.807192
2.968138 0.835389
2.955524 0.838446
2.960795 0.837584
2.943282 0.835239
2.941720 0.833561
2.936727 0.827319
2.968078 0.833981
2.956231 0.837146
2.960561 0.836810
2.947616 0.834229
2.945715 0.834386
2.942321 0.829774
2.904647 0.823614
2.910999 0.821372
2.797036 0.794730
2.942905 0.826089
2.903801 0.821929
2.911203 0.819043
2.794807 0.793327
2.790711 0.790808
2.792369 0.786419
2.748605 0.781223
2.790523 0.790731
2.785797 0.784231
2.750364 0.780189
2.671500 0.759438
2.671044 0.759394
2.671588 0.759201
2.662732 0.757217
2.652658 0.753634
2.653309 0.752323
2.647123 0.750363
2.674870 0.758911
2.678967 0.755254
2.659797 0.754956
2.658909 0.754286
2.656595 0.754115
2.659093 0.754098
2.647195 0.751650
2.646455 0.751129
2.646938 0.747810
3.018654 0.745736
3.018680 0.745703
3.020682 0.744730
3.026335 0.740651
2.742460 0.667474
2.737248 0.667450
2.711109 0.660140
2.743213 0.667516
2.742446 0.666853
2.743012 0.665319
2.708970 0.658534
2.706757 0.656496
3.582295 0.804703
3.589408 0.802474
3.582065 0.804267
3.560021 0.798866
3.557950 0.794571
3.581713 0.803081
3.582148 0.802776
3.561844 0.797863
3.205501 0.700503
3.206513 0.700222
3.210083 0.699695
3.212478 0.697428
3.653154 0.735126
3.654230 0.733429
3.653885 0.733827
3.654833 0.731790
3.545205 0.705340
3.547543 0.704263
3.547250 0.704377
3.547781 0.703615
3.246306 0.621846
3.249325 0.621797
0.177513 0.871515
0.170266 0.873354
0.170205 0.873350
0.170273 0.873342
0.184181 0.870126
0.176502 0.873303
0.175739 0.873318
0.176625 0.873095
0.093720 0.851806
0.089814 0.846363
0.093882 0.850372
0.089802 0.844792
1.500520 1.146783
1.507241 1.142645
1.501798 1.145624
1.506917 1.142181
1.502769 1.144419
1.506510 1.142054
1.320717 1.096662
1.320029 1.094990
1.321300 1.093869
0.250393 0.797555
0.248600 0.797696
0.252466 0.797248
1.927930 1.210900
1.927199 1.209822
1.877001 1.196488
1.926381 1.208986
1.927373 1.208520
1.889515 1.198257
1.883257 1.197324
1.880334 1.196919
1.877700 1.193494
1.921284 1.206173
1.928272 1.203674
1.920875 1.205998
1.914590 1.203906
1.908315 1.202173
1.902044 1.200669
1.895776 1.199351
1.894244 1.199076
1.890035 1.195928
1.884801 1.190542
1.915807 1.198499
1.909457 1.197124
1.903413 1.194650
1.630310 1.126894
1.628911 1.125048
1.627451 1.123220
1.299816 1.035788
1.299561 1.035506
1.299727 1.035142
1.298055 1.033827
1.296728 1.032017
0.397409 0.777895
0.390628 0.778077
0.384114 0.777297
0.377731 0.776038
0.371239 0.775181
0.364371 0.775252
0.364110 0.775573
0.364416 0.775512
0.397165 0.777151
0.390558 0.776705
0.384110 0.775681
0.377655 0.774685
0.365498 0.774437
0.371068 0.774169
0.271194 0.749724
0.270225 0.749111
0.269023 0.749155
0.270329 0.749128
0.364938 0.772841
0.371019 0.772765
2.299872 1.169331
2.308765 1.166777
2.299437 1.167702
2.301941 1.167106
2.247656 1.154136
2.245498 1.152228
2.240520 1.145930
2.308728 1.165299
2.299814 1.166320
2.301825 1.165912
2.251368 1.152673
2.250517 1.153387
2.246012 1.148744
2.308728 1.163719
2.300581 1.165076
2.301662 1.164922
2.252710 1.152499
2.251450 1.151807
1.980183 1.079538
1.979742 1.077928
1.878832 1.051479
1.874809 1.049070
1.868537 1.047545
1.978980 1.076270
1.866487 1.046744
1.863643 1.040648
1.843403 1.039310
1.837132 1.037856
1.830855 1.036038
1.805631 1.030793
1.805835 1.030669
1.758432 1.018434
1.755564 1.016225
1.867825 1.045630
1.863520 1.039488
1.855929 1.041659
1.857320 1.037577
1.849667 1.040520
1.844677 1.039551
1.850506 1.037870
1.829467 1.035559
1.824563 1.033639
1.825417 1.031253
1.818272 1.031226
1.819953 1.026693
1.813641 1.025183
1.804894 1.029110
1.806020 1.028386
1.755387 1.016126
1.755655 1.015837
1.749256 1.013083
1.817419 1.030950
1.811990 1.029266
1.812623 1.027264
1.805714 1.027526
1.803902 1.027398
1.806234 1.026032
1.749145 1.013016
1.749356 1.012679
1.661396 0.989134
1.660912 0.989867
1.661820 0.988634
1.661784 0.987076
1.331157 0.898951
1.331709 0.897603
1.332257 0.896300
0.983566 0.801597
0.982568 0.801595
0.984100 0.799957
0.987073 0.801299
0.842164 0.763309
0.839218 0.761958
0.833403 0.759507
0.832922 0.759296
0.833144 0.758586
0.826632 0.756948
0.828158 0.752310
0.820347 0.754857
0.814071 0.753117
0.809830 0.753326
0.783285 0.746371
0.790682 0.741841
0.782729 0.746133
0.777631 0.743402
0.776411 0.742596
0.777984 0.737466
0.677572 0.717169
0.682266 0.716479
0.681271 0.716649
0.682843 0.714872
0.591294 0.693058
0.593091 0.692042
0.504346 0.668770
0.507489 0.666034
0.503691 0.667117
0.508176 0.661946
2.361093 1.123415
2.360875 1.121858
2.360741 1.121356
2.242866 1.090939
2.360477 1.120289
2.247754 1.089443
2.245389 1.090090
2.247967 1.089294
2.136486 1.053600
2.129485 1.054572
2.120032 1.055737
2.122492 1.055511
2.079418 1.045098
2.078336 1.044339
2.078478 1.044348
2.073053 1.039656
2.066777 1.038018
2.059505 1.038992
2.059068 1.039770
2.059659 1.039409
2.136206 1.052992
2.129361 1.053404
2.122230 1.054724
2.121909 1.054745
2.122284 1.054643
2.075986 1.042697
2.072014 1.040527
2.072460 1.040147
2.065742 1.038968
2.060418 1.038615
2.066221 1.038378
2.142586 1.052684
2.135954 1.052325
2.126111 1.054403
2.128987 1.053174
1.913220 0.998540
1.910156 0.992810
1.915093 0.996490
1.913994 0.997250
1.915644 0.996233
1.915287 0.995352
1.714298 0.942834
1.711856 0.942772
1.715369 0.939615
1.720542 0.943125
1.718582 0.943037
1.721451 0.940319
1.725321 0.943355
1.727564 0.940961
1.319794 0.832524
1.318856 0.831629
1.317493 0.830459
1.042711 0.755623
1.042444 0.755341
1.042794 0.755095
1.040051 0.753256
1.043436 0.751193
0.590803 0.629691
0.584532 0.628194
0.578256 0.626488
0.571978 0.624641
0.597067 0.630896
0.592967 0.630053
0.591196 0.628049
0.585088 0.625808
0.578593 0.624956
0.570929 0.624272
0.572057 0.624253
0.565685 0.622179
0.573246 0.618386
0.560464 0.620071
0.566149 0.619704
2.370665 1.063977
2.369706 1.062790
2.281863 1.039508
2.368973 1.062029
2.282923 1.039481
2.367336 1.060131
2.284617 1.038423
2.244803 1.027985
2.244151 1.026670
2.285963 1.037313
2.289397 1.033056
2.244015 1.026299
2.244298 1.025776
2.242457 1.024449
2.245002 1.021666
1.823665 0.911270
1.822110 0.911218
1.760904 0.893938
1.829906 0.911455
1.828632 0.911428
1.767153 0.894478
1.762274 0.894032
1.834413 0.911494
1.773405 0.895109
1.771276 0.894909
1.327837 0.773787
1.334063 0.773300
1.330572 0.773398
1.335412 0.773206
1.335292 0.768383
1.129249 0.717636
1.128600 0.715997
2.433733 0.901203
2.433928 0.895752
2.433801 0.899726
2.434016 0.893798
2.434575 0.898479
2.822822 0.848567
2.818851 0.848477
2.823400 0.847520
2.806482 0.845236
2.804315 0.843535
2.798874 0.838899
2.829070 0.849082
2.825177 0.848666
2.829691 0.847502
2.806950 0.843880
2.804442 0.841462
2.799110 0.836424
2.643524 0.799531
2.609435 0.789730
2.605723 0.789624
2.603779 0.786808
2.593693 0.786473
2.597887 0.783790
2.642530 0.797804
2.610847 0.789484
2.609846 0.787578
2.604256 0.783469
2.596031 0.785596
2.597193 0.784661
2.998912 0.809016
3.000254 0.807884
2.791360 0.751628
2.793546 0.750706
2.776933 0.741851
2.765884 0.743449
2.770040 0.742436
2.745068 0.737993
2.744575 0.737177
2.650269 0.712408
2.789797 0.742425
2.776810 0.740705
2.768018 0.742553
2.769757 0.741863
2.748101 0.737319
2.648227 0.711113
2.643946 0.708583
2.643742 0.708465
3.135494 0.736596
3.147988 0.737467
3.149079 0.734979
3.141734 0.736678
3.139677 0.736611
3.142120 0.735801
3.155509 0.734482
3.632809 0.770591
3.537431 0.744308
3.633291 0.769240
3.537768 0.744184
3.537683 0.743169
3.540757 0.743492
3.233427 0.659930
3.236127 0.658999
3.235870 0.659080
3.708324 0.707629
3.702064 0.706590
3.703063 0.703597
3.695801 0.705443
3.694576 0.705182
3.695887 0.705198
3.710537 0.707880
3.578053 0.665752
3.570247 0.669457
3.569954 0.669522
3.570333 0.669305
3.577351 0.666691
3.259165 0.583572
3.260879 0.582554
3.619215 0.628530
3.571244 0.615504
3.617588 0.626625
3.569591 0.614029
3.572150 0.611113
3.499301 0.595611
3.502154 0.594142
3.500450 0.594416
3.497456 0.587611
3.422346 0.573939
3.424230 0.572951
3.428287 0.568453
3.301358 0.540491
3.295073 0.538356
3.288782 0.535953
3.288705 0.535918
3.282491 0.533556
3.282837 0.533107
3.276208 0.531491
3.276697 0.530983
3.269931 0.529769
3.267292 0.530302
3.270263 0.529910
0.184491 0.869574
0.181733 0.869822
0.185110 0.868403
0.185710 0.869376
0.192173 0.865589
0.088023 0.843764
0.085140 0.838974
0.088108 0.842297
0.085140 0.837346
0.085108 0.835876
1.508320 1.142279
1.514692 1.140063
1.509880 1.141189
1.514409 1.139447
1.511692 1.140200
1.514130 1.138853
1.319896 1.089901
1.320147 1.085999
1.319727 1.088356
1.320341 1.083661
1.320453 1.087082
0.252093 0.791512
0.250415 0.791621
0.254389 0.791189
1.992251 1.172348
1.998033 1.170663
1.990911 1.171178
1.909364 1.150567
1.909065 1.150563
1.998351 1.167903
1.989652 1.170183
1.991092 1.169801
1.984588 1.167426
1.915593 1.150190
1.914093 1.150366
1.916119 1.148916
1.991766 1.165792
1.984485 1.167374
1.984602 1.167351
1.918000 1.149913
1.923044 1.146612
1.921625 1.149425
1.921872 1.149260
1.672411 1.078001
1.658599 1.080416
1.665294 1.079383
1.658296 1.080273
1.653310 1.077526
1.659232 1.075339
1.651983 1.076857
1.645693 1.074559
1.639429 1.073354
1.633157 1.071798
1.647065 1.069073
1.628654 1.069583
1.626843 1.068388
1.601733 1.061228
1.624517 1.067055
1.604830 1.061881
1.600758 1.060810
1.602082 1.059795
1.315170 0.984409
1.314741 0.982806
1.320776 0.978787
1.313025 0.981252
1.312690 0.980816
1.313193 0.980266
0.468451 0.749016
0.472961 0.746656
0.472001 0.748103
0.470942 0.748176
0.472304 0.747392
2.342134 1.152695
2.347623 1.148085
2.342081 1.151182
2.347551 1.146710
2.239335 1.123172
2.236103 1.123411
2.341567 1.149584
2.347632 1.144818
2.240373 1.123027
2.240074 1.120064
2.242209 1.122042
2.000854 1.057844
2.001736 1.057485
2.004325 1.056679
2.008199 1.053378
1.885272 1.025466
1.889107 1.021710
1.825123 1.009374
2.007046 1.055884
2.006936 1.055919
2.007089 1.055797
1.881813 1.023063
1.856439 1.015150
1.850174 1.013875
1.843901 1.012353
1.837628 1.010738
1.831357 1.009221
1.827874 1.008922
1.826184 1.004287
1.762471 0.991791
1.762346 0.991381
1.882012 1.021659
1.862695 1.016024
1.858628 1.015516
1.856664 1.014113
1.850933 1.010510
1.845008 1.007602
1.839091 1.004671
1.762311 0.989793
1.761946 0.990146
1.763329 0.986620
1.680742 0.968201
1.678142 0.968189
1.681838 0.964991
1.763601 0.989113
1.686983 0.968351
1.684151 0.968261
1.688142 0.964895
1.693230 0.968839
1.691206 0.968655
1.694056 0.966243
1.340716 0.873755
1.339347 0.871909
1.336856 0.866058
1.336388 0.866163
1.330848 0.861869
0.996592 0.777063
0.995168 0.777198
0.999597 0.776891
0.998136 0.770455
0.821814 0.728768
0.820853 0.728190
0.760032 0.712582
0.720445 0.700915
0.815546 0.725660
0.814548 0.725231
0.815145 0.723265
0.759648 0.710984
0.719582 0.700476
0.714136 0.697774
0.714776 0.696863
0.708809 0.694113
0.702667 0.691994
0.689571 0.692612
0.696392 0.690355
0.594923 0.666319
0.712466 0.697142
0.707848 0.695527
0.708077 0.695144
0.701990 0.692821
0.695300 0.692203
0.693800 0.692240
0.695595 0.691610
0.594901 0.666302
0.590005 0.659794
0.591362 0.663890
0.589451 0.660160
0.522327 0.645781
0.527240 0.641800
0.519575 0.643957
0.518567 0.643325
0.520003 0.642014
2.373556 1.050128
2.373079 1.049542
2.291507 1.027748
2.371849 1.048195
2.374033 1.044994
2.292769 1.027455
2.253675 1.017213
2.253932 1.016956
2.370025 1.046269
2.294306 1.026380
2.253540 1.015683
2.253955 1.015247
2.253776 1.014149
2.253484 1.014213
2.253886 1.013909
1.820779 0.897050
1.770571 0.883250
1.827022 0.897297
1.824320 0.897191
1.822252 0.890903
1.776811 0.883358
1.771025 0.883231
1.833263 0.897525
1.830749 0.897402
1.783064 0.884068
1.777386 0.883398
1.786998 0.884470
1.331216 0.760769
1.331058 0.760426
1.329869 0.758625
1.326121 0.752930
1.307443 0.745887
1.300499 0.746648
1.294727 0.743191
1.150879 0.703700
1.141054 0.707633
1.143415 0.706327
1.140997 0.706128
1.143543 0.704245
2.403225 0.989404
2.403737 0.988050
2.403787 0.986614
2.433939 0.894711
2.434159 0.893031
2.434028 0.893230
2.434916 0.892003
2.435828 0.885679
2.513399 0.840484
2.515500 0.838734
2.514490 0.839270
2.516005 0.837791
2.516224 0.838275
2.848459 0.830073
2.848527 0.830063
2.850029 0.828953
2.855942 0.825704
2.791166 0.813523
2.792247 0.812689
2.852202 0.828068
2.855239 0.826649
2.790531 0.811871
2.792772 0.809180
2.736747 0.792784
2.725918 0.794923
2.729751 0.793732
2.671252 0.780602
2.660182 0.777705
2.736632 0.791592
2.726469 0.793597
2.729577 0.792755
2.672389 0.779402
2.661422 0.776525
2.667700 0.773180
2.667727 0.776727
2.666146 0.776312
2.666460 0.776059
3.015664 0.764558
3.016633 0.763352
2.743656 0.688194
2.705996 0.677652
2.699739 0.676776
2.698272 0.676880
2.694079 0.673458
2.688497 0.669324
2.740311 0.686444
2.738387 0.681976
2.732547 0.678758
2.725950 0.678276
2.719288 0.678025
2.712260 0.678847
2.708794 0.678163
2.712771 0.677249
2.706683 0.674936
2.700750 0.672057
2.658751 0.665026
2.663004 0.662542
3.183702 0.715400
3.189065 0.712236
3.187845 0.714938
3.187705 0.714954
3.187894 0.714821
3.643939 0.752360
3.643852 0.750881
3.539978 0.723614
3.541712 0.722609
3.243433 0.641399
3.245827 0.640560
3.710037 0.702159
3.706756 0.701827
3.710718 0.700282
3.724162 0.698721
3.716279 0.702416
3.714615 0.702391
3.716702 0.701340
3.578229 0.665402
3.579102 0.665368
3.585568 0.662931
3.581883 0.664637
3.585335 0.662179
3.261083 0.577527
3.262879 0.576515
3.629421 0.596957
3.630776 0.593953
3.627400 0.594941
3.606445 0.582993
3.598493 0.587033
3.598090 0.587249
3.598629 0.586893
3.498091 0.560029
3.504338 0.560516
3.500425 0.560154
3.499255 0.555312
3.452905 0.547697
3.454515 0.546752
3.453804 0.546457
3.454226 0.546184
0.149753 0.874844
0.163267 0.874330
0.156004 0.875423
0.151211 0.874922
0.156416 0.874760
0.103491 0.862426
0.169388 0.874914
0.162254 0.876035
0.160369 0.875844
0.162417 0.875776
0.102664 0.860702
0.099885 0.858560
0.094691 0.853031
0.102228 0.859128
0.099843 0.857118
0.094693 0.851421
1.529225 1.136218
1.519812 1.138744
1.521995 1.138010
1.535845 1.134983
1.528706 1.136449
1.520696 1.137471
1.521799 1.137076
1.535482 1.134688
1.528536 1.135457
1.521588 1.136236
1.521588 1.136236
1.521588 1.136236
1.320395 1.083488
1.320778 1.081928
1.320587 1.082028
1.322245 1.080990
1.321883 1.076509
0.253784 0.785076
0.250837 0.785183
0.255457 0.784908
0.255252 0.779130
1.963196 1.185889
1.967981 1.183540
1.960997 1.183809
1.968520 1.179961
1.960735 1.183628
1.891719 1.165494
1.891328 1.165552
1.891925 1.164930
1.957263 1.181359
1.961615 1.178983
1.954411 1.179778
1.897937 1.164697
1.895206 1.165074
1.899131 1.161592
1.951822 1.178491
1.955040 1.176850
1.899035 1.164620
1.643725 1.096161
1.643338 1.094577
1.641550 1.092661
1.305081 1.002923
1.305191 1.001445
1.304867 0.999894
0.441861 0.762124
0.442733 0.761922
0.445097 0.761074
0.449133 0.758111
2.369458 1.070206
2.368219 1.068385
2.367990 1.068089
2.368449 1.066695
2.280136 1.044366
2.279653 1.045171
2.280684 1.043410
2.247083 1.036642
2.366585 1.066497
2.280414 1.043876
2.244764 1.034526
2.242458 1.032991
2.281236 1.042636
2.241445 1.032185
1.821988 0.918300
1.828230 0.918530
1.824580 0.918410
1.823026 0.913951
1.834470 0.918674
1.831251 0.918673
1.829374 0.913707
1.765447 0.900247
1.759197 0.899641
1.758601 0.899618
1.759820 0.897547
1.835357 0.914825
1.771697 0.900867
1.767373 0.900446
1.326117 0.778901
1.324577 0.779885
1.326332 0.778839
1.331899 0.778850
1.332656 0.777887
1.126670 0.723512
1.125641 0.721785
2.398122 1.001167
2.399115 0.999637
2.398871 0.999891
2.399930 0.997050
2.428776 0.927604
2.428670 0.926079
2.428563 0.924597
2.509584 0.846029
2.509257 0.844454
2.515087 0.839517
2.841620 0.834799
2.848421 0.830177
2.846701 0.833561
2.844699 0.834110
2.847554 0.831662
2.784687 0.818375
2.783969 0.817488
2.783382 0.816555
2.784104 0.816155
2.722514 0.795551
2.715582 0.796270
2.708655 0.796669
2.708400 0.796882
2.708699 0.796816
2.679223 0.789236
2.677696 0.787273
2.672488 0.781801
2.655755 0.783089
2.660155 0.777741
2.722428 0.794260
2.710230 0.795895
2.715375 0.795419
2.680311 0.788039
2.677840 0.785136
2.672646 0.779602
2.655313 0.781479
2.659431 0.778709
3.013699 0.772099
3.013632 0.770580
3.014299 0.769305
2.779650 0.706306
2.773384 0.704991
2.767107 0.703221
2.780033 0.706356
2.779743 0.705921
2.773806 0.703065
2.764138 0.702191
2.767344 0.702097
2.760818 0.700912
2.754534 0.698781
2.748254 0.696954
2.704342 0.685703
2.783443 0.705778
2.780118 0.702965
2.773750 0.701656
2.767560 0.699704
2.761396 0.697662
2.755115 0.696041
2.742905 0.695134
2.749108 0.693431
2.741957 0.694299
2.710592 0.686284
2.708480 0.686104
2.705150 0.682057
2.699474 0.678260
2.651253 0.671112
2.715898 0.686595
2.712030 0.679919
2.654095 0.670179
2.653879 0.670306
2.654229 0.669896
3.179883 0.719864
3.176424 0.720039
3.180987 0.717070
3.181136 0.719790
3.627140 0.602907
3.590544 0.592558
3.590036 0.593190
3.624835 0.600831
3.591107 0.591974
3.497458 0.567429
3.499923 0.566579
3.446177 0.551983
3.445275 0.552246
3.446499 0.551368
3.447723 0.551425
0.192460 0.864977
0.189979 0.865436
0.193233 0.863403
0.193239 0.864794
0.083311 0.835986
0.196205 0.864124
0.199670 0.861254
0.083454 0.834518
0.080715 0.829045
0.083482 0.833070
0.080748 0.827331
1.535870 1.134944
1.531781 1.135334
1.537083 1.132174
1.535996 1.134930
1.543827 1.130485
1.542088 1.134162
1.539263 1.134315
1.542497 1.133668
1.320792 1.075530
1.322423 1.073492
1.321724 1.074293
1.322796 1.073131
1.322602 1.072346
0.326169 0.792002
0.319452 0.791949
0.313131 0.790475
0.250382 0.778519
0.325845 0.791568
0.318695 0.793077
0.312435 0.791376
0.306946 0.786901
0.255467 0.778304
0.255304 0.778310
2.036189 1.157667
2.042678 1.155367
1.941230 1.131704
2.035468 1.155977
2.042785 1.153349
2.035329 1.155730
1.942183 1.131532
2.042912 1.151292
2.034027 1.154132
2.035517 1.153680
1.947442 1.130612
1.945714 1.130956
1.948065 1.129243
1.948727 1.130283
1.955366 1.125597
1.679108 1.058086
1.677593 1.057140
1.678481 1.054543
1.674340 1.055341
1.671279 1.053744
1.668678 1.052395
1.325278 0.959358
1.325339 0.957888
1.324424 0.956203
0.887991 0.832499
0.880458 0.834178
0.881363 0.832129
0.874190 0.832792
0.874875 0.831252
0.867914 0.831122
0.868675 0.829343
0.861631 0.829074
0.862900 0.825906
0.823983 0.819051
0.817720 0.817871
0.811445 0.816231
0.805163 0.814215
0.913116 0.837380
0.906467 0.837083
0.899915 0.836435
0.892988 0.836715
0.893366 0.835779
0.886722 0.835407
0.885616 0.835166
0.886770 0.835290
0.859994 0.828439
0.855337 0.826555
0.856126 0.824435
0.824376 0.819092
0.824075 0.818653
0.818472 0.814595
0.812098 0.813308
0.803939 0.813733
0.805321 0.813471
0.798874 0.811920
0.829485 0.818982
0.825595 0.811592
0.813055 0.808266
0.806568 0.807388
0.795149 0.809961
0.799824 0.807427
0.652173 0.772463
0.649496 0.770266
0.648226 0.769387
0.619958 0.762518
0.617729 0.758608
0.620846 0.761292
0.618003 0.756023
0.503875 0.729585
0.497616 0.728586
0.496112 0.728561
0.507065 0.729962
0.504433 0.727072
2.364152 1.109764
2.364061 1.109588
2.251187 1.078819
2.363132 1.107864
2.251998 1.078721
2.208467 1.062674
2.201904 1.062063
2.182146 1.059627
2.362217 1.106178
2.255931 1.078265
2.258183 1.075908
2.208485 1.060966
2.201597 1.061525
2.195005 1.061027
2.188400 1.060337
2.187253 1.060253
2.188478 1.060291
2.257094 1.077123
2.257598 1.076439
2.208792 1.058257
2.201732 1.059439
2.193553 1.060432
2.194752 1.060332
1.905982 0.982767
1.912210 0.982359
1.908085 0.982593
1.906579 0.979832
1.912801 0.982357
1.912391 0.981540
1.730217 0.932734
1.729328 0.932747
1.730579 0.931698
1.736458 0.932936
1.735494 0.932898
1.736934 0.931452
1.328543 0.821784
1.328599 0.821729
1.328541 0.821682
1.322247 0.819186
1.320700 0.818175
1.059495 0.746706
1.066073 0.744005
1.059676 0.745282
1.066006 0.742635
0.606718 0.619474
0.600446 0.617900
0.594168 0.616086
0.607490 0.616275
0.601356 0.614124
0.588993 0.614435
0.594667 0.613970
0.587884 0.614053
2.371404 1.056636
2.370664 1.055919
2.372355 1.052648
2.285666 1.033656
2.368950 1.053994
2.289770 1.032151
2.288243 1.032821
2.290683 1.030030
2.247017 1.022016
2.290222 1.031869
2.248490 1.020915
2.247956 1.019326
1.825345 0.904305
1.831584 0.904450
1.826572 0.904333
1.825896 0.902003
1.768861 0.888780
1.766937 0.888706
1.770292 0.884104
1.832613 0.904455
1.832107 0.902277
1.781361 0.889962
1.775110 0.889317
1.774877 0.889296
1.775660 0.887380
1.333177 0.767529
1.331140 0.760714
1.334963 0.766523
1.330884 0.760015
1.133848 0.712292
1.135345 0.711137
1.134029 0.710860
1.135231 0.709937
2.406697 0.983767
2.407255 0.982416
2.407408 0.980999
2.439486 0.881557
2.445326 0.877335
2.441278 0.880547
2.444482 0.878759
2.830813 0.844971
2.830505 0.844981
2.830923 0.844677
2.796330 0.836029
2.793873 0.832677
2.833821 0.844373
2.838281 0.840811
2.797249 0.834775
2.793880 0.831020
2.788236 0.827108
2.648811 0.794945
2.795618 0.832898
2.793384 0.831227
2.787988 0.826411
2.693870 0.801728
2.687360 0.800932
2.646157 0.793670
2.700078 0.802026
2.693306 0.802173
2.687378 0.799276
2.644376 0.791726
3.001987 0.803276
3.003372 0.800750
3.002626 0.801948
3.004755 0.797293
2.790451 0.743338
2.790002 0.742626
2.790115 0.742868
2.781398 0.740964
2.784043 0.740492
2.746068 0.730435
2.742186 0.730688
2.785156 0.740490
2.783702 0.739854
2.783220 0.739981
2.783755 0.739939
2.746719 0.730394
2.747703 0.724317
2.649191 0.704817
2.645652 0.702856
2.644291 0.702048
3.127498 0.739976
3.121249 0.739469
3.127517 0.739976
3.134777 0.737997
3.078008 0.726996
3.077300 0.726614
3.077436 0.726336
3.071007 0.724140
3.071741 0.722613
3.064735 0.722573
3.065317 0.721506
3.058462 0.721004
3.057057 0.721507
3.058694 0.721118
3.629207 0.776198
3.630504 0.774105
3.629439 0.774791
3.630184 0.773656
3.539165 0.751101
3.540117 0.749887
3.231715 0.666027
3.234427 0.664997
3.234014 0.665155
3.659833 0.722275
3.662366 0.721482
3.664729 0.718814
3.557189 0.692626
3.554989 0.693297
3.557706 0.692548
3.249680 0.608647
3.249349 0.608701
3.252530 0.608058
0.207081 0.848764
0.210060 0.848044
0.210013 0.848057
0.210189 0.847605
0.072205 0.811922
0.072102 0.811612
0.072517 0.810507
0.072214 0.809583
0.073118 0.809216
0.072452 0.807145
1.595738 1.139097
1.543841 1.130446
1.595720 1.137529
1.543875 1.130443
1.550069 1.130062
1.548255 1.130116
1.550607 1.128702
1.557299 1.127273
1.320145 1.068812
1.319042 1.064135
1.320662 1.067457
1.319104 1.062284
1.321038 1.066102
1.319086 1.060756
0.326218 0.791932
0.319956 0.790873
0.313681 0.789174
0.326671 0.791955
0.334012 0.788007
0.308861 0.787288
0.307383 0.786478
0.307678 0.785879
0.302688 0.779623
0.328114 0.790863
0.333866 0.786924
0.304978 0.784788
0.302234 0.779630
0.257154 0.771733
0.255493 0.771804
0.296371 0.774925
0.290047 0.773457
0.260187 0.771579
2.035209 1.158020
2.025416 1.161393
2.027759 1.160603
2.035308 1.156035
2.024447 1.159642
2.027897 1.158476
1.935415 1.136306
1.940901 1.132427
2.022616 1.157698
2.028174 1.155883
2.021033 1.156427
1.939482 1.135586
1.938878 1.135718
1.939699 1.135121
1.941929 1.135061
1.946970 1.131591
1.677863 1.064308
1.675894 1.063255
1.671298 1.061099
1.669591 1.060315
1.663658 1.057641
1.663289 1.057466
1.324445 0.966891
1.327175 0.966405
1.325779 0.960791
1.329348 0.965500
1.325867 0.958863
0.822286 0.825219
0.816024 0.824082
0.809754 0.822629
0.803478 0.820884
0.797193 0.818811
0.880134 0.834944
0.873642 0.834083
0.867362 0.832455
0.861417 0.829623
0.823154 0.825329
0.795664 0.818117
0.797788 0.816354
0.790881 0.815484
0.790731 0.815364
0.790992 0.814998
0.647949 0.777903
0.620195 0.770635
0.648396 0.776536
0.646518 0.775110
0.621435 0.769108
0.620950 0.769333
0.489654 0.733512
0.622066 0.765639
0.495898 0.733823
0.490289 0.733586
0.502160 0.734976
0.499714 0.734595
0.502593 0.733703
2.348097 1.147712
2.348179 1.146228
2.236276 1.116913
2.347830 1.144666
2.347676 1.144264
2.240993 1.115240
2.239423 1.116225
2.241090 1.115187
2.241093 1.114793
2.242163 1.109367
2.016454 1.049522
2.008796 1.052044
2.007746 1.052512
2.009169 1.051513
2.010204 1.051664
2.016020 1.049457
1.890418 1.020268
1.889559 1.019546
2.022659 1.048205
2.012816 1.050897
2.015469 1.049858
1.887677 1.018047
1.890024 1.016783
1.833037 1.002342
1.826787 1.001732
1.825813 1.001833
1.887180 1.016452
1.890196 1.014566
1.851835 1.006199
1.845574 1.005096
1.839307 1.003768
1.835693 1.002934
1.833321 1.001208
1.764318 0.984216
1.688703 0.963210
1.852316 1.003955
1.846825 0.999481
1.776512 0.984987
1.777605 0.982091
1.770250 0.983865
1.767742 0.983638
1.770839 0.982215
1.694945 0.963462
1.690048 0.963253
1.696934 0.963595
1.337483 0.866362
1.337236 0.866036
1.337309 0.866057
1.333937 0.863932
1.330904 0.861879
1.331241 0.862040
1.326289 0.855637
1.330521 0.861580
1.325518 0.856818
0.995299 0.770683
0.998267 0.769906
0.998077 0.769929
0.998572 0.768885
0.824218 0.722847
0.822551 0.722067
0.816255 0.719498
0.814706 0.718876
0.809960 0.716920
0.774021 0.701675
0.766040 0.705325
0.765446 0.705948
0.766233 0.705476
0.786495 0.703654
0.779819 0.703452
0.772936 0.704001
0.587853 0.656411
0.585063 0.651725
0.528376 0.640818
0.527564 0.640293
0.524080 0.638210
0.528767 0.634693
2.380587 1.038875
2.379734 1.037152
2.298813 1.015943
2.263752 1.006763
2.379135 1.035532
2.297574 1.014122
2.294833 1.012483
2.264405 1.005424
2.271316 1.001222
2.292834 1.011421
2.266837 1.004593
2.270585 1.002251
1.824136 0.883075
1.817878 0.882142
1.814189 0.881443
1.811762 0.880223
1.830384 0.883538
1.827300 0.883380
1.824906 0.879735
1.819220 0.875973
1.812839 0.874712
1.806160 0.874520
1.799528 0.874167
1.792753 0.874280
1.792623 0.874286
1.792771 0.874257
1.833588 0.883580
1.831776 0.877646
1.806572 0.871440
1.796900 0.873940
1.799440 0.872883
1.322047 0.744545
1.318951 0.742652
1.315729 0.740955
1.316344 0.739673
1.309449 0.739020
1.303172 0.737293
1.297930 0.735664
1.296887 0.735155
1.216829 0.708601
1.204865 0.711253
1.209839 0.709529
1.165105 0.699535
1.223230 0.708179
1.216559 0.707961
1.204216 0.709604
1.209641 0.708631
1.171351 0.699925
1.166692 0.699755
1.160689 0.698181
1.165170 0.699094
1.158823 0.697531
1.156345 0.695591
1.159027 0.695390
2.421751 0.953465
2.421825 0.951983
2.422027 0.950577
2.491603 0.853018
2.490046 0.854007
2.491918 0.853406
2.491648 0.852952
2.526906 0.823736
2.528978 0.823411
2.533112 0.822326
2.531658 0.822636
2.533678 0.821042
2.977496 0.831108
2.983676 0.827934
2.977561 0.829627
2.983663 0.826346
2.938460 0.818481
2.932195 0.817308
2.925929 0.816018
2.979962 0.828810
2.983206 0.826407
2.940350 0.818401
2.939222 0.815105
2.920878 0.813288
2.919617 0.812661
2.792188 0.779546
2.787833 0.776962
2.787722 0.776877
2.787961 0.776442
2.752116 0.767539
2.786178 0.775023
2.753291 0.766381
2.687405 0.748750
2.686513 0.748851
2.687769 0.747804
2.646756 0.738427
2.694717 0.745443
2.646538 0.736897
3.039225 0.736483
3.041822 0.733370
3.039006 0.734967
3.041531 0.732828
2.742732 0.654281
2.739556 0.652465
2.712040 0.646239
2.737276 0.651383
2.733261 0.649934
2.734386 0.646315
2.720709 0.646445
2.722329 0.641249
2.714446 0.645324
2.713872 0.645236
2.714621 0.644764
3.608472 0.798463
3.611076 0.797179
3.609139 0.797159
3.610904 0.796186
3.556870 0.783443
3.555673 0.776924
3.559267 0.782616
3.217090 0.689897
3.221392 0.689204
3.220547 0.689317
3.222116 0.686963
3.655968 0.729105
3.655877 0.729295
3.656088 0.728907
3.656516 0.727960
3.549273 0.699547
3.551273 0.698877
3.553858 0.698104
3.556844 0.693635
3.247994 0.615330
3.249254 0.615225
3.249321 0.610086
3.252254 0.614551
3.621436 0.622566
3.620268 0.620768
3.574543 0.608773
3.574605 0.607331
3.497593 0.586994
3.497224 0.587013
3.428553 0.567879
3.428971 0.567634
1.386620 1.164876
1.380072 1.164216
1.373889 1.162243
1.367614 1.160602
1.361132 1.159709
1.354702 1.158622
1.348773 1.155737
1.399566 1.165136
1.392504 1.166325
1.385416 1.166866
1.385658 1.166740
1.379145 1.165371
1.379276 1.165478
1.373306 1.162738
1.367171 1.160588
1.361010 1.158532
1.354816 1.156597
1.349244 1.152428
1.373023 1.162184
1.367038 1.159495
1.361052 1.156804
1.355095 1.154014
0.211765 0.842214
0.209380 0.842817
0.212311 0.842100
0.067809 0.802716
0.067534 0.802204
0.062185 0.797228
0.068313 0.801387
0.067575 0.800461
0.062000 0.796296
1.919985 1.215364
1.926997 1.211508
1.919234 1.214660
1.887849 1.205795
1.881591 1.204844
1.915589 1.212709
1.919666 1.212027
1.912930 1.211663
1.906652 1.209865
1.900380 1.208322
1.894112 1.206934
1.892182 1.206573
1.888230 1.204035
1.882801 1.199354
1.920804 1.206329
1.914006 1.206566
1.907627 1.205295
1.901502 1.203110
1.895619 1.200060
1.625271 1.133635
1.625803 1.132265
1.625604 1.130740
1.624174 1.129652
1.624890 1.126281
1.306752 1.044151
1.304110 1.042056
1.304603 1.041811
1.303931 1.041924
1.299118 1.035704
1.301897 1.039941
1.298743 1.035469
0.352722 0.779136
0.357111 0.777569
0.281094 0.759361
0.364207 0.774634
0.352125 0.777485
0.357035 0.776220
0.280655 0.758747
0.275805 0.753633
0.258008 0.752816
0.263360 0.749978
0.364243 0.772924
0.279246 0.756895
0.275742 0.752238
0.269553 0.750287
0.262222 0.752216
0.261564 0.752253
0.262415 0.751749
2.057268 1.151325
2.047331 1.154041
2.050022 1.153171
2.057394 1.149230
2.046419 1.152295
2.050154 1.151058
1.949191 1.126735
1.948951 1.126760
1.949271 1.126544
2.057511 1.147204
2.045422 1.150563
2.050295 1.148945
1.955401 1.125528
1.952366 1.126148
1.956313 1.123787
2.050466 1.146763
1.955524 1.125505
1.963089 1.122028
1.678351 1.051343
1.675233 1.049021
1.672980 1.047765
1.674456 1.043179
1.669456 1.046036
1.322873 0.952181
1.321972 0.950280
1.322722 0.950644
1.321873 0.949010
1.321674 0.948913
1.321470 0.948685
1.321534 0.948643
0.888468 0.831447
0.913527 0.836320
0.914945 0.832401
0.907264 0.835149
0.907854 0.833691
0.900996 0.833781
0.901295 0.833072
0.894729 0.832432
0.894128 0.832317
0.894765 0.832348
0.860893 0.823611
0.857067 0.821844
0.857826 0.819949
0.926056 0.838760
0.919789 0.837408
0.917518 0.836982
0.920517 0.834970
0.854465 0.820430
0.850756 0.818573
0.851859 0.815569
0.819375 0.809865
0.847863 0.817245
0.845377 0.813078
0.825645 0.811358
0.823305 0.810793
0.816058 0.808889
0.819426 0.809562
0.813096 0.808026
0.806814 0.806020
0.651900 0.764341
0.649912 0.762768
0.615242 0.754731
0.612816 0.752070
0.607674 0.746358
0.493052 0.721358
0.648796 0.762070
0.650750 0.759307
0.618517 0.753487
0.617006 0.753719
0.613312 0.748674
0.499296 0.721643
0.493651 0.721370
0.493202 0.720661
0.500822 0.721760
0.499519 0.720530
2.365903 1.096975
2.365083 1.095262
2.263063 1.068526
2.229471 1.059356
2.364534 1.093656
2.266075 1.067814
2.268341 1.063582
2.226936 1.057553
2.229968 1.056332
2.223145 1.055379
2.266042 1.066342
2.267715 1.064240
2.222184 1.054828
2.223400 1.054131
2.216831 1.052033
2.216632 1.051925
2.216902 1.051717
1.896805 0.966161
1.894149 0.965846
1.891083 0.962950
1.885457 0.958978
1.903054 0.966654
1.902899 0.966640
1.897883 0.961068
1.909295 0.966852
1.909232 0.966850
1.904405 0.960232
1.742627 0.923132
1.746130 0.922454
1.745758 0.922470
1.746472 0.921345
1.329246 0.808806
1.325643 0.806963
1.324197 0.805978
1.323150 0.804248
1.082137 0.739541
1.088041 0.737628
1.080844 0.738092
1.088554 0.734165
1.080244 0.737560
1.080938 0.737344
2.400836 0.994541
2.400534 0.995247
2.401456 0.993169
2.401169 0.993934
2.432428 0.913957
2.432215 0.912428
2.564984 0.803728
2.562267 0.804438
2.566126 0.801167
2.565076 0.803716
2.572735 0.800014
3.011608 0.778096
3.011239 0.776509
2.771679 0.710767
2.765411 0.709418
2.777932 0.711485
2.771973 0.710794
2.779508 0.706766
2.762102 0.708206
2.759125 0.707237
2.752839 0.705067
2.746555 0.702982
2.715191 0.695063
2.711829 0.695039
2.781130 0.711735
2.742073 0.701475
2.740268 0.700788
2.721427 0.695053
2.717548 0.695039
2.715595 0.692912
2.710355 0.687546
2.648163 0.676848
2.716675 0.687439
2.649933 0.675831
3.171917 0.724614
3.169351 0.724734
3.172684 0.722720
3.173950 0.724465
3.179451 0.720981
3.640409 0.759488
3.642190 0.756304
3.641026 0.758152
3.641476 0.757238
3.538018 0.731158
3.540780 0.730015
3.540214 0.730231
3.541981 0.724502
3.239536 0.647300
3.240408 0.647157
3.243183 0.646433
0.202143 0.854977
0.203899 0.854481
0.206848 0.853789
0.075898 0.819435
0.076559 0.817590
0.076281 0.818053
1.595769 1.139144
1.616124 1.138412
1.609114 1.139412
1.597138 1.139357
1.602185 1.140121
1.595270 1.138867
1.589893 1.135914
1.584521 1.131032
1.545565 1.125532
1.615906 1.137563
1.609025 1.138101
1.596112 1.137587
1.602216 1.138380
1.595699 1.136011
1.595532 1.137435
1.589894 1.134272
1.584632 1.128986
1.559377 1.122980
1.551800 1.125413
1.549535 1.125376
1.552223 1.124499
1.615743 1.136551
1.608828 1.137215
1.602062 1.137337
1.595699 1.136011
1.589926 1.132558
1.584576 1.127583
1.572167 1.123787
1.565545 1.123390
1.558037 1.125423
1.555467 1.125449
1.558506 1.124499
1.584104 1.127711
1.577917 1.125750
1.571444 1.124816
1.560580 1.125346
1.564834 1.124375
1.318246 1.061769
1.318343 1.060292
1.318298 1.058817
1.314940 1.051445
0.334200 0.787917
0.302821 0.779372
0.334691 0.787507
0.342058 0.783280
0.301734 0.778875
0.252605 0.765176
0.334906 0.786084
0.298538 0.776539
0.296487 0.775030
0.296894 0.774624
0.290219 0.773657
0.290598 0.773053
0.285127 0.768520
0.258840 0.765056
0.254991 0.765120
0.288373 0.772420
0.284751 0.768284
0.260478 0.765091
2.323588 1.161883
2.315377 1.165330
2.315948 1.165150
2.240570 1.145589
2.240363 1.145682
2.323545 1.160426
2.315121 1.163778
2.315953 1.163523
2.246782 1.144462
2.242954 1.144850
2.241133 1.142084
2.323546 1.158838
2.314746 1.162232
2.315978 1.161851
2.246985 1.144433
2.246827 1.144210
2.247681 1.139563
1.982472 1.073593
1.984299 1.069959
1.982477 1.072091
1.983750 1.070295
1.877671 1.044631
1.876532 1.044124
1.870255 1.042333
1.863958 1.039662
1.983158 1.070539
1.982870 1.070728
1.983278 1.070394
1.863356 1.039370
1.864233 1.038525
1.857655 1.036735
1.851384 1.035255
1.845114 1.033774
1.838841 1.032165
1.832566 1.030463
1.826287 1.028664
1.820003 1.026570
1.813744 1.025576
1.813470 1.026299
1.813833 1.026121
1.758878 1.010490
1.757242 1.009249
1.754158 1.007772
1.660771 0.983279
1.751557 1.005645
1.663063 0.981647
1.661959 0.982110
1.664598 0.976944
1.336635 0.893840
1.336822 0.893636
1.336320 0.892257
1.337068 0.891121
1.336172 0.890762
1.337384 0.888398
0.985279 0.796212
0.986702 0.796130
0.991499 0.795469
0.990368 0.795604
0.992896 0.790913
0.834637 0.753924
0.828350 0.751771
0.824754 0.750687
0.822071 0.749864
0.822267 0.749291
0.815792 0.748017
0.813619 0.747770
0.816543 0.745668
0.810991 0.741430
0.804630 0.740097
0.790787 0.741789
0.797964 0.739866
0.790702 0.741755
0.784416 0.739534
0.778122 0.737012
0.798550 0.736128
0.792118 0.735051
0.785738 0.733787
0.778057 0.736956
0.778179 0.736765
0.684000 0.711932
0.683346 0.712137
0.778886 0.732639
0.685199 0.711121
0.593134 0.686995
0.596087 0.685602
0.595200 0.686037
0.509863 0.663669
0.508332 0.661774
0.508228 0.661660
2.358779 1.129356
2.360032 1.126041
2.358726 1.127849
2.360366 1.123213
2.241256 1.097060
2.358457 1.126322
2.243545 1.096159
2.245383 1.095178
2.247264 1.090985
2.115649 1.055912
2.109003 1.055605
2.101718 1.056271
2.102296 1.055518
2.095458 1.055251
2.095747 1.054858
2.089176 1.053258
2.089586 1.052810
2.083895 1.049071
2.054520 1.045124
2.115321 1.055478
2.107962 1.056581
2.103313 1.056423
2.108417 1.056098
2.087063 1.052158
2.083361 1.049366
2.077972 1.044538
2.054266 1.043555
2.059313 1.039015
2.121728 1.055072
2.109826 1.056691
2.114670 1.056251
2.085331 1.050254
2.083171 1.048465
2.077656 1.044080
2.071847 1.040759
2.065469 1.039486
2.054633 1.042188
2.058665 1.039748
1.910614 1.004405
1.913411 1.003264
1.912569 1.003434
1.706339 0.947876
1.712581 0.948111
1.706349 0.947875
1.718825 0.948436
1.713015 0.948134
1.320565 0.840778
1.319797 0.839080
1.317744 0.837091
1.317908 0.834162
1.036169 0.761748
1.035277 0.760016
1.034724 0.759435
1.035333 0.756136
0.827645 0.703751
0.821356 0.701439
0.815073 0.699415
0.802526 0.696162
0.796262 0.694995
0.810792 0.698179
0.808795 0.697580
0.806573 0.697073
0.808945 0.697125
0.576587 0.633884
0.589117 0.636353
0.582850 0.635018
0.577326 0.634000
0.576708 0.633365
0.595373 0.637192
0.594884 0.637116
0.565276 0.624431
0.551906 0.625837
0.558404 0.624934
0.551454 0.625674
0.545150 0.622714
0.559335 0.620001
0.552553 0.620181
2.387815 1.026165
2.388050 1.024748
1.304214 0.725698
1.300292 0.723307
1.299827 0.723044
1.294666 0.719176
1.288673 0.716521
1.282306 0.715208
1.275661 0.714898
1.262957 0.713377
1.269072 0.714388
1.262643 0.713254
1.256359 0.711203
1.250063 0.708577
1.294097 0.720087
1.293980 0.720019
1.293997 0.719997
1.288271 0.716378
1.282181 0.714062
1.275737 0.713026
1.269254 0.712130
1.262911 0.710730
1.256547 0.709405
1.249881 0.708471
1.250071 0.708487
2.419313 0.959371
2.419546 0.957940
2.419729 0.956539
2.469440 0.862741
2.470873 0.862085
2.476838 0.859224
2.472541 0.861060
2.476459 0.858989
2.525168 0.828064
2.523616 0.828556
2.525926 0.826315
2.526362 0.827807
2.953772 0.838634
2.947276 0.837788
2.895385 0.829243
2.895852 0.829064
2.953714 0.837225
2.947399 0.835726
2.903539 0.823993
2.895134 0.827673
2.895881 0.827323
2.876886 0.821544
2.800658 0.802919
2.903655 0.821981
2.894530 0.826058
2.895950 0.825492
2.877297 0.821530
2.876348 0.821281
2.876919 0.821297
2.796170 0.800236
2.795291 0.798740
2.795880 0.797997
2.746108 0.787115
2.795131 0.798507
2.790690 0.790853
2.748134 0.786163
2.669774 0.764334
2.664569 0.760233
2.670296 0.764273
2.669753 0.763435
2.668743 0.763865
2.664148 0.760136
2.652159 0.754830
3.016942 0.751180
3.016427 0.751658
3.018613 0.745844
3.018146 0.750623
2.740763 0.673646
2.734512 0.673040
2.733182 0.672930
2.735309 0.670436
2.714190 0.667957
2.709390 0.665319
2.742834 0.673977
2.708871 0.665063
2.703088 0.662467
3.195806 0.709953
3.194261 0.710118
3.196389 0.708475
3.203520 0.705451
3.646930 0.746592
3.647298 0.745220
3.540130 0.717103
3.541816 0.716071
3.245843 0.635481
3.244405 0.629398
3.249163 0.634811
3.249067 0.634847
3.596999 0.656958
3.601762 0.653120
3.594135 0.654749
3.594133 0.654698
3.594100 0.654717
3.594148 0.654678
3.543909 0.640186
3.545055 0.637550
3.538396 0.637287
3.532294 0.635023
3.526778 0.630654
3.558074 0.637557
3.537886 0.637532
3.532353 0.633210
3.375862 0.589143
3.369172 0.588992
3.363062 0.586756
3.357342 0.583118
3.350426 0.582190
3.259521 0.562517
3.503133 0.539432
3.496861 0.537834
3.490581 0.535920
1.905002 1.218139
1.898726 1.216386
1.892455 1.214868
1.919060 1.215836
1.911770 1.217847
1.905087 1.217668
1.898757 1.216229
1.892590 1.214198
1.886717 1.211117
1.881111 1.207075
1.912637 1.213095
1.906186 1.212085
1.899989 1.210167
1.893957 1.207649
1.617244 1.138077
1.623818 1.134953
1.559807 1.122488
1.618225 1.136831
1.623644 1.133941
1.582678 1.127512
1.579141 1.124528
1.572308 1.123665
1.572746 1.123320
1.566055 1.122932
1.564904 1.122854
1.566140 1.122870
1.619135 1.135603
1.623617 1.132438
1.616197 1.133874
1.579273 1.125138
1.578572 1.124895
1.577552 1.124686
1.578609 1.124830
1.315538 1.054516
1.315231 1.053642
1.315248 1.052928
1.314964 1.051623
1.315072 1.052572
1.309915 1.046915
1.314852 1.051351
1.309499 1.046798
1.304083 1.042062
1.309215 1.046248
1.303752 1.041676
0.342779 0.783078
0.349379 0.781163
0.342150 0.782480
0.291959 0.769445
0.285673 0.767223
0.254298 0.758850
0.349622 0.778667
0.341098 0.781150
0.342345 0.780634
0.283280 0.765984
0.280881 0.759583
0.260533 0.758734
0.256017 0.758840
0.281393 0.764020
0.279340 0.763020
0.280163 0.760559
0.261218 0.758722
0.261286 0.755813
2.059576 1.150703
2.064672 1.148910
2.058552 1.148925
2.064826 1.146713
1.957164 1.122347
1.957106 1.122352
1.957181 1.122311
2.057564 1.147190
2.064957 1.144633
2.057517 1.147110
1.971281 1.118378
1.963383 1.121480
1.960489 1.121725
1.964032 1.120240
1.920794 1.106284
1.914199 1.105793
1.907900 1.104239
1.901786 1.102022
2.065136 1.142414
2.056205 1.145391
2.057722 1.144871
1.977338 1.119196
1.969628 1.121849
1.964902 1.121407
1.970302 1.120289
1.920738 1.104858
1.914196 1.104173
1.908151 1.101702
1.920988 1.102364
1.914577 1.101205
1.674696 1.042475
1.674311 1.042227
1.669992 1.039616
1.668361 1.038158
1.669399 1.035546
1.667597 1.037545
1.319307 0.944704
1.318839 0.943072
1.317648 0.939992
1.318369 0.941481
1.317551 0.938738
0.915257 0.831588
0.921500 0.831877
0.916737 0.831692
0.922914 0.827951
0.852486 0.813856
0.952854 0.839398
0.954332 0.834407
0.946583 0.837865
0.947050 0.836389
0.940305 0.836039
0.941082 0.833637
0.934032 0.834478
0.934751 0.832195
0.927761 0.832962
0.924745 0.832316
0.928276 0.831267
0.850587 0.812858
0.846178 0.810722
0.842582 0.809292
0.839886 0.808287
0.840817 0.805257
0.833602 0.806235
0.653954 0.758326
0.607712 0.746087
0.607497 0.746155
0.652168 0.756391
0.651595 0.755965
0.610564 0.745466
0.608267 0.742602
0.603059 0.737120
0.494714 0.713664
0.494907 0.713650
0.494768 0.713400
0.495859 0.707889
2.352653 1.142361
2.352691 1.140859
2.352407 1.139307
2.239621 1.109727
2.351659 1.137668
2.240960 1.108593
2.242021 1.107426
2.042847 1.051440
2.036343 1.050620
2.029899 1.049590
2.019714 1.049100
2.023330 1.049004
2.042836 1.049854
2.036305 1.049134
2.029805 1.048302
2.023020 1.048209
2.022424 1.048314
2.023081 1.048275
1.896509 1.015319
1.897887 1.014354
2.042838 1.048264
2.036124 1.048197
2.025895 1.047768
2.029585 1.047507
1.895493 1.013544
1.897968 1.012417
1.828475 0.995189
1.826884 0.995567
1.905186 1.009067
1.895077 1.011963
1.897951 1.010879
1.840983 0.996672
1.834719 0.995502
1.830748 0.995081
1.829382 0.991161
1.785853 0.978245
1.778248 0.980508
1.778711 0.979723
1.771981 0.979228
1.770443 0.979271
1.772253 0.978738
1.690420 0.958008
1.843901 0.997079
1.841548 0.994244
1.836148 0.989445
1.830021 0.987268
1.823821 0.985353
1.817495 0.983889
1.810652 0.984289
1.804017 0.983943
1.797886 0.981783
1.790755 0.982017
1.791627 0.980080
1.784497 0.981052
1.781874 0.980788
1.784774 0.980516
1.696663 0.958178
1.695563 0.958148
1.697158 0.956674
1.702905 0.958454
1.702264 0.958432
1.703207 0.957526
1.326361 0.855504
1.326109 0.855326
1.323493 0.853169
1.321362 0.847543
1.020302 0.764983
1.013831 0.764049
1.006659 0.765631
0.999995 0.765110
0.999246 0.765170
1.000078 0.765087
1.020265 0.763492
1.013628 0.763152
1.002442 0.764516
1.006674 0.763957
0.824946 0.716489
0.824254 0.716202
0.817956 0.713489
0.774030 0.701669
0.815271 0.712465
0.811662 0.711020
0.805374 0.708764
0.786545 0.703493
0.780276 0.702065
0.774064 0.701655
0.787797 0.703805
0.535547 0.636285
0.585708 0.648018
0.581715 0.648246
0.580189 0.645047
0.543447 0.631942
0.535130 0.636041
0.535687 0.635636
0.586393 0.648016
0.530705 0.633389
0.536832 0.629892
0.529225 0.632515
2.376914 1.044459
2.375559 1.042612
2.374731 1.041356
2.296814 1.021966
2.258737 1.011994
2.263424 1.007039
2.374329 1.040834
2.374900 1.040291
2.297125 1.020561
2.258576 1.010448
2.263151 1.006379
2.293606 1.018189
2.293120 1.017934
2.293474 1.016800
2.261737 1.009158
2.260054 1.009374
2.262347 1.007675
1.828705 0.890488
1.822457 0.890028
1.821685 0.889952
1.817510 0.883753
1.778531 0.878200
1.829523 0.890520
1.829165 0.888632
1.784771 0.878348
1.782504 0.878185
1.785308 0.876887
1.791017 0.878752
1.790023 0.878698
1.791373 0.877696
1.327785 0.753025
1.326616 0.751954
1.324929 0.750772
1.321384 0.745757
1.307745 0.744906
1.301476 0.743466
1.295198 0.741676
1.194816 0.715525
1.188536 0.713640
1.320934 0.748271
1.320288 0.747962
1.320429 0.747604
1.309747 0.745331
1.314732 0.743874
1.293687 0.741112
1.296534 0.736682
1.202295 0.712449
1.195050 0.714296
1.188560 0.713428
1.182648 0.710484
1.176805 0.707292
1.170869 0.704432
1.164666 0.702535
1.150951 0.703680
1.158076 0.702028
1.150888 0.703628
1.202543 0.709952
1.195614 0.710660
1.188940 0.710454
1.182803 0.708314
1.176961 0.705112
1.171153 0.701787
1.158785 0.697846
1.148310 0.701489
1.151452 0.700008
2.433441 0.907673
2.433369 0.906171
2.517240 0.834485
2.519093 0.833923
2.520996 0.832962
2.524595 0.829509
2.888475 0.831383
2.881696 0.831555
2.876043 0.827683
2.856415 0.824912
2.888246 0.830577
2.881897 0.829198
2.876490 0.824436
2.870345 0.822326
2.858691 0.824670
2.863415 0.823040
2.798160 0.808809
2.888403 0.828429
2.882561 0.825223
2.870311 0.820849
2.860777 0.823755
2.863048 0.822765
2.795046 0.806498
2.739372 0.791899
2.744764 0.788162
2.794032 0.804784
2.794945 0.799778
2.740031 0.790597
2.744280 0.788292
2.669580 0.764813
3.016510 0.758228
3.016383 0.753854
3.017880 0.757115
2.745337 0.681324
2.739065 0.679753
2.732792 0.678143
2.726527 0.676964
2.727365 0.674794
2.720257 0.675475
2.720918 0.673772
2.713972 0.673352
2.715264 0.669901
2.695143 0.668115
2.688882 0.667047
2.682612 0.665602
2.676329 0.663565
2.670055 0.661928
2.746313 0.681455
2.745789 0.679559
2.709780 0.671860
2.707685 0.671136
2.708804 0.667296
2.701407 0.669337
2.696640 0.668411
2.695249 0.667625
2.689276 0.664897
2.682892 0.663645
2.676306 0.662520
2.676420 0.662711
2.670040 0.661268
2.669478 0.661285
2.670101 0.661225
3.582047 0.804738
3.574770 0.806702
3.568382 0.805466
3.562604 0.802039
3.574060 0.807350
3.574130 0.807409
3.567793 0.805977
3.567798 0.805971
3.562741 0.799940
3.203763 0.704858
3.200567 0.705216
3.205101 0.701346
3.204387 0.704764
3.650153 0.740886
3.650989 0.739627
3.541929 0.711027
3.543880 0.710051
3.244620 0.628519
3.244345 0.628545
3.250843 0.627948
3.250094 0.628556
3.603000 0.651983
3.602118 0.650739
3.551915 0.637147
3.602093 0.649647
3.601609 0.650128
3.602272 0.649665
3.558154 0.637306
3.551913 0.637075
3.551784 0.637059
3.551928 0.637040
3.526809 0.630162
3.526598 0.630458
3.521743 0.624559
3.558286 0.637306
3.558856 0.634742
3.527785 0.629291
3.526937 0.628473
3.521798 0.622738
3.376181 0.588528
3.363638 0.585542
3.357347 0.583109
3.390001 0.586711
3.382430 0.589084
3.378558 0.588663
3.382917 0.587977
3.357311 0.583093
3.351056 0.580732
3.351764 0.578973
3.346321 0.574343
3.345748 0.578591
3.344762 0.578191
3.344946 0.577678
3.340024 0.571162
3.258923 0.555808
3.257790 0.554045
3.257569 0.551372
0.196582 0.860621
0.200410 0.859537
0.199341 0.859839
0.201005 0.858032
0.202074 0.859099
0.079514 0.826933
0.076417 0.820293
0.079716 0.825516
0.076493 0.818408
1.947745 1.194935
1.952105 1.192208
1.882060 1.176594
1.945962 1.192975
1.952580 1.188870
1.944782 1.192189
1.883072 1.176486
1.941366 1.190309
1.945624 1.188090
1.938470 1.188884
1.894535 1.176701
1.888287 1.176166
1.887579 1.176186
1.889311 1.172708
1.895703 1.176876
1.895217 1.174104
1.633570 1.108107
1.634113 1.106744
1.632407 1.104827
1.630939 1.103963
1.299585 1.014574
1.298700 1.012853
1.298299 1.011894
1.298033 1.011229
1.298582 1.010224
0.425928 0.771537
0.429159 0.771469
0.432923 0.769592
0.430950 0.770489
0.432513 0.769486
2.324960 1.161291
2.331323 1.158280
2.324981 1.159809
2.331279 1.156817
2.242207 1.136724
2.239368 1.137360
2.324783 1.158303
2.331321 1.155076
2.242460 1.136687
2.242300 1.136274
2.246091 1.136192
1.985469 1.067834
1.986650 1.066632
1.992423 1.063312
1.878209 1.037049
1.871929 1.035129
1.991120 1.065637
1.989370 1.065872
1.991593 1.064693
1.878544 1.035478
1.871499 1.034954
1.871989 1.034845
1.865637 1.032701
1.859361 1.030995
1.853089 1.029396
1.846818 1.027885
1.840545 1.026331
1.834268 1.024556
1.827990 1.022761
1.821723 1.021386
1.820676 1.021641
1.867190 1.026276
1.860710 1.025370
1.854596 1.023149
1.760879 1.004465
1.758933 1.002806
1.757797 1.002168
1.664781 0.976385
1.661998 0.977052
1.665635 0.974835
1.756150 1.000285
1.665028 0.976356
1.672127 0.974074
1.678047 0.975414
1.669616 0.976114
1.671303 0.975463
1.339486 0.886532
1.338867 0.884905
0.993210 0.789862
0.988871 0.790153
0.993498 0.789868
0.994881 0.783773
0.812404 0.740905
0.818831 0.737450
0.811215 0.740227
0.804918 0.737531
0.748456 0.723019
0.811459 0.738123
0.804089 0.737230
0.804928 0.737401
0.798636 0.735552
0.792354 0.733595
0.786062 0.731164
0.756080 0.719402
0.748688 0.721780
0.743205 0.717293
0.737376 0.714050
0.799118 0.732502
0.792761 0.731153
0.785881 0.730999
0.786087 0.730944
0.749429 0.717500
0.743758 0.713682
0.687090 0.705062
0.687339 0.698700
0.688708 0.704031
0.597785 0.679455
0.597145 0.679991
0.598445 0.678880
0.598292 0.676807
0.512141 0.656217
2.367319 1.082742
2.251683 1.051807
2.245393 1.049426
2.366499 1.081049
2.268388 1.055316
2.271262 1.053080
2.243928 1.048907
2.247047 1.043336
2.239100 1.046946
2.365588 1.079368
2.366241 1.073059
2.270450 1.054229
2.269888 1.054229
2.271148 1.051878
2.234761 1.045012
2.240536 1.040915
2.232794 1.043850
2.229869 1.042271
2.233637 1.039927
1.893875 0.949964
1.887610 0.948725
1.881323 0.946522
1.831142 0.933892
1.824886 0.933094
1.824845 0.933090
1.900127 0.950670
1.895724 0.950175
1.894150 0.948675
1.888047 0.946409
1.880399 0.946153
1.881384 0.946162
1.875024 0.943774
1.837393 0.934505
1.835447 0.934360
1.831785 0.930860
1.750474 0.912094
1.750819 0.907345
1.888882 0.941829
1.881973 0.942468
1.872592 0.942658
1.875196 0.942635
1.843638 0.934886
1.842941 0.934866
1.838312 0.929997
1.755788 0.911308
1.752830 0.911211
1.759512 0.911510
1.323128 0.792596
1.322986 0.791656
1.325453 0.791725
1.111689 0.734189
1.116246 0.733035
1.122589 0.732806
1.112531 0.732916
1.115825 0.732921
2.413508 0.970949
2.414616 0.968430
2.413829 0.968514
2.413747 0.969538
2.414049 0.968862
2.461456 0.866680
2.459946 0.867276
2.461920 0.866090
2.462347 0.866403
2.469072 0.862943
2.464847 0.865603
2.468554 0.863217
2.542835 0.814078
2.543181 0.814036
2.550414 0.810890
2.545867 0.813247
2.549968 0.810863
2.992042 0.819146
2.991658 0.820216
2.992334 0.819372
2.992135 0.818876
2.935536 0.802634
2.791920 0.764870
2.791208 0.763792
2.791926 0.762182
2.753574 0.754399
2.751924 0.754392
2.748132 0.750227
2.790523 0.763033
2.792854 0.757233
2.755555 0.753852
2.711059 0.736670
2.703342 0.739501
2.700956 0.739532
2.703842 0.738416
2.649385 0.726022
2.646864 0.724244
2.736316 0.741084
2.730066 0.739346
2.723728 0.737931
2.717283 0.736893
2.706271 0.739460
2.710173 0.738260
2.646206 0.723691
3.100726 0.741048
3.042548 0.731317
3.094184 0.738732
3.087574 0.738296
3.043890 0.731155
3.094194 0.737112
3.087336 0.737571
3.081680 0.733691
3.044970 0.729968
2.741593 0.647433
2.741275 0.647264
2.741399 0.646908
2.734974 0.644484
2.722421 0.640967
2.716166 0.640138
2.713079 0.639967
2.731249 0.643237
2.728691 0.642427
2.723761 0.641271
2.729109 0.641074
3.636642 0.765047
3.637517 0.763789
3.539109 0.737340
3.538009 0.737700
3.540886 0.736964
3.540316 0.732083
3.237830 0.653031
3.237818 0.653033
3.237858 0.652932
3.724263 0.698473
3.718014 0.697926
3.589479 0.661537
3.593309 0.659302
3.588988 0.659938
3.261623 0.569625
3.260539 0.566505
3.631196 0.582822
3.628222 0.577299
3.615906 0.578813
3.621626 0.576814
3.618594 0.578060
3.621154 0.576917
3.507723 0.547784
3.501458 0.546520
3.495187 0.545008
3.488910 0.543266
3.482633 0.541488
3.476352 0.539540
3.509179 0.547875
3.508317 0.545326
3.502630 0.541562
3.496457 0.539553
3.489882 0.538989
3.483236 0.538681
3.474938 0.538882
3.476543 0.538543
1.447067 1.167324
1.447586 1.167167
1.454274 1.165298
1.460805 1.164382
1.453268 1.165734
1.450897 1.166528
1.453700 1.165725
1.453373 1.165708
1.460453 1.164048
1.332244 1.133931
1.330096 1.131888
1.330040 1.130428
0.223107 0.824376
0.221464 0.824834
0.223943 0.822339
0.224290 0.824109
0.003477 0.765314
-0.015356 0.759892
0.047357 0.775038
0.046371 0.775949
0.004303 0.764923
0.005075 0.758917
-0.009114 0.760068
-0.014934 0.759885
-0.015657 0.759696
-0.015339 0.759704
0.047561 0.774803
0.047409 0.774536
0.005171 0.763668
-0.008433 0.760098
-0.009080 0.759784
-0.015402 0.757840
-0.016202 0.758059
-0.015310 0.757974
1.955165 1.190332
1.960172 1.187410
1.953395 1.188370
1.960673 1.183977
1.952759 1.187911
1.889994 1.170404
1.886704 1.170888
1.949481 1.185878
1.953633 1.183489
1.946439 1.184255
1.890449 1.170382
1.896225 1.170194
1.895246 1.170189
1.896961 1.167819
1.636671 1.102375
1.637740 1.101143
1.639488 1.099550
1.636879 1.099441
1.639612 1.097495
1.632616 1.096910
1.640289 1.093486
1.632446 1.096836
1.632648 1.096760
1.301917 1.008639
1.301663 1.007074
1.301388 1.005544
0.433906 0.767373
0.436498 0.766839
0.441546 0.762787
0.437535 0.765652
0.440831 0.763770
2.079794 1.142429
2.078644 1.141090
2.080190 1.139879
1.991903 1.117054
1.985645 1.116152
2.076592 1.139066
2.081024 1.135262
2.012137 1.116698
2.004421 1.118972
2.005256 1.117236
1.998164 1.118079
1.993957 1.117395
1.998439 1.117545
1.961682 1.104487
1.952075 1.106423
1.954437 1.106337
2.074721 1.137124
2.017950 1.118396
2.010676 1.119799
2.007300 1.119416
2.010995 1.119197
1.962003 1.101708
1.949481 1.104245
1.954642 1.103971
1.947936 1.103413
1.897748 1.090486
1.897446 1.090604
1.892779 1.084361
1.955061 1.100870
1.946279 1.101943
1.948096 1.101712
1.903972 1.089932
1.900891 1.090025
1.897950 1.088365
1.892779 1.082744
1.907068 1.090205
1.904069 1.088991
1.898041 1.086457
1.893032 1.080249
1.665934 1.026937
1.665535 1.026534
1.665687 1.026309
1.663888 1.024900
1.660669 1.018516
1.663449 1.023323
1.660546 1.017356
1.315296 0.929043
1.315875 0.927705
1.316151 0.926332
0.937471 0.824131
0.962533 0.829164
0.956271 0.828065
0.950013 0.827123
0.950381 0.826009
0.943742 0.825648
0.941768 0.825154
0.943778 0.825547
0.962902 0.829212
0.963090 0.827105
0.846158 0.798598
0.843309 0.797231
0.838986 0.795226
0.837008 0.794372
0.830711 0.791789
0.829439 0.791273
0.657759 0.746226
0.658025 0.744806
0.596848 0.728761
0.593237 0.724027
0.597458 0.727449
0.593238 0.722413
0.488791 0.698943
0.490313 0.697863
2.390936 1.020433
2.391482 1.019090
2.392674 1.017958
2.423694 0.947430
2.423702 0.945921
2.423820 0.944484
2.480186 0.857974
2.484315 0.856539
2.491579 0.853021
2.483614 0.856758
2.482077 0.857001
2.483895 0.856452
2.542747 0.814247
2.534856 0.818233
2.534444 0.818294
2.534992 0.817926
2.538116 0.817771
2.541940 0.815529
2.968188 0.835304
2.968386 0.835267
2.975882 0.831748
2.936811 0.826835
2.935423 0.826638
2.917984 0.821649
2.968492 0.833805
2.975793 0.830443
2.940079 0.826351
2.937841 0.821676
2.931937 0.818701
2.925867 0.816321
2.916170 0.820082
2.918493 0.818631
2.792443 0.786217
2.943019 0.825519
2.942487 0.825528
2.913793 0.817989
2.919452 0.813577
2.792162 0.786085
2.786139 0.783226
2.785506 0.782854
2.751685 0.773980
2.679445 0.753776
2.675375 0.753983
2.661311 0.750301
2.660648 0.749996
2.753844 0.773092
2.680122 0.753731
2.646123 0.744813
2.646502 0.743453
3.026620 0.740976
3.028846 0.740315
3.033520 0.739018
3.032589 0.739848
3.032897 0.739682
2.742941 0.660888
2.710246 0.652317
2.738689 0.655060
2.709251 0.650585
3.617050 0.794162
3.619139 0.792394
3.616064 0.792416
3.619578 0.789193
3.555760 0.776463
3.555606 0.776558
3.557406 0.775563
3.556598 0.771992
3.223117 0.684293
3.222141 0.684675
3.224349 0.683756
3.665593 0.716445
3.664027 0.716822
3.666521 0.713962
3.667114 0.716164
3.558908 0.687406
3.558164 0.687580
3.561319 0.686932
3.251369 0.602157
3.250073 0.602344
3.253273 0.601691
3.631596 0.590667
3.606479 0.583183
3.629537 0.588943
3.606615 0.582929
3.614181 0.579376
3.493510 0.552079
3.462135 0.543650
3.506038 0.554437
3.499774 0.553278
3.497314 0.552784
3.493957 0.550155
3.487978 0.547452
3.481860 0.545246
3.475696 0.543207
3.469226 0.542272
3.461944 0.543519
3.462173 0.543422
3.469568 0.539417
3.461797 0.541992
3.462178 0.541787
1.432541 1.170823
1.425688 1.171262
1.419315 1.169974
1.413234 1.167635
1.407159 1.165277
1.400874 1.163675
1.394459 1.162539
1.387176 1.163510
1.387833 1.162157
1.380909 1.162178
1.374638 1.160676
1.368365 1.159074
1.343253 1.151797
1.432569 1.169091
1.425879 1.168946
1.419349 1.168217
1.413138 1.166344
1.406879 1.164647
1.399682 1.164887
1.400301 1.164093
1.393437 1.164536
1.393186 1.164503
1.393453 1.164513
1.343882 1.151582
1.343345 1.151054
1.338148 1.145540
1.432388 1.168147
1.425848 1.167454
1.419341 1.166647
1.412879 1.165677
1.405923 1.165126
1.400419 1.164927
1.406395 1.164783
1.349471 1.150973
1.348096 1.151195
1.343875 1.147522
1.338191 1.143754
1.351527 1.150640
1.349810 1.148801
1.344107 1.145097
1.337989 1.142884
0.213465 0.836187
0.211285 0.836771
0.214185 0.836034
0.217190 0.835376
0.059407 0.793964
0.056937 0.791896
0.051917 0.785750
0.058233 0.792177
0.056771 0.790880
0.051953 0.783992
1.982968 1.178063
1.972372 1.181748
1.975571 1.180454
1.969606 1.179514
1.976064 1.177043
1.968702 1.178912
1.899671 1.160122
1.896580 1.160381
1.900945 1.156707
1.965781 1.177035
1.969269 1.175661
1.962380 1.175179
1.900901 1.160013
1.970208 1.170701
1.960458 1.174193
1.962746 1.173339
1.905887 1.159254
1.904430 1.159473
1.906422 1.157986
1.647990 1.090730
1.646768 1.088920
1.643946 1.086724
1.642274 1.085796
1.643124 1.083267
1.308912 0.995868
1.307623 0.994056
0.457784 0.752815
0.449824 0.757213
0.449799 0.757223
0.449835 0.757194
0.452368 0.756421
0.456918 0.754319
2.085189 1.136256
2.089168 1.131805
2.012428 1.116104
2.082653 1.134099
2.081420 1.133117
2.026176 1.114630
2.018680 1.116713
2.014993 1.116358
2.019120 1.115795
1.963744 1.102934
1.969949 1.098972
2.079729 1.131874
2.032177 1.115645
2.024930 1.117284
2.024137 1.117277
2.025039 1.117105
1.962767 1.101176
1.970022 1.097077
1.962186 1.100716
1.891961 1.082617
2.045308 1.115268
2.038332 1.116151
2.030180 1.117422
2.031316 1.117176
1.960239 1.099046
1.962556 1.098117
1.892017 1.081139
1.893105 1.079782
1.892870 1.079907
1.781428 1.045813
1.775044 1.044566
1.769206 1.041351
1.661031 1.019109
1.660964 1.019015
1.661002 1.018959
1.781305 1.044657
1.774642 1.044410
1.768555 1.042090
1.762691 1.038967
1.660039 1.017338
1.756675 1.034820
1.660882 1.015415
1.659731 1.015784
1.317081 0.922965
1.317666 0.921619
1.318046 0.920263
0.957985 0.822664
0.956884 0.822567
0.958378 0.821460
0.964228 0.822893
0.963859 0.822904
0.964854 0.820759
0.846173 0.792058
0.845015 0.791491
0.839035 0.788684
0.838712 0.788534
0.839312 0.786442
0.832412 0.785765
0.830645 0.785023
0.660514 0.740403
0.662942 0.738354
0.661745 0.739224
0.590649 0.720588
0.589335 0.713865
0.664234 0.733407
0.590927 0.719174
0.488548 0.692333
0.489759 0.691158
2.384260 1.033292
2.384634 1.032715
2.383960 1.031705
2.384772 1.030577
2.297755 1.009121
2.296697 1.008418
2.290770 1.005530
2.271474 1.001510
2.383764 1.030184
2.384775 1.028967
2.297568 1.007566
2.296545 1.006919
2.296690 1.006805
2.290990 1.003100
2.284861 1.000934
2.272182 1.000911
2.278324 1.000229
2.293102 1.004927
2.290233 1.003610
2.291168 1.000855
2.285197 0.998115
2.277673 0.999871
2.274866 1.000139
2.278236 0.998941
1.825804 0.875622
1.819539 0.874383
1.813256 0.872341
1.832058 0.876417
1.830776 0.876274
1.826408 0.872733
1.820180 0.870920
1.810200 0.870870
1.813545 0.870570
1.311309 0.734100
1.311172 0.734031
1.311196 0.733979
1.304869 0.731114
1.306026 0.728370
1.304121 0.730728
1.300164 0.723611
1.262634 0.713330
1.256274 0.711996
1.249903 0.710700
1.243471 0.709625
1.236869 0.709159
1.230094 0.709313
1.223282 0.708715
1.222046 0.709207
1.223354 0.709346
1.243537 0.707776
1.236906 0.707409
1.223757 0.708174
1.230085 0.707734
1.223257 0.707601
2.425373 0.939808
2.425398 0.938337
2.453491 0.871512
2.452604 0.871899
2.453791 0.871107
2.454882 0.871001
2.461199 0.867049
2.457422 0.870220
2.460441 0.868195
2.816248 0.849036
2.809910 0.847617
2.822504 0.849145
2.816041 0.848178
2.809880 0.846122
2.644949 0.807961
2.645032 0.806480
2.614018 0.797779
2.612319 0.797902
2.608905 0.792579
2.584442 0.790597
2.590050 0.787761
2.643192 0.804544
2.616270 0.797470
2.614573 0.794800
2.588895 0.790076
2.588680 0.790226
2.588988 0.789963
3.005108 0.796290
3.005328 0.796101
3.006167 0.794865
2.744627 0.724782
2.747760 0.724098
2.747736 0.724102
2.648690 0.698141
2.647365 0.697413
2.644944 0.695660
3.163943 0.729003
3.162198 0.729409
3.164529 0.727837
3.165756 0.728877
3.171196 0.726468
3.626060 0.781925
3.544504 0.760556
3.625957 0.780443
3.540983 0.758131
3.540513 0.757202
3.541237 0.756748
3.540744 0.754785
3.230005 0.672130
3.232045 0.671202
3.689280 0.704745
3.681526 0.707018
3.682561 0.704703
3.675279 0.706630
3.675164 0.706644
3.675318 0.706543
3.706607 0.712939
3.707619 0.709806
3.700332 0.711276
3.700867 0.709881
3.694059 0.709683
3.694388 0.708970
3.687786 0.708036
3.684091 0.707498
3.688047 0.707567
3.562307 0.675337
3.565122 0.674811
3.256714 0.589481
3.622403 0.614770
3.579338 0.603480
3.581670 0.601085
3.579195 0.601970
3.581620 0.599659
3.499269 0.579947
3.497192 0.580452
3.500053 0.579741
3.500029 0.576759
3.433069 0.562152
3.438009 0.557693
1.446952 1.167418
1.434940 1.170399
1.439590 1.169683
1.446307 1.168102
1.435695 1.169096
1.439267 1.169214
1.336109 1.143001
1.333529 1.137953
1.453249 1.165749
1.445950 1.167788
1.439007 1.167866
1.438397 1.168338
1.439058 1.168368
1.335925 1.141448
1.333511 1.136374
1.332977 1.139205
1.332322 1.138831
1.332474 1.138503
0.215172 0.830508
0.216901 0.830191
0.219617 0.829445
0.222518 0.825868
0.051687 0.785395
0.046809 0.779919
0.051959 0.783914
0.051936 0.783965
0.047042 0.777443
0.003008 0.766343
-0.003473 0.765442
-0.009553 0.763102
0.002381 0.766992
-0.003451 0.763754
2.005194 1.170018
2.012795 1.165994
2.004108 1.168905
2.005355 1.168541
1.917328 1.145770
2.012995 1.163653
2.002091 1.166889
2.005639 1.165900
1.998840 1.164861
1.923558 1.145443
1.921175 1.145672
1.924340 1.143565
2.006225 1.162202
1.997923 1.164339
1.998975 1.164072
1.925096 1.145217
1.931365 1.140889
1.928423 1.144644
1.930242 1.143353
1.673281 1.077716
1.672539 1.077272
1.666237 1.074436
1.673840 1.071228
1.665778 1.074242
1.666322 1.074052
1.659945 1.071995
1.653655 1.069613
1.641112 1.066537
1.634841 1.065051
1.652149 1.069191
1.653754 1.069228
1.647377 1.067819
1.645266 1.067384
1.641363 1.065366
1.631059 1.063656
1.635030 1.063932
1.628550 1.062659
1.635869 1.059331
1.622914 1.060066
1.628983 1.059886
1.622244 1.059634
1.321033 0.978384
1.319532 0.979006
1.322294 0.978231
1.321014 0.977526
1.318892 0.975880
1.321611 0.974188
0.813952 0.830863
0.807319 0.830503
0.801366 0.827705
0.644728 0.784175
0.637866 0.784642
0.631469 0.783440
0.625377 0.781145
0.637807 0.783257
0.631260 0.782589
0.625479 0.779167
0.476629 0.744612
0.479969 0.743444
0.478415 0.743579
0.480666 0.741525
0.487377 0.740021
2.294587 1.170987
2.286964 1.172495
2.287431 1.172514
2.294721 1.168867
2.283079 1.169966
2.287672 1.170004
2.281085 1.168947
2.274790 1.166397
2.255991 1.162496
2.254658 1.162517
2.250680 1.157794
2.294751 1.167145
2.287910 1.167539
2.281323 1.167022
2.274153 1.166144
2.274817 1.166208
2.268487 1.163514
2.262239 1.162990
2.262148 1.162994
2.256653 1.158897
2.251230 1.154189
2.080278 1.114815
2.074002 1.113085
2.294737 1.165622
2.287998 1.165647
2.281582 1.164509
2.274996 1.163984
2.268566 1.162898
2.262786 1.159467
2.257310 1.154945
1.977519 1.085388
1.976774 1.083706
1.880976 1.058588
1.880260 1.055143
1.797825 1.035659
1.975503 1.081922
1.882205 1.057422
1.880265 1.053502
1.874743 1.049147
1.868398 1.047758
1.798372 1.035439
1.755808 1.024291
1.753882 1.023093
1.882571 1.056069
1.880163 1.052283
1.874497 1.048446
1.868425 1.046065
1.843287 1.039626
1.836710 1.039069
1.830674 1.036563
1.798128 1.033892
1.797778 1.033540
1.751359 1.021623
1.747558 1.019230
1.659731 0.996696
1.658632 0.997325
1.818195 1.031447
1.796240 1.031951
1.798249 1.030548
1.747371 1.019112
1.660534 0.996321
1.660672 0.992679
1.661403 0.995088
1.327079 0.904106
1.326808 0.904359
1.327200 0.904022
1.327595 0.903082
0.975608 0.806733
0.981846 0.806779
0.976915 0.806664
0.843816 0.770696
0.982781 0.806736
0.841662 0.769721
0.837514 0.767790
0.787322 0.754703
0.833906 0.766195
0.831214 0.764973
0.824920 0.762475
0.803867 0.758315
0.807115 0.755361
0.784989 0.753366
0.781008 0.751268
0.823985 0.762143
0.819949 0.756033
0.813909 0.753543
0.803254 0.756695
0.806923 0.754455
0.779932 0.750568
0.675601 0.718331
0.668036 0.719998
0.666075 0.720704
0.668660 0.719082
0.674287 0.720645
0.669053 0.720002
0.674774 0.719685
0.589760 0.699204
0.591208 0.698110
0.498872 0.673885
0.500115 0.672740
2.395378 1.008504
2.396104 1.007190
2.397410 1.005427
2.396909 1.005939
2.430820 0.921595
2.430681 0.920052
2.430436 0.918524
2.636892 0.814595
2.630865 0.812063
2.636907 0.812918
2.631114 0.809543
2.572963 0.799524
2.568955 0.799638
2.574338 0.795844
2.573930 0.799477
2.995584 0.814693
2.996233 0.813389
2.792894 0.757109
2.791957 0.758330
2.755264 0.747924
2.748981 0.745900
2.742706 0.744204
2.711345 0.736398
2.792902 0.757096
2.792913 0.757024
2.756328 0.747497
2.762600 0.744984
2.743262 0.741903
2.736410 0.741549
2.736653 0.741459
2.730123 0.739402
2.730574 0.739113
2.723854 0.737972
2.724175 0.737919
2.717588 0.736679
2.714431 0.736513
2.717790 0.736673
2.648571 0.718505
2.739556 0.741640
2.742921 0.741539
2.646913 0.717321
2.643466 0.714958
2.643706 0.709374
3.155990 0.734269
3.155831 0.734292
3.156022 0.734223
3.158396 0.733509
3.163409 0.730271
3.622159 0.788954
3.621542 0.787296
3.552320 0.769148
3.551561 0.767507
3.546443 0.761712
3.553926 0.768086
3.551722 0.765309
3.545965 0.761802
3.227695 0.678077
3.607752 0.645182
3.611351 0.641213
3.559363 0.632495
3.560181 0.631570
3.519640 0.622092
3.559849 0.631065
3.559700 0.631111
3.560177 0.629981
3.519976 0.620681
3.516732 0.616741
3.390435 0.586081
3.404109 0.584391
3.396678 0.586318
3.393648 0.586067
3.397077 0.585473
3.345459 0.573441
3.340194 0.570771
3.410690 0.583346
3.339432 0.570370
3.334994 0.565038
3.258778 0.549224
3.258621 0.549027
3.259013 0.547791
3.257223 0.547331
