1.415423 1.265905
1.402884 1.262122
1.434218 1.273239
1.427963 1.269698
1.421916 1.266718
1.410787 1.264937
1.415466 1.265840
1.409148 1.264606
1.408998 1.264536
1.403823 1.260314
1.440459 1.278278
1.435756 1.274294
1.434349 1.273533
1.428500 1.270855
1.423020 1.267071
1.504248 1.289974
1.497290 1.290630
1.490629 1.292186
1.446695 1.283996
1.441608 1.279386
1.440549 1.278835
1.434661 1.276279
1.429039 1.272929
1.498050 1.292011
1.486809 1.293260
1.490976 1.293016
1.484327 1.293921
1.478037 1.294234
1.452935 1.289200
1.447198 1.284434
1.446729 1.284211
1.440732 1.281986
1.434894 1.279289
1.429324 1.275797
1.491487 1.295177
1.484748 1.295170
1.472668 1.293913
1.478192 1.294621
1.471754 1.293854
1.465473 1.293189
1.459199 1.291879
1.454060 1.289780
1.452975 1.289401
1.447077 1.286891
1.441019 1.284854
1.435348 1.281669
1.491855 1.297795
1.485358 1.297069
1.478888 1.296264
1.472376 1.295581
1.466102 1.294191
1.459784 1.292933
0.088471 0.711296
0.085560 0.714421
0.085537 0.714448
0.085986 0.713180
1.332939 1.125465
1.332894 1.125401
1.335894 1.129865
1.339138 1.135415
1.338395 1.134239
1.341531 1.138774
1.741467 1.254786
1.731634 1.256068
1.734234 1.256266
1.727808 1.258955
1.721552 1.255609
1.715277 1.254161
1.708996 1.253642
1.748091 1.258814
1.740988 1.259899
1.734076 1.261117
1.734098 1.260349
1.727806 1.259284
1.727810 1.258991
1.721749 1.256955
1.715490 1.255513
1.704952 1.253907
1.709102 1.254457
1.702706 1.254047
1.696416 1.254439
1.747872 1.263169
1.735047 1.264415
1.740736 1.264350
1.727314 1.262695
1.721796 1.260521
1.715703 1.258586
1.709418 1.257227
1.703011 1.256227
1.692417 1.254950
1.696559 1.255371
1.690126 1.254900
1.683843 1.254347
1.747749 1.267258
1.734986 1.268226
1.740622 1.268408
1.734012 1.268345
1.727738 1.266896
1.727226 1.266504
1.721761 1.264351
1.715771 1.262116
0.288661 0.643597
0.283213 0.637990
0.277298 0.635502
0.271286 0.633316
0.261066 0.635657
0.264389 0.633788
0.285663 0.644934
0.282355 0.645642
0.282694 0.643223
0.276067 0.645873
0.276844 0.640556
0.270798 0.638479
0.263519 0.643141
0.261154 0.639477
0.264148 0.638209
0.326230 0.660469
0.319961 0.658501
0.313685 0.657308
0.270818 0.645457
0.338747 0.666861
0.332492 0.663263
0.331319 0.662711
0.326407 0.661019
0.320246 0.659290
0.310412 0.658073
0.313930 0.658025
0.351269 0.672558
0.345007 0.669868
0.343817 0.669317
0.451569 0.704672
0.526848 0.722649
0.451760 0.704763
0.449415 0.704244
0.445294 0.703433
0.445604 0.702408
0.565702 0.729981
0.521051 0.723987
0.527811 0.722319
0.520548 0.724208
0.514264 0.724006
0.507993 0.722135
0.501722 0.720388
0.495450 0.718754
0.489176 0.717348
0.482898 0.716461
0.559446 0.736342
0.558156 0.736755
0.558766 0.734247
0.551860 0.737850
0.521207 0.725627
0.514619 0.725173
0.622493 0.748967
0.549211 0.737884
0.622500 0.757993
0.622492 0.752667
0.622320 0.761770
0.741655 0.786757
1.280068 0.972944
1.347968 0.995438
1.329165 0.988974
1.324500 0.981490
1.279183 0.976527
1.278973 0.977738
1.354215 0.999893
1.348450 0.995781
1.323395 0.990181
1.322867 0.990286
1.322972 0.989757
1.316565 0.992031
1.278502 0.980184
1.279636 0.978235
1.399708 1.005900
1.360463 1.004223
1.356037 1.001254
1.315401 0.992205
1.310270 0.993050
1.311289 0.988082
1.278452 0.984012
1.448261 1.028415
1.441989 1.026682
1.435725 1.024224
1.429456 1.022159
1.423180 1.020991
1.421317 1.019622
1.417211 1.017741
1.411189 1.015583
1.404886 1.014268
1.398831 1.012210
1.393395 1.008299
1.366710 1.008761
1.363999 1.006828
1.368151 1.003157
1.424000 1.021275
1.417531 1.020462
1.411372 1.018717
1.405008 1.017592
1.398643 1.016467
1.392839 1.013670
1.372943 1.014774
1.370384 1.012069
1.374452 1.008195
1.376562 1.017280
2.220074 1.285019
2.227138 1.281326
2.219229 1.285286
2.213709 1.287375
2.220791 1.283824
2.212921 1.287617
2.206618 1.289443
2.214523 1.286116
2.206275 1.289523
2.206694 1.289371
2.200320 1.290785
2.197527 1.291413
2.200953 1.290114
2.435265 0.755125
2.438854 0.760382
2.437858 0.759501
2.439321 0.758344
2.445094 0.765633
2.443926 0.764679
2.445500 0.763749
2.590863 0.800084
2.595083 0.809733
2.590836 0.803864
2.595396 0.813616
2.678868 0.836009
2.677067 0.836634
2.670773 0.837496
2.669284 0.837676
2.671883 0.834675
2.664477 0.838583
3.464550 0.716793
3.463444 0.717471
3.465147 0.715900
3.547578 0.735188
3.461774 0.720913
3.548924 0.744127
3.548123 0.747742
3.548312 0.751616
3.677673 0.786658
3.671407 0.784406
3.665123 0.784079
3.685246 0.789703
3.683934 0.789533
3.682625 0.789118
3.684279 0.788378
3.659408 0.783939
3.658816 0.786344
3.658673 0.787598
1.398310 1.255290
1.394360 1.252001
1.417093 1.263847
1.410827 1.261651
1.404564 1.258949
1.402009 1.257493
1.423350 1.267347
1.420048 1.265311
1.417564 1.263224
1.508332 1.288807
1.511740 1.287710
1.504869 1.290622
1.426188 1.270489
1.424024 1.267771
1.512415 1.289365
1.502490 1.291284
1.505164 1.290894
1.498554 1.293673
1.429551 1.276982
1.428041 1.274731
1.512645 1.292379
1.505546 1.293449
1.498039 1.294099
1.498612 1.294026
1.512712 1.295906
1.505417 1.297555
1.496272 1.297536
1.498708 1.297460
0.122119 0.695576
0.135895 0.697611
0.129048 0.697935
0.118146 0.697698
0.122334 0.697854
0.115805 0.698697
0.129438 0.700481
0.122669 0.700566
0.111574 0.700062
0.115988 0.700388
1.325583 1.096501
1.325143 1.095880
1.327835 1.100263
1.329509 1.104440
1.331748 1.110166
1.330916 1.108582
1.865832 1.269595
1.857305 1.271479
1.858629 1.270989
1.852092 1.272422
1.845811 1.271871
1.839532 1.270991
1.903047 1.282972
1.897375 1.279757
1.853374 1.270200
1.846350 1.271049
1.837345 1.270800
1.839715 1.270729
1.833251 1.270439
1.826971 1.269649
1.820693 1.268673
1.814415 1.267689
1.808139 1.266581
1.801862 1.265369
1.795587 1.264101
1.789312 1.262816
1.783038 1.261507
1.776761 1.260390
1.928793 1.290294
1.921889 1.290784
1.915130 1.290840
1.908609 1.290181
1.902217 1.291388
1.902392 1.288606
1.895937 1.290700
1.896436 1.286248
1.889661 1.289450
1.890629 1.283447
1.822150 1.266498
1.815507 1.266210
1.809015 1.265467
1.802600 1.264497
1.796221 1.263423
1.947654 1.303000
1.946118 1.303235
1.946529 1.301434
1.939820 1.304488
1.941434 1.296492
1.922315 1.293185
1.915345 1.293871
1.905300 1.293543
1.908610 1.293857
1.887754 1.289634
1.883360 1.291097
1.883710 1.287677
1.878279 1.283763
2.015081 1.324541
1.938701 1.304786
1.916088 1.295353
1.903600 1.296973
1.908887 1.296727
1.902158 1.298022
1.881677 1.292105
1.877457 1.289941
1.871811 1.286682
2.029258 1.323499
2.022577 1.323321
2.009762 1.324435
2.015596 1.324044
2.008796 1.324394
2.002517 1.323587
1.996240 1.322393
1.989964 1.321219
1.983687 1.320198
1.977408 1.319303
1.971129 1.318375
1.964852 1.317385
1.958578 1.315926
1.952310 1.313912
1.946044 1.311583
1.939781 1.308872
1.939686 1.308814
1.909809 1.297705
1.899646 1.299928
1.902490 1.299424
1.895857 1.299766
1.972479 1.315559
1.965725 1.315596
1.959537 1.313947
0.283492 0.667262
0.254496 0.658200
0.293749 0.670751
0.280169 0.667717
0.277183 0.669738
0.278279 0.663841
0.258359 0.665793
0.255368 0.662192
0.292599 0.674287
0.289698 0.676205
0.290925 0.670052
0.276227 0.670651
0.271479 0.667739
0.260589 0.667186
0.422519 0.707284
0.416783 0.704263
0.441718 0.714028
0.435274 0.713138
0.429077 0.711507
0.560924 0.751685
0.578718 0.764661
0.578095 0.764788
0.578128 0.764430
0.571792 0.766579
0.572190 0.762013
0.566263 0.759570
0.560392 0.756959
0.554617 0.754071
0.623566 0.773343
0.571236 0.766777
0.565483 0.769062
0.565855 0.764486
0.560010 0.761813
0.554243 0.758910
0.637755 0.785408
0.634979 0.783230
0.629048 0.780802
0.623363 0.777639
0.565117 0.769248
0.635144 0.788619
0.634457 0.789204
0.634593 0.788082
0.628987 0.784687
0.623270 0.781638
0.631434 0.791628
1.281082 0.994107
1.286338 1.005763
1.282645 1.001308
1.281351 0.996974
1.349049 1.023182
1.350419 1.015900
1.342780 1.021311
1.343682 1.015888
1.336506 1.019802
1.337309 1.014783
1.330230 1.018533
1.331029 1.013399
1.323953 1.017569
1.324797 1.011873
1.317675 1.016597
1.318727 1.009864
1.313049 1.006678
1.298854 1.012182
1.292597 1.008854
1.286671 1.006003
1.286487 1.005478
1.355304 1.026718
1.350804 1.024095
1.356203 1.022450
1.316051 1.016352
1.311397 1.015684
1.311548 1.014875
1.305119 1.014681
1.300916 1.012988
1.305678 1.012274
1.357731 1.029437
1.363129 1.025593
1.361106 1.034007
1.361737 1.033469
1.963348 1.224402
2.000957 1.236733
1.971285 1.221586
1.961029 1.224692
1.963976 1.223295
1.957051 1.225465
1.950761 1.225803
2.000125 1.237207
1.994644 1.239706
1.996352 1.230955
1.949883 1.225990
1.951113 1.225120
1.944458 1.227710
1.994547 1.239742
1.941820 1.228011
1.945637 1.225055
1.938156 1.229478
1.989376 1.242399
1.988331 1.242739
1.988586 1.241420
1.982029 1.244504
1.983639 1.236066
1.981791 1.244549
2.189669 1.296321
2.182726 1.297873
2.176491 1.299289
2.183911 1.297040
2.176426 1.299304
2.170129 1.300442
2.178004 1.298247
2.166890 1.300952
2.170640 1.300111
2.163834 1.301420
2.157539 1.302446
2.165020 1.300492
2.156849 1.302552
2.157648 1.302372
0.621478 0.721996
0.622206 0.718555
0.619131 0.723967
0.617735 0.727479
0.716158 0.753199
0.715491 0.754212
0.715706 0.752435
0.713239 0.756339
0.710249 0.752286
0.775579 0.774034
0.771876 0.776077
0.709616 0.759367
0.709301 0.758843
0.770675 0.776743
1.343313 0.961357
1.343282 0.958213
1.398713 0.981112
1.343677 0.965223
1.342690 0.963673
1.436333 0.992240
1.431242 0.984817
1.398302 0.981202
1.399788 0.978060
1.348504 0.971632
1.346865 0.969743
1.343008 0.966436
1.434186 0.992998
1.430024 0.994787
1.430572 0.990502
1.424973 0.987079
1.392751 0.983761
1.392397 0.984426
1.392652 0.982940
1.354757 0.975549
1.353742 0.975103
1.428069 0.995432
1.423725 0.996298
1.424246 0.992957
1.418839 0.988977
1.390619 0.987117
1.418993 0.997247
1.417428 0.997460
1.417638 0.996291
2.257456 1.264731
2.254113 1.266906
2.258593 1.264155
2.251134 1.268635
2.249723 1.269726
2.251686 1.268350
2.245159 1.272535
2.244812 1.272668
1.178952 0.761618
1.172680 0.759882
1.199514 0.766263
1.204796 0.765029
1.197767 0.766571
1.191496 0.764872
1.185225 0.763167
1.181307 0.762202
1.178978 0.761597
1.170477 0.759791
1.172811 0.759878
1.166396 0.759677
1.344385 0.813749
1.341929 0.814958
1.338567 0.816249
1.335624 0.817114
2.382460 1.157458
2.380779 1.158698
2.383262 1.156617
2.376588 1.161555
2.376136 1.161753
2.370754 1.164078
2.369825 1.164471
2.451267 1.067436
2.456626 1.075125
2.453950 1.071832
2.458224 1.067721
2.458751 1.076721
2.463907 1.074604
2.451779 0.909895
2.450956 0.910257
2.452516 0.908214
2.447825 0.913366
2.445445 0.915247
2.428570 0.801544
2.428621 0.801662
2.428723 0.801187
2.484971 0.821655
2.431262 0.806041
2.497499 0.826802
2.491236 0.824072
2.485940 0.822029
2.481320 0.820997
2.485072 0.821504
2.478695 0.820502
2.472413 0.819982
2.466132 0.819256
2.459848 0.819066
2.434771 0.811228
2.434166 0.810507
2.503748 0.831022
2.501961 0.829396
2.498462 0.825474
2.457646 0.819553
2.460427 0.818288
2.506841 0.834298
2.504836 0.830295
2.564379 0.707384
2.562599 0.708138
2.558078 0.708991
2.551789 0.709187
2.621158 0.724996
2.620799 0.725293
2.621006 0.724304
2.617296 0.727929
2.733635 0.761649
2.733620 0.761465
2.733856 0.765300
2.823099 0.783549
2.816312 0.783691
2.809492 0.783930
2.803175 0.782656
2.797963 0.778065
2.734116 0.769176
2.797696 0.782565
3.309314 0.730684
3.313914 0.728410
3.306598 0.732133
3.375566 0.753044
3.303190 0.733116
3.307325 0.731655
3.300297 0.733908
3.375566 0.753045
3.375566 0.753045
3.370584 0.747766
3.376933 0.757146
3.375852 0.755877
3.370802 0.750833
3.438212 0.777766
3.434838 0.773848
3.380447 0.761756
3.444456 0.782590
3.439030 0.778586
3.446013 0.783970
3.472556 0.709295
3.472048 0.710129
3.472923 0.709110
3.468096 0.713042
3.547768 0.734856
3.547615 0.734573
3.550045 0.738900
3.549269 0.742548
3.691925 0.783736
3.685646 0.782949
3.679381 0.780497
3.673109 0.778837
3.666825 0.778486
3.662360 0.779138
0.021691 0.754160
0.029221 0.752963
0.019012 0.754767
0.022057 0.754232
0.015385 0.756201
0.029443 0.756008
0.022533 0.756510
0.011526 0.756911
0.015753 0.756630
0.009089 0.757365
1.375595 1.204301
1.381835 1.209481
1.376971 1.205577
1.377087 1.200761
1.388076 1.214629
1.383413 1.210804
1.382883 1.207287
1.394318 1.219634
1.390002 1.216078
1.388953 1.213000
1.400563 1.224410
1.397047 1.221468
1.395230 1.218109
1.402476 1.226515
1.597812 1.277599
1.602028 1.276041
1.594967 1.278335
1.588675 1.279009
1.596051 1.277430
1.586848 1.278937
1.588777 1.279027
1.582391 1.278687
1.576092 1.280154
1.590269 1.278274
1.583309 1.278931
1.575676 1.280265
1.576136 1.280220
1.569949 1.282838
1.569781 1.282903
0.246492 0.682007
0.234517 0.687018
0.239817 0.685491
0.232689 0.688075
0.230001 0.689840
0.233201 0.688845
1.298273 1.041012
1.294501 1.037230
1.304506 1.047051
1.299132 1.042053
1.335851 1.056923
1.329585 1.054705
1.323314 1.052896
1.317036 1.051983
1.310764 1.050259
1.304533 1.047066
1.337917 1.058306
1.343297 1.055719
1.337741 1.062104
1.934169 1.248187
1.931362 1.249945
1.950949 1.255712
1.957569 1.253567
1.950170 1.255787
1.943882 1.256020
1.929992 1.251033
1.937800 1.256574
1.945438 1.253214
1.937589 1.256701
1.930976 1.255056
1.932233 1.259158
1.938694 1.256946
1.931275 1.259817
1.930466 1.258767
1.925853 1.255039
2.119420 1.310768
2.127179 1.309149
2.115084 1.311283
2.120020 1.310405
2.113127 1.311522
2.106834 1.312138
2.114455 1.310577
2.103304 1.312456
2.107316 1.311768
2.100542 1.312734
2.094251 1.313294
2.101822 1.311769
2.091114 1.313576
2.094683 1.312956
2.087960 1.313870
0.625309 0.706814
0.624916 0.707217
0.621039 0.709659
0.618583 0.712302
0.710869 0.737272
0.707453 0.740328
0.706338 0.741320
0.706884 0.738489
0.782608 0.760859
0.781596 0.761662
0.779081 0.763886
1.340435 0.939171
1.340835 0.946055
1.339889 0.944481
1.339741 0.949612
1.339430 0.950015
1.339511 0.949313
1.337326 0.952907
1.408376 0.973190
1.402097 0.972343
1.395807 0.972765
1.413823 0.977543
1.408908 0.974661
2.273433 1.253758
2.270757 1.255876
2.274355 1.253626
2.267104 1.258459
2.266788 1.258791
2.267233 1.258464
2.263063 1.261787
2.268348 1.258856
2.260776 1.263106
0.862475 0.698137
0.856750 0.695081
0.850220 0.694452
0.843608 0.694065
0.831217 0.694202
0.836989 0.693701
0.866399 0.705842
0.862506 0.701725
0.856702 0.698926
0.850177 0.698282
0.843607 0.697776
0.830550 0.697866
0.837090 0.697107
0.830120 0.698437
0.867729 0.710867
0.867453 0.709887
1.106546 0.780373
1.102267 0.785001
1.106860 0.783106
1.099650 0.787778
1.107519 0.784859
1.099155 0.788125
1.099750 0.787922
1.296600 0.847316
1.300227 0.854651
1.299161 0.851678
1.301891 0.847013
1.300700 0.855841
2.344776 1.194898
2.340752 1.197762
2.340733 1.197778
2.340780 1.197698
2.337162 1.200791
2.334420 1.202844
2.333131 1.203731
1.336388 0.747096
1.328933 0.749684
1.322640 0.750399
1.355445 0.758936
1.354312 0.757673
1.319108 0.750828
1.323417 0.749257
1.316336 0.752423
1.355617 0.762764
1.354505 0.760785
1.313576 0.753432
1.356111 0.766699
2.427466 1.106701
2.422456 1.114503
2.427065 1.111575
2.423752 1.118582
2.426711 1.116324
2.425762 1.123882
2.425229 1.122725
2.426037 1.122050
2.428571 1.127303
2.420331 0.987857
2.534312 1.027000
2.533112 1.030363
2.533054 1.030506
2.533156 1.030382
2.531141 1.033897
2.473625 0.882048
2.471186 0.884885
2.470918 0.885229
2.471460 0.884455
2.468385 0.888483
2.436168 0.746063
2.440575 0.752735
2.438154 0.750295
2.446815 0.757929
2.443295 0.755260
2.586278 0.789936
2.590397 0.799421
2.586186 0.793900
2.590320 0.803212
2.586028 0.798099
2.692703 0.825488
2.685057 0.830969
2.682897 0.831433
2.686426 0.827787
2.678756 0.832501
2.673363 0.833138
2.672463 0.833239
2.921794 0.734613
2.919895 0.735200
2.922769 0.732670
2.915494 0.736174
2.998160 0.752859
2.910803 0.736994
2.909199 0.737154
3.009551 0.763338
3.008529 0.762562
3.004847 0.756691
3.015787 0.769188
3.014703 0.767727
3.010824 0.762680
3.018090 0.772297
3.016192 0.770502
3.129935 0.796921
3.120887 0.799008
3.122676 0.798484
3.116103 0.799436
3.109811 0.800069
3.161206 0.807903
3.117702 0.796872
3.108969 0.800134
3.110010 0.799716
3.103517 0.800904
3.097228 0.801165
3.517026 0.693643
3.510753 0.692119
3.535813 0.701928
3.529557 0.698519
3.523291 0.696023
3.522237 0.695629
3.517365 0.693429
3.507483 0.692341
3.511088 0.692042
3.504461 0.692812
3.542052 0.707267
3.536753 0.702667
3.536015 0.701836
3.530441 0.698352
3.524389 0.696303
3.542606 0.707797
3.542177 0.707291
0.064455 0.744479
0.064390 0.744674
0.064477 0.744617
0.062462 0.748049
0.065535 0.745152
1.361938 1.176758
1.359588 1.173904
1.356968 1.169176
1.363569 1.178577
1.362312 1.177049
1.368152 1.184991
1.366605 1.183056
1.363333 1.177703
1.374386 1.191029
1.370793 1.187812
1.368739 1.185412
1.631480 1.264848
1.639007 1.262521
1.631383 1.264867
1.631492 1.264851
1.625171 1.267205
1.639343 1.265200
1.632263 1.266218
1.625074 1.267249
1.625182 1.267237
1.618868 1.269148
1.632863 1.268134
1.625884 1.268844
1.618124 1.269518
1.618952 1.269417
1.612565 1.271006
0.142624 0.696369
0.149790 0.696375
0.140703 0.697257
0.142809 0.697095
0.136310 0.699538
0.143409 0.699024
0.135591 0.699947
0.136378 0.699889
1.322816 1.086099
1.327257 1.094072
1.324802 1.090319
1.327688 1.094763
1.327576 1.093695
1.329959 1.099091
1.872640 1.268587
1.897701 1.278059
1.899163 1.270717
1.880444 1.266192
1.869371 1.268687
1.873411 1.267072
1.866348 1.269096
1.860060 1.269331
1.896019 1.278419
1.891406 1.279059
1.892137 1.275239
1.886482 1.271981
1.880478 1.269771
1.874030 1.268898
1.867456 1.268394
1.855887 1.269462
1.860557 1.268870
1.853772 1.269470
1.847486 1.269414
1.841205 1.268748
1.834926 1.267868
1.828648 1.266967
1.951083 1.294507
1.947839 1.295596
1.948174 1.292823
1.941550 1.295841
1.942047 1.290978
1.931687 1.290167
1.935546 1.290257
1.929018 1.291156
1.885685 1.279903
1.885112 1.279937
1.885182 1.279568
1.878821 1.280498
1.879586 1.276145
1.873692 1.273613
1.867682 1.271431
1.861547 1.269622
1.855215 1.268402
1.848409 1.268601
1.841807 1.268185
1.835293 1.267509
1.825758 1.266591
1.828778 1.266836
1.822368 1.266256
1.940651 1.295953
1.935611 1.293738
1.926329 1.292759
1.929266 1.292554
1.922709 1.293632
1.874332 1.281199
1.872526 1.281492
1.872741 1.280172
1.867197 1.276608
2.035602 1.323625
1.938266 1.299225
1.935712 1.297138
1.929829 1.294577
1.918731 1.294883
1.923262 1.294056
1.916402 1.296068
2.043177 1.322186
2.029933 1.323457
2.036120 1.323134
2.029317 1.323439
2.023036 1.322879
2.016748 1.322862
2.010467 1.322316
2.004190 1.321204
1.997916 1.319852
1.991642 1.318497
1.985367 1.317128
1.979092 1.315809
1.953994 1.310377
1.947731 1.307782
1.941479 1.303891
1.941285 1.303720
1.936688 1.297957
1.912641 1.297373
2.024486 1.321284
2.017509 1.321993
2.010808 1.321875
2.004382 1.320934
1.998078 1.319631
1.991781 1.318303
1.985518 1.316877
1.977212 1.315523
1.979229 1.315530
1.972813 1.314932
1.966536 1.313981
1.960262 1.312438
1.953995 1.310377
1.953995 1.310376
0.567888 0.721013
0.569064 0.716204
0.561600 0.721157
0.563292 0.713294
0.549341 0.715556
0.556242 0.714224
0.549076 0.715659
0.542784 0.716195
0.557673 0.721212
0.550356 0.715377
0.538320 0.716914
0.543465 0.715825
0.536487 0.717463
0.622228 0.739400
0.555665 0.724600
0.622389 0.743235
0.719382 0.765322
0.721594 0.772940
0.719043 0.770014
0.759006 0.785079
0.763076 0.783152
0.755904 0.786577
0.722024 0.776839
0.718911 0.774118
0.753892 0.787742
0.756371 0.786746
0.749592 0.789411
1.307536 0.965169
1.301249 0.965298
1.317682 0.970376
1.314134 0.968457
1.307839 0.967116
1.299553 0.966329
1.301365 0.966317
1.351369 0.984714
1.345120 0.980398
1.344914 0.980240
1.345554 0.978987
1.315604 0.973705
1.313743 0.974310
1.313952 0.972691
1.307457 0.974127
1.307836 0.970822
1.301189 0.972054
1.295863 0.969315
1.301397 0.969920
1.395417 0.995306
1.395279 0.995464
1.395337 0.995108
1.357616 0.989185
1.352633 0.985757
1.445414 1.013299
1.446234 1.007879
1.440731 1.004157
1.392049 0.998338
1.370121 0.996779
1.363870 0.992873
1.361846 0.991620
1.442626 1.013412
1.439127 1.013307
1.439432 1.011737
1.432842 1.013204
1.433941 1.007992
1.426554 1.013316
1.389623 1.001616
1.388929 1.002689
1.371161 0.997522
1.425093 1.013318
1.420269 1.013099
1.420991 1.010120
1.413988 1.012599
2.241482 1.275418
2.235792 1.277559
2.243020 1.274117
2.235174 1.277762
2.228871 1.279708
2.236820 1.276202
2.228694 1.279779
2.228923 1.279658
2.222574 1.282247
2.222561 1.282251
1.219569 0.755996
1.220201 0.755573
1.215712 0.758937
1.221134 0.756479
1.213703 0.760296
1.351667 0.798630
1.349969 0.800250
1.346158 0.803209
1.345335 0.803695
1.346682 0.799029
2.395391 1.147215
2.399554 1.144501
2.392123 1.149497
2.391355 1.150108
2.392357 1.149557
2.389086 1.153424
2.392856 1.151780
2.385786 1.155286
2.456587 1.050098
2.455432 1.053623
2.472595 1.064929
2.466322 1.063512
2.460066 1.059944
2.457872 1.057974
2.486694 1.063227
2.478851 1.068371
2.473748 1.065327
2.479469 1.064670
2.440367 0.928667
2.435663 0.930854
2.434054 0.931592
2.429753 0.933353
2.427744 0.934256
2.528046 0.966289
2.521780 0.963876
2.515507 0.962305
2.509233 0.960899
2.502959 0.959603
2.496680 0.958580
2.528832 0.966834
2.528134 0.966383
2.522365 0.963488
2.516304 0.961462
2.448485 0.832292
2.442208 0.831254
2.435939 0.829218
2.431254 0.826265
2.504901 0.850740
2.502149 0.853444
2.498579 0.854555
2.496063 0.855905
2.507365 0.719806
2.501080 0.719449
2.497395 0.719284
2.501963 0.717439
2.494794 0.719381
2.488507 0.719468
2.482222 0.719397
2.602658 0.746277
2.595094 0.751661
2.593851 0.752177
2.595907 0.749995
2.588781 0.754516
2.588260 0.754761
2.589106 0.753901
2.722519 0.792256
2.720444 0.794521
2.719630 0.795409
2.721406 0.792683
2.716359 0.798518
2.915332 0.739664
2.913807 0.740124
2.907509 0.741258
2.906448 0.741475
2.908164 0.739738
2.901215 0.742132
3.020373 0.774381
3.009255 0.763697
3.026615 0.779538
3.020539 0.774510
3.020408 0.774368
3.015518 0.768806
3.032856 0.784666
3.026832 0.779698
3.026645 0.779557
3.021281 0.775433
3.101842 0.803332
3.039102 0.789266
3.033266 0.784941
3.032898 0.784717
3.027335 0.781205
3.099576 0.803509
3.102345 0.802485
3.095550 0.804002
3.089258 0.804644
3.041261 0.790553
3.087932 0.804736
3.089663 0.803809
3.240171 0.740950
3.244006 0.739604
3.237017 0.743803
3.244644 0.741393
3.236834 0.744004
3.237059 0.743915
3.407779 0.788796
3.443904 0.808121
3.411700 0.798172
3.407527 0.793230
3.444307 0.809237
3.444221 0.808164
3.411598 0.801946
3.407768 0.796222
3.445939 0.813398
3.411821 0.805826
3.446730 0.817404
1.409134 1.264614
1.445981 1.279096
1.440144 1.276380
1.477214 1.290191
1.470780 1.289269
1.464468 1.287978
1.458311 1.286224
1.452295 1.284045
1.446337 1.281694
1.484116 1.293374
1.477550 1.292848
1.471101 1.291972
1.464767 1.290752
1.458628 1.288949
1.452542 1.286989
1.471719 1.293819
1.465237 1.293045
1.458972 1.291624
0.177422 0.689859
0.191612 0.688552
0.184739 0.688948
0.175488 0.690275
0.177699 0.689851
0.171119 0.691642
0.178647 0.690717
0.168626 0.692553
0.171502 0.691921
1.294790 1.052304
1.324479 1.071261
1.325143 1.071868
1.326286 1.075911
1.326629 1.079800
1.327764 1.083890
2.084272 1.316557
2.073055 1.318351
2.077127 1.317772
2.070386 1.318562
2.064094 1.319129
2.071675 1.317576
2.060504 1.319322
2.064529 1.318790
2.057805 1.319481
2.051513 1.319923
2.059104 1.318551
2.047155 1.320157
2.052057 1.319466
2.045224 1.320220
2.038941 1.319938
2.032657 1.319615
0.293199 0.654191
0.288138 0.647115
0.256219 0.643841
0.331988 0.660806
0.325832 0.659047
0.319593 0.657540
0.313292 0.656224
0.306643 0.655948
0.296831 0.656692
0.299686 0.656598
0.287547 0.654622
0.286909 0.654696
0.286956 0.654346
0.280618 0.655209
0.281467 0.650599
0.274337 0.654533
0.275756 0.647522
0.256508 0.647722
0.368414 0.679458
0.356197 0.672755
0.350318 0.670161
0.344368 0.667788
0.338399 0.665474
0.332450 0.663105
0.307123 0.658224
0.294899 0.660072
0.299990 0.659391
0.393480 0.688571
0.387222 0.685401
0.380952 0.683503
0.374680 0.681807
0.373562 0.681394
0.368557 0.679797
0.362742 0.677019
0.356917 0.674279
0.350945 0.671979
0.344945 0.669772
0.399725 0.693159
0.395614 0.690104
0.393697 0.688946
0.387755 0.686553
0.381507 0.685081
0.375314 0.683446
0.369342 0.681154
0.468704 0.712829
0.405967 0.698216
0.402422 0.695429
0.400041 0.693839
0.394326 0.690785
0.507380 0.719274
0.501201 0.717580
0.495011 0.715928
0.488783 0.714383
0.482488 0.713049
0.475970 0.712381
0.466065 0.713403
0.469087 0.712809
0.462410 0.713646
0.456133 0.712455
0.449865 0.710378
0.451446 0.705085
0.443588 0.709376
0.437303 0.709230
0.520502 0.724022
0.514063 0.723118
0.507847 0.721545
0.501637 0.719960
0.495405 0.718438
0.489140 0.717018
0.482828 0.715739
0.476415 0.714761
0.470052 0.713637
0.559664 0.741877
0.556448 0.743026
0.552700 0.744109
0.550141 0.745254
0.551388 0.739861
0.622545 0.763483
0.621831 0.767113
0.620644 0.770677
1.276818 0.981478
1.278457 0.978063
1.347796 0.996182
1.333710 0.998987
1.334271 0.996317
1.327433 0.997970
1.328182 0.994358
1.321146 0.997973
1.277249 0.985714
1.277016 0.985312
1.352508 1.006057
1.352298 1.005902
1.352691 1.005401
1.318453 0.998346
1.314848 0.999285
1.316159 0.993668
1.279552 0.989693
1.278659 0.984880
1.364989 1.016288
1.358747 1.011338
1.358391 1.011046
1.358920 1.010614
1.309394 1.000147
1.308553 1.000249
1.308768 0.999328
1.302265 1.000376
1.365048 1.016333
1.370007 1.021261
1.371817 1.019779
1.972953 1.222948
1.966683 1.221015
1.960396 1.221072
1.976672 1.224856
1.973083 1.223612
1.967096 1.221367
1.958894 1.220918
1.960472 1.221021
2.219013 1.285494
2.205581 1.291040
2.212719 1.287819
2.204950 1.291195
2.198652 1.292559
2.196972 1.292913
2.199022 1.292157
2.192352 1.293943
2.188150 1.294773
2.193230 1.293036
2.186055 1.295137
0.634627 0.693865
0.655139 0.693264
0.642427 0.690959
0.634420 0.694102
0.634715 0.693876
0.667394 0.700631
0.659661 0.706394
0.660439 0.701274
0.653397 0.703842
0.653918 0.700615
0.647125 0.702292
0.647669 0.699147
0.640852 0.700709
0.641353 0.697876
0.634585 0.698550
0.632917 0.697571
0.634784 0.697364
0.712543 0.719116
0.673337 0.706730
0.665919 0.709746
0.662118 0.707882
0.666245 0.707780
0.711654 0.722711
0.798999 0.741530
0.710079 0.726194
0.791917 0.748194
0.791306 0.748488
0.787219 0.750971
0.916698 0.786704
0.911453 0.779224
0.935480 0.795372
0.929211 0.793521
0.922943 0.791400
0.917784 0.787651
0.916955 0.786616
0.979383 0.807138
0.973108 0.805821
0.966829 0.804828
0.960554 0.803630
0.954283 0.801805
0.948016 0.799656
0.941747 0.797581
0.935584 0.795409
0.935497 0.795335
0.929768 0.792304
0.923957 0.789525
0.999652 0.808776
1.338462 0.926998
1.336637 0.928757
1.337365 0.924464
1.334842 0.929979
1.331602 0.925233
1.332288 0.933232
1.330893 0.931073
2.296149 1.241561
2.289391 1.244798
2.288592 1.245113
2.289582 1.244704
2.284195 1.247932
2.290848 1.244606
2.283071 1.248536
2.279560 1.250726
2.284459 1.247283
2.276753 1.252248
2.449699 1.081832
2.449017 1.085469
2.447978 1.089052
2.448425 1.092991
2.462378 0.898064
2.461469 0.898953
2.458667 0.901049
2.431507 0.778296
2.433688 0.783692
2.432860 0.782393
2.434333 0.780680
2.436711 0.787075
2.604323 0.827753
2.609236 0.837315
2.608771 0.836799
2.671932 0.856492
2.665654 0.855552
2.659383 0.853659
2.653109 0.852250
2.646833 0.851121
2.640554 0.850233
2.634275 0.849364
2.627999 0.848179
2.621730 0.846258
2.615473 0.842859
2.614025 0.841761
2.610384 0.837163
2.635508 0.846374
2.628673 0.846654
2.622688 0.844401
2.581721 0.689548
2.574089 0.694152
2.570659 0.695197
2.567787 0.695934
2.618004 0.709547
2.617956 0.709674
2.617972 0.709492
2.613376 0.703080
2.616557 0.713040
2.730806 0.744498
2.731508 0.746243
2.731113 0.745121
2.794915 0.759617
2.733703 0.750533
2.731997 0.746181
2.843627 0.782431
2.798341 0.768735
2.794826 0.763570
2.734767 0.754605
2.842399 0.782358
2.843936 0.781699
2.837344 0.782083
2.831061 0.781687
2.824774 0.781739
2.796175 0.772058
2.794287 0.768898
2.832074 0.780553
2.821863 0.781589
2.825026 0.781469
2.818491 0.781275
3.207928 0.778917
3.201630 0.780266
3.201379 0.780311
3.195336 0.781147
3.192555 0.782175
3.347628 0.731613
3.341374 0.727998
3.335102 0.726404
3.328809 0.727189
3.353875 0.736277
3.349241 0.732444
3.347728 0.731774
3.341816 0.729303
3.335661 0.727559
3.327364 0.727593
3.328987 0.727361
3.437680 0.755957
3.437942 0.759801
3.439636 0.763998
3.475974 0.705525
3.482214 0.701465
3.474227 0.707317
3.472956 0.708674
3.474765 0.707306
3.549447 0.731880
3.548342 0.729252
3.550364 0.733514
3.549981 0.731679
3.700891 0.778452
3.699912 0.778417
3.693628 0.778046
3.687353 0.776819
3.681085 0.774791
3.674810 0.773510
3.668513 0.774569
3.668005 0.774949
3.668610 0.774760
0.035940 0.751647
0.049520 0.752730
0.042711 0.752935
0.033902 0.752615
0.036070 0.752636
0.049667 0.756001
0.042845 0.756243
0.031203 0.755833
0.036227 0.755876
1.371044 1.194968
1.365561 1.187544
1.371081 1.194998
1.371067 1.194921
1.377283 1.200309
1.377079 1.200124
1.383518 1.206144
1.382414 1.205118
1.389755 1.211804
1.387916 1.210165
1.385134 1.204288
1.394034 1.215365
1.609235 1.273664
1.606766 1.274114
1.609960 1.272458
1.602939 1.274720
1.598459 1.276057
1.604436 1.272506
1.596635 1.276684
1.590693 1.278153
1.598136 1.274921
1.590336 1.278232
1.584043 1.278904
0.249247 0.681039
0.246951 0.684013
0.254773 0.681088
0.246654 0.684258
0.247003 0.684157
0.630914 0.799124
0.617668 0.798417
0.611508 0.796669
0.605490 0.794498
0.599640 0.791826
0.618248 0.800356
0.611910 0.799148
0.605755 0.797400
1.293763 1.027151
1.289152 1.017712
1.294412 1.027948
1.294407 1.025845
1.299980 1.034938
1.296588 1.032217
1.306208 1.041581
1.302207 1.037276
1.343833 1.052203
1.344331 1.048909
1.337567 1.049764
1.337991 1.047715
1.331288 1.049023
1.332381 1.044337
1.325005 1.048580
1.318729 1.047456
1.312462 1.045282
1.306948 1.042158
1.345184 1.054474
1.343796 1.056411
1.939373 1.241974
1.978607 1.247444
1.965420 1.249688
1.971376 1.248920
1.964447 1.250139
1.936196 1.243153
1.933061 1.244814
1.971789 1.251350
1.960239 1.252306
1.964985 1.251540
1.958133 1.253151
1.951848 1.252939
1.930857 1.245757
1.959238 1.252262
1.946391 1.253026
1.952407 1.252534
1.945560 1.253112
1.928853 1.249132
1.926730 1.249782
1.927735 1.245696
1.940852 1.255631
2.147251 1.305928
2.139124 1.307396
2.140082 1.307220
2.133669 1.308149
2.141571 1.306419
2.128718 1.308848
2.134380 1.307767
2.127375 1.309012
2.121082 1.309683
2.128779 1.308058
2.117138 1.310076
2.121628 1.309284
2.114790 1.310322
2.108499 1.310908
2.116127 1.309318
2.105005 1.311218
2.108976 1.310539
0.656880 0.683905
0.650612 0.681927
0.676955 0.684801
0.669409 0.688903
0.669988 0.685481
0.663150 0.685775
0.663149 0.685775
0.663150 0.685775
0.708256 0.695689
0.689687 0.690731
0.681910 0.697044
0.682812 0.691131
0.675662 0.692719
0.674719 0.692141
0.675776 0.692020
0.715640 0.705061
0.713878 0.702728
0.708660 0.698172
0.695872 0.696104
0.688152 0.702115
0.682893 0.697771
0.688918 0.696739
0.719507 0.710810
0.718935 0.709602
0.714631 0.704199
0.803962 0.732355
0.801014 0.735405
0.800939 0.735468
0.795138 0.738011
0.907573 0.770630
0.905091 0.766288
0.902901 0.760739
0.907573 0.770630
0.907573 0.770629
0.910110 0.775014
1.032962 0.809229
1.029876 0.809286
1.033469 0.808432
1.026670 0.809849
1.020387 0.809473
1.014113 0.808084
1.007839 0.806638
1.001566 0.805052
0.995293 0.803565
0.989021 0.802028
0.982748 0.800468
0.976476 0.798793
1.028192 0.807764
1.021325 0.808140
1.015099 0.806607
1.340110 0.910005
1.335613 0.911615
1.333801 0.912550
1.334320 0.909690
1.330153 0.914206
1.327485 0.915870
1.328206 0.911524
2.311665 1.232568
2.308183 1.234743
2.313242 1.230701
2.305347 1.236065
2.302937 1.237370
2.306912 1.233174
2.299029 1.239640
2.298177 1.240135
2.299592 1.238625
1.144198 0.763351
1.147061 0.765511
1.151170 0.764133
1.149725 0.769906
1.150649 0.769392
1.333075 0.825971
1.332238 0.826123
1.325948 0.826514
1.321951 0.827284
1.327631 0.823096
1.319652 0.827533
2.367379 1.170452
2.366463 1.170812
2.362096 1.173063
2.360149 1.173873
2.356683 1.175677
2.353833 1.177170
2.450066 1.072653
2.450939 1.076629
2.452346 1.080748
2.456125 1.077711
2.453342 1.084799
2.455304 1.083887
2.430030 0.975904
2.431542 0.969346
2.423748 0.975366
2.418759 0.971318
2.425365 0.967656
2.543991 1.014414
2.542836 1.015510
2.544194 1.010117
2.540449 1.017418
2.536713 1.020413
2.536506 1.020561
2.536626 1.020013
2.485037 0.869849
2.480891 0.872184
2.480501 0.872627
2.481261 0.871592
2.477688 0.875828
2.466259 0.723450
2.458951 0.725156
2.454640 0.729962
2.459637 0.726778
2.456715 0.734239
2.583691 0.769359
2.582704 0.769911
2.578341 0.772730
2.577363 0.773989
2.577775 0.771321
2.574860 0.775788
2.709053 0.811034
2.705693 0.812508
2.702741 0.813750
2.699947 0.815036
2.696430 0.816521
2.745611 0.715989
2.897357 0.751941
2.889836 0.757231
2.888309 0.757637
2.883541 0.758166
2.877250 0.758579
2.875934 0.758700
3.213071 0.758238
3.212660 0.758819
3.213435 0.757801
3.208793 0.761778
3.440216 0.751040
3.440164 0.754839
3.556249 0.786762
3.551005 0.780092
3.589116 0.790772
3.575049 0.793527
3.568763 0.793522
3.562485 0.792406
3.559469 0.789021
3.557138 0.785587
3.576199 0.792762
3.569289 0.793266
-0.000560 0.763812
-0.002825 0.764637
0.000089 0.763158
-0.006863 0.765603
-0.012371 0.766331
-0.005752 0.764188
-0.013156 0.766408
1.390946 1.227180
1.384691 1.223554
1.382264 1.221513
1.397197 1.231138
1.391069 1.227255
1.391071 1.226848
1.403443 1.235670
1.399987 1.233035
1.409673 1.242095
1.406394 1.238269
1.410061 1.242910
1.409841 1.242303
1.574085 1.278994
1.567876 1.277393
1.561383 1.276647
1.554930 1.275784
1.546367 1.277073
1.547917 1.276606
1.555064 1.279058
1.547616 1.282756
1.546690 1.280927
1.547853 1.280470
1.549071 1.285260
1.554725 1.283774
1.549821 1.289250
1.554683 1.287620
1.547539 1.291503
0.627608 0.701849
0.626602 0.703424
0.659416 0.708043
0.652785 0.707714
0.646433 0.706556
0.640136 0.705231
0.633756 0.704159
0.624794 0.705047
0.626929 0.704416
0.710298 0.727879
0.665102 0.714919
0.658437 0.714696
0.789614 0.752941
0.709030 0.731401
0.708070 0.732395
0.789298 0.753088
0.790170 0.751478
0.784972 0.755920
0.783290 0.757083
0.940818 0.799604
1.338670 0.936307
1.336204 0.931631
1.336504 0.939620
1.335479 0.937501
1.335499 0.943223
1.335126 0.942281
2.281418 1.248539
2.280876 1.248873
2.281594 1.248453
2.277542 1.251915
2.282707 1.248797
2.275091 1.253147
2.273049 1.254727
2.275891 1.252733
2.269974 1.257881
1.129681 0.767941
1.121940 0.773678
1.122100 0.774684
1.129485 0.772211
1.121928 0.775005
1.129696 0.775297
1.120654 0.778174
1.122183 0.777600
1.311386 0.827691
1.304691 0.827554
1.301359 0.833631
1.304807 0.830877
1.303664 0.839813
1.302857 0.837767
1.304210 0.836367
1.304792 0.842030
2.356774 1.181678
2.355214 1.182482
2.350458 1.184979
2.350191 1.185148
2.350713 1.184436
2.345723 1.187968
2.344137 1.188750
2.340241 1.190592
1.343184 0.746900
1.349440 0.750267
1.343331 0.746965
1.342999 0.746891
1.343197 0.746892
1.336903 0.746330
1.330611 0.746919
1.351725 0.752626
1.349838 0.750875
1.344259 0.747403
1.338072 0.745754
1.328008 0.747352
1.331059 0.746563
1.353165 0.756767
1.350201 0.753515
2.427912 1.106462
2.435154 1.103849
2.429078 1.110502
2.434846 1.108451
2.430210 1.114557
2.434604 1.112878
2.433735 1.120226
2.433023 1.119009
2.433941 1.118582
2.434583 0.985029
2.435120 0.982527
2.428297 0.984817
2.429175 0.980134
2.422030 0.982665
2.420720 0.981018
2.422868 0.978831
2.538770 1.022513
2.536185 1.025742
2.534793 1.027231
2.533071 1.028886
2.477134 0.877347
2.474365 0.880535
2.472864 0.882095
2.448024 0.733964
2.451106 0.732142
2.446027 0.737315
2.450946 0.736321
2.447779 0.741538
2.583312 0.771252
2.582518 0.779132
2.581942 0.780172
2.582117 0.778507
2.579982 0.782367
2.576754 0.778091
2.702051 0.817182
2.701054 0.817634
2.696607 0.819751
2.694742 0.820525
2.690354 0.822186
2.751173 0.714328
2.745302 0.711716
2.739061 0.710220
2.728134 0.712214
2.732332 0.710181
2.762716 0.727368
2.759336 0.722967
2.756951 0.720900
2.751494 0.717060
2.745541 0.714705
2.739205 0.713497
2.727337 0.715843
2.732299 0.713993
2.762869 0.727560
2.762742 0.727443
2.757436 0.723164
2.887573 0.762959
2.881841 0.763396
2.875554 0.763504
2.873363 0.763578
2.869267 0.763573
2.862975 0.764137
0.074804 0.732254
0.074150 0.732912
0.072144 0.735475
1.342027 1.142295
1.349703 1.153171
1.347811 1.148836
1.352816 1.160550
1.351446 1.157339
1.347723 1.152782
1.353033 1.161493
1.352906 1.161145
1.354468 1.165636
1.353318 1.163637
1.653029 1.254957
1.654015 1.254262
1.650589 1.258196
1.654776 1.255656
1.648459 1.261531
1.647379 1.262498
1.645260 1.264653
1.647912 1.263461
0.566173 0.728032
0.549037 0.715615
0.537262 0.718342
0.541917 0.716759
0.534821 0.718918
0.564320 0.728166
0.559877 0.729079
0.561060 0.723677
0.530567 0.720641
0.536165 0.717495
0.528503 0.722556
0.554390 0.729756
0.553580 0.730282
0.622514 0.748729
0.622490 0.752531
0.723920 0.775612
0.755343 0.786135
0.742286 0.786827
0.748196 0.787357
0.741674 0.786910
0.738094 0.785890
0.735417 0.785244
0.729483 0.782822
0.724077 0.778820
0.748851 0.789074
0.741984 0.789453
0.735617 0.788336
0.729562 0.786287
0.724069 0.782568
1.287006 0.967208
1.324604 0.980886
1.319868 0.971481
1.294538 0.966576
1.284257 0.968393
1.287296 0.968082
1.349668 0.990088
1.343414 0.986482
1.340484 0.984738
1.324195 0.981095
1.319438 0.976448
1.294886 0.969235
1.281916 0.971670
1.287929 0.969883
1.399829 1.004928
1.355916 0.994478
1.350504 0.990753
1.318590 0.983641
1.318292 0.983706
1.318364 0.983363
1.311996 0.984813
1.313109 0.978922
1.307196 0.976454
1.300911 0.975095
1.294651 0.973667
1.281381 0.975379
1.288120 0.973040
1.398911 1.005348
1.393520 1.007462
1.394595 1.001011
1.368421 1.002135
1.362167 0.998448
1.358789 0.996397
1.308866 0.985313
1.449974 1.021602
1.450523 1.018918
1.443690 1.021324
1.445041 1.015135
1.437408 1.020688
1.431130 1.019828
1.392093 1.007619
1.374662 1.007245
1.368980 1.002480
1.429103 1.019665
1.424849 1.019185
1.425899 1.015588
1.418571 1.018271
1.412293 1.017280
1.406011 1.016705
1.399729 1.016226
1.389028 1.010760
1.387894 1.008315
1.376058 1.007887
2.227466 1.281182
2.235017 1.277905
2.227204 1.281262
2.221302 1.283596
2.220895 1.283727
2.214851 1.285977
2.222559 1.282253
2.214588 1.286050
2.208288 1.287661
0.655145 0.693238
0.656735 0.684798
0.650350 0.683728
0.642603 0.689608
0.640059 0.686100
0.643524 0.683984
0.667666 0.699092
0.668668 0.693122
0.661411 0.695474
0.655256 0.693275
0.661689 0.693838
0.654577 0.693123
0.648869 0.691977
0.646888 0.691407
0.648917 0.691709
0.681753 0.698009
0.673915 0.703313
0.669222 0.700186
0.674570 0.699331
0.716698 0.714565
0.677196 0.705785
0.680633 0.705075
0.716308 0.718295
0.718693 0.715915
0.799473 0.740615
0.799315 0.740685
0.800494 0.737041
0.794024 0.743204
0.793003 0.743591
0.912125 0.779853
0.910008 0.776649
0.918359 0.785859
0.913309 0.781177
0.912480 0.779821
0.993614 0.806597
0.987340 0.805046
0.981066 0.803600
0.974794 0.802085
0.968518 0.800818
0.962244 0.799516
0.955971 0.797837
0.949702 0.795962
0.943433 0.794010
0.937166 0.791814
0.930894 0.790001
0.924621 0.788511
0.919733 0.786426
0.918520 0.785633
1.019903 0.812543
1.025787 0.811264
1.018706 0.812640
1.012426 0.811808
1.006156 0.810055
0.999886 0.808196
0.996523 0.807320
0.993680 0.806469
0.987545 0.804653
0.981337 0.803059
0.975221 0.801190
0.968843 0.800105
0.962488 0.798957
0.956645 0.796279
1.339069 0.917874
1.338382 0.918460
1.338688 0.916818
1.334624 0.920661
1.332061 0.922327
1.332840 0.917818
1.329522 0.923341
1.326831 0.919354
2.301696 1.238779
2.304341 1.237192
2.297366 1.240882
2.296313 1.241361
2.297664 1.240681
2.291736 1.244152
2.291046 1.244517
2.285673 1.246643
2.284739 1.246941
1.165557 0.757740
1.159328 0.756200
1.152188 0.757562
1.151978 0.757347
1.152225 0.757290
1.197255 0.767434
1.190965 0.766080
1.185123 0.763384
1.165925 0.760317
1.157223 0.762303
1.158686 0.761810
1.156085 0.765871
1.159039 0.764470
1.340229 0.820343
1.336485 0.821250
1.333929 0.821829
1.327632 0.823096
1.327632 0.823096
2.376337 1.163194
2.374461 1.164093
2.371386 1.165866
2.375911 1.162135
2.368146 1.167367
2.366054 1.168484
2.369331 1.165365
2.361832 1.170444
2.360207 1.171019
2.453389 1.058645
2.458349 1.067153
2.454318 1.062643
2.472535 1.065244
2.464599 1.071311
2.458764 1.067447
2.466196 1.064048
2.478466 1.071396
2.468287 1.073395
2.471313 1.072624
2.467953 0.890042
2.465590 0.893313
2.463148 0.896016
2.462619 0.896485
2.432331 0.769218
2.435413 0.775595
2.433790 0.773329
2.436862 0.769408
2.437657 0.778007
2.443183 0.774387
2.604672 0.829510
2.603621 0.826387
2.600090 0.820220
2.604955 0.830470
2.604755 0.830132
2.673711 0.849607
2.673645 0.849627
2.673675 0.849503
2.667364 0.849055
2.668508 0.844775
2.661081 0.848699
2.654802 0.847824
2.648522 0.846981
2.642243 0.846186
2.610891 0.837097
2.608802 0.835144
2.605568 0.831424
2.650114 0.843022
2.639042 0.845686
2.642627 0.845246
2.635965 0.845259
2.629688 0.844254
2.568772 0.700248
2.566085 0.701370
2.562279 0.702609
2.559783 0.703126
2.619652 0.719182
2.617451 0.714757
2.617516 0.722532
2.735315 0.758551
2.734813 0.756246
2.798009 0.777812
2.799255 0.770506
2.735560 0.760220
2.735520 0.759507
2.836886 0.782632
2.823162 0.783545
2.830127 0.782686
2.823105 0.783546
2.816820 0.783347
2.810535 0.783180
2.804250 0.783090
2.797887 0.777900
2.818233 0.781628
2.811377 0.781969
2.804054 0.783082
2.804266 0.783076
2.797965 0.782821
2.796103 0.781318
3.200767 0.785652
3.199928 0.785812
3.201276 0.781426
3.193631 0.786945
3.192197 0.787540
3.187326 0.788956
3.271842 0.734131
3.265552 0.734472
3.279695 0.733649
3.272910 0.733783
3.263362 0.735174
3.265900 0.734588
3.259248 0.736563
3.257325 0.737664
3.385977 0.765944
3.434814 0.788146
3.397178 0.778694
3.395906 0.776116
3.391836 0.772264
3.441063 0.792256
3.435595 0.788765
3.398224 0.780427
3.397390 0.779516
3.392435 0.774184
3.442989 0.794200
3.399856 0.784616
3.447266 0.801688
3.444605 0.798375
0.071128 0.736917
0.073585 0.733829
0.069199 0.740274
0.066949 0.743602
1.353839 1.163357
1.352476 1.158744
1.357360 1.170443
1.356025 1.167627
1.358063 1.171885
1.357609 1.170950
1.363581 1.178038
1.362380 1.176668
1.358474 1.172095
1.645973 1.258178
1.641093 1.261554
1.646790 1.259391
1.639806 1.265064
1.647159 1.261981
1.639414 1.265299
1.634644 1.267740
1.640257 1.266186
1.633100 1.268432
0.254948 0.677578
0.254846 0.676810
0.255305 0.675782
0.255514 0.680777
0.599702 0.791047
0.600080 0.786830
0.594646 0.782899
0.632272 0.798933
0.631061 0.799330
0.624763 0.800699
0.599688 0.792572
0.599139 0.791531
0.594115 0.788183
0.588567 0.784619
0.632556 0.797881
0.623410 0.800741
0.624874 0.800696
0.618476 0.800620
0.612199 0.799577
0.605929 0.797760
0.602954 0.796193
0.599925 0.794679
0.594229 0.791567
1.289214 1.017587
1.289140 1.017508
1.295447 1.023631
1.294198 1.022417
1.301685 1.029143
1.299705 1.027446
1.302647 1.025044
1.352384 1.041277
1.345578 1.041736
1.345670 1.041200
1.339288 1.042242
1.340167 1.037497
1.333003 1.042020
1.334301 1.034882
1.328260 1.032795
1.322157 1.030894
1.307920 1.034939
1.305190 1.032490
1.309004 1.029915
1.351308 1.046556
1.352008 1.046112
1.330830 1.042012
1.326716 1.042092
1.327144 1.039856
1.350538 1.050225
1.944312 1.235704
1.941074 1.236550
1.979340 1.247310
1.986041 1.245357
1.978694 1.247779
1.937517 1.237971
1.934759 1.239732
1.976061 1.250361
1.979419 1.248681
1.972374 1.251453
1.966084 1.251894
1.932473 1.240660
1.928445 1.242901
1.973405 1.250215
1.965713 1.251868
1.966115 1.251855
1.959793 1.252397
1.953510 1.252065
1.927364 1.243363
2.154215 1.304408
2.161771 1.302803
2.152029 1.304792
2.154549 1.304251
2.147918 1.305567
2.142020 1.306342
2.148767 1.305051
2.141624 1.306382
2.135331 1.307119
2.143146 1.305415
2.130819 1.307664
2.135973 1.306702
2.129038 1.307861
2.122746 1.308487
0.807559 0.718409
0.806762 0.722033
0.804424 0.723740
0.893491 0.741156
0.898478 0.751243
0.897771 0.749908
0.900033 0.754224
0.899081 0.752005
1.056210 0.800423
1.063032 0.796944
1.055204 0.800636
1.048908 0.801713
1.046567 0.802070
1.049582 0.800554
1.042610 0.803018
1.337279 0.893120
1.337509 0.893512
1.337274 0.893690
1.337360 0.893205
1.333005 0.896294
1.330957 0.897161
1.331494 0.894267
1.327793 0.898961
1.325399 0.896068
2.321689 1.223013
2.321341 1.223187
2.317506 1.225880
2.315022 1.226793
2.311701 1.228415
2.308709 1.229847
1.298684 0.765897
1.294982 0.765659
1.292400 0.765599
1.286123 0.764621
1.279848 0.763342
1.273566 0.762720
1.355093 0.785100
1.356779 0.777866
1.354096 0.786430
1.351328 0.789634
2.411546 1.136076
2.415732 1.132723
2.410963 1.139739
2.415345 1.137576
2.409657 1.143267
2.415385 1.141172
2.481277 1.017976
2.532682 1.028131
2.483364 1.021104
2.478322 1.019979
2.481690 1.019322
2.474965 1.020888
2.526934 1.034615
2.483379 1.024914
2.481766 1.022800
2.473830 1.022793
2.475850 1.020339
2.526248 1.038262
2.481514 1.028335
2.481183 1.028549
2.481260 1.028041
2.525414 1.041905
2.525065 1.042507
2.426919 0.949130
2.479082 0.966109
2.472804 0.965015
2.466524 0.964346
2.460242 0.963879
2.423166 0.952075
2.422963 0.950951
2.467545 0.962446
2.458562 0.963763
2.460450 0.963505
2.453959 0.963418
2.447679 0.962753
2.441399 0.962032
2.435122 0.960925
2.428856 0.958609
2.424205 0.956120
2.422997 0.954559
2.549066 0.984459
2.548211 0.991346
2.548009 0.991471
2.548073 0.991110
2.543271 0.994042
2.541693 0.994814
2.542129 0.992418
2.538067 0.996717
2.470725 0.823879
2.433080 0.815541
2.430392 0.811320
2.502062 0.834641
2.495806 0.831230
2.478551 0.820847
2.468277 0.823565
2.471007 0.823261
2.464446 0.823006
2.458166 0.822357
2.451868 0.823492
2.433324 0.815771
2.433412 0.814720
2.502796 0.835058
2.502374 0.833948
2.451396 0.823608
2.451982 0.823368
2.445574 0.824378
2.439313 0.821505
2.438037 0.820645
2.507394 0.839875
2.506527 0.843507
2.560954 0.720733
2.554668 0.720715
2.548392 0.719573
2.542124 0.717414
2.535855 0.715439
2.529582 0.713938
2.523306 0.712770
2.517023 0.712226
2.549832 0.715392
2.513965 0.712054
2.510741 0.711819
2.612155 0.737735
2.611091 0.738267
2.607393 0.740458
2.604774 0.741772
2.602213 0.743137
2.729341 0.779034
2.728061 0.782555
2.943613 0.727122
2.932759 0.728811
2.936692 0.727665
2.929780 0.729517
2.981308 0.739055
2.924988 0.730868
2.931104 0.727905
2.923478 0.731167
2.917182 0.732256
2.998732 0.752028
2.996443 0.750598
2.993416 0.746854
3.004978 0.756543
3.004510 0.756186
3.000289 0.750162
3.011201 0.763755
3.009797 0.761179
3.142911 0.798416
3.136641 0.796612
3.155436 0.803854
3.149176 0.800810
3.143061 0.798477
3.142922 0.798409
3.134640 0.796593
3.136823 0.796479
3.130357 0.796290
3.124070 0.796404
3.180518 0.811197
3.181667 0.807183
3.174225 0.811728
3.167949 0.810611
3.161691 0.807414
3.157933 0.805577
3.156226 0.802618
3.118156 0.796720
3.125336 0.794208
3.117779 0.796761
3.111487 0.797409
3.251302 0.737170
3.258742 0.735838
3.250355 0.737744
3.251471 0.737428
3.246891 0.740788
3.252180 0.739019
3.396983 0.777056
3.406486 0.787744
3.402394 0.784723
3.443047 0.799693
3.405615 0.791343
3.402585 0.787849
3.445577 0.805809
3.443669 0.803621
3.407278 0.795539
3.448504 0.808518
3.486788 0.698674
3.489118 0.697283
3.544938 0.717786
3.482231 0.701456
3.482218 0.701467
3.546270 0.719523
3.546212 0.715368
3.548473 0.723819
3.714179 0.773755
3.707896 0.773427
3.715757 0.771150
3.703658 0.773592
3.708794 0.771816
3.701609 0.773490
3.695327 0.772935
3.689052 0.771735
3.682777 0.770323
0.080501 0.724262
0.077610 0.727414
0.075837 0.729161
1.342057 1.142354
1.341949 1.142176
1.337426 1.135860
1.346381 1.146943
1.342739 1.143827
1.348232 1.154862
1.346471 1.150762
1.343257 1.145979
1.348294 1.154989
1.348245 1.154934
1.682131 1.247125
1.675719 1.246137
1.668888 1.246410
1.662072 1.246636
1.675677 1.249932
1.668540 1.251124
1.661574 1.251382
1.661729 1.251335
1.669030 1.253342
1.657601 1.254291
1.662313 1.253275
1.655364 1.257410
1.669558 1.255482
1.662633 1.256032
1.655283 1.257597
1.655384 1.257550
0.557024 0.714757
0.620917 0.729844
0.620468 0.727451
0.559396 0.716146
0.554011 0.714953
0.621447 0.733753
0.620475 0.731124
0.621837 0.737667
0.717724 0.762812
0.715031 0.758144
0.770197 0.778994
0.715635 0.766145
0.714298 0.764041
0.766197 0.781207
0.763878 0.782748
0.761928 0.784079
0.764793 0.781734
1.346824 0.974791
1.342565 0.970452
1.396999 0.988044
1.398488 0.981961
1.353066 0.979761
1.347363 0.975313
1.347391 0.973481
1.440869 1.003296
1.436056 0.994278
1.393755 0.989452
1.359316 0.983860
1.354312 0.980672
1.354393 0.976419
1.440034 1.003569
1.434569 1.004759
1.435258 1.000350
1.429761 0.996622
1.390741 0.992588
1.390746 0.992351
1.365568 0.987820
1.364079 0.986673
1.431003 1.005356
1.428276 1.005571
1.428616 1.003759
1.421988 1.005797
1.423062 1.000215
1.392111 0.996728
2.249471 1.269830
2.248019 1.271027
2.250119 1.269359
2.243594 1.273826
2.243148 1.274003
2.236928 1.276155
2.244719 1.272744
2.236841 1.276183
2.230537 1.278220
2.229988 1.278454
2.230701 1.278076
1.129948 0.766103
1.143542 0.766800
1.132177 0.767670
1.136806 0.766785
1.142898 0.772416
1.134182 0.771907
1.136520 0.771328
1.143634 0.773936
1.131413 0.775119
1.136987 0.773660
1.332014 0.826466
1.325078 0.827056
1.315730 0.827582
1.318163 0.827580
1.311708 0.828064
1.319151 0.828292
1.309142 0.829895
1.312097 0.829232
1.308708 0.833619
1.312884 0.830603
2.365556 1.172990
2.358463 1.177528
2.358208 1.177667
2.358638 1.177197
2.353393 1.180398
2.352146 1.180988
2.348011 1.183032
2.345833 1.184044
2.442479 1.094969
2.444463 1.092456
2.442739 1.098807
2.444626 1.095649
2.442916 1.102653
2.444591 1.099463
2.442800 1.106459
2.444323 1.103995
2.442578 0.923131
2.442067 0.923378
2.437254 0.925744
2.435752 0.926589
2.431595 0.928324
2.442886 0.736595
2.439618 0.741353
2.443595 0.738145
2.442288 0.745890
2.442049 0.745706
2.442401 0.745426
2.585614 0.789088
2.581461 0.784166
2.585383 0.792841
2.581420 0.788007
2.693457 0.824521
2.693051 0.824689
2.687163 0.826923
2.686744 0.827059
2.591751 0.679500
2.598023 0.681183
2.596536 0.680768
2.589764 0.679265
2.591880 0.679315
2.585470 0.678817
2.762237 0.725264
2.723903 0.720538
2.773556 0.736482
2.772294 0.735124
2.768054 0.731720
2.724542 0.724500
2.779780 0.743498
2.776589 0.739883
2.774074 0.737581
2.768868 0.733008
2.873859 0.768166
2.780785 0.744649
2.870064 0.768309
2.867572 0.768253
2.861282 0.768621
2.856945 0.769209
2.854990 0.769266
3.216081 0.765065
3.212890 0.759435
3.211728 0.767881
3.211331 0.767974
3.211476 0.767364
3.205032 0.769472
3.203531 0.769893
0.217691 0.691200
0.211153 0.690597
0.204839 0.689315
0.192386 0.688568
0.198262 0.688823
0.191656 0.688828
0.185359 0.690066
0.218215 0.693328
0.211300 0.693848
0.204872 0.692915
0.198467 0.691915
0.192007 0.691077
0.183702 0.690455
0.185497 0.690389
1.319935 1.061092
1.313669 1.058831
1.307390 1.058008
1.301115 1.056624
1.294868 1.052228
1.294649 1.052015
1.326186 1.065122
1.320791 1.061633
1.320426 1.059956
1.314529 1.057419
1.307803 1.057378
1.301694 1.055482
1.328809 1.067205
1.329138 1.071083
1.329958 1.075094
1.928614 1.259561
2.098521 1.314246
2.087218 1.316027
2.091391 1.315416
2.084632 1.316268
2.078340 1.316823
2.085892 1.315368
2.074866 1.317054
2.078758 1.316545
2.072050 1.317278
2.065758 1.317878
2.073293 1.316437
2.062421 1.318097
2.066166 1.317592
2.059468 1.318280
2.053180 1.318454
0.254351 0.648907
0.289716 0.660588
0.285195 0.661591
0.278908 0.661519
0.254331 0.652690
0.292358 0.664963
0.291438 0.666481
0.276831 0.661509
0.272623 0.661369
0.273270 0.658666
0.255708 0.656825
0.380864 0.683325
0.374651 0.681737
0.289936 0.668252
0.404878 0.695859
0.399260 0.692479
0.454453 0.715596
0.448174 0.714624
0.423079 0.709024
0.416832 0.704402
0.416343 0.703996
0.411141 0.700966
0.405571 0.697458
0.461851 0.714297
0.454989 0.714659
0.445393 0.714267
0.448657 0.713430
0.441894 0.713894
0.435614 0.713268
0.429338 0.712017
0.424127 0.709527
0.423160 0.709042
0.417585 0.705557
0.411910 0.702379
0.561010 0.750997
0.560113 0.751237
0.554703 0.753293
0.555645 0.747296
0.623693 0.771678
0.553924 0.753654
0.549469 0.749312
0.623307 0.772916
0.622423 0.776517
0.621984 0.780255
1.277020 0.982381
1.280784 0.991627
1.277181 0.985580
1.350784 1.013985
1.344522 1.011149
1.345247 1.007518
1.338253 1.009288
1.338724 1.006861
1.331979 1.007799
1.332409 1.005583
1.325705 1.006473
1.326188 1.004021
1.319423 1.005873
1.320490 1.000889
1.313133 1.006247
1.281786 0.996641
1.280602 0.995381
1.357031 1.018474
1.352813 1.015280
1.312512 1.006293
1.306840 1.006990
1.300564 1.005803
1.294290 1.004478
1.288027 1.001680
1.285475 1.000284
1.283154 0.995308
1.363260 1.024903
1.359013 1.020453
1.364973 1.016369
1.363788 1.025327
1.366166 1.029691
1.977597 1.221667
2.002679 1.228938
1.996376 1.230791
1.996946 1.225498
1.990692 1.224035
1.984452 1.222532
1.971637 1.221576
1.978037 1.221549
1.971312 1.221574
1.965022 1.221887
1.958734 1.222067
1.996229 1.230851
1.990652 1.227831
1.985101 1.224267
1.978987 1.222392
1.972557 1.221464
1.965990 1.220943
1.957448 1.222210
1.958967 1.221788
1.952440 1.223032
1.991367 1.233568
1.990061 1.234064
1.990215 1.232837
1.983762 1.235459
1.984619 1.229415
1.979089 1.225804
1.947273 1.223779
1.953778 1.220883
1.946141 1.224288
1.983195 1.235581
1.978274 1.231968
2.196984 1.294221
2.204804 1.291348
2.196139 1.294416
2.197152 1.294088
2.190685 1.295584
2.187211 1.296206
2.191341 1.294974
2.184389 1.296677
2.178527 1.298085
2.185643 1.295564
2.178089 1.298160
2.171796 1.299033
2.168072 1.299604
0.821781 0.698892
0.814487 0.705212
0.814177 0.705600
0.878183 0.719043
0.811869 0.708443
0.815398 0.705224
0.885364 0.728606
0.883609 0.726669
0.878476 0.721859
0.889351 0.735601
0.888184 0.733042
0.884033 0.729119
1.090723 0.791083
1.083724 0.793106
1.077440 0.792750
1.071154 0.792706
1.084701 0.792605
1.078044 0.792356
1.070902 0.792752
1.071210 0.792637
1.065741 0.795438
1.296844 0.863287
1.328158 0.876607
1.321887 0.874877
1.309336 0.872477
1.303080 0.868898
1.300345 0.866680
1.328625 0.876781
1.328209 0.876523
1.315833 0.873931
1.322130 0.874537
1.315609 0.873931
1.310610 0.872768
1.309337 0.872478
1.304363 0.867202
1.330271 0.880956
1.328116 0.881334
1.328416 0.879609
1.322153 0.878182
1.316047 0.876292
2.335405 1.207554
2.332213 1.210619
2.331037 1.211586
2.328817 1.213665
2.324773 1.216595
2.324705 1.216617
1.228021 0.749889
1.290711 0.769804
1.284438 0.768175
1.278175 0.765501
1.266156 0.759269
1.259975 0.757583
1.253675 0.756259
1.247379 0.754926
1.241251 0.753089
1.235097 0.751327
1.227293 0.752242
1.228207 0.751776
1.291402 0.768098
1.285227 0.766396
1.279358 0.763780
1.273093 0.762354
1.266471 0.762001
1.259868 0.761588
1.253529 0.760387
1.247450 0.758409
1.241571 0.755836
1.235512 0.753806
1.224370 0.755412
1.228753 0.753861
1.260225 0.764245
1.253598 0.763908
1.353724 0.791826
1.353378 0.792113
1.353766 0.790593
1.350706 0.794946
1.347042 0.797746
1.346813 0.797914
2.405120 1.140128
2.406948 1.138860
2.402091 1.143231
2.407392 1.141207
2.400098 1.145555
2.407694 1.144009
2.399453 1.146451
2.400212 1.146222
2.407760 1.147543
2.398274 1.150021
2.400346 1.149549
2.471570 1.030844
2.516864 1.038823
2.509844 1.039667
2.502897 1.042813
2.503333 1.038976
2.496615 1.042277
2.497305 1.036833
2.491535 1.033916
2.470451 1.032965
2.516710 1.042965
2.509141 1.047537
2.505279 1.044526
2.509442 1.044548
2.495687 1.042387
2.490328 1.042256
2.490775 1.039885
2.484038 1.042687
2.485339 1.035980
2.465692 1.035710
2.465239 1.035914
2.466186 1.032788
2.510162 1.049415
2.516441 1.047467
2.483459 1.043483
2.462883 1.038923
2.510942 1.053414
2.516538 1.050904
2.458555 0.967775
2.452275 0.967002
2.445995 0.966213
2.422323 0.957364
2.453229 0.964946
2.444176 0.966028
2.446249 0.965662
2.439714 0.965574
2.433435 0.964740
2.427167 0.962619
2.425874 0.961948
2.546513 1.000233
2.546277 1.000393
2.546377 0.999884
2.541779 1.002984
2.539959 1.003943
2.540551 1.000847
2.536770 1.005711
2.499097 0.858242
2.496890 0.858691
2.492441 0.860551
2.490580 0.861343
2.487929 0.863382
2.486835 0.721624
2.494478 0.719670
2.482511 0.721439
2.487424 0.720611
2.480548 0.721673
2.474256 0.722248
2.469781 0.722417
2.475047 0.721020
2.467967 0.722598
2.589712 0.756728
2.587099 0.757837
2.584206 0.759305
2.580789 0.760458
2.718756 0.798554
2.716767 0.800237
2.712596 0.803121
2.712427 0.803209
2.898084 0.750558
2.897834 0.750614
2.891535 0.751998
2.889499 0.752437
2.885241 0.752831
3.055526 0.797717
3.087483 0.806634
3.080652 0.806904
3.074177 0.806106
3.068153 0.803954
3.062343 0.801163
3.074965 0.807439
3.068560 0.806439
3.221082 0.750113
3.219682 0.751120
3.221408 0.750416
3.216011 0.754104
3.222482 0.750905
3.214756 0.754627
3.429596 0.811603
3.448674 0.734404
3.446837 0.737129
3.446497 0.737700
3.447139 0.736854
3.444158 0.741004
3.547143 0.768638
3.546794 0.767663
3.553362 0.776256
3.549423 0.772037
3.612389 0.789877
3.616571 0.789289
3.609795 0.792725
3.554247 0.776927
3.553782 0.775463
3.623378 0.792776
3.616213 0.794045
3.607464 0.792573
3.609825 0.792992
3.603509 0.792707
3.597218 0.793133
3.622489 0.799147
3.616054 0.798236
3.609858 0.796614
0.083871 0.718477
0.083018 0.719346
0.079924 0.722481
1.335201 1.131406
1.332921 1.125467
1.337481 1.135887
1.337334 1.135657
1.340743 1.140215
1.338762 1.135555
1.343672 1.146600
1.342841 1.144501
1.682243 1.248462
1.727653 1.255788
1.721318 1.254569
1.715008 1.253272
1.708638 1.252162
1.702172 1.251335
1.695563 1.250939
1.688909 1.250680
1.680256 1.250073
1.682327 1.250204
1.675931 1.251288
1.702629 1.253657
1.696082 1.253075
1.689461 1.252718
1.682736 1.252670
1.674286 1.252544
1.676080 1.252418
1.733995 1.264351
1.727754 1.262857
1.690009 1.254800
1.683484 1.254160
1.669923 1.255402
1.676682 1.254342
1.669606 1.255616
1.733977 1.268122
1.727722 1.266675
0.282772 0.670586
0.256662 0.670617
0.255727 0.667739
0.288288 0.677941
0.282140 0.676162
0.276972 0.671459
0.257186 0.671871
0.282658 0.678337
0.595176 0.778890
0.589528 0.774352
0.583512 0.772175
0.577603 0.769676
0.571744 0.767035
0.639051 0.793768
0.589946 0.780213
0.588871 0.781044
0.588982 0.779671
0.583110 0.777068
0.577213 0.774547
0.571304 0.772064
0.565446 0.769433
0.638085 0.794745
0.586174 0.783193
0.582910 0.781389
0.633094 0.797437
0.632729 0.797575
0.632917 0.796802
1.284672 1.007233
1.284685 1.007251
1.284677 1.007233
1.290906 1.013272
1.289228 1.012042
1.348906 1.024119
1.342552 1.022957
1.336267 1.021589
1.330037 1.020059
1.323858 1.018377
1.317651 1.016779
1.303401 1.021925
1.297148 1.018160
1.296446 1.017450
1.298055 1.014910
1.353565 1.036442
1.354488 1.031282
1.347307 1.033296
1.347541 1.031899
1.341025 1.032689
1.341520 1.029744
1.334742 1.032366
1.335544 1.027456
1.328462 1.031602
1.329375 1.025745
1.322184 1.030707
1.323025 1.024577
1.316694 1.023355
1.309645 1.026720
1.305303 1.023238
1.310450 1.021873
1.355290 1.038166
1.320369 1.030415
1.315906 1.029706
1.314818 1.029186
1.315979 1.029217
1.356504 1.042265
1.949072 1.229937
1.992955 1.243719
1.945907 1.230576
1.942766 1.232130
1.990943 1.244417
1.986653 1.245556
1.940182 1.233100
1.936454 1.234993
1.984167 1.246699
1.987916 1.243424
1.980334 1.249251
1.933796 1.235508
1.930156 1.236319
1.979389 1.249456
1.974041 1.249982
2.168467 1.301543
2.176413 1.299311
2.164933 1.302189
2.169011 1.301302
2.162171 1.302553
2.155876 1.303444
2.163348 1.301758
2.154486 1.303652
2.156100 1.303279
2.149581 1.304489
2.144295 1.305209
2.150373 1.303964
2.143287 1.305302
2.136995 1.305934
0.677410 0.682020
0.696638 0.686423
0.689922 0.688898
0.690406 0.684891
0.683666 0.685426
0.682072 0.684517
0.683811 0.684456
0.704093 0.693218
0.702575 0.692510
0.696172 0.692970
0.693459 0.690848
0.696336 0.691004
0.708695 0.698591
0.707499 0.697786
0.700482 0.696229
0.702526 0.696365
0.805687 0.727257
0.802720 0.729478
0.801676 0.730179
0.900633 0.756030
0.898221 0.750871
0.903026 0.760863
0.902671 0.760268
0.905046 0.764613
0.904026 0.761094
1.054939 0.801008
1.047231 0.804421
1.040935 0.805530
1.038842 0.805813
1.041477 0.804632
1.034637 0.806828
1.028880 0.807422
1.028345 0.807473
1.337906 0.902862
1.335530 0.903893
1.336238 0.900251
1.331162 0.905156
1.329224 0.906074
1.329788 0.903078
1.326944 0.908052
2.317914 1.227654
2.321101 1.223663
2.313528 1.230459
2.313336 1.230530
2.307209 1.232864
2.307029 1.232940
2.302159 1.235580
2.446289 1.090334
2.445763 1.094014
2.445633 1.097809
2.438028 0.969375
2.431748 0.968513
2.425474 0.967091
2.439137 0.966781
2.431994 0.967990
2.425859 0.966170
2.547136 1.005855
2.544550 1.008607
2.544151 1.008973
2.539388 1.011729
2.538230 1.012501
2.538723 1.010029
2.488896 0.864878
2.488567 0.865155
2.489213 0.864265
2.484378 0.868034
2.482569 0.869433
2.480349 0.721618
2.466751 0.723400
2.473345 0.722410
2.466305 0.723584
2.461332 0.725989
2.467654 0.722964
2.585405 0.762542
2.581851 0.764240
2.579091 0.765467
2.576208 0.766806
2.714087 0.805121
2.710742 0.806912
2.709067 0.807790
2.712277 0.803536
2.704429 0.809900
2.703471 0.810377
2.905822 0.745205
2.902261 0.746009
2.899524 0.746476
2.893229 0.747383
2.892022 0.747549
3.049979 0.794021
3.043718 0.791201
3.031945 0.783881
3.056232 0.797832
3.050450 0.794234
3.050018 0.794009
3.044202 0.791236
3.038429 0.788335
3.088500 0.806516
3.094744 0.805067
3.087587 0.806595
3.081295 0.807228
3.062479 0.802407
3.060618 0.800297
3.056535 0.798370
3.050749 0.795519
3.044988 0.792594
3.075600 0.807444
3.082051 0.806409
3.075006 0.807466
3.068727 0.806649
3.065035 0.805099
3.062578 0.804174
3.056763 0.801419
3.236122 0.743042
3.229055 0.746436
3.227841 0.747464
3.229314 0.746921
3.223514 0.750324
3.230195 0.748011
3.222731 0.750696
3.412371 0.798922
3.443365 0.810737
3.435900 0.815311
3.429641 0.812195
3.428220 0.811128
3.423643 0.809233
3.417900 0.806240
3.412353 0.802663
3.442378 0.817376
3.435978 0.816357
3.429856 0.814502
3.423802 0.812447
3.417965 0.809748
3.412372 0.806326
3.442814 0.819780
3.436357 0.818933
3.430031 0.817697
3.423967 0.815681
3.452759 0.729830
3.456127 0.726425
3.450138 0.733053
3.448510 0.734904
3.548820 0.765955
3.547077 0.762245
3.631646 0.780828
3.624833 0.781048
3.549234 0.766538
3.549237 0.765186
3.638198 0.785068
3.631364 0.785349
3.624067 0.787617
3.623612 0.786902
3.624150 0.786767
3.637984 0.789411
3.626193 0.791280
3.630942 0.790315
3.630277 0.796155
3.630127 0.795989
3.630302 0.795950
-0.014866 0.767580
1.393784 1.243250
1.393085 1.242455
1.395469 1.237562
1.400014 1.249529
1.397163 1.247146
1.401043 1.244743
1.412519 1.257254
1.406263 1.253701
1.404412 1.252560
1.406683 1.251737
1.519153 1.284046
1.418762 1.262230
1.414164 1.258543
1.533090 1.284318
1.526235 1.284664
1.518114 1.285506
1.519303 1.285239
1.420415 1.263762
1.419369 1.261554
1.533193 1.287693
1.526509 1.287529
1.515327 1.288675
1.519592 1.288054
1.526573 1.291041
1.514164 1.292229
1.519520 1.291974
1.526701 1.294392
1.513130 1.295835
1.519588 1.295500
1.512752 1.296902
0.224735 0.689723
0.232364 0.687627
0.224065 0.690161
0.224846 0.689958
0.219619 0.692978
0.225680 0.691169
0.218414 0.693517
1.296563 1.047538
1.295903 1.046807
1.297145 1.045222
1.327884 1.059945
1.321623 1.057114
1.315347 1.055962
1.309068 1.055129
1.302803 1.052783
1.300772 1.051688
1.304486 1.047121
1.333146 1.062703
1.334631 1.061471
1.333051 1.066503
1.334676 1.065052
1.942202 1.259000
1.929664 1.255069
1.949880 1.256418
1.941496 1.259087
1.942353 1.258786
1.935910 1.259581
1.929638 1.258012
1.928490 1.256178
1.937528 1.256715
1.931108 1.255754
1.931157 1.259323
2.105171 1.313299
2.112839 1.311729
2.101332 1.313694
2.105692 1.312952
2.098879 1.313973
2.092586 1.314520
2.100151 1.313038
2.089216 1.314783
2.093029 1.314182
2.086295 1.315050
2.080004 1.315649
2.087530 1.314188
2.076901 1.315865
2.080390 1.315378
2.073713 1.316133
0.623199 0.714291
0.621571 0.715243
0.617106 0.718061
0.616872 0.718979
0.617422 0.716394
0.714233 0.743508
0.712083 0.739394
0.711215 0.746618
0.710921 0.747026
0.711036 0.746221
0.780801 0.765939
0.779899 0.766648
0.707564 0.749631
0.777372 0.768960
0.773569 0.771631
0.773215 0.771865
1.342732 0.955744
1.412986 0.975818
1.406698 0.976038
1.339101 0.958743
1.338284 0.956694
1.427655 0.982275
1.425495 0.983054
1.425785 0.980957
1.420245 0.977352
1.414388 0.974706
1.400903 0.976305
1.408106 0.973332
1.400408 0.976366
1.394113 0.977339
1.337709 0.962273
1.337681 0.962226
1.422071 0.984825
1.419177 0.986591
1.419691 0.982711
1.414523 0.978015
1.391037 0.977931
1.417212 0.987573
2.265452 1.258419
2.263839 1.259814
2.266078 1.258240
2.260712 1.262903
2.259116 1.263939
2.256384 1.265751
2.260062 1.263465
2.252796 1.267784
2.251716 1.268551
2.253168 1.267653
1.212047 0.760552
1.208958 0.762894
1.213043 0.760514
1.205726 0.764444
1.199443 0.764112
1.193170 0.762479
1.186898 0.760841
1.180628 0.759058
1.199925 0.763155
1.349320 0.805592
1.345355 0.808489
1.343631 0.809457
1.340188 0.811161
2.389958 1.151488
2.390741 1.150730
2.386043 1.154394
2.384127 1.155969
2.382303 1.157367
2.384759 1.155829
2.377806 1.159786
2.377114 1.160049
2.378021 1.159551
2.466290 1.037517
2.463555 1.039310
2.502719 1.044495
2.496554 1.042764
2.462617 1.040487
2.464987 1.036369
2.508936 1.049753
2.501882 1.050693
2.494862 1.053511
2.495363 1.050031
2.488590 1.051857
2.489261 1.048121
2.482315 1.050553
2.483557 1.045020
2.460825 1.043906
2.508673 1.054254
2.501108 1.057994
2.498893 1.056185
2.501312 1.056108
2.479161 1.051809
2.502681 1.060865
2.434595 0.936096
2.432353 0.937062
2.428886 0.938614
2.426039 0.940053
2.532658 0.968533
2.526380 0.967623
2.423486 0.941241
2.538925 0.970861
2.538660 0.970685
2.532850 0.968744
2.522200 0.967008
2.526511 0.967539
2.520102 0.966643
2.513827 0.965362
2.507553 0.963912
2.501279 0.962559
2.495002 0.961429
2.488725 0.960431
2.482443 0.959913
2.476161 0.959377
2.539834 0.974736
2.538882 0.975684
2.539056 0.974033
2.533623 0.970121
2.536822 0.977884
2.533371 0.974599
2.428655 0.792409
2.430262 0.797202
2.429977 0.796485
2.431562 0.792675
2.432671 0.800899
2.492909 0.821914
2.486644 0.819433
2.480368 0.818161
2.499168 0.824934
2.493000 0.821950
2.492915 0.821907
2.487152 0.818998
2.619981 0.848811
2.563888 0.713906
2.562665 0.714220
2.563435 0.711333
2.556372 0.714950
2.543815 0.713116
2.537545 0.711341
2.531271 0.709822
2.524996 0.708516
2.550191 0.714650
2.550088 0.714647
2.549010 0.714386
2.550169 0.714387
2.544262 0.711896
2.538475 0.709059
2.615325 0.732957
2.612775 0.734750
2.611356 0.735885
2.731326 0.770213
2.733106 0.766733
2.731697 0.774089
2.732240 0.773024
2.731014 0.777768
3.211600 0.773325
3.209628 0.773728
3.203329 0.775014
3.202667 0.775140
3.197036 0.775824
3.443256 0.742453
3.442067 0.745987
3.442489 0.749916
3.551684 0.779064
3.550283 0.777705
3.609648 0.789838
3.603046 0.789421
3.590347 0.790438
3.596334 0.789333
3.589298 0.790929
3.582998 0.792376
3.564174 0.788406
3.557928 0.783942
3.557078 0.783011
3.603482 0.791801
3.596984 0.791077
3.590166 0.791305
3.581935 0.792353
3.583061 0.792397
3.576713 0.792231
3.570434 0.791407
3.564175 0.788407
3.564174 0.788406
-0.014647 0.767477
-0.007690 0.766275
-0.014820 0.767505
-0.021114 0.768409
-0.013299 0.766590
-0.020625 0.768336
1.389251 1.231903
1.395487 1.237499
1.390454 1.232606
1.401736 1.241778
1.395495 1.237508
1.407988 1.245697
1.404079 1.243215
1.414210 1.252975
1.411204 1.248611
1.540573 1.278422
1.414297 1.253128
1.414237 1.253025
1.535396 1.283884
1.540366 1.282710
1.547364 1.285629
1.534699 1.287523
1.540129 1.287110
1.533326 1.290024
1.547142 1.290008
1.540020 1.291143
1.532595 1.290873
1.533372 1.290870
1.540426 1.293670
1.529966 1.294130
1.533637 1.293813
0.093616 0.703183
0.093600 0.703197
0.090372 0.706249
1.328414 1.113226
1.329179 1.115308
1.329035 1.113215
1.334606 1.123872
1.331483 1.119613
1.334837 1.124173
1.334736 1.123727
1.337693 1.128643
1.780412 1.259296
1.774076 1.258077
1.767744 1.256847
1.761616 1.255004
1.755480 1.253188
1.748345 1.256212
1.746622 1.253931
1.748788 1.253042
1.818167 1.271046
1.811979 1.269379
1.805814 1.267651
1.799705 1.265748
1.793624 1.263769
1.787439 1.262100
1.781079 1.260956
1.774590 1.260203
1.768121 1.259388
1.761831 1.258036
1.751065 1.258711
1.755214 1.257665
1.768576 1.261727
1.762046 1.261099
1.751414 1.262597
1.755304 1.261102
1.751111 1.266361
1.755576 1.264020
1.961495 1.323089
1.955218 1.322069
1.948944 1.320644
1.942675 1.318684
1.937766 1.315540
1.937433 1.312189
1.969128 1.321893
1.962495 1.321571
1.956134 1.320429
1.950038 1.318494
1.944055 1.316220
0.823359 0.697929
0.830005 0.694432
0.822174 0.699208
0.867479 0.707026
0.830078 0.697915
0.820328 0.701047
0.822680 0.699878
0.876146 0.717284
0.872900 0.714668
0.867676 0.710134
0.878548 0.722374
0.878097 0.721526
0.873115 0.717746
1.094746 0.788801
1.098928 0.786680
1.091676 0.791649
1.091092 0.791785
1.091763 0.791648
1.085381 0.792551
1.298523 0.860293
1.296707 0.856602
1.298927 0.860897
1.304753 0.866752
1.303591 0.865760
2.339062 1.201909
2.337991 1.202643
2.335065 1.205784
2.332724 1.207708
2.331347 1.208775
1.311748 0.760143
1.306671 0.760580
1.300383 0.760751
1.356812 0.777702
1.358157 0.770052
1.296742 0.760584
1.294082 0.762309
1.356782 0.777761
1.354548 0.781072
2.416122 1.129271
2.415704 1.127744
2.416625 1.126364
2.417146 1.131849
2.418775 1.136018
2.418628 1.139814
2.423674 1.136562
2.481002 1.017716
2.494615 1.029102
2.492096 1.029300
2.492262 1.028064
2.486587 1.024854
2.475959 1.024929
2.473258 1.026845
2.518636 1.038245
2.524530 1.036043
2.488371 1.031488
2.485778 1.032885
2.486162 1.029815
2.472495 1.027951
2.466941 1.030368
2.518882 1.042086
2.524654 1.039356
2.485009 1.034551
2.466815 1.030515
2.519360 1.046005
2.524879 1.042400
2.518461 1.049646
2.430651 0.942515
2.427944 0.943874
2.424333 0.946077
2.512144 0.968741
2.505871 0.967263
2.499596 0.965930
2.493320 0.964774
2.487043 0.963580
2.480765 0.962637
2.474487 0.961677
2.423268 0.946637
2.538915 0.970776
2.519996 0.966864
2.513573 0.965909
2.507370 0.964298
2.501052 0.963031
2.494508 0.962442
2.487950 0.961893
2.481199 0.961927
2.473441 0.961611
2.474593 0.961523
2.468205 0.961247
2.461920 0.960967
2.455638 0.960531
2.421155 0.950006
2.546922 0.981795
2.544197 0.978834
2.543720 0.984871
2.543432 0.985017
2.543504 0.984600
2.538478 0.979471
2.538344 0.987499
2.537118 0.988144
2.537407 0.986394
2.431389 0.819895
2.470114 0.825943
2.462745 0.828423
2.456468 0.827468
2.450183 0.827141
2.443901 0.826717
2.437631 0.824842
2.432790 0.821121
2.506607 0.844622
2.444279 0.826243
2.438391 0.823696
2.506942 0.845248
2.506600 0.845484
2.506900 0.844280
2.504651 0.848537
2.500267 0.850687
2.552966 0.726174
2.546698 0.724138
2.527891 0.718171
2.521615 0.716994
2.515334 0.716380
2.509051 0.715970
2.506595 0.715868
2.509877 0.713930
2.502765 0.715872
2.496478 0.715903
2.603586 0.745081
2.603089 0.745287
2.597917 0.747625
2.596777 0.748207
2.727050 0.784009
2.725237 0.787386
2.722722 0.790647
2.722126 0.791301
2.956591 0.728149
2.950313 0.727215
2.975385 0.735554
2.969126 0.732447
2.962885 0.729980
2.956773 0.728088
2.950166 0.727215
2.950325 0.727210
2.944028 0.726962
2.937740 0.727055
2.987899 0.742175
2.981643 0.738762
2.978664 0.737361
2.975793 0.735374
2.970134 0.732130
2.964332 0.729327
2.945495 0.725192
2.933626 0.727336
2.938495 0.725963
2.931451 0.727357
2.994153 0.745851
2.990577 0.743813
2.988461 0.741507
2.983270 0.736879
3.000403 0.750036
2.999939 0.749715
3.182224 0.805124
3.150853 0.798171
3.144587 0.795899
3.138314 0.794241
3.132034 0.793565
3.181688 0.805401
3.175923 0.806784
3.169641 0.806268
3.163375 0.803907
3.157116 0.800837
3.153045 0.799021
3.151178 0.797551
3.145658 0.793908
3.139509 0.792145
3.128209 0.793508
3.132705 0.792334
3.125748 0.793518
3.298628 0.735650
3.292347 0.735125
3.286068 0.734196
3.299711 0.734264
3.292871 0.734561
3.281615 0.733775
3.286326 0.733978
3.279786 0.733669
3.273499 0.733752
3.386360 0.767261
3.383994 0.764192
3.380931 0.760854
3.436513 0.782908
3.432482 0.778808
3.387638 0.768799
3.386633 0.767661
3.381551 0.762709
3.442760 0.787358
3.437392 0.783685
3.392582 0.774493
3.391782 0.773547
3.444688 0.789117
0.010778 0.758412
0.014402 0.756979
0.007417 0.759550
0.003903 0.760669
0.008491 0.758185
0.001111 0.761776
1.380148 1.213397
1.386389 1.218561
1.383570 1.216315
1.398887 1.226991
1.392638 1.222729
1.391486 1.221872
1.405125 1.232442
1.399460 1.227454
1.399143 1.226551
1.405219 1.232559
1.405168 1.232407
1.594483 1.278462
1.587742 1.278462
1.578806 1.278839
1.580905 1.278755
1.574440 1.279972
1.568170 1.278159
1.561883 1.278221
1.582037 1.279026
1.574851 1.280362
1.568531 1.279101
1.560987 1.278643
1.561951 1.278620
1.569079 1.281166
1.561302 1.282523
1.561942 1.282348
1.569744 1.282912
1.560042 1.286076
1.562190 1.285335
0.101584 0.698043
0.115637 0.697722
0.108808 0.697988
0.099192 0.698945
0.101909 0.698467
0.095270 0.701239
0.109374 0.700011
0.102556 0.700243
0.094625 0.701744
0.095394 0.701497
1.325267 1.096941
1.327761 1.105727
1.330077 1.112107
1.329007 1.109792
1.331210 1.114092
1.330980 1.111095
1.333447 1.118423
1.831578 1.272629
1.825297 1.271969
1.819021 1.270873
1.812747 1.269390
1.806475 1.267709
1.800205 1.265899
1.793935 1.264018
1.787663 1.262437
1.781384 1.261600
1.775094 1.261934
1.832946 1.270818
1.826315 1.270489
1.819845 1.269676
1.813479 1.268552
1.807194 1.267189
1.800940 1.265734
1.794683 1.264288
1.788372 1.262999
1.781946 1.262061
1.773510 1.262055
1.775208 1.262053
1.768809 1.261791
1.762522 1.261843
1.759896 1.262873
1.945234 1.305332
1.938121 1.309684
1.902065 1.293271
1.895796 1.291853
1.889480 1.290584
1.988287 1.323994
1.982010 1.322971
1.975729 1.322148
1.938099 1.312175
1.937263 1.309940
1.902040 1.297044
1.895630 1.296055
1.889217 1.295078
1.883129 1.293129
2.008702 1.324505
2.002015 1.324346
1.995527 1.323585
1.989093 1.322662
1.982528 1.322138
1.973946 1.321916
1.975850 1.321948
1.969450 1.321396
1.963172 1.320470
1.956898 1.319041
1.950626 1.317347
1.944354 1.315637
1.940987 1.314564
1.939679 1.309142
1.895543 1.300041
1.889189 1.298887
1.883118 1.296897
0.811302 0.709985
0.813743 0.706460
0.808840 0.713222
0.888387 0.732567
0.808091 0.716884
0.893924 0.742302
0.892555 0.739477
0.889070 0.734203
0.894672 0.743758
0.894161 0.742846
1.069477 0.795404
1.063714 0.796618
1.063179 0.796750
1.056878 0.798249
1.064699 0.795674
1.054956 0.798485
1.057263 0.797748
1.326465 0.881184
1.320199 0.878953
1.302244 0.869852
1.332719 0.884787
1.330589 0.882702
1.315600 0.873910
1.333991 0.887245
1.332692 0.887840
1.333321 0.885097
1.327607 0.889641
1.326386 0.890061
1.326735 0.888350
2.329355 1.214798
2.328724 1.215321
2.329859 1.213928
2.325656 1.218425
2.323022 1.220077
2.321477 1.221307
2.324635 1.216790
2.316709 1.223036
2.315353 1.223789
1.314661 0.754930
1.313415 0.755029
1.315170 0.753768
1.308366 0.755857
1.302076 0.756258
1.357935 0.768755
1.309435 0.754477
1.301900 0.756280
1.302108 0.756223
1.356778 0.772293
1.354772 0.775682
2.419461 1.123099
2.421514 1.127354
2.424029 1.132830
2.423534 1.131625
2.424447 1.130519
2.459441 1.045251
2.458100 1.048752
2.494546 1.056184
2.486845 1.062242
2.487994 1.055620
2.480590 1.058686
2.481332 1.055386
2.474312 1.057714
2.468028 1.057403
2.461768 1.054473
2.460224 1.053050
2.500786 1.061406
2.488127 1.063075
2.493757 1.062264
2.459785 0.902424
2.459104 0.902813
2.460483 0.900850
2.454688 0.905620
2.453457 0.907019
2.451771 0.908797
2.437131 0.768177
2.434482 0.764215
2.443370 0.773551
2.437531 0.768703
2.599049 0.816103
2.595441 0.810257
2.600112 0.821146
2.600014 0.820101
2.595507 0.813765
2.675363 0.842342
2.669073 0.842735
2.600363 0.823994
2.600162 0.823708
2.667879 0.842824
2.662780 0.843420
2.656496 0.843206
2.650580 0.842806
2.650213 0.842782
2.590069 0.682679
2.583778 0.683210
2.608854 0.691124
2.607862 0.688750
2.603562 0.684691
2.597991 0.681194
2.583273 0.683272
2.584168 0.682212
2.577486 0.683853
2.609602 0.692943
2.609033 0.692197
2.722392 0.725679
2.784391 0.745988
2.773359 0.736028
2.724864 0.730022
2.785082 0.747245
2.784503 0.746726
2.779229 0.742325
2.727906 0.735438
2.727669 0.734472
2.787390 0.751557
2.784941 0.749109
2.866697 0.773040
2.865877 0.773040
2.859590 0.773105
2.853298 0.773639
2.789243 0.755802
2.852770 0.773728
2.853719 0.772583
2.847006 0.774326
3.191926 0.792744
3.191597 0.792870
3.185626 0.794373
3.183711 0.794932
3.320876 0.726383
3.353271 0.731673
3.347264 0.729466
3.341266 0.727237
3.334987 0.725855
3.328313 0.725655
3.318300 0.727210
3.321311 0.726439
3.314567 0.728917
3.365686 0.741574
3.364920 0.740850
3.359596 0.736599
3.353733 0.733975
3.322043 0.727966
3.312753 0.729792
3.314928 0.729081
3.368096 0.745908
3.365257 0.743537
3.359805 0.739694
3.435344 0.764697
3.369789 0.750115
3.439913 0.772328
3.437174 0.768901
3.440973 0.773574
3.540391 0.708162
3.529069 0.698760
3.523235 0.696039
3.504215 0.692436
3.494688 0.694958
3.496907 0.694137
3.490192 0.697560
3.541446 0.709181
3.540774 0.707771
3.489915 0.697715
3.490266 0.697552
3.546616 0.715059
3.546088 0.714015
3.548120 0.718298
3.722142 0.771199
3.716616 0.771014
3.722654 0.770681
3.715857 0.771014
3.709573 0.770746
0.055683 0.748214
0.056593 0.748055
0.054167 0.751662
0.056820 0.751056
0.052621 0.755143
0.057241 0.753522
1.366493 1.185699
1.365417 1.184470
1.372726 1.191708
1.369998 1.189278
1.367564 1.185205
1.378955 1.198094
1.375079 1.194214
1.373467 1.191419
1.379992 1.199130
1.379323 1.197785
1.385035 1.204092
1.621750 1.268203
1.624122 1.266744
1.617209 1.269843
1.614838 1.270438
1.617802 1.269154
1.610910 1.271242
1.605560 1.272178
1.611716 1.270898
1.604613 1.272354
1.598971 1.274550
1.605809 1.272145
1.598306 1.274699
0.164581 0.693324
0.170309 0.691799
0.163160 0.693763
0.156860 0.695291
0.164084 0.693942
0.156652 0.695344
0.156888 0.695308
1.323862 1.080845
1.324290 1.084735
1.328928 1.092006
1.326502 1.089047
1.893155 1.268188
1.886884 1.266480
1.894293 1.268770
1.893151 1.268678
1.893189 1.268409
1.886868 1.268286
1.882641 1.266166
1.887022 1.266681
1.855424 1.269612
2.049847 1.321463
1.930634 1.295376
2.057460 1.319778
2.046551 1.321687
2.050298 1.321040
2.043557 1.321830
2.037271 1.321881
2.030986 1.321548
1.934769 1.296840
2.044988 1.320449
2.038060 1.321007
2.027666 1.321279
2.031231 1.321274
2.024704 1.321075
2.018419 1.320978
2.012138 1.320326
2.005860 1.319298
1.999586 1.317957
1.993314 1.316292
2.019485 1.319825
2.012875 1.319435
1.121900 0.774740
1.112227 0.777959
1.114384 0.777068
1.111015 0.781484
1.114574 0.780193
1.108048 0.784660
1.297395 0.838232
1.301949 0.846774
1.299468 0.842477
1.301999 0.846852
2.348767 1.189175
2.347325 1.189982
2.343303 1.192884
2.342444 1.193358
2.338696 1.195685
2.336121 1.197497
2.436800 1.102960
2.437685 1.106950
2.438133 1.110866
2.439261 1.114957
2.449008 0.915307
2.444548 0.918096
2.443762 0.918542
2.439894 0.920882
2.431968 0.791247
2.430361 0.787304
2.432138 0.791506
2.435637 0.796120
2.609092 0.837348
2.638863 0.854476
2.632587 0.853352
2.626315 0.851709
2.620055 0.848736
2.619680 0.848502
2.615140 0.843105
2.608634 0.689698
2.582468 0.688561
2.582077 0.688639
2.583048 0.685564
2.575784 0.689383
2.613920 0.699369
2.613384 0.702880
2.613564 0.698811
2.572009 0.690047
2.569488 0.690456
2.613357 0.703053
2.726257 0.734984
2.727162 0.736008
2.726653 0.734591
2.729718 0.740374
2.727822 0.734801
2.793888 0.758475
2.789950 0.754290
2.731357 0.744569
2.865618 0.773640
2.851607 0.777944
2.793976 0.762295
2.790247 0.757117
2.848550 0.778252
2.845315 0.778547
2.839023 0.779276
2.836699 0.779439
2.839788 0.777652
2.958252 0.727127
2.951978 0.725735
2.977052 0.733921
2.970789 0.731349
2.964522 0.729072
2.960248 0.727799
2.958370 0.726999
2.949563 0.725429
2.952115 0.725551
2.945700 0.724862
2.983313 0.736822
2.982999 0.736681
3.190228 0.797926
3.190016 0.797999
3.183927 0.799423
3.181943 0.799989
3.177624 0.801303
3.459534 0.722080
3.457251 0.725361
3.456529 0.725910
3.453876 0.728443
3.546682 0.752890
3.547407 0.756857
3.658787 0.783965
3.652072 0.783889
3.640114 0.785108
3.645192 0.784307
3.651637 0.788901
3.641825 0.789303
3.645032 0.788498
