1.563011 1.273443
1.589299 1.275196
1.582637 1.274967
1.575541 1.275041
1.575898 1.274999
1.569281 1.274599
1.568545 1.274442
1.569286 1.274605
1.561968 1.272836
1.556712 1.269899
1.556961 1.270792
1.551137 1.267744
1.545582 1.263801
1.595419 1.274462
1.588046 1.274707
1.588593 1.274788
1.581795 1.274972
1.581660 1.274982
1.581805 1.274985
1.554986 1.268453
1.550398 1.265193
1.550778 1.266148
1.545435 1.261481
1.601795 1.272898
1.590424 1.274497
1.594659 1.274272
1.549980 1.264576
1.545539 1.258340
1.471348 1.245337
1.476507 1.241525
1.548928 1.261692
1.545699 1.255042
1.473687 1.243242
1.475903 1.240762
1.475026 1.240376
1.474802 1.240877
1.475179 1.240441
1.355798 1.209604
1.354596 1.211458
1.350957 1.205502
1.356141 1.209160
1.355850 1.208877
1.350783 1.203274
1.357405 1.206823
1.356003 1.205590
1.350663 1.200899
1.350698 1.198028
0.131547 0.847708
0.130581 0.848131
0.137763 0.844676
0.134353 0.846375
0.137888 0.844608
0.138093 0.843457
0.060432 0.825630
0.059836 0.822831
0.057840 0.816272
1.898793 1.275513
1.894217 1.276986
1.898963 1.275456
1.905015 1.272984
1.903012 1.273788
1.773247 1.239882
1.906789 1.272085
1.773680 1.239491
1.773330 1.239083
1.768021 1.234304
1.762211 1.231217
1.729295 1.226556
1.774836 1.237101
1.773191 1.235379
1.773472 1.235810
1.767659 1.232721
1.762283 1.228163
1.735535 1.225391
1.730698 1.226310
1.736520 1.224276
1.770839 1.233478
1.767273 1.231249
1.741778 1.224463
1.737075 1.225204
1.742420 1.224281
1.767073 1.229180
1.742909 1.224000
1.748883 1.222422
1.320450 1.104653
1.320222 1.101927
1.320507 1.099360
0.255472 0.782482
0.261549 0.781878
0.255037 0.781144
0.248877 0.779220
0.242790 0.777059
0.203632 0.770960
0.204807 0.769003
0.197377 0.770967
0.195836 0.770966
0.197626 0.770523
0.254739 0.779395
0.248528 0.777641
0.242438 0.775477
0.236409 0.773112
0.230291 0.771041
0.217633 0.768337
0.209881 0.770531
0.205766 0.770727
0.210604 0.769350
2.068286 1.217473
2.057785 1.220380
2.061051 1.219174
2.067914 1.215928
2.060454 1.217758
2.059762 1.218192
2.060598 1.217905
2.062756 1.216284
2.067460 1.214693
1.608469 1.087766
1.610301 1.086946
1.614692 1.085180
1.614438 1.085293
1.616003 1.080939
1.558203 1.069710
1.557745 1.071427
1.558436 1.070840
1.619840 1.083990
1.622322 1.079563
1.558443 1.068932
1.561092 1.066949
1.565528 1.064065
1.316608 1.001812
1.319607 0.997346
1.317669 0.999380
1.319770 0.997240
1.319687 0.996924
1.320191 0.992477
0.459671 0.744224
0.466792 0.742314
0.460464 0.741776
0.466520 0.740460
2.300916 1.176023
2.300345 1.176193
2.303808 1.174344
2.307126 1.172376
2.306955 1.172453
2.307215 1.172201
2.310413 1.170672
2.314974 1.165963
1.338928 0.887717
1.339394 0.885174
0.770598 0.708010
0.764130 0.707124
0.580627 0.662681
0.586869 0.661714
0.581745 0.662548
0.588311 0.661516
2.869542 0.803201
2.869386 0.803306
2.875766 0.800800
2.873464 0.801643
2.700043 0.754087
2.698910 0.753626
2.693756 0.751640
2.687478 0.749761
2.681202 0.748088
2.674929 0.746634
2.668654 0.745010
2.664749 0.742596
2.662328 0.739428
2.662671 0.740972
2.662281 0.739330
2.612108 0.724978
2.610580 0.726684
2.612456 0.724479
2.612400 0.723381
2.613558 0.716717
3.681535 0.703713
3.675279 0.703601
3.687788 0.703568
3.682045 0.703725
3.681563 0.703502
3.675507 0.701230
3.669300 0.699472
3.662971 0.698128
3.656701 0.696577
3.650157 0.695470
3.649316 0.695731
3.650243 0.695667
3.687995 0.701743
3.681859 0.699735
3.675660 0.697942
3.669353 0.696513
3.662965 0.695358
3.656398 0.694407
3.655292 0.694521
3.656495 0.694487
1.589820 1.274943
1.603272 1.273468
1.596071 1.274637
1.595019 1.274778
1.596173 1.274710
1.609735 1.271572
1.602304 1.272937
1.600424 1.273432
1.602566 1.273052
1.543263 1.259455
1.540281 1.256181
1.476816 1.241859
1.616160 1.269836
1.605398 1.272013
1.608999 1.271296
1.544562 1.257103
1.540952 1.251121
1.477469 1.240704
1.545498 1.254691
1.477884 1.238128
1.540661 1.246579
1.478485 1.235626
1.350205 1.204266
1.478462 1.233000
1.349357 1.201365
1.346018 1.196665
1.348928 1.198597
1.345819 1.194537
1.348697 1.195905
1.345548 1.192690
1.340204 1.185263
0.133244 0.841883
0.135697 0.840565
0.139453 0.838281
0.138828 0.838679
0.059378 0.819244
0.057863 0.816284
0.057808 0.816185
0.056089 0.813130
0.002700 0.795202
-0.003853 0.794607
-0.010307 0.793676
-0.016705 0.792562
0.002752 0.792253
-0.003679 0.791241
-0.010031 0.789967
-0.016394 0.788731
1.900503 1.270846
1.902586 1.270210
1.906728 1.268428
1.906540 1.268506
1.906865 1.268096
1.912950 1.265870
1.910440 1.266822
1.759724 1.229964
1.762344 1.226910
1.761719 1.227758
1.757047 1.223135
1.750955 1.220992
1.743532 1.223137
1.742792 1.223135
1.743641 1.222958
1.762760 1.225348
1.762573 1.224400
1.757201 1.219819
1.749773 1.222037
1.749452 1.222091
1.749863 1.221872
1.763892 1.222991
1.763196 1.219533
1.753064 1.220334
1.757163 1.217181
1.321190 1.098708
1.321126 1.096008
1.322800 1.091569
1.321874 1.093540
1.323401 1.089094
0.275916 0.781625
0.268823 0.782845
0.261837 0.782201
0.257081 0.782482
0.262060 0.782955
0.275295 0.780908
0.268069 0.780408
0.264591 0.781636
0.268347 0.781646
0.240145 0.775657
0.236711 0.773655
0.236835 0.774451
0.230422 0.771050
0.230848 0.771952
0.224967 0.769098
0.217876 0.768116
0.218996 0.766553
0.211618 0.767843
0.208423 0.767914
0.212205 0.766756
0.281910 0.778540
0.268780 0.780033
0.274900 0.779490
0.225887 0.769508
0.224141 0.768989
0.222557 0.768693
0.224182 0.768946
2.117309 1.211032
2.108641 1.214416
2.109661 1.214120
2.117247 1.208429
2.107450 1.211440
2.109889 1.210546
2.117354 1.205286
2.106564 1.208568
2.110079 1.207125
2.105487 1.205677
2.110173 1.204052
1.315154 0.977693
1.314688 0.974907
1.314404 0.972202
0.523075 0.741318
0.522986 0.738646
2.283293 1.191575
2.281195 1.192586
2.284763 1.190765
2.289506 1.188324
2.288190 1.188943
2.290205 1.186952
2.291953 1.187237
2.297282 1.183020
1.313512 0.902581
1.317254 0.900473
1.316357 0.898529
1.315572 0.900425
1.316707 0.899531
0.569294 0.681183
0.569682 0.680677
0.571575 0.678505
2.334153 1.149466
2.323494 1.151952
2.327028 1.150796
2.333908 1.147486
2.326423 1.149074
2.325816 1.149843
2.326565 1.149553
2.327645 1.147647
2.333893 1.144765
1.316420 0.852336
1.315638 0.850851
1.315877 0.851401
1.315075 0.849337
1.314951 0.846678
1.133586 0.798233
1.135552 0.797431
1.129591 0.795975
1.127284 0.794599
1.128498 0.791368
1.139799 0.794981
1.139245 0.795688
1.140545 0.793341
1.124842 0.792156
0.863585 0.715463
0.865101 0.712591
0.857313 0.714129
0.869842 0.715653
0.866415 0.715624
0.871071 0.712352
0.853705 0.712509
0.851020 0.711029
0.851841 0.709120
0.756889 0.686630
0.791812 0.694705
0.795607 0.691735
0.756549 0.686087
0.793033 0.692371
0.795221 0.690274
0.753731 0.682729
0.712176 0.672567
0.713432 0.671065
0.710010 0.669374
0.714117 0.665966
0.670547 0.659716
0.669896 0.656242
0.671773 0.657366
0.670097 0.652780
0.601861 0.640260
0.607113 0.638257
0.603655 0.638030
0.606727 0.636763
2.387142 1.038386
2.387327 1.035748
2.386706 1.032946
2.421389 0.944837
2.422980 0.942546
2.424223 0.940158
2.424207 0.940205
2.759027 0.892143
2.487634 0.821217
2.486281 0.822756
2.488144 0.820547
2.488677 0.816865
2.834305 0.835319
2.833466 0.836677
2.834991 0.834647
2.834805 0.834347
2.705381 0.800033
2.703546 0.796904
2.702436 0.794237
2.683622 0.790283
2.677369 0.790400
2.671085 0.788096
2.702096 0.793910
2.702595 0.793445
2.689876 0.790264
2.686673 0.790125
2.683991 0.788092
2.678409 0.784216
2.665721 0.784990
2.672106 0.782777
2.664775 0.783757
2.597250 0.768261
2.678766 0.780257
2.672372 0.779125
2.660140 0.780994
2.665220 0.780550
2.598506 0.765883
2.601533 0.763987
2.602667 0.761772
2.884027 0.726042
2.883381 0.720112
2.884510 0.723505
2.882816 0.719220
3.523678 0.716886
3.517405 0.715417
3.511130 0.713907
3.504854 0.712230
3.550341 0.717615
3.543499 0.717994
3.536205 0.718338
3.536676 0.718309
3.529949 0.718178
3.527636 0.717731
3.529995 0.718146
3.562881 0.717945
3.556206 0.717761
3.549423 0.717944
3.542459 0.718311
3.540338 0.718191
3.542618 0.718196
3.476891 0.702654
3.477060 0.700041
3.335321 0.660370
3.336392 0.660294
3.342810 0.657462
3.337037 0.657811
3.342417 0.656010
3.247432 0.634871
3.253667 0.633302
3.250814 0.634035
3.209124 0.623845
3.210487 0.621578
3.208802 0.621098
3.210558 0.618537
1.617903 1.269524
1.610313 1.271642
1.608996 1.272063
1.610537 1.271663
1.624353 1.267664
1.616544 1.269730
1.613649 1.270526
1.617036 1.269647
1.536641 1.251713
1.535242 1.250498
1.630648 1.266359
1.618787 1.269142
1.623449 1.267947
1.541207 1.247655
1.539963 1.249839
1.535823 1.245728
1.530122 1.242268
1.482651 1.235846
1.541257 1.247499
1.541204 1.247407
1.541220 1.247437
1.482689 1.233167
1.539596 1.244464
1.482289 1.230409
1.481399 1.227559
1.344758 1.194115
1.343692 1.191174
1.341357 1.186900
1.341937 1.188092
1.340268 1.185425
1.340712 1.186289
1.339986 1.184990
0.134928 0.835044
0.135867 0.834478
0.135720 0.831551
0.141130 0.830877
0.138580 0.832469
0.141512 0.829153
0.056314 0.809682
0.035591 0.800558
0.028879 0.800499
0.009349 0.796793
0.053781 0.806407
0.053246 0.805745
0.053585 0.805156
0.048303 0.800267
0.041604 0.800165
0.035018 0.799683
0.028598 0.798639
0.022186 0.797568
0.015779 0.796482
0.008886 0.795416
0.009350 0.795469
0.041134 0.799001
0.034782 0.797724
0.028469 0.796316
0.022101 0.795089
0.015722 0.793904
0.009180 0.792838
0.009303 0.792855
1.965424 1.253071
1.966949 1.252598
1.972485 1.251076
1.979320 1.247919
1.971623 1.248559
1.969383 1.250521
1.972037 1.249785
1.971772 1.248463
1.978805 1.246893
1.544789 1.129036
1.546789 1.128522
1.552334 1.125247
1.507116 1.117713
1.550996 1.125256
1.549564 1.126520
1.551562 1.125036
1.503490 1.115263
1.508631 1.110986
1.552503 1.124592
1.558545 1.121408
1.502331 1.112303
1.508748 1.107783
1.504772 1.110257
1.507814 1.108160
1.325916 1.063854
1.327748 1.061610
1.327633 1.058923
1.324957 1.056620
1.323888 1.055377
0.326726 0.761888
0.325025 0.763061
0.328056 0.759069
0.327914 0.761132
2.246573 1.203494
2.239728 1.203883
2.232586 1.204113
2.231264 1.204899
2.232804 1.204540
2.252429 1.203652
2.245095 1.204119
2.245686 1.203698
2.238839 1.203937
2.238154 1.203920
2.238891 1.203914
2.258477 1.203202
2.249388 1.204045
2.251531 1.203934
1.320196 0.934098
1.317034 0.929470
1.310757 0.927950
1.304425 0.926613
1.322200 0.931398
1.321880 0.931850
1.317499 0.925106
1.322846 0.927020
0.559631 0.708102
0.560932 0.705768
2.347931 1.145668
2.348858 1.145280
2.348651 1.142974
2.348475 1.143110
2.348695 1.143012
2.351015 1.141072
2.356103 1.137941
2.352404 1.138787
2.356102 1.135189
1.316329 0.837371
1.315665 0.834542
1.320224 0.828415
1.143829 0.787198
1.124393 0.780547
1.149457 0.784077
1.146683 0.785213
1.150600 0.782122
1.123492 0.779542
1.150587 0.783535
1.120792 0.776224
1.119348 0.771264
1.059331 0.761190
1.062289 0.759455
1.058408 0.758296
1.062562 0.755741
1.030190 0.750279
1.030079 0.751364
1.030371 0.748788
1.030406 0.747944
0.873266 0.706390
0.874338 0.705278
0.851128 0.699611
0.875562 0.702929
0.848699 0.696344
0.848111 0.695633
0.848704 0.694226
0.803928 0.685400
0.804332 0.685020
0.804047 0.682760
0.804228 0.682579
0.760216 0.669616
0.759360 0.671831
0.760825 0.670100
0.760312 0.669403
0.760204 0.668735
0.723520 0.660395
0.722545 0.658371
0.722242 0.657436
0.722646 0.657129
0.668302 0.644226
0.667175 0.639952
0.622116 0.630503
0.667774 0.641447
0.666862 0.638220
0.629533 0.627940
0.621905 0.630213
0.622154 0.630128
0.630031 0.623484
0.619522 0.626983
0.622629 0.625754
2.416954 1.090489
2.421938 1.086698
2.418943 1.088306
2.422238 1.086478
2.422519 1.084427
1.350457 0.773678
1.351282 0.771214
1.349693 0.766073
1.349047 0.765497
1.250606 0.743926
1.255004 0.742215
1.252375 0.741695
1.254548 0.740963
2.412477 0.991431
2.410271 0.993077
2.413126 0.991097
2.414080 0.988690
2.448205 0.891617
2.448095 0.888939
2.764361 0.875926
2.758095 0.874979
2.751818 0.873216
2.739264 0.869722
2.776855 0.874754
2.770614 0.875729
2.770587 0.875731
2.766022 0.868537
2.737376 0.867611
2.733835 0.863623
2.777053 0.874680
2.776942 0.874334
2.739182 0.863294
2.737467 0.864969
2.734280 0.859323
2.734530 0.855716
2.491777 0.794215
2.494342 0.791709
2.493652 0.792019
2.871241 0.797570
2.871149 0.797612
2.871334 0.797324
2.877472 0.795686
2.876301 0.796191
2.880783 0.794660
2.658630 0.732292
2.657989 0.731279
2.658158 0.729533
2.657841 0.729012
2.611403 0.718076
2.613507 0.715955
3.220454 0.746152
3.220525 0.746117
3.228022 0.740725
3.219114 0.743142
3.220796 0.742399
3.217810 0.740188
3.221486 0.737306
1.618309 1.269406
1.624541 1.267520
1.620256 1.268685
1.625493 1.266629
1.630780 1.266254
1.625547 1.267298
1.631736 1.265463
1.524120 1.240225
1.631551 1.266118
1.638029 1.264159
1.536632 1.240406
1.530382 1.240755
1.526107 1.240323
1.524261 1.239348
1.518931 1.234644
1.644436 1.262504
1.536848 1.240274
1.536682 1.240045
1.531169 1.235944
1.525299 1.233047
1.485914 1.227823
1.536851 1.237632
1.536592 1.237201
1.536682 1.237277
1.485183 1.224973
1.483875 1.222009
1.339804 1.184090
1.337157 1.178385
1.337418 1.180839
1.336313 1.178430
1.335699 1.177777
1.335688 1.177751
1.335692 1.177760
0.136600 0.827283
0.138019 0.826191
0.137565 0.822530
0.140882 0.824246
0.058313 0.804041
0.054964 0.801572
0.048684 0.799636
0.042428 0.799556
2.001879 1.242667
2.001774 1.242725
2.001894 1.242700
2.015900 1.238042
2.004893 1.240793
2.008627 1.239875
2.015429 1.236842
2.008081 1.238506
2.007618 1.238798
2.008162 1.238655
2.010574 1.236890
2.014988 1.235574
1.574918 1.113132
1.573169 1.113892
1.575414 1.112703
1.576814 1.112107
1.582334 1.109260
1.526804 1.099884
1.531989 1.097511
1.581133 1.109982
1.580309 1.110320
1.581364 1.109764
1.527974 1.097497
1.531645 1.095869
1.530909 1.095295
1.530606 1.095500
1.531003 1.095270
1.330669 1.041250
1.330225 1.040589
1.324979 1.035603
1.330741 1.038598
1.330233 1.037771
1.324788 1.033438
1.332114 1.036300
1.330713 1.033388
1.325222 1.029202
0.338089 0.745796
0.338385 0.745249
0.345771 0.741940
0.339852 0.742966
0.345242 0.740948
2.118172 1.210619
2.118319 1.207964
2.125420 1.203571
2.117677 1.205143
2.117403 1.204127
2.116716 1.202273
2.117581 1.201761
1.314861 0.971499
1.314356 0.968686
1.315039 0.964442
1.314103 0.965972
1.313764 0.964373
1.314271 0.964245
0.524359 0.735503
0.523648 0.732657
0.522720 0.731389
0.530380 0.726584
2.311432 1.163952
2.316792 1.162114
2.315690 1.162307
2.317927 1.158775
2.320571 1.160851
1.329868 0.870562
1.325987 0.865478
1.330183 0.867978
1.325967 0.862744
1.325653 0.861048
0.766073 0.703608
0.778602 0.705152
0.779479 0.703520
0.772341 0.704701
0.769005 0.704071
0.772476 0.704442
0.765570 0.703232
0.781099 0.704378
0.760304 0.699279
0.759755 0.698641
0.759987 0.698385
0.704035 0.682852
0.754677 0.690839
0.704450 0.678646
0.697514 0.679345
0.691423 0.677193
0.685374 0.674900
0.679405 0.672341
0.673545 0.669421
0.697830 0.675520
0.691640 0.673692
0.685395 0.672056
0.679073 0.670675
0.673114 0.668077
0.596534 0.651381
0.596819 0.651295
0.597547 0.647804
2.387568 1.023547
2.387462 1.020840
2.389292 1.018641
2.430120 0.932024
2.430446 0.929433
2.430769 0.926878
2.480035 0.842303
2.482557 0.839816
2.482206 0.840181
2.797900 0.849542
2.811401 0.848899
2.804136 0.848084
2.798838 0.849292
2.804669 0.848907
2.817641 0.847757
2.804970 0.848125
2.810670 0.848572
2.720832 0.824876
2.717418 0.819868
2.678596 0.812894
2.672321 0.811267
2.666038 0.809081
2.722500 0.822446
2.722284 0.822582
2.716935 0.818709
2.697376 0.814077
2.691122 0.814195
2.684856 0.813280
2.684302 0.813276
2.679982 0.807169
2.673524 0.806252
2.664897 0.808531
2.666539 0.807114
2.711227 0.812512
2.660543 0.804810
2.659722 0.804218
2.660825 0.800903
2.647154 0.799591
2.642287 0.797708
2.648706 0.793619
2.495883 0.759204
2.497687 0.755479
2.496493 0.756343
2.496008 0.756567
2.504290 0.750348
2.900120 0.757325
2.893869 0.757643
2.891964 0.757864
2.900502 0.757304
2.900254 0.756753
3.212543 0.750738
3.212770 0.750400
3.214377 0.748128
3.292560 0.670841
3.284615 0.672970
3.282422 0.674312
3.285101 0.673297
3.285252 0.672355
3.292125 0.669526
3.242911 0.661982
3.241493 0.658719
3.201657 0.651909
3.245195 0.659904
3.199029 0.648585
1.632528 1.264492
1.629917 1.264919
1.633111 1.263646
1.638772 1.263575
1.637022 1.263967
1.639169 1.263094
1.645005 1.261940
1.642303 1.262603
1.645673 1.261074
1.519518 1.230944
1.647698 1.261301
1.652140 1.259207
1.532025 1.230642
1.525768 1.230515
1.522099 1.230532
1.520006 1.228213
1.486272 1.221786
1.532616 1.230443
1.532195 1.229705
1.527085 1.224241
1.486109 1.219061
1.533308 1.227982
1.532538 1.225790
1.485424 1.216237
1.337466 1.178424
1.484715 1.213435
1.336681 1.177201
1.334758 1.174048
1.332661 1.168063
1.333443 1.171071
1.332024 1.167422
1.332220 1.168145
1.331527 1.166348
0.138266 0.818950
0.136988 0.819808
0.139916 0.817856
0.139299 0.813897
1.890855 1.282467
1.891160 1.282363
1.897081 1.280205
1.895455 1.280735
1.898584 1.276110
1.777859 1.250038
1.899617 1.279106
1.779155 1.249645
1.778022 1.248751
1.778671 1.246842
1.777963 1.246138
1.715046 1.229012
1.708788 1.228766
1.779849 1.244474
1.777766 1.242637
1.778206 1.242541
1.729070 1.226700
1.721292 1.228333
1.716406 1.228950
1.721800 1.228517
1.776421 1.241005
1.772791 1.235342
1.735334 1.225480
1.722636 1.227813
1.728293 1.226531
1.741603 1.224281
1.734752 1.224691
1.725837 1.225969
1.727785 1.225493
1.319898 1.113336
1.320141 1.111208
1.319688 1.110598
1.319471 1.108265
1.319808 1.109511
1.319451 1.106722
1.319438 1.107882
1.319478 1.105268
1.319536 1.104905
0.183148 0.775012
0.189395 0.774369
0.185858 0.774657
0.190208 0.772839
0.203293 0.771314
0.195641 0.773662
0.193311 0.773825
0.196086 0.772929
2.140789 1.197148
2.133380 1.198361
2.133156 1.199331
2.133444 1.199219
2.147415 1.194687
2.133892 1.196828
2.140495 1.195332
2.147137 1.192849
2.134941 1.194434
2.140182 1.193611
2.153805 1.190309
2.146901 1.190901
2.135551 1.191962
2.139945 1.191667
1.315350 0.956675
1.312397 0.953266
1.310892 0.951910
1.311835 0.949773
1.309575 0.949923
0.563775 0.730228
0.557918 0.731445
0.563836 0.730209
0.571014 0.725716
2.294355 1.180852
2.299188 1.179308
2.299116 1.179332
2.299217 1.179253
2.305402 1.176107
2.302187 1.177434
1.334693 0.895498
1.335623 0.893045
1.336070 0.890514
0.573581 0.669371
0.578911 0.667101
0.577252 0.667588
0.579936 0.664580
2.361009 1.133915
2.366202 1.129401
2.361765 1.131418
2.360992 1.128579
1.322386 0.824355
1.334900 0.824780
1.328635 0.823901
1.322826 0.824015
1.330265 0.820021
1.341157 0.824956
1.336542 0.824721
1.159139 0.775037
1.157799 0.775664
1.160031 0.773033
1.161118 0.773808
1.117188 0.763060
1.115170 0.760363
1.116209 0.759175
1.071249 0.749497
1.166474 0.768452
1.114717 0.759797
1.071146 0.749133
1.071289 0.749010
1.069018 0.745957
1.072236 0.743034
1.033548 0.735824
1.031844 0.736854
1.035304 0.735060
0.882878 0.691882
0.882190 0.692257
0.848903 0.684125
0.845220 0.681614
0.886948 0.690788
0.841495 0.679640
0.838921 0.678098
0.840002 0.675409
0.832629 0.675221
0.833865 0.673413
0.826364 0.674373
0.823630 0.675269
0.826752 0.674706
0.769890 0.660061
0.777526 0.656383
0.769678 0.659409
0.769962 0.659195
0.777502 0.653687
0.769755 0.656781
0.769883 0.656688
0.735519 0.648389
0.739980 0.644054
0.644335 0.623618
0.655748 0.626218
0.651047 0.623482
0.644207 0.623401
0.644361 0.623338
0.656190 0.623667
0.651110 0.620476
0.642125 0.620220
0.644707 0.619374
2.420913 0.958445
2.420172 0.959484
2.422055 0.957261
2.421415 0.955222
2.423699 0.955019
2.422331 0.949357
2.767234 0.888563
2.760973 0.888016
2.754690 0.885731
2.750034 0.879851
2.770415 0.887988
2.749967 0.882972
2.748376 0.881071
2.743329 0.874216
2.490997 0.807134
2.489648 0.808636
2.491513 0.806433
2.491688 0.803936
2.851926 0.819492
2.851487 0.820006
2.852277 0.818961
2.853374 0.817808
2.706659 0.776587
2.706868 0.773986
2.607097 0.748818
2.607049 0.745005
2.606331 0.746718
2.607271 0.744299
3.156034 0.793634
3.161365 0.791558
3.160622 0.792074
3.161577 0.791577
3.143426 0.787868
3.142535 0.786287
3.142748 0.786995
3.137611 0.781635
3.162548 0.789913
3.141718 0.784800
3.137175 0.780315
3.131451 0.774169
3.024859 0.745029
3.018369 0.741459
2.882833 0.710808
2.882601 0.708099
3.208529 0.695731
3.206842 0.690353
3.209168 0.693255
3.206923 0.687303
3.700969 0.755857
3.703247 0.754981
3.690271 0.750821
3.700582 0.753082
3.703479 0.751395
3.696530 0.751107
3.690625 0.750646
3.690399 0.750118
3.608678 0.728488
3.608985 0.728024
3.608667 0.727611
3.603026 0.726570
3.609656 0.724635
3.602395 0.726344
3.602430 0.726303
3.596098 0.722963
3.589815 0.720735
3.570993 0.716194
3.604642 0.724288
3.588668 0.720380
3.583535 0.718725
3.583760 0.718384
3.577261 0.717247
3.573195 0.716598
3.577460 0.716940
3.609486 0.719646
3.480974 0.688710
3.483047 0.686136
3.482589 0.686459
3.352430 0.651952
3.354650 0.649822
3.358518 0.647093
3.257050 0.620791
3.252133 0.622091
3.257398 0.620708
3.257756 0.618233
3.216098 0.610604
3.216761 0.608111
1.640508 1.260948
1.798498 1.293176
1.654711 1.256083
1.646746 1.259566
1.645460 1.259896
1.647068 1.259153
1.652980 1.257954
1.650767 1.258529
1.653599 1.257037
1.514940 1.223515
1.656073 1.257197
1.660139 1.254914
1.521178 1.222114
1.516781 1.223105
1.515634 1.220283
1.527435 1.222350
1.524273 1.222257
1.522004 1.218688
1.487275 1.213213
1.491385 1.208494
1.530212 1.221065
1.528572 1.216454
1.487768 1.210665
1.491204 1.206303
1.528943 1.212451
1.487602 1.207984
1.332854 1.168244
1.332351 1.167328
1.330861 1.164293
1.329623 1.161349
1.327661 1.156669
0.139931 0.810687
0.138696 0.811416
0.141881 0.809553
0.141269 0.804480
1.987263 1.246639
1.979648 1.248557
1.978538 1.249301
1.979888 1.248811
1.981467 1.247338
1.986713 1.245688
1.993473 1.242806
1.985840 1.243649
1.984307 1.245384
1.986115 1.244930
1.993018 1.241603
1.554368 1.124250
1.558968 1.121087
1.557028 1.122209
1.559592 1.120656
1.509340 1.110568
1.560722 1.120456
1.566375 1.117690
1.508798 1.107747
1.516571 1.104103
1.564267 1.118703
1.565458 1.118040
1.510911 1.105609
1.516204 1.102554
1.515409 1.102493
1.328912 1.055764
1.327876 1.052837
1.326655 1.050918
1.326170 1.049779
1.327146 1.048192
0.328449 0.758124
0.328843 0.757859
0.330686 0.755654
2.246857 1.203446
2.260430 1.202158
2.253111 1.203359
2.249863 1.203312
2.253419 1.203104
2.266737 1.200786
2.259358 1.202767
2.258724 1.202811
2.259445 1.202686
2.273183 1.198986
2.265599 1.201648
2.265011 1.201720
2.265708 1.201506
1.311374 0.924506
1.305109 0.923759
1.304494 0.924143
1.317621 0.923904
1.316398 0.924363
1.312246 0.920132
1.320022 0.922609
1.317874 0.921076
1.313018 0.914748
0.558345 0.701662
0.560000 0.699390
2.382127 1.118289
2.373539 1.122030
2.374419 1.121582
2.382082 1.115641
2.372910 1.119204
2.374519 1.118450
2.370677 1.116016
2.374946 1.114240
2.367876 1.113986
1.344567 0.814568
1.338322 0.815327
1.337347 0.815310
1.350805 0.813306
1.345007 0.814498
1.350838 0.813293
1.350823 0.813227
1.168788 0.763457
1.168864 0.763423
1.172308 0.761612
1.176541 0.757167
1.112693 0.747021
1.112280 0.746397
1.112654 0.745683
1.080899 0.737960
1.110274 0.743768
1.080055 0.736370
1.076713 0.732907
1.036918 0.722323
1.036088 0.722952
1.039182 0.721077
1.037993 0.716801
0.884785 0.680634
0.886243 0.677944
0.885656 0.678164
0.810904 0.655643
0.811976 0.653687
0.804636 0.654569
0.801774 0.654988
0.805184 0.653895
0.813339 0.655161
0.745577 0.638582
0.745594 0.635917
0.749267 0.632652
2.416176 1.060274
2.415978 1.060366
2.410990 1.055231
2.405034 1.052631
2.419594 1.058585
2.416914 1.055147
2.411232 1.051613
2.404935 1.050159
2.398868 1.047928
2.421845 1.056507
2.417270 1.051182
2.411349 1.048448
2.404968 1.047272
2.398918 1.044977
1.317912 0.733165
1.317456 0.732783
1.317604 0.732564
1.280852 0.724116
1.279794 0.722252
1.313998 0.729562
1.312018 0.725933
1.279768 0.720219
1.279348 0.721069
1.279919 0.720708
1.300216 0.717588
1.287249 0.715921
2.420652 0.950784
2.422551 0.947914
2.422224 0.948504
2.424202 0.940283
2.451952 0.880276
2.453650 0.877780
2.453376 0.877940
2.454061 0.876630
2.456602 0.876089
2.767738 0.862943
2.773978 0.861707
2.768026 0.862840
2.780219 0.860722
2.774128 0.861657
2.725741 0.849829
2.724449 0.847113
2.780777 0.860658
2.726538 0.847353
2.724840 0.842993
2.726243 0.844652
2.494186 0.779862
2.497704 0.777514
2.497007 0.777903
2.888837 0.779783
2.886073 0.780188
2.895076 0.778529
2.892925 0.779177
2.898195 0.777837
2.644494 0.707768
2.644146 0.707119
2.644625 0.705125
2.643940 0.703726
2.644138 0.704347
2.639311 0.697938
2.614309 0.697710
2.638576 0.697645
2.632441 0.695634
2.626294 0.693670
2.616114 0.695498
2.620365 0.690963
3.188637 0.764186
3.186489 0.765055
3.189712 0.762029
3.190622 0.763395
3.196113 0.760332
3.202700 0.758062
2.962643 0.699122
2.956652 0.695507
2.956341 0.695353
2.956378 0.695310
2.950061 0.693332
2.950413 0.692736
2.943784 0.691608
2.944289 0.690699
2.937506 0.689756
2.938224 0.688464
2.931224 0.687618
2.924938 0.685111
2.912412 0.683904
2.924303 0.684931
2.918660 0.683287
2.917585 0.683287
2.918819 0.683028
3.262000 0.683113
3.256063 0.680441
3.204590 0.673692
3.204250 0.673257
3.204896 0.671449
3.202315 0.670476
3.708571 0.748899
3.711240 0.747921
3.704503 0.747014
3.698217 0.744547
3.691956 0.744002
3.690917 0.744586
3.610325 0.718727
3.609475 0.719331
3.611006 0.717280
3.611945 0.717291
3.483443 0.683184
3.484445 0.680761
3.359221 0.646454
3.360741 0.645170
3.366759 0.641998
3.365749 0.642643
3.258743 0.614726
3.258291 0.614782
3.220469 0.605547
3.220635 0.602910
3.221282 0.602289
1.857002 1.305643
1.850343 1.305405
1.843931 1.304332
1.837854 1.302133
1.831844 1.299704
1.825643 1.297924
1.819457 1.296091
1.813234 1.294386
1.869766 1.305240
1.862740 1.306244
1.856045 1.306127
1.849670 1.304926
1.843323 1.303635
1.836701 1.302490
1.837029 1.302159
1.830428 1.301050
1.830861 1.300259
1.824154 1.299464
1.824746 1.298183
1.817876 1.297695
1.818662 1.296000
1.811605 1.296375
1.812621 1.293677
1.805322 1.294126
1.799044 1.292271
1.800354 1.289654
1.794327 1.287282
1.654727 1.256075
1.793938 1.290118
1.792753 1.289398
1.792894 1.289369
1.787926 1.283411
1.654788 1.256044
1.660952 1.253742
1.658861 1.254367
1.661703 1.252398
1.663744 1.252921
1.668351 1.249907
1.516610 1.215568
1.491504 1.208672
1.522857 1.214918
1.520653 1.215236
1.517729 1.210422
1.491779 1.208186
1.526699 1.214054
1.523751 1.210013
1.491861 1.205527
1.491447 1.204126
1.529071 1.211660
1.528680 1.211909
1.524189 1.205773
1.491069 1.202681
1.491703 1.201846
1.491091 1.200064
1.491693 1.199136
1.329531 1.160516
1.328784 1.158470
1.328288 1.157525
1.328233 1.157417
1.328256 1.157436
1.326623 1.154460
1.325221 1.151490
1.323196 1.146267
0.137350 0.804954
0.136591 0.800361
0.141603 0.802836
0.141027 0.803189
1.918107 1.253640
1.944652 1.254153
1.938315 1.252831
1.931961 1.251569
1.919770 1.253335
1.925247 1.251520
1.951026 1.252560
1.944517 1.251819
1.938076 1.250843
1.931489 1.250360
1.924338 1.251687
1.924181 1.251742
1.924384 1.251629
1.950893 1.250247
1.944361 1.249582
1.937895 1.248689
1.930567 1.249739
1.928876 1.250251
1.930942 1.249445
1.528835 1.136714
1.522558 1.134935
1.535092 1.136878
1.530340 1.136762
1.536080 1.134645
1.520800 1.134431
1.516280 1.133101
1.516882 1.131312
1.510007 1.131608
1.510265 1.130935
1.503701 1.127667
1.541317 1.134564
1.538428 1.136081
1.542798 1.131896
1.503494 1.127528
1.497393 1.123439
1.541915 1.134312
1.497384 1.122671
1.497331 1.123370
1.498261 1.120452
1.324277 1.075704
1.325614 1.073368
1.327413 1.071180
0.310844 0.775267
0.312655 0.774978
0.317076 0.773369
0.317037 0.773400
0.317099 0.773330
0.132831 0.723013
0.132841 0.720338
0.128722 0.717132
0.129516 0.716756
0.122454 0.716045
0.120586 0.717340
0.122945 0.716218
2.356613 1.137957
2.355853 1.138781
2.356985 1.137764
2.357696 1.136563
2.357405 1.133853
1.319083 0.831919
1.320656 0.827648
1.319176 0.829258
1.322149 0.824684
1.334226 0.826578
1.322384 0.827404
1.327552 0.826390
1.151190 0.781114
1.152619 0.780527
1.122429 0.773157
1.119782 0.770518
1.157405 0.777994
1.156031 0.778712
1.158117 0.776692
1.118899 0.769615
1.066671 0.756859
1.116519 0.766394
1.114965 0.760577
1.065311 0.753842
1.063240 0.750788
1.029758 0.745156
1.063110 0.750665
1.063274 0.750578
1.031851 0.741657
1.030876 0.742760
0.877429 0.699904
0.849829 0.691445
0.881173 0.696995
0.879010 0.697622
0.849016 0.690282
0.845535 0.686780
0.844312 0.683567
0.819672 0.675882
0.811063 0.678334
0.812850 0.676196
0.764405 0.666939
0.832533 0.675145
0.826241 0.673666
0.819511 0.673664
0.810723 0.675617
0.812616 0.674225
0.764764 0.664346
0.730006 0.655849
0.730759 0.655242
0.729430 0.653044
0.730936 0.651859
0.666111 0.637565
0.665353 0.634702
0.662350 0.630737
0.656780 0.626835
0.633794 0.626986
0.636784 0.626185
0.662282 0.628209
0.656791 0.624016
0.630215 0.623450
0.637237 0.621874
0.630051 0.623314
2.419091 1.076147
2.419171 1.076088
2.419120 1.075971
2.421697 1.074040
2.420017 1.070154
2.424150 1.072010
1.345502 0.757626
1.345186 0.757450
1.339778 0.754142
1.342053 0.754013
1.339457 0.752423
1.333582 0.749542
1.328281 0.744733
1.285711 0.740243
1.282713 0.738510
1.276438 0.736843
1.339471 0.749624
1.333230 0.747970
1.327505 0.744570
1.270319 0.733800
1.270928 0.731307
2.414202 0.987807
2.418127 0.986182
2.419927 0.983970
2.421581 0.980132
2.421481 0.977722
2.449947 0.885911
2.451927 0.881645
2.450541 0.883388
2.772293 0.868476
2.766037 0.868469
2.765992 0.868470
2.766229 0.867840
2.730698 0.859859
2.778534 0.867450
2.774603 0.867921
2.732642 0.857646
2.728965 0.854556
2.733687 0.855257
2.728848 0.852174
2.492219 0.788196
2.496024 0.784665
2.493811 0.785909
2.497053 0.780303
2.880890 0.785962
2.887129 0.784730
2.882743 0.785498
2.889157 0.784400
2.648580 0.716000
2.649163 0.715036
2.648739 0.714306
2.613063 0.706225
2.649431 0.712454
2.648804 0.711314
2.612535 0.703413
2.613835 0.701099
3.180659 0.767977
3.179156 0.769392
3.181323 0.767608
3.181789 0.767381
3.188169 0.764426
3.114685 0.750964
3.111618 0.749043
3.112018 0.748924
3.105330 0.746443
3.067681 0.736927
3.102427 0.745294
3.099040 0.743613
3.099260 0.743760
3.092750 0.740876
3.093185 0.741554
3.086470 0.738874
3.086979 0.739790
3.080204 0.737976
3.080614 0.738566
3.073944 0.737515
3.069325 0.737202
3.074150 0.737675
2.986058 0.712245
2.982770 0.710697
2.979766 0.709356
2.979998 0.709214
2.973479 0.706817
2.974138 0.706288
2.968365 0.703072
2.969259 0.704736
2.967174 0.702825
2.967476 0.703272
2.962072 0.698799
2.942062 0.695459
2.906207 0.689317
2.943917 0.695894
2.948389 0.696801
2.941535 0.695309
2.935783 0.693550
2.936062 0.692971
2.930373 0.689454
2.924918 0.685148
2.910676 0.686580
2.909039 0.687338
2.911280 0.685754
1.864943 1.304343
1.857272 1.305334
1.858196 1.304403
1.851012 1.304925
1.851399 1.304633
1.844750 1.304272
1.844779 1.304262
1.838473 1.302556
1.838543 1.302602
1.832193 1.300621
1.832309 1.300933
1.825912 1.298523
1.826188 1.298890
1.819637 1.296883
1.819838 1.297610
1.813352 1.294490
1.813873 1.295044
1.808095 1.291844
1.869780 1.305230
1.871001 1.303822
1.863532 1.305695
1.860383 1.305519
1.863820 1.305346
1.811818 1.293634
1.807591 1.290725
1.800775 1.289198
1.801468 1.288686
1.794494 1.287081
1.795567 1.285895
1.869853 1.305212
1.877511 1.301809
1.809347 1.290372
1.807035 1.289576
1.804655 1.289222
1.807223 1.289183
1.793703 1.286540
1.788188 1.283037
1.789364 1.281326
1.787412 1.282358
1.662684 1.250698
1.660603 1.251338
1.663481 1.249220
1.783270 1.273655
1.668916 1.248826
1.665245 1.249789
1.670331 1.248383
1.674531 1.246792
1.675406 1.246064
1.518277 1.207397
1.515455 1.207839
1.512730 1.204606
1.506716 1.202201
1.498985 1.203822
1.499763 1.202956
1.520821 1.206471
1.518724 1.204276
1.496859 1.200613
1.500399 1.198002
1.524474 1.202787
1.523152 1.204395
1.519294 1.199575
1.495571 1.197636
1.519826 1.195029
1.494755 1.194802
1.326025 1.150841
1.324534 1.147316
1.324278 1.147742
1.323611 1.146589
1.323869 1.146754
1.322616 1.144692
0.137060 0.798157
0.143285 0.795824
0.140450 0.796903
0.144732 0.795315
2.038198 1.230950
2.028737 1.234359
2.030697 1.233545
2.037809 1.229457
2.030301 1.231770
2.030044 1.232002
2.030362 1.231873
2.032813 1.230033
2.037305 1.228381
1.590854 1.104076
1.591903 1.103524
1.597068 1.100844
1.595177 1.101662
1.597869 1.099482
1.542585 1.088796
1.598766 1.099914
1.604888 1.095746
1.544493 1.086601
1.548045 1.083173
1.545861 1.084308
1.547222 1.083198
1.319026 1.023466
1.320842 1.020425
1.319978 1.021023
1.324724 1.019548
1.321827 1.015185
0.430397 0.754364
0.424227 0.752480
0.416770 0.752428
0.418127 0.750364
0.410499 0.750991
0.411772 0.749106
0.436854 0.752497
0.430029 0.752816
0.423031 0.752871
0.418022 0.752458
0.423728 0.751368
0.409385 0.750343
0.404818 0.747055
0.399267 0.743086
0.373967 0.737638
0.366561 0.738804
0.364651 0.739403
0.366827 0.739023
0.398985 0.741269
0.380450 0.735681
0.369148 0.737842
0.373307 0.737079
2.308855 1.169090
2.308406 1.169337
2.309378 1.167704
2.315067 1.165751
2.311306 1.167374
2.315207 1.165689
1.339760 0.881792
1.336647 0.877706
1.339371 0.879022
1.336302 0.876062
1.330845 0.871771
1.338015 0.876054
1.335962 0.874443
1.330884 0.868861
0.770612 0.707986
0.764344 0.706868
0.765887 0.703967
0.770761 0.708001
0.777672 0.706844
0.763614 0.706245
0.588584 0.657336
0.586577 0.657598
0.589814 0.653989
0.594828 0.656436
0.593415 0.656610
0.596159 0.652483
2.366531 1.129140
2.366276 1.127406
2.366131 1.126350
2.366317 1.126198
2.364536 1.123298
2.366842 1.121645
2.363231 1.120346
2.367304 1.117324
1.330354 0.819861
1.336614 0.820190
1.330753 0.819823
1.349119 0.819909
1.342862 0.819741
1.341384 0.819756
1.344250 0.815449
1.161878 0.770536
1.167068 0.767431
1.164970 0.768607
1.168729 0.763600
1.115367 0.756493
1.168119 0.766742
1.113278 0.753299
1.078088 0.744700
1.080191 0.741705
1.111422 0.750206
1.111108 0.748119
1.074942 0.741260
1.072890 0.739278
1.035238 0.729474
1.032475 0.730876
1.073568 0.735786
1.036158 0.729115
1.036135 0.725834
0.884572 0.685735
0.883892 0.686539
0.840637 0.673826
0.834369 0.672723
0.886066 0.684413
0.885763 0.679946
0.798088 0.655131
0.791373 0.655079
0.779803 0.655752
0.784685 0.654941
0.810449 0.656054
0.804081 0.654828
0.797679 0.653724
0.791090 0.653247
0.780011 0.653141
0.784518 0.652719
0.740596 0.643494
0.740155 0.641614
0.739913 0.640678
0.740247 0.640385
2.399053 1.050043
2.397569 1.047058
2.393305 1.043997
2.387752 1.040045
2.398978 1.044057
2.398395 1.044600
2.393431 1.040785
2.387883 1.036800
2.402724 1.043036
2.399105 1.041599
2.393357 1.038276
2.387609 1.034959
1.313646 0.725992
1.312877 0.725338
1.313073 0.725169
1.287764 0.717842
1.308734 0.722119
1.306565 0.720757
1.306927 0.720402
1.300269 0.717596
1.301048 0.717538
1.294727 0.716163
1.287751 0.716863
1.287658 0.716962
1.287774 0.716915
1.298658 0.717018
1.292591 0.715528
1.294148 0.715348
2.424921 0.936884
2.426548 0.935139
2.425921 0.934378
2.425890 0.934464
2.425945 0.934392
2.750129 0.879696
2.768930 0.882617
2.762671 0.882221
2.756389 0.880167
2.750671 0.879673
2.750121 0.879099
2.749566 0.879404
2.750340 0.878822
2.775176 0.881931
2.771540 0.882110
2.770602 0.875775
2.751333 0.877160
2.750090 0.876605
2.750396 0.875834
2.743803 0.874022
2.744222 0.873966
2.738775 0.869645
2.742239 0.872293
2.738654 0.867272
2.490050 0.802610
2.492671 0.799574
2.491729 0.800340
2.494006 0.798265
2.493842 0.793901
2.855256 0.814801
2.859857 0.811995
2.858424 0.812898
2.860571 0.810897
2.861636 0.811057
2.707539 0.770673
2.704914 0.767358
2.702899 0.765379
2.703947 0.763399
2.701722 0.763945
2.698074 0.757740
2.608755 0.739840
2.608149 0.741033
2.609233 0.738629
3.154980 0.793931
3.148543 0.792951
3.154233 0.793649
3.147984 0.792028
3.161043 0.790626
3.147882 0.789615
3.142394 0.785415
2.883325 0.719744
2.882019 0.716747
3.210063 0.703794
3.209071 0.704669
3.211432 0.702589
3.210607 0.700347
3.484171 0.713829
3.477361 0.714101
3.490423 0.712650
3.483531 0.713197
3.477353 0.711337
3.304264 0.667391
3.307305 0.666522
3.321018 0.662862
3.314164 0.663283
3.306813 0.664478
3.306013 0.665141
3.306949 0.664918
3.244047 0.647268
3.243971 0.647301
3.203587 0.637437
3.202721 0.634548
1.391364 1.259867
1.372541 1.255272
1.403883 1.260675
1.404799 1.259181
1.397624 1.260334
1.395347 1.260107
1.397782 1.260146
1.372509 1.252695
1.370734 1.254101
1.366759 1.251323
1.416397 1.260936
1.417578 1.258677
1.410138 1.260675
1.408583 1.260674
1.410355 1.260342
1.373242 1.252028
1.372562 1.251630
1.367293 1.246713
1.420094 1.260863
1.423154 1.259813
1.374614 1.249708
1.372440 1.247247
1.372602 1.248715
1.367111 1.244538
1.371804 1.246390
1.366650 1.243335
0.099351 0.868957
0.092889 0.868061
0.086722 0.866167
0.105171 0.869244
0.098443 0.869236
0.091671 0.867529
0.092113 0.867889
0.086069 0.865575
0.080397 0.862006
0.079948 0.860766
1.865283 1.304196
1.871527 1.303352
1.867813 1.303860
1.872162 1.302698
1.877760 1.301530
1.873828 1.302665
1.879114 1.299153
1.792289 1.282734
1.789933 1.281012
1.790372 1.280736
1.878518 1.301179
1.787788 1.278954
1.784969 1.273464
1.785031 1.275623
1.783583 1.273464
1.784321 1.272862
1.666528 1.246664
1.783562 1.271854
1.782852 1.272458
1.670635 1.244831
1.670328 1.244898
1.670784 1.244478
1.676869 1.243159
1.675740 1.243559
1.677532 1.241629
1.680345 1.242057
1.684480 1.238136
1.513694 1.199459
1.507418 1.197885
1.514809 1.198866
1.514005 1.197506
1.505826 1.196673
1.507645 1.196260
1.501105 1.193250
1.516642 1.196650
1.514353 1.193542
1.508283 1.191316
1.500652 1.192735
1.501230 1.192408
1.519884 1.194439
1.519554 1.194731
1.514631 1.189839
1.508902 1.186458
1.498099 1.189466
1.502229 1.186268
1.508801 1.184057
1.502174 1.183709
1.322797 1.143929
1.321592 1.140947
1.320273 1.136205
1.320598 1.138045
1.319922 1.134594
1.319511 1.135150
1.319305 1.133924
0.138749 0.791814
0.144987 0.790465
0.141808 0.791100
0.146560 0.786651
0.151229 0.789464
0.147812 0.789913
0.152283 0.787253
2.016109 1.238782
2.017234 1.237677
2.023201 1.236121
2.019634 1.235595
2.022822 1.234606
2.029818 1.230939
2.022288 1.232717
2.021542 1.233423
2.022433 1.233158
1.582891 1.109021
1.581195 1.109728
1.583404 1.108471
1.584748 1.107909
1.590477 1.104501
1.534722 1.095693
1.589107 1.105979
1.588593 1.106198
1.589253 1.105850
1.536573 1.093460
1.539809 1.091035
1.596474 1.101442
1.538870 1.090160
1.538160 1.091198
1.539138 1.090521
1.323143 1.033291
1.321885 1.030294
1.320012 1.026861
1.325421 1.027850
1.324332 1.028236
1.320461 1.022556
1.326430 1.022374
0.346070 0.742408
0.416662 0.752507
0.410359 0.751066
0.359873 0.739779
0.347659 0.741382
0.352852 0.740756
0.366276 0.738095
0.359463 0.738377
0.350956 0.739533
0.352431 0.739399
2.267354 1.200469
2.265265 1.200945
2.267774 1.200089
2.273589 1.198836
2.270798 1.199625
2.274238 1.198187
2.275547 1.198148
2.281040 1.195174
1.306795 0.917067
1.310182 0.916710
1.313020 0.914714
1.313011 0.914737
1.313482 0.910431
0.561961 0.693729
0.563660 0.691498
2.403998 1.112637
2.394885 1.114991
2.396731 1.114440
2.403741 1.110684
2.394676 1.112251
2.396664 1.111856
2.403721 1.107970
2.396368 1.108586
2.395030 1.109681
2.396614 1.109247
2.397317 1.107619
2.403612 1.105591
2.377526 1.102451
1.347933 0.800689
1.345308 0.802307
1.348300 0.800363
1.348164 0.799475
1.184703 0.752734
1.178452 0.753033
1.217733 0.754421
1.211245 0.753607
1.204862 0.752435
1.197223 0.753499
1.198337 0.751747
1.190960 0.752918
1.186143 0.752706
1.191562 0.751899
1.109377 0.731477
1.109120 0.731206
1.104178 0.726115
1.084079 0.725096
1.107722 0.728204
1.104017 0.723857
1.081271 0.721727
1.034096 0.710206
1.034073 0.710123
1.078804 0.718483
1.034433 0.707606
1.034137 0.707101
1.028926 0.701989
1.036532 0.705489
1.034422 0.703381
1.029089 0.698659
0.902163 0.667592
0.895899 0.666885
0.891996 0.667449
0.927924 0.671166
0.920979 0.671710
0.921297 0.670817
0.914705 0.670141
0.915030 0.669253
0.908432 0.668782
0.907954 0.668688
0.908469 0.668685
0.813696 0.642958
0.809670 0.635995
0.810810 0.639602
0.808751 0.636302
0.756542 0.626316
0.758352 0.624715
0.755084 0.623305
0.758691 0.620789
2.394864 1.007871
2.393421 1.010032
2.395899 1.007017
2.394951 1.007731
2.397360 1.005683
2.446113 0.899917
2.446192 0.897264
2.446034 0.894591
2.465018 0.862186
2.467303 0.860267
2.469224 0.858090
2.472652 0.853771
2.826369 0.842355
2.824888 0.843401
2.827691 0.841401
2.831332 0.839651
2.833769 0.835989
2.704014 0.805825
2.700778 0.803114
2.694513 0.802329
2.688236 0.800557
2.681960 0.798869
2.675692 0.797836
2.669412 0.795837
2.701541 0.799763
2.695312 0.798075
2.688907 0.796981
2.682786 0.794931
2.677306 0.790722
2.665463 0.793727
2.670420 0.791246
2.663110 0.792104
2.695486 0.794727
2.689541 0.792077
2.659562 0.789631
2.664438 0.785944
2.656803 0.787932
2.650517 0.785572
2.590381 0.772707
2.595174 0.769913
2.658291 0.781226
2.589152 0.769736
2.594975 0.767779
2.890950 0.741461
2.890085 0.742464
2.886227 0.735986
2.897200 0.740989
2.894347 0.740857
2.891268 0.738885
2.886298 0.732944
3.229681 0.739590
3.228424 0.737393
3.229155 0.736908
3.226226 0.736094
3.223214 0.731468
3.292617 0.671142
3.292908 0.670743
3.300022 0.668378
3.295125 0.668622
3.299674 0.666758
3.242364 0.654138
3.240453 0.655250
3.244029 0.653460
3.243934 0.647703
3.200876 0.642900
3.199762 0.639972
1.405617 1.257772
1.444547 1.261298
1.437967 1.260793
1.431713 1.259196
1.425494 1.257475
1.418126 1.257730
1.419121 1.256280
1.411870 1.257599
1.410212 1.257609
1.412163 1.257046
1.450835 1.259994
1.444329 1.259243
1.438119 1.257489
1.431670 1.256542
1.424379 1.257595
1.421357 1.257658
1.424793 1.257040
1.364603 1.243787
1.362795 1.239208
1.457203 1.258458
1.450375 1.258789
1.444157 1.257064
1.437911 1.255425
1.430619 1.256421
1.429095 1.256914
1.430969 1.256144
1.363888 1.240937
1.362414 1.237686
1.362418 1.237930
1.361548 1.235212
1.361901 1.236642
0.099713 0.868862
0.105964 0.868530
0.102884 0.868564
0.106373 0.867974
0.081374 0.863316
0.080874 0.862971
0.080923 0.863036
0.112213 0.868087
0.111867 0.868100
0.112271 0.867993
0.077282 0.859631
0.074990 0.857552
0.074628 0.856335
0.074534 0.856161
0.074551 0.856258
0.069580 0.850320
1.889152 1.287803
1.888812 1.287917
1.889910 1.285458
1.895367 1.284684
1.892494 1.286152
1.895948 1.284361
1.782395 1.254083
1.781640 1.256377
1.782460 1.253908
1.782407 1.253842
1.694528 1.230305
1.689079 1.231099
1.784664 1.251807
1.782843 1.249607
1.714910 1.229058
1.708206 1.228972
1.700765 1.228893
1.696212 1.230149
1.701515 1.228843
1.777269 1.242954
1.721114 1.228049
1.714242 1.228530
1.707009 1.228097
1.701565 1.228798
1.707632 1.228125
1.720567 1.227145
1.709337 1.228079
1.713554 1.228105
1.319312 1.119317
1.319009 1.116571
1.318752 1.113867
1.319416 1.108056
0.175166 0.778407
0.181413 0.777752
0.175776 0.778326
0.182550 0.775962
0.183000 0.777452
0.188588 0.775524
2.038317 1.231063
2.038836 1.230699
2.046078 1.227084
2.040340 1.228382
2.045528 1.226121
2.042470 1.226248
2.044986 1.225169
2.052230 1.220677
2.044482 1.223959
2.044407 1.224099
2.044501 1.224059
1.598803 1.098067
1.597299 1.098713
1.599463 1.096908
1.605027 1.095527
1.600801 1.096894
1.548574 1.082881
1.547753 1.083930
1.549039 1.082624
1.605399 1.095382
1.549618 1.081711
1.551659 1.079571
1.318059 1.014417
1.317184 1.010928
1.322498 1.011291
1.320744 1.012417
1.322988 1.008516
0.445027 0.750424
0.437308 0.752568
0.435394 0.753235
0.437634 0.752654
0.439244 0.751510
0.444656 0.748876
0.396958 0.741164
0.393926 0.738413
0.387958 0.735854
0.380804 0.735875
0.378402 0.736634
0.381191 0.735981
0.395362 0.738115
0.393317 0.736173
0.393644 0.736574
0.387044 0.734699
0.383846 0.735294
0.387420 0.734869
2.318500 1.157176
2.319182 1.157026
2.322940 1.155281
2.324696 1.152588
2.324010 1.152912
2.325537 1.150260
1.324165 0.863045
1.323524 0.860204
1.321038 0.856678
1.322162 0.857226
1.320748 0.854881
1.315515 0.849829
1.315463 0.847257
1.131870 0.802599
1.131918 0.802511
1.134076 0.800581
1.125843 0.798559
1.125623 0.798286
0.863300 0.715869
0.856916 0.714702
0.783465 0.701473
0.787466 0.699290
0.786549 0.699002
0.786018 0.699430
0.786781 0.698801
0.757418 0.692430
0.755163 0.690100
0.756659 0.686925
0.673590 0.669442
0.754013 0.688950
0.707186 0.677479
0.704934 0.675043
0.672849 0.669095
0.703896 0.674030
0.705213 0.673308
0.669576 0.665616
0.598225 0.645105
0.598044 0.645456
0.598375 0.645014
0.599619 0.643194
2.416659 1.069349
2.420733 1.065978
2.418892 1.067212
2.416111 1.060642
2.421926 1.065307
2.421206 1.063375
2.422172 1.057361
1.328349 0.744996
1.327838 0.744399
1.323576 0.737923
1.284409 0.732629
1.278121 0.729983
1.322831 0.740512
1.322031 0.739973
1.322229 0.739664
1.277046 0.729312
1.279039 0.726466
1.275512 0.726276
2.419876 0.974354
2.422850 0.972396
2.423759 0.968919
2.423305 0.969860
2.481827 0.836612
2.484254 0.834052
2.483852 0.834436
2.879175 0.790279
2.878432 0.790574
2.879854 0.788490
2.885412 0.788932
2.884019 0.789293
2.886182 0.787064
2.653183 0.725373
2.653528 0.724915
2.653253 0.724570
2.653916 0.722340
2.653361 0.721414
2.611203 0.711894
2.612440 0.709536
3.173365 0.776797
3.174318 0.774345
3.176501 0.772241
3.180304 0.768264
3.119162 0.758189
3.117249 0.753964
3.117205 0.755066
3.116415 0.754002
3.111036 0.749443
3.105176 0.746508
3.067624 0.736990
3.061005 0.736618
3.054316 0.736479
3.047145 0.736795
3.043879 0.737117
3.047614 0.736385
3.098736 0.742777
3.092659 0.740566
3.086451 0.738803
3.080080 0.737591
3.073574 0.736833
3.066960 0.736445
3.060323 0.736132
3.053388 0.735856
3.051577 0.736340
3.053623 0.736032
3.006173 0.725226
3.003679 0.722910
2.998122 0.718967
3.004572 0.722180
3.003160 0.720874
3.003411 0.721032
2.997829 0.717160
2.991944 0.714309
2.985904 0.711986
2.991661 0.712508
2.985548 0.710426
2.979325 0.708711
2.973206 0.706646
2.902751 0.694509
2.902721 0.694594
2.902784 0.694496
2.942038 0.695520
2.903537 0.692140
3.206269 0.682920
3.205251 0.679989
3.204088 0.677069
3.203336 0.673931
1.391056 1.260134
1.384520 1.259485
1.378365 1.257555
1.372397 1.254992
1.403249 1.261614
1.396650 1.261169
1.390433 1.259443
1.384253 1.257590
1.378359 1.254770
1.415850 1.261756
1.409096 1.261842
1.402667 1.260825
1.396248 1.259773
1.390174 1.257556
1.384269 1.254768
1.378446 1.251705
1.378334 1.249342
1.372374 1.246736
1.873265 1.300781
1.879492 1.298567
1.876865 1.299942
1.881063 1.295394
1.880277 1.298101
1.785364 1.274339
1.885713 1.295864
1.884167 1.296409
1.886522 1.294096
1.784138 1.271929
1.782751 1.268920
1.785244 1.264856
1.782194 1.266139
1.678591 1.239241
1.675795 1.240104
1.679963 1.236240
1.684822 1.237438
1.680833 1.238663
1.685705 1.237214
1.319766 1.134370
1.319273 1.131576
1.318494 1.128741
0.146705 0.786285
0.152953 0.785735
0.146999 0.786241
0.154297 0.783265
0.159196 0.784847
0.154662 0.785442
0.160221 0.783175
2.211858 1.207087
2.205532 1.205731
2.199198 1.204397
2.192869 1.203053
2.186435 1.202056
2.180037 1.200942
2.173667 1.199734
2.167314 1.198467
2.160933 1.197297
2.154391 1.196667
2.147627 1.195758
2.146619 1.196492
2.147727 1.196447
2.217991 1.206316
2.211418 1.205788
2.205216 1.204010
2.198948 1.202450
2.192634 1.201052
2.186288 1.199757
2.179930 1.198506
2.173568 1.197265
2.167205 1.196033
2.160781 1.194999
2.149591 1.194531
2.154219 1.194437
2.224516 1.204259
2.217616 1.204835
2.211063 1.204237
2.204879 1.202391
2.198649 1.200703
2.192363 1.199206
2.186093 1.197647
2.179793 1.196199
2.173435 1.194943
2.167052 1.193773
2.160587 1.192879
2.153813 1.190361
2.151735 1.192400
2.154022 1.192324
2.166900 1.191545
2.153922 1.190310
2.160397 1.190775
1.310421 0.946653
1.313109 0.945482
1.294315 0.940797
1.311244 0.944184
1.312961 0.943187
1.295369 0.934440
1.289055 0.933040
1.311924 0.941719
1.312742 0.941169
0.571725 0.724332
0.569815 0.725532
0.573720 0.723843
0.572668 0.720121
2.291233 1.184895
2.289227 1.185725
2.292293 1.182715
2.297461 1.182696
2.293369 1.184066
2.297785 1.182509
1.331323 0.898421
1.320468 0.898152
1.324876 0.897469
1.330616 0.896838
1.330787 0.897436
1.324354 0.896359
1.324156 0.896381
1.324371 0.896378
1.331099 0.895455
0.570992 0.675472
0.571434 0.674970
0.573976 0.672935
2.414420 1.104812
2.415327 1.102361
2.415466 1.099754
1.345606 0.787438
1.346066 0.783886
1.351270 0.784521
1.349066 0.785611
1.352024 0.780928
1.239761 0.748222
1.232012 0.751460
1.231849 0.751609
1.232057 0.751501
1.233944 0.749485
1.239503 0.746318
1.094456 0.712684
1.093911 0.712210
1.094079 0.711999
1.087635 0.710511
1.085838 0.710582
1.019252 0.688952
1.018547 0.687942
1.018691 0.688332
1.013584 0.682871
1.016904 0.685731
1.013008 0.682027
1.007566 0.677680
0.943202 0.665159
0.936934 0.664162
0.930667 0.663159
0.924398 0.662029
0.918128 0.660849
0.976094 0.667571
0.969354 0.667606
0.962801 0.667012
0.955735 0.667039
0.956286 0.666287
0.949467 0.665918
0.945378 0.665559
0.949857 0.665272
0.798837 0.625161
0.795354 0.623536
0.792545 0.622228
0.793095 0.621033
0.786262 0.619957
0.779985 0.618186
0.773718 0.617264
2.389687 1.015249
2.393147 1.012150
2.391526 1.013038
2.394771 1.008018
2.394628 1.011174
2.441427 0.913717
2.441695 0.911104
2.441718 0.908469
2.459948 0.867284
2.463281 0.864773
2.462589 0.865253
2.463865 0.863484
2.465559 0.863350
2.783657 0.852493
2.797791 0.849407
2.784994 0.852040
2.790694 0.850641
2.804094 0.848054
2.797112 0.848906
2.789884 0.850301
2.789177 0.850404
2.789992 0.850222
2.722827 0.834174
2.721691 0.830945
2.727086 0.830485
2.724415 0.831893
2.722070 0.826864
2.670613 0.816257
2.727333 0.829059
2.722476 0.822726
2.689421 0.819665
2.683147 0.818163
2.676879 0.817163
2.673065 0.816668
2.677223 0.816465
2.668444 0.815537
2.664329 0.813920
2.665430 0.810851
2.659645 0.810746
2.501080 0.764437
2.499417 0.766199
2.496282 0.760200
2.501383 0.764040
2.501153 0.763695
2.496347 0.757196
2.892194 0.765256
2.890080 0.766221
2.898441 0.764580
2.894944 0.764731
2.893011 0.761252
3.196600 0.759288
3.202837 0.757915
3.198867 0.759270
3.203609 0.757749
3.203083 0.757670
3.262438 0.683111
3.262917 0.682823
3.256150 0.680518
3.264772 0.682273
3.269682 0.679902
3.255563 0.680018
3.251073 0.674577
3.205315 0.667744
3.251986 0.676509
3.250498 0.673746
3.201648 0.664166
3.199622 0.661898
3.198670 0.660803
3.707853 0.731893
3.701591 0.731285
3.695323 0.730310
3.693358 0.730240
3.689633 0.727242
3.714113 0.732320
3.711797 0.732103
3.708245 0.729775
3.702793 0.725461
3.619987 0.708147
3.617716 0.709089
3.621810 0.707408
3.478681 0.667079
3.477396 0.664094
3.475993 0.662202
3.470560 0.657830
3.464693 0.654926
3.387695 0.639662
3.470788 0.654295
3.387915 0.639544
3.395212 0.636831
3.387686 0.638937
3.395400 0.633405
3.386662 0.636578
3.387854 0.636163
3.262120 0.601673
3.255861 0.601360
3.268374 0.601549
3.265023 0.601489
3.262875 0.598190
3.257020 0.595249
3.250645 0.594055
3.238857 0.595090
3.243862 0.594235
3.237083 0.592003
3.244267 0.590084
3.236976 0.591841
1.881217 1.294973
1.881397 1.294924
1.887435 1.292103
1.885139 1.293154
1.888644 1.291356
1.781240 1.265096
1.780978 1.264253
1.891714 1.289482
1.894912 1.285736
1.781445 1.262462
1.781458 1.259828
1.680316 1.235736
1.786943 1.259153
1.782951 1.260174
1.681467 1.235363
1.688131 1.231404
1.787869 1.258753
1.787272 1.257381
1.694299 1.230481
1.686546 1.233801
1.686340 1.233870
1.686625 1.233664
1.700668 1.228916
1.692783 1.232329
1.691865 1.232571
1.693081 1.231811
1.706841 1.228051
1.319150 1.128097
1.318859 1.125337
1.318314 1.122546
1.318049 1.119854
0.160930 0.781853
0.175035 0.778610
0.167180 0.781475
0.164148 0.781621
0.167653 0.780806
0.181051 0.778254
0.172075 0.780932
0.173626 0.780607
2.047086 1.226591
2.049423 1.224468
2.053379 1.222346
2.052470 1.220952
2.051280 1.222260
2.052876 1.221254
2.053461 1.220161
2.059922 1.217426
1.602579 1.093878
1.606753 1.092083
1.606576 1.092168
1.606890 1.091757
1.552513 1.078968
1.612980 1.089935
1.610625 1.090509
1.554335 1.076726
1.556478 1.073349
1.555870 1.074449
1.557708 1.070507
1.317952 1.006381
1.316999 1.008029
1.318711 1.005773
1.318297 1.004385
1.321299 1.003769
0.446761 0.749884
0.452414 0.748214
0.459492 0.744232
0.447753 0.747448
0.452434 0.745340
0.459374 0.741869
0.451767 0.744834
2.275336 1.197059
2.274952 1.197184
2.275473 1.196829
2.281560 1.194626
2.279330 1.195572
2.282562 1.192814
2.282995 1.193820
2.288494 1.189984
1.309138 0.910331
1.310689 0.908025
1.312317 0.905780
0.565501 0.688465
0.567580 0.685685
0.567077 0.686183
0.568513 0.683185
2.382637 1.118125
2.389402 1.116456
2.382684 1.115455
2.389482 1.113378
2.382162 1.114401
2.389475 1.110630
2.380640 1.112305
2.382371 1.111893
2.375844 1.109419
2.396210 1.107864
2.389492 1.107827
2.383358 1.105809
2.372745 1.107746
2.377147 1.104055
1.346265 0.808747
1.346382 0.808697
1.346346 0.808388
1.349521 0.806811
1.176729 0.756756
1.172028 0.758068
1.177077 0.756630
1.184436 0.753239
1.112126 0.740758
1.082581 0.730979
1.110089 0.737578
1.109294 0.731542
1.082546 0.730845
1.109067 0.734690
1.108709 0.730735
1.079715 0.727489
1.035569 0.716689
1.038584 0.713990
1.037490 0.714502
0.887941 0.672204
0.887601 0.672503
0.888172 0.671828
0.901755 0.668632
0.894180 0.670890
0.891445 0.670794
0.894793 0.669414
0.817105 0.652605
0.815149 0.649454
0.813876 0.644486
0.751045 0.631107
0.749785 0.628519
0.749556 0.628108
0.749883 0.627815
2.422246 0.966115
2.420565 0.960890
2.423189 0.963681
2.424698 0.961424
2.455371 0.873930
2.456663 0.872608
2.459569 0.870660
2.775688 0.856950
2.781921 0.855178
2.777295 0.856292
2.783263 0.853003
2.782899 0.855017
2.725429 0.839420
2.724298 0.840665
2.726524 0.838561
2.725900 0.836647
2.670503 0.816431
2.663740 0.813795
2.495125 0.773962
2.499396 0.771228
2.498057 0.772009
2.890526 0.773300
2.896765 0.772077
2.892447 0.772924
2.891318 0.769752
2.898845 0.771837
2.897496 0.768824
2.638515 0.697492
2.633092 0.695047
2.633512 0.694805
2.626809 0.692772
2.627635 0.691939
2.620527 0.690613
2.616876 0.692211
3.204579 0.755653
3.207401 0.755220
3.212352 0.750968
3.210797 0.752795
3.210384 0.753302
3.210992 0.752779
3.273355 0.678231
3.277559 0.676029
3.249194 0.672326
3.245895 0.669359
3.284477 0.672628
3.276632 0.676374
3.276577 0.676386
3.276647 0.676350
3.248635 0.669528
3.246010 0.666175
3.201615 0.658023
3.201340 0.657714
3.201695 0.656770
3.198487 0.654599
3.697000 0.722810
3.690737 0.722192
3.703260 0.723240
3.700021 0.723065
3.697404 0.720937
3.692099 0.716137
3.704331 0.717514
3.627943 0.702628
3.627745 0.702721
3.628002 0.702574
3.630801 0.700823
3.635073 0.698652
3.464719 0.655198
3.464710 0.654435
3.464487 0.654798
3.459148 0.650944
3.467604 0.652906
3.464860 0.651586
3.459102 0.648305
3.453288 0.645213
3.447415 0.642330
3.416088 0.634521
3.409301 0.634718
3.398650 0.636039
3.402318 0.635568
3.447501 0.639271
3.415996 0.632036
3.409320 0.631853
3.397307 0.633037
3.402462 0.632288
3.270049 0.594075
3.263792 0.593825
3.257518 0.592308
3.251225 0.589398
3.270415 0.594026
3.270136 0.593635
3.264555 0.589752
3.258103 0.588813
3.251069 0.589279
3.251247 0.589240
1.908443 1.263972
1.905798 1.264867
1.910477 1.263330
1.914663 1.261318
1.913904 1.261517
1.915061 1.260379
1.533369 1.141010
1.525398 1.144981
1.525627 1.144433
1.519120 1.143150
1.519562 1.142184
1.512833 1.140543
1.513889 1.138615
1.322172 1.090131
1.323046 1.087679
1.324068 1.085296
0.277481 0.781337
0.296251 0.778324
0.289259 0.779207
0.282337 0.779452
0.281901 0.779730
0.282387 0.779688
0.302557 0.776990
0.295669 0.777529
0.285400 0.777952
0.288848 0.777836
2.218980 1.208583
2.212098 1.207860
2.212277 1.208492
2.225584 1.206187
2.218345 1.207172
2.216297 1.207374
2.218478 1.207456
2.232196 1.203802
2.224563 1.204358
2.221310 1.205940
2.225068 1.205145
2.244763 1.204062
2.238123 1.203759
2.225066 1.204234
2.231464 1.203522
1.316866 0.942102
1.318093 0.939719
1.295853 0.934282
1.295441 0.933846
1.295574 0.933751
1.289162 0.931966
1.288382 0.932458
1.289627 0.931119
1.318569 0.937191
0.570106 0.719474
0.567611 0.717276
0.571981 0.717264
0.567111 0.714041
0.567556 0.714664
0.561823 0.711304
0.561997 0.707949
2.335840 1.148841
2.341354 1.147881
2.336864 1.146407
2.341195 1.145609
2.348140 1.142104
2.340641 1.144108
2.338219 1.144086
2.340831 1.144062
1.312523 0.842572
1.311652 0.839708
1.128997 0.789982
1.141516 0.790777
1.138984 0.792139
1.142927 0.788104
1.128484 0.789577
1.142269 0.790278
1.124782 0.785994
1.122669 0.784198
1.123653 0.782219
1.148977 0.784845
1.121354 0.782519
1.054470 0.763120
1.047932 0.762478
1.041747 0.760645
1.035370 0.759461
1.054483 0.760294
1.047864 0.759921
1.041044 0.759390
1.041435 0.758905
1.034775 0.758258
1.034941 0.758111
1.030142 0.751604
0.871556 0.711159
0.866440 0.712167
0.852745 0.707521
0.871930 0.710828
0.851128 0.705739
0.848334 0.702405
0.798087 0.690102
0.798525 0.687559
0.755332 0.676979
0.717302 0.667694
0.756163 0.674542
0.760162 0.669552
0.716343 0.664778
0.722295 0.661080
0.669655 0.653373
0.669677 0.650701
0.611671 0.633847
0.614680 0.632635
0.614873 0.629229
2.386843 1.029496
2.386123 1.026654
2.387595 1.024383
2.439047 0.919262
2.439204 0.916638
2.475686 0.850057
2.477408 0.847798
2.479741 0.845734
2.837390 0.831507
2.839456 0.829339
2.843855 0.824660
2.841784 0.827280
2.842412 0.826775
2.705718 0.791299
2.705223 0.788522
2.603686 0.759037
2.602394 0.760699
2.604006 0.758437
2.604256 0.756400
2.885854 0.735304
2.886355 0.732609
2.886177 0.732705
2.887169 0.727245
3.206402 0.689076
3.206623 0.686472
3.718761 0.745256
3.726095 0.743223
3.718761 0.745256
3.718761 0.745256
3.712469 0.742266
3.706189 0.740376
3.699916 0.738794
3.693650 0.737989
3.726399 0.739407
3.719630 0.739539
3.713083 0.738921
3.706855 0.737231
3.700829 0.734864
3.695009 0.731797
3.720007 0.735517
3.713941 0.733270
3.613178 0.714104
3.618259 0.711527
3.616699 0.712302
3.619044 0.710086
3.483114 0.674292
3.481166 0.670235
3.481078 0.671151
3.480524 0.669628
3.387674 0.639552
3.380966 0.639480
3.369289 0.641124
3.374115 0.639889
3.380809 0.637233
3.373408 0.639123
3.373123 0.639413
3.373471 0.639289
3.260435 0.608417
3.257760 0.608520
3.266682 0.607843
3.265863 0.607845
3.236777 0.595431
3.227312 0.598403
3.229469 0.597380
3.236962 0.592030
3.227293 0.595759
3.229506 0.594488
1.562972 1.273207
1.575136 1.274780
1.568764 1.273573
1.562688 1.271370
1.556591 1.269234
1.467138 1.251143
1.464886 1.252577
1.468418 1.248916
1.587784 1.274764
1.581196 1.274284
1.574609 1.273803
1.568250 1.272549
1.562141 1.270451
1.556048 1.268303
1.550319 1.264921
1.467956 1.250641
1.550057 1.263062
1.470479 1.248602
1.357639 1.221021
1.471368 1.246194
1.360391 1.218214
1.359913 1.218887
1.355462 1.212981
1.361028 1.216500
1.360622 1.215479
1.361276 1.213930
1.360754 1.212278
0.129843 0.852929
0.127903 0.853603
0.132217 0.851997
0.062954 0.835059
0.062119 0.832181
0.061440 0.829605
0.062029 0.829526
0.061303 0.827306
1.910153 1.259312
1.909166 1.259568
1.916385 1.257430
1.914339 1.258138
1.917517 1.254882
1.918609 1.256522
1.922607 1.254806
1.922490 1.254842
1.922662 1.254688
1.533373 1.140997
1.527113 1.140570
1.528535 1.137390
1.520842 1.139249
1.522461 1.135183
1.514566 1.137617
1.533380 1.140996
1.508721 1.134951
1.508275 1.134716
1.508351 1.134591
1.503658 1.127722
1.503079 1.130937
1.502253 1.129705
1.497375 1.123447
1.322909 1.084184
1.323731 1.081705
1.324778 1.079314
0.296604 0.778367
0.310532 0.775553
0.302842 0.777047
0.299257 0.777837
0.303268 0.777354
0.305300 0.776677
0.309606 0.775911
0.128193 0.724010
0.121781 0.722943
0.127699 0.722882
0.120957 0.722925
2.068479 1.217759
2.088652 1.216878
2.082032 1.216511
2.069800 1.217186
2.075313 1.216473
2.088595 1.214268
2.081807 1.214467
2.072978 1.215285
2.074901 1.215060
2.088489 1.211852
2.081639 1.212262
2.074667 1.212473
2.074160 1.212927
2.074746 1.212813
2.088613 1.208693
1.616392 1.079671
1.612466 1.081347
1.622633 1.078612
1.616497 1.079654
1.616513 1.079219
1.586521 1.066911
1.563520 1.066709
1.567021 1.064598
1.622847 1.078568
1.622785 1.077999
1.598896 1.067769
1.592363 1.067105
1.586169 1.065301
1.580174 1.062825
1.573821 1.061557
1.566147 1.063327
1.564456 1.064261
1.566619 1.063147
1.605265 1.066233
1.598532 1.066246
1.591979 1.065648
1.585796 1.063796
1.579617 1.061935
1.568121 1.062515
1.573084 1.061273
1.316695 0.993012
1.315930 0.989701
1.318151 0.990695
1.316255 0.985799
1.318721 0.988199
1.316329 0.982780
0.506539 0.744433
0.500480 0.742177
0.494225 0.740576
0.487880 0.739284
0.481465 0.738226
0.468870 0.740338
0.474515 0.738968
0.512771 0.743354
0.506557 0.741612
0.500477 0.739415
0.493977 0.738639
0.487354 0.738278
0.480773 0.737778
0.471084 0.738225
0.473974 0.738009
2.415284 1.098901
2.418042 1.096887
2.418523 1.094349
2.421296 1.088561
1.348902 0.779430
1.351533 0.777428
1.240930 0.747693
1.247350 0.745325
1.241807 0.745256
1.247097 0.743401
1.010893 0.680782
1.007681 0.677875
1.006425 0.677012
1.001955 0.673909
0.996303 0.670279
0.990232 0.668066
0.983744 0.667253
0.976274 0.667360
0.977179 0.666703
0.970009 0.666532
0.970771 0.665622
0.963737 0.665211
0.964506 0.664060
0.957464 0.663749
0.951189 0.662147
0.944918 0.660812
1.001768 0.673239
1.001426 0.672936
0.995923 0.668788
0.989742 0.666933
0.977995 0.667403
0.983036 0.666854
2.397593 1.004928
2.399305 1.002657
2.401395 1.000518
2.403740 0.997687
2.443812 0.905484
2.444013 0.902877
2.472938 0.853794
2.471996 0.855281
2.473805 0.852675
2.473470 0.852979
2.818408 0.847420
2.817499 0.847721
2.818699 0.846985
2.824629 0.844794
2.822160 0.846188
2.825772 0.843031
2.712550 0.816725
2.711926 0.815708
2.711820 0.813870
2.711650 0.813687
2.711684 0.813724
2.706382 0.808909
2.699073 0.808291
2.692818 0.808234
2.686549 0.807164
2.680278 0.805915
2.674003 0.804251
2.667726 0.802506
2.661429 0.799159
2.708134 0.810331
2.700331 0.808415
2.705710 0.808411
2.660909 0.798752
2.661701 0.797951
2.655122 0.795105
2.649795 0.793391
2.655539 0.793272
2.648842 0.793081
2.587340 0.773623
2.580587 0.773702
2.574175 0.772635
2.568059 0.770572
2.561868 0.768763
2.587566 0.770071
2.580877 0.769935
2.574450 0.768914
2.568279 0.767029
2.562069 0.765280
2.555739 0.763933
2.549332 0.762850
2.542819 0.762119
2.536286 0.761455
2.529813 0.760591
2.523471 0.759291
2.517305 0.757396
2.511144 0.755482
2.504797 0.754201
2.498222 0.753026
2.568114 0.764831
2.561868 0.763196
2.555501 0.761969
2.549056 0.761005
2.542541 0.760282
2.536045 0.759493
2.529562 0.758268
2.529606 0.758512
2.523293 0.757095
2.523294 0.757101
2.517007 0.754728
2.517120 0.755225
2.510717 0.751923
2.511003 0.753157
2.504438 0.749944
2.504754 0.751537
2.498179 0.749604
2.496860 0.750633
2.498308 0.750582
2.889306 0.751424
2.895544 0.750112
2.890096 0.751281
2.889620 0.750019
2.901790 0.749431
2.896216 0.750103
2.895709 0.749375
2.890728 0.743482
2.896925 0.742511
3.226325 0.732641
3.223850 0.730236
3.224187 0.730987
3.230095 0.729451
3.221535 0.728795
3.217988 0.726396
3.219849 0.725751
3.218022 0.723521
3.523613 0.716975
3.517309 0.715547
3.511027 0.714041
3.504827 0.712260
3.498452 0.711069
3.490579 0.712575
3.485291 0.713520
3.491635 0.711363
3.475769 0.711199
3.535960 0.717955
3.529367 0.717493
3.522718 0.717221
3.516161 0.716636
3.509662 0.715856
3.503107 0.714025
3.503372 0.714371
3.496837 0.712856
3.493799 0.712932
3.497069 0.712933
3.476568 0.708711
3.476366 0.706030
3.321073 0.662916
3.335173 0.660517
3.321714 0.662842
3.328159 0.661473
3.335036 0.658217
3.245741 0.641099
3.244825 0.641375
3.250008 0.639988
3.205878 0.629181
3.204806 0.626272
1.459105 1.257597
1.451204 1.260369
1.448877 1.260922
1.451438 1.260755
1.457435 1.258442
1.454056 1.259520
1.457892 1.258891
1.362080 1.237047
1.458283 1.257919
1.465261 1.253971
1.361193 1.234141
1.360228 1.231244
1.360146 1.228590
0.113944 0.865058
0.113713 0.865082
0.114024 0.864876
0.120184 0.863780
0.119698 0.863870
0.120408 0.863243
0.070073 0.851739
0.069992 0.851596
0.070015 0.851648
0.124795 0.862492
0.127432 0.859490
0.068543 0.848693
0.065263 0.842187
0.067721 0.845861
0.065025 0.840218
1.944907 1.254496
1.938635 1.253115
1.965184 1.252999
1.958119 1.254125
1.951151 1.253585
1.949344 1.254428
1.951266 1.254541
1.964702 1.251827
1.952886 1.252625
1.957689 1.252784
1.971600 1.248498
1.964574 1.249501
1.955601 1.250652
1.957464 1.250783
1.536813 1.132936
1.517986 1.128083
1.543048 1.131430
1.538935 1.132731
1.544185 1.130020
1.507891 1.125157
1.505423 1.123772
1.543581 1.131197
1.499898 1.120514
1.546952 1.129387
1.550529 1.125751
1.499149 1.117667
1.500439 1.115351
1.325023 1.069758
1.326698 1.067489
1.327793 1.065115
0.318797 0.769500
0.317870 0.770122
0.319657 0.767496
0.321548 0.768353
2.102674 1.214984
2.092285 1.216548
2.095667 1.215918
2.102622 1.212356
2.092405 1.213899
2.095592 1.213368
2.102635 1.209535
2.092770 1.211337
2.095528 1.210811
2.102804 1.206217
2.091192 1.208329
2.095700 1.207483
1.586730 1.067149
1.618076 1.072809
1.615962 1.073387
1.612680 1.069467
1.606446 1.067797
1.599249 1.067817
1.599806 1.067496
1.592989 1.067392
1.591115 1.067319
1.593116 1.067365
1.582128 1.065126
1.580437 1.064072
1.580568 1.064303
1.574163 1.062575
1.573452 1.063010
1.574271 1.062848
1.624308 1.071026
1.620906 1.071938
1.619119 1.067654
1.612644 1.066795
1.605493 1.066957
1.603610 1.067702
1.605749 1.067354
1.625156 1.067242
1.619535 1.063491
1.607312 1.065976
1.612509 1.064493
1.315530 0.986605
1.315837 0.983991
1.315887 0.981349
0.520442 0.742939
0.513093 0.744778
0.512693 0.744916
0.513122 0.744929
0.515159 0.742885
0.520278 0.740727
0.500508 0.738812
2.408085 1.109395
2.411431 1.107453
2.407664 1.106629
2.411409 1.104736
2.408424 1.104183
2.411210 1.102651
2.379202 1.095037
2.372921 1.092953
2.380377 1.090391
1.349604 0.792840
1.347198 0.793954
1.350876 0.792206
1.350147 0.790014
1.217770 0.754455
1.211502 0.753471
1.205230 0.752094
1.198961 0.750955
1.224021 0.754193
1.218285 0.754431
1.224623 0.753878
1.231550 0.750459
1.101429 0.720518
1.099166 0.717527
1.081615 0.715676
1.098868 0.717249
1.098454 0.716973
1.098560 0.716803
1.093070 0.712613
1.080625 0.712773
1.086805 0.711044
1.025340 0.699250
1.023549 0.697437
1.027188 0.697037
1.023841 0.693657
1.018314 0.686840
0.928958 0.667978
0.922688 0.666797
0.916416 0.665467
0.910146 0.664218
0.903879 0.663287
0.943043 0.665557
0.935221 0.668681
0.931553 0.668322
0.935873 0.667045
0.809556 0.635821
0.804304 0.631858
0.803400 0.631374
0.803603 0.630962
0.797109 0.628501
0.798377 0.625899
0.763123 0.621797
0.766531 0.619843
0.791497 0.626084
0.790819 0.625751
0.790951 0.625480
0.785442 0.621352
0.779460 0.618826
0.773160 0.617379
0.765713 0.618815
0.762681 0.619015
0.766287 0.617864
2.404526 0.997237
2.404185 0.997718
2.404689 0.997276
2.406226 0.995551
2.412283 0.991573
2.407573 0.993254
2.411921 0.990032
2.434336 0.926931
2.434837 0.924367
2.436189 0.922541
2.435085 0.921779
2.435938 0.920612
2.765524 0.893312
2.759256 0.892228
2.766493 0.893186
2.753269 0.889938
2.752970 0.889763
2.753003 0.889755
2.487005 0.816810
2.489314 0.814111
2.488905 0.814589
2.490571 0.812358
2.861598 0.809654
2.864112 0.808150
2.867810 0.806288
2.867647 0.806371
2.867888 0.806154
2.704627 0.761945
2.703553 0.760886
2.698313 0.757337
2.699935 0.754254
2.696807 0.756580
2.692017 0.754092
2.692719 0.753097
2.686724 0.750620
2.680571 0.748675
2.674342 0.746991
2.668218 0.744951
2.610439 0.733005
2.679877 0.748264
2.673708 0.746367
2.667462 0.744729
2.662316 0.739381
2.610554 0.732810
2.610573 0.732318
2.611664 0.730440
3.171018 0.780193
3.169306 0.781929
3.172333 0.778025
3.127095 0.769106
3.171317 0.779753
3.126893 0.768887
3.122418 0.762027
3.125285 0.765832
3.121862 0.761095
3.121825 0.758467
3.039178 0.741410
3.037122 0.741598
3.039939 0.739571
3.013769 0.735894
3.043459 0.740504
3.046116 0.738660
3.012709 0.732964
3.008939 0.727860
3.008675 0.725984
2.898085 0.699596
2.897490 0.696816
2.902321 0.693284
3.212111 0.711548
3.209710 0.706153
3.214187 0.709425
3.696018 0.756661
3.696176 0.753329
3.608255 0.729344
3.550476 0.717599
3.601803 0.725617
3.595720 0.723440
3.589774 0.720796
3.570921 0.716298
3.562989 0.717823
3.564266 0.716045
3.556728 0.717367
3.551731 0.717486
3.557405 0.716487
3.582406 0.720189
3.576070 0.718860
3.565313 0.718163
3.569540 0.718186
3.475732 0.696246
3.477716 0.694052
3.343302 0.656862
3.345002 0.656265
3.350841 0.653079
3.347829 0.654301
3.349985 0.653179
3.249123 0.628620
3.255359 0.627085
3.251557 0.628077
3.256765 0.626709
3.212550 0.615871
1.459193 1.257510
1.459434 1.257371
1.465402 1.253883
1.463504 1.255690
1.466551 1.252385
1.465747 1.253594
1.360879 1.227935
1.359495 1.224861
1.360787 1.225238
1.360162 1.219812
1.360978 1.222638
0.121900 0.859547
0.128132 0.857731
0.124411 0.858883
0.065390 0.842318
0.129105 0.857389
0.065049 0.841699
0.064446 0.838899
1.989877 1.245944
1.994562 1.244727
2.001359 1.241690
1.993863 1.243449
1.992905 1.243998
1.994024 1.243728
1.995781 1.242045
2.000846 1.240635
2.007611 1.237761
1.998545 1.240098
2.000330 1.239629
1.566944 1.117170
1.565022 1.118030
1.567536 1.116568
1.568960 1.116327
1.574366 1.113435
1.517704 1.103791
1.524229 1.100976
1.573159 1.114043
1.572129 1.114471
1.573469 1.113703
1.518601 1.101345
1.524000 1.098958
1.522932 1.099169
1.522067 1.099563
1.523165 1.099018
1.330964 1.050141
1.329607 1.047123
1.329753 1.044503
0.332501 0.752625
0.334454 0.750429
0.337879 0.745859
0.337000 0.746066
2.125422 1.203616
2.125423 1.203569
2.125421 1.203559
2.133248 1.197073
2.124534 1.200679
2.125583 1.200228
2.133047 1.194977
2.123694 1.197829
2.125706 1.197045
1.315534 0.964357
1.315263 0.962777
1.314449 0.959909
1.312411 0.956775
1.310387 0.951879
0.557499 0.731468
0.563767 0.730221
0.556907 0.730658
0.550293 0.730269
0.543871 0.729234
0.537428 0.728265
0.530704 0.728124
0.530620 0.728222
0.530722 0.728188
0.543496 0.727742
0.535194 0.726705
0.537067 0.726727
2.417426 1.084562
2.417551 1.084511
2.417527 1.084141
2.419826 1.082382
2.422553 1.080399
1.349324 0.764592
1.345468 0.757637
1.281031 0.745557
1.274768 0.744901
1.347566 0.761517
1.345034 0.756313
1.281292 0.744337
1.275517 0.741127
1.269536 0.738611
1.259989 0.740092
1.262630 0.739204
1.270120 0.733838
1.262162 0.737173
1.261721 0.737838
1.262282 0.737574
1.269915 0.731767
2.422111 0.978619
2.419802 0.980460
2.422405 0.978428
2.422406 0.977348
2.422536 0.975829
2.422704 0.973587
2.485946 0.827823
2.485109 0.828603
2.487217 0.826472
2.843969 0.824908
2.844199 0.824358
2.848345 0.822730
2.850998 0.820497
2.707004 0.785486
2.706106 0.782589
2.706300 0.780935
2.707240 0.780237
2.707068 0.775580
2.604845 0.755170
2.605348 0.750469
2.604333 0.752369
3.166068 0.787268
3.135540 0.779814
3.168090 0.785114
3.170555 0.781220
3.131786 0.776218
3.131667 0.776026
3.131714 0.776036
3.127056 0.769057
3.130323 0.773225
3.126741 0.767339
3.024945 0.745132
3.031206 0.745606
3.026184 0.745060
3.031735 0.744536
3.023840 0.744486
3.018650 0.741897
3.019104 0.741747
3.014027 0.736186
3.017297 0.740241
3.013739 0.734368
2.894514 0.702488
2.885646 0.705367
2.887200 0.704454
2.894092 0.701107
2.886191 0.702828
2.886949 0.702500
2.894287 0.697696
3.212997 0.721273
3.213868 0.720784
3.213175 0.719941
3.216442 0.718756
3.213905 0.714694
3.686155 0.714467
3.698667 0.714697
3.692412 0.714656
3.690715 0.714651
3.686686 0.711709
3.680985 0.708254
3.701136 0.714548
3.699000 0.712783
3.693417 0.708913
3.687555 0.705987
3.643375 0.696130
3.635910 0.698131
3.635150 0.698398
3.636065 0.698082
3.649778 0.694440
3.642140 0.696162
3.639163 0.696719
3.642718 0.695558
3.441292 0.641096
3.443824 0.640939
3.441419 0.639860
3.435394 0.637488
3.429118 0.635965
3.418386 0.634730
3.422727 0.634825
3.447516 0.638723
3.446630 0.638979
3.441454 0.636966
3.435283 0.635076
3.428955 0.633722
3.422415 0.632121
3.420463 0.632563
3.422550 0.632628
