0.254655 0.812310
0.108807 0.772425
0.005208 0.738697
-0.001194 0.737476
-0.007392 0.735511
-0.013490 0.733181
0.253791 0.812290
0.109569 0.773519
0.251117 0.812476
0.320719 0.741549
0.301893 0.736569
0.320201 0.741645
0.321636 0.738390
0.301161 0.736523
0.302363 0.734975
0.490067 0.788498
0.488600 0.787806
0.490380 0.787101
0.315823 0.741347
0.314393 0.741198
0.316062 0.734894
0.298045 0.736570
0.491972 0.789600
0.497540 0.786301
1.336971 1.019086
1.525169 1.070417
1.336743 1.019406
1.639977 1.101841
1.645247 1.099757
1.336909 1.020688
1.336736 1.020286
1.652118 1.099996
1.644302 1.104418
1.642480 1.103379
1.644634 1.102736
1.337152 1.021322
1.337054 1.020649
1.645373 1.105059
1.651593 1.102685
0.518286 0.700610
0.695811 0.749893
0.692595 0.748360
0.690348 0.744669
0.517348 0.701237
1.007282 0.833880
1.003225 0.833104
0.996931 0.831915
0.696754 0.750365
0.696053 0.749198
0.691161 0.742456
1.341983 0.925421
0.996742 0.831907
0.997910 0.828369
1.348226 0.927915
1.343469 0.926032
1.342510 0.923670
0.995673 0.832533
1.862666 1.067336
1.354460 0.930682
1.350251 0.928734
1.348899 0.925683
1.860726 1.066905
1.856382 1.065908
1.850096 1.064534
1.729274 1.031537
1.355063 0.930951
1.354704 0.929882
1.978651 1.099483
1.982380 1.098357
1.845646 1.063709
1.843802 1.063346
1.845318 1.057685
1.837504 1.062297
1.728956 1.032337
1.980350 1.100817
1.982046 1.100325
1.836554 1.062169
1.831211 1.061132
1.727943 1.032991
1.989690 1.097784
1.981272 1.101979
1.981841 1.101860
1.124574 0.757255
1.045253 0.735560
1.125469 0.757994
1.124875 0.756571
1.044353 0.736180
1.044648 0.729747
1.127353 0.759396
1.125679 0.754398
2.065551 1.014138
2.159637 1.040126
2.066295 1.014526
2.072948 1.011876
2.332360 1.086964
2.160179 1.040643
2.159951 1.039289
2.071769 1.017267
2.070313 1.016477
2.072233 1.015228
2.333973 1.088257
2.161914 1.042001
2.160743 1.037153
2.073862 1.018339
2.334564 1.089314
3.231164 0.836891
2.993563 0.772331
3.287621 0.852342
3.287292 0.852205
3.231597 0.837224
3.231221 0.836863
3.225540 0.833003
3.218592 0.834104
3.219093 0.831948
3.213546 0.827598
2.993355 0.773182
3.293861 0.854916
3.292967 0.854613
3.232743 0.838428
3.231114 0.838208
3.231309 0.837308
3.224840 0.836501
3.222776 0.835749
3.225113 0.835336
3.216164 0.833973
3.212992 0.830400
3.503941 0.599009
3.613274 0.628507
3.510181 0.601605
3.504788 0.599323
3.611231 0.628834
3.610554 0.628949
3.510779 0.601845
0.012833 0.734698
0.005421 0.737723
0.006217 0.734263
-0.000846 0.735873
-0.000339 0.733608
-0.007123 0.734242
-0.006660 0.732094
-0.013406 0.732766
-0.012864 0.730144
-0.018912 0.727629
0.254656 0.804990
0.109640 0.765974
0.024205 0.743839
0.025516 0.738323
0.017951 0.741600
0.018326 0.739985
0.011686 0.739646
0.011315 0.739533
0.011702 0.739578
-0.015346 0.732367
-0.019691 0.731397
-0.019516 0.730586
0.252091 0.805160
0.250909 0.801554
0.110590 0.767125
0.250127 0.805545
0.250037 0.805553
0.250079 0.805371
1.387183 1.108296
1.412064 1.116589
1.405581 1.115666
1.399242 1.114214
1.392789 1.113185
1.386567 1.111310
1.380761 1.107909
1.411625 1.118983
1.404896 1.118961
1.398391 1.118120
1.392016 1.116800
1.386109 1.113775
0.322881 0.735690
0.322405 0.735643
0.316101 0.734745
0.305956 0.731136
0.303556 0.731282
0.498031 0.784188
0.495885 0.783090
0.498749 0.781115
0.315966 0.734717
0.316181 0.734456
0.303545 0.731575
0.303203 0.731287
0.303824 0.730383
0.856896 0.876151
0.850155 0.876171
0.843950 0.874232
0.838511 0.869482
0.499406 0.784931
0.850744 0.874747
0.844291 0.873713
0.838375 0.870716
1.335547 1.012409
1.652306 1.099076
1.650397 1.097967
1.652846 1.096592
1.335873 1.013385
1.653183 1.099585
1.660122 1.095347
1.655418 1.101090
1.659482 1.098466
0.525300 0.682164
0.669591 0.721396
0.664538 0.715139
0.524562 0.682271
0.675806 0.724624
0.672351 0.722893
0.670116 0.720115
0.523337 0.682844
1.030124 0.819992
1.027856 0.816627
0.676262 0.724862
1.334968 0.901242
1.029639 0.820738
1.027752 0.817753
1.736037 1.012400
1.336803 0.904214
1.867776 1.048320
1.861496 1.046779
1.823849 1.036685
1.817566 1.035216
1.781201 1.019720
1.735844 1.012422
1.736103 1.012220
1.340751 0.906463
1.339202 0.905759
1.855640 1.045504
1.855208 1.045404
1.855301 1.045052
1.848923 1.044010
1.842629 1.042839
1.824639 1.034019
1.815371 1.034671
1.817683 1.034824
1.811285 1.033714
1.805009 1.032067
1.798734 1.030390
1.795886 1.029430
1.792610 1.027989
1.786650 1.025153
1.780896 1.021562
1.743944 1.008901
1.734645 1.012960
1.736400 1.011862
2.213369 1.140381
2.207492 1.137238
2.001959 1.085726
2.007041 1.082040
1.842241 1.042779
1.836340 1.041557
1.837419 1.037299
1.799522 1.028099
1.792777 1.028135
1.786590 1.026135
1.781003 1.021935
1.750131 1.011680
1.743402 1.011654
1.734823 1.013909
1.736231 1.013251
2.289382 1.158706
2.279381 1.161214
2.282096 1.160722
2.220751 1.145443
2.219209 1.144379
2.213349 1.141177
2.207654 1.137366
2.003790 1.087108
2.006276 1.085600
1.830764 1.040617
1.830043 1.040485
1.830232 1.039743
2.289253 1.159923
2.279470 1.162115
2.282069 1.161568
2.275445 1.161914
2.225270 1.147920
2.223230 1.146996
2.219381 1.144504
2.213569 1.141126
2.208043 1.136701
2.004896 1.088331
2.289534 1.159676
2.282444 1.160976
2.275270 1.161898
2.275464 1.161871
2.229167 1.149512
2.225484 1.147605
2.219681 1.144201
2.213868 1.140824
1.134847 0.780546
1.133004 0.776131
1.040693 0.755215
1.138229 0.782840
1.136831 0.781950
1.133651 0.774510
1.040216 0.755983
1.338981 0.837356
1.332689 0.836166
1.341561 0.838805
2.052152 1.030756
2.055427 1.026714
2.167056 1.063052
2.165899 1.062208
2.054134 1.032349
2.053696 1.032026
2.054384 1.031258
2.329462 1.107068
2.168007 1.063648
2.167481 1.061787
2.055692 1.033458
2.329793 1.108038
2.170481 1.065226
2.168449 1.059028
2.329468 1.108871
0.680782 0.604864
0.687158 0.606929
1.118802 0.729406
1.117202 0.728207
1.043936 0.708496
1.043531 0.708700
1.043891 0.707112
1.119056 0.729580
1.118982 0.728838
1.042798 0.709084
2.348383 1.064120
2.152966 1.011137
2.085871 0.993088
2.084878 0.992985
2.085240 0.991523
2.346820 1.064146
2.349410 1.060738
2.153253 1.012090
2.081200 0.992722
2.345254 1.064603
2.153679 1.013120
2.344383 1.065286
2.420411 0.962056
2.420007 0.962832
2.491310 0.885948
2.493166 0.887315
2.495054 0.888736
2.633124 0.795537
2.815560 0.845472
2.632720 0.796293
2.630910 0.790815
2.884202 0.864800
2.815840 0.846418
2.632192 0.797068
2.884881 0.865886
2.815506 0.847249
2.631264 0.714000
2.631253 0.714286
2.631122 0.714024
2.595488 0.704442
2.600734 0.702540
2.937992 0.797435
2.939194 0.795669
2.631415 0.715007
2.631322 0.714612
2.596139 0.705530
2.600642 0.703660
2.937037 0.798055
2.940091 0.793134
3.103475 0.727604
3.106503 0.724855
3.105283 0.728998
3.106199 0.726750
3.619954 0.869763
3.613683 0.868001
3.428748 0.627808
3.422286 0.626807
3.415927 0.625430
3.409552 0.624110
3.403167 0.622826
3.397013 0.620699
3.391163 0.617455
3.352302 0.612190
3.348325 0.610638
3.353343 0.607970
3.609517 0.682041
3.609012 0.681629
3.435486 0.628532
3.429176 0.626975
3.422695 0.626046
3.416256 0.624964
3.409698 0.624314
3.403063 0.623947
3.396599 0.622955
3.390397 0.621006
3.384457 0.618100
3.378704 0.614505
3.372506 0.612543
3.365918 0.612006
3.358556 0.614420
3.357200 0.613910
3.358869 0.613152
3.610892 0.683004
3.610387 0.679364
3.505648 0.592560
3.615431 0.622410
3.511901 0.594813
3.509818 0.594003
3.512678 0.591751
3.614034 0.622919
0.025941 0.736588
0.027527 0.730219
0.019690 0.734303
0.018657 0.733963
0.019804 0.733833
0.252503 0.797731
0.251791 0.797837
0.252232 0.795972
0.111456 0.759788
0.027628 0.737249
0.340743 0.817863
0.334232 0.817045
0.327789 0.815976
0.321514 0.814292
0.315417 0.811958
0.309203 0.810050
0.249613 0.797823
0.112312 0.760922
0.347051 0.820196
0.340150 0.820807
0.333883 0.819095
0.327289 0.818577
0.320745 0.818050
0.320829 0.817570
0.314470 0.816353
0.314565 0.815846
0.308195 0.814702
0.308336 0.813998
0.302957 0.809038
1.420279 1.109693
1.393903 1.107627
1.387229 1.108021
1.387474 1.106507
1.381334 1.104329
1.375361 1.101539
1.369859 1.097019
1.419404 1.113622
1.412308 1.115250
1.412462 1.114379
1.406039 1.113419
1.406165 1.112772
1.399762 1.111807
1.399969 1.110798
1.393493 1.109969
1.388442 1.108470
1.393614 1.109408
1.385705 1.107734
1.380936 1.106841
1.381056 1.106070
1.375483 1.101816
1.425934 1.115128
1.414546 1.116377
1.418901 1.116217
1.379791 1.107035
1.375512 1.102473
1.432680 1.115878
1.425530 1.117395
1.418141 1.118264
1.418568 1.118223
0.520044 0.755351
0.914334 0.862986
0.765324 0.816133
0.758792 0.815391
0.752481 0.813839
0.746458 0.811230
0.519802 0.756158
0.959528 0.870265
0.953389 0.868080
0.913263 0.862849
0.844447 0.844338
0.953335 0.869018
0.947037 0.867421
0.941014 0.864814
0.908459 0.862436
0.908018 0.862403
0.845278 0.845484
0.845168 0.845426
1.339414 0.979208
1.681187 1.066074
1.339521 0.980113
1.679632 1.072703
1.678780 1.072222
1.679985 1.071197
1.339564 0.981042
1.685862 1.075580
1.682959 1.074236
1.686695 1.072048
1.688489 1.076649
0.541793 0.645804
0.585697 0.658014
0.584282 0.657421
0.579880 0.654468
0.573977 0.651421
0.567886 0.649062
0.561572 0.647522
0.555106 0.646536
0.548471 0.646167
0.540206 0.645562
0.541852 0.645745
0.535498 0.644646
0.589093 0.659590
0.586014 0.657414
0.580149 0.654233
0.574142 0.651568
0.567998 0.649406
0.561726 0.647713
0.555370 0.646326
0.548858 0.645510
0.542197 0.645238
0.530429 0.643824
0.535704 0.644352
1.028112 0.778537
1.338491 0.863201
1.296133 0.845412
1.289321 0.845695
1.277631 0.846524
1.282472 0.846112
1.275747 0.846391
1.269463 0.844959
1.263192 0.843201
1.256914 0.841588
1.250642 0.839855
1.156526 0.814630
1.152680 0.812904
1.150830 0.810240
1.025290 0.778647
1.024793 0.778569
1.018497 0.777468
1.340097 0.864182
1.289867 0.844422
1.282926 0.845179
1.276168 0.845263
1.269758 0.844069
1.263453 0.842499
1.257051 0.841278
1.248443 0.839535
1.250838 0.839368
1.244345 0.838762
1.157856 0.815185
1.156804 0.813783
1.151845 0.807289
1.341413 0.865429
1.289771 0.845553
1.282973 0.845786
1.276654 0.844262
1.270634 0.841647
1.264323 0.840096
1.257910 0.838922
1.251620 0.837292
1.240187 0.838232
1.244924 0.837147
2.034811 1.053401
2.035329 1.053787
2.317886 1.130660
2.182548 1.094251
2.180134 1.089433
2.037280 1.055188
2.317623 1.131453
2.185299 1.096259
2.184789 1.095741
2.180636 1.088352
2.039143 1.056604
2.042116 1.053050
2.318049 1.132467
2.185981 1.096986
2.185505 1.095975
0.676846 0.594276
0.695622 0.600547
0.691083 0.598503
0.677878 0.594951
0.695969 0.600712
0.697102 0.595194
0.680865 0.596654
1.117162 0.714843
1.116896 0.711070
1.043601 0.695057
1.118195 0.716010
1.117572 0.709356
1.043320 0.695894
2.082154 0.977882
2.082037 0.977939
2.082078 0.977713
2.153421 0.997907
2.081420 0.978544
2.355342 1.053087
2.358825 1.050924
2.153988 0.998947
2.080915 0.979309
2.353877 1.053580
2.359538 1.049073
2.091646 0.912812
2.087631 0.907314
2.075211 0.908390
2.074549 0.905895
2.092210 0.913836
2.087902 0.907070
2.080176 0.911234
2.078002 0.910017
2.403599 0.998451
2.092055 0.914714
2.082319 0.912098
2.402074 0.998936
2.435490 0.918521
2.434810 0.919126
2.434801 0.919355
2.434743 0.919201
2.434848 0.919065
2.529667 0.842001
2.530014 0.842958
2.530388 0.843971
2.636485 0.769245
2.623918 0.766345
2.775779 0.802171
2.769176 0.801686
2.763052 0.799449
2.756777 0.797763
2.750245 0.797020
2.743887 0.795639
2.732584 0.795587
2.737482 0.794429
2.707950 0.788959
2.706072 0.786133
2.672998 0.779556
2.674534 0.778306
2.642709 0.772222
2.637861 0.770104
2.637603 0.765566
2.623900 0.766349
2.897994 0.840943
2.900702 0.838701
2.820571 0.820116
2.775645 0.803394
2.768958 0.803216
2.762653 0.801642
2.756203 0.800598
2.749725 0.799658
2.743623 0.797343
2.733226 0.796630
2.737386 0.795517
2.730516 0.796678
2.708294 0.789927
2.706595 0.784968
2.670666 0.779814
2.643185 0.772428
2.643095 0.770876
2.622483 0.766865
2.898157 0.841865
2.900889 0.838765
2.820671 0.821041
2.782381 0.804175
2.775212 0.805758
2.768561 0.805451
2.762129 0.804340
2.755743 0.803062
2.749528 0.801162
3.283057 0.844142
3.245429 0.833566
3.227915 0.823581
3.214056 0.825189
3.214967 0.821671
2.999095 0.767146
3.001595 0.764470
3.289306 0.846446
3.286127 0.845216
3.283575 0.842450
3.278231 0.837359
3.253331 0.829890
3.212572 0.825433
2.998947 0.768019
3.001843 0.764347
3.295553 0.848873
3.292307 0.847767
3.290675 0.841878
3.211138 0.825957
3.208949 0.820556
3.159259 0.667457
3.163316 0.663328
3.155694 0.667014
3.320066 0.711572
3.318800 0.711441
3.319094 0.710189
3.312509 0.710205
3.313453 0.706183
3.307551 0.703131
3.153344 0.666733
3.156942 0.662743
3.149385 0.666239
3.460010 0.750078
3.306750 0.708872
3.306271 0.708570
3.301480 0.701460
3.626142 0.796525
3.623824 0.795010
3.460430 0.751089
3.626200 0.796555
3.626212 0.796285
3.582599 0.581608
3.575179 0.584648
3.628193 0.599143
3.573905 0.584548
3.575540 0.583535
0.027668 0.729657
0.028093 0.729825
0.317661 0.808588
0.316239 0.808304
0.316326 0.807904
0.309960 0.806730
0.310141 0.805884
0.304443 0.802085
0.251663 0.790828
0.114151 0.753839
0.116304 0.751140
0.033903 0.732333
0.033632 0.732192
0.034077 0.731641
0.354793 0.815744
0.347573 0.817682
0.346265 0.817138
0.347703 0.817044
0.304545 0.805920
0.303655 0.805838
0.303777 0.805256
0.247736 0.790648
0.247183 0.790787
0.247946 0.787747
0.114858 0.754941
0.115786 0.753818
0.368049 0.817297
0.361461 0.816763
0.350210 0.819101
0.354429 0.817847
0.302076 0.806171
1.420589 1.109589
1.427848 1.106638
1.370109 1.096649
1.368713 1.095628
1.365212 1.089369
1.434441 1.107883
1.426560 1.112269
1.425468 1.111754
1.426783 1.111261
1.370613 1.097002
1.370216 1.096442
1.432779 1.115420
1.429765 1.113798
1.433412 1.112405
1.372506 1.098409
1.370742 1.095283
1.433412 1.115703
1.439797 1.114482
0.787707 0.808007
0.527284 0.737269
0.525454 0.731920
0.975902 0.859391
0.831595 0.820583
0.828152 0.819068
0.826203 0.815169
0.786329 0.807816
0.788107 0.806692
0.781404 0.807051
0.731200 0.793824
0.724953 0.791448
0.723802 0.790995
0.719738 0.785759
0.526396 0.737924
0.525139 0.733839
0.976261 0.859768
0.975886 0.859811
0.832999 0.821240
0.831995 0.819360
0.778773 0.806663
0.782067 0.804893
0.775101 0.806102
0.737455 0.796048
0.731762 0.794029
0.731289 0.793545
0.726077 0.787976
0.972940 0.859759
0.969561 0.859444
0.837495 0.823367
1.345968 0.961755
1.344856 0.960646
1.347491 0.955488
1.697318 1.056342
1.697175 1.056286
1.697360 1.056172
1.346050 0.961859
1.703558 1.058885
1.703399 1.058823
1.703599 1.058717
1.709794 1.061572
1.709125 1.061263
1.710020 1.060638
0.527009 0.675695
0.664996 0.713956
0.662838 0.712794
0.659624 0.708470
0.525126 0.675749
0.666026 0.714522
0.665226 0.713358
0.522842 0.676047
1.025513 0.812075
1.023541 0.807760
1.336221 0.897330
1.334195 0.895978
1.206126 0.855115
1.199397 0.855090
1.193132 0.853370
1.187137 0.850661
1.024608 0.812716
1.023260 0.809543
1.744013 1.007793
1.336356 0.897420
1.336387 0.896769
1.199798 0.854390
1.193181 0.853958
1.863206 1.040262
1.856922 1.038819
1.831821 1.032170
1.776762 1.016755
1.775485 1.015987
1.769650 1.012691
1.763737 1.009679
1.757549 1.007676
1.750967 1.007113
1.743982 1.008565
1.743542 1.007816
1.744062 1.007736
1.338840 0.898996
2.007470 1.080115
2.006702 1.079472
2.007731 1.078793
1.851372 1.037680
1.850633 1.037517
1.850815 1.036817
1.844348 1.036066
1.845344 1.032187
1.838065 1.034623
1.839135 1.030261
1.829333 1.031751
1.832409 1.030227
1.825518 1.031226
1.819238 1.029678
1.812961 1.028061
1.806682 1.026516
1.775811 1.017357
1.775397 1.017036
1.769650 1.013419
1.763637 1.010776
1.757319 1.009247
1.750217 1.011266
1.744196 1.008855
1.750743 1.008663
2.204553 1.133555
2.202490 1.130886
2.008437 1.080794
1.832796 1.033571
1.831775 1.033359
1.831909 1.032817
1.826310 1.028660
1.806029 1.026377
1.800382 1.025545
1.777635 1.018746
1.775541 1.017277
1.769569 1.014484
1.763282 1.012843
1.756474 1.013416
1.751426 1.011704
1.756749 1.012107
2.291288 1.157742
2.297392 1.154036
2.206116 1.134833
2.203045 1.129582
2.010719 1.082301
2.014688 1.079467
2.291732 1.158740
2.297479 1.154466
2.208152 1.136488
2.207736 1.136162
2.290350 1.159284
2.289684 1.159273
1.045057 0.722150
1.121665 0.743937
1.120886 0.743414
1.044339 0.722835
1.123071 0.744914
1.122357 0.741920
2.155649 1.025214
2.084502 1.006072
2.081459 1.006050
2.336786 1.074800
2.156730 1.026765
2.156318 1.026257
2.081262 1.006078
2.338629 1.077058
2.338095 1.076021
2.339547 1.072933
2.157459 1.027467
2.156988 1.026254
2.079768 1.006596
2.338642 1.077075
2.425880 0.950177
2.427108 0.947393
2.425681 0.951020
2.427762 0.945767
2.500332 0.875518
2.499755 0.874866
2.500660 0.873895
2.500745 0.876011
2.630184 0.815630
2.631204 0.814394
2.555501 0.796291
2.864936 0.879641
2.870102 0.877498
2.828446 0.869826
2.825881 0.866791
2.630779 0.816855
2.630628 0.816646
2.630868 0.816387
2.555949 0.796582
2.554185 0.796108
2.865711 0.880737
2.869985 0.878684
2.829286 0.870948
2.825976 0.867212
2.594809 0.723981
2.588526 0.722516
2.638688 0.736789
2.636337 0.735455
2.586935 0.722164
2.582977 0.718236
2.577594 0.713285
2.639216 0.737106
2.638942 0.736012
2.582927 0.721978
2.582203 0.722111
2.582452 0.720919
2.923660 0.814472
2.923189 0.815254
3.106092 0.755010
3.081813 0.748477
3.080840 0.744840
3.049526 0.739791
3.055887 0.737563
3.048583 0.740244
3.305801 0.810017
3.299531 0.808217
3.106528 0.756003
3.080064 0.748889
3.080125 0.748209
3.056214 0.737129
3.048408 0.740382
3.048617 0.740278
3.318316 0.814286
3.312058 0.812156
3.311965 0.812128
3.306947 0.806209
3.295375 0.807668
3.300616 0.804732
3.293217 0.807604
3.154012 0.672821
3.324769 0.719515
3.323374 0.719417
3.323793 0.717645
3.148916 0.672214
3.147702 0.672062
3.456545 0.755821
3.319963 0.719093
3.317063 0.718698
3.317789 0.715714
3.312062 0.712025
3.620809 0.800872
3.458169 0.757148
3.624440 0.802842
3.623809 0.802579
3.626033 0.796937
3.351778 0.638915
3.272845 0.617040
3.270216 0.616920
3.270655 0.614813
3.265182 0.610189
3.240410 0.608312
3.246116 0.606017
3.238862 0.608012
3.232563 0.606978
3.615264 0.710527
3.358021 0.641410
3.354035 0.639741
3.352808 0.635328
3.269511 0.617017
3.265167 0.610993
3.246704 0.604619
3.239857 0.605032
3.231770 0.606874
3.232702 0.606568
3.621494 0.713340
3.617258 0.711408
3.616311 0.706983
3.360775 0.642465
3.622123 0.713609
3.621734 0.712547
3.629327 0.558150
3.631345 0.559072
3.624316 0.557181
3.629496 0.557852
3.633114 0.560456
0.162991 0.852208
0.156868 0.849966
0.150816 0.847464
0.144944 0.844300
0.226594 0.866657
0.219641 0.867453
0.213123 0.866655
0.206825 0.865054
0.200660 0.862971
0.194514 0.860814
0.188307 0.858879
0.182115 0.856890
0.175903 0.854981
0.169787 0.852710
0.163683 0.850401
0.157604 0.848002
0.220271 0.865909
0.213630 0.865567
0.207345 0.863920
0.201194 0.861786
0.195050 0.859622
0.188867 0.857603
0.182747 0.855355
0.117179 0.747691
0.114856 0.746493
0.118334 0.742976
0.035623 0.725546
0.034057 0.724753
0.037178 0.719534
0.369729 0.809648
0.303616 0.798129
0.251786 0.784184
0.248897 0.784162
0.117924 0.748182
0.038397 0.726804
0.368068 0.817210
0.368867 0.813534
0.361825 0.814711
0.361636 0.814598
0.361850 0.814565
0.301588 0.798453
0.300610 0.792200
0.248444 0.784168
0.368247 0.817281
0.375066 0.816270
1.434543 1.107450
1.430273 1.105516
1.435624 1.102827
1.365545 1.088422
1.364547 1.087830
1.435012 1.107646
1.441964 1.104999
1.367037 1.089367
1.366015 1.087163
1.447022 1.112666
1.448157 1.107744
1.440776 1.110220
1.439997 1.109879
1.440938 1.109514
1.368584 1.090688
1.366588 1.085845
0.320310 0.748352
0.319002 0.748261
0.320345 0.743118
0.296953 0.742067
0.482102 0.792857
0.481466 0.792563
0.482365 0.791789
0.316212 0.748122
0.312684 0.747736
0.294241 0.742216
0.293877 0.742247
0.488331 0.795731
0.485922 0.794643
0.489251 0.791987
1.340245 1.027024
1.336877 1.019753
1.637725 1.102638
1.628978 1.105560
1.630302 1.105161
1.532704 1.079657
1.529699 1.079483
1.530540 1.075863
1.523417 1.077990
1.524879 1.071931
1.517168 1.075649
1.516607 1.075327
1.517606 1.073900
1.339237 1.027629
1.336849 1.020606
1.637431 1.104445
1.629401 1.106535
1.630172 1.106366
1.339057 1.028497
1.644113 1.105412
1.637146 1.106259
1.630036 1.107769
1.629874 1.107561
1.630063 1.107532
0.649606 0.695544
0.527511 0.662180
0.524127 0.661649
0.525431 0.656554
0.655839 0.698271
0.651855 0.696485
0.650266 0.693412
0.521265 0.661367
0.517815 0.660987
0.519125 0.655723
0.656768 0.698695
0.656150 0.697286
1.333380 0.882284
1.172367 0.838232
1.170807 0.835742
1.165614 0.830094
1.021170 0.797556
1.021286 0.791358
1.333613 0.882465
1.334486 0.878333
1.220825 0.852127
1.220439 0.852068
1.214155 0.850639
1.176495 0.840891
1.174365 0.839634
1.171360 0.834452
1.019755 0.798076
1.019666 0.798071
1.019736 0.797800
1.339594 0.885524
1.337088 0.884274
1.209859 0.850081
1.214728 0.849052
1.207850 0.849774
1.177864 0.841485
1.176752 0.840150
1.340774 0.886186
2.019319 1.069510
2.306826 1.143432
2.195833 1.117853
2.193642 1.113957
2.021228 1.070887
2.024339 1.068026
2.304154 1.147852
2.306606 1.144962
2.199026 1.119973
2.198313 1.119389
2.194292 1.112320
2.023357 1.072558
2.022981 1.072260
2.023524 1.071783
2.303528 1.148571
2.306383 1.146531
2.200015 1.120753
2.199258 1.119564
2.302503 1.149219
2.306979 1.145145
1.129119 0.765945
1.128502 0.765485
1.043778 0.742698
1.130534 0.766919
1.129567 0.764810
1.043987 0.743664
2.061233 1.019842
2.065315 1.015161
2.331079 1.093299
2.162125 1.047841
2.063805 1.021592
2.063217 1.021240
2.064076 1.020434
2.332489 1.094532
2.164160 1.049400
2.163927 1.049211
2.066461 1.023018
2.071238 1.019649
2.332881 1.095529
2.165875 1.050659
1.045017 0.681227
1.115985 0.701177
1.044976 0.682084
1.117133 0.702392
2.154425 0.984664
2.153701 0.983778
2.079149 0.964064
2.078813 0.963626
2.376158 1.044482
2.380999 1.042991
2.374001 1.044266
2.154608 0.984879
2.154653 0.983971
2.079728 0.964744
2.079604 0.962847
2.371855 1.044180
2.374581 1.042558
2.155751 0.986083
2.080808 0.965948
2.080741 0.959473
2.368399 1.044146
2.375393 1.040351
2.367656 1.044399
2.477657 0.895631
2.481826 0.893545
2.480950 0.898079
2.480076 0.897140
2.481186 0.896614
2.481273 0.898364
2.488537 0.895133
2.665438 0.786953
2.658610 0.787293
2.652460 0.785149
2.646543 0.782155
2.630290 0.781419
2.627981 0.776135
2.889545 0.852024
2.890745 0.850505
2.814968 0.832431
2.814164 0.831743
2.816455 0.826583
2.665841 0.786221
2.659031 0.786495
2.653065 0.783682
2.629748 0.782153
2.627675 0.778011
2.890241 0.853122
2.890151 0.853054
2.890297 0.852878
2.815729 0.833049
2.892027 0.854475
2.632312 0.693459
2.630101 0.693244
2.630575 0.691185
2.623813 0.691916
2.624819 0.687601
2.617567 0.689508
2.617503 0.689474
2.617597 0.689383
2.963983 0.778884
2.953165 0.781489
2.957005 0.779772
3.277712 0.869659
3.242143 0.860087
2.970101 0.781902
2.963289 0.782184
2.953840 0.782564
2.956566 0.782142
3.282490 0.871931
3.281331 0.871497
3.283061 0.869738
3.242150 0.860964
3.240263 0.853825
3.288732 0.874490
3.287986 0.874197
3.288971 0.873537
3.243014 0.862117
3.116579 0.716919
3.122598 0.714514
3.385046 0.790231
3.378774 0.788498
3.372498 0.786863
3.366208 0.785572
3.116982 0.717892
3.122560 0.715388
3.398493 0.790850
3.391267 0.793336
3.389184 0.791970
3.391471 0.791898
3.365467 0.785591
3.360762 0.781038
3.355229 0.776641
3.391409 0.793468
3.398338 0.792183
3.361002 0.785299
3.360172 0.783979
3.355080 0.777967
3.379193 0.687364
3.372937 0.685218
3.282903 0.660659
3.186803 0.634808
3.184717 0.634467
3.385448 0.689587
3.379914 0.687620
3.379303 0.687018
3.374031 0.681660
3.281285 0.661105
3.280265 0.655098
3.623823 0.754790
3.621525 0.753473
3.389945 0.691226
3.386164 0.687338
3.624583 0.755195
3.476517 0.625521
3.466708 0.629138
3.468993 0.628412
3.607647 0.667906
3.607555 0.664321
3.476149 0.627604
3.466789 0.630027
3.468859 0.629639
3.609338 0.669249
3.532456 0.592777
3.513616 0.588154
3.507353 0.586178
3.617360 0.616252
3.545884 0.593472
3.539253 0.593092
3.532407 0.594057
3.532639 0.592647
3.526143 0.592061
3.526442 0.590680
3.519875 0.590222
3.517686 0.589447
3.520156 0.589034
3.616531 0.616922
0.151497 0.845601
0.145238 0.843489
0.141744 0.842231
0.139224 0.840584
0.133690 0.836183
0.227696 0.866211
0.226776 0.866148
0.176557 0.853335
0.170290 0.851417
0.164024 0.849509
0.157759 0.847592
0.153974 0.846388
0.151599 0.845331
0.145678 0.842350
0.139875 0.838937
0.134333 0.834572
0.221948 0.865563
0.220466 0.865397
0.182825 0.855168
0.178044 0.853768
0.176584 0.853263
0.170515 0.850827
0.164435 0.848431
0.158347 0.846068
0.152294 0.843572
0.146323 0.840777
0.037337 0.718930
0.119401 0.741038
0.037520 0.719007
0.370349 0.809409
0.377393 0.806245
0.303685 0.791470
0.300787 0.791466
0.251894 0.777536
0.250600 0.777812
0.120997 0.742336
0.040628 0.720736
0.383851 0.807993
0.376067 0.811986
0.374847 0.811479
0.376289 0.811021
0.300380 0.791458
0.250580 0.778355
0.250215 0.777976
0.251411 0.775074
0.382308 0.814551
0.381270 0.814114
0.382511 0.813674
1.456479 1.100442
1.449814 1.100187
1.442527 1.102607
1.439332 1.101275
1.443039 1.100332
1.362015 1.080471
1.361353 1.078837
1.462480 1.103861
1.455810 1.103620
1.448771 1.105083
1.445711 1.103850
1.449177 1.103249
1.363762 1.081815
1.361924 1.077486
1.468587 1.106922
1.461281 1.109487
1.461909 1.106716
1.455023 1.107366
1.453442 1.106823
1.455175 1.106709
1.365378 1.083160
1.362289 1.076938
0.740395 0.808551
0.522556 0.749350
0.922318 0.858191
0.916028 0.856891
0.840757 0.836146
0.766755 0.815903
0.772486 0.814569
0.765477 0.815643
0.759197 0.814101
0.752922 0.812446
0.746653 0.810621
0.744676 0.809963
0.740854 0.807086
0.735345 0.802598
0.522222 0.750139
0.965073 0.870112
0.966438 0.869622
0.959915 0.869516
0.950010 0.866059
0.947385 0.865691
0.947633 0.864492
0.941094 0.864447
0.941783 0.861253
0.935828 0.858396
0.929755 0.855971
0.923632 0.853728
0.915821 0.856861
0.916145 0.856486
0.842905 0.837249
0.841259 0.834753
0.766996 0.810752
0.760403 0.810232
0.754074 0.808749
0.748007 0.806305
0.967665 0.865871
0.959135 0.869388
0.959996 0.869293
0.940217 0.864303
0.935458 0.860500
0.910304 0.856262
0.909716 0.856194
0.846969 0.839472
0.845961 0.838972
0.842386 0.831404
1.340595 0.972850
1.681931 1.065540
1.341099 0.973867
1.687604 1.068201
1.686248 1.067558
1.687973 1.066614
1.341296 0.974844
1.693839 1.070920
1.691154 1.069770
1.694402 1.068492
1.145723 0.803834
1.031377 0.772738
1.033917 0.769034
1.340180 0.857200
1.315105 0.849945
1.309069 0.847368
1.298257 0.845396
1.302870 0.845405
1.296277 0.844986
1.147744 0.804902
1.146244 0.802369
1.027551 0.772585
1.026491 0.772384
1.341076 0.857771
1.341630 0.852174
1.303837 0.842594
1.290887 0.844275
1.296747 0.843892
1.151940 0.807016
1.151577 0.806829
1.147197 0.799651
1.342239 0.858984
1.291260 0.845287
1.296969 0.843859
2.176340 1.085051
2.175121 1.082399
2.040214 1.048424
2.044372 1.043259
2.322139 1.125127
2.178484 1.086483
2.175732 1.080887
2.042723 1.050417
2.041843 1.049744
2.043261 1.048076
2.321420 1.125801
2.180727 1.088244
2.180330 1.087873
2.043819 1.051195
2.321393 1.126699
1.116485 0.687643
1.115597 0.686863
1.048118 0.668706
1.117045 0.688117
1.117252 0.685110
1.048266 0.669630
2.076299 0.949239
2.154909 0.970746
2.077131 0.949821
2.076904 0.947330
2.391792 1.035332
2.389936 1.035437
2.155760 0.971842
2.079076 0.951228
2.388716 1.035367
2.390787 1.032542
2.156751 0.973019
2.384347 1.035097
2.383606 1.035233
2.414936 0.973936
2.413743 0.974489
2.413194 0.974916
2.412946 0.975191
2.413433 0.974332
2.485511 0.891066
2.490374 0.886899
2.488931 0.893309
2.487852 0.892558
2.489425 0.891105
2.489930 0.894024
2.536157 0.830392
2.536834 0.831450
2.615765 0.746154
2.818004 0.805218
2.816106 0.802478
2.785379 0.796438
2.791602 0.793553
2.690027 0.771525
2.639855 0.757466
2.638728 0.756988
2.616751 0.751079
2.615209 0.748920
2.609699 0.744440
2.908779 0.830492
2.909979 0.829394
2.821760 0.807596
2.820709 0.806807
2.816601 0.801396
2.785757 0.797410
2.691156 0.771983
2.690016 0.771835
2.685376 0.770430
2.690097 0.771401
2.643209 0.759101
2.616530 0.751934
2.615113 0.750055
2.909047 0.831454
2.909822 0.830724
2.822353 0.808161
2.821928 0.807332
3.032489 0.749255
3.024667 0.753838
3.022029 0.752424
3.025030 0.751911
3.089088 0.764702
3.025222 0.754156
3.032194 0.751082
3.306940 0.831430
3.300677 0.829430
3.301520 0.826067
3.294409 0.827585
3.294805 0.825993
3.288116 0.826416
3.237926 0.812812
3.231659 0.810946
3.225385 0.809264
3.219111 0.807562
3.309615 0.832416
3.314628 0.828175
3.286576 0.826227
3.136345 0.688699
3.330805 0.742016
3.135213 0.688548
3.137442 0.684813
3.619388 0.820374
3.434609 0.769949
3.438209 0.767995
3.330773 0.742017
3.326222 0.734148
3.130445 0.688167
3.130028 0.688167
3.619369 0.820860
3.618862 0.820374
3.445192 0.767829
3.437426 0.771758
3.436950 0.771453
3.437532 0.771218
3.328269 0.742245
3.325519 0.737498
3.620825 0.821781
3.619824 0.819649
3.215738 0.618609
3.208668 0.620012
3.202372 0.618890
3.359210 0.661482
3.356196 0.660348
3.278339 0.639404
3.277644 0.639613
3.278179 0.637316
3.210160 0.615112
3.201586 0.618768
3.202568 0.618247
3.622680 0.733498
3.618951 0.731893
3.365456 0.663908
3.364120 0.663362
3.276951 0.639942
3.624253 0.734188
3.477033 0.625237
3.608332 0.661838
3.607483 0.661187
3.478584 0.626527
3.483853 0.624065
3.609398 0.662598
3.609257 0.658860
3.590627 0.574823
3.591347 0.574233
3.633895 0.587333
3.587501 0.574865
3.592414 0.571084
0.039040 0.712594
0.308795 0.786016
0.258616 0.772167
0.122201 0.735113
0.039833 0.712955
0.384051 0.807136
0.379686 0.805243
0.384907 0.803390
0.307785 0.785896
0.308982 0.785461
0.302487 0.785215
0.255591 0.771856
0.259351 0.769900
0.123189 0.736256
0.041757 0.714373
0.454712 0.819797
0.447956 0.819873
0.441872 0.817486
0.384936 0.807519
0.391502 0.804639
0.300295 0.784766
0.302875 0.783917
0.296193 0.784062
0.252933 0.772039
0.259828 0.768921
0.460608 0.823636
0.454012 0.823128
0.447738 0.821442
0.441352 0.820162
0.435539 0.816796
0.389542 0.809671
0.390512 0.809046
1.470317 1.099099
1.463054 1.101297
1.459837 1.100114
1.463328 1.100028
1.358713 1.072907
1.357276 1.069100
1.476516 1.101789
1.469306 1.103554
1.469024 1.103446
1.469328 1.103447
1.360427 1.074247
1.357657 1.068456
1.482923 1.103756
1.475541 1.106279
1.474521 1.105821
1.475675 1.105632
1.361571 1.075471
1.357848 1.068547
0.340063 0.719964
0.327523 0.716395
0.516721 0.763905
0.337382 0.719565
0.333764 0.718933
0.334348 0.716505
0.324017 0.715972
0.327897 0.715461
0.321209 0.715739
0.885841 0.868692
0.514871 0.768175
0.516572 0.765183
0.328690 0.718137
0.327772 0.716699
0.318653 0.715441
0.321479 0.715083
0.906316 0.867818
0.899337 0.868707
0.892560 0.868863
0.882173 0.867839
0.886026 0.868128
0.879556 0.867257
0.873261 0.866114
0.835625 0.855768
0.834990 0.855145
0.836161 0.853422
0.515660 0.769302
0.515655 0.769298
0.515666 0.769278
0.899527 0.868755
0.892925 0.868269
0.886791 0.866069
0.880830 0.863232
0.871410 0.865817
0.874252 0.862658
0.866964 0.865039
0.836458 0.856422
1.337144 0.991952
1.336888 0.992748
1.669967 1.083312
1.669694 1.083129
1.670191 1.082402
1.336621 0.993582
1.672290 1.084708
1.675209 1.086410
1.676773 1.084500
0.691083 0.591663
0.691902 0.592047
0.691309 0.590974
0.681576 0.589271
0.685296 0.588335
0.697316 0.594440
0.697170 0.594368
0.691815 0.589899
0.683211 0.590619
0.685072 0.589928
1.116491 0.707987
1.043943 0.688478
1.117614 0.709310
1.117539 0.709167
2.080272 0.970696
2.078920 0.964608
2.373614 1.045377
2.154131 0.991425
2.080444 0.971608
2.363218 1.048531
2.366710 1.046715
2.154970 0.992542
2.081040 0.972677
2.360193 1.048609
2.367486 1.044637
2.359677 1.049136
2.083634 0.897204
2.083793 0.897346
2.083685 0.897099
2.073071 0.894461
2.072059 0.890350
2.409532 0.985836
2.410615 0.983129
2.084105 0.898318
2.083583 0.898536
2.083758 0.897588
2.077312 0.896780
2.076081 0.896162
2.078423 0.892469
2.408305 0.986370
2.407233 0.986988
2.438248 0.912587
2.444481 0.907706
2.439465 0.913801
2.443846 0.910789
2.532587 0.836108
2.533051 0.837104
2.533581 0.838164
2.700910 0.780260
2.682101 0.774889
2.778388 0.801235
2.783723 0.797741
2.701182 0.780462
2.701016 0.779984
2.695377 0.775971
2.689468 0.772944
2.679723 0.774689
2.682910 0.772295
2.675785 0.774253
2.638160 0.763605
2.637545 0.763344
2.621138 0.758932
2.619869 0.756515
2.904031 0.835890
2.822455 0.813949
2.821421 0.808406
2.782403 0.804060
2.779147 0.802304
2.783427 0.799563
2.707133 0.783312
2.704763 0.782308
2.702151 0.776585
2.695743 0.775384
2.683714 0.770119
2.674659 0.774218
2.676150 0.773146
2.644394 0.766368
2.643059 0.765727
2.620267 0.759603
2.619677 0.757997
2.903072 0.836517
2.822837 0.814956
2.782501 0.804122
3.017982 0.753052
3.009089 0.755619
3.010843 0.754534
3.229985 0.816503
3.223723 0.814516
3.217447 0.812880
3.024547 0.754418
3.017450 0.755742
3.009579 0.756623
3.010606 0.756140
3.298964 0.836052
3.292695 0.834226
3.286420 0.832543
3.242505 0.820637
3.236248 0.818499
3.235201 0.818174
3.230566 0.814605
3.224822 0.810981
3.213788 0.812417
3.218593 0.809131
3.211125 0.812480
3.305224 0.838115
3.302928 0.837286
3.305651 0.836370
3.282586 0.831820
3.280129 0.831335
3.247299 0.822341
3.335385 0.749826
3.135275 0.695240
3.134637 0.695183
3.135091 0.693423
3.426546 0.774458
3.430305 0.772275
3.335067 0.749846
3.330796 0.742057
3.130548 0.694860
3.633692 0.831042
3.630208 0.830747
3.630817 0.827972
3.625080 0.824317
3.619274 0.820913
3.429446 0.776480
3.428271 0.775790
3.429777 0.774948
3.332833 0.750138
3.330070 0.745481
3.628619 0.830547
3.624581 0.826883
3.627185 0.831081
3.584681 0.579901
3.583161 0.579880
3.631486 0.593356
3.580946 0.579770
3.583854 0.577756
0.234780 0.860796
0.129768 0.832331
0.128423 0.830804
0.232201 0.860749
0.228447 0.860634
0.134366 0.834505
0.134090 0.834370
0.128910 0.829771
0.228404 0.860631
0.228477 0.860531
0.040736 0.706422
0.316768 0.781479
0.123937 0.728903
0.041144 0.706634
0.454761 0.819572
0.448511 0.817298
0.442229 0.815796
0.436685 0.811092
0.431183 0.806575
0.392035 0.802300
0.390072 0.801359
0.392449 0.800436
0.315578 0.781317
0.317164 0.780161
0.310461 0.780642
0.262839 0.767131
0.267755 0.763787
0.124650 0.729979
0.086175 0.713528
0.079422 0.713593
0.073009 0.712413
0.066748 0.710679
0.060746 0.708001
0.043494 0.708174
0.048442 0.703735
0.461013 0.821833
0.455201 0.819741
0.462228 0.816938
0.438522 0.815256
0.435924 0.814881
0.436214 0.813546
0.431047 0.807807
0.393745 0.803216
0.399556 0.799811
0.308011 0.780172
0.311076 0.778552
0.304168 0.779474
0.297893 0.777767
0.261915 0.767785
0.267507 0.765471
0.463246 0.822806
0.468302 0.820130
0.433731 0.814877
0.430459 0.810740
0.424371 0.808378
0.417977 0.807127
0.411417 0.806489
0.405089 0.805001
0.397340 0.805101
1.491537 1.095376
1.484693 1.095776
1.477305 1.098353
1.475825 1.097739
1.477605 1.097072
1.355962 1.065492
1.490958 1.098232
1.483543 1.100952
1.482272 1.100335
1.483836 1.099645
1.356827 1.066609
1.487042 1.102517
1.490394 1.101062
1.357405 1.067688
0.521342 0.722275
0.709543 0.773519
0.706494 0.772132
0.704184 0.767999
0.521131 0.722266
0.516629 0.714914
0.822462 0.804311
0.821363 0.803887
0.817730 0.796865
0.799823 0.798093
0.804759 0.795038
0.797355 0.797829
0.715777 0.776274
0.711197 0.774259
0.709962 0.772236
0.520695 0.723061
0.980623 0.847591
0.979272 0.847622
0.828688 0.807274
0.826294 0.806098
0.823983 0.799390
0.794094 0.797444
0.798338 0.794648
0.791046 0.797083
0.716576 0.776617
0.715963 0.775704
1.349412 0.948077
1.347585 0.947172
0.976744 0.847445
0.972966 0.846793
1.350449 0.948802
1.713256 1.047424
1.711990 1.046916
1.713832 1.045177
1.351082 0.949877
1.921897 1.097872
1.915216 1.097675
1.908639 1.097095
1.902124 1.096293
1.895155 1.097717
1.895678 1.095231
1.888880 1.096040
1.889447 1.093386
1.883464 1.090632
1.877523 1.087725
1.871604 1.084736
1.719502 1.049849
1.719309 1.049756
1.719606 1.049434
1.927878 1.101376
1.921239 1.101024
1.914624 1.100587
1.907679 1.101708
1.908030 1.100070
1.901419 1.099665
1.899728 1.099155
1.901472 1.099425
1.884326 1.095014
1.882595 1.094621
1.882660 1.094323
1.876311 1.093207
1.876634 1.091729
1.870030 1.091716
1.870592 1.089193
1.863749 1.090207
1.864526 1.086745
1.857473 1.088557
1.858300 1.084885
1.851197 1.086925
1.852073 1.083023
1.846064 1.080365
1.724617 1.052092
1.940361 1.105770
1.933728 1.105393
1.927182 1.104705
1.920580 1.104217
1.913934 1.103910
1.913531 1.103777
1.913956 1.103807
1.848746 1.086373
1.845082 1.084750
1.045292 0.728891
1.044691 0.729544
1.045202 0.726979
1.122547 0.750534
1.121283 0.745065
1.044682 0.729775
1.044654 0.729590
1.124842 0.752055
2.157751 1.032458
2.156210 1.027601
2.078677 1.011181
2.080124 1.010260
2.334090 1.080752
2.158803 1.033599
2.156537 1.027135
2.078366 1.011970
2.335669 1.082041
2.160234 1.034880
2.078161 1.012829
2.336471 1.083158
2.338599 1.077178
1.046367 0.674912
1.116437 0.694625
1.046684 0.675874
1.117744 0.695892
2.154218 0.977238
2.078168 0.956776
2.385959 1.040440
2.388958 1.038509
2.381957 1.040132
2.156088 0.979408
2.155033 0.978320
2.079421 0.957990
2.381241 1.040031
2.382079 1.039765
2.156238 0.979548
2.156287 0.978766
2.080793 0.959315
2.080737 0.959265
2.376726 1.039716
2.383317 1.036000
2.375627 1.039945
2.417795 0.968028
2.417082 0.968716
2.416573 0.969502
2.496330 0.880621
2.497182 0.881724
2.499855 0.877587
2.497997 0.882862
2.498963 0.881641
2.641049 0.777442
2.816688 0.825669
2.730464 0.795468
2.723705 0.795553
2.717226 0.794617
2.711223 0.791936
2.669568 0.785310
2.647286 0.780098
2.641874 0.777859
2.641208 0.777027
2.627113 0.773888
2.623910 0.766377
2.893651 0.846451
2.816805 0.825777
2.730340 0.796658
2.723418 0.797340
2.717016 0.796123
2.711190 0.792794
2.667615 0.785663
2.666096 0.785467
2.653537 0.782426
2.648157 0.780432
2.647404 0.779752
2.626061 0.774494
2.623402 0.769006
2.894768 0.847624
2.818285 0.827068
2.723412 0.798149
2.964293 0.777413
2.984773 0.776742
2.977693 0.778006
2.970541 0.779769
2.967825 0.778757
2.970746 0.778779
3.284202 0.865361
3.280028 0.863604
3.241421 0.853216
3.240274 0.853774
3.241267 0.849399
2.984588 0.778185
2.973207 0.781101
2.977262 0.780348
3.290454 0.867624
3.286572 0.866234
3.291809 0.862370
3.240252 0.853782
3.294785 0.869358
3.298332 0.863934
3.110121 0.722718
3.114676 0.719593
3.384762 0.791805
3.378427 0.790339
3.372267 0.788234
3.366142 0.786000
3.108610 0.723227
3.391247 0.793487
3.384589 0.793207
3.378128 0.792201
3.371775 0.790805
3.365696 0.788404
3.621654 0.863501
3.615380 0.861803
3.183030 0.640397
3.383779 0.695034
3.283634 0.667534
3.283401 0.667819
3.283563 0.666929
3.182520 0.640331
3.183358 0.639260
3.176730 0.639399
3.452761 0.714434
3.449416 0.712988
3.441873 0.710959
3.447016 0.710347
3.396283 0.699568
3.390030 0.697287
3.387368 0.696298
3.384526 0.692550
3.283136 0.668271
3.174642 0.639118
3.178014 0.634945
3.622132 0.760828
3.620252 0.759805
3.459003 0.717005
3.454322 0.715191
3.453021 0.713774
3.440202 0.711396
3.447257 0.710220
3.440201 0.711396
3.396566 0.699670
3.396341 0.699380
3.391361 0.692961
3.623718 0.761629
3.348903 0.624693
3.345913 0.623345
3.612387 0.696356
3.355144 0.627251
3.351724 0.625777
3.613768 0.697121
3.613058 0.694235
3.617045 0.698913
0.242984 0.842760
0.117391 0.808976
0.115427 0.804408
0.240542 0.842976
0.239838 0.843061
0.117348 0.809867
0.115372 0.805385
0.124001 0.722080
0.042441 0.700025
0.044041 0.693680
0.324753 0.776624
0.287106 0.766542
0.280840 0.764646
0.124202 0.722298
0.124174 0.721582
0.100488 0.709670
0.093715 0.709805
0.086321 0.712874
0.086981 0.709803
0.080060 0.710812
0.080556 0.708669
0.073785 0.709167
0.074483 0.706246
0.067507 0.707573
0.068496 0.703507
0.061229 0.706020
0.062415 0.701117
0.056384 0.698538
0.048675 0.702780
0.043937 0.700713
0.049783 0.698042
0.462760 0.814388
0.462270 0.814109
0.462838 0.813975
0.429238 0.805219
0.425705 0.801973
0.419808 0.798903
0.414130 0.795029
0.407556 0.794440
0.400010 0.797709
0.398952 0.797070
0.400296 0.796362
0.321768 0.776306
0.318441 0.775887
0.270278 0.762458
0.124969 0.723397
0.124692 0.720453
0.106420 0.713384
0.099581 0.713759
0.087651 0.713370
0.092901 0.713559
0.055858 0.704830
0.054943 0.704634
0.052897 0.704035
0.055002 0.704377
0.468984 0.817375
0.464034 0.815442
0.470141 0.812627
0.427958 0.805742
0.425079 0.805174
0.425354 0.803991
0.418807 0.803430
0.419030 0.802490
0.412533 0.801736
0.412821 0.800563
0.406259 0.800071
0.403601 0.799194
0.406568 0.798801
0.314733 0.775311
0.312141 0.774891
0.270996 0.763560
0.470769 0.818161
1.491562 1.095253
1.580797 1.113807
1.574150 1.113485
1.567670 1.112549
1.561567 1.110233
1.555599 1.107427
1.491739 1.095343
1.499414 1.091197
1.353684 1.058204
1.353579 1.057975
1.574608 1.112526
1.568037 1.111930
1.561830 1.109994
1.555615 1.108093
1.549483 1.105882
1.494726 1.097012
1.498664 1.094678
1.353617 1.059077
1.353533 1.058903
1.555805 1.108161
1.549260 1.107465
1.542986 1.105779
1.536971 1.103146
1.496309 1.098340
1.498196 1.097162
0.525925 0.729997
0.795683 0.803355
0.714125 0.781269
0.524534 0.729855
0.521295 0.722490
0.827025 0.812536
0.824478 0.811402
0.822177 0.805243
0.793583 0.803090
0.796399 0.800989
0.789376 0.802524
0.720364 0.783883
0.716994 0.782490
0.714763 0.779315
0.523729 0.730541
0.521101 0.723979
0.979871 0.854064
0.977564 0.854103
0.829106 0.813523
0.827798 0.810074
0.787059 0.802222
0.790085 0.800202
0.783071 0.801664
0.723381 0.785110
0.720962 0.782051
1.347699 0.954680
0.975627 0.853813
0.971263 0.853140
1.347821 0.954769
1.705291 1.051792
1.705290 1.051792
1.705291 1.051792
1.348602 0.955878
1.711530 1.054384
1.711244 1.054260
1.711657 1.053877
1.894995 1.098474
1.888727 1.096768
1.717761 1.057200
1.716818 1.056663
1.718238 1.055214
1.907260 1.103668
1.900630 1.103284
1.894152 1.102344
1.887940 1.100427
1.881936 1.097755
1.875894 1.095219
1.869741 1.093092
1.863589 1.090964
1.857337 1.089194
1.851108 1.087348
1.141151 0.795826
1.035074 0.767056
1.034490 0.767133
1.338930 0.849662
1.322418 0.845219
1.323153 0.845120
1.316775 0.844413
1.310509 0.842531
1.143607 0.797116
1.141857 0.793773
1.031533 0.766985
1.035857 0.762684
1.028181 0.766379
1.341861 0.851437
1.341667 0.851257
1.323517 0.844517
1.316969 0.843830
1.307786 0.842147
1.310950 0.841210
1.304204 0.841651
1.147362 0.799177
1.146809 0.798882
1.142778 0.791184
1.342770 0.852460
1.343512 0.846066
1.311780 0.838961
1.302510 0.841645
1.304580 0.840661
2.044475 1.042804
2.172561 1.077355
2.170799 1.073561
2.044656 1.042944
2.325504 1.119355
2.176164 1.080000
2.174588 1.078762
2.171392 1.072124
2.046589 1.044349
2.325179 1.120141
2.176318 1.080127
2.176224 1.079854
2.048450 1.045774
2.324876 1.120968
1.117346 0.673977
1.051910 0.656374
1.118641 0.675206
1.051609 0.657194
2.074926 0.929185
2.151708 0.956531
2.149423 0.953066
2.076846 0.936395
2.397210 1.023434
2.154935 0.958328
2.154793 0.958241
2.149699 0.952806
2.079641 0.938240
2.079121 0.937903
2.395219 1.023772
2.393306 1.023708
2.156248 0.959555
2.391750 1.023754
2.431494 0.937477
2.430655 0.938115
2.429723 0.938772
2.429677 0.938798
2.429803 0.938308
2.528867 0.843865
2.527050 0.848833
2.528495 0.845958
2.526691 0.849644
2.528385 0.847135
2.595917 0.826439
2.601558 0.824301
2.594338 0.826421
2.561196 0.817099
2.542131 0.811971
2.545260 0.808491
2.593006 0.826539
2.594735 0.825375
2.561083 0.817959
2.541939 0.812816
2.545695 0.807670
2.591936 0.709712
2.632553 0.721084
2.631228 0.714187
2.587174 0.708880
2.593027 0.706100
2.934158 0.803082
2.634095 0.722393
2.586492 0.709604
2.592959 0.707126
2.933511 0.803778
3.106351 0.741727
3.108440 0.743185
3.108436 0.743178
3.307972 0.701313
3.164448 0.662174
3.163683 0.662065
3.621635 0.786839
3.303813 0.700523
3.301666 0.700421
3.301910 0.699124
3.296937 0.692674
3.158123 0.661347
3.157375 0.661248
3.621916 0.786961
3.621925 0.785817
3.462168 0.743985
3.301646 0.700970
3.301049 0.700672
3.296807 0.693919
3.624460 0.788507
3.463377 0.745214
3.626653 0.790011
3.262346 0.607537
3.259908 0.604839
3.250501 0.604350
3.253629 0.603165
3.353459 0.633136
3.352171 0.632567
3.260642 0.607965
3.259501 0.607084
3.253070 0.606218
3.249432 0.604953
3.253306 0.605108
3.616937 0.704930
3.615718 0.704319
3.619760 0.706308
3.618025 0.701481
3.552954 0.592185
3.515336 0.581358
3.509062 0.579674
3.506961 0.579022
3.509300 0.578731
3.619994 0.610285
3.623546 0.605035
3.560023 0.591023
3.552435 0.592117
3.553010 0.592039
3.619294 0.611000
0.111409 0.793731
0.245522 0.836766
0.114453 0.801513
0.111473 0.794231
0.243023 0.836973
0.241525 0.837166
0.114295 0.802381
0.111383 0.795344
0.322655 0.755662
0.292837 0.747638
0.292207 0.747724
0.480379 0.799708
0.478132 0.798342
0.317606 0.755167
0.317278 0.755132
0.317473 0.754376
0.290504 0.747881
0.293549 0.743338
0.480873 0.799955
1.540578 1.088334
1.509218 1.079632
1.344347 1.034804
1.341167 1.028707
1.617297 1.109095
1.622907 1.107576
1.539988 1.088292
1.534269 1.087550
1.535602 1.081994
1.515445 1.082515
1.511102 1.080521
1.342947 1.035298
1.340797 1.030803
1.615897 1.109576
1.622961 1.108111
1.615828 1.109599
1.532340 1.087109
1.527984 1.086140
1.529137 1.081749
1.521713 1.084359
1.517606 1.083148
1.523073 1.079291
1.342112 1.035984
1.340602 1.032301
1.622994 1.108755
1.613715 1.109887
1.615968 1.109819
0.516767 0.714346
0.518477 0.707411
0.811622 0.794452
0.704962 0.765733
0.701575 0.764130
0.699618 0.760053
0.516758 0.714588
0.516511 0.714352
0.817888 0.796354
0.815584 0.795658
0.809426 0.794001
0.811937 0.793417
0.805331 0.793209
0.705809 0.766139
0.705218 0.764949
0.985410 0.842204
0.987769 0.840834
0.980952 0.841897
0.824127 0.798960
0.823519 0.798684
0.819239 0.792106
0.813142 0.789775
0.801262 0.792703
0.806195 0.790548
0.799021 0.792472
1.351111 0.941861
1.348159 0.940648
0.988624 0.838483
0.980805 0.841870
0.980972 0.841833
1.714978 1.040640
1.352963 0.942806
1.352766 0.936180
1.921979 1.097489
1.878075 1.085315
1.871787 1.083944
1.721232 1.042810
1.720603 1.042557
1.721491 1.041791
1.353798 0.943940
1.954609 1.101403
1.947973 1.101035
1.941462 1.100218
1.934972 1.099319
1.928233 1.099678
1.923175 1.097911
1.928459 1.098505
1.868554 1.083218
1.865503 1.082506
1.865718 1.081630
1.859224 1.080951
1.859760 1.078786
1.852947 1.079353
1.853788 1.075989
1.846665 1.077852
1.848205 1.071773
1.726096 1.044909
1.960921 1.103695
1.954164 1.103771
1.947512 1.103468
1.940748 1.103954
1.941009 1.102619
1.934488 1.101863
1.933894 1.101669
1.934513 1.101744
1.841770 1.076906
1.840371 1.076684
1.840669 1.075465
1.727065 1.046084
1.967506 1.105023
1.960532 1.105895
1.953766 1.106008
1.946998 1.106284
1.945530 1.105708
1.947087 1.105803
1.118171 0.735147
1.117761 0.732569
1.044604 0.715352
1.119592 0.736394
1.043275 0.715880
1.042984 0.711195
2.153964 1.018083
2.153263 1.013724
2.086997 1.000066
2.083163 0.999650
2.340382 1.069401
2.340078 1.069008
2.340699 1.067976
2.154566 1.019114
2.153483 1.013660
2.082023 0.999612
2.341434 1.070247
2.155447 1.020261
2.153750 1.013466
2.341504 1.071178
2.079718 0.889575
2.079038 0.889809
2.079258 0.888648
2.072767 0.888026
2.071629 0.887400
2.073489 0.885115
2.412049 0.979836
2.411538 0.980017
2.410824 0.980375
2.412578 0.976677
2.409979 0.981060
2.466191 0.902192
2.458729 0.905492
2.456311 0.904096
2.459067 0.903619
2.459126 0.905748
2.465847 0.904220
2.821110 0.858879
2.634469 0.810109
2.873451 0.875256
2.878848 0.870137
2.822367 0.861518
2.821213 0.859223
2.634793 0.811097
2.873545 0.876174
2.822654 0.862500
2.821325 0.859590
3.004979 0.761192
3.272197 0.834782
3.265924 0.833040
3.259655 0.831225
3.247102 0.828005
3.240838 0.826043
3.234572 0.824136
3.228308 0.822207
3.226912 0.821755
3.222846 0.817479
3.215256 0.818618
3.216039 0.817742
3.004206 0.761848
3.284730 0.838542
3.278466 0.836612
3.272230 0.834803
3.272198 0.834787
3.265957 0.832979
3.254002 0.829901
3.259867 0.830618
3.253373 0.829770
3.251902 0.829336
3.247167 0.827799
3.241512 0.823848
3.236104 0.818987
3.210621 0.818237
3.209441 0.818267
3.298455 0.838057
3.290982 0.840813
3.290393 0.840585
3.291275 0.839685
3.279736 0.832623
3.272979 0.832703
3.266547 0.831593
3.260331 0.829692
3.253971 0.828323
3.248495 0.823718
3.208565 0.818602
3.139224 0.702825
3.137872 0.702615
3.132913 0.702058
3.418838 0.779062
3.422340 0.776782
3.340012 0.757853
3.339956 0.757857
3.339972 0.757783
3.335306 0.750202
3.132062 0.701935
3.638410 0.838990
3.635844 0.834229
3.421472 0.781062
3.420436 0.780355
3.421840 0.779347
3.338132 0.758230
3.334719 0.753113
3.691223 0.854560
3.684958 0.852640
3.678680 0.851081
3.672399 0.849546
3.666125 0.847865
3.637349 0.839565
3.635347 0.836779
3.630003 0.831687
3.422338 0.781781
3.696213 0.856292
3.691615 0.853462
3.685564 0.850961
3.679114 0.849920
3.672754 0.848549
3.661261 0.846900
3.666456 0.846948
3.634858 0.839807
3.634740 0.839806
3.634756 0.839723
3.629636 0.833817
3.357524 0.667378
3.200696 0.624548
3.363774 0.669705
3.357555 0.667390
3.357542 0.667319
3.280142 0.646564
3.195293 0.623747
3.194391 0.623621
3.620988 0.739550
3.370025 0.671998
3.366348 0.670629
3.364816 0.666088
3.278847 0.647115
3.277315 0.641255
3.627217 0.742443
3.623601 0.740685
3.627832 0.742738
0.240802 0.848851
0.120089 0.816376
0.119465 0.814280
0.238221 0.849023
0.238150 0.849028
0.120368 0.817345
0.119486 0.814971
0.235552 0.849221
0.100599 0.709179
0.094344 0.707018
0.075524 0.701892
0.069239 0.700470
0.062961 0.698899
0.064091 0.694248
0.056683 0.697312
0.057796 0.692634
0.050415 0.695443
0.044491 0.693325
0.051167 0.692242
0.414275 0.794387
0.326446 0.770528
0.282529 0.758666
0.276248 0.757139
0.122854 0.715261
0.119973 0.712308
0.113672 0.710719
0.106852 0.711420
0.101683 0.709567
0.107132 0.710004
0.470716 0.810237
0.468235 0.809035
0.471827 0.805722
0.323628 0.770133
0.320141 0.769631
0.321292 0.765043
0.283454 0.755632
0.275402 0.757164
0.276581 0.756135
0.123471 0.716328
0.120012 0.712937
0.110121 0.712742
0.113353 0.712661
0.472117 0.810943
0.315507 0.768852
0.313845 0.768562
0.314493 0.766056
0.275469 0.758097
0.276604 0.756835
0.476942 0.813219
0.476588 0.813059
0.477056 0.812746
1.499541 1.090566
1.351560 1.050101
1.349884 1.046120
1.601163 1.113218
1.594125 1.114327
1.586486 1.114161
1.587410 1.114252
1.581078 1.113166
1.551830 1.104834
1.549706 1.104742
1.549954 1.103431
1.544482 1.098803
1.499872 1.090854
1.350401 1.050647
1.349436 1.048486
1.594867 1.112334
1.587983 1.112877
1.577393 1.112569
1.581275 1.112779
1.574780 1.112079
1.568489 1.110835
1.562207 1.109366
1.545852 1.104087
1.543409 1.103663
1.543603 1.102752
1.537115 1.102495
1.538831 1.095568
1.502961 1.092553
1.506802 1.089541
1.349970 1.051428
1.349244 1.049954
1.588590 1.111418
1.581834 1.111497
1.575222 1.111043
1.568635 1.110502
1.561765 1.109262
1.562212 1.109358
1.535437 1.102187
1.530820 1.101391
1.531445 1.098724
1.524541 1.099833
1.525535 1.095706
1.519745 1.092248
1.513495 1.090473
1.505737 1.094266
1.505585 1.094166
1.505792 1.094011
0.645018 0.687940
0.638756 0.685948
0.524922 0.654804
0.519540 0.654051
0.651263 0.690382
0.645313 0.688050
0.645062 0.687807
0.639069 0.685085
0.632976 0.682734
0.626908 0.680292
0.620895 0.677652
0.614824 0.675219
0.608746 0.672815
0.518317 0.653905
1.021400 0.790918
0.652236 0.690811
0.651520 0.689585
0.645722 0.686158
0.639486 0.684335
0.633444 0.681803
0.627454 0.679077
1.235694 0.844766
1.228419 0.847339
1.165700 0.829872
1.165217 0.829631
1.160674 0.823519
1.021196 0.790890
1.335072 0.876216
1.334951 0.876149
1.335211 0.875678
1.227698 0.847302
1.228576 0.846898
1.222105 0.846680
1.171919 0.833018
1.169210 0.831576
1.166619 0.827153
1.016408 0.790512
1.015854 0.787365
1.338303 0.877931
1.230000 0.842465
1.221912 0.846653
1.222138 0.846583
1.172782 0.833456
2.025126 1.064506
2.024897 1.064333
2.025233 1.064021
2.308493 1.141489
2.191480 1.110005
2.189092 1.105953
2.026941 1.065751
2.308905 1.142455
2.194453 1.112028
2.193844 1.111515
2.189732 1.104355
2.028882 1.067179
2.032521 1.063507
2.309608 1.143536
2.195415 1.112850
2.194691 1.111638
2.308110 1.144060
1.131719 0.773026
1.128909 0.766466
1.042714 0.749085
1.133672 0.774455
1.133611 0.774414
1.042728 0.749991
2.056705 1.025302
2.163800 1.054967
2.163142 1.052269
2.058631 1.026680
2.330894 1.100778
2.165871 1.056403
2.164043 1.049723
2.060444 1.028067
2.062841 1.025725
2.331298 1.101774
2.168105 1.057922
2.331213 1.102675
1.114228 0.659786
1.111453 0.656282
1.105787 0.652363
1.099879 0.649337
1.080612 0.645902
1.068758 0.647558
1.073673 0.646648
1.115841 0.661119
1.111772 0.655883
1.106070 0.652108
1.069535 0.648681
2.139554 0.939705
2.121323 0.931924
2.115390 0.928986
2.109555 0.925688
2.076821 0.922574
2.075940 0.921941
2.140193 0.940084
2.139590 0.939745
2.133562 0.937156
2.127537 0.934559
2.121538 0.931860
2.115578 0.929028
2.109733 0.925766
2.078380 0.923461
2.078194 0.917947
2.400416 1.010945
2.141413 0.941307
2.139680 0.940178
2.133745 0.937254
2.127729 0.934624
2.121639 0.932264
2.115616 0.929659
2.109625 0.926934
2.103559 0.924491
2.081243 0.925139
2.398763 1.011384
2.396696 1.011446
2.429047 0.943498
2.428534 0.944218
2.428084 0.944998
2.427976 0.945103
2.513567 0.858555
2.513265 0.859370
2.594114 0.826895
2.583630 0.829810
2.586773 0.829116
2.571593 0.826572
2.568168 0.823253
2.562662 0.818753
2.540703 0.818262
2.581917 0.830228
2.587033 0.828910
2.580055 0.830247
2.570120 0.827057
2.567807 0.825332
2.562524 0.820018
2.541050 0.819244
2.637012 0.742450
2.636245 0.742108
2.602476 0.733021
2.599361 0.732489
2.600113 0.729478
2.594198 0.726474
2.588391 0.723075
2.919300 0.819651
2.806357 0.789489
2.800095 0.787490
2.639840 0.743944
2.593211 0.731410
2.593063 0.731422
2.593091 0.731277
2.587793 0.726021
2.919487 0.820024
2.806598 0.789672
2.806331 0.790197
2.806411 0.789396
2.798007 0.787363
2.800481 0.786448
2.919514 0.820933
2.919243 0.821162
3.291576 0.812329
3.101870 0.760552
3.103995 0.758702
3.091118 0.757658
3.090831 0.757615
3.090883 0.757393
3.084550 0.756071
3.084854 0.754806
3.048423 0.740229
3.039803 0.743852
3.040850 0.743303
3.310363 0.818284
3.304114 0.815943
3.302063 0.815264
3.298575 0.811456
3.290625 0.812187
3.291763 0.811740
3.103052 0.761739
3.103486 0.761306
3.081019 0.755815
3.039190 0.744572
3.040968 0.743625
3.316617 0.820493
3.311177 0.818587
3.311936 0.812597
3.291218 0.813221
3.291730 0.812601
3.319292 0.821686
3.326229 0.734114
3.138679 0.682806
3.138034 0.682729
3.445416 0.766737
3.443001 0.765530
3.446029 0.764022
3.326205 0.734115
3.132993 0.682186
3.617470 0.813324
3.446238 0.767279
3.453354 0.762610
3.323575 0.734318
3.618858 0.814584
3.354649 0.653190
3.221125 0.616479
3.223297 0.615591
3.216633 0.615673
3.618130 0.724946
3.360896 0.655578
3.355183 0.653398
3.354955 0.652124
3.277743 0.632571
3.211378 0.614731
3.217539 0.612759
3.210338 0.614541
3.624368 0.727536
3.618537 0.725105
3.618423 0.723915
3.363289 0.656471
3.362122 0.651310
3.624459 0.727573
3.624431 0.727320
3.492543 0.616710
3.490191 0.615422
3.493768 0.611670
3.607756 0.647912
3.493314 0.617149
3.636742 0.567199
3.635066 0.562115
3.622996 0.556989
3.610854 0.560235
3.616007 0.557919
3.636512 0.568034
3.635225 0.562308
3.608813 0.560593
3.576944 0.152528
0.321865 0.762741
0.323265 0.757095
0.289136 0.753321
0.291560 0.749879
0.473545 0.803786
0.320137 0.762520
0.315559 0.761905
0.286150 0.753382
0.284186 0.753542
0.478667 0.806298
0.476655 0.805492
0.480078 0.800904
0.313061 0.761530
0.482090 0.807874
1.348391 1.042570
1.345575 1.037230
1.615578 1.109754
1.604896 1.112436
1.608360 1.111524
1.601597 1.112028
1.542584 1.095669
1.538842 1.095525
1.540445 1.088923
1.507485 1.086731
1.505442 1.085675
1.508571 1.082325
1.347040 1.043071
1.345105 1.039687
1.615818 1.109600
1.608823 1.110555
1.598983 1.111702
1.601894 1.111264
1.595283 1.111401
1.538786 1.095514
1.532553 1.094229
1.534046 1.088434
1.526269 1.092805
1.519990 1.091261
1.513717 1.089507
1.510593 1.087934
1.515262 1.083229
1.346084 1.043717
1.344792 1.041603
1.609153 1.110109
1.602340 1.110396
1.593655 1.111164
1.595391 1.111177
0.518497 0.707335
0.518461 0.707335
0.700391 0.757699
0.697561 0.756372
0.695107 0.751903
0.516142 0.707582
1.001522 0.839451
0.995244 0.837860
0.701792 0.758388
0.700805 0.756456
1.346553 0.933497
0.993334 0.837663
0.813275 0.789430
1.346881 0.933627
1.346662 0.933131
0.990228 0.837735
0.988915 0.837608
1.352791 0.936098
1.352748 0.936077
1.869980 1.076074
1.867234 1.075459
1.867637 1.073881
1.860952 1.073968
1.862271 1.068860
1.854671 1.072462
1.848386 1.071058
1.726712 1.037524
1.355950 0.937853
1.975045 1.100554
1.968135 1.101196
1.961310 1.101711
1.960121 1.101174
1.961402 1.101188
1.847607 1.070910
1.842094 1.069840
1.728163 1.038794
1.974707 1.102537
1.967527 1.104899
1.964881 1.103329
1.967793 1.103192
1.838090 1.069249
1.835793 1.068855
1.837013 1.064199
1.727563 1.039553
1.967677 1.104993
1.974496 1.104092
1.337325 0.842524
1.137935 0.788056
1.137024 0.786080
1.038199 0.761220
1.337451 0.842586
1.337372 0.842372
1.330284 0.840656
1.331292 0.839974
1.140071 0.789492
1.137732 0.784220
1.036640 0.761689
1.036161 0.761637
1.340983 0.844400
1.338839 0.837738
1.327849 0.840870
1.332077 0.837837
1.324713 0.840823
1.318435 0.839240
1.142790 0.791149
1.142755 0.791127
1.343529 0.846034
1.343504 0.845992
1.324979 0.839955
1.318178 0.839189
1.318455 0.839182
2.169032 1.069727
2.166619 1.064202
2.049314 1.037522
2.327872 1.113316
2.171608 1.071594
2.170914 1.071101
2.052384 1.039946
2.050957 1.038854
2.053263 1.036122
2.328051 1.114241
2.173105 1.072597
2.172230 1.069831
2.327509 1.115010
1.116247 0.680360
1.049826 0.662488
1.118158 0.682102
1.117595 0.681594
1.049406 0.663268
2.155014 0.964097
2.154182 0.960298
2.077961 0.943934
2.076634 0.943012
2.394896 1.029490
2.156213 0.965293
2.154904 0.958400
2.078868 0.944503
2.078995 0.940432
2.392540 1.029723
2.391616 1.029704
2.157050 0.966435
2.388920 1.029659
2.466751 0.899694
2.469758 0.901038
2.473519 0.900024
2.480862 0.898568
2.471395 0.902378
2.473228 0.901858
2.579740 0.830209
2.573602 0.828020
2.539097 0.824506
2.579856 0.830529
2.573506 0.829122
2.539588 0.825520
2.635935 0.748704
2.636084 0.745737
2.611770 0.742200
2.610214 0.742006
2.610518 0.740703
2.605119 0.735808
2.811417 0.796766
2.811072 0.796242
2.806029 0.790046
2.794353 0.792174
2.799660 0.788702
2.792120 0.792099
2.641543 0.751534
2.639056 0.750404
2.605378 0.741350
2.604056 0.740441
2.598741 0.735243
2.914311 0.825305
2.919208 0.820265
2.813176 0.798110
2.811335 0.796018
2.790297 0.791959
2.792679 0.790352
2.643170 0.752426
2.914494 0.826251
2.919131 0.821313
3.096208 0.762560
3.089100 0.764649
3.033202 0.748752
3.302401 0.822541
3.296145 0.820421
3.296408 0.819397
3.291161 0.813943
3.089175 0.764679
3.095805 0.764766
3.089099 0.764666
3.088633 0.764533
3.083006 0.762310
3.033663 0.749756
3.314905 0.827102
3.308655 0.824749
3.306450 0.823986
3.309922 0.819972
3.291855 0.820063
3.289826 0.819877
3.291292 0.814204
3.315414 0.827309
3.285483 0.819269
3.146019 0.677861
3.144259 0.677633
3.146952 0.674657
3.139712 0.677063
3.453378 0.762502
3.450477 0.760865
3.454463 0.757798
3.323640 0.726753
3.321639 0.726599
3.322407 0.723459
3.617666 0.806701
3.453440 0.762545
3.622733 0.809310
3.621340 0.808582
3.230895 0.612427
3.350091 0.644840
3.276038 0.619768
3.238606 0.608855
3.230878 0.612425
3.230899 0.612414
3.224596 0.611391
3.356335 0.647281
3.354790 0.646618
3.277075 0.625721
3.274759 0.625674
3.275624 0.622017
3.270118 0.617522
3.222518 0.611056
3.224995 0.610122
3.218298 0.610317
3.619815 0.719035
3.618062 0.718301
3.362580 0.649742
3.361858 0.649420
3.626050 0.721784
3.623949 0.720767
3.494274 0.609684
3.495139 0.610077
3.608035 0.641315
3.607144 0.641733
3.498543 0.611887
3.501312 0.609474
0.123568 0.823560
0.238432 0.854893
0.236463 0.854933
0.123652 0.824009
0.123586 0.823853
0.235463 0.854954
0.238054 0.849360
0.124969 0.825249
0.123897 0.823469
0.232396 0.855038
0.330387 0.730860
0.311571 0.725644
0.328603 0.730553
0.331076 0.728486
0.324084 0.729910
0.310411 0.725660
0.312219 0.723550
0.502373 0.778160
0.507142 0.775044
0.320141 0.729172
0.325414 0.725323
0.317786 0.728874
0.309224 0.726239
0.871204 0.873080
0.861604 0.875660
0.864019 0.874726
0.857319 0.875117
0.838455 0.869431
0.833623 0.862717
0.504310 0.779581
0.506520 0.778093
0.865006 0.871848
0.854535 0.874623
0.857638 0.874165
0.851027 0.873897
0.844743 0.872457
0.838480 0.870477
0.837859 0.870139
0.852393 0.869497
0.845566 0.869835
0.839538 0.867246
1.335294 1.005666
1.660274 1.094649
1.658300 1.093416
1.661046 1.091227
1.335730 1.006678
1.660834 1.094970
1.663118 1.096493
1.667615 1.093355
0.602802 0.669781
0.596549 0.667566
0.590949 0.663267
0.585541 0.658405
0.535276 0.645159
0.525766 0.648354
0.528121 0.646700
0.521242 0.647724
0.615318 0.673992
0.609057 0.671953
0.605226 0.670597
0.602986 0.669248
0.597271 0.665513
0.591623 0.661537
0.529141 0.643723
0.519233 0.647483
0.521823 0.645857
1.026354 0.784743
1.023098 0.784704
1.336791 0.869477
1.275426 0.847250
1.268883 0.846551
1.262789 0.844198
1.256600 0.842199
1.250270 0.840712
1.239406 0.842917
1.243323 0.841490
1.236393 0.842745
1.161114 0.822227
1.158618 0.821177
1.155653 0.817241
1.022930 0.784684
1.023469 0.783365
1.016796 0.783773
1.338109 0.870322
1.243982 0.839809
1.235335 0.842683
1.236623 0.842094
1.167345 0.825078
1.164342 0.823597
1.161822 0.820066
1.015845 0.783696
1.339766 0.871654
1.230306 0.842243
1.237688 0.838981
1.230075 0.842225
2.030539 1.059174
2.034537 1.054610
2.312687 1.135940
2.316785 1.131622
2.186839 1.102080
2.184577 1.097826
2.033053 1.061138
2.032234 1.060503
2.033510 1.059113
2.313478 1.137011
2.316762 1.132435
2.189875 1.104156
2.189301 1.103624
2.185182 1.096361
2.034202 1.061942
2.313961 1.138037
2.316362 1.134663
2.190657 1.104906
2.190084 1.103855
0.687662 0.604733
0.684512 0.603412
0.688397 0.601639
0.681382 0.603199
0.678976 0.601922
0.689186 0.605556
0.695439 0.601276
0.683363 0.603991
0.681781 0.601965
1.117076 0.721496
1.043533 0.701714
1.118627 0.722794
1.043013 0.702476
2.086615 0.985820
2.152846 1.004429
2.083051 0.985655
2.081618 0.980124
2.350604 1.058488
2.350057 1.058537
2.153213 1.005408
2.080516 0.985869
2.080264 0.986092
2.080543 0.984826
2.348343 1.058763
2.350875 1.056127
2.153475 1.006401
2.347247 1.059391
2.351268 1.055481
2.423117 0.956108
2.422789 0.956911
2.508586 0.863890
2.510882 0.861123
2.508717 0.864815
2.510860 0.861964
2.616593 0.818123
2.623445 0.818141
2.614814 0.818171
2.616813 0.817761
2.553827 0.801886
2.862599 0.880313
2.855606 0.881257
2.849002 0.880775
2.842758 0.878977
2.836682 0.876562
2.831006 0.872688
2.623555 0.818502
2.611435 0.818155
2.617039 0.817700
2.555935 0.803243
2.550902 0.801891
2.862375 0.881885
2.855427 0.882665
2.848883 0.881963
2.842695 0.879964
2.836781 0.876960
2.831182 0.872804
2.632980 0.707358
2.607876 0.700794
2.629578 0.706936
2.606432 0.700713
2.608467 0.698891
2.942626 0.792006
2.629082 0.707715
3.261953 0.872310
2.940838 0.792406
2.940322 0.792410
3.268068 0.875311
3.261899 0.873239
3.267790 0.877105
3.261399 0.875842
3.255430 0.873046
3.103899 0.734371
3.097644 0.732198
3.104058 0.734434
3.104019 0.733952
3.107209 0.736181
3.105435 0.729542
3.192708 0.629455
3.368349 0.677627
3.362092 0.675503
3.359658 0.674635
3.282088 0.653762
3.280510 0.654023
3.281329 0.650441
3.190869 0.629229
3.193858 0.625476
3.186404 0.628578
3.619296 0.745625
3.374604 0.679826
3.371184 0.678600
3.368997 0.675435
3.280054 0.654106
3.625520 0.748605
3.622274 0.747000
3.626259 0.748979
3.484596 0.620624
3.484495 0.620567
3.484631 0.620469
3.607681 0.654566
3.487087 0.622144
3.492193 0.618192
3.608955 0.655813
3.637226 0.574005
3.603264 0.564868
3.608322 0.561399
3.635491 0.574426
3.600843 0.565117
3.608746 0.560622
3.600784 0.565130
0.108688 0.778786
0.108864 0.779115
0.108840 0.778468
0.253492 0.818884
0.252942 0.818922
0.253632 0.816236
0.109284 0.780111
0.109293 0.777562
0.250660 0.819020
0.338367 0.726141
0.334600 0.725491
0.332069 0.725057
0.315378 0.720322
0.320669 0.717269
0.313236 0.720269
0.509512 0.773407
0.326337 0.724170
0.325768 0.724111
0.311435 0.720167
0.313918 0.718104
0.873488 0.872180
0.879239 0.868317
0.871581 0.871884
0.833928 0.861934
0.833151 0.861326
0.511299 0.774793
0.866498 0.871168
0.865276 0.870990
0.858980 0.869887
0.835199 0.862753
1.335882 0.998291
1.336162 0.996985
0.855661 0.869173
1.335783 0.999124
1.335801 0.999033
1.664806 1.088491
1.335857 1.000045
1.335991 0.999103
1.668229 1.090586
1.667453 1.090078
1.668731 1.088492
1.670111 1.091706
0.685008 0.739109
0.519660 0.694302
0.686752 0.740113
0.685400 0.738127
0.680347 0.731965
0.519160 0.695055
1.025059 0.826871
1.018168 0.827440
1.005295 0.826666
1.011736 0.826332
1.004936 0.826584
0.691226 0.742278
0.690871 0.742117
0.686161 0.736110
1.337413 0.917373
1.024879 0.828265
1.018136 0.828294
1.012599 0.823910
0.998858 0.825804
0.998625 0.825802
1.343650 0.920010
1.339530 0.918296
1.338229 0.914684
1.025043 0.828451
1.017902 0.829937
1.349892 0.922558
1.345630 0.920823
1.344216 0.918178
1.858478 1.059621
1.858087 1.059532
1.851800 1.058145
1.845506 1.056972
1.730547 1.025205
1.988545 1.095468
1.990108 1.094720
1.845287 1.056940
1.839213 1.055779
1.729332 1.025770
1.989760 1.097130
1.989600 1.096633
1.989811 1.096557
1.835908 1.055329
1.832914 1.054796
1.989909 1.097634
1.099897 0.649346
1.099507 0.649154
1.094105 0.645821
1.085614 0.645418
1.087602 0.644972
1.104890 0.651513
2.105224 0.923142
2.103760 0.922243
2.097960 0.918819
2.092599 0.913785
2.076140 0.915316
2.107021 0.924490
2.103566 0.924451
2.103760 0.922976
2.097889 0.919814
2.092657 0.914317
2.078499 0.916902
2.078258 0.916757
2.401801 1.004643
2.103517 0.924457
2.097915 0.920499
2.092611 0.915269
2.082037 0.918687
2.400065 1.005065
2.398396 1.005170
2.433186 0.931255
2.431967 0.931797
2.431394 0.932086
2.432669 0.927042
2.430878 0.932417
2.519700 0.853326
2.519388 0.853446
2.519795 0.853152
2.518791 0.854187
2.519978 0.853247
2.558411 0.809580
2.605448 0.822327
2.609416 0.820187
2.602298 0.822211
2.558500 0.809699
2.558458 0.809486
2.547641 0.806779
2.553719 0.802180
2.610090 0.818482
2.601492 0.822151
2.602418 0.821907
2.559327 0.810821
2.558981 0.808343
2.546120 0.807272
2.545820 0.807323
2.634147 0.728013
2.583960 0.714346
2.577674 0.712971
2.635138 0.728455
2.634662 0.726275
2.585298 0.709737
2.577652 0.713554
2.577178 0.712865
2.577781 0.712600
2.928822 0.808324
2.929095 0.807993
2.636907 0.729817
2.635248 0.724887
2.577913 0.713965
2.585303 0.710495
2.928244 0.809033
2.929368 0.807726
2.927072 0.809633
3.106783 0.748343
3.107351 0.748671
3.107361 0.746373
3.080217 0.741372
3.076870 0.734714
3.070190 0.734510
3.060908 0.736178
3.063203 0.735434
3.108208 0.749785
3.108438 0.743189
3.080623 0.742371
3.076985 0.735059
3.070585 0.733833
3.058614 0.736457
3.063580 0.734824
3.313743 0.806295
3.307477 0.804380
3.301196 0.802899
3.297118 0.691805
3.169221 0.656781
3.173012 0.652480
3.165366 0.656225
3.461810 0.730169
3.296513 0.691885
3.292232 0.685241
3.162485 0.655850
3.623304 0.781382
3.621804 0.780252
3.618550 0.773507
3.463641 0.737707
3.295954 0.692637
3.291926 0.687137
3.623681 0.781627
3.623700 0.780051
3.463982 0.738712
3.344353 0.616134
3.350596 0.618638
3.345063 0.616439
3.609191 0.683002
3.352579 0.619337
3.614044 0.691228
3.612110 0.690003
3.636422 0.580467
3.596777 0.569800
3.599936 0.567443
3.634714 0.580884
3.593910 0.569920
3.600765 0.565175
0.249564 0.830888
0.111185 0.793096
0.248632 0.830926
0.250833 0.826488
0.111396 0.794019
0.245961 0.831093
0.111210 0.794888
0.518212 0.761537
0.518120 0.762377
0.906732 0.867770
0.906350 0.867824
0.839706 0.849737
0.904684 0.868092
0.907395 0.864607
0.900025 0.867505
0.887476 0.864136
0.881218 0.861996
0.874948 0.860225
0.868670 0.858613
0.862382 0.857306
0.843557 0.852309
0.840563 0.850856
1.338370 0.985605
1.338210 0.986432
1.674163 1.077656
1.337998 0.987287
1.677896 1.079919
1.676628 1.079203
1.678605 1.077008
1.681236 1.081365
1.685184 1.078368
0.522357 0.688352
1.031734 0.827029
0.680409 0.731798
0.680066 0.731641
0.675218 0.726090
0.521693 0.689069
1.031250 0.826972
1.006610 0.820953
0.683948 0.733591
0.681093 0.730016
1.027909 0.826944
1.010553 0.822278
1.005043 0.820797
1.006958 0.819907
1.000304 0.820138
1.339079 0.911975
1.337330 0.911030
1.026349 0.827445
1.866073 1.054652
1.733921 1.018584
1.345318 0.914627
1.341227 0.912971
1.339946 0.909160
1.860440 1.053472
1.859785 1.053313
1.859892 1.052907
1.853503 1.051811
1.847216 1.050459
1.811086 1.034324
1.804792 1.032708
1.798595 1.030737
1.731447 1.018774
1.995599 1.090690
1.998439 1.088876
1.844546 1.050070
1.840919 1.049359
1.842485 1.043405
1.730551 1.019429
2.274992 1.162075
2.268229 1.162177
2.261874 1.160785
2.255621 1.159019
2.249388 1.157180
2.243195 1.155198
2.237026 1.153125
2.230876 1.150978
2.224919 1.148133
1.996751 1.091885
1.997992 1.091269
1.834719 1.048344
1.834621 1.048327
1.834652 1.048205
2.275016 1.162732
2.268398 1.162300
2.262027 1.160970
2.255731 1.159362
2.249472 1.157620
2.243255 1.155723
2.237097 1.153610
2.231021 1.151199
2.225124 1.148133
1.997405 1.092982
1.997788 1.092802
2.268620 1.162270
2.262184 1.161175
2.255890 1.159561
2.249675 1.157661
2.243502 1.155604
2.237409 1.153255
2.231387 1.150650
1.117698 0.667396
1.116308 0.663163
1.066607 0.647862
1.057007 0.651071
1.059289 0.649998
1.118849 0.668594
1.116741 0.662346
1.066494 0.649058
1.057640 0.652149
1.059092 0.651494
2.075137 0.928459
2.074994 0.928365
2.146039 0.948331
2.144786 0.945381
2.077618 0.929929
2.398868 1.017204
2.146885 0.949446
2.145003 0.945343
2.079891 0.931442
2.397406 1.017689
2.394997 1.017660
2.393958 1.017682
2.434401 0.924904
2.433113 0.925306
2.432936 0.925386
2.432161 0.926097
2.504428 0.869446
2.504914 0.870462
2.631528 0.788430
2.631367 0.788476
2.631452 0.788089
2.885416 0.857591
2.813898 0.838347
2.813954 0.835745
2.630490 0.789023
2.887310 0.858962
2.814608 0.839417
2.888481 0.860187
2.888539 0.860093
2.984819 0.776112
2.984909 0.776678
2.992521 0.773034
3.292167 0.861003
3.285919 0.858642
3.285006 0.858266
3.240504 0.846293
3.236546 0.842023
2.985461 0.777727
2.992541 0.773732
3.298405 0.863658
3.292634 0.861193
3.293071 0.857753
3.238777 0.846717
3.236462 0.843096
3.218066 0.836473
3.135426 0.708633
3.131212 0.708359
3.347186 0.766460
3.345085 0.763722
3.131102 0.708346
3.720927 0.868433
3.664470 0.852985
3.645633 0.848275
3.640600 0.841480
3.413501 0.785534
3.412901 0.785001
3.413716 0.784430
3.344648 0.766650
3.344497 0.766682
3.344533 0.766489
3.339572 0.759996
3.715463 0.864019
3.709430 0.861446
3.703183 0.859661
3.696861 0.858151
3.690608 0.856381
3.684500 0.854088
3.672413 0.855669
3.677766 0.854082
3.670720 0.855267
3.669453 0.854872
3.665069 0.851254
3.659007 0.848789
3.651431 0.850025
3.651932 0.850033
3.643190 0.847809
3.640012 0.844358
3.414219 0.786264
3.421225 0.782381
3.715454 0.864807
3.709402 0.862307
3.703264 0.860124
3.697363 0.857072
3.659700 0.847021
3.651866 0.851072
3.651378 0.850912
3.651910 0.850883
3.643738 0.848859
3.640054 0.844977
3.419726 0.711372
3.388356 0.702904
3.178087 0.645814
3.175042 0.645333
3.458194 0.722027
3.457646 0.720749
3.452441 0.715146
3.440067 0.711132
3.433547 0.710344
3.426850 0.710205
3.419707 0.711847
3.419140 0.711519
3.419782 0.711426
3.400861 0.707388
3.394610 0.705105
3.392886 0.704457
3.389368 0.699483
3.286156 0.675754
3.283290 0.668666
3.170717 0.644729
3.620440 0.766870
3.619785 0.766355
3.458913 0.723094
3.458184 0.719521
3.440201 0.711396
3.433402 0.711630
3.422221 0.713231
3.426452 0.712415
3.419665 0.712955
3.401934 0.707779
3.401060 0.706753
3.622310 0.767919
3.441833 0.629722
3.387482 0.614496
3.385383 0.614102
3.385581 0.613234
3.379092 0.612846
3.379854 0.609539
3.372816 0.611229
3.373700 0.607415
3.366547 0.609396
3.367285 0.606241
3.360283 0.607416
3.358003 0.606566
3.360650 0.605875
3.608300 0.674759
3.461843 0.630668
3.455125 0.630603
3.448522 0.630119
3.437689 0.628874
3.441965 0.629471
3.435538 0.628615
3.429260 0.627027
3.611173 0.676938
3.610043 0.676107
3.567206 0.589200
3.623838 0.604645
3.623662 0.604683
3.565532 0.588968
3.567521 0.588235
3.622281 0.605138
0.109822 0.786051
0.251546 0.825035
0.251247 0.825054
0.110006 0.786974
0.248686 0.825157
0.779734 0.812528
0.729546 0.798928
0.525263 0.743401
0.836175 0.828390
0.833242 0.827117
0.830697 0.823374
0.778036 0.812261
0.780176 0.811071
0.773435 0.811489
0.742052 0.803366
0.735796 0.801213
0.732403 0.799984
0.730011 0.797467
0.724770 0.791993
0.524868 0.744181
0.971210 0.865086
0.975663 0.860505
0.930251 0.854653
0.923991 0.852586
0.917705 0.851203
0.837945 0.829242
0.836606 0.827131
0.768181 0.810486
0.774299 0.808674
0.767142 0.810285
0.760862 0.808771
0.754586 0.807125
0.748315 0.805337
0.744177 0.804034
0.742224 0.802820
0.736727 0.798291
0.968327 0.865189
0.967881 0.865178
0.931655 0.855332
0.930438 0.854225
0.924682 0.850643
0.914685 0.850771
0.918223 0.849634
0.911402 0.850298
0.842400 0.831361
0.842346 0.831335
0.837742 0.823758
1.342326 0.966640
1.689345 1.060881
1.689197 1.060816
1.689391 1.060692
1.343204 0.967763
1.345798 0.962448
1.695581 1.063562
1.694474 1.063095
1.695854 1.062414
1.701821 1.066139
1.700653 1.065654
1.702066 1.065095
0.660415 0.706189
0.656930 0.704526
0.654845 0.701305
0.524077 0.668794
0.522399 0.668667
0.522953 0.666364
0.661100 0.706528
0.660603 0.705632
1.181119 0.847550
1.022437 0.804571
1.333621 0.889146
1.220377 0.852254
1.206826 0.855035
1.213758 0.851828
1.206190 0.854954
1.187346 0.850460
1.183066 0.848645
1.181253 0.847545
1.175750 0.843035
1.021544 0.805225
1.337901 0.891600
1.336030 0.890662
1.200642 0.854272
1.207481 0.850921
1.199881 0.854204
1.188634 0.851045
1.187490 0.850139
1.182055 0.845384
1.852355 1.030675
1.846080 1.029010
1.339571 0.892526
2.013241 1.074554
2.016296 1.072088
1.820933 1.023546
1.814666 1.021687
1.808386 1.020128
2.199879 1.125619
2.198098 1.122303
2.015419 1.076187
2.015000 1.075885
2.015571 1.075468
1.823894 1.024510
1.820916 1.024021
1.821266 1.022473
1.815989 1.017141
1.806279 1.019776
1.809549 1.016058
2.298735 1.153069
2.203590 1.128213
2.201973 1.127045
2.198799 1.120473
2.017245 1.077387
2.298288 1.153832
2.297682 1.154049
2.204046 1.128503
2.203695 1.127969
2.296847 1.154364
2.297992 1.153379
2.086317 0.904700
2.075631 0.902503
2.073842 0.901344
2.407210 0.991890
2.087042 0.905777
2.076916 0.903055
2.076254 0.900402
2.405985 0.992419
2.404606 0.992948
2.444512 0.907566
2.444608 0.907622
2.451876 0.905292
2.458653 0.905895
2.450733 0.910678
2.447823 0.909379
2.451292 0.908185
2.878878 0.869936
2.817986 0.852803
2.816977 0.849342
2.634957 0.803567
2.634463 0.802461
2.878934 0.870057
2.878869 0.870161
2.818135 0.853707
2.817085 0.849685
2.635077 0.804508
2.634440 0.803324
2.878562 0.870855
2.878970 0.870457
2.818862 0.854815
2.817070 0.850521
2.616241 0.695813
2.615866 0.695798
2.617292 0.690503
2.628805 0.700056
2.628380 0.700050
2.628549 0.699342
2.623545 0.693006
2.612687 0.695723
2.616649 0.693594
3.262010 0.872033
2.947703 0.786695
2.948767 0.785275
3.275790 0.870967
3.268264 0.874234
3.263235 0.872441
3.268501 0.872997
3.257358 0.870860
3.255760 0.870324
3.249570 0.868325
3.244130 0.863586
2.947088 0.787417
2.948939 0.785401
3.269784 0.875065
3.275262 0.873632
3.257300 0.871708
3.255696 0.871380
3.255729 0.871170
3.249628 0.868848
3.244166 0.864190
3.281523 0.876142
3.274480 0.877485
3.273545 0.876983
3.274567 0.876951
3.250845 0.870885
3.249502 0.870093
3.244422 0.864039
3.127476 0.713173
3.129999 0.712077
3.355641 0.775413
3.355378 0.775476
3.355425 0.775191
3.350255 0.769457
3.127230 0.713975
3.404373 0.789381
3.405800 0.788752
3.354279 0.775911
3.349879 0.771572
3.670610 0.855624
3.645494 0.848946
3.413322 0.786649
3.404683 0.790368
3.405685 0.789948
3.353173 0.776532
3.645414 0.850008
3.173962 0.651380
3.173354 0.651284
3.167051 0.650379
3.461926 0.729929
3.461535 0.729605
3.412843 0.712172
3.406151 0.712012
3.399906 0.710218
3.394279 0.706160
3.291295 0.683808
3.287445 0.678112
3.166836 0.650352
3.167198 0.649867
3.618751 0.772882
3.618264 0.772622
3.462519 0.730734
3.462200 0.729478
3.419452 0.713383
3.412814 0.713028
3.406544 0.711326
3.290165 0.684418
3.624973 0.775940
3.623718 0.774966
3.611180 0.634623
3.502220 0.605797
3.499729 0.604636
3.503511 0.600657
3.609255 0.634972
3.608859 0.635066
3.504291 0.606766
3.509998 0.602341
