2.155893 0.990049
2.151332 0.997817
2.148184 0.998861
2.148707 0.996327
2.141901 0.999463
2.143220 0.993833
2.135621 0.999451
2.129387 1.000029
2.129338 1.000035
2.129343 1.000012
2.123056 1.000448
2.123521 0.998197
2.116777 1.000151
2.117511 0.996755
2.110499 0.999855
2.111480 0.995360
2.104219 0.999999
2.817141 0.758408
2.810857 0.759019
2.843376 0.762490
2.837123 0.761506
2.830570 0.761117
2.824030 0.760705
2.817451 0.760369
2.806110 0.759371
2.810959 0.759862
2.804574 0.759383
2.798293 0.759682
2.855681 0.770267
2.849445 0.769249
2.843818 0.767034
2.837590 0.766010
2.830965 0.765767
2.824509 0.765194
2.818067 0.764593
2.811706 0.763838
2.805320 0.763132
2.792827 0.762920
2.798701 0.762880
2.791988 0.763725
3.123241 0.755363
3.160848 0.767222
3.154582 0.765041
3.148312 0.763276
3.142046 0.761053
3.135779 0.759011
3.129510 0.757233
3.129343 0.757190
3.129556 0.757127
3.218892 0.772675
3.198463 0.777674
3.167101 0.771633
3.161097 0.767397
3.161028 0.767005
3.205579 0.777724
3.195934 0.778082
3.198622 0.778134
3.192178 0.778555
3.185900 0.778221
3.179623 0.777703
3.173349 0.776718
3.170945 0.774369
3.199757 0.781346
3.193178 0.781018
3.186687 0.780515
3.345700 0.735221
3.339419 0.735391
3.333135 0.736091
3.326847 0.737506
3.371497 0.742823
3.365541 0.741251
3.359648 0.739561
3.326360 0.737642
3.327040 0.737334
3.320559 0.738801
3.384575 0.749064
3.377099 0.750509
3.371399 0.748432
3.365940 0.745893
3.384915 0.753824
3.377757 0.754628
3.371529 0.753606
3.378225 0.759157
3.371768 0.758591
3.370629 0.766341
3.370649 0.766222
0.412462 0.762230
0.406189 0.761212
0.399916 0.760125
0.393643 0.759045
0.387368 0.758055
0.381094 0.757052
0.374816 0.756858
0.425606 0.763438
0.419777 0.761611
0.374050 0.757019
0.368524 0.758929
1.044782 1.080449
1.041171 1.081884
1.038485 1.083289
1.039690 1.079125
1.033908 1.086294
1.032171 1.088791
1.033131 1.084186
1.030064 1.091233
1.027155 1.096327
1.144964 1.128667
1.138685 1.128600
1.132406 1.128405
1.069670 1.118184
1.063398 1.117048
1.131678 1.128363
1.126130 1.127881
1.126999 1.125822
1.119856 1.126970
1.121105 1.124141
1.113581 1.125966
1.115049 1.122786
1.107306 1.125161
1.101033 1.124176
1.094759 1.123199
1.088484 1.122430
1.082211 1.121152
1.075937 1.120304
1.074372 1.119857
0.731200 0.746708
0.724926 0.745685
0.718653 0.744555
0.712379 0.743659
0.706093 0.744715
0.705641 0.745045
0.706244 0.744810
0.701971 0.750024
1.269621 1.015964
1.263347 1.014918
1.257072 1.014108
1.250799 1.013024
1.244527 1.011753
1.238255 1.010548
1.231983 1.009037
1.225704 1.008965
1.276827 1.015163
1.270236 1.014850
1.264701 1.012444
1.258085 1.012184
1.251766 1.011336
1.246220 1.008974
1.223037 1.009113
1.227012 1.006945
1.219421 1.009478
1.213137 1.010178
1.206849 1.011465
1.432388 1.099156
1.426114 1.098228
1.419837 1.097673
1.413563 1.096859
1.407288 1.095792
1.401014 1.094887
1.394741 1.093893
1.388465 1.093243
1.382189 1.092627
1.375918 1.091289
1.369642 1.090419
1.363370 1.089328
1.357092 1.088981
1.284044 0.789611
1.277782 0.786478
1.271506 0.785996
1.290291 0.794914
1.285164 0.790529
1.284479 0.789489
1.265292 0.787563
1.265216 0.787579
1.258926 0.789312
1.252640 0.790444
1.291603 0.796983
1.290691 0.795973
1.296497 0.806960
1.294761 0.802953
1.291299 0.800228
1.297097 0.808812
1.296662 0.808379
1.297944 0.814463
1.717739 0.999872
1.711211 0.999437
1.704751 0.998868
1.697196 1.005038
1.698453 0.997980
1.690919 1.004549
1.716916 1.006920
1.710118 1.007017
1.701424 1.006525
1.703576 1.006610
1.690900 1.007637
1.688546 1.004610
1.685014 1.003305
1.679461 1.000972
1.717080 1.012030
1.710211 1.012266
1.697469 1.011444
1.703741 1.011720
1.697156 1.011614
1.696389 1.011284
1.691094 1.010057
1.685331 1.008141
1.710829 1.016510
1.704311 1.016061
1.697706 1.015783
1.797438 1.043669
1.798546 1.040667
1.791149 1.045178
1.785728 1.046585
1.784858 1.046830
1.785260 1.045666
1.778566 1.048799
1.772283 1.049445
1.766683 1.049260
1.766004 1.049262
1.766133 1.048910
1.759718 1.050262
1.999941 1.002197
1.993670 1.000647
1.987396 0.999822
2.014023 1.001173
2.000655 1.002439
2.006589 1.002529
1.999912 1.006802
1.984260 0.999992
1.981106 1.001413
1.974820 1.002294
1.968543 1.001920
1.962262 1.002120
2.007006 1.007132
1.999769 1.007802
1.999922 1.007790
1.961819 1.002191
1.996142 1.012772
2.000637 1.011833
2.062575 1.029068
2.063884 1.025594
2.056293 1.029441
2.050012 1.029577
2.043732 1.029619
2.006080 1.025089
1.999826 1.020901
1.996826 1.018396
2.000404 1.017740
2.038021 1.030001
2.037449 1.030050
2.037695 1.029438
2.031167 1.030340
2.024890 1.030010
2.018615 1.029309
2.012341 1.028141
2.006461 1.025341
2.351906 0.960629
2.348980 0.962203
2.350672 0.956865
2.343089 0.964794
2.342683 0.965005
2.342942 0.964227
2.336381 0.968658
2.335312 0.969144
2.330086 0.971273
2.323805 0.971212
2.659134 0.782327
2.658673 0.782687
2.653061 0.787355
2.652823 0.787501
2.653079 0.786822
2.646537 0.788613
2.871108 0.770976
2.868973 0.772114
2.869667 0.769296
2.862698 0.771432
2.864013 0.767134
2.856418 0.771334
2.850136 0.771598
2.843882 0.767401
2.837610 0.766137
2.831319 0.768133
2.825037 0.768252
2.851296 0.771051
3.219780 0.772550
3.226298 0.771369
3.219009 0.772954
3.212707 0.776717
3.220141 0.775633
3.212355 0.776930
3.212757 0.776879
3.206401 0.781004
3.213641 0.780598
3.205282 0.781396
3.206489 0.781380
3.544702 0.759596
3.550904 0.759212
3.544012 0.759699
3.537722 0.761506
3.532440 0.763251
3.531429 0.763574
3.525142 0.764757
3.518854 0.766228
3.517844 0.766615
0.029092 0.760154
0.022304 0.760233
0.015109 0.761836
0.014214 0.760975
0.015251 0.760837
0.041303 0.768118
0.034943 0.767346
0.027607 0.771923
0.028374 0.766991
0.021352 0.767864
0.020852 0.767453
0.021435 0.767367
0.044632 0.776506
0.040133 0.777462
0.040439 0.775243
0.033866 0.775437
0.032755 0.774724
0.033978 0.774675
0.227885 0.737802
0.220409 0.741255
0.214125 0.741928
0.207844 0.741972
0.201566 0.741730
0.198282 0.741412
0.195289 0.741200
0.195514 0.740535
0.189013 0.740700
0.189637 0.738841
0.182736 0.740029
0.556183 0.746010
0.549902 0.746219
0.575857 0.749078
0.569445 0.748410
0.562993 0.747821
0.556584 0.747148
0.545929 0.746431
0.550073 0.746677
0.543620 0.746680
0.537335 0.747607
0.531051 0.748105
0.524768 0.748653
0.551274 0.749758
0.544679 0.749460
0.537949 0.749421
0.531359 0.749114
0.523339 0.748599
0.524796 0.748752
1.144674 1.042874
1.138395 1.042842
1.132118 1.042236
1.125843 1.041491
1.119568 1.040666
1.113294 1.039735
1.108283 1.039198
1.107018 1.039084
1.100729 1.040573
1.095002 1.042759
1.094434 1.042991
1.257364 1.099634
1.264878 1.098396
1.256711 1.099820
1.257546 1.099554
1.251077 1.100898
1.244792 1.101545
1.238894 1.102649
1.238505 1.102714
1.232223 1.103222
1.225939 1.103876
1.219657 1.104241
1.214612 1.104579
1.213374 1.104624
0.996645 0.773990
0.989358 0.776029
0.985696 0.779982
0.990507 0.778206
0.983045 0.781207
0.976761 0.781959
0.970491 0.780480
0.964225 0.778146
0.957948 0.777640
1.352474 0.958282
1.352933 0.954770
1.350286 0.960798
1.346149 0.965568
1.347179 0.958215
1.346062 0.965659
1.341313 0.970462
1.339831 0.971868
1.340408 0.969139
1.336536 0.975282
1.585548 1.069833
1.577849 1.072668
1.571570 1.072586
1.565288 1.072911
1.559007 1.073180
1.552725 1.073400
1.552316 1.073382
1.546447 1.073131
1.547562 1.070340
1.540170 1.072690
1.533893 1.072259
1.527618 1.071415
1.521345 1.070279
1.766835 0.983977
1.760568 0.981861
1.754288 0.981915
1.769770 0.985823
1.766820 0.986430
1.766981 0.985076
1.760531 0.987913
1.760848 0.983861
1.748524 0.982654
1.754589 0.982897
1.748001 0.982958
1.741712 0.984542
1.735434 0.984184
1.729156 0.983949
1.758061 0.989577
1.754214 0.993940
1.754732 0.988057
1.748654 0.986751
1.742376 0.985833
1.823212 1.007195
1.816925 1.008364
1.753856 0.994473
1.815748 1.009172
1.810622 1.012036
1.808987 1.013661
1.804309 1.017311
1.803338 1.018338
2.164014 0.981914
2.156204 0.988774
2.152350 0.988861
2.149920 0.989391
2.150125 0.988103
2.143627 0.991603
2.144440 0.986002
2.138504 0.984406
2.132483 0.982981
2.138731 0.992325
2.137342 0.992384
2.137432 0.991947
2.131065 0.992005
2.131358 0.990625
2.124788 0.991476
2.125198 0.989476
2.118510 0.991169
2.119077 0.988254
2.112230 0.991108
2.392200 0.844558
2.389391 0.849625
2.386936 0.854103
2.386613 0.854717
2.387439 0.853774
2.386887 0.862126
2.386253 0.860184
2.387439 0.859230
2.902090 0.731469
2.895391 0.738189
2.902434 0.736210
2.894718 0.740265
2.893653 0.743429
2.894984 0.743023
2.892673 0.748800
2.895289 0.747881
3.425489 0.742817
3.399411 0.741327
3.406771 0.739793
3.399257 0.741370
3.392966 0.743263
3.437708 0.750764
3.388058 0.745142
3.393850 0.744107
3.386656 0.748141
3.450407 0.757757
3.468819 0.766811
0.453630 0.756187
0.453534 0.756298
0.448197 0.760857
0.447221 0.761687
0.441019 0.765300
0.440918 0.765360
0.434630 0.766820
0.426225 0.763122
1.067073 1.064837
1.060789 1.065429
1.057795 1.066164
1.054497 1.067365
1.048205 1.069300
1.046205 1.069934
1.041910 1.071966
1.037113 1.074107
1.035609 1.075317
1.173487 1.120818
1.169451 1.121298
1.167204 1.121474
1.160922 1.121689
1.154645 1.121154
1.148368 1.120741
1.142089 1.120559
1.135812 1.120161
1.129538 1.119342
1.123261 1.118744
1.116985 1.118171
0.772262 0.742244
0.771925 0.742236
0.765981 0.742479
0.767394 0.738568
0.759701 0.742450
0.753423 0.742049
0.747149 0.741237
0.740874 0.740356
0.734598 0.739603
0.728324 0.738752
1.304415 1.009516
1.305230 1.006955
1.298131 1.010183
1.291845 1.011074
1.273018 1.009205
1.266742 1.008406
1.285792 1.011262
1.285565 1.011260
1.285636 1.011087
1.279291 1.010326
1.278228 1.010138
1.279414 1.010054
1.265714 1.008283
1.267077 1.007784
1.260467 1.007648
1.254191 1.007144
1.247917 1.006147
1.486853 1.094433
1.479720 1.096328
1.480629 1.093390
1.473444 1.095726
1.474624 1.091917
1.467168 1.094993
1.468756 1.090173
1.460893 1.094242
1.454617 1.093580
1.448343 1.092676
1.442068 1.091825
1.435792 1.091083
1.429519 1.090108
1.423244 1.089239
1.416971 1.088137
1.410699 1.086862
1.404424 1.086060
1.398151 1.085053
1.241244 0.803792
1.236830 0.805117
1.234952 0.805781
1.228668 0.806478
1.222382 0.807339
1.218219 0.807858
1.216098 0.808177
1.209819 0.808100
1.307634 0.837673
1.305516 0.842844
1.303784 0.846090
1.302849 0.847954
1.300761 0.853167
1.754608 1.062774
1.748332 1.062156
1.742061 1.060783
1.735793 1.058897
1.729523 1.057068
1.723257 1.054935
1.716981 1.054347
1.710695 1.055253
1.704415 1.055168
1.698138 1.054775
1.693384 1.054654
1.691860 1.054587
1.927803 0.996899
1.932445 0.996937
1.925858 0.997467
1.919571 0.998633
1.913284 0.999700
1.958222 1.004765
1.952130 1.003458
1.945901 1.002430
1.939597 1.001550
1.933093 1.001067
1.926569 1.000623
1.920088 1.000095
1.911645 0.999966
1.913406 0.999964
1.906997 1.000953
1.900711 1.002066
1.960003 1.012698
1.957142 1.016151
1.927475 1.004281
1.921096 1.003561
1.914579 1.003110
1.908007 1.002764
1.896066 1.003169
1.901297 1.002688
1.894418 1.003955
1.954840 1.017405
1.958663 1.014732
1.950838 1.020220
1.952550 1.013482
1.945107 1.021454
1.944549 1.021743
1.938258 1.023559
1.931973 1.024378
1.931959 1.026713
1.927743 1.024414
2.021070 1.043792
2.019771 1.043973
2.020098 1.042951
2.013490 1.044194
2.015068 1.039550
2.007209 1.044243
2.000931 1.044050
1.994655 1.043423
1.988382 1.042420
1.982107 1.041432
1.975835 1.040149
1.969566 1.038413
1.971076 1.033188
1.963296 1.036929
1.964468 1.032914
1.957021 1.035946
1.950751 1.034340
1.944482 1.032622
1.944616 1.032148
2.235549 0.956173
2.229289 0.952956
2.223017 0.951575
2.216743 0.950609
2.210468 0.949744
2.204193 0.949006
2.197916 0.948645
2.191637 0.948337
2.185358 0.948275
2.179079 0.948152
2.241787 0.962872
2.238140 0.958055
2.236374 0.956017
2.242585 0.964211
2.242149 0.963364
2.242566 0.969711
2.241737 0.971042
2.242218 0.968666
2.235440 0.973857
2.310706 0.989158
2.234296 0.974006
2.229156 0.974663
2.306160 0.990193
2.304416 0.990566
2.298132 0.991352
2.291844 0.992648
2.289733 0.993235
2.285554 0.994383
2.279264 0.995946
2.275274 0.996618
2.272978 0.996916
2.386593 0.858308
2.385216 0.861089
2.386531 0.855552
2.384283 0.863462
2.385162 0.870030
2.384757 0.869045
2.385542 0.868376
2.386751 0.874864
2.540544 0.760795
2.534740 0.758921
2.528589 0.757740
2.516328 0.759375
2.521726 0.757965
2.514401 0.760431
2.552822 0.768624
2.508425 0.763697
2.508100 0.763892
2.558894 0.775378
2.503356 0.768470
2.570763 0.785975
2.569474 0.783799
2.564959 0.782149
2.559704 0.779208
2.572972 0.789809
2.570957 0.789052
2.565325 0.786857
2.573446 0.795380
2.571042 0.794320
2.565513 0.791941
2.620837 0.812977
2.576943 0.802368
2.576405 0.801330
2.619857 0.813294
2.614550 0.814287
2.608262 0.815360
2.601983 0.815367
2.595711 0.814072
2.589443 0.812204
2.583180 0.809287
2.580403 0.807444
3.111851 0.767953
3.105577 0.767088
3.099300 0.766613
3.093021 0.766367
3.086742 0.766280
3.080466 0.765623
3.074195 0.764326
3.067919 0.763636
3.087324 0.765964
3.080760 0.765602
3.074707 0.764248
3.543902 0.759717
3.523466 0.764438
3.531172 0.763613
3.520155 0.765020
3.523968 0.764510
3.517180 0.765426
3.510895 0.766391
3.504604 0.768204
3.511853 0.767244
3.504575 0.768213
3.504608 0.768208
-0.000171 0.728422
0.000902 0.722081
-0.004905 0.728924
-0.006455 0.729100
-0.006316 0.728423
-0.012728 0.728076
-0.012527 0.727359
0.063878 0.752672
0.658836 0.735133
0.652562 0.734276
0.646282 0.734267
0.640000 0.734625
0.633719 0.734884
0.678248 0.741360
0.672531 0.739318
0.628797 0.735305
0.627435 0.735514
0.685166 0.746442
0.678695 0.745896
0.672771 0.744279
0.685457 0.751311
0.678846 0.751043
1.217914 1.015564
1.216026 1.015923
1.209738 1.017373
1.203449 1.018770
1.203082 1.018830
1.197162 1.019864
1.190875 1.021112
1.188523 1.022182
1.184580 1.023526
1.385071 1.099578
1.378796 1.098699
1.372528 1.096943
1.366254 1.095878
1.359981 1.094750
1.353706 1.093972
1.347430 1.093305
1.341156 1.092380
1.334878 1.091904
1.328600 1.091771
1.322321 1.091554
1.336462 1.090364
1.329419 1.090935
1.321945 1.091560
1.322402 1.091458
1.316042 1.091543
1.746242 0.986052
1.732005 0.996217
1.733465 0.990056
1.725733 0.994985
1.727427 0.988662
1.719457 0.994391
1.713183 0.993239
1.706911 0.992035
1.700637 0.991098
1.694357 0.991081
1.733727 0.998642
1.739111 0.997655
1.731960 1.003553
1.739793 1.001770
1.731830 1.003869
1.731983 1.003840
1.728108 1.008842
1.809060 1.026383
1.807170 1.027813
1.807841 1.024790
1.804010 1.031113
1.800858 1.033068
1.802117 1.028198
1.795978 1.035421
1.794561 1.035791
1.795205 1.033961
1.788272 1.037339
1.781984 1.038656
1.781463 1.038804
2.119312 1.011913
2.111644 1.016503
2.105361 1.017121
2.099082 1.016880
2.092809 1.015665
2.086538 1.014291
2.080263 1.013556
2.077328 1.014069
2.073978 1.014415
2.074804 1.011970
2.067696 1.014808
2.061413 1.015121
2.366182 0.944554
2.365001 0.944919
2.365246 0.943899
2.358704 0.947735
2.360196 0.940544
2.357165 0.948696
2.352406 0.950645
2.353359 0.946155
2.347921 0.952836
2.346107 0.953940
2.346553 0.951719
2.447595 0.796595
2.446144 0.798006
2.448186 0.797029
2.442748 0.802992
2.441264 0.804774
2.438096 0.807813
2.671795 0.760956
2.669510 0.766106
2.668864 0.766999
2.665066 0.770958
2.662546 0.773182
2.878566 0.754207
2.870724 0.760042
2.868779 0.761518
2.871510 0.760233
2.864412 0.765424
2.863294 0.766197
2.865614 0.764003
2.858112 0.768633
2.853356 0.770253
3.233273 0.768691
3.229360 0.770367
3.226972 0.772186
3.223007 0.774928
3.228323 0.772839
3.220659 0.777628
0.015848 0.711485
0.036299 0.713386
0.010517 0.713024
0.009557 0.713357
0.003266 0.715106
0.048226 0.721913
-0.002970 0.716522
-0.003022 0.716545
-0.002082 0.714685
-0.009311 0.718147
0.059661 0.735437
0.054173 0.728915
0.048231 0.727321
0.072195 0.739601
0.057548 0.736530
0.053702 0.735267
0.048183 0.732848
0.067841 0.743560
0.065888 0.743945
0.066624 0.741827
0.059612 0.743379
0.056779 0.741911
0.054589 0.738971
0.289994 0.728866
0.283730 0.726199
0.277442 0.727746
0.291170 0.729857
0.290182 0.729300
0.284390 0.727418
0.277294 0.727789
0.277461 0.727771
0.271149 0.729699
0.264864 0.730554
0.296207 0.739847
0.294370 0.735832
0.290656 0.733805
0.296999 0.741732
0.296312 0.741385
0.300204 0.747727
0.377671 0.768326
0.371392 0.768277
0.366737 0.768613
0.365107 0.768881
0.365679 0.767248
0.358820 0.770086
0.352534 0.771150
0.350084 0.771649
0.346245 0.772713
1.030565 1.098507
1.028740 1.101213
1.026590 1.103399
1.022928 1.108354
1.097641 1.130181
1.091371 1.128453
1.085100 1.127165
1.078827 1.125953
1.072551 1.125204
1.066281 1.123699
1.060002 1.123616
1.053723 1.123506
1.034901 1.120563
1.028647 1.116375
1.024550 1.114106
1.030269 1.111572
1.098600 1.128598
1.048577 1.123177
1.047445 1.123070
1.047656 1.122597
1.041170 1.122314
1.038250 1.121649
1.041611 1.121223
0.666782 0.737091
0.660519 0.734355
0.654252 0.732287
0.647974 0.731865
0.641694 0.732012
0.704407 0.745884
0.698130 0.745531
0.691847 0.745999
0.667699 0.737489
0.666865 0.737186
0.661551 0.734389
0.698742 0.746290
0.690071 0.746319
0.691973 0.746328
0.672996 0.747898
0.671063 0.743501
0.667313 0.741765
0.699410 0.750427
0.686141 0.751247
0.692345 0.751041
0.685533 0.751665
0.673924 0.749449
1.236560 1.013290
1.230289 1.011754
1.224009 1.011913
1.256734 1.014859
1.220164 1.012280
1.217723 1.012684
1.211437 1.013730
1.205151 1.014845
1.203057 1.015244
1.198863 1.016191
1.411862 1.100576
1.405588 1.099509
1.399314 1.098568
1.393040 1.097649
1.386765 1.096877
1.380490 1.096037
1.374220 1.094469
1.367946 1.093544
1.361673 1.092366
1.355397 1.091751
1.349120 1.091326
1.342845 1.090471
1.337480 1.090294
1.336567 1.090245
1.011623 0.764539
1.010592 0.765501
1.007082 0.770475
1.005282 0.774553
1.004799 0.775652
1.005591 0.775106
1.294956 0.892610
1.318412 0.915513
1.312150 0.912736
1.301116 0.904604
1.318603 0.915485
1.313292 0.912636
1.332620 0.919872
1.356656 0.931147
1.350671 0.929631
1.344691 0.928113
1.338825 0.926374
1.355956 0.937950
1.355954 0.937951
1.355954 0.937950
1.349657 0.940714
1.350070 0.936239
1.344309 0.934291
1.347721 0.942212
1.344014 0.940308
1.343583 0.947109
1.343335 0.947732
1.343397 0.946958
1.341305 0.952299
1.625182 1.069773
1.618907 1.069065
1.612631 1.068227
1.606359 1.066894
1.600086 1.065867
1.593810 1.065252
1.587531 1.065011
1.581253 1.064675
1.578662 1.064618
1.574975 1.064517
1.576675 1.060767
1.568695 1.064498
1.562413 1.064775
1.870513 1.009452
1.868331 1.009812
1.870907 1.009350
1.864226 1.010526
1.857943 1.011049
1.851666 1.010614
1.845391 1.009761
1.839116 1.008813
1.832846 1.007253
1.826577 1.005538
1.820307 1.003946
1.814036 1.002396
1.853083 1.010032
1.846635 1.009447
1.840267 1.008707
1.946800 1.035685
1.958180 1.050445
1.951915 1.047926
1.945655 1.044675
1.943442 1.043016
1.940831 1.039550
1.964447 1.052454
1.959066 1.050844
2.186502 0.965073
2.180225 0.964516
2.173948 0.964203
2.168042 0.963899
2.167670 0.963887
2.167693 0.963798
2.161390 0.963735
2.161858 0.961998
2.155110 0.963758
2.156152 0.959955
2.148832 0.963624
2.150414 0.957986
2.142552 0.963588
2.136270 0.963779
2.220884 0.982789
2.224344 0.982723
2.217794 0.982523
2.211519 0.981733
2.205233 0.982719
2.201259 0.985346
2.269573 0.997535
2.262593 0.997993
2.255368 0.999865
2.249089 0.999510
2.242819 0.997989
2.236540 0.997897
2.230247 0.999996
2.205149 0.996574
2.201011 0.990821
2.228474 1.000402
2.230800 0.999572
2.223961 1.000871
2.217687 0.999941
2.211420 0.997914
2.210527 0.997746
2.205642 0.995990
2.380013 0.888948
2.381656 0.881439
2.379805 0.890094
2.379944 0.900240
2.379407 0.895525
2.417554 0.911438
2.411298 0.907569
2.412502 0.903427
2.405029 0.905912
2.405564 0.903800
2.398752 0.905182
2.399243 0.902957
2.392468 0.905988
2.393451 0.901078
2.386197 0.904568
2.380226 0.901152
2.387278 0.899952
2.417934 0.912267
2.417788 0.917743
2.417513 0.918117
2.413190 0.922574
2.411188 0.925560
2.485421 0.768457
2.473214 0.774745
2.478773 0.773670
2.471590 0.776403
2.468402 0.779523
2.472178 0.778799
2.465264 0.783946
2.464922 0.784524
2.465356 0.784388
2.677383 0.746266
2.675182 0.752357
2.677445 0.751559
2.673812 0.757651
2.678197 0.755520
2.670682 0.762704
2.670567 0.762869
2.937505 0.717331
2.931033 0.716781
2.924006 0.717334
2.937386 0.722975
2.930707 0.722839
2.919288 0.723558
2.923798 0.723156
2.937375 0.728425
2.930746 0.728190
2.917548 0.728793
2.923947 0.728288
2.916979 0.729611
2.981344 0.740312
2.931186 0.732781
2.924487 0.732684
2.914590 0.733868
2.917360 0.733418
3.290354 0.747213
3.284848 0.747745
3.291445 0.746400
3.284071 0.747771
3.277795 0.747246
3.271517 0.746946
3.265229 0.748056
3.261730 0.749836
3.622854 0.728708
3.617224 0.735904
3.615527 0.741142
3.615312 0.741500
3.611864 0.746110
0.029377 0.756798
0.041901 0.762576
0.042033 0.761259
0.035632 0.760965
0.034555 0.760402
0.035678 0.760478
0.250551 0.731011
0.256327 0.729520
0.248943 0.731581
0.242656 0.732651
0.236372 0.733358
0.231482 0.733666
0.237811 0.731572
0.230089 0.733898
0.223808 0.734160
0.319144 0.755018
0.324993 0.762214
0.319502 0.759726
0.337097 0.770390
0.331359 0.768384
0.325675 0.766288
1.044050 1.129647
1.025241 1.124496
1.020006 1.120621
1.043412 1.129617
1.044241 1.129332
1.037773 1.129062
1.031499 1.128101
1.029935 1.127596
0.603190 0.748405
0.589226 0.751522
0.582947 0.751412
0.576672 0.750668
0.570393 0.750501
0.564115 0.750235
0.557837 0.749970
0.583965 0.751815
0.577320 0.751613
0.570771 0.751222
0.564319 0.750642
0.556977 0.749997
0.557873 0.750051
0.551554 0.750397
1.165213 1.039320
1.158932 1.039610
1.152648 1.040174
1.146370 1.039872
1.140091 1.039757
1.133815 1.039083
1.127540 1.038373
1.121266 1.037314
1.114991 1.036518
1.134732 1.037607
1.127780 1.038002
1.121958 1.036195
1.113520 1.036405
1.115202 1.036209
1.108714 1.036150
1.277899 1.096869
1.271615 1.097443
1.278989 1.097183
1.268047 1.097898
1.272049 1.097560
1.265331 1.098153
1.259049 1.098428
1.252764 1.099294
1.246481 1.099912
1.254301 1.098101
1.245477 1.100046
1.246731 1.099700
1.240197 1.100599
1.233914 1.100918
1.003618 0.772255
1.001387 0.773227
1.004344 0.772109
0.997313 0.776242
0.994612 0.777715
0.997606 0.777518
0.991015 0.779240
0.984723 0.781397
1.354206 0.949458
1.354791 0.945668
1.349335 0.943111
1.349500 0.951576
1.347901 0.953537
1.348190 0.950795
1.345645 0.956503
1.342689 0.953790
1.343038 0.961633
1.341559 0.963692
1.341961 0.960663
1.598380 1.070390
1.592106 1.069570
1.585828 1.069180
1.584725 1.069115
1.579551 1.068803
1.580551 1.066377
1.573272 1.068614
1.566991 1.068706
1.560710 1.068927
1.554429 1.069158
1.548151 1.068879
1.544362 1.068641
1.541873 1.068499
1.856264 1.011305
1.849989 1.010317
1.843715 1.009398
1.837441 1.008577
1.831171 1.006949
1.824902 1.005205
1.818627 1.004265
1.863178 1.011291
1.856397 1.011359
1.850116 1.010428
1.843828 1.009515
1.837516 1.008652
1.831501 1.007205
1.825554 1.005628
1.812765 1.005129
1.819431 1.004403
1.812342 1.005191
1.806685 1.009749
1.806032 1.010142
1.806397 1.008949
2.179720 0.966708
2.172223 0.971708
2.173711 0.965242
2.165944 0.971639
2.159665 0.971605
2.158793 0.971618
2.153385 0.971663
2.153699 0.970203
2.147105 0.971490
2.147700 0.968731
2.140825 0.971478
2.141767 0.967135
2.134544 0.971778
2.135938 0.965346
2.128261 0.972327
2.217584 0.982747
2.210876 0.982666
2.203527 0.987314
2.127115 0.972442
2.201840 0.989038
2.242215 0.998257
2.235905 0.997387
2.226327 0.998196
2.228897 0.997901
2.222288 1.000276
2.216002 1.001179
2.209729 0.999966
2.203463 0.997830
2.200143 0.994276
2.223204 1.001235
2.216713 1.000729
2.211381 0.997955
2.379915 0.890303
2.379739 0.896070
2.381387 0.904923
2.417369 0.912565
2.409561 0.917290
2.409901 0.913991
2.403292 0.915425
2.403566 0.913172
2.397635 0.911555
2.391860 0.909637
2.379360 0.910115
2.385303 0.909261
2.411069 0.920343
2.417386 0.917958
2.409514 0.924954
2.398733 0.918500
2.396967 0.922888
2.397178 0.917882
2.391395 0.915986
2.379788 0.915687
2.384776 0.915732
2.409215 0.925562
2.409653 0.925325
2.396488 0.923673
2.390673 0.925170
2.390983 0.922238
2.384413 0.922008
2.384194 0.921857
2.384423 0.921871
2.407099 0.930758
2.405849 0.936098
2.916757 0.723735
2.909565 0.724617
2.916917 0.728841
2.905667 0.730623
2.909680 0.729801
2.903860 0.735852
2.910035 0.734542
2.902685 0.738858
2.901820 0.741067
2.902883 0.740780
3.310888 0.744517
3.304605 0.745034
3.298321 0.745677
3.305924 0.744478
3.295842 0.745786
3.298589 0.745623
3.292041 0.745844
3.285760 0.746014
3.279480 0.746003
3.630665 0.721189
3.624021 0.727817
3.623347 0.728704
3.620553 0.732795
3.618578 0.738018
3.616996 0.740454
0.001563 0.719384
-0.001930 0.720265
-0.004730 0.721595
-0.011017 0.722651
0.059437 0.737272
0.071336 0.745855
0.064169 0.750830
0.058788 0.745824
0.058254 0.745031
0.398713 0.763234
0.391935 0.764089
0.392427 0.762316
0.385657 0.763516
0.386306 0.761073
0.379379 0.763359
0.380307 0.759595
0.373098 0.763468
0.374639 0.757477
0.366814 0.764269
0.364787 0.764735
0.360520 0.766384
1.036771 1.089017
1.035152 1.090087
1.030458 1.094877
1.030456 1.094880
1.030457 1.094873
1.026878 1.099849
1.030356 1.111234
1.024965 1.105084
1.093065 1.125797
1.086791 1.124845
1.080519 1.123678
1.074244 1.122890
1.067975 1.121047
1.061697 1.120601
1.055421 1.120109
1.049148 1.118937
1.042877 1.117597
1.036611 1.115280
1.030491 1.111424
1.124431 1.131214
1.118156 1.130415
1.111883 1.129298
1.105609 1.128479
1.099335 1.127305
1.096928 1.126778
1.093863 1.124627
1.087452 1.123963
1.081817 1.121783
1.075287 1.121357
0.751727 0.745199
0.745452 0.744452
0.739176 0.743605
0.732901 0.742870
0.726627 0.741947
0.720353 0.741005
0.714071 0.741196
0.712283 0.742463
1.290142 1.015412
1.239950 1.007615
1.233678 1.006333
1.289040 1.015361
1.283864 1.015000
1.277590 1.013896
1.271317 1.012899
1.272311 1.010749
1.265044 1.011824
1.266185 1.009525
1.258770 1.010889
1.252494 1.010070
1.246221 1.008972
1.246214 1.008970
1.240980 1.006031
1.228485 1.006352
1.227398 1.006384
1.221117 1.006463
1.459187 1.098955
1.452911 1.098154
1.446637 1.097195
1.440364 1.096163
1.434090 1.095258
1.427815 1.094364
1.421539 1.093675
1.415265 1.092727
1.408992 1.091589
1.402718 1.090776
1.396443 1.089782
1.390167 1.089166
1.383891 1.088592
1.752596 0.984127
1.746306 0.985783
1.765121 0.989963
1.758835 0.990811
1.752556 0.990658
1.746301 0.986637
1.745941 0.985872
1.747398 0.983769
1.733725 0.989292
1.727449 0.988595
1.753602 0.990271
1.747077 0.989830
1.739986 0.992368
1.734770 0.989704
1.740890 0.988729
1.727245 0.988589
1.721169 0.988640
1.721987 0.986108
1.714893 0.988137
1.708616 0.987616
1.743797 0.996552
1.747037 0.995352
1.815203 1.015384
1.816568 1.010042
1.740390 1.001570
1.739926 1.002195
1.812095 1.017731
1.808898 1.019560
1.810017 1.015069
1.806131 1.022331
1.802581 1.025742
1.803981 1.019108
1.801347 1.027128
1.796273 1.030310
1.794024 1.031573
2.125918 1.010616
2.119636 1.010949
2.118268 1.011071
2.113353 1.011466
2.114280 1.008522
2.107069 1.011945
2.100791 1.011717
2.094517 1.010769
2.088245 1.009578
2.081971 1.008494
2.075688 1.009059
2.360003 0.952736
2.356989 0.953861
2.358105 0.950091
2.350691 0.956804
2.350657 0.956824
2.344392 0.960023
2.342110 0.961063
2.338093 0.962985
2.440575 0.804156
2.433004 0.805142
2.433350 0.805097
2.432204 0.810518
2.433552 0.810121
2.430275 0.815743
2.429229 0.821115
2.650508 0.791888
2.643572 0.798635
2.643118 0.798873
2.643638 0.797543
2.636823 0.801349
2.633382 0.802617
2.630532 0.803333
2.631320 0.800670
2.624250 0.803595
3.138641 0.769061
3.132370 0.767753
3.126098 0.766446
3.119826 0.765147
3.113553 0.764056
3.107275 0.763752
3.100993 0.764121
3.094711 0.764551
3.093993 0.764618
3.094858 0.764437
3.427729 0.741920
3.421463 0.739445
3.415185 0.739309
3.440248 0.748480
3.433988 0.745292
3.432400 0.744561
3.459021 0.759423
3.452764 0.755743
3.446504 0.752383
3.445993 0.752088
3.516922 0.765097
3.503234 0.766105
3.509990 0.765462
3.502938 0.766149
3.496651 0.767371
3.490357 0.769663
3.465276 0.763500
3.459229 0.759564
3.459073 0.759429
3.497602 0.768710
3.490319 0.769675
3.490362 0.769671
3.484070 0.771018
3.477794 0.770218
3.471532 0.767322
3.470728 0.766783
0.031762 0.711810
0.025497 0.709297
0.100732 0.729388
0.094469 0.726730
0.088198 0.725238
0.081913 0.726003
0.035829 0.715127
0.106976 0.735296
0.103342 0.730670
0.101228 0.729281
0.079943 0.727167
0.075598 0.731842
0.108281 0.736893
0.106959 0.738022
0.107106 0.736421
0.101587 0.734000
0.075448 0.732012
0.158775 0.746437
0.133713 0.746193
0.139249 0.745009
0.132025 0.746754
0.125732 0.748923
0.102906 0.741590
0.100651 0.742733
0.100853 0.740879
0.094357 0.744990
0.095232 0.738681
0.133582 0.748309
0.123244 0.750117
0.126012 0.749917
0.119439 0.751132
0.113146 0.753313
0.111154 0.753848
0.113262 0.753905
0.483558 0.739337
0.469766 0.740391
0.476808 0.739341
0.469546 0.740523
0.465395 0.745225
0.471112 0.742698
0.463219 0.748204
0.461950 0.750222
0.464185 0.748501
1.090973 1.052927
1.089338 1.053388
1.090820 1.049755
1.083047 1.055132
1.076761 1.056187
1.076292 1.056219
1.077604 1.054629
1.070476 1.056934
1.064188 1.058325
1.060062 1.059327
1.057897 1.060065
1.208295 1.112271
1.202016 1.112020
1.195736 1.112120
1.193815 1.112226
1.196401 1.111196
1.189454 1.112341
1.183170 1.112983
1.176885 1.113992
1.170901 1.114330
1.170603 1.114343
1.164322 1.114437
1.158047 1.113561
0.862290 0.742081
0.856027 0.739416
0.849761 0.737000
0.881075 0.750868
0.874811 0.748369
0.868553 0.744881
0.866742 0.743882
0.899865 0.759104
0.893605 0.755804
0.887341 0.753386
0.884461 0.752017
0.900933 0.759968
0.900175 0.759198
0.975087 0.781454
0.968813 0.780435
0.962545 0.778490
0.956268 0.778073
0.982434 0.780817
0.975272 0.781637
0.969143 0.780408
0.963572 0.778087
0.954119 0.778875
0.956989 0.777762
0.949975 0.780231
0.943690 0.781104
0.937406 0.781576
0.936095 0.781724
1.348596 0.969653
1.346102 0.965763
1.344419 0.974513
1.344417 0.974514
1.344417 0.974511
1.338113 0.978466
1.337451 0.978978
1.331805 0.982999
1.330758 0.983510
1.563585 1.077065
1.557303 1.077417
1.555593 1.077475
1.551022 1.077597
1.552643 1.073604
1.544744 1.077352
1.538466 1.077031
1.532188 1.076655
1.525913 1.075818
1.519640 1.074770
1.513368 1.073517
1.507095 1.072262
1.500822 1.071130
1.494550 1.069970
1.041918 0.741232
1.062364 0.742460
1.036817 0.742114
1.035631 0.742371
1.029342 0.743985
1.023054 0.745143
1.074653 0.750270
1.021977 0.745416
1.085746 0.762748
1.080727 0.757022
1.086655 0.766041
1.086090 0.765183
1.110759 0.780153
1.086110 0.771454
1.085883 0.771017
1.136512 0.783079
1.130762 0.781099
1.124748 0.779652
1.118384 0.778895
1.109884 0.780496
1.111043 0.780059
1.104468 0.781737
1.098192 0.781272
1.091930 0.778328
1.091063 0.777698
1.144998 0.791246
1.142429 0.790142
1.136846 0.787835
1.154579 0.802783
1.148327 0.798315
1.147023 0.797032
1.142683 0.795060
1.137139 0.792696
1.185924 0.811639
1.179653 0.810285
1.173381 0.808909
1.167110 0.807461
1.160840 0.805837
1.157080 0.804026
1.154934 0.802942
1.149306 0.800742
1.143538 0.798831
1.198932 0.814779
1.193157 0.812844
1.187474 0.810742
1.296526 0.868813
1.295372 0.874125
1.294360 0.879476
1.294116 0.884955
1.686772 1.063568
1.680592 1.063517
1.680492 1.063515
1.674214 1.063265
1.667937 1.062640
1.661664 1.061582
1.655390 1.060752
1.649116 1.059810
1.642840 1.058945
1.636567 1.057894
1.630293 1.057053
1.624019 1.056002
1.617743 1.055488
1.999905 1.002401
1.993280 1.002156
1.986862 1.001502
1.973114 1.007066
1.966844 1.005361
1.960564 1.005344
1.993170 1.007797
1.986444 1.007752
1.975009 1.007710
1.979842 1.007463
1.959852 1.005460
1.954262 1.008928
1.947984 1.008820
1.993312 1.012956
1.986446 1.013186
1.976177 1.013391
1.979670 1.013239
1.973054 1.016896
2.048312 1.033082
2.042030 1.033468
1.993098 1.018825
1.986061 1.019383
1.979308 1.020995
1.979429 1.019156
1.973033 1.020196
1.969868 1.017981
1.973183 1.018177
2.039239 1.033784
2.035747 1.034122
2.029465 1.034409
2.023186 1.034342
2.016907 1.034176
2.010631 1.033438
2.004359 1.032210
2.006021 1.025400
1.998089 1.030711
1.999013 1.025900
1.991821 1.028820
1.992357 1.025721
1.985553 1.026665
1.982756 1.025405
1.985770 1.025405
2.332972 0.977389
2.326681 0.979220
2.323954 0.980137
2.320388 0.981463
2.314104 0.982093
2.308480 0.983349
2.307815 0.983466
2.308185 0.982533
2.301531 0.984191
2.395331 0.835920
2.395003 0.836353
2.392785 0.841034
2.396658 0.838057
2.390984 0.846277
2.389779 0.851625
2.547446 0.765520
2.541184 0.762731
2.534924 0.759412
2.528654 0.757843
2.522372 0.758312
2.516076 0.760937
2.553694 0.770830
2.548080 0.766003
2.547549 0.765701
2.541817 0.763705
2.536475 0.760963
2.515604 0.761193
2.516245 0.760928
2.555020 0.772536
2.553984 0.771753
2.548799 0.768702
2.559906 0.781952
2.558837 0.778613
2.560755 0.784419
2.560042 0.784000
2.642586 0.799626
2.635127 0.804545
2.632551 0.806089
2.628828 0.807484
2.622541 0.808598
2.616721 0.809239
2.616258 0.809285
2.616361 0.808970
2.609972 0.810226
2.879128 0.753963
2.878715 0.754695
2.874799 0.758814
2.879343 0.758102
2.872398 0.760822
2.879456 0.763335
2.866797 0.763150
2.872853 0.763050
2.866103 0.763268
3.262744 0.757156
3.261818 0.757252
3.262141 0.756379
3.255533 0.758046
3.249245 0.759356
3.247248 0.760342
3.242946 0.762556
3.597590 0.762454
3.593705 0.765184
3.598850 0.763238
3.591279 0.767605
3.584990 0.769156
3.578716 0.768056
3.572447 0.766296
3.566180 0.764225
3.559914 0.762114
3.591730 0.769408
3.585025 0.769322
3.578790 0.768319
0.269486 0.727466
0.263200 0.728336
0.270445 0.728297
0.260310 0.728856
0.263558 0.728569
0.256910 0.729907
0.250624 0.730919
0.244343 0.731209
0.301256 0.739516
0.295898 0.736760
0.307474 0.745979
0.301717 0.744022
0.316225 0.753690
0.313559 0.752711
0.307760 0.750841
0.302139 0.748633
0.319525 0.759889
0.319278 0.759639
0.313808 0.757654
0.308169 0.755488
0.357127 0.772569
0.350844 0.773114
0.344562 0.773476
0.338285 0.772952
0.332020 0.770384
0.325764 0.766583
0.324981 0.765990
0.320125 0.763944
0.345204 0.773134
0.338462 0.773121
0.332467 0.771647
1.027453 1.107150
1.027021 1.107751
1.027367 1.106408
1.022207 1.111846
1.070855 1.128343
1.064584 1.126904
1.058304 1.126753
1.052023 1.126926
1.026941 1.120795
1.021794 1.117279
1.049087 1.126847
1.045746 1.126602
1.039470 1.125931
1.033198 1.124695
1.032095 1.124314
1.033924 1.123054
0.624039 0.742107
0.617752 0.743235
0.611468 0.744036
0.606913 0.744725
0.605181 0.745147
0.598891 0.746868
1.187478 1.027900
1.184987 1.028837
1.181185 1.030077
1.174894 1.031870
1.172754 1.032508
1.168603 1.033656
1.162321 1.033900
1.156040 1.034200
1.325228 1.094458
1.318949 1.094252
1.312670 1.094232
1.306389 1.094337
1.300105 1.094927
1.307885 1.093445
1.297437 1.095079
1.300468 1.094757
1.293823 1.095252
1.287540 1.095934
1.281257 1.096443
1.274977 1.096409
1.255522 0.797196
1.251045 0.798141
1.249234 0.798631
1.250424 0.795531
1.242944 0.800229
1.237591 0.801636
1.236653 0.801932
1.237500 0.799851
1.230370 0.802485
1.305604 0.822834
1.305571 0.822773
1.308354 0.828674
1.306311 0.826799
1.308528 0.834196
1.306359 0.832142
1.305966 0.839329
1.305499 0.840041
1.305660 0.838955
1.775158 1.057420
1.773979 1.057551
1.768874 1.058196
1.762591 1.058599
1.756309 1.059054
1.750029 1.059012
1.743753 1.058338
1.737482 1.056993
1.731212 1.055301
1.724945 1.053353
1.718670 1.052412
1.712387 1.052980
1.745046 1.055998
1.738663 1.055286
2.171628 0.974786
2.164211 0.980787
2.165627 0.973302
2.159620 0.971836
2.158308 0.980648
2.157931 0.980649
2.157947 0.980561
2.151650 0.980782
2.151971 0.979036
2.145371 0.980792
2.145923 0.977655
2.139091 0.980840
2.139890 0.976249
2.132810 0.981083
2.133969 0.974632
2.128169 0.972785
2.203094 0.990127
2.126811 0.981474
2.126526 0.981514
2.126548 0.981392
2.120243 0.982159
2.221822 0.998550
2.215081 0.998536
2.208664 0.997876
2.202821 0.996080
2.383845 0.906721
2.384594 0.914512
2.382771 0.916077
2.383429 0.912956
2.409101 0.920992
2.401965 0.921761
2.377974 0.919006
2.376466 0.920196
2.370173 0.922305
2.401519 0.931059
2.401812 0.927477
2.396915 0.923835
2.377497 0.922215
2.368147 0.923051
2.370848 0.922022
2.363879 0.924623
2.402262 0.933623
2.400691 0.933389
2.395202 0.937132
2.396084 0.930903
2.390236 0.929146
2.383924 0.928298
2.377407 0.927848
2.403527 0.939318
2.394182 0.937935
2.389637 0.935769
2.402377 0.944666
2.401426 0.946298
2.393207 0.943319
2.471287 0.775129
2.460572 0.781957
2.464484 0.780654
2.458939 0.787210
2.457269 0.790219
2.455616 0.792233
2.457894 0.791231
3.278599 0.750430
3.283682 0.748400
3.276097 0.750437
3.269816 0.750679
3.263528 0.751979
3.260326 0.753190
3.257236 0.754010
3.250940 0.756715
3.611527 0.744158
3.615145 0.741445
3.608204 0.749148
3.607297 0.750755
3.605215 0.754213
0.191877 0.750537
0.185599 0.750166
0.179322 0.749598
0.173045 0.749094
0.166774 0.747773
0.160508 0.745475
0.154243 0.743006
0.147974 0.741439
0.141697 0.740977
0.469481 0.740489
0.461544 0.747711
0.461084 0.748196
0.461955 0.747441
0.457905 0.753206
0.455209 0.756609
0.453641 0.758079
0.456232 0.756296
1.081341 1.059677
1.077466 1.060007
1.075057 1.060468
1.076518 1.056764
1.068776 1.060649
1.062490 1.061717
1.058334 1.062643
1.056199 1.063337
1.049908 1.065264
1.046215 1.066368
1.043614 1.067638
1.188282 1.115017
1.187760 1.115019
1.181476 1.115722
1.175189 1.116988
1.168969 1.117621
1.168904 1.117625
1.162623 1.117908
1.156348 1.117169
1.150071 1.116647
1.143792 1.116416
1.137514 1.116126
0.827588 0.733507
0.834310 0.734274
0.822583 0.733481
0.828037 0.733331
0.821308 0.733513
0.815023 0.734211
0.808735 0.735639
0.805656 0.736469
0.809658 0.735112
0.802442 0.737760
0.872004 0.750648
0.891052 0.758438
0.885623 0.755823
0.903722 0.765488
0.921501 0.779941
0.915478 0.774356
0.909907 0.772019
0.904217 0.769934
0.934023 0.786074
0.927755 0.784173
0.923284 0.781489
0.921765 0.780681
0.916232 0.778281
0.910495 0.776296
1.340956 0.991774
1.342594 0.983536
1.339081 0.991923
1.334676 0.991827
1.335030 0.990569
1.328389 0.992958
1.322103 0.993944
1.319904 0.994557
1.315814 0.995357
1.309528 0.996489
1.303243 0.997372
1.528777 1.085833
1.523668 1.085417
1.522499 1.085328
1.522592 1.085059
1.516223 1.084696
1.516612 1.083538
1.509948 1.083985
1.510457 1.082365
1.503674 1.083067
1.504164 1.081468
1.497400 1.082053
1.497811 1.080691
1.491127 1.080875
1.491370 1.080087
1.484854 1.079832
1.485008 1.079329
1.478580 1.078913
1.478738 1.078392
1.472303 1.078397
1.472764 1.076880
1.466026 1.077853
1.466799 1.075358
1.459747 1.077808
1.027642 0.747428
1.021354 0.748835
1.021201 0.748883
1.015048 0.753157
1.014509 0.753397
1.090611 0.775012
1.097969 0.782328
1.103008 0.782604
1.096508 0.782256
1.096222 0.782066
1.091683 0.778315
1.148150 0.797590
1.160317 0.805640
1.294194 0.883052
1.294294 0.888560
1.296755 0.898098
1.295640 0.894266
1.302995 0.904536
1.297872 0.900112
1.297179 0.899100
1.315509 0.912065
1.309250 0.908658
1.306437 0.906900
1.328025 0.919189
1.321771 0.915079
1.320995 0.914570
1.331034 0.921576
1.666238 1.066254
1.659964 1.065335
1.653688 1.064521
1.647415 1.063521
1.641140 1.062686
1.634866 1.061809
1.628590 1.061147
1.622316 1.060105
1.616041 1.059395
1.609768 1.058307
1.603492 1.057664
1.597215 1.057148
1.905321 1.000602
1.899036 1.001495
1.906246 1.000776
1.898539 1.001614
1.899120 1.001520
1.892741 1.003960
1.886896 1.005382
1.893954 1.003846
1.886451 1.005576
1.880161 1.007306
1.873874 1.008389
1.955416 1.024100
1.956706 1.018594
1.950176 1.025810
1.949120 1.026818
1.949672 1.024575
1.942824 1.029413
1.940847 1.029913
1.936518 1.033692
1.937313 1.027771
1.931681 1.025593
2.005500 1.049551
1.999223 1.049101
1.992946 1.048407
1.986672 1.047582
1.980398 1.046665
1.974125 1.045462
1.967855 1.043858
1.961585 1.042348
1.955312 1.041096
1.949043 1.039381
1.942776 1.037294
1.936510 1.035166
1.934575 1.034498
1.937224 1.033396
2.215040 0.954852
2.208760 0.954784
2.202482 0.954444
2.196205 0.953901
2.189929 0.953337
2.183651 0.953035
2.178483 0.952769
2.177374 0.952726
2.177577 0.952209
2.171094 0.952478
2.172202 0.949534
2.164817 0.952207
2.244110 0.968062
2.243862 0.973505
2.240026 0.976531
2.233741 0.977480
2.233694 0.977485
2.227456 0.978156
2.221165 0.980004
2.296435 0.994550
2.290150 0.995313
2.218663 0.980785
2.286064 0.996288
2.283861 0.996691
2.277580 0.996975
2.271298 0.997409
2.265020 0.997064
2.258741 0.996838
2.272530 0.997161
2.265870 0.996986
2.253093 0.996906
2.259205 0.996826
2.252461 0.996912
2.383138 0.876005
2.381738 0.881084
2.382872 0.873616
2.381688 0.881271
2.381868 0.881020
2.381027 0.886670
2.382948 0.884335
2.413012 0.901543
2.406748 0.899086
2.400475 0.897990
2.394196 0.897818
2.387919 0.897245
2.381661 0.893626
2.380840 0.892155
2.382961 0.889764
2.419268 0.905590
2.415311 0.902777
2.421316 0.909175
2.421361 0.914697
2.419194 0.917781
2.488972 0.768003
2.492736 0.767329
2.485861 0.770922
2.493442 0.771364
2.484143 0.772769
2.486179 0.772375
2.479541 0.777535
2.487013 0.776191
2.479487 0.777589
2.479552 0.777575
2.593688 0.813740
2.719479 0.737670
2.712568 0.737995
2.703439 0.738382
2.705658 0.738312
2.719356 0.743334
2.712511 0.743524
2.703730 0.743913
2.705605 0.743836
2.699141 0.746756
2.719497 0.748499
2.712928 0.748148
2.706283 0.747945
2.697327 0.748469
2.699314 0.748373
2.692835 0.750975
2.719289 0.754357
3.034882 0.757024
3.028614 0.755138
3.022344 0.753607
3.085057 0.767584
3.078781 0.766962
3.072502 0.766606
3.066222 0.766674
3.053670 0.765552
3.047405 0.763013
3.041143 0.760066
3.036079 0.757673
3.035010 0.757242
3.061289 0.766917
3.059941 0.766913
3.056445 0.766200
3.054005 0.765133
3.353649 0.736637
3.347382 0.734589
3.341105 0.734141
3.334820 0.734827
3.399230 0.741358
3.359906 0.740329
3.356995 0.738604
3.354188 0.737034
3.333528 0.735140
3.385936 0.748414
3.366134 0.748859
3.365008 0.745303
3.385058 0.753786
3.384942 0.753921
3.385317 0.753038
3.366948 0.751112
3.380697 0.758663
3.658178 0.716250
3.651895 0.716849
3.645606 0.718309
3.684530 0.721435
3.678408 0.720192
3.672065 0.719388
3.665697 0.718639
3.659026 0.718485
3.652390 0.718261
3.645557 0.718325
3.645611 0.718322
3.639318 0.719812
3.697104 0.728676
3.653387 0.721761
3.635725 0.722384
3.715945 0.736875
3.709962 0.735358
3.727955 0.745241
3.722410 0.742854
0.030090 0.710667
0.023819 0.709276
0.017539 0.709381
0.042595 0.719701
0.036354 0.713481
0.035999 0.713223
0.030915 0.710694
0.024988 0.709084
0.014144 0.709966
0.018486 0.708605
0.011251 0.710749
0.004961 0.712334
0.042595 0.719701
0.042595 0.719701
0.037583 0.716297
0.078818 0.730615
0.042902 0.725252
0.042622 0.725085
0.112741 0.738633
0.075489 0.735601
0.073890 0.736732
0.075428 0.732362
0.067596 0.739067
0.048783 0.734679
0.045161 0.731106
0.131916 0.746168
0.125373 0.745759
0.118930 0.745152
0.112618 0.744287
0.106609 0.742828
0.063231 0.739293
0.061315 0.739329
0.055040 0.738492
0.054032 0.737940
0.119252 0.749939
0.112712 0.749529
0.106368 0.748735
0.100175 0.747651
0.094215 0.746113
0.106702 0.753537
0.638304 0.737584
0.632021 0.738092
0.626879 0.738600
0.625737 0.738789
0.619451 0.739943
0.613164 0.740875
0.609556 0.741552
1.202847 1.022409
1.201747 1.022675
1.203087 1.019598
1.195461 1.023799
1.189175 1.024742
1.187184 1.025559
1.182881 1.027066
1.176591 1.028594
1.174582 1.029208
1.170302 1.030260
1.352018 1.095703
1.345742 1.094957
1.339467 1.094228
1.333191 1.093537
1.326913 1.093323
1.320633 1.093293
1.314352 1.093321
1.309695 1.093316
1.315038 1.092658
1.308073 1.093301
1.301790 1.093857
1.295508 1.094156
1.015019 0.757060
1.013332 0.759368
1.014742 0.754071
1.009952 0.761810
1.007972 0.759564
1.008894 0.767176
1.096471 0.782186
1.295107 0.893151
1.294893 0.892266
1.296626 0.898008
1.296029 0.895903
1.307570 0.908952
1.301317 0.904669
1.300716 0.904114
1.357725 0.922783
1.351455 0.921087
1.345177 0.920708
1.338897 0.920784
1.326355 0.918004
1.320089 0.915621
1.313827 0.912765
1.311165 0.911170
1.308545 0.908706
1.357714 0.924579
1.357852 0.923361
1.351433 0.924726
1.351780 0.922021
1.345157 0.923998
1.345438 0.921213
1.338892 0.921593
1.334681 0.920173
1.338903 0.920791
1.332623 0.919888
1.332576 0.919859
1.326824 0.917998
1.321626 0.914969
1.338847 0.929044
1.338577 0.926254
1.333543 0.923501
1.339229 0.931863
1.338895 0.931676
1.340232 0.937534
1.645713 1.067560
1.639438 1.066766
1.633162 1.065916
1.626886 1.065416
1.620612 1.064477
1.614337 1.063641
1.608064 1.062396
1.601790 1.061582
1.595513 1.061053
1.589235 1.060874
1.582956 1.060728
1.576675 1.060765
1.576674 1.060765
1.891056 1.005201
1.884767 1.006503
1.878482 1.007494
1.886292 1.005629
1.877755 1.007612
1.878607 1.007471
1.872193 1.008962
1.865907 1.009933
1.859624 1.010395
1.866824 1.009561
1.858914 1.010332
1.859659 1.010370
1.853347 1.009991
1.947400 1.033758
1.946030 1.034295
1.941090 1.038487
1.942535 1.030765
1.959879 1.046889
1.953608 1.045451
1.947340 1.043543
1.941083 1.039621
1.940136 1.038904
1.936264 1.035267
1.998284 1.051478
1.992514 1.049534
1.984966 1.052239
1.986472 1.048134
1.978693 1.051125
1.980193 1.047206
1.972421 1.049843
1.973435 1.047223
1.966149 1.048430
1.964098 1.047975
1.966333 1.047920
2.207522 0.959695
2.200767 0.960574
2.201442 0.958367
2.194493 0.959674
2.195269 0.957228
2.188219 0.958740
2.189095 0.956092
2.181942 0.958139
2.183230 0.954353
2.175664 0.957788
2.169386 0.957583
2.163107 0.957487
2.156826 0.957517
2.150547 0.957494
2.149275 0.957544
2.238336 0.978438
2.232047 0.980086
2.229960 0.980527
2.225761 0.981063
2.219481 0.981035
2.213203 0.980663
2.206918 0.981592
2.275897 0.997934
2.214311 0.981342
2.205408 0.982387
2.207251 0.981949
2.283170 0.997338
2.270471 0.997570
2.276157 0.997862
2.269620 0.997499
2.263341 0.997150
2.257061 0.997209
2.250784 0.996905
2.244505 0.996706
2.238217 0.998000
2.252396 0.996940
2.245576 0.997079
2.237394 0.998149
2.238746 0.997236
2.231936 0.998151
2.225656 0.998305
2.384803 0.867146
2.383482 0.870459
2.384388 0.865199
2.383451 0.875464
2.382802 0.872337
2.383905 0.878005
2.383643 0.883485
2.414717 0.897251
2.408454 0.894350
2.402183 0.892898
2.395907 0.892429
2.420970 0.901605
2.418500 0.899671
2.423764 0.905971
2.514106 0.759689
2.506805 0.760785
2.500133 0.765328
2.508035 0.763779
2.499606 0.765977
2.500271 0.765775
2.495730 0.770905
2.501330 0.769141
2.493803 0.773541
2.570630 0.784284
2.491156 0.775754
2.576552 0.791334
2.587804 0.805745
2.582121 0.799086
2.576523 0.796810
2.588142 0.806674
2.587863 0.806494
2.582383 0.803988
2.576874 0.801557
2.612856 0.816858
2.606571 0.817680
2.600297 0.816774
2.594033 0.814089
2.590945 0.812582
2.588194 0.811265
2.582767 0.808675
2.752336 0.739430
2.745823 0.738963
2.739313 0.738487
2.732812 0.737995
2.722350 0.737594
2.726253 0.737620
2.758872 0.745262
2.752315 0.744884
2.745726 0.744567
2.739099 0.744327
2.732543 0.743947
2.724588 0.743422
2.726030 0.743483
2.758958 0.750518
2.752229 0.750480
2.745556 0.750331
2.738977 0.749998
2.732488 0.749487
2.723027 0.748700
2.726045 0.748892
2.752510 0.755376
2.745800 0.755302
2.739205 0.755001
2.732628 0.754667
2.724251 0.754405
2.726009 0.754415
3.247546 0.762950
3.244791 0.763571
3.241258 0.764332
3.234963 0.766589
3.233441 0.767385
3.235483 0.766583
3.577067 0.763405
3.570790 0.763019
3.564515 0.762263
3.558241 0.761100
3.551971 0.759538
3.545696 0.758770
3.539415 0.759084
3.590800 0.765805
3.584121 0.765668
3.577718 0.764983
3.571417 0.764100
3.565207 0.763040
3.559138 0.761709
3.553414 0.759713
3.535414 0.760120
3.533124 0.760797
0.032147 0.781960
0.025887 0.778780
0.026680 0.775764
0.414159 0.759203
0.407888 0.757819
0.401617 0.756392
0.395345 0.754987
0.389073 0.753651
0.382804 0.751940
0.441191 0.763427
0.446699 0.761756
0.439248 0.764147
0.432971 0.763703
0.426699 0.762558
0.420428 0.760926
0.416523 0.759736
0.414355 0.758996
0.408979 0.756316
0.440890 0.765340
0.434211 0.765203
0.428227 0.763715
1.052786 1.072854
1.049162 1.073976
1.046492 1.075086
1.047425 1.071754
1.040197 1.077548
1.039045 1.077963
1.033894 1.081356
1.032473 1.082504
1.159220 1.125649
1.152942 1.125312
1.146665 1.124944
1.140387 1.124682
1.134108 1.124393
1.127832 1.123730
1.121557 1.123067
1.115282 1.122260
1.114169 1.122166
1.109005 1.121649
1.110138 1.119204
1.102729 1.121027
1.096454 1.120339
0.821170 0.733564
0.813864 0.734673
0.807053 0.736347
0.800764 0.737857
0.796230 0.738648
0.801611 0.737640
0.794476 0.739104
0.788188 0.740440
1.340846 0.992417
1.332959 0.998230
1.326677 0.998629
1.324239 0.998803
1.320395 0.998878
1.321148 0.996750
1.314113 0.999343
1.307827 1.000209
1.302189 1.001021
1.301542 1.001076
1.302225 0.999595
1.295254 1.002360
1.288972 1.002758
1.514520 1.089060
1.508240 1.088836
1.501963 1.088365
1.495689 1.087534
1.489417 1.086294
1.483143 1.085308
1.476866 1.084640
1.470589 1.084262
1.464313 1.083677
1.458036 1.083318
1.451758 1.082818
1.445482 1.082331
1.057826 0.742341
1.064091 0.744896
1.063005 0.744351
1.226966 0.810333
1.220680 0.811449
1.219407 0.811616
1.214396 0.812172
1.208118 0.811926
1.201841 0.811266
1.195570 0.809931
1.189300 0.808289
1.183029 0.806916
1.302901 0.846072
1.302091 0.848669
1.301193 0.851300
1.299700 0.856577
1.298472 0.861910
1.721570 1.056576
1.724417 1.057364
1.718926 1.056538
1.722020 1.056036
1.715288 1.056832
1.709001 1.057878
1.702722 1.057808
1.696444 1.057456
1.690166 1.057283
1.686128 1.057144
1.691365 1.055393
1.683888 1.057027
1.677609 1.056634
1.671334 1.055960
1.665060 1.055011
2.014191 1.000116
2.007933 0.996531
2.001657 0.995794
1.995375 0.996176
1.989093 0.996549
2.015011 1.000976
2.014168 1.003891
1.996907 0.995047
1.986601 0.996759
1.989554 0.996221
1.982800 0.998829
2.013236 1.006216
2.015850 1.003038
2.007849 1.010359
2.076844 1.023865
2.070563 1.024031
2.064281 1.024485
2.007836 1.012348
2.007071 1.010824
2.008109 1.010425
2.062985 1.024622
2.057997 1.025019
2.059020 1.021884
2.051715 1.025399
2.045435 1.025447
2.039154 1.025685
2.034612 1.025932
2.032872 1.026003
2.344739 0.968662
2.340974 0.970192
2.336362 0.972891
2.334672 0.973747
2.335856 0.970322
2.328379 0.975872
2.324840 0.976682
2.322091 0.977266
2.322752 0.974998
2.315807 0.977999
2.455611 0.786949
2.454458 0.790146
2.456141 0.789226
2.450717 0.795082
2.449270 0.796888
2.446474 0.799966
2.698902 0.738328
2.692239 0.738156
2.683421 0.739004
2.685201 0.738734
2.698873 0.743801
2.692322 0.743411
2.683566 0.744508
2.685167 0.744213
2.692512 0.748477
2.682843 0.749900
2.685369 0.749247
2.679439 0.754913
2.678567 0.755979
3.033225 0.753659
3.026955 0.752050
3.020684 0.750561
3.014412 0.749292
3.008139 0.748223
3.001861 0.747773
2.995586 0.747017
2.989313 0.745924
2.983042 0.744509
2.976771 0.743070
3.045739 0.761190
3.039486 0.756711
3.038265 0.756095
3.033666 0.754441
3.027567 0.753160
3.021439 0.751940
3.015276 0.750792
3.009013 0.749842
3.002560 0.749265
2.996240 0.748434
3.064528 0.769525
3.058254 0.768414
3.051991 0.765568
3.047699 0.762992
3.046160 0.761845
3.040679 0.759350
3.059719 0.767153
3.345546 0.735343
3.325155 0.739663
3.321753 0.740549
3.318866 0.741180
3.312577 0.742720
3.307797 0.743984
3.306288 0.744298
3.633142 0.720078
3.638677 0.718687
3.631350 0.721451
3.628547 0.724890
3.632354 0.723291
3.625019 0.729707
3.624908 0.729871
3.625077 0.729771
0.206143 0.745917
0.204407 0.745926
0.199861 0.746267
0.201240 0.742535
0.193582 0.746069
0.187304 0.745640
0.181028 0.745109
0.174749 0.744931
0.168473 0.744403
0.490078 0.738086
0.510046 0.740342
0.503689 0.739565
0.497256 0.738939
0.486013 0.739204
0.490507 0.738941
0.483787 0.739846
0.477502 0.740770
0.485194 0.741561
0.471819 0.742595
0.478338 0.741767
0.471208 0.742946
1.110536 1.045389
1.103616 1.046787
1.097330 1.047691
1.091040 1.049235
1.090832 1.049288
1.084747 1.051473
1.078725 1.052998
1.078457 1.053102
1.072170 1.054422
1.228831 1.109132
1.222550 1.109300
1.216270 1.109424
1.209988 1.109553
1.203709 1.109532
1.200663 1.109649
1.204568 1.108408
1.197428 1.109689
1.191148 1.109802
1.184864 1.110460
1.178579 1.111253
0.854345 0.739982
0.848080 0.737577
0.841813 0.735532
0.835543 0.733909
0.829268 0.732973
0.822990 0.732803
0.816708 0.733181
0.866867 0.746223
0.860605 0.743139
0.854796 0.740177
0.854429 0.739943
0.849113 0.737133
0.879383 0.753336
0.873124 0.749870
0.870253 0.747980
0.868044 0.745151
0.898172 0.761655
0.891911 0.758447
0.885647 0.755831
0.885509 0.755753
0.900661 0.763509
0.904392 0.771404
0.902895 0.769345
0.950969 0.782019
0.948280 0.782872
0.941996 0.783628
0.935714 0.784021
0.929434 0.784061
0.923159 0.783105
0.916895 0.780588
0.910637 0.777076
0.908498 0.775689
0.904670 0.774495
0.929646 0.783882
0.923271 0.783154
0.917313 0.781613
1.342687 0.983016
1.342187 0.983281
1.336395 0.984944
1.337759 0.979763
1.331922 0.987248
1.330099 0.987693
1.331143 0.984946
1.323811 0.989057
1.318676 0.990811
1.317518 0.991135
1.556505 1.079312
1.549319 1.081702
1.543040 1.081560
1.536761 1.081395
1.530483 1.081098
1.524207 1.080454
1.517933 1.079654
1.511658 1.078594
1.505386 1.077475
1.499113 1.076332
1.492840 1.075271
1.486566 1.074187
1.480292 1.073264
1.474015 1.072746
1.056158 0.740784
1.049885 0.739744
1.043607 0.739445
1.068686 0.745990
1.062427 0.742528
1.061319 0.742167
1.056432 0.740850
1.050278 0.739681
1.043219 0.739471
1.043667 0.739411
1.037323 0.739965
1.031038 0.740865
1.074935 0.751151
1.072986 0.749403
1.069482 0.747163
1.064006 0.744680
1.081152 0.761347
1.079058 0.755807
1.075876 0.753302
1.081419 0.761668
1.081200 0.761532
1.082022 0.767283
1.131244 0.785425
1.124993 0.780745
1.118721 0.779235
1.112443 0.778963
1.106163 0.779071
1.131384 0.785606
1.131261 0.785550
1.125744 0.783148
1.137467 0.794731
1.134788 0.791629
1.181337 0.809075
1.175067 0.807513
1.168796 0.806135
1.162523 0.805068
1.156253 0.803298
1.149985 0.801403
1.143719 0.799153
1.141853 0.798197
1.219081 0.814971
1.212696 0.815686
1.206419 0.815330
1.200144 0.814488
1.193876 0.812658
1.187608 0.810692
1.185685 0.810190
1.182068 0.808108
1.298834 0.860050
1.297497 0.865343
1.296362 0.870683
1.295207 0.876035
1.707306 1.060879
1.701026 1.060805
1.694748 1.060455
1.688469 1.060240
1.682588 1.060204
1.682190 1.060192
1.675912 1.059895
1.669637 1.059197
1.663364 1.058086
1.657088 1.057271
1.650815 1.056281
1.644541 1.055358
1.638268 1.054199
1.958873 1.007515
1.952598 1.006872
1.946323 1.005927
1.940050 1.004791
1.933772 1.004476
1.972910 1.007823
1.963611 1.009613
1.965352 1.009420
1.952558 1.013414
1.952888 1.007383
1.946494 1.006686
1.940236 1.005723
1.928241 1.004355
1.933889 1.004936
1.927492 1.004557
1.921212 1.004684
1.914930 1.005004
1.972744 1.013586
1.959297 1.014469
1.965533 1.014493
1.958830 1.014541
1.952942 1.013525
1.952457 1.013454
1.952570 1.013444
1.934457 1.009284
1.966653 1.017752
1.959961 1.017641
1.949105 1.018477
1.952866 1.018313
1.946231 1.021015
2.034047 1.037770
2.027766 1.038071
2.021482 1.038562
2.015198 1.039162
1.979117 1.025220
1.971281 1.032390
1.965011 1.030781
2.013749 1.039078
2.008921 1.038878
2.009378 1.037465
2.002644 1.038303
2.003263 1.036227
1.996369 1.037446
1.996971 1.035332
1.990094 1.036634
1.990649 1.034499
1.983821 1.035671
1.984293 1.033733
1.977549 1.034304
1.973548 1.033129
1.977830 1.033178
2.230969 0.952400
2.224705 0.949847
2.218435 0.948201
2.212163 0.946858
2.205892 0.945501
2.199619 0.944445
2.237216 0.957852
2.232930 0.953681
2.231418 0.952502
2.238989 0.960093
2.237776 0.958715
2.240280 0.965808
2.322026 0.983468
2.318690 0.984688
2.312404 0.985661
2.307568 0.986793
2.306116 0.987109
2.299830 0.988063
2.293541 0.989487
2.291433 0.989917
2.287252 0.990946
2.410640 0.820808
2.403036 0.824079
2.416913 0.827166
2.410737 0.826037
2.400737 0.827625
2.403860 0.826291
2.416765 0.832886
2.410195 0.832537
2.397662 0.832665
2.404198 0.831065
2.410890 0.836631
2.396712 0.838039
2.396668 0.838317
2.651648 0.790740
2.651123 0.791144
2.644825 0.794177
2.642089 0.794818
2.638537 0.795527
2.639207 0.793002
2.632252 0.796298
2.956499 0.725226
2.950377 0.723977
2.940586 0.723130
2.944011 0.723222
2.975132 0.736637
2.969865 0.733008
2.968946 0.732719
2.962973 0.731179
2.956868 0.729908
2.950559 0.729041
2.939983 0.728538
2.944035 0.728601
2.937493 0.730217
2.987658 0.742251
2.981389 0.740374
2.980833 0.740134
2.975485 0.738547
2.969529 0.736984
2.963392 0.735783
2.957215 0.734664
2.950864 0.733888
2.944403 0.733328
2.931419 0.732793
2.937810 0.733026
2.931197 0.732807
3.013812 0.748252
3.007548 0.747290
3.001172 0.746551
2.994871 0.745666
2.988644 0.744641
2.982498 0.743458
2.976402 0.742181
2.970291 0.740938
3.039393 0.756469
3.419783 0.739945
3.413508 0.739206
3.432306 0.745899
3.426047 0.742528
3.422461 0.741161
3.420229 0.739871
3.411611 0.739544
3.413782 0.739278
3.407223 0.740068
3.400930 0.742095
3.444820 0.753407
3.438562 0.749805
3.436674 0.748778
3.433639 0.745482
3.398694 0.743154
3.463597 0.763730
3.457338 0.760092
3.451077 0.757060
3.449387 0.756171
3.446323 0.752519
3.502905 0.766128
3.495917 0.766603
3.482404 0.768962
3.476125 0.768860
3.469859 0.766656
3.463729 0.763806
3.463625 0.763730
3.483453 0.769984
3.477064 0.769279
3.471405 0.767153
3.691191 0.726849
3.684933 0.723237
3.678666 0.721013
3.672391 0.720275
3.666114 0.719815
3.659826 0.721308
3.703714 0.732792
3.697448 0.730504
3.691568 0.727083
3.691223 0.726960
3.685475 0.724992
3.679514 0.723451
3.673223 0.722560
3.666804 0.721919
3.656745 0.721925
3.660032 0.721963
3.716238 0.738758
3.709977 0.735459
3.709639 0.735275
3.704061 0.733687
3.697986 0.732365
3.692058 0.730762
3.728738 0.748405
3.722490 0.743150
3.721472 0.742537
3.716696 0.740818
3.710741 0.739263
3.704764 0.737758
3.728903 0.748783
3.723590 0.745979
0.096155 0.725290
0.089892 0.722567
0.083613 0.722537
0.097390 0.726171
0.096435 0.725433
0.081160 0.723773
0.152556 0.744588
0.146281 0.743850
0.097317 0.731678
0.096112 0.732370
0.096308 0.731131
0.165090 0.748875
0.158825 0.746437
0.158185 0.746241
0.153355 0.743803
0.144127 0.744133
0.147380 0.742280
0.139994 0.744998
0.134101 0.748148
0.133694 0.748284
0.133874 0.747737
0.523123 0.743383
0.516846 0.742796
0.510573 0.741710
0.504297 0.741026
0.498020 0.740458
0.491739 0.740865
0.543489 0.746351
0.536823 0.746189
0.530283 0.745777
0.523739 0.745374
0.517390 0.744587
0.511157 0.743576
0.504876 0.742660
0.498598 0.741743
0.487930 0.741412
0.492076 0.741301
0.485452 0.741981
1.124146 1.044672
1.117870 1.044127
1.111595 1.043165
1.109188 1.042929
1.105318 1.042625
1.099032 1.043758
1.092740 1.045771
1.092321 1.045922
1.093479 1.044537
1.086444 1.048437
1.081908 1.049912
1.243098 1.104392
1.236811 1.105464
1.234742 1.105632
1.238147 1.103299
1.230529 1.105900
1.224246 1.106292
1.217964 1.106584
1.211682 1.106990
1.208142 1.107181
1.212937 1.105251
1.205401 1.107243
1.199119 1.107501
1.192840 1.107474
0.792796 0.739519
0.786514 0.739936
0.780236 0.739530
0.773961 0.738683
0.767687 0.737836
0.794144 0.739049
0.787024 0.739781
0.780450 0.739437
0.774151 0.738550
0.763920 0.737437
0.767837 0.737699
0.761410 0.737386
0.755130 0.737500
1.326302 0.999904
1.318689 1.003581
1.312410 1.003368
1.306125 1.004156
1.302912 1.004716
1.299840 1.005140
1.293551 1.006618
1.287268 1.007027
1.280991 1.006498
1.274717 1.005650
1.270015 1.005361
1.268440 1.005247
1.493978 1.093049
1.487705 1.091804
1.481431 1.090863
1.475155 1.090247
1.468878 1.089809
1.465628 1.089453
1.462601 1.089130
1.462712 1.088788
1.456325 1.088586
1.456794 1.087155
1.450050 1.087902
1.450806 1.085666
1.443774 1.087294
1.444919 1.083989
1.437499 1.086563
1.438812 1.082741
1.431225 1.085451
1.424951 1.084474
1.279465 0.785846
1.273190 0.785073
1.285714 0.790840
1.280091 0.786178
1.279561 0.785893
1.272852 0.785109
1.273233 0.785072
1.266905 0.785665
1.286617 0.792662
1.285967 0.792016
1.717745 0.999850
1.711473 0.998509
1.705201 0.997270
1.698927 0.996329
1.731531 0.999292
1.717854 0.999876
1.724419 1.000008
1.694785 0.996445
1.692644 0.996982
1.692937 0.995564
1.686354 0.998479
1.680071 0.999030
1.722162 1.006018
1.724237 1.005793
1.720275 1.011246
1.724796 1.010141
1.717655 1.014569
1.715339 1.016042
1.717955 1.015777
1.805444 1.035590
1.805818 1.034216
1.799145 1.038849
1.798043 1.039323
1.792854 1.040567
1.786566 1.041997
1.783983 1.042733
1.780275 1.043825
1.781779 1.039276
1.773987 1.045045
2.140782 1.005341
2.140187 1.005444
2.140333 1.004963
2.133905 1.005814
2.134769 1.002617
2.127621 1.006330
2.121342 1.006317
2.115063 1.006176
2.110493 1.006318
2.108782 1.006421
2.108984 1.005672
2.102501 1.006470
2.103294 1.003609
2.096225 1.005911
2.089950 1.005083
2.381035 0.925576
2.381920 0.921360
2.376573 0.927899
2.374735 0.928866
2.375362 0.926401
2.368443 0.930723
2.369882 0.923909
2.399774 0.941918
2.400999 0.934504
2.364210 0.931557
2.362157 0.931881
2.362525 0.930540
2.355867 0.933501
2.399958 0.942378
2.399769 0.942778
2.399607 0.942325
2.394928 0.938609
2.400853 0.945665
2.394716 0.944473
2.426350 0.805597
2.416880 0.806348
2.419284 0.806225
2.425266 0.818277
2.425983 0.811737
2.419022 0.812558
2.418785 0.812119
2.419056 0.812091
2.425372 0.818597
2.426311 0.824243
2.425209 0.827634
2.424525 0.829500
2.669093 0.769659
2.667151 0.772693
2.665566 0.774616
2.660838 0.778167
2.659100 0.779161
2.654533 0.782440
2.894560 0.738432
2.886727 0.745883
2.886708 0.745993
2.886731 0.745985
2.886445 0.751451
2.886764 0.751347
2.885183 0.756777
2.887054 0.756227
3.604258 0.752176
3.606605 0.750402
3.602099 0.757337
3.600020 0.762531
3.599245 0.766233
3.598712 0.767859
3.599526 0.767370
0.234676 0.736243
0.228541 0.736818
0.228393 0.736853
0.222108 0.737608
0.215826 0.738003
0.209548 0.737719
0.203271 0.737293
1.037283 1.129749
1.030855 1.129110
0.609771 0.747275
0.603995 0.747892
0.603485 0.747994
0.597197 0.749429
0.590910 0.750669
0.588151 0.751035
0.591851 0.749598
0.584623 0.751760
1.179489 1.033053
1.173201 1.034502
1.169221 1.035581
1.166909 1.036271
1.160627 1.036616
1.154345 1.037065
1.148067 1.036837
1.141786 1.036821
1.139149 1.036624
1.142633 1.035366
1.135509 1.036380
1.129233 1.035831
1.298423 1.095744
1.292143 1.095816
1.285859 1.096437
1.293342 1.095496
1.283957 1.096668
1.286118 1.096432
1.279574 1.097129
1.273293 1.097357
1.267013 1.097503
1.260734 1.097401
1.255165 1.097915
1.261716 1.096809
1.254450 1.097958
1.263871 0.790958
1.263518 0.791064
1.257224 0.793098
1.250938 0.794262
1.250240 0.794421
1.244647 0.796155
1.301063 0.812935
1.298106 0.807062
1.295938 0.804359
1.301089 0.812994
1.301069 0.812976
1.303128 0.818796
1.301549 0.817464
1.304883 0.824565
1.301962 0.822110
1.305332 0.830156
1.696928 1.006412
1.690735 1.005319
1.697140 1.011431
1.783151 1.051736
1.776861 1.053338
1.772481 1.053706
1.770578 1.053911
1.771273 1.052060
1.764297 1.054037
1.758012 1.054853
1.751729 1.055341
1.745869 1.055274
1.745450 1.055273
1.745819 1.054495
1.739174 1.054530
2.015896 0.995639
2.009625 0.994102
2.003346 0.994132
2.019429 0.998045
2.016312 0.996687
2.010318 0.995216
1.997947 0.994876
2.003846 0.994678
1.997056 0.995720
2.015851 1.003037
2.015850 1.003038
2.015850 1.003037
2.097376 1.021548
2.098510 1.018430
2.091102 1.020495
2.091898 1.018161
2.084830 1.019221
2.085204 1.018051
2.078553 1.018778
2.079440 1.016109
2.072270 1.019175
2.065989 1.019408
2.059708 1.019695
2.056411 1.020062
2.053424 1.020451
2.047141 1.020965
2.380205 0.930179
2.373097 0.936484
2.373010 0.936511
2.373030 0.936434
2.366722 0.937964
2.367875 0.933283
2.360433 0.939506
2.398592 0.944687
2.359239 0.939910
2.354137 0.941876
2.354988 0.937528
2.348872 0.943896
2.347843 0.944368
2.347976 0.943494
2.411041 0.816225
2.410340 0.814476
2.411232 0.814224
2.425234 0.818641
2.417276 0.823633
2.413414 0.820419
2.418097 0.819408
2.419120 0.826763
2.424773 0.824979
2.419232 0.832283
2.417211 0.834092
2.411104 0.836605
2.410916 0.836759
2.784903 0.747175
2.778483 0.746521
2.771989 0.746017
2.761916 0.745390
2.765448 0.745606
2.803976 0.754913
2.797751 0.753874
2.791438 0.753009
2.785052 0.752291
2.778625 0.751660
2.772136 0.751147
2.759463 0.750521
2.765595 0.750740
2.758989 0.750938
2.804535 0.759224
2.798125 0.758558
2.791638 0.758044
2.785169 0.757494
2.778731 0.756887
2.772300 0.756266
2.765812 0.755758
2.754784 0.755345
2.759246 0.755401
2.791914 0.762952
2.785251 0.762786
2.778831 0.762148
3.159155 0.769605
3.152887 0.767751
3.146614 0.766634
3.140344 0.765166
3.134074 0.763474
3.127803 0.761978
3.121532 0.760578
3.122507 0.757709
3.115257 0.759700
3.108972 0.760692
3.177961 0.775268
3.171682 0.775025
3.165417 0.772656
3.162562 0.771213
3.191969 0.777946
3.185561 0.777275
3.179226 0.776460
3.172862 0.775706
