-1.429191 0.769711
-1.429801 0.770754
-1.422960 0.761432
-1.425357 0.764262
-1.410458 0.752458
-1.416714 0.756067
-1.418884 0.757778
-1.415629 0.757674
-1.390098 0.751180
-1.397940 0.746578
-1.396699 0.751199
-1.404199 0.749606
-1.407912 0.751313
-1.403570 0.751250
-1.378395 0.744846
-1.384626 0.744808
-1.391682 0.743522
-1.394760 0.744873
-1.391276 0.744831
-0.219825 0.803800
-0.240430 0.786846
-0.246714 0.784839
-0.265538 0.784555
-0.271800 0.786765
-0.278066 0.788557
-0.284334 0.789717
-0.248493 0.784424
-0.252996 0.783394
-0.259270 0.783404
-0.264663 0.784363
-0.265421 0.784347
0.097246 0.822296
0.090978 0.823622
0.097810 0.821587
0.087392 0.821552
0.084685 0.819950
0.103459 0.810542
0.100702 0.815103
0.104709 0.814959
0.078386 0.815031
0.078386 0.815031
0.109692 0.802631
0.104706 0.808625
0.111189 0.808454
0.073584 0.808524
0.072066 0.806168
0.110015 0.802156
0.066518 0.802015
0.065768 0.801739
0.117100 0.795524
0.122962 0.789114
0.319446 0.795928
0.320644 0.800791
0.313178 0.797203
0.314249 0.800790
0.306902 0.796755
0.308420 0.800737
0.300622 0.795552
0.331959 0.789104
0.333091 0.794340
0.325706 0.793188
0.322715 0.794448
0.326049 0.794416
0.295503 0.794366
0.294341 0.794115
0.294460 0.794351
0.288059 0.792752
0.333661 0.788006
0.338975 0.787920
0.770279 0.774009
0.764011 0.775016
0.757738 0.775174
0.751464 0.775110
0.745186 0.774333
0.738909 0.773740
0.732634 0.773684
0.776543 0.771785
0.773672 0.772657
0.778124 0.772463
1.139797 0.783845
1.082712 0.781176
1.128508 0.777383
1.126608 0.776681
1.127499 0.777248
1.120324 0.774805
1.114044 0.773516
1.107763 0.772399
1.101484 0.771392
1.095219 0.773096
1.088965 0.776923
1.088482 0.777241
1.103027 0.770615
1.451616 0.789082
1.445357 0.792042
1.446347 0.794850
1.439092 0.793636
1.439468 0.794899
1.432814 0.792957
1.464134 0.783182
1.457874 0.786054
1.452898 0.788470
1.459357 0.788323
1.490316 0.781979
1.484295 0.781914
1.476660 0.779014
1.477798 0.781917
1.470396 0.780850
1.466963 0.782026
1.470973 0.781965
1.773060 0.769457
1.766782 0.768809
1.760504 0.768027
1.756000 0.767449
1.754226 0.767201
1.747948 0.766420
1.741673 0.766336
1.735400 0.766560
1.729129 0.767155
1.727321 0.767382
-1.816183 0.766626
-1.822432 0.766590
-1.828880 0.766586
-1.836261 0.761965
-1.834577 0.766489
-1.840789 0.760191
-1.842546 0.759745
-1.842246 0.760141
-1.848830 0.757800
-1.847179 0.759963
-1.855116 0.755429
-1.859941 0.753618
-1.861402 0.753163
-1.860910 0.753559
-1.867687 0.751054
-1.533411 0.786105
-1.539686 0.786065
-1.545960 0.786070
-1.552235 0.785891
-1.558515 0.784600
-1.558639 0.784564
-1.564795 0.783579
-1.571076 0.782340
-1.577357 0.780943
-1.128133 0.776354
-1.134397 0.778190
-1.133129 0.782245
-1.140670 0.778411
-1.139758 0.782268
-1.146947 0.777714
-1.153224 0.777359
-1.121880 0.772168
-1.127368 0.775907
-1.115642 0.765110
-1.118702 0.769448
-1.113694 0.762979
-1.095255 0.756335
-1.102118 0.756389
-1.108394 0.756359
-0.435895 0.801547
-0.442177 0.799923
-0.448455 0.799249
-0.454730 0.798868
-0.461008 0.798431
-0.467277 0.799322
-0.473543 0.800787
-0.479810 0.802091
-0.441349 0.798357
-0.447994 0.798382
-0.454370 0.798372
-0.460941 0.798387
-0.204952 0.829856
-0.207148 0.827897
-0.211175 0.823327
-0.213062 0.816822
-0.213485 0.815771
-0.212920 0.816742
-0.215526 0.810314
-0.219820 0.803815
-0.219832 0.803798
-0.224318 0.797283
-0.226139 0.795179
-0.225026 0.797141
-0.232188 0.790756
-0.232438 0.790567
-0.232325 0.790741
-0.238727 0.787477
-0.245016 0.784712
-0.246720 0.784215
-0.251299 0.782895
-0.257578 0.781861
0.098949 0.823020
0.092675 0.822961
0.105189 0.816594
0.100806 0.821394
0.106060 0.821319
0.090056 0.821379
0.111425 0.809265
0.106290 0.814910
0.112393 0.814822
0.112044 0.808429
0.119093 0.808289
0.117639 0.797494
0.115488 0.801943
0.118230 0.801882
0.123876 0.790334
0.118503 0.795457
0.136397 0.785174
0.130133 0.787107
0.126143 0.788994
0.131209 0.788870
0.150470 0.782390
0.487808 0.845565
0.481265 0.845575
0.475173 0.845534
0.494432 0.839043
0.487350 0.839124
0.480435 0.837699
0.480581 0.839164
0.474166 0.838639
0.474230 0.839148
0.467866 0.833672
0.468677 0.839041
0.484572 0.832706
0.487085 0.832660
0.467199 0.832634
0.463249 0.832446
0.486632 0.822787
0.485750 0.826218
0.486788 0.826201
0.465288 0.826131
0.461527 0.821094
0.463238 0.825946
0.500636 0.819577
0.487402 0.819731
0.493757 0.819633
0.458996 0.819615
0.455239 0.818423
0.448962 0.817913
0.442691 0.818352
0.488529 0.813243
0.493286 0.813202
0.486522 0.801574
0.480252 0.802444
0.486572 0.800233
0.478271 0.800200
0.480429 0.800182
0.473941 0.795216
0.487216 0.793640
0.481264 0.793570
0.473334 0.793681
0.474164 0.793653
0.493302 0.787199
0.473883 0.783961
0.472420 0.787182
0.474390 0.787122
0.487574 0.780590
0.480135 0.779810
0.476734 0.780706
0.481540 0.780534
0.778245 0.772525
0.771984 0.774914
0.765717 0.776247
0.759443 0.776430
0.816940 0.772464
0.803312 0.766719
0.797037 0.766563
0.790770 0.767795
0.784506 0.770042
0.778413 0.772450
1.194697 0.825237
1.188438 0.828079
1.189330 0.828794
1.182168 0.828706
1.182377 0.828853
1.175891 0.828149
1.176789 0.828771
1.169613 0.827368
1.163329 0.825605
1.200947 0.820297
1.198547 0.822441
1.201904 0.822327
1.207187 0.813934
1.205384 0.815978
1.207810 0.815899
1.214407 0.809383
1.221363 0.802817
1.587321 0.794557
1.581074 0.799915
1.580357 0.800649
1.593571 0.790018
1.587873 0.794161
1.618630 0.782873
1.612363 0.784052
1.606095 0.785176
1.607144 0.787592
1.599831 0.787224
1.598682 0.787686
1.599996 0.787671
1.632701 0.781113
1.624894 0.780874
1.623595 0.781289
1.625099 0.781266
1.644935 0.774715
-1.734412 0.766072
-1.740582 0.766034
-1.746278 0.765952
-1.760460 0.759868
-1.766726 0.761343
-1.772991 0.763082
-1.779255 0.764914
-1.728175 0.759604
-1.735205 0.759682
-1.741657 0.756151
-1.741471 0.759649
-1.747921 0.757968
-1.747568 0.759600
-1.754192 0.758635
-1.759307 0.759603
-1.753586 0.759549
-1.727596 0.753025
-1.739233 0.753190
-1.735057 0.753160
-1.741695 0.748819
-1.733793 0.746490
-1.742019 0.746681
-1.741536 0.746658
-1.744589 0.740173
-1.748038 0.735399
-1.748974 0.733657
-1.751251 0.727151
-1.741850 0.718868
-1.748123 0.719052
-1.751260 0.720656
-1.350634 0.770591
-1.356872 0.770562
-1.350634 0.764091
-1.357021 0.764080
-1.363448 0.764076
-1.369557 0.764039
-1.351337 0.757688
-1.357405 0.757630
-1.363866 0.757628
-1.370132 0.757604
-1.376391 0.757584
-1.382667 0.757569
-1.389937 0.752267
-1.389019 0.757565
-1.396204 0.753596
-1.395229 0.757552
-1.402471 0.754879
-1.408740 0.756170
-1.363761 0.751270
-1.364848 0.751047
-1.364762 0.751252
-1.371127 0.750004
-1.370789 0.751188
-1.377403 0.749648
-1.377086 0.751166
-1.383672 0.750600
-1.386023 0.751175
-1.383551 0.751168
-0.839452 0.815838
-0.845722 0.816685
-0.844015 0.819795
-0.851995 0.816832
-0.850647 0.819819
-0.858269 0.816721
-0.857134 0.819830
-0.864556 0.814465
-0.825716 0.813417
-0.833191 0.813206
-0.834139 0.813552
-0.833039 0.813535
-0.865674 0.813433
-0.870863 0.808064
-0.871596 0.806923
-0.875901 0.800418
-0.877190 0.797740
-0.878648 0.793916
-0.880024 0.787416
-0.880073 0.780918
-0.879373 0.774421
-0.880488 0.767921
-0.883569 0.761420
-0.883653 0.761324
-0.118642 0.856073
-0.124910 0.857056
-0.131182 0.857632
-0.129794 0.861563
-0.137454 0.858049
-0.143728 0.857993
-0.149999 0.858594
-0.156270 0.859106
-0.106130 0.849077
-0.112382 0.853441
-0.116784 0.855265
-0.111439 0.855160
-0.105746 0.848823
0.406128 0.800598
0.341677 0.797896
0.337375 0.800595
0.392567 0.794182
0.385560 0.790969
0.386721 0.794093
0.379272 0.788569
0.380820 0.794024
0.368384 0.793982
0.360449 0.788186
0.361868 0.793996
0.354182 0.789663
0.355222 0.794023
0.347927 0.793349
0.347044 0.794111
0.348110 0.794094
0.375571 0.787708
0.372992 0.787303
0.373125 0.787679
0.366720 0.787579
0.365463 0.787666
0.366747 0.787667
0.844127 0.785288
0.831499 0.778936
0.830168 0.778440
0.830449 0.778888
0.823881 0.775896
0.817592 0.773143
0.815691 0.772365
0.811305 0.770594
0.812487 0.772211
0.805023 0.768877
0.798746 0.768548
0.792478 0.769608
0.786216 0.772017
0.785505 0.772283
0.786372 0.772269
1.186723 0.824951
1.180458 0.826685
1.174179 0.825730
1.167894 0.823676
1.193605 0.822575
1.165474 0.822536
1.161606 0.820906
1.162068 0.822469
1.155309 0.816416
1.154851 0.816005
1.149081 0.809492
1.148998 0.809379
1.149026 0.809490
1.144739 0.802986
1.142663 0.797690
1.143298 0.802924
1.142096 0.796483
1.137913 0.789979
1.136341 0.788301
1.132148 0.783474
1.560613 0.811512
1.557000 0.813775
1.573107 0.801013
1.566863 0.806765
1.566318 0.807290
1.567073 0.807271
1.579348 0.794801
1.573322 0.800808
1.585594 0.789087
1.579859 0.794330
1.587195 0.794172
1.598111 0.783211
1.591848 0.785263
1.587388 0.787861
1.592811 0.787759
1.617903 0.781369
-1.607568 0.777617
-1.613841 0.777659
-1.620116 0.777641
-1.626394 0.776792
-1.632674 0.775750
-1.638959 0.773484
-1.642680 0.771933
-1.645247 0.770928
-1.651539 0.767610
-1.654632 0.765414
-1.254068 0.789498
-1.247819 0.784670
-1.253775 0.789349
-1.253918 0.789334
-1.241580 0.777909
-1.245990 0.782862
-1.210245 0.771193
-1.216515 0.771961
-1.222786 0.772429
-1.229055 0.773322
-1.235322 0.774823
-1.239665 0.776380
-1.196718 0.769925
-0.853169 0.813629
-0.859993 0.812067
-0.859333 0.813585
-0.866281 0.809397
-0.864863 0.813470
-0.868471 0.807140
-0.872588 0.803031
-0.871169 0.806956
-0.874139 0.800621
-0.877609 0.794111
-0.878922 0.791411
-0.878098 0.794010
-0.880675 0.787604
-0.882030 0.781102
-0.882590 0.774603
-0.884209 0.768101
-0.885329 0.765897
-0.887524 0.761594
-0.883718 0.761425
-0.891647 0.757252
-0.893820 0.755078
-0.897951 0.751414
-0.902249 0.748562
-0.904248 0.747132
-0.910540 0.743602
-0.516465 0.772883
-0.529614 0.759906
-0.543313 0.756064
-0.549589 0.755577
-0.555868 0.754556
-0.561252 0.753432
-0.562150 0.753233
-0.568432 0.751555
-0.574715 0.749847
-0.580996 0.748376
-0.587279 0.746953
-0.587816 0.746874
-0.008264 0.816968
-0.005396 0.815402
0.016758 0.802687
0.010489 0.803780
0.004223 0.805224
-0.002033 0.808702
-0.002325 0.808908
0.042380 0.802499
0.035576 0.801939
0.036273 0.802446
0.029303 0.802173
0.029619 0.802469
0.023030 0.802309
0.019676 0.802472
0.023171 0.802467
0.479798 0.832774
0.473347 0.832768
0.467719 0.832653
0.472965 0.826324
0.467145 0.826228
0.486480 0.819747
0.466443 0.819827
0.459802 0.816274
0.461088 0.819675
0.453528 0.816043
0.447255 0.816370
0.440987 0.817491
0.434714 0.817716
0.428436 0.816887
0.422149 0.814422
0.419684 0.813214
0.415850 0.809603
0.479900 0.806759
0.704173 0.780018
0.697908 0.782042
0.691638 0.782683
0.685358 0.781657
0.722958 0.773071
0.716692 0.774511
0.710430 0.776765
0.705890 0.779339
0.736793 0.772790
0.729229 0.772467
0.724525 0.772918
0.730870 0.772721
1.167520 0.822594
1.159865 0.812965
1.160459 0.816174
1.155205 0.816018
1.155447 0.809739
1.153564 0.807760
1.153887 0.809686
1.149804 0.803216
1.147807 0.803132
1.147317 0.796709
1.147232 0.796554
1.147253 0.796706
1.142517 0.796498
1.143829 0.790197
1.140909 0.787009
1.141649 0.790094
1.136569 0.783672
1.134610 0.782218
1.135074 0.783610
1.128313 0.777843
1.126898 0.777143
1.122023 0.774763
1.115739 0.772897
1.109458 0.771407
1.550898 0.803152
1.551865 0.807537
1.544635 0.805301
1.545104 0.807575
1.538363 0.805913
1.538682 0.807571
1.532089 0.805847
1.532393 0.807553
1.525812 0.805156
1.526244 0.807523
1.519530 0.803681
1.520360 0.807475
1.554427 0.801188
1.557566 0.801143
1.516064 0.801050
1.513233 0.799354
1.513774 0.800995
1.506943 0.796233
1.571326 0.794531
-1.813977 0.774027
-1.820241 0.775891
-1.826516 0.775679
-1.782635 0.768642
-1.788906 0.769134
-1.795179 0.769235
-1.801453 0.769504
-1.807718 0.771163
-1.811686 0.772847
-1.774989 0.766304
-1.459263 0.793234
-1.457797 0.797078
-1.465526 0.795203
-1.464677 0.797130
-1.471803 0.794804
-1.470638 0.797075
-1.478094 0.791482
-1.456066 0.790793
-1.452149 0.790684
-1.480308 0.790687
-1.484376 0.789970
-1.483984 0.790631
-1.490659 0.788074
-1.496953 0.784277
-1.445224 0.784123
-1.497933 0.784145
-1.503230 0.783708
-1.041951 0.795140
-1.059312 0.782230
-1.061980 0.779002
-1.060820 0.782059
-1.066914 0.775695
-1.068277 0.774559
-1.067941 0.775644
-1.074264 0.769167
-1.074580 0.768975
-1.074470 0.769151
-1.080882 0.763411
-1.082059 0.762640
-1.087177 0.759288
-1.093454 0.759040
-1.099724 0.759789
-1.099278 0.762549
-1.106015 0.756390
-1.108041 0.762579
-0.722748 0.786699
-0.729002 0.790833
-0.716506 0.780576
-0.722702 0.786656
-0.715291 0.786551
-0.716128 0.780175
-0.708897 0.780046
-0.704017 0.769238
-0.702396 0.773534
-0.710268 0.773658
-0.710304 0.773696
-0.710261 0.773695
-0.691493 0.764596
-0.697754 0.767028
-0.698410 0.767247
-0.697523 0.767218
-0.388582 0.800654
-0.394852 0.801581
-0.401122 0.802310
-0.407396 0.802290
-0.413678 0.800678
-0.419963 0.798804
-0.424019 0.798105
-0.418948 0.798013
-0.426242 0.797809
-0.432521 0.796800
-0.180245 0.848586
-0.179810 0.849146
-0.186536 0.845308
-0.189643 0.842667
-0.192839 0.839713
-0.196249 0.836143
-0.199146 0.833282
-0.203229 0.829620
-0.205449 0.827700
-0.209705 0.823102
-0.211770 0.818892
-0.212749 0.816596
-0.216481 0.810089
-0.218102 0.807548
-0.220643 0.803581
-0.224424 0.798235
-0.225669 0.797074
-0.230726 0.792901
-0.234190 0.790563
-0.237023 0.788446
0.119401 0.809654
0.115876 0.814753
0.120339 0.808261
0.122489 0.801767
0.131847 0.790063
0.125597 0.794665
0.125050 0.795275
0.125795 0.795255
0.150631 0.782642
0.144374 0.785796
0.138112 0.788142
0.135927 0.788806
0.138512 0.788766
0.156897 0.781051
0.151329 0.782371
0.158488 0.782187
1.190146 0.829709
1.202663 0.823706
1.196408 0.827304
1.192679 0.828716
1.208911 0.818601
1.204525 0.822244
1.215148 0.811617
1.211553 0.815769
1.216777 0.815600
1.221378 0.802877
1.216976 0.809292
1.221411 0.802815
1.224567 0.796335
1.226992 0.789852
1.228024 0.789792
1.226636 0.783354
1.228153 0.783273
1.227513 0.776191
1.227009 0.776862
1.227752 0.776830
1.234231 0.770332
-1.725633 0.771104
-1.728453 0.772300
-1.719388 0.765376
-1.719463 0.765817
-1.719358 0.765814
-1.718250 0.759322
-1.719432 0.756896
-1.686969 0.752946
-1.688085 0.752478
-1.687775 0.752895
-1.694376 0.749126
-1.721816 0.752817
-1.718557 0.752734
-1.725750 0.748479
-1.697668 0.746398
-1.700680 0.743517
-1.727717 0.746308
-1.732058 0.741985
-1.704110 0.739875
-1.706982 0.737918
-1.712874 0.733348
-1.713282 0.733023
-1.712322 0.733243
-1.719582 0.727816
-1.720699 0.726830
-1.725882 0.723002
-1.729722 0.720314
-1.732174 0.719485
-1.284277 0.786724
-1.290564 0.784120
-1.292404 0.783343
-1.296852 0.781351
-1.303143 0.778151
-1.321967 0.777822
-1.328226 0.780786
-1.332127 0.783233
-1.306872 0.776790
-1.309428 0.776200
-1.309009 0.776733
-1.315702 0.776032
-1.319199 0.776755
-1.315354 0.776726
-0.982982 0.781430
-0.978236 0.771066
-0.979390 0.774936
-0.977473 0.768441
-0.976176 0.761945
-0.974649 0.755451
-0.972081 0.748215
-0.972421 0.748958
-0.971940 0.748945
-0.965852 0.739236
-0.968712 0.742470
-0.964689 0.742355
-0.947074 0.730873
-0.953340 0.732383
-0.959603 0.734584
-0.961907 0.735995
-0.958698 0.735897
-0.617458 0.749779
-0.623732 0.749761
-0.630007 0.749550
-0.636279 0.749830
-0.642551 0.750253
-0.648825 0.750271
-0.655096 0.750982
-0.661362 0.752404
-0.361797 0.798791
-0.368066 0.799715
-0.374340 0.799806
-0.380613 0.799931
-0.386883 0.800722
-0.393153 0.801472
-0.399426 0.801729
-0.405704 0.801041
-0.096447 0.851244
-0.102705 0.854296
-0.103801 0.854906
-0.090200 0.845850
-0.092671 0.848427
-0.083969 0.837436
-0.087116 0.841944
-0.082460 0.841797
-0.082433 0.835460
-0.078124 0.828979
-0.077602 0.828962
-0.077833 0.822484
-0.077745 0.822480
-0.077809 0.815540
-0.078032 0.815986
-0.077591 0.815960
-0.071594 0.804279
-0.074653 0.809503
-0.065343 0.799696
-0.070494 0.803027
-0.051225 0.796393
0.257856 0.790941
0.251589 0.792289
0.245316 0.792396
0.239035 0.791090
0.232749 0.788929
0.272082 0.788207
0.231434 0.788279
0.226461 0.786126
0.220175 0.783808
0.214702 0.781747
0.213888 0.781439
0.214157 0.781721
0.563973 0.789973
0.560318 0.792936
0.570215 0.783973
0.568270 0.786449
0.582713 0.774217
0.576456 0.777472
0.573866 0.779963
0.601750 0.773570
0.601531 0.773549
0.601898 0.773517
0.595256 0.773161
0.588983 0.773448
0.588355 0.773510
0.583597 0.773391
0.907650 0.772903
0.959091 0.771628
0.927831 0.771533
0.921049 0.771571
0.913898 0.767868
0.909679 0.771639
0.914397 0.771599
0.951767 0.765281
0.951527 0.765005
0.945226 0.759747
0.920129 0.759664
0.916168 0.765151
0.921095 0.765067
0.943186 0.758742
0.946451 0.758592
0.938938 0.757034
0.932663 0.756763
0.926388 0.756508
0.922204 0.758667
1.361750 0.826358
1.355482 0.827514
1.349199 0.825670
1.343877 0.821651
1.342899 0.820680
1.338867 0.815135
1.336577 0.811378
1.334810 0.808624
1.375385 0.802139
1.369555 0.802044
1.363153 0.802034
1.336513 0.799042
1.334217 0.802126
1.337728 0.801996
1.368925 0.795633
1.362729 0.795591
1.355288 0.790104
1.356808 0.795518
1.342749 0.791765
1.339819 0.795650
1.343965 0.795514
1.350865 0.789205
1.349009 0.789096
1.348606 0.789194
1.349978 0.789065
1.323812 0.769729
1.317538 0.769683
1.348897 0.767541
1.342621 0.766974
1.336349 0.767365
1.330082 0.768873
1.324873 0.769612
1.330810 0.769545
1.313156 0.769585
1.311264 0.769544
1.311283 0.769580
1.304988 0.769394
1.692702 0.775021
1.686429 0.775091
1.687715 0.780697
1.680153 0.774969
1.681168 0.780712
1.673883 0.775739
1.674844 0.780705
1.667616 0.776972
1.668681 0.780686
1.661348 0.778151
1.655080 0.779466
1.698966 0.773066
1.694945 0.774390
1.699840 0.774289
-1.733616 0.769071
-1.732394 0.772342
-1.739891 0.769095
-1.738965 0.772361
-1.746178 0.766411
-1.727358 0.765952
-1.727384 0.765995
-1.727354 0.765995
-1.746832 0.765941
-1.752474 0.762205
-1.724805 0.759509
-1.719827 0.759364
-1.726956 0.753004
-1.727428 0.752488
-1.733525 0.746484
-1.733734 0.746295
-1.740031 0.742072
-1.741815 0.739962
-1.739337 0.739892
-1.746329 0.737154
-1.714991 0.731181
-1.749377 0.733448
-1.719839 0.727053
-1.721292 0.725936
-1.720127 0.726894
-1.727588 0.721572
-1.752566 0.726944
-1.729289 0.720514
-1.733876 0.719007
-1.740156 0.717881
-1.746427 0.718275
-1.750344 0.720451
-1.745678 0.720385
-1.342457 0.783947
-1.348723 0.785351
-1.355000 0.784830
-1.336207 0.779234
-1.341357 0.783387
-1.335083 0.783285
-1.304177 0.776941
-1.311139 0.773851
-1.317420 0.772496
-1.323693 0.772579
-1.322295 0.776784
-1.329960 0.773968
-1.333792 0.776912
-1.329309 0.776848
-0.998667 0.788583
-1.004929 0.790831
-0.992410 0.785202
-0.997492 0.788072
-0.986169 0.778722
-0.987927 0.781597
-0.985329 0.781511
-0.984416 0.775111
-0.982633 0.768621
-0.978613 0.768476
-0.981450 0.762129
-0.979213 0.762040
-0.980023 0.754132
-0.980424 0.755636
-0.979821 0.755613
-0.978178 0.749150
-0.967565 0.736718
-0.973812 0.741857
-0.974540 0.742669
-0.973532 0.742635
-0.966802 0.736214
-0.129458 0.862367
-0.110664 0.856773
-0.116926 0.859411
-0.123191 0.861132
-0.125387 0.861537
-0.122963 0.861519
-0.104412 0.852587
-0.108094 0.855077
-0.098161 0.848133
-0.098639 0.848612
-0.097909 0.848582
-0.091920 0.841991
-0.092018 0.842143
-0.091861 0.842136
-0.085699 0.831702
-0.087739 0.835669
-0.084641 0.835537
-0.084295 0.829191
-0.082993 0.822703
0.272089 0.788215
0.265824 0.789943
0.259558 0.791435
0.253293 0.793134
0.247024 0.794300
0.247250 0.794603
0.240745 0.793255
0.284633 0.787539
0.285055 0.788206
0.278358 0.787254
0.272125 0.788206
0.279088 0.788137
0.628338 0.775804
0.622060 0.774980
0.615784 0.774535
0.609507 0.773921
0.603231 0.773421
0.601627 0.773344
0.603832 0.773282
0.596955 0.773076
0.590679 0.772886
0.584404 0.772724
1.005221 0.784820
1.019285 0.784371
1.012417 0.784424
1.003584 0.784519
1.005419 0.784497
0.998942 0.783877
0.992663 0.782900
0.986380 0.781298
0.980096 0.779371
0.976001 0.777912
0.980830 0.777840
0.973810 0.777025
0.967517 0.773312
0.964707 0.771388
0.968332 0.771315
0.961215 0.767959
0.958368 0.764881
0.954906 0.761265
1.429344 0.779206
1.430099 0.782237
1.423059 0.777242
1.424586 0.782115
1.397960 0.776391
1.418560 0.775794
1.416773 0.774781
1.417093 0.775744
1.410485 0.772048
1.404217 0.773146
1.401694 0.775730
1.395670 0.775712
1.398321 0.775678
1.391673 0.774112
1.385385 0.771437
1.379106 0.770415
1.877358 0.767942
-1.780944 0.767077
-1.787214 0.767812
-1.793485 0.768322
-1.799754 0.769233
-1.806019 0.771269
-1.762144 0.762697
-1.768410 0.764255
-1.774675 0.765847
-1.776572 0.766255
-1.780178 0.766151
-1.755108 0.759744
-1.741876 0.746708
-1.748314 0.733699
-1.748692 0.727254
-1.748748 0.720763
-1.457540 0.797808
-1.463806 0.799407
-1.470085 0.798387
-1.451290 0.792966
-1.456597 0.797051
-1.473468 0.797012
-1.476370 0.796135
-1.445061 0.784504
-1.449400 0.790579
-1.444789 0.784102
-1.438840 0.774175
-1.441145 0.777623
-1.436704 0.771150
-1.132670 0.783439
-1.126415 0.779846
-1.130429 0.782204
-1.120169 0.774522
-1.121255 0.775722
-1.113935 0.766803
-1.115244 0.769239
-1.081176 0.762682
-1.088886 0.757718
-1.110837 0.762755
-1.094664 0.756325
-1.095167 0.756230
-1.095045 0.756306
-1.101443 0.755882
-1.100878 0.756222
-1.107717 0.756000
-1.108407 0.756267
-1.106138 0.756095
-0.736989 0.787973
-0.743255 0.789577
-0.749524 0.790572
-0.755797 0.790712
-0.722760 0.786657
-0.730735 0.784135
-0.735001 0.786818
-0.730076 0.786756
-0.718240 0.774075
-0.716614 0.780186
-0.724491 0.778472
-0.726181 0.780354
-0.724173 0.780321
-0.711982 0.770711
-0.717893 0.773896
-0.483175 0.808649
-0.489454 0.807543
-0.475873 0.805147
-0.481592 0.805047
-0.492707 0.805220
-0.495756 0.802380
-0.499161 0.798695
-0.502067 0.795149
-0.504088 0.792180
-0.508384 0.786794
-0.509293 0.785664
-0.513610 0.779154
-0.514708 0.777212
-0.513592 0.779033
-0.517620 0.772645
-0.521031 0.767989
-0.522701 0.766136
-0.527330 0.763033
-0.533621 0.759805
-0.534174 0.759617
0.082652 0.821810
0.062411 0.809433
0.061731 0.808916
0.063426 0.808778
0.056113 0.804927
0.049830 0.803265
0.043557 0.803456
0.037284 0.803565
0.031013 0.804233
0.024740 0.804539
0.018468 0.804824
0.439279 0.815904
0.433007 0.816223
0.426726 0.814725
0.424444 0.813429
0.420430 0.810645
0.421552 0.813281
0.414991 0.806897
0.414133 0.806201
0.414548 0.806845
0.407845 0.803510
0.409244 0.806732
0.401564 0.802101
0.395285 0.801128
0.389007 0.800475
0.386767 0.800336
0.756036 0.774683
0.749761 0.774435
0.743482 0.773516
0.737204 0.772808
0.730930 0.772732
0.724660 0.773453
0.718393 0.774917
0.712133 0.777577
0.709811 0.779167
1.073076 0.788145
1.066814 0.790373
1.060536 0.789674
1.054249 0.787110
1.076951 0.784126
1.048545 0.784016
1.055601 0.783889
1.047957 0.783686
1.041671 0.781439
1.035392 0.780506
1.079291 0.776542
1.078177 0.777637
1.079954 0.777548
1.523684 0.794848
1.517547 0.794797
1.459587 0.788705
1.510227 0.788417
1.503486 0.784994
1.504441 0.788316
1.497210 0.784587
1.498331 0.788271
1.490933 0.783919
1.492521 0.788201
1.484654 0.782870
1.478382 0.783222
1.472112 0.784163
1.465848 0.786208
1.460439 0.788302
1.834258 0.806129
1.826789 0.796337
1.827670 0.799644
1.822627 0.793248
1.820468 0.787150
1.820884 0.793185
1.815744 0.793027
1.820286 0.786741
1.814165 0.781491
1.814909 0.786622
1.809356 0.786525
1.811348 0.780205
1.807875 0.778390
1.808176 0.780156
1.801576 0.773701
1.802919 0.780030
1.801503 0.773674
1.795296 0.772526
1.795776 0.773604
1.789021 0.772311
1.789773 0.773568
1.782744 0.771803
-1.546914 0.784744
-1.552904 0.784673
-1.560229 0.781868
-1.558535 0.784567
-1.566505 0.781416
-1.572784 0.780589
-1.579061 0.780005
-1.585340 0.779040
-1.588044 0.778184
-1.591622 0.777564
-1.597904 0.776208
-1.604180 0.775485
-1.181748 0.771535
-1.188013 0.773243
-1.194283 0.774114
-1.200553 0.774897
-1.206825 0.775365
-1.136179 0.769621
-1.161314 0.769517
-1.169243 0.763223
-1.168181 0.769568
-1.175489 0.768607
-1.177989 0.769665
-1.175183 0.769635
-1.149601 0.763184
-1.155861 0.763150
-1.162985 0.760173
-1.169228 0.763207
-1.162366 0.763152
-0.844006 0.819812
-0.850276 0.820623
-0.825212 0.814486
-0.831472 0.817123
-0.830158 0.819687
-0.837736 0.819050
-0.843903 0.819795
-0.837350 0.819768
-0.818955 0.811167
-0.822715 0.813361
-0.817875 0.813242
-0.812715 0.804465
-0.814425 0.806902
-0.811839 0.806792
-0.810930 0.800424
-0.809671 0.793937
-0.808903 0.787446
-0.806343 0.780931
-0.798884 0.774290
-0.508973 0.785742
-0.512436 0.779394
-0.516430 0.773004
-0.516514 0.772878
-0.521354 0.766358
-0.522745 0.765003
-0.521869 0.766236
-0.529042 0.760555
-0.530619 0.759821
-0.535328 0.758094
-0.533788 0.759633
-0.541611 0.756496
-0.547890 0.755517
-0.554171 0.754173
-0.558328 0.753249
-0.560453 0.752741
-0.153439 0.850494
-0.159710 0.851126
-0.158149 0.855353
-0.165981 0.851901
-0.164347 0.855327
-0.172252 0.852307
-0.178534 0.850774
-0.181454 0.848970
-0.184829 0.846746
-0.189308 0.842452
-0.191138 0.839934
-0.194547 0.835942
-0.197448 0.833209
-0.201133 0.829432
-0.203755 0.826785
-0.206793 0.822927
0.218326 0.781970
0.204201 0.778618
0.197925 0.778120
0.191650 0.778070
0.185377 0.778243
0.179107 0.778915
0.172839 0.780134
0.166573 0.781797
0.165884 0.782005
0.167014 0.781966
0.490184 0.852515
0.496436 0.848365
0.491169 0.851812
0.502676 0.841548
0.499554 0.845325
0.508912 0.834277
0.505268 0.838839
0.510225 0.832354
0.510020 0.825858
0.521359 0.814797
0.515100 0.817739
0.513284 0.819370
0.533873 0.808126
0.535592 0.812737
0.527617 0.811584
0.525198 0.812920
0.528393 0.812829
0.536214 0.806479
0.540979 0.806377
0.554082 0.799859
0.877084 0.791719
0.863681 0.791778
0.857022 0.789708
0.857481 0.791735
0.850742 0.788490
0.851563 0.791660
0.844456 0.786308
0.846001 0.791556
0.841796 0.785233
0.838169 0.783839
0.838671 0.785158
0.831881 0.781102
0.833530 0.785026
0.826748 0.778685
0.825592 0.778115
0.825878 0.778650
0.819303 0.775444
0.813016 0.772922
0.809671 0.772153
0.806735 0.771449
1.216869 0.815780
1.210627 0.821812
1.210247 0.822079
1.217036 0.815590
1.223104 0.808262
1.222445 0.809104
1.223466 0.809067
1.226321 0.802615
1.229311 0.795288
1.229096 0.796126
1.229512 0.796104
1.230842 0.789635
1.231031 0.783139
1.235474 0.773783
1.232919 0.776649
1.236650 0.776522
1.247980 0.765637
1.241720 0.768322
1.238920 0.770176
1.242915 0.770038
1.262091 0.763562
1.252446 0.763746
1.254661 0.763694
1.552634 0.810419
1.553814 0.813822
1.546371 0.812406
1.546839 0.813880
1.540102 0.813461
1.540233 0.813902
1.533829 0.813869
1.533842 0.813905
1.558888 0.806510
1.557701 0.807461
1.559137 0.807436
1.571375 0.794709
1.573046 0.800815
1.565133 0.800742
1.564880 0.800991
1.565195 0.800984
1.577619 0.788874
1.571573 0.794525
1.579207 0.794345
1.578643 0.788067
1.585171 0.787909
1.847378 0.809226
1.841112 0.810733
1.834824 0.808012
1.853617 0.802386
1.850805 0.806126
1.848219 0.805994
1.831946 0.806046
1.828524 0.802953
1.829405 0.805939
1.854111 0.799572
1.823724 0.799524
1.822227 0.798468
1.822788 0.799461
1.815927 0.793780
1.855183 0.792929
1.814943 0.793006
1.809622 0.787753
1.860508 0.786586
1.807743 0.786497
1.803319 0.782128
-1.342590 0.783399
-1.349151 0.783415
-1.355301 0.783391
-1.336657 0.776957
-1.343695 0.777029
-1.350487 0.772797
-1.350197 0.777035
-1.356767 0.771799
-1.356324 0.776998
-1.362204 0.776941
-1.324312 0.770537
-1.330651 0.770516
-1.337326 0.770542
-1.347568 0.770585
-1.344062 0.770577
-1.359587 0.770541
-1.363057 0.768773
-1.362899 0.770513
-1.369346 0.765713
-1.368713 0.770453
-1.336751 0.764142
-1.337986 0.763869
-1.337920 0.764126
-1.344259 0.763998
-1.345132 0.764101
-1.344242 0.764103
-1.374792 0.764006
-1.375631 0.763700
-1.375594 0.764001
-1.381915 0.761923
-1.031694 0.796672
-1.006636 0.789285
-1.012902 0.790947
-1.019168 0.792387
-1.025433 0.794141
-1.027536 0.794689
-0.994124 0.782304
-1.000377 0.786361
-1.003946 0.788252
-0.999150 0.788120
-0.993540 0.781799
-0.989763 0.775322
-0.987098 0.775220
-0.987922 0.768445
-0.988017 0.768836
-0.987876 0.768831
-0.980960 0.749269
-0.681834 0.761908
-0.669319 0.755550
-0.675577 0.758572
-0.679025 0.760397
-0.644247 0.751005
-0.650521 0.750876
-0.656791 0.751547
-0.663058 0.752970
-0.665280 0.753932
0.235846 0.788530
0.231039 0.786803
0.232323 0.788333
0.224753 0.784479
0.218466 0.782103
0.218056 0.781950
0.212182 0.780088
0.205902 0.779031
0.199625 0.778367
0.193350 0.778188
0.187077 0.778307
0.543545 0.808067
0.537284 0.810742
0.556050 0.799810
0.549795 0.803547
0.545443 0.806074
0.543986 0.806028
0.562297 0.794557
0.556344 0.799602
0.556134 0.799592
0.568533 0.787121
0.563394 0.793128
0.562851 0.793057
0.574772 0.780393
0.569085 0.786654
0.568955 0.786597
0.581021 0.775554
0.574998 0.780185
0.574925 0.780162
0.601435 0.773583
0.588700 0.773550
0.873019 0.799395
0.866756 0.801640
0.860478 0.800940
0.885533 0.792952
0.879277 0.796358
0.875854 0.797916
0.891777 0.786952
0.887668 0.791456
0.893192 0.784982
0.898002 0.777596
0.897354 0.778505
0.904222 0.767259
0.901154 0.772029
1.301567 0.764926
1.295288 0.764051
1.282737 0.763476
1.276468 0.764314
1.270199 0.765377
1.263932 0.766791
1.257670 0.769089
1.255961 0.769832
1.289337 0.763425
1.289011 0.763398
1.287291 0.763417
1.289025 0.763422
1.607814 0.789217
1.632870 0.781405
1.626609 0.783807
1.620345 0.785698
1.614078 0.787280
1.613180 0.787534
1.614211 0.787523
1.645388 0.775718
1.639132 0.779074
1.633602 0.781093
1.651646 0.772495
1.646994 0.774657
1.652814 0.774519
1.671855 0.768077
-1.620977 0.778626
-1.634371 0.776256
-1.640658 0.773785
-1.644813 0.772137
-1.646944 0.771338
-1.653231 0.768845
-1.659522 0.765650
-1.659656 0.765585
-1.659474 0.765580
-1.665809 0.762953
-1.672099 0.759979
-1.673858 0.759054
-1.671743 0.759021
-1.678392 0.756321
-1.255762 0.790519
-1.262030 0.791590
-1.268314 0.789825
-1.249511 0.785873
-1.254045 0.789535
-1.268956 0.789493
-1.268052 0.789468
-1.274599 0.787650
-1.280888 0.784879
-1.243278 0.778067
-1.247011 0.783066
-1.237025 0.773980
-1.241783 0.776594
-0.916530 0.742454
-0.920230 0.740180
-0.926519 0.737386
-0.957890 0.737313
-0.962785 0.742307
-0.930838 0.735890
-0.932805 0.734967
-0.932219 0.735810
-0.939088 0.733270
-0.937576 0.735699
-0.945365 0.732609
-0.951631 0.734152
-0.955176 0.735819
-0.950774 0.735744
-0.570382 0.753669
-0.590658 0.750546
-0.596939 0.749376
-0.603217 0.748536
-0.609492 0.748184
-0.615768 0.747849
-0.622042 0.747946
-0.628315 0.748095
-0.634586 0.748726
-0.601933 0.747065
-0.608503 0.747081
-0.615044 0.747095
-0.621185 0.747071
-0.333336 0.792307
-0.339599 0.794415
-0.345865 0.796018
-0.352135 0.796739
-0.358406 0.797273
-0.314551 0.785245
-0.320812 0.787690
-0.327073 0.790063
-0.330495 0.791276
-0.294186 0.784724
-0.313693 0.784857
-0.306800 0.784676
-0.016243 0.815953
-0.022516 0.816057
-0.028793 0.815574
-0.009980 0.813789
-0.014353 0.815563
-0.009310 0.815502
-0.029024 0.815532
-0.035073 0.814575
0.002514 0.803384
-0.003735 0.808150
-0.005070 0.809097
0.016627 0.802477
0.008778 0.801390
0.003874 0.802639
0.009680 0.802539
0.321177 0.801992
0.314906 0.802569
0.333696 0.796544
0.335020 0.800628
0.327438 0.799653
0.325352 0.800744
0.327743 0.800717
0.339949 0.792383
0.337760 0.794282
0.340359 0.794240
0.378988 0.787768
0.358727 0.783947
0.360304 0.787666
0.352456 0.784532
0.353657 0.787691
0.346194 0.786701
0.344321 0.787810
0.346546 0.787772
0.681943 0.778344
0.675662 0.777010
0.669383 0.775904
0.663104 0.775124
0.656826 0.774425
0.650549 0.773729
0.644273 0.773402
0.638591 0.773059
0.637996 0.773025
1.052570 0.791167
1.066711 0.790588
1.060205 0.790593
1.051872 0.790748
1.052756 0.790725
1.046276 0.787273
1.039987 0.784352
1.047797 0.784033
1.039327 0.784197
1.040075 0.784188
1.033707 0.783041
1.027430 0.782635
1.021153 0.782061
1.014878 0.781786
1.008600 0.781125
1.449895 0.784898
1.451412 0.788489
1.443630 0.786633
1.444349 0.788564
1.437358 0.787141
1.437833 0.788573
1.431077 0.785797
1.431877 0.788519
1.424788 0.782729
1.426076 0.788461
1.463615 0.782084
1.423893 0.782090
1.418490 0.778053
1.414683 0.775571
1.412193 0.773965
1.412809 0.775509
1.405909 0.771858
1.842799 0.808293
1.836532 0.809822
1.830246 0.807470
1.849042 0.802340
1.845602 0.805885
1.843480 0.805810
1.851324 0.799403
1.849800 0.799314
1.855264 0.792467
1.855049 0.792919
1.861484 0.782032
1.858697 0.786435
1.856287 0.786302
1.867723 0.775023
1.863278 0.779957
1.861943 0.779889
1.873979 0.771675
1.870545 0.773495
1.868270 0.773406
-1.659349 0.765821
-1.661223 0.765230
-1.659672 0.765603
-1.667507 0.763268
-1.673791 0.761290
-1.678172 0.759239
-1.680082 0.758172
-1.686371 0.755274
-1.691788 0.752700
-1.692662 0.752020
-1.698581 0.746187
-1.698969 0.745687
-1.703982 0.739680
-1.705279 0.738864
-1.257463 0.790121
-1.263729 0.791724
-1.270005 0.791152
-1.256876 0.789763
-1.273847 0.789683
-1.276291 0.789066
-1.282578 0.786580
-1.288868 0.783349
-1.289333 0.783135
-1.288649 0.783112
-1.295157 0.780546
-1.301440 0.778863
-1.307716 0.778547
-0.866928 0.807242
-0.873259 0.800717
-0.885585 0.774832
-0.886999 0.771378
-0.887985 0.768324
-0.886181 0.768209
-0.892047 0.761808
-0.893331 0.760088
-0.897312 0.755287
-0.899645 0.752671
-0.904129 0.748760
-0.905946 0.747397
-0.912238 0.743794
-0.915606 0.742222
-0.918528 0.740732
-0.924813 0.738519
-0.931094 0.737143
-0.937375 0.736010
-0.568786 0.753637
-0.562419 0.753463
-0.570122 0.753343
-0.576405 0.751653
-0.582688 0.749948
-0.588970 0.748336
-0.595249 0.747323
-0.597881 0.747029
-0.594855 0.746992
-0.601527 0.746636
-0.607803 0.746327
-0.614078 0.746115
-0.331642 0.791291
-0.287750 0.786218
-0.294030 0.785036
-0.306578 0.784939
-0.312848 0.785873
-0.319115 0.787309
-0.325378 0.789320
-0.331013 0.791081
-0.297795 0.784683
-0.300307 0.784493
-0.303045 0.784661
-0.300209 0.784659
0.139824 0.790740
0.158603 0.782299
0.152343 0.784915
0.146083 0.787887
0.144553 0.788637
0.183679 0.778424
0.177407 0.778930
0.171137 0.779752
0.164869 0.780732
0.158998 0.782175
0.488463 0.848169
0.489939 0.851832
0.482199 0.850342
0.482776 0.851908
0.475921 0.849567
0.494703 0.841737
0.492647 0.845500
0.495246 0.845445
0.471678 0.845449
0.469616 0.843449
0.496599 0.839017
0.501822 0.838927
0.494663 0.833985
0.466054 0.838943
0.508485 0.832399
0.501424 0.832474
0.494204 0.832513
0.494747 0.832502
0.508546 0.825892
0.500870 0.821133
0.501606 0.825951
0.494622 0.825946
0.494585 0.826017
0.494630 0.826017
0.463220 0.825945
0.513381 0.813858
0.507130 0.818342
0.503999 0.819561
0.507432 0.819534
0.520552 0.813013
0.488149 0.787655
0.481876 0.787882
0.488883 0.787018
0.488132 0.784345
0.488353 0.786991
0.481855 0.783832
0.481306 0.786993
0.481990 0.786981
0.998454 0.784568
0.978412 0.782182
0.972128 0.780113
0.968619 0.778104
0.973178 0.777980
0.965835 0.776666
0.960212 0.771574
0.959531 0.770779
0.955940 0.765061
0.953211 0.762018
0.947609 0.758539
0.946918 0.758167
0.940637 0.757009
0.934360 0.756546
1.369712 0.824031
1.363444 0.825325
1.357170 0.825106
1.350879 0.822128
1.382224 0.817292
1.375970 0.820967
1.374364 0.821546
1.370153 0.821468
1.363916 0.821442
1.357609 0.821428
1.350007 0.821461
1.350990 0.821451
1.344585 0.818260
1.384708 0.815104
1.382899 0.814992
1.377444 0.814865
1.371147 0.814850
1.364678 0.814856
1.358228 0.814862
1.351747 0.814872
1.339109 0.814942
1.345250 0.814886
1.338290 0.814068
1.382170 0.806746
1.382606 0.808533
1.375882 0.804041
1.377061 0.808409
1.369599 0.802234
1.370848 0.808383
1.363327 0.802625
1.364217 0.808405
1.357776 0.808409
1.351663 0.808379
1.345403 0.808371
1.338233 0.803159
1.332873 0.808437
1.360550 0.802002
1.357025 0.797194
1.357187 0.801973
1.351094 0.801937
1.344491 0.800111
1.342736 0.801954
1.344567 0.801949
1.355803 0.795489
1.350710 0.789485
1.347649 0.795466
1.351270 0.795417
1.350740 0.788974
1.345006 0.788903
1.351588 0.782383
1.345197 0.782384
1.375706 0.770053
1.331790 0.770538
1.374331 0.769584
1.369421 0.768042
1.363148 0.768109
1.364234 0.769398
1.356879 0.769106
1.357088 0.769481
1.350601 0.768537
1.351075 0.769434
1.344326 0.768277
1.344849 0.769416
1.338057 0.769112
1.335925 0.769453
1.338203 0.769442
1.688165 0.782374
1.681898 0.783641
1.700678 0.775385
1.694421 0.778829
1.691628 0.780658
1.725738 0.768675
1.719469 0.769577
1.713207 0.771797
1.706942 0.773441
1.704061 0.774195
1.733393 0.767630
-1.512898 0.784527
-1.519171 0.784915
-1.525443 0.785284
-1.531715 0.785634
-1.537985 0.786328
-1.544256 0.787031
-1.550530 0.787106
-1.493227 0.784493
-1.506627 0.784002
-1.512830 0.784519
-1.512863 0.784513
-1.517937 0.784336
-1.128344 0.775931
-1.136139 0.769821
-1.135062 0.775963
-1.141213 0.775925
-1.147313 0.775887
-1.153567 0.775871
-1.161234 0.770136
-1.159977 0.775875
-1.167492 0.773203
-1.173762 0.774215
-1.180035 0.774347
-1.137125 0.769610
-1.142417 0.768990
-1.142297 0.769566
-1.148693 0.768845
-1.148522 0.769531
-1.154968 0.768671
-1.159609 0.769513
-1.154768 0.769504
-0.708528 0.781513
-0.702294 0.773788
-0.707241 0.780015
-0.696047 0.768490
-0.701975 0.773524
-0.683534 0.761852
-0.689793 0.764777
-0.693767 0.767045
-0.664748 0.754916
-0.671011 0.756996
-0.677272 0.759389
-0.680189 0.760593
-0.663931 0.754053
-0.360101 0.798291
-0.366370 0.799190
-0.372642 0.799511
-0.378913 0.800015
-0.385184 0.800737
-0.335029 0.793546
-0.341292 0.795700
-0.347558 0.797092
-0.353829 0.797750
-0.355847 0.797899
-0.359361 0.797800
-0.016346 0.815569
-0.022630 0.815555
-0.028802 0.815533
-0.011715 0.806961
-0.010888 0.809193
-0.017981 0.808478
-0.017740 0.809244
-0.024255 0.808613
-0.024090 0.809228
-0.030529 0.808584
-0.030381 0.809206
-0.036811 0.807030
-0.036349 0.809151
-0.043103 0.803532
-0.042178 0.809092
-0.049370 0.804812
-0.048691 0.809107
-0.055626 0.808243
-0.055446 0.809144
0.001976 0.802708
0.318976 0.794497
0.311456 0.792663
0.312250 0.794530
0.305182 0.792576
0.306008 0.794500
0.298902 0.791593
0.300165 0.794426
0.292624 0.790833
0.286347 0.790246
0.280070 0.789535
0.273797 0.790020
0.267528 0.790860
0.261261 0.792286
0.331679 0.788038
0.655132 0.775326
0.648856 0.774934
0.642582 0.775046
0.636307 0.774787
0.630031 0.774348
0.623754 0.773754
0.617479 0.773789
0.611204 0.773579
0.637956 0.773062
0.631103 0.773109
0.624230 0.773158
0.617971 0.773147
1.032020 0.785517
1.025744 0.785186
1.032868 0.784285
1.020830 0.784352
1.026317 0.784295
1.019465 0.784126
1.013188 0.783477
1.006909 0.782695
1.000630 0.781794
0.994349 0.780424
0.988064 0.778296
0.986525 0.777753
0.988373 0.777726
0.981778 0.775872
1.357052 0.788812
1.356652 0.782315
1.402526 0.774653
1.396252 0.774930
1.397368 0.775788
1.389974 0.774002
1.383690 0.772093
1.377406 0.770150
1.364862 0.771097
1.358608 0.774881
1.358852 0.775797
1.373796 0.769352
1.371123 0.768654
1.368520 0.769339
1.371668 0.769288
1.820443 0.786746
1.813950 0.780246
1.806639 0.773864
1.799864 0.771135
1.801567 0.773675
1.793588 0.770789
1.787316 0.771062
1.781040 0.770860
1.774760 0.769670
1.768483 0.769055
1.762203 0.767961
1.758239 0.767261
1.755923 0.766865
-1.573530 0.778336
-1.579859 0.778314
-1.587046 0.777606
-1.586004 0.778272
-1.593321 0.777526
-1.599599 0.776890
-1.605874 0.776618
-1.612150 0.776213
-1.618426 0.775784
-1.624706 0.774889
-1.630984 0.774000
-1.195995 0.771637
-1.202262 0.772992
-1.208532 0.773657
-1.214805 0.774080
-1.221079 0.774065
-1.227351 0.774382
-1.182260 0.769715
-1.189733 0.769407
-1.191348 0.769844
-1.189496 0.769820
-1.169246 0.763207
-0.829756 0.820509
-0.817239 0.814237
-0.823496 0.817482
-0.827922 0.819651
-0.810996 0.808408
-0.815805 0.813176
-0.809799 0.806695
-0.807585 0.800204
-0.806532 0.793712
-0.803456 0.793565
-0.804834 0.786866
-0.805008 0.787220
-0.804733 0.787209
-0.798618 0.775387
-0.801884 0.780736
-0.797019 0.780560
-0.797756 0.774258
-0.790708 0.774071
-0.765862 0.767710
-0.771894 0.767643
-0.778344 0.767638
-0.785023 0.767666
-0.794636 0.767777
-0.791686 0.767691
-0.772466 0.761225
-0.778846 0.761208
-0.785299 0.761203
-0.793643 0.761287
-0.792067 0.761242
-0.785692 0.754760
-0.792455 0.753967
-0.792998 0.754795
-0.792340 0.754781
-0.487765 0.805781
-0.462689 0.801844
-0.468962 0.801986
-0.475231 0.803112
-0.481496 0.804773
-0.482921 0.805030
-0.489496 0.805010
-0.487253 0.804959
-0.494053 0.803080
-0.499435 0.798491
-0.500355 0.797573
-0.504401 0.791985
-0.506674 0.788984
-0.509435 0.785480
-0.082245 0.842461
-0.081722 0.841778
-0.076010 0.834884
-0.076282 0.835287
-0.075906 0.835278
-0.070431 0.828800
-0.069523 0.828776
-0.069922 0.822304
-0.069726 0.822296
-0.073689 0.815799
-0.069892 0.804731
-0.072760 0.809302
-0.031681 0.802880
-0.038554 0.798468
-0.037646 0.802809
-0.043249 0.802703
-0.051112 0.796681
-0.049720 0.802709
-0.057364 0.800812
-0.056782 0.802781
-0.063633 0.801733
-0.066685 0.802820
-0.063247 0.802786
-0.042813 0.796416
-0.044843 0.795760
-0.049328 0.796386
-0.044650 0.796379
0.425991 0.813544
0.412421 0.803721
0.406131 0.800607
0.406112 0.800598
0.399839 0.797330
0.400869 0.800438
0.393558 0.795996
0.394966 0.800380
0.387282 0.795515
0.388946 0.800344
0.381004 0.794655
0.368453 0.794236
0.362183 0.795094
0.376610 0.793993
0.374724 0.793732
0.371588 0.793981
0.374788 0.793981
0.696203 0.780729
0.689930 0.780980
0.702467 0.778966
0.700923 0.779548
0.703135 0.779463
0.683757 0.779477
0.683647 0.779450
0.683666 0.779474
0.677365 0.777827
0.678415 0.779348
0.671085 0.776553
0.664806 0.775570
0.658527 0.774638
1.074765 0.785963
1.068494 0.786800
1.062213 0.785462
1.081012 0.780810
1.078658 0.783902
1.057850 0.783860
1.099789 0.772174
1.093516 0.772435
1.087255 0.775002
1.083909 0.777423
1.550444 0.801236
1.543721 0.801269
1.537305 0.801256
1.530347 0.797600
1.531134 0.801211
1.524066 0.796384
1.525051 0.801161
1.517789 0.795777
1.519003 0.801113
1.515398 0.794754
1.511502 0.793129
1.511902 0.794690
1.505218 0.791161
1.506319 0.794597
1.498940 0.790360
1.492656 0.788583
1.491219 0.788183
1.486373 0.786878
1.480100 0.786990
1.856905 0.781343
1.854799 0.786236
1.863144 0.774422
1.857941 0.779741
1.875661 0.768461
1.869397 0.770390
1.864811 0.773256
-1.809433 0.768080
-1.815703 0.768849
-1.814350 0.772883
-1.821977 0.768746
-1.820862 0.772892
-1.828250 0.769122
-1.827113 0.772875
-1.834536 0.766659
-1.832987 0.772827
-1.834774 0.766484
-1.840827 0.763414
-1.839806 0.766368
-1.847118 0.760083
-1.847365 0.759956
-1.853406 0.757612
-1.449577 0.795697
-1.451050 0.796879
-1.443342 0.788235
-1.445010 0.790391
-1.440446 0.783904
-1.437125 0.777367
-1.437153 0.777415
-1.437094 0.777412
-1.430902 0.767308
-1.433095 0.770930
-1.424667 0.759723
-1.428732 0.764450
-1.418424 0.753844
-1.422946 0.757977
-1.412177 0.748605
-1.415566 0.751517
-1.410958 0.751366
-1.398332 0.744911
-1.039659 0.798222
-1.045925 0.799781
-1.052218 0.796122
-1.014611 0.788891
-1.020880 0.789941
-1.027142 0.792326
-1.033403 0.794797
-1.033572 0.794860
-1.033319 0.794851
-1.053613 0.794817
-1.008347 0.787102
-1.012744 0.788450
-1.007523 0.788357
-0.994368 0.781830
-0.738723 0.781418
-0.737283 0.786847
-0.744984 0.783799
-0.744040 0.786884
-0.751249 0.785500
-0.750745 0.786916
-0.757520 0.786036
-0.757185 0.786916
-0.763796 0.785892
-0.763442 0.786897
-0.770076 0.784791
-0.769393 0.786852
-0.776357 0.783412
-0.737225 0.780549
-0.731697 0.780463
-0.782340 0.780401
-0.782647 0.780289
-0.782608 0.780397
-0.718380 0.773914
-0.409090 0.803383
-0.415369 0.802417
-0.421650 0.801044
-0.427930 0.799991
-0.434211 0.798608
-0.426567 0.798135
-0.435554 0.798269
-0.433926 0.798238
-0.440492 0.797241
-0.446769 0.796736
-0.453042 0.796946
-0.459313 0.797547
-0.157987 0.855736
-0.164262 0.855498
-0.118942 0.855297
-0.125562 0.855316
-0.132905 0.853091
-0.132087 0.855323
-0.139174 0.853895
-0.138607 0.855330
-0.145447 0.854193
-0.144963 0.855317
-0.151717 0.855077
-0.154283 0.855345
-0.151602 0.855341
-0.165151 0.855316
-0.170542 0.854424
-0.176831 0.851611
-0.106223 0.848834
-0.180867 0.848792
0.514030 0.832185
0.513321 0.825687
0.535596 0.812746
0.529331 0.814537
0.523062 0.815447
0.516800 0.817786
0.515578 0.819191
0.541851 0.808980
0.535611 0.812737
0.535608 0.812735
0.530087 0.812640
0.523903 0.812624
0.554354 0.800305
0.548099 0.804022
0.544720 0.806273
0.560598 0.794654
0.555074 0.799824
0.567891 0.786740
0.574244 0.780261
0.877561 0.793061
0.871300 0.795504
0.872452 0.797972
0.865032 0.796949
0.865437 0.798040
0.858759 0.797039
0.859167 0.798020
0.852476 0.795232
0.846186 0.792240
0.880351 0.791664
0.884846 0.791536
0.844959 0.791534
0.839893 0.788715
0.833601 0.785223
0.833282 0.785019
1.232709 0.795955
1.234121 0.789458
1.237199 0.778826
1.235183 0.782962
1.243434 0.771251
1.238460 0.776469
1.262218 0.763802
1.255956 0.766148
1.249693 0.768354
1.245576 0.769987
1.250512 0.769910
1.282690 0.763405
1.274754 0.761638
1.275945 0.763441
1.268485 0.762505
1.263312 0.763549
1.269100 0.763490
1.702370 0.774174
1.727434 0.767967
1.721164 0.768843
1.714900 0.770769
1.708634 0.772305
1.702858 0.774009
1.746252 0.767284
1.739978 0.767213
1.733706 0.767460
1.732410 0.767583
1.728612 0.767434
-1.856522 0.753825
-1.863110 0.751492
-1.869395 0.749316
-1.478382 0.790729
-1.486088 0.787437
-1.492376 0.784885
-1.523747 0.784742
-1.530016 0.785577
-1.493632 0.784364
-1.498658 0.783197
-1.497051 0.784157
-1.504931 0.783506
-1.511202 0.783986
-1.517476 0.784154
-1.519180 0.784281
-1.041369 0.796172
-1.047637 0.797453
-1.035114 0.792465
-1.038964 0.795068
-1.053055 0.795008
-1.053929 0.793994
-1.053393 0.794941
-1.014848 0.788475
-1.021688 0.788527
-1.057580 0.788496
-1.060253 0.784145
-1.058668 0.788326
-1.062278 0.781984
-1.066554 0.778932
-1.069911 0.775467
-1.072864 0.772224
-1.075546 0.768958
-1.079168 0.766324
-1.085196 0.762447
-0.806312 0.806523
-0.803089 0.795526
-0.804180 0.800028
-0.802560 0.793532
-0.796890 0.781075
-0.800096 0.787038
-0.738939 0.780572
-0.745718 0.780614
-0.752343 0.780632
-0.758713 0.780614
-0.764852 0.780566
-0.770870 0.780510
-0.776978 0.780473
-0.790651 0.774310
-0.796475 0.780547
-0.762744 0.774180
-0.765567 0.772009
-0.765426 0.774146
-0.771861 0.768048
-0.771443 0.774082
-0.778125 0.769909
-0.777754 0.774062
-0.784384 0.773010
-0.789029 0.774069
-0.784225 0.774066
-0.267225 0.786929
-0.273495 0.787705
-0.279766 0.788269
-0.286039 0.788376
-0.292315 0.788077
-0.298593 0.787451
-0.304867 0.787365
-0.311141 0.787351
-0.260114 0.784492
0.089284 0.824520
0.096393 0.821700
0.083384 0.821762
0.082995 0.821599
0.076699 0.817533
0.073460 0.815222
0.078386 0.815031
0.070400 0.812682
0.064664 0.808694
0.071763 0.808553
0.064103 0.808187
0.057808 0.803988
0.051530 0.803239
0.045260 0.804208
0.038990 0.804891
0.065694 0.802021
0.058884 0.802063
0.887235 0.793459
0.893466 0.785184
0.889438 0.791267
0.893698 0.784777
0.893578 0.784766
0.899695 0.776490
0.898196 0.778289
0.905923 0.767568
0.902762 0.771805
0.907174 0.771680
0.951381 0.765301
0.912169 0.762052
0.908191 0.765327
0.913236 0.765214
0.924695 0.757846
0.918424 0.758490
0.918019 0.758870
0.918861 0.758813
1.335979 0.808706
1.335879 0.802219
1.322107 0.768445
1.323646 0.769629
1.315829 0.767812
1.317460 0.769602
1.309552 0.767205
1.303276 0.766841
1.297001 0.766541
1.290727 0.766593
1.284456 0.767222
1.634581 0.783503
1.653363 0.775936
1.647103 0.778637
1.640841 0.780892
1.640784 0.780913
1.640862 0.780911
1.692533 0.774403
1.686230 0.774378
1.680002 0.774347
1.672150 0.769106
1.673545 0.774347
1.665889 0.771518
1.666914 0.774370
1.659623 0.773276
1.656256 0.774460
1.660129 0.774410
1.674696 0.768048
1.678742 0.768020
