1.467462 1.160628
1.467019 1.161291
1.467574 1.161076
1.467879 1.160114
1.474945 1.157230
1.468146 1.158815
1.474817 1.156195
1.335627 1.122751
1.333868 1.123452
1.467915 1.157420
1.474787 1.154834
1.336280 1.122707
1.335872 1.121630
1.341861 1.122779
1.341646 1.122780
0.233824 0.818625
0.238506 0.815216
0.237273 0.818150
0.237245 0.818152
0.237281 0.818131
0.048983 0.765934
0.046362 0.766504
0.044235 0.760154
0.031370 0.757999
0.025581 0.754600
0.006302 0.755965
0.049115 0.765863
0.048975 0.765609
0.049082 0.765462
0.031253 0.756908
0.008390 0.755128
1.627535 1.115880
1.625137 1.114627
1.621229 1.112881
1.617385 1.111202
1.614928 1.110143
1.609968 1.107897
1.608624 1.107247
1.293919 1.023284
1.293464 1.021771
1.294815 1.020482
1.294445 1.020675
0.403658 0.776608
0.417364 0.775566
0.404156 0.776583
0.410450 0.776221
0.423894 0.774775
0.417039 0.775217
0.409864 0.775495
0.407400 0.776049
0.410157 0.775761
2.065427 1.139997
2.065100 1.139751
2.065514 1.139507
2.008932 1.123966
2.009902 1.121568
2.002672 1.122950
1.998559 1.122248
2.003006 1.122164
2.061735 1.137488
2.066443 1.134645
2.059089 1.135765
2.021437 1.125526
2.022834 1.121956
2.015186 1.124821
2.012633 1.124554
2.015549 1.123954
1.940916 1.101766
1.934158 1.101862
1.927641 1.101088
1.921203 1.100030
1.915176 1.097488
1.909933 1.092121
2.057781 1.135103
2.059472 1.134035
2.021504 1.125534
2.028911 1.122833
1.941345 1.098699
1.934368 1.099587
1.927783 1.099056
1.921555 1.097238
1.915718 1.094008
1.909908 1.090682
1.928975 1.093259
1.922569 1.092085
1.916322 1.090331
1.910084 1.088546
1.669994 1.029269
1.667998 1.029671
1.676239 1.029760
1.671928 1.029335
1.315794 0.932807
1.315527 0.931343
1.314878 0.929822
0.967077 0.835556
0.967184 0.835484
0.829013 0.797923
0.968499 0.834463
0.827492 0.797331
0.822714 0.795197
0.820398 0.794075
0.816410 0.792311
0.653273 0.749025
0.811168 0.790300
0.810116 0.789914
0.651131 0.748128
0.653612 0.747437
0.646979 0.746545
0.643155 0.744652
0.640671 0.743516
0.609291 0.734873
0.606504 0.734994
0.603991 0.730641
0.496354 0.705071
0.611610 0.734999
0.609660 0.733002
0.604493 0.727344
0.502602 0.705604
0.498567 0.705194
0.496685 0.703376
0.507252 0.706142
0.503474 0.701691
0.497854 0.697668
2.361167 1.112471
2.360450 1.110882
2.360016 1.109403
2.252260 1.081015
2.187804 1.059545
2.180964 1.059936
2.174448 1.059157
2.168169 1.057527
2.155237 1.054223
2.148980 1.053281
2.251709 1.079503
2.187856 1.057834
2.181056 1.058081
2.174443 1.057650
2.168090 1.056282
2.161492 1.055096
2.156305 1.054369
2.161664 1.055177
2.251406 1.078093
2.181428 1.055244
2.174403 1.056302
2.167746 1.055882
2.166573 1.055711
2.167794 1.055857
1.916764 0.989184
1.923005 0.989449
1.919246 0.989195
1.918314 0.982892
1.935508 0.990931
1.929254 0.990098
1.926927 0.989841
1.734743 0.938393
1.935819 0.989630
1.740988 0.938794
1.737543 0.938588
1.747230 0.939170
1.744336 0.939010
1.315239 0.821877
1.314220 0.821290
1.315203 0.818089
1.311443 0.819500
1.307898 0.817715
1.046211 0.746897
1.051561 0.744628
1.045525 0.745358
1.051906 0.741887
0.611284 0.626796
0.610671 0.626703
0.567348 0.614584
0.617522 0.627014
0.616931 0.626979
0.563084 0.612788
0.568211 0.610733
0.561045 0.611743
0.561704 0.608447
3.007566 0.787251
3.008689 0.786182
2.768218 0.720274
2.761967 0.719578
2.759316 0.719137
2.762384 0.718354
2.769692 0.720482
2.775447 0.718280
2.768208 0.719860
2.645764 0.686467
3.611515 0.638161
3.609804 0.636321
3.564808 0.624470
3.512862 0.610805
3.566747 0.623627
3.568468 0.621322
3.513108 0.609481
3.511729 0.607412
3.417127 0.582174
3.415056 0.582285
3.417801 0.580460
3.323703 0.558234
3.323029 0.557947
3.323135 0.557682
3.316728 0.555226
3.315110 0.554589
3.311068 0.551122
3.305276 0.547726
3.299532 0.544162
3.256902 0.539258
3.254240 0.537201
3.254230 0.536100
3.503569 0.509805
3.497299 0.508344
3.491017 0.506371
1.477299 1.156017
1.482803 1.153170
1.477862 1.154792
1.482483 1.152819
1.334672 1.117090
1.332142 1.112314
1.478336 1.153578
1.482158 1.152520
1.337297 1.115482
1.335410 1.115897
1.338515 1.115363
1.337703 1.113536
0.240439 0.813793
0.245240 0.813449
0.244618 0.813511
0.245522 0.812680
0.025619 0.754592
0.044428 0.759025
0.040222 0.758314
0.037626 0.757632
0.038214 0.757594
0.025594 0.753566
0.025486 0.754439
0.046021 0.758461
0.044378 0.757007
0.044737 0.756835
0.038123 0.756090
0.037612 0.756245
0.038213 0.756084
0.025769 0.753124
0.025604 0.752995
0.013012 0.748882
0.011843 0.749456
0.013815 0.746945
0.026126 0.749640
0.013937 0.748665
1.924213 1.191263
1.917932 1.189297
1.911657 1.187643
1.905386 1.186157
1.931915 1.187415
1.924737 1.189021
1.917944 1.189246
1.911663 1.187619
1.905671 1.184952
1.899924 1.181400
1.625243 1.108082
1.622935 1.107087
1.616975 1.104514
1.616635 1.104352
1.617341 1.101883
1.611308 1.101662
1.610324 1.101228
1.611257 1.098047
1.599349 1.090961
1.295351 1.015689
1.295692 1.014416
0.424155 0.774455
0.421657 0.774615
0.424581 0.773813
0.425272 0.774176
0.431712 0.770849
0.431032 0.771839
2.077539 1.123304
2.076786 1.122860
2.077017 1.122294
2.071571 1.117660
2.057936 1.116783
2.051678 1.115784
2.070651 1.120095
2.070483 1.120005
2.070506 1.119971
2.064204 1.118163
2.059136 1.117063
2.064318 1.118008
1.965623 1.092461
1.964220 1.090692
1.891407 1.071530
1.889734 1.066316
1.964414 1.089378
1.894734 1.070760
1.894049 1.070836
1.889785 1.064602
1.778166 1.040337
1.782348 1.039338
1.775513 1.038911
1.900969 1.070849
1.898838 1.070747
1.895208 1.067845
1.890055 1.062135
1.819384 1.048521
1.813114 1.047000
1.806835 1.045188
1.782984 1.035511
1.772094 1.037344
1.775812 1.037103
1.756642 1.031942
1.755172 1.032888
1.751090 1.029144
1.668807 1.008937
1.662556 1.008290
1.845482 1.051455
1.839029 1.050443
1.832853 1.048434
1.825649 1.049830
1.820205 1.048676
1.826231 1.048037
1.805859 1.044890
1.800555 1.043299
1.801059 1.041689
1.794271 1.041243
1.795370 1.037917
1.789394 1.035184
1.782999 1.033966
1.769656 1.035342
1.776189 1.034249
1.769186 1.035108
1.762899 1.032903
1.756736 1.031935
1.756647 1.031889
1.751234 1.027123
1.675055 1.009507
1.671138 1.009381
1.669378 1.006689
1.693855 1.013582
1.687583 1.012041
1.681312 1.010508
1.677183 1.009617
1.675779 1.006395
1.320828 0.913007
1.321611 0.911837
1.325191 0.906571
1.324109 0.909015
0.972152 0.816374
0.974666 0.816338
0.979431 0.813634
0.827810 0.776892
0.977066 0.815623
0.978635 0.815027
0.824249 0.775355
0.821511 0.774195
0.815218 0.771751
0.813500 0.771149
0.808927 0.769468
0.802643 0.767401
0.796364 0.765548
0.790095 0.764110
0.791216 0.761018
0.783826 0.762674
0.784650 0.760419
0.777535 0.760342
0.777458 0.760309
0.665752 0.730859
0.645744 0.724238
0.590803 0.711137
0.665301 0.729392
0.645854 0.724261
0.645728 0.724229
0.645760 0.724173
0.590239 0.709600
0.590581 0.704633
0.495140 0.683591
0.493875 0.684234
0.495582 0.683297
2.354908 1.130541
2.354052 1.128937
2.243350 1.099789
2.353939 1.127564
2.243995 1.098577
2.243794 1.097178
2.114034 1.057010
2.107038 1.057967
2.100366 1.057751
2.094114 1.056017
2.088328 1.052604
2.082734 1.048497
2.046340 1.045155
2.050516 1.043299
2.113234 1.058410
2.106166 1.058738
2.106454 1.058585
2.099904 1.057552
2.099968 1.057698
2.093832 1.055540
2.087964 1.052420
2.082031 1.049536
2.075957 1.047156
2.069897 1.044731
2.063778 1.042516
2.057511 1.040837
2.044621 1.043322
2.050537 1.041713
2.043434 1.042545
1.911669 1.007538
1.908976 1.007617
1.912431 1.005649
1.842649 0.989218
2.081554 1.049797
2.075320 1.047994
2.069158 1.045932
2.063061 1.043635
2.056862 1.041711
2.050390 1.040768
2.041527 1.041163
2.043691 1.040651
1.917908 1.007726
1.913652 1.007454
1.919263 1.003760
1.848896 0.989735
1.845406 0.989489
1.843123 0.987013
1.837172 0.984195
1.830435 0.984213
1.821474 0.983193
1.823895 0.983524
1.817534 0.981859
1.924154 1.008304
1.920541 1.007917
1.925118 1.005443
1.855136 0.989958
1.852518 0.989983
1.849515 0.986726
1.843941 0.982541
1.837815 0.980358
1.831253 0.979743
1.824667 0.979214
1.813893 0.979807
1.817938 0.979206
1.811221 0.978587
1.792379 0.972802
1.723363 0.954622
1.717111 0.953895
1.714622 0.953680
1.718306 0.950067
1.859040 0.990368
1.855639 0.987455
1.850348 0.982242
1.825231 0.975692
1.818569 0.975441
1.805574 0.976261
1.811819 0.975509
1.804925 0.976047
1.798652 0.974419
1.795403 0.973578
1.792093 0.972705
1.792436 0.972571
1.786089 0.970545
1.729616 0.955453
1.723629 0.954660
1.735871 0.956335
1.734336 0.956139
1.318262 0.843796
1.315408 0.841675
1.315362 0.841643
1.312833 0.839631
1.027427 0.760369
1.019886 0.761093
1.020510 0.761039
1.020412 0.759547
1.019766 0.759672
1.020524 0.759469
0.606163 0.644149
0.599911 0.643394
0.598561 0.643245
0.600789 0.640451
0.534157 0.626293
0.537973 0.624208
0.530875 0.624396
0.538680 0.620138
0.529797 0.623765
0.531176 0.622931
2.365021 1.085788
2.364236 1.084184
2.364429 1.078059
2.270577 1.059538
2.218496 1.044515
2.363154 1.082541
2.362788 1.081949
2.363168 1.081116
2.271900 1.058493
2.276506 1.053724
2.218086 1.044326
2.218684 1.043750
2.272828 1.057382
2.276260 1.053121
2.212885 1.041579
2.219930 1.037741
2.212182 1.041204
2.205880 1.038451
2.205500 1.038292
2.206118 1.037525
1.910947 0.958808
1.909006 0.958805
1.905835 0.953521
1.917168 0.958348
1.914210 0.958799
1.911840 0.954631
1.862295 0.939069
1.856037 0.937359
1.760324 0.917366
1.917385 0.958303
1.917222 0.958042
1.766573 0.917991
1.763083 0.917619
1.772825 0.918757
1.772270 0.918688
1.773140 0.917705
1.327265 0.797511
1.327494 0.797408
1.327255 0.797122
1.325980 0.795643
1.327718 0.794194
1.109160 0.731112
1.102506 0.730832
1.095836 0.730611
1.086689 0.731251
1.089085 0.730679
1.082474 0.729055
1.109135 0.729688
1.102644 0.728820
1.096265 0.727545
1.089719 0.726870
1.081382 0.728468
1.082672 0.728012
1.076168 0.726114
1.083644 0.723029
0.605455 0.595995
0.599178 0.594214
0.592906 0.592650
0.586626 0.590787
2.410923 0.973934
2.413760 0.968341
2.410759 0.972508
2.410276 0.971039
2.436939 0.884545
2.438160 0.883489
2.443297 0.879950
2.442874 0.880013
2.637515 0.809157
2.638692 0.803379
2.632592 0.801099
2.626189 0.799912
2.620017 0.797892
2.587145 0.794052
2.585303 0.794479
2.588231 0.791137
2.587837 0.793777
2.987526 0.822824
2.991665 0.818641
2.946369 0.811365
2.943712 0.811293
2.941176 0.806504
2.922543 0.805725
2.929055 0.801662
2.988426 0.821703
2.991484 0.817800
2.948525 0.811182
2.947225 0.807453
2.921928 0.804174
2.947879 0.803619
2.922039 0.802863
2.784672 0.766651
2.791125 0.761915
2.783164 0.765216
2.758075 0.758927
2.756487 0.759232
2.701596 0.743561
2.782267 0.764660
2.783298 0.764377
2.760878 0.759019
2.702133 0.743539
2.709221 0.740153
2.643423 0.728085
2.715797 0.739238
2.707248 0.743543
2.707970 0.743198
2.640637 0.725973
2.640472 0.719507
3.127250 0.739284
3.120681 0.738700
3.094375 0.735566
3.075554 0.730661
3.069272 0.728698
3.133448 0.739694
3.126911 0.738986
3.120471 0.737935
3.114074 0.736728
3.107709 0.735400
3.101410 0.733838
3.092714 0.734548
3.094568 0.734235
3.088066 0.732499
3.081783 0.730463
3.064140 0.727025
3.063154 0.726130
3.052286 0.723904
3.057589 0.721918
3.050427 0.722779
3.113954 0.735687
3.107615 0.734268
3.101343 0.732602
3.094945 0.731398
3.088472 0.730461
3.080761 0.730049
3.081886 0.729935
3.069222 0.726692
3.067786 0.726626
3.063955 0.721742
3.057955 0.719096
3.049904 0.721910
3.050603 0.721339
3.711174 0.720336
3.704897 0.718591
3.717413 0.720555
3.714590 0.720676
3.698953 0.716557
3.698610 0.716363
3.698681 0.716217
3.692309 0.713646
3.693007 0.712402
3.687069 0.709538
3.679766 0.710572
3.677030 0.710786
3.680497 0.708959
3.566827 0.680659
3.719006 0.720499
3.688343 0.712408
3.686028 0.711734
3.685190 0.711576
3.686070 0.711653
3.567616 0.680598
3.570784 0.680067
3.259258 0.594109
3.257049 0.594687
3.259594 0.593988
3.260265 0.590236
3.613415 0.631000
3.612969 0.630573
3.614398 0.627112
3.569468 0.618267
3.567484 0.618599
3.570893 0.618130
3.508021 0.601560
3.507061 0.599958
3.507462 0.597034
3.421358 0.577363
3.305887 0.546154
3.299600 0.543990
3.298949 0.543749
3.293929 0.540086
3.288113 0.536781
3.282168 0.533944
3.276074 0.531642
3.269858 0.529784
3.257876 0.532940
3.263266 0.529281
3.255663 0.531680
3.287698 0.536794
3.281588 0.534542
3.275409 0.532542
3.269213 0.530608
3.263076 0.528456
3.254285 0.530623
3.256247 0.528808
1.485768 1.151670
1.490590 1.149362
1.487073 1.150636
1.490236 1.149126
1.332748 1.108774
1.330413 1.109399
1.497477 1.145809
1.489586 1.149463
1.488814 1.149753
1.489778 1.149306
1.333099 1.108708
1.332824 1.108325
1.336043 1.108124
1.333886 1.102994
0.246971 0.808689
0.246149 0.808723
0.247583 0.806756
0.253194 0.808249
0.250445 0.808463
0.254365 0.808159
0.021415 0.745396
0.019982 0.745019
0.021133 0.744832
0.021716 0.744125
0.020268 0.743744
0.021141 0.743321
1.964501 1.167272
1.971304 1.165205
1.964031 1.167070
1.957736 1.164523
1.920081 1.154196
1.914549 1.154134
1.965551 1.160154
1.954223 1.163182
1.958316 1.161971
1.951444 1.162138
1.945157 1.159972
1.938876 1.158049
1.932600 1.156325
1.926333 1.154942
1.920114 1.154199
1.946329 1.155151
1.939833 1.154301
1.632658 1.075764
1.631396 1.075179
1.631652 1.074530
1.626556 1.068633
1.606286 1.068006
1.600020 1.066755
1.625289 1.072431
1.625093 1.072348
1.625159 1.072145
1.618807 1.070214
1.620453 1.064831
1.612533 1.068550
1.609667 1.068317
1.594854 1.064419
1.599940 1.063483
1.597405 1.063721
1.600671 1.060372
1.309515 0.985146
1.308829 0.983604
1.312809 0.978609
0.465949 0.751996
0.471358 0.749239
0.466247 0.750700
0.471156 0.748457
2.332967 1.152464
2.339350 1.148844
2.332741 1.151015
2.339386 1.147191
2.245208 1.127973
2.244685 1.124545
2.332861 1.149692
2.339347 1.145840
2.246785 1.127004
2.245388 1.120487
2.247568 1.125862
2.000310 1.060745
2.002821 1.060005
2.006193 1.057497
2.003689 1.058871
2.005802 1.057411
1.880996 1.021913
1.874497 1.021074
1.868826 1.017245
1.881098 1.020036
1.874857 1.018263
1.791908 1.000949
1.785640 0.999525
1.779368 0.997970
1.773095 0.996379
1.766827 0.995004
1.765717 0.994818
1.767232 0.993660
1.691520 0.974444
1.793976 1.000891
1.791871 0.999469
1.710297 0.977554
1.704032 0.976272
1.697773 0.975232
1.695730 0.975007
1.698938 0.971370
1.716558 0.978717
1.711219 0.977729
1.340060 0.877541
1.339919 0.877189
1.338899 0.875535
1.337363 0.873790
1.335245 0.867277
1.001138 0.783528
1.007374 0.783600
1.005436 0.783590
1.010346 0.783536
0.806558 0.728978
0.801028 0.727008
0.800270 0.726737
0.793981 0.724474
0.787694 0.722263
0.756341 0.714737
0.751108 0.713869
0.756835 0.713510
0.749652 0.713486
0.744152 0.710697
0.738018 0.708539
0.732017 0.705906
0.785780 0.721636
0.781412 0.720302
0.782544 0.716406
0.775131 0.718415
0.768855 0.716661
0.770560 0.711060
0.762584 0.715153
0.759125 0.714606
0.763609 0.711849
0.747376 0.711509
0.743751 0.709758
0.744114 0.709320
0.738066 0.706851
0.731924 0.704719
0.725844 0.702367
0.719854 0.699687
0.713694 0.697622
0.707401 0.696035
0.701165 0.694247
0.691482 0.696784
0.694480 0.694080
0.593169 0.670001
0.719111 0.700897
0.712981 0.698720
0.706737 0.696955
0.700674 0.694536
0.692466 0.695691
0.693864 0.694818
0.592126 0.669243
0.511567 0.646953
0.592488 0.667989
0.510872 0.646470
0.512026 0.644968
2.364621 1.071133
2.278368 1.047431
2.363156 1.069371
2.279070 1.047225
2.232302 1.034919
2.235494 1.031674
2.228136 1.032620
2.361355 1.067556
2.361197 1.062440
2.279552 1.045982
2.227361 1.032229
2.228560 1.030884
2.221828 1.029586
2.279065 1.044522
2.279620 1.039507
2.220996 1.029200
2.222087 1.028465
2.215530 1.026965
1.901793 0.943163
1.889241 0.939710
1.908040 0.943670
1.906295 0.943550
1.902684 0.939074
1.896378 0.937535
1.886575 0.938358
1.889421 0.938348
1.882924 0.936300
1.845275 0.926192
1.841049 0.926378
1.839485 0.924212
1.769991 0.906612
1.911071 0.943454
1.909484 0.937333
1.896991 0.933825
1.889756 0.935642
1.882901 0.935378
1.882271 0.935859
1.882972 0.935833
1.845604 0.926195
1.845330 0.925902
1.776241 0.907273
1.772042 0.906822
1.850658 0.926190
1.846159 0.921433
1.782491 0.907986
1.781067 0.907832
1.783606 0.904201
1.330646 0.784654
1.329293 0.784735
1.336876 0.784492
1.334892 0.784822
1.125311 0.728267
1.123521 0.726930
1.121996 0.726003
2.395709 1.011467
2.396348 1.010942
2.397760 1.009941
2.399037 1.008945
2.427111 0.929382
2.427857 0.928220
2.506891 0.844795
2.499534 0.846774
2.499345 0.846976
2.499594 0.846835
2.500475 0.845886
2.506743 0.843807
2.504318 0.845560
2.505995 0.845038
2.842740 0.838719
2.846215 0.834910
2.844958 0.837770
2.844775 0.837866
2.845060 0.837559
2.785765 0.822327
2.847964 0.837369
2.786513 0.821158
2.705858 0.799906
2.707192 0.799110
2.684980 0.794410
2.682686 0.790375
2.648799 0.784891
2.650982 0.783320
2.714734 0.794690
2.705621 0.798487
2.707076 0.798042
2.684279 0.792859
2.682228 0.790524
2.649655 0.783732
2.650616 0.783128
2.651167 0.779667
3.009525 0.781192
3.010854 0.780166
2.776197 0.716042
2.779136 0.716387
2.783463 0.713642
2.776178 0.715278
2.769878 0.712624
2.727599 0.696600
2.769808 0.712590
2.769903 0.712520
2.648347 0.680568
2.649979 0.679648
2.651158 0.677932
3.603153 0.798301
3.596783 0.796999
3.588492 0.796871
3.590327 0.796004
3.561427 0.789753
3.603607 0.795158
3.596950 0.794890
3.589932 0.795360
3.589390 0.795730
3.590128 0.795215
3.562308 0.788594
3.562657 0.787348
3.219661 0.693919
3.219044 0.694070
3.219990 0.693072
3.222256 0.693560
3.620183 0.605426
3.618242 0.604270
3.588790 0.596249
3.587983 0.596300
3.589206 0.595037
3.595914 0.593637
3.503535 0.572685
3.441793 0.556435
3.445545 0.553211
3.444418 0.555568
3.443987 0.555637
3.444648 0.554936
0.135435 0.874552
0.129162 0.872944
0.161689 0.876840
0.154933 0.876927
0.147954 0.876618
0.148323 0.876487
0.141697 0.875718
0.137293 0.874914
0.141805 0.875717
0.127268 0.872277
0.122870 0.870556
0.122990 0.870742
0.116975 0.868155
0.167934 0.877086
0.160466 0.878497
0.161039 0.877675
0.154211 0.877583
0.149971 0.876868
0.154396 0.877356
0.119942 0.868957
0.116736 0.867489
0.110880 0.864329
0.105214 0.860486
0.116954 0.866821
0.116537 0.866517
0.116562 0.866640
0.110746 0.863328
0.105143 0.859248
1.494818 1.147478
1.498387 1.145516
1.497576 1.145704
1.496127 1.146439
1.498054 1.145203
1.328169 1.100875
1.498032 1.145594
1.328235 1.100850
1.328196 1.100733
1.334389 1.100316
1.332824 1.100689
1.329453 1.094690
1.335557 1.100078
1.334793 1.098254
0.254910 0.802844
0.254157 0.802861
0.258661 0.802701
2.006785 1.159165
2.014219 1.156097
2.004169 1.157989
2.007118 1.157428
2.000486 1.156482
1.994192 1.154024
1.937736 1.139648
2.008261 1.151780
2.001350 1.152429
1.993761 1.153856
1.994258 1.153727
1.987900 1.151654
1.981613 1.149441
1.943975 1.139808
1.939679 1.139621
1.945402 1.135689
1.989050 1.146729
1.979455 1.148724
1.981914 1.148189
1.975328 1.147345
1.969041 1.145234
1.962762 1.143377
1.956488 1.141701
1.950223 1.140402
1.946453 1.140026
1.951728 1.135642
1.636469 1.055913
1.649908 1.055708
1.643218 1.055554
1.634837 1.055215
1.636609 1.055116
1.650479 1.052136
1.643567 1.052787
1.632987 1.053347
1.636809 1.052881
1.630136 1.051888
1.644048 1.049573
1.637498 1.048911
1.624933 1.049879
1.630575 1.049604
1.623845 1.049518
1.617566 1.047674
1.611292 1.046003
1.605017 1.044305
1.326046 0.969770
1.325863 0.968339
1.330456 0.963493
1.327439 0.967415
1.329471 0.965579
0.870713 0.841675
0.872286 0.837418
0.864441 0.840146
0.865883 0.836234
0.858164 0.838349
0.859825 0.833803
0.826821 0.831217
0.825981 0.831202
0.827796 0.827923
0.928820 0.850575
0.922349 0.849632
0.916321 0.847085
0.897122 0.843483
0.890361 0.843585
0.883249 0.844515
0.883720 0.843259
0.876982 0.843121
0.872096 0.841978
0.877156 0.842649
0.857336 0.838086
0.851880 0.836308
0.852392 0.834830
0.831576 0.831295
0.789544 0.820222
0.789142 0.819911
0.789431 0.819090
0.786882 0.818169
0.639764 0.779407
0.638528 0.778806
0.632233 0.776330
0.625984 0.775735
0.625860 0.775748
0.639731 0.773250
0.632618 0.774629
0.508289 0.735904
0.500405 0.738771
0.501557 0.735905
0.494156 0.738108
0.493655 0.738174
0.494338 0.737666
1.970398 1.085740
1.972544 1.083278
1.888696 1.064248
1.971724 1.084557
1.971409 1.084636
1.971847 1.084290
1.888597 1.062821
1.884848 1.058122
1.841334 1.045107
1.835176 1.043035
1.788279 1.036427
1.790155 1.035461
1.975387 1.084355
1.978762 1.082169
1.890125 1.061621
1.889713 1.061753
1.884981 1.056141
1.853702 1.047546
1.846201 1.049887
1.846525 1.049149
1.839932 1.048441
1.840080 1.048118
1.833652 1.046539
1.834004 1.045751
1.827378 1.044884
1.827852 1.043655
1.821106 1.043353
1.821593 1.041946
1.814831 1.041650
1.815566 1.039400
1.808553 1.039843
1.809663 1.036406
1.802275 1.038010
1.803661 1.033776
1.795994 1.036100
1.789722 1.034537
1.786965 1.034681
1.790380 1.033114
1.747043 1.024172
1.746367 1.021898
1.664230 1.001121
1.885182 1.053954
1.879233 1.051124
1.860277 1.046635
1.851013 1.050213
1.852722 1.049616
1.752037 1.022978
1.748470 1.023172
1.746947 1.018287
1.670487 1.002044
1.665363 1.001284
1.664419 1.000290
1.753352 1.023123
1.752472 1.021181
1.701821 1.008867
1.695552 1.007396
1.689281 1.005846
1.683007 1.004261
1.676737 1.002748
1.674869 1.002419
1.325291 0.906385
1.324262 0.907338
1.325896 0.905544
1.325385 0.906247
1.326036 0.905079
0.980120 0.811708
0.981718 0.811616
0.984277 0.810936
0.987515 0.807261
0.825070 0.768999
0.823212 0.768213
0.824571 0.763638
0.816921 0.765838
0.811900 0.764145
0.810635 0.763700
0.810987 0.762549
0.804354 0.761803
0.805153 0.759305
0.798084 0.760288
0.796313 0.760038
0.798416 0.759328
0.781343 0.756096
0.779258 0.755185
0.779678 0.754068
0.666309 0.724845
0.774557 0.752953
0.772951 0.752184
0.773702 0.749845
0.667359 0.724704
0.673823 0.721560
0.669334 0.723866
0.673147 0.722509
0.590970 0.703031
0.590800 0.703166
0.591677 0.700675
0.592578 0.702291
0.499366 0.677712
2.363144 1.098438
2.363000 1.097021
2.261208 1.070219
2.206547 1.055843
2.209273 1.054952
2.362666 1.095589
2.261132 1.068818
2.203146 1.053546
2.210403 1.049343
2.202545 1.053194
2.260935 1.067424
2.266940 1.062478
2.198575 1.050977
2.203755 1.047539
2.196227 1.049743
2.197089 1.045840
1.920117 0.975098
1.914734 0.974864
1.914086 0.973862
1.926362 0.975574
1.921206 0.975171
1.920361 0.973984
1.915455 0.967391
1.928298 0.975687
1.926758 0.973707
1.921646 0.967849
1.750653 0.927975
1.746822 0.927882
1.756899 0.928466
1.753242 0.928189
1.761260 0.928967
1.764002 0.926408
1.317616 0.809034
1.314967 0.807265
1.318319 0.805321
1.311295 0.805484
1.309293 0.804419
1.311983 0.802409
1.067266 0.739288
1.073991 0.736564
1.066552 0.738925
1.061321 0.736349
1.067969 0.732490
1.060242 0.735828
0.614657 0.613582
0.608396 0.612531
0.595840 0.608881
0.589563 0.607074
0.583282 0.605173
0.616427 0.613678
0.615102 0.611570
0.609704 0.606750
0.603594 0.604505
0.596833 0.604614
0.590348 0.603723
0.581180 0.604396
0.583665 0.603545
0.576988 0.602700
0.573921 0.601124
0.578105 0.597819
2.416801 0.962338
2.416872 0.960958
2.417303 0.959714
2.449946 0.874824
2.452237 0.873504
2.451698 0.873566
2.451368 0.873804
2.451783 0.873617
2.453002 0.872888
2.459144 0.869861
2.556997 0.807577
2.558954 0.807274
2.564430 0.804147
2.570980 0.803322
2.561885 0.806698
2.563536 0.805896
2.953876 0.835219
2.967803 0.833403
2.960462 0.835600
2.953903 0.834977
2.948066 0.831751
2.967676 0.832340
2.960609 0.833547
2.954479 0.831378
2.949063 0.826627
2.904336 0.820655
2.911534 0.816297
2.753031 0.779452
2.967719 0.830707
2.961079 0.830380
2.955218 0.827229
2.904655 0.819375
2.785811 0.788069
2.784378 0.786690
2.785060 0.785326
2.753045 0.779451
2.753049 0.779383
2.677716 0.758553
2.782965 0.785946
2.778087 0.784354
2.771811 0.782633
2.765529 0.780640
2.759254 0.778957
2.756938 0.779087
2.678445 0.758421
2.648553 0.750559
2.683941 0.758200
2.683258 0.758314
2.684195 0.757605
2.648898 0.749258
2.647094 0.745718
2.649335 0.748036
2.647210 0.743825
3.022934 0.743879
3.025536 0.741951
3.032788 0.738551
3.024824 0.742864
3.024632 0.742939
3.024898 0.742735
2.740729 0.665428
2.736134 0.663630
2.729871 0.661189
2.729840 0.661178
2.729849 0.661151
2.723553 0.658991
2.724821 0.654994
2.717272 0.657053
2.718764 0.652557
2.711000 0.655484
2.706359 0.654993
2.711956 0.652831
3.582005 0.801672
3.581937 0.801721
3.582024 0.801676
3.563183 0.796778
3.563174 0.796784
3.583059 0.800647
3.565003 0.795888
3.563763 0.793186
3.211716 0.699561
3.214104 0.699347
3.216565 0.698650
3.218619 0.696541
3.654868 0.732650
3.657302 0.731912
3.549860 0.703622
3.553750 0.703067
3.553030 0.703076
3.554094 0.702039
3.252518 0.620810
3.251919 0.621033
3.254182 0.620250
3.511086 0.534085
3.504816 0.532605
3.498538 0.530818
3.517322 0.534193
3.512923 0.534306
3.511520 0.532229
3.505717 0.528881
3.494885 0.529560
3.499203 0.528092
3.492252 0.528690
3.485963 0.526404
3.482377 0.524896
0.182724 0.872789
0.179844 0.872962
0.183305 0.871714
0.183854 0.872631
0.190241 0.869452
0.093810 0.848925
0.089740 0.843448
0.187799 0.872332
0.189266 0.871510
0.093691 0.847513
0.089741 0.841921
0.089746 0.840433
1.503688 1.143238
1.506186 1.141668
1.504387 1.142034
1.505979 1.140891
1.323611 1.093866
1.505529 1.140427
1.505152 1.140883
1.505706 1.140399
1.325559 1.093570
1.324548 1.089604
1.329822 1.092866
1.328398 1.092939
1.332589 1.092703
1.330931 1.087869
0.256612 0.796860
0.256342 0.796857
0.262846 0.796904
0.261349 0.796819
1.625840 1.122127
1.623905 1.120878
1.619527 1.118845
1.613654 1.116801
1.613239 1.116650
1.606938 1.113900
1.606000 1.113440
1.607732 1.110796
1.294430 1.029990
1.293937 1.026970
1.293561 1.028377
1.293444 1.027232
1.294846 1.027371
1.294469 1.022047
0.403606 0.776625
0.396917 0.776475
0.390463 0.775473
0.384090 0.774181
0.377605 0.773286
0.364289 0.771707
0.403178 0.776652
0.396631 0.775989
0.390364 0.774308
0.384100 0.772620
0.377681 0.771485
0.371022 0.771228
0.364270 0.770910
0.363978 0.771192
0.364301 0.771188
0.390363 0.772846
0.384185 0.770840
0.377797 0.769594
0.365134 0.770152
0.370969 0.769944
2.257600 1.152520
2.308805 1.161897
2.300437 1.163626
2.301621 1.163531
2.258054 1.152476
2.257632 1.152226
2.251963 1.148392
2.308922 1.159967
2.297965 1.161598
2.301761 1.161515
2.295183 1.159850
2.263815 1.151679
2.260524 1.151734
2.257803 1.150086
2.252749 1.144033
2.309038 1.158074
2.302006 1.159157
2.294246 1.159273
2.295228 1.159327
2.264814 1.151510
2.263898 1.150903
2.258219 1.147096
1.981414 1.074709
1.979223 1.074913
1.982462 1.071779
1.983197 1.074576
1.989332 1.069761
1.862312 1.042754
1.862189 1.042719
1.862155 1.042713
1.862194 1.042707
1.987076 1.074256
1.987895 1.073480
1.747798 1.011226
1.750582 1.006691
1.755431 1.010618
1.749182 1.009967
1.748024 1.009891
1.750481 1.005529
1.662290 0.987328
1.774240 1.015062
1.775047 1.012572
1.767966 1.013407
1.768889 1.010499
1.761696 1.011904
1.757373 1.011002
1.762445 1.009456
1.705212 0.996353
1.698945 0.994978
1.692675 0.993488
1.686402 0.991913
1.680128 0.990230
1.673856 0.988668
1.667587 0.987217
1.666188 0.986965
1.332312 0.894912
1.331929 0.893454
0.989791 0.801115
0.991274 0.800979
0.996001 0.800164
0.993999 0.800324
0.996749 0.798216
0.774949 0.741263
0.774093 0.739657
0.683801 0.715882
0.594381 0.691372
0.759193 0.727819
0.684078 0.714579
0.595087 0.691140
0.595940 0.689997
0.503956 0.665763
0.504427 0.664526
2.359798 1.118681
2.359125 1.117112
2.247999 1.087869
2.358686 1.115639
2.248054 1.086486
2.128456 1.054300
2.247758 1.085048
2.155173 1.054311
2.148572 1.053835
2.142009 1.053229
2.131139 1.054322
2.135260 1.053292
2.161160 1.055506
2.154549 1.055072
2.148064 1.054176
2.141562 1.053347
2.134079 1.053731
2.134762 1.053593
1.921319 0.996059
1.920018 0.995973
1.940089 0.998940
1.933827 0.997742
1.927565 0.996568
1.927404 0.996552
1.726785 0.943428
1.802016 0.960854
1.795747 0.959423
1.789472 0.957722
1.739278 0.944483
1.733031 0.943939
1.732837 0.943926
1.733144 0.943575
1.802630 0.960979
1.802080 0.960579
1.796259 0.957281
1.786133 0.956625
1.789925 0.955842
1.740478 0.944580
1.315470 0.828514
1.312496 0.826409
1.312402 0.826339
1.037440 0.751166
1.043913 0.747935
1.036348 0.750177
1.044040 0.745989
1.035120 0.749203
1.036611 0.748510
0.603325 0.631873
0.609581 0.632790
0.608178 0.632621
0.559392 0.619715
0.553093 0.617046
0.615824 0.633154
0.615068 0.633077
0.560662 0.613686
0.552028 0.616457
0.553299 0.615963
2.365704 1.058272
2.363497 1.056297
2.363315 1.056115
2.364122 1.053348
2.286742 1.036095
2.289322 1.031767
2.361311 1.054365
2.284386 1.034089
2.281703 1.032646
2.238142 1.021910
2.245192 1.019444
2.237797 1.021623
2.278388 1.031160
2.275401 1.029898
2.276963 1.024771
2.251600 1.019117
2.244697 1.019736
2.236209 1.020037
2.237979 1.019685
1.836142 0.911420
1.779654 0.895716
1.839150 0.911334
1.785903 0.896309
1.779871 0.895735
1.842356 0.910609
1.841994 0.910724
1.792149 0.896838
1.788132 0.896525
1.795393 0.897104
1.335580 0.771842
1.334004 0.770813
1.334730 0.768865
1.327720 0.768738
1.323594 0.767324
1.321428 0.766397
1.321959 0.764868
1.127380 0.714263
1.126893 0.713676
1.125907 0.712516
1.127445 0.710691
2.435397 0.897292
2.435570 0.895978
2.831391 0.848878
2.836701 0.844948
2.810197 0.842037
2.808030 0.842733
2.804471 0.839794
2.799056 0.835046
2.832805 0.847879
2.835710 0.847016
2.810652 0.842041
2.810210 0.841864
2.804355 0.838694
2.798754 0.834608
2.792922 0.831363
2.804229 0.837681
2.798420 0.834340
2.792688 0.830727
2.643047 0.796525
2.612646 0.788526
2.610261 0.784514
2.604274 0.781833
2.595846 0.784107
2.597132 0.783311
2.642005 0.794886
2.640707 0.793889
2.613042 0.787250
2.610328 0.782755
2.604231 0.780463
2.596803 0.782889
2.596587 0.782914
2.596865 0.782755
2.610629 0.780199
2.604134 0.779343
3.000323 0.806467
3.003328 0.800852
3.000365 0.805092
3.002690 0.801628
3.001978 0.802736
2.793008 0.749123
2.781976 0.744830
2.775713 0.743647
2.769452 0.742559
2.750605 0.736597
2.791207 0.747260
2.782000 0.744834
2.750683 0.736587
2.750669 0.736337
2.789159 0.741724
2.752462 0.735699
2.641215 0.706384
2.639727 0.704631
3.148567 0.737493
3.152132 0.737038
3.154858 0.735300
3.161808 0.733045
3.633862 0.767966
3.634377 0.766729
3.543616 0.742146
3.542749 0.742593
3.545359 0.741915
3.238262 0.658281
3.241833 0.657857
3.243371 0.654257
3.714570 0.708066
3.720804 0.708081
3.716616 0.708053
3.722240 0.708171
3.576467 0.668779
3.573317 0.668954
3.577860 0.668760
3.584183 0.664800
3.262630 0.580908
3.261816 0.581403
3.615447 0.624647
3.615102 0.624380
3.571181 0.612741
3.570515 0.612824
3.571689 0.611188
3.612652 0.622557
3.575133 0.612661
3.578966 0.607702
3.503706 0.593845
3.502734 0.591279
3.506066 0.593111
3.426810 0.572048
3.426199 0.572057
3.427123 0.571101
3.434383 0.567717
0.190705 0.868625
0.189243 0.868863
0.191110 0.867841
0.192141 0.868233
0.088003 0.840827
0.194755 0.867576
0.197791 0.865018
0.088221 0.839489
0.085208 0.833983
0.088370 0.838182
0.085301 0.832161
1.521191 1.136105
1.512697 1.139036
1.513848 1.138310
1.520895 1.135647
1.512808 1.137672
1.513749 1.137144
1.527679 1.133969
1.520749 1.134689
1.512888 1.136336
1.513680 1.135905
1.325271 1.086120
1.323788 1.086532
1.326316 1.085809
1.325819 1.083497
1.331481 1.085181
1.330083 1.085452
0.258311 0.790766
0.258170 0.790761
0.264549 0.790947
0.263849 0.790890
1.978288 1.164659
1.985705 1.161822
1.976401 1.163830
1.978560 1.163312
1.971990 1.162004
1.921811 1.149409
1.979933 1.156838
1.966594 1.159861
1.972815 1.158232
1.965695 1.159509
1.959405 1.157218
1.953118 1.155037
1.934296 1.150083
1.928043 1.149326
1.926485 1.149299
1.928587 1.147781
1.960513 1.152550
1.951396 1.154499
1.953327 1.154188
1.946836 1.153060
1.940562 1.151417
1.936028 1.150447
1.620519 1.064668
1.607985 1.061934
1.620204 1.064515
1.614234 1.062563
1.610426 1.061941
1.608434 1.059615
1.596443 1.058261
1.602674 1.056112
1.609446 1.054454
1.597036 1.057040
1.602805 1.054125
1.600030 1.056491
1.312968 0.978858
1.312810 0.979437
1.313084 0.979118
1.313179 0.978165
1.312930 0.977334
0.812347 0.835089
0.806284 0.832678
0.818253 0.836567
0.811819 0.835490
0.805689 0.833318
0.799793 0.830296
0.793509 0.827209
0.474562 0.747690
0.479314 0.744821
0.475790 0.746631
0.478916 0.744740
2.340904 1.147979
2.340576 1.146499
2.243687 1.121002
2.340488 1.145116
2.245483 1.119429
2.245252 1.120020
2.245684 1.118777
2.245447 1.117996
2.245583 1.118296
2.009246 1.055119
2.014558 1.051599
2.010775 1.054154
2.013961 1.052251
1.883578 1.020653
1.868942 1.016543
1.867746 1.016488
1.863294 1.012919
1.857727 1.008719
1.768539 0.989411
2.013690 1.051770
1.883918 1.019365
1.889328 1.014626
1.881435 1.017622
1.875178 1.016622
1.872935 1.016470
1.869643 1.012781
1.864034 1.008727
1.793601 0.994575
1.787333 0.993215
1.781064 0.991780
1.774799 0.990498
1.772742 0.990092
1.775343 0.988684
1.699481 0.969537
1.889010 1.014300
1.881732 1.016275
1.876828 1.009664
1.794965 0.994566
1.793584 0.993886
1.794294 0.991666
1.711996 0.971452
1.705734 0.970318
1.700330 0.969641
1.791301 0.992267
1.718257 0.972564
1.713342 0.971701
1.338036 0.870122
1.336652 0.868362
1.335416 0.866977
1.335836 0.866625
1.330306 0.862284
1.333642 0.866217
1.329123 0.864554
1.329502 0.863701
1.323577 0.860784
1.002818 0.776579
1.009052 0.776638
1.003843 0.776592
1.003151 0.775094
1.009194 0.776641
1.009108 0.776401
0.808254 0.722704
0.803962 0.721202
0.801965 0.720464
0.802901 0.717321
0.795678 0.718306
0.789397 0.716351
0.783117 0.714439
0.770566 0.711039
0.764299 0.709673
0.760060 0.709651
0.765768 0.705572
0.701567 0.693563
0.779586 0.713414
0.776838 0.712610
0.770737 0.711082
0.777090 0.711788
0.589598 0.662001
0.589085 0.659919
0.590624 0.660907
0.590181 0.654456
0.514779 0.640919
0.513241 0.639804
0.511368 0.638670
0.514078 0.636075
2.367784 1.044271
2.366695 1.043173
2.292533 1.024476
2.291418 1.023853
2.365713 1.042353
2.367014 1.041407
2.286338 1.021445
2.285112 1.020921
2.278818 1.018460
2.260007 1.013983
2.257677 1.013900
2.260791 1.011736
2.362779 1.040246
2.367860 1.036880
2.275332 1.017179
2.272529 1.016185
2.266258 1.014656
2.265186 1.014504
2.266704 1.013188
1.839496 0.897416
1.836803 0.897566
1.789314 0.884692
1.841427 0.897403
1.840775 0.892223
1.795558 0.885083
1.794568 0.885059
1.801794 0.885204
1.800106 0.885165
1.325711 0.756096
1.324863 0.755695
1.325063 0.755166
1.318571 0.753301
1.312293 0.751521
1.306028 0.750223
1.299760 0.748806
1.293470 0.746532
1.291946 0.745816
1.290121 0.743986
1.287147 0.742905
1.139504 0.704303
1.143965 0.701156
1.136724 0.702194
1.136532 0.701788
2.403662 0.985173
2.403555 0.983778
2.436186 0.890922
2.436677 0.889683
2.517110 0.837106
2.519675 0.836429
2.522700 0.833313
2.854639 0.827624
2.855190 0.827449
2.862503 0.823187
2.789716 0.810220
2.793297 0.805717
2.855965 0.826298
2.862169 0.822900
2.789397 0.808749
2.736474 0.790611
2.727102 0.792345
2.729410 0.791809
2.666370 0.776247
2.787916 0.807020
2.742885 0.790268
2.736243 0.789942
2.727428 0.791062
2.729359 0.790494
3.017539 0.762182
3.018072 0.760969
2.756159 0.689585
2.749908 0.688878
2.748676 0.688644
2.737355 0.685414
2.731067 0.683157
2.724788 0.681290
2.718520 0.679894
2.759375 0.690073
2.756505 0.687940
2.751495 0.681722
2.676088 0.662330
2.668280 0.664785
2.669399 0.662175
2.662029 0.664048
2.660966 0.664164
2.662344 0.663344
2.744634 0.680714
2.738756 0.677624
2.682323 0.662610
2.668814 0.664851
2.675300 0.663661
3.191252 0.714451
3.195026 0.711809
3.194051 0.713745
3.193933 0.713779
3.194090 0.713680
3.644291 0.749594
3.542442 0.722344
3.645253 0.748498
3.544753 0.722004
3.544047 0.715517
3.548137 0.721551
3.247450 0.640303
3.249621 0.640156
3.722515 0.702439
3.720343 0.702460
3.722976 0.701421
3.584439 0.664260
3.585187 0.664109
3.262908 0.575110
3.623827 0.592581
3.623562 0.592435
3.604708 0.586235
3.600111 0.586341
3.606036 0.582888
3.618224 0.589750
3.618583 0.584694
3.605143 0.586298
3.612233 0.583311
3.507437 0.560558
3.454116 0.546077
3.507351 0.559172
3.454689 0.545288
0.175844 0.874346
0.168495 0.876309
0.167376 0.876254
0.168622 0.876112
0.182465 0.873226
0.174730 0.876341
0.172463 0.876212
0.175054 0.875683
0.102111 0.857684
0.099819 0.855656
0.094649 0.850024
0.102096 0.856313
0.099795 0.854242
0.094594 0.848712
1.541918 1.134187
1.535409 1.133387
1.523696 1.135357
1.528385 1.134440
1.541793 1.133111
1.535025 1.133240
1.527772 1.134077
1.526131 1.134601
1.527959 1.134448
1.548259 1.132576
1.541389 1.133077
1.528540 1.133875
1.534533 1.133528
1.323688 1.079935
1.326929 1.078351
1.325123 1.078915
1.327681 1.078229
1.327234 1.076897
0.260007 0.784531
0.259389 0.784510
0.266249 0.784876
0.265862 0.784835
1.948103 1.176709
1.944290 1.175103
1.948837 1.173401
1.941808 1.174159
1.935520 1.171941
1.929237 1.169975
1.922959 1.168120
1.916686 1.166532
1.910421 1.165252
1.904167 1.164472
1.903863 1.164466
1.904342 1.163923
1.936629 1.167362
1.929762 1.167850
1.922993 1.167984
1.917084 1.165012
1.640579 1.092063
1.634363 1.089360
1.634279 1.089323
1.627974 1.086397
1.602876 1.079706
1.627414 1.086153
1.621681 1.083999
1.615408 1.082373
1.609141 1.081004
1.603269 1.079792
1.602623 1.079621
1.596572 1.076870
1.597566 1.074550
1.596562 1.076441
1.596336 1.076613
1.305263 0.998572
1.305767 0.997318
1.304881 0.995740
0.455847 0.756626
0.448050 0.760091
0.447611 0.760321
0.448180 0.760000
0.449314 0.759409
0.455591 0.756051
2.364942 1.064643
2.363145 1.062785
2.361594 1.061302
2.282757 1.041620
2.237694 1.029767
2.236126 1.028886
2.361097 1.060898
2.282481 1.040170
2.279992 1.038288
2.232491 1.027001
2.237711 1.022148
2.229814 1.025668
2.279602 1.038071
2.227373 1.024293
2.230576 1.022114
2.223498 1.022344
1.903455 0.935510
1.840696 0.918326
1.836847 0.918702
1.909703 0.936155
1.908548 0.936201
1.898535 0.933561
1.904040 0.932677
1.840711 0.918324
1.840703 0.918299
1.784198 0.902180
1.777947 0.901504
1.776094 0.901315
1.779456 0.896388
1.844225 0.917902
1.842172 0.911503
1.790446 0.902777
1.784875 0.902251
1.332349 0.778736
1.335012 0.778271
1.334341 0.776750
1.332843 0.774197
1.327166 0.770382
1.125231 0.721332
1.123941 0.719935
1.126415 0.715902
1.122879 0.718308
2.400073 0.998775
2.401095 0.997654
2.401436 0.996394
2.428502 0.923169
2.428488 0.921800
2.510436 0.843322
2.510671 0.841990
2.514828 0.838921
2.512740 0.841191
2.514009 0.840401
2.847263 0.833337
2.783924 0.815543
2.849975 0.832655
2.854261 0.828640
2.784038 0.815299
2.852893 0.831794
2.851914 0.831819
2.853399 0.830272
2.785255 0.814240
2.722311 0.793134
2.714843 0.794647
2.713086 0.795232
2.715077 0.794948
2.680959 0.786778
2.678027 0.782898
2.672540 0.778408
2.657384 0.780578
2.658621 0.780050
2.715234 0.794434
2.722130 0.792289
2.680243 0.785209
2.678053 0.781283
2.672268 0.777863
2.665994 0.776211
2.656789 0.779029
2.658788 0.777926
2.672045 0.777200
2.665825 0.775348
2.654376 0.777052
2.659393 0.774262
3.015513 0.768228
3.016248 0.767078
2.785875 0.705734
2.788399 0.705667
2.785845 0.704493
2.786314 0.703346
2.780566 0.699799
2.774254 0.698286
2.767955 0.696723
2.761690 0.695036
2.755470 0.693193
2.749768 0.689481
2.741187 0.693244
2.735647 0.691086
2.729362 0.688978
2.723090 0.687415
2.716837 0.686669
2.782533 0.702765
2.780708 0.697786
2.774792 0.694838
2.768418 0.693546
2.762137 0.691913
2.655545 0.669310
2.668204 0.664977
2.658457 0.668706
2.661107 0.666300
3.186086 0.718513
3.184240 0.719179
3.186704 0.717545
3.186491 0.718404
3.621876 0.599108
3.620387 0.598254
3.623318 0.593396
3.596743 0.591016
3.593321 0.591129
3.597980 0.587663
3.502634 0.566358
3.598639 0.591173
3.604615 0.586516
3.503993 0.566227
3.506382 0.565508
3.448918 0.550350
3.453878 0.545908
0.198657 0.863294
0.198537 0.863337
0.198705 0.863200
0.200739 0.862564
0.206590 0.857548
0.083981 0.831794
0.080900 0.825236
0.084432 0.830554
0.081025 0.823282
1.543344 1.133954
1.549195 1.132219
1.556201 1.129699
1.548284 1.132603
1.545065 1.133008
1.548587 1.132885
1.548469 1.132543
1.555321 1.131384
1.324203 1.072094
1.323156 1.068807
1.325462 1.071058
1.323586 1.065752
1.323980 1.062860
0.325439 0.791482
0.318298 0.792962
0.312255 0.790479
0.306960 0.785291
0.261697 0.778074
0.259794 0.778045
0.325620 0.789334
0.318585 0.790430
0.312601 0.787728
0.307269 0.782669
0.267942 0.778548
0.266319 0.778372
0.275440 0.774588
2.043080 1.149123
2.031680 1.152082
2.035835 1.150970
2.028968 1.150381
2.036361 1.147541
2.027039 1.149462
2.029210 1.149058
2.022664 1.147518
2.016378 1.145368
1.959911 1.130487
1.953665 1.130017
1.953125 1.130011
1.953836 1.129548
2.030116 1.144286
2.023207 1.144927
2.013944 1.144645
2.016490 1.144872
2.010099 1.143501
2.003820 1.141683
1.997539 1.139746
1.991258 1.137801
1.984980 1.136003
1.978706 1.134357
1.972431 1.132700
1.966167 1.131413
1.960594 1.130588
1.967157 1.128539
1.664958 1.050139
1.664435 1.049855
1.660117 1.047331
1.658620 1.045856
1.658605 1.045233
1.657994 1.045421
1.323650 0.954596
1.320885 0.949442
1.323321 0.953149
1.320471 0.949435
0.930614 0.845763
0.924341 0.844187
0.918066 0.842526
0.911789 0.840732
0.905518 0.839220
0.899254 0.838025
0.951105 0.844499
0.943135 0.847997
0.944485 0.844098
0.936879 0.847063
0.933751 0.846415
0.937630 0.844542
0.852065 0.824919
0.849033 0.823603
0.849892 0.821068
0.830216 0.818915
0.792559 0.808509
0.944567 0.847917
0.950581 0.844914
0.843638 0.821309
0.842734 0.820967
0.842956 0.820282
0.836458 0.819237
0.835123 0.819065
0.837062 0.817254
0.790724 0.807378
0.793611 0.804007
0.787393 0.805128
0.786216 0.804044
0.646493 0.768033
0.641902 0.765675
0.623095 0.761331
0.639668 0.764842
0.635612 0.763370
0.629347 0.762070
0.629131 0.762067
0.624342 0.755894
0.510121 0.730010
0.511527 0.729722
0.510515 0.727869
0.512902 0.728727
0.511166 0.724023
2.361740 1.104644
2.361553 1.103223
2.256632 1.075589
2.257768 1.074283
2.201996 1.056921
2.192431 1.058701
2.194895 1.058249
2.361595 1.101898
2.255767 1.073988
2.258074 1.071668
2.202431 1.053815
2.191491 1.057055
2.195039 1.056201
2.188283 1.055379
2.255647 1.072619
2.258111 1.070065
2.195800 1.051959
2.185878 1.054215
2.188548 1.053838
2.181974 1.052325
1.924692 0.982830
1.918445 0.982364
1.918252 0.982360
1.930941 0.983465
1.925578 0.982903
1.924942 0.981746
1.933710 0.983704
1.931608 0.980509
1.742700 0.933243
1.742152 0.933226
1.743042 0.932148
1.748940 0.933528
1.748463 0.933513
1.749282 0.932415
1.315930 0.815698
1.315245 0.815307
1.316660 0.812835
1.310869 0.812766
1.309611 0.812162
1.306248 0.810207
1.058584 0.743600
1.066403 0.739650
1.058549 0.743568
1.058590 0.743554
1.054983 0.741264
1.059650 0.738225
1.052262 0.739982
0.612979 0.620560
0.611396 0.620322
0.581602 0.612047
0.575315 0.609878
0.619210 0.620482
0.617547 0.620556
0.572443 0.608673
0.576104 0.606537
0.569010 0.606941
0.566905 0.605864
0.569553 0.604402
2.367217 1.052099
2.365020 1.050227
2.364792 1.050059
2.365291 1.049129
2.290045 1.030392
2.289723 1.030161
2.362450 1.048079
2.285532 1.027810
2.283409 1.026838
2.277113 1.024283
2.252027 1.018131
2.248683 1.018109
2.252807 1.016255
2.276650 1.024113
2.270823 1.022031
2.264546 1.020263
2.258282 1.019024
2.255599 1.018563
2.258757 1.017581
1.837820 0.904469
1.838073 0.904474
1.837947 0.903942
1.787608 0.890496
1.783666 0.890163
1.841615 0.904037
1.793854 0.890943
1.791410 0.890807
1.797916 0.891178
1.331654 0.764232
1.329433 0.763232
1.329967 0.761760
1.323148 0.761137
1.319364 0.759623
1.316846 0.758364
1.317599 0.756299
1.311808 0.752898
1.305325 0.752000
1.299104 0.750155
1.293313 0.746758
1.293074 0.746143
1.132384 0.709004
1.135700 0.706688
1.130344 0.707099
1.136478 0.702374
2.407330 0.979562
2.406929 0.978082
2.406544 0.976647
2.443763 0.879582
2.443504 0.879700
2.443813 0.879606
2.444655 0.878617
2.445718 0.877558
2.451269 0.874000
2.837029 0.844098
2.838067 0.844061
2.793085 0.831477
2.841399 0.843559
2.792103 0.830573
2.787928 0.825085
2.790990 0.828927
2.787978 0.823410
2.699272 0.803397
2.693322 0.800576
2.687554 0.797098
2.644610 0.790362
2.699656 0.800531
2.693844 0.797205
2.687652 0.795250
2.644085 0.788848
2.642402 0.787617
3.003406 0.800707
3.004078 0.799489
3.004816 0.798339
2.789956 0.740699
2.790153 0.740401
2.789936 0.739847
2.788715 0.740022
2.790008 0.740131
2.752290 0.729898
2.751271 0.730165
2.755103 0.729807
2.759728 0.726433
2.642502 0.700147
2.641435 0.698494
3.147907 0.737623
3.141085 0.737943
3.133722 0.739494
3.130455 0.739301
3.134106 0.738838
3.147141 0.738862
3.139972 0.740171
3.138628 0.740062
3.140083 0.740039
3.629812 0.773695
3.629897 0.773497
3.541937 0.749039
3.630202 0.772215
3.542069 0.748992
3.542119 0.748290
3.545981 0.748669
3.236261 0.664331
3.238971 0.663692
3.663864 0.721269
3.665587 0.720929
3.668293 0.720300
3.671185 0.716795
3.563407 0.691901
3.561400 0.692116
3.565049 0.691735
3.255885 0.607347
3.255487 0.607428
3.512759 0.526955
3.506496 0.525736
3.500221 0.524064
3.493940 0.522089
3.487651 0.519866
3.515063 0.526929
3.513486 0.523630
3.486327 0.519351
3.488229 0.517596
1.391529 1.168275
1.385142 1.167031
1.378964 1.165033
1.391050 1.168475
1.384887 1.166421
1.378665 1.164584
1.372568 1.162292
1.391370 1.165826
1.385105 1.164137
1.378528 1.163578
1.372125 1.162391
1.365992 1.160228
1.385063 1.162834
1.378378 1.162660
1.371807 1.162080
1.365586 1.160233
1.359807 1.156784
0.212693 0.847335
0.216252 0.846299
0.215209 0.846619
0.073515 0.807924
0.072554 0.805246
0.073715 0.806629
0.072484 0.804014
0.067051 0.799319
1.556290 1.129485
1.552760 1.129859
1.556569 1.129459
1.564102 1.125476
1.562505 1.128724
1.559937 1.128981
1.563184 1.127294
1.569694 1.126638
1.321761 1.064876
1.319190 1.058832
1.322822 1.063778
1.319440 1.056410
1.324004 1.062537
1.323910 1.062726
0.329105 0.789704
0.333940 0.785100
0.304856 0.783325
0.301963 0.779034
0.263385 0.771496
0.327850 0.788006
0.307288 0.782451
0.307043 0.782520
0.301681 0.778538
0.294714 0.778106
0.295574 0.776277
0.288457 0.777140
0.288881 0.776142
0.282176 0.775216
0.283258 0.772134
0.275890 0.773064
0.269631 0.772039
0.265778 0.771649
0.264706 0.766203
2.028569 1.152896
2.018927 1.155299
2.021288 1.154883
2.014725 1.153377
1.945701 1.134870
2.022128 1.150322
2.010212 1.151610
2.015202 1.151021
2.008432 1.150951
2.002146 1.148790
1.995860 1.146629
1.951938 1.134977
1.946487 1.134838
2.009946 1.144195
2.003340 1.143741
1.993742 1.145904
1.996248 1.145041
1.989574 1.144487
1.983290 1.142466
1.977010 1.140587
1.970730 1.138693
1.964457 1.137086
1.958190 1.135759
1.952537 1.135046
1.959754 1.130968
1.656986 1.054570
1.656467 1.054332
1.657076 1.054132
1.651876 1.051742
1.658185 1.048618
1.650658 1.050728
1.647940 1.049359
1.650994 1.048798
1.330613 0.963876
1.330395 0.964343
1.325602 0.958243
1.330898 0.963085
1.330676 0.962700
1.325458 0.957233
1.333595 0.962448
1.331045 0.959883
1.325423 0.955872
0.872447 0.837002
0.866175 0.835466
0.859897 0.833611
0.828528 0.825462
0.928879 0.850433
0.930402 0.846333
0.922609 0.848952
0.924057 0.844939
0.916329 0.847065
0.917816 0.843164
0.911697 0.840952
0.905307 0.839720
0.897515 0.842450
0.898559 0.839779
0.891251 0.841191
0.891903 0.839507
0.884984 0.839827
0.885326 0.838947
0.878715 0.838425
0.875753 0.837723
0.878795 0.838223
0.859163 0.833357
0.853608 0.831370
0.854327 0.829353
0.829153 0.825465
0.829278 0.822582
0.942661 0.849211
0.930013 0.850668
0.935488 0.850807
0.916127 0.847004
0.910047 0.845092
0.910417 0.844091
0.903775 0.843549
0.901373 0.843112
0.903987 0.842997
0.848696 0.829223
0.847309 0.828696
0.847607 0.827798
0.841018 0.826386
0.834757 0.825228
0.833987 0.825347
0.789057 0.813514
0.786321 0.811433
0.645595 0.774368
0.627659 0.768631
0.623649 0.768597
0.641250 0.771841
0.640193 0.771370
0.641019 0.768599
0.633907 0.769197
0.629387 0.768715
0.629148 0.762848
0.508418 0.735959
0.508857 0.735597
0.508397 0.735059
0.507434 0.733875
0.508802 0.732576
2.347268 1.143082
2.347907 1.142264
2.346645 1.141519
2.348425 1.138861
2.242538 1.114129
2.345953 1.139971
2.349024 1.135197
2.243367 1.112945
2.345654 1.138562
2.349039 1.133676
2.243691 1.111665
2.014999 1.050593
2.243712 1.110341
2.016621 1.050484
2.022174 1.048404
2.018781 1.049679
2.021897 1.047898
1.889439 1.014397
1.888160 1.015285
1.889920 1.014001
1.858082 1.006683
1.855256 1.006632
2.019564 1.048551
2.021808 1.046754
1.889661 1.014296
1.870592 1.008453
1.864329 1.007242
1.861253 1.006813
1.858635 1.003913
1.853398 0.998521
1.802959 0.986198
1.796608 0.984823
1.789022 0.986669
1.790282 0.983360
1.782763 0.985670
1.779391 0.985269
1.783397 0.983914
1.701192 0.963905
1.890667 1.013217
1.896603 1.011185
1.876853 1.009556
1.876730 1.009540
1.871404 1.004931
1.865548 1.001771
1.791774 0.987142
1.713698 0.965456
1.707442 0.964534
1.704842 0.964253
1.708931 0.959602
1.789208 0.985123
1.788980 0.984986
1.789235 0.984145
1.726214 0.967518
1.719956 0.966499
1.716467 0.965939
1.324934 0.858698
1.324591 0.858564
1.324623 0.858502
1.319998 0.850899
1.320277 0.856105
1.318271 0.855055
1.318759 0.853864
1.004491 0.769431
1.002139 0.769568
1.010730 0.769684
1.007363 0.769571
0.803671 0.714659
0.801790 0.714056
0.797386 0.712521
0.799034 0.706987
0.791105 0.710594
0.784826 0.708775
0.778552 0.707118
0.772286 0.705784
0.767833 0.705125
0.587705 0.654930
0.521238 0.636361
0.590245 0.654202
0.590113 0.654185
0.590317 0.653962
0.520291 0.635793
0.521600 0.634707
0.516426 0.633414
2.378394 1.033913
2.288524 1.009322
2.269698 1.004236
2.377704 1.032346
2.285632 1.008107
2.282221 1.006462
2.275943 1.004645
2.271315 1.004340
2.277168 1.001228
2.376710 1.030739
2.376309 1.030306
1.836621 0.883622
1.798977 0.873744
1.842865 0.884005
1.839366 0.883698
1.800907 0.873574
1.806611 0.869746
1.847202 0.884410
1.805194 0.873049
1.804324 0.873102
1.805631 0.871779
1.295487 0.733596
1.298452 0.728209
1.294737 0.732027
1.216421 0.706900
1.205310 0.708470
1.209437 0.707811
1.172441 0.699823
1.171415 0.699270
1.165431 0.696572
1.216494 0.705143
1.204145 0.706797
1.209493 0.706115
1.177566 0.699147
1.175228 0.699174
1.171533 0.697329
1.165518 0.694739
1.155312 0.693925
1.159117 0.693544
2.422360 0.949248
2.425105 0.947929
2.423778 0.948248
2.492555 0.851762
2.492617 0.850398
2.499263 0.846510
2.534967 0.822079
2.535767 0.820912
2.540432 0.817885
2.944689 0.818243
2.980689 0.827601
2.982812 0.826299
2.945035 0.818215
2.944934 0.817231
2.917857 0.811064
2.920781 0.807226
2.980592 0.826226
2.982658 0.825373
2.950907 0.817627
2.948728 0.817822
2.917020 0.809463
2.920982 0.804976
2.781493 0.772470
2.920849 0.803992
2.781049 0.772276
2.781897 0.770929
2.756392 0.765710
2.756240 0.765743
2.693632 0.748432
2.690764 0.748519
2.775469 0.769457
2.775182 0.769318
2.762628 0.765824
2.761764 0.765841
2.695454 0.748360
2.701405 0.744070
2.644835 0.735031
2.643399 0.733601
2.644199 0.731868
2.642944 0.733168
3.039918 0.733803
3.041172 0.732583
3.040354 0.732570
3.040921 0.732007
2.726980 0.647973
3.609859 0.795920
3.610648 0.795553
3.560278 0.781703
3.607975 0.794045
3.610898 0.793139
3.604165 0.792031
3.560463 0.781527
3.560384 0.781073
3.560250 0.780120
3.560253 0.780063
3.224146 0.688836
3.225968 0.687950
3.658354 0.726996
3.662141 0.726353
3.661524 0.726441
3.662524 0.725242
3.555470 0.697873
3.557526 0.697677
3.254201 0.614054
3.254946 0.613867
3.255307 0.609638
3.617757 0.618678
3.616793 0.617964
3.579127 0.607183
3.614651 0.616495
3.579398 0.607201
3.503809 0.586222
3.501338 0.586649
3.504488 0.586105
3.504271 0.584225
3.434757 0.566563
3.431069 0.566761
3.435261 0.566515
1.391676 1.167951
1.405793 1.165389
1.392946 1.168094
1.398439 1.167631
1.376114 1.163669
1.372836 1.162272
1.405239 1.165857
1.397460 1.167884
1.397955 1.167852
1.368911 1.160369
1.366534 1.159455
1.366684 1.159230
1.360858 1.155962
1.355081 1.152518
1.405238 1.164367
1.394175 1.165657
1.398158 1.165626
1.391578 1.163918
1.361192 1.156963
1.360227 1.156458
1.360331 1.156360
1.354886 1.151708
1.405368 1.162433
1.398385 1.163341
1.390372 1.163325
1.391628 1.163433
1.357852 1.154743
1.354574 1.151361
0.215086 0.841392
0.217959 0.840493
0.217448 0.840626
0.220242 0.840024
0.067632 0.799796
0.067348 0.799554
0.067392 0.799577
0.061713 0.795781
0.064200 0.797529
0.061026 0.795976
0.061285 0.795826
0.056309 0.789478
1.622589 1.128510
1.619710 1.126349
1.617841 1.125509
1.611553 1.123277
1.606359 1.121462
1.613109 1.117168
1.605264 1.121019
1.600494 1.118578
1.598954 1.117906
1.299014 1.037770
1.297751 1.036790
1.298071 1.036346
1.296795 1.035812
1.297108 1.034559
0.351230 0.775807
0.357124 0.774320
0.350041 0.774539
0.268472 0.752826
0.357338 0.772021
0.349317 0.773911
0.350105 0.773830
0.275276 0.754420
0.274738 0.754117
0.271854 0.753520
0.274858 0.753857
0.364159 0.770226
0.357508 0.769931
0.346444 0.771812
0.350346 0.771488
2.044212 1.148807
2.043223 1.147938
2.050782 1.144084
2.041094 1.146585
2.043524 1.145985
2.036901 1.144300
1.967892 1.126394
1.968934 1.123652
1.961640 1.125671
1.961592 1.125667
1.961649 1.125646
2.044168 1.142158
2.035671 1.143787
2.037039 1.143596
2.030603 1.141674
2.024316 1.139510
2.018041 1.137839
2.011774 1.136434
2.005506 1.135022
1.999233 1.133412
1.992957 1.131716
1.994676 1.126404
1.986684 1.130123
1.987959 1.126351
1.980417 1.128741
1.981107 1.126783
1.974150 1.127369
1.972335 1.127100
1.974398 1.126701
2.044810 1.138369
2.037969 1.138764
2.031160 1.139043
2.024405 1.139129
2.018151 1.137400
1.666660 1.044124
1.666071 1.043714
1.663604 1.041670
1.660313 1.039468
1.660312 1.039412
1.660235 1.039424
1.660396 1.039139
1.320244 0.947123
1.318982 0.945419
1.316687 0.938788
1.316147 0.939268
0.951130 0.844434
0.944861 0.843021
0.938588 0.841398
0.932324 0.840166
0.951310 0.844459
0.958318 0.842765
0.844456 0.815812
0.838170 0.813667
0.831903 0.812347
0.800528 0.803916
0.955533 0.844219
0.957646 0.843704
0.820647 0.803611
0.813843 0.803872
0.807403 0.802821
0.796989 0.802452
0.800960 0.801775
0.794231 0.801296
0.814653 0.799438
0.808417 0.797644
0.802108 0.796118
0.791431 0.799608
0.795218 0.796691
0.787908 0.797625
0.643601 0.759539
0.788496 0.795187
0.640718 0.758539
0.637314 0.757345
0.631026 0.755169
0.624760 0.753865
0.622625 0.753776
0.618982 0.750944
0.505537 0.721887
0.631604 0.752485
0.625349 0.750761
0.619721 0.746773
0.506639 0.721860
0.505761 0.720731
0.500792 0.714374
0.510388 0.721476
0.506773 0.715572
2.364329 1.092177
2.363930 1.090684
2.266518 1.065042
2.267397 1.063827
2.363168 1.089132
2.266962 1.062695
2.266739 1.063714
2.267132 1.063267
2.211088 1.049060
2.210518 1.048743
2.267002 1.062434
2.206097 1.046375
2.212039 1.041931
2.204199 1.045265
2.201619 1.043859
1.915533 0.966999
1.915145 0.966996
1.910537 0.960840
1.921770 0.967153
1.921053 0.967187
1.916556 0.961913
1.752365 0.922434
1.751076 0.922430
1.753387 0.919117
1.764862 0.923623
1.758611 0.922918
1.758070 0.922879
1.758934 0.921869
1.767131 0.923924
1.322675 0.802716
1.327115 0.797872
1.319258 0.800625
1.318471 0.800251
1.319388 0.799976
1.312965 0.798180
1.076884 0.735244
1.081649 0.733222
1.074513 0.733991
1.069581 0.731941
1.075089 0.731087
1.068216 0.731421
1.061922 0.728964
0.616320 0.606036
0.610064 0.605113
0.603794 0.603612
0.597511 0.601632
0.591237 0.599957
0.584958 0.598129
0.617940 0.606148
0.616671 0.604421
0.611213 0.599810
0.605184 0.597274
0.598722 0.596294
0.592506 0.594434
0.580398 0.596244
0.585921 0.593900
0.578658 0.595395
2.401565 0.992598
2.401593 0.991206
2.401750 0.989889
2.432015 0.910947
2.432007 0.909558
2.432069 0.908234
2.571197 0.802845
2.567304 0.802894
2.572230 0.800295
2.572322 0.802861
2.578497 0.800483
3.011953 0.775258
3.013227 0.774208
2.784171 0.711662
2.733968 0.698002
2.785881 0.711583
2.784151 0.710818
2.777855 0.708282
2.732855 0.697625
2.734043 0.697638
2.727686 0.696088
2.724931 0.695540
2.721761 0.693375
2.776757 0.707831
2.778396 0.706149
2.652358 0.674652
2.651728 0.674881
2.652919 0.673059
2.653910 0.674095
3.178116 0.723075
3.176798 0.723797
3.178522 0.722777
3.178576 0.722905
3.185953 0.718756
3.641049 0.756712
3.641405 0.755914
3.640654 0.755216
3.641760 0.753109
3.542855 0.729477
3.640528 0.753844
3.641676 0.751937
3.546972 0.728238
3.545694 0.728833
3.548036 0.723944
3.245742 0.646049
3.246866 0.646012
0.208343 0.853353
0.209420 0.853048
0.211925 0.852339
0.076923 0.816787
0.076685 0.816158
0.077300 0.815502
0.076798 0.814228
0.076886 0.812443
1.609406 1.133567
1.602446 1.134391
1.596001 1.133358
1.590018 1.130659
1.564265 1.125097
1.603498 1.129067
1.596712 1.129267
1.590552 1.127202
1.584175 1.125917
1.577585 1.125408
1.565168 1.125145
1.571001 1.124877
1.584297 1.123978
1.577529 1.124107
1.570499 1.125093
1.570137 1.125084
1.570556 1.124979
1.584685 1.121113
1.574285 1.124845
1.577265 1.123598
1.318495 1.057444
1.314852 1.050198
1.319462 1.056115
1.319346 1.056280
1.314613 1.049532
1.320061 1.055120
1.319419 1.054399
1.319559 1.054502
1.314126 1.049801
1.308406 1.046148
0.334521 0.784555
0.334114 0.784147
0.283911 0.770534
0.332728 0.782706
0.335087 0.779449
0.280277 0.768887
0.277607 0.767693
0.278299 0.765734
0.271322 0.765581
0.265069 0.764783
0.264683 0.764782
2.323568 1.157209
2.314065 1.160637
2.316046 1.160057
2.250563 1.143936
2.323603 1.155567
2.313112 1.159006
2.316151 1.158171
2.252970 1.142443
2.252637 1.143079
2.323659 1.153885
2.312169 1.157412
2.316248 1.156342
2.253382 1.141909
2.253032 1.141514
2.253002 1.140479
2.252932 1.140410
1.989372 1.069660
1.984962 1.069850
1.990506 1.067044
1.989476 1.069649
1.992460 1.069086
1.997247 1.064001
1.775958 1.009683
1.769681 1.007919
1.763408 1.006343
1.757145 1.005142
1.751693 1.004278
1.664535 0.981347
1.789558 1.008784
1.782219 1.010828
1.780903 1.010619
1.782491 1.010000
1.706906 0.990062
1.700640 0.988716
1.694372 0.987295
1.688102 0.985836
1.689472 0.981240
1.681829 0.984255
1.682299 0.982834
1.675554 0.982526
1.676412 0.979783
1.669281 0.980935
1.666903 0.980573
1.670342 0.977396
1.710648 0.990759
1.335701 0.889227
1.338156 0.884063
1.334811 0.887627
0.997731 0.795322
0.994595 0.795280
1.003974 0.795684
1.000771 0.795524
0.776492 0.735098
0.776455 0.733696
0.778755 0.731582
0.771747 0.731153
0.759197 0.727805
0.686686 0.710069
0.767483 0.729991
0.771863 0.730693
0.765471 0.729439
0.759883 0.727984
0.759140 0.727788
0.759233 0.727673
0.753570 0.723806
0.687016 0.708769
0.597224 0.685130
0.597716 0.683879
0.597523 0.678059
0.506482 0.659854
0.509849 0.654345
0.505509 0.658224
2.357893 1.124753
2.357360 1.123226
2.245345 1.093741
2.247227 1.089555
2.357114 1.121811
2.245427 1.092373
2.247033 1.088732
2.114201 1.056758
2.082829 1.048458
2.245075 1.090927
2.247507 1.085530
2.128168 1.054590
2.115270 1.056721
2.121109 1.055771
2.081713 1.047889
2.076535 1.045962
2.076978 1.044980
2.070252 1.043982
2.070917 1.042560
2.063973 1.042126
2.064585 1.041116
2.057701 1.040578
2.055871 1.041089
2.058064 1.040356
2.127680 1.054859
2.120430 1.056604
2.120025 1.056612
2.120502 1.056473
1.919633 1.002712
1.915875 1.002861
1.925877 1.003139
1.920578 1.002698
1.920240 1.000232
1.932133 1.004036
1.929426 1.003673
1.927431 0.997079
1.844287 0.980571
1.838018 0.979159
1.831730 0.976929
1.725070 0.948900
1.719940 0.948509
1.848781 0.981068
1.844659 0.978471
1.838415 0.976703
1.829051 0.975864
1.831878 0.976001
1.825437 0.974507
1.819152 0.972447
1.812877 0.970759
1.806603 0.969127
1.800335 0.967688
1.794065 0.966177
1.787785 0.964305
1.731322 0.949600
1.728110 0.949260
1.737573 0.950332
1.737133 0.950287
1.737986 0.948916
1.317131 0.836601
1.315231 0.835028
1.312775 0.833025
1.312436 0.826575
1.032243 0.757772
1.028393 0.755372
1.036094 0.751861
1.028364 0.755356
1.028400 0.755334
1.028069 0.753934
1.028471 0.753607
0.601623 0.637810
0.607875 0.638571
0.604099 0.638124
0.544828 0.622530
0.545226 0.622328
0.612382 0.638961
0.539889 0.619841
0.546161 0.617435
0.538833 0.619286
2.388844 1.023519
2.389528 1.022301
2.389336 1.020891
2.393546 1.017022
1.840003 0.870755
1.833736 0.869414
1.827462 0.867763
1.840382 0.870812
1.840089 0.870397
1.834191 0.867389
1.823395 0.866344
1.827765 0.866289
1.846229 0.870472
1.844155 0.870431
1.840492 0.867435
1.834301 0.865480
1.822967 0.864847
1.827696 0.865023
1.826654 0.864484
1.827442 0.864475
1.288655 0.717257
1.287667 0.716742
1.287778 0.716620
1.281944 0.713377
1.275795 0.711272
1.269433 0.709940
1.263113 0.708455
1.256691 0.707338
1.248299 0.706632
1.250126 0.706734
1.283261 0.714490
1.281560 0.713285
1.275716 0.710073
1.269530 0.708100
1.263240 0.706501
1.256804 0.705430
1.245179 0.704443
1.250244 0.704810
1.243713 0.703760
2.420002 0.955204
2.421099 0.954127
2.483261 0.857183
2.475615 0.860118
2.474903 0.860266
2.475817 0.859755
2.478492 0.859845
2.482499 0.858435
2.529210 0.827137
2.532322 0.824373
2.531342 0.825535
2.530480 0.826103
2.531857 0.824546
2.883129 0.821825
2.903479 0.821073
2.892904 0.824222
2.895987 0.823816
2.889379 0.822482
2.884352 0.821971
2.883193 0.821401
2.874338 0.819336
2.877138 0.818956
2.903313 0.820178
2.896027 0.822183
2.889591 0.821112
2.883584 0.818492
2.874494 0.818008
2.877202 0.817226
2.792122 0.796306
2.789943 0.791998
2.751333 0.785556
2.751298 0.785563
2.752609 0.780971
2.790453 0.794507
2.789441 0.792315
2.784257 0.786721
2.776379 0.790100
2.770102 0.788331
2.757550 0.784882
2.753786 0.784840
2.675976 0.762992
2.677435 0.759212
2.669727 0.762333
2.669896 0.762125
2.664585 0.757001
2.658556 0.754464
2.651704 0.754897
2.676028 0.762994
2.668139 0.760914
2.664404 0.756143
2.658006 0.754940
2.651612 0.753717
3.019704 0.749601
3.020850 0.748527
2.743366 0.672696
2.740718 0.671733
2.741630 0.668733
2.734423 0.669241
2.700353 0.661380
2.703763 0.659633
2.696773 0.659116
2.733090 0.668625
2.704393 0.655834
2.696770 0.658999
2.696671 0.659023
2.696792 0.658976
3.573788 0.807104
3.567287 0.806272
3.573639 0.806152
3.567174 0.805187
3.198015 0.709658
3.202013 0.708811
3.201082 0.709079
3.202349 0.708158
3.648792 0.744200
3.650767 0.742922
3.650308 0.743241
3.651222 0.741758
3.544113 0.715050
3.544046 0.715241
3.544662 0.713295
3.545282 0.714206
3.251293 0.634017
3.252159 0.632894
3.596010 0.653801
3.601880 0.649517
3.550181 0.641695
3.548767 0.641372
3.550216 0.641619
3.542187 0.639643
3.537620 0.637882
3.596300 0.652520
3.554260 0.641435
3.556931 0.640164
3.535552 0.636504
3.532059 0.632739
3.526715 0.627729
3.526432 0.627272
3.380680 0.593094
3.381833 0.590308
3.374428 0.592314
3.374828 0.591291
3.368163 0.591048
3.368168 0.591038
3.361887 0.589313
3.361988 0.589045
3.355605 0.587316
3.356101 0.586002
3.349315 0.585048
3.394914 0.590188
3.381299 0.593146
3.387751 0.591749
3.346654 0.584009
3.343014 0.582307
3.343573 0.581104
3.338295 0.575853
3.259016 0.560937
3.259336 0.559643
3.509399 0.540709
3.484295 0.533771
3.515643 0.541107
3.513018 0.540910
3.491931 0.530046
3.481188 0.532530
3.484838 0.531346
3.477993 0.530996
3.476099 0.529830
3.478784 0.527407
0.135394 0.874560
0.129116 0.872928
0.147866 0.876628
0.141410 0.875630
0.135064 0.874233
0.128829 0.872444
0.122714 0.870213
0.141032 0.875528
0.134773 0.873819
0.128601 0.871795
0.122518 0.869445
1.614400 1.132927
1.616553 1.132069
1.609892 1.130909
1.617370 1.127593
1.604893 1.129026
1.610395 1.128471
1.603600 1.128549
1.597311 1.126295
1.591034 1.124491
1.605114 1.121728
1.597914 1.123424
1.588942 1.123456
1.591269 1.123110
1.598695 1.119133
1.584984 1.121077
1.591673 1.120181
1.314408 1.049798
1.312582 1.047920
1.308593 1.045881
1.308948 1.045679
1.303253 1.041936
1.306669 1.045000
1.302685 1.042491
1.297470 1.037010
1.297512 1.035394
0.349834 0.776336
0.340126 0.779457
0.342623 0.778062
0.337281 0.777322
0.343027 0.775084
0.335769 0.776288
0.275120 0.760953
0.273027 0.759764
0.266764 0.758551
0.266014 0.758556
0.267750 0.755213
0.343406 0.772244
0.336113 0.774271
2.053830 1.143360
2.058130 1.141862
2.051147 1.141417
1.994676 1.126404
1.996229 1.122327
1.988408 1.125011
1.989546 1.122149
1.982144 1.123808
1.982802 1.122194
1.975882 1.122674
1.974547 1.122504
1.976033 1.122329
2.058670 1.138406
2.050652 1.141152
2.051224 1.140988
2.013465 1.130048
2.007206 1.128997
2.008254 1.125987
2.000943 1.127767
1.994678 1.126404
2.001289 1.126831
2.045057 1.138337
2.052054 1.136516
2.044833 1.138229
2.013948 1.130130
2.021413 1.125602
1.666914 1.035963
1.668270 1.034395
1.664737 1.034024
1.669357 1.031082
1.317527 0.939834
1.316843 0.938781
1.317212 0.938404
1.316481 0.938177
1.315351 0.936538
0.959116 0.840544
0.961086 0.840455
0.967018 0.835657
0.827320 0.804234
0.963788 0.839808
0.966063 0.837613
0.823460 0.802843
0.821026 0.801771
0.815390 0.799339
0.814726 0.799072
0.808453 0.797446
0.802178 0.795749
0.795890 0.793572
0.645297 0.753363
0.613924 0.745024
0.809895 0.790834
0.803194 0.790719
0.792381 0.791934
0.796529 0.790479
0.643219 0.752621
0.645876 0.751062
0.638990 0.750327
0.614223 0.744992
0.613982 0.744698
0.608679 0.739543
0.638294 0.749957
0.639198 0.749369
0.632695 0.747848
0.620147 0.744567
0.617522 0.744481
0.614402 0.741668
0.608919 0.737153
0.500948 0.713582
0.500239 0.713604
0.507182 0.713598
0.505516 0.713606
0.502024 0.708405
2.350554 1.135971
2.242624 1.106258
2.349647 1.134360
2.242662 1.106183
2.242697 1.105900
2.349577 1.133005
2.243581 1.105051
2.243865 1.100177
2.243346 1.103652
2.243459 1.100169
2.042931 1.046378
2.035894 1.047481
2.029012 1.047169
2.029255 1.047150
2.043260 1.043684
2.036015 1.045537
2.028565 1.045673
2.029267 1.045592
1.904818 1.008827
1.895370 1.010610
1.897813 1.009814
1.847238 0.997511
1.803303 0.985284
1.797027 0.983609
2.036435 1.042548
2.027082 1.043942
2.029477 1.043366
1.911330 1.008098
1.904416 1.008756
1.897405 1.009640
1.897120 1.009679
1.897454 1.009586
1.859729 0.998491
1.853485 0.998051
1.852962 0.998052
1.848370 0.992368
1.817331 0.982919
1.805949 0.985681
1.810038 0.984943
1.803281 0.984364
1.796998 0.982388
1.709151 0.958881
1.917542 1.008497
1.910544 1.009459
1.903640 1.009719
1.902284 1.009691
1.903786 1.009555
1.872256 1.000941
1.865990 0.999569
1.859957 0.998528
1.859756 0.998371
1.854635 0.992548
1.810698 0.981043
1.803643 0.982209
1.794679 0.981326
1.797175 0.981259
1.790699 0.979684
1.715402 0.959578
1.709541 0.958916
1.861102 0.992043
1.804855 0.976346
1.798618 0.974556
1.788598 0.978372
1.727915 0.961439
1.721659 0.960501
1.719910 0.960262
1.723140 0.955390
1.731902 0.962089
1.320017 0.850854
1.319963 0.850816
1.316615 0.848554
1.313678 0.846561
1.315377 0.841761
1.013598 0.761691
1.006204 0.763900
1.005745 0.763945
1.006320 0.763660
1.012432 0.763702
1.010245 0.763746
1.013130 0.761861
0.799093 0.706785
0.798276 0.706560
0.792816 0.705012
0.793058 0.704259
0.591960 0.648721
0.598202 0.649084
0.593978 0.648619
0.526274 0.630793
0.530103 0.628311
0.522896 0.628563
0.522808 0.628508
0.522925 0.628422
2.372784 1.039012
2.375406 1.036919
2.371465 1.037285
2.375719 1.034276
2.286877 1.015010
2.286815 1.014982
2.286857 1.014840
2.280517 1.012361
2.267973 1.009231
2.264734 1.009183
2.269238 1.005547
2.369539 1.035437
2.376150 1.031242
2.276398 1.010875
2.274230 1.010187
2.272638 1.009884
2.274764 1.008387
1.834945 0.890686
1.835618 0.890683
1.835340 0.889064
1.841176 0.890537
1.840591 0.890600
1.797257 0.878953
1.796397 0.878963
1.797851 0.877066
1.845443 0.890536
1.803492 0.879033
1.801712 0.879000
1.314008 0.746055
1.290343 0.738816
1.289984 0.737361
1.288847 0.736811
1.202426 0.708822
1.195673 0.708899
1.189195 0.707982
1.183061 0.705827
1.177178 0.702763
1.146638 0.699608
1.151862 0.696954
1.144519 0.697903
1.202539 0.706915
1.195877 0.706665
1.189523 0.705299
1.183385 0.703154
1.177417 0.700391
1.152107 0.694549
1.144110 0.697557
1.144634 0.697226
2.433655 0.904807
2.434029 0.903510
2.434042 0.902163
2.523419 0.831980
2.523075 0.832099
2.523534 0.831793
2.525138 0.831282
2.862611 0.823090
2.889003 0.824729
2.863012 0.822931
2.870149 0.819886
2.793564 0.803687
2.864467 0.821951
2.869883 0.819352
2.793354 0.803209
2.743357 0.789883
2.742697 0.789874
2.743477 0.789628
2.791813 0.801456
2.746527 0.789512
2.750480 0.787146
2.675962 0.763031
2.669083 0.763562
3.018917 0.755968
3.019523 0.754763
2.751146 0.681322
2.745285 0.679145
2.746449 0.675635
2.739000 0.677069
2.696373 0.662005
2.689587 0.662201
2.682538 0.662403
2.678746 0.662269
2.682874 0.662131
2.736857 0.676208
2.733944 0.670685
2.684572 0.662419
2.689456 0.661159
3.574874 0.806437
3.565992 0.804100
3.563179 0.796805
3.575562 0.805258
3.581599 0.801712
3.565316 0.802556
3.209972 0.703820
3.207769 0.704259
3.210814 0.701898
3.652497 0.738052
3.651884 0.738439
3.653204 0.736098
3.545818 0.709244
3.653396 0.737467
3.546040 0.709190
3.546692 0.707990
3.251357 0.627457
3.251552 0.624711
3.253142 0.626563
3.602602 0.648960
3.602053 0.647997
3.526757 0.627916
3.601605 0.647330
3.602276 0.646588
3.560785 0.636570
3.526525 0.627546
3.521621 0.621817
3.524988 0.625791
3.521398 0.621130
3.394924 0.590164
3.396106 0.587388
3.388678 0.589635
3.386957 0.589423
3.388917 0.589038
3.338461 0.575443
3.394989 0.590168
3.402253 0.587993
3.337556 0.575030
3.333378 0.569301
3.327058 0.566326
3.258001 0.552706
3.257777 0.549089
0.206598 0.857532
0.204500 0.858329
0.207691 0.855061
0.206616 0.857526
0.080321 0.824255
0.081066 0.822519
0.080872 0.823028
1.933498 1.186813
1.939417 1.184636
1.932173 1.186272
1.925886 1.184050
1.919603 1.182080
1.913329 1.180426
1.907060 1.178965
1.900794 1.177668
1.933830 1.178978
1.926884 1.179749
1.920144 1.179777
1.913886 1.178069
1.908032 1.174899
1.626057 1.101725
1.624637 1.101105
1.618337 1.098375
1.617548 1.098086
1.618571 1.097442
1.612034 1.095564
1.609728 1.094660
1.612809 1.092438
1.605746 1.093356
1.599447 1.090696
1.599019 1.090502
1.297979 1.009803
1.298538 1.008840
1.297828 1.008394
1.298639 1.006974
1.298980 1.004279
0.432133 0.770197
0.433389 0.769733
0.435017 0.768819
0.439408 0.765888
2.324505 1.156810
2.331393 1.153263
2.248418 1.135665
2.324175 1.155340
2.331411 1.151680
2.249149 1.135585
2.248572 1.134810
2.323708 1.153866
2.331344 1.150437
2.323666 1.153772
2.250146 1.134472
2.249040 1.131610
2.249780 1.133036
2.249137 1.129786
1.993141 1.065430
1.998672 1.061872
1.997313 1.063897
1.995957 1.064776
1.997774 1.063585
1.997453 1.063814
1.790201 1.006704
1.783934 1.005367
1.777665 1.003930
1.771389 1.002205
1.765119 1.000696
1.758858 0.999577
1.758734 0.999555
1.758891 0.999466
1.689810 0.980098
1.683548 0.978959
1.677274 0.977305
1.671001 0.975713
1.790989 1.006691
1.790185 1.006079
1.708601 0.983776
1.702335 0.982443
1.696069 0.981140
1.690523 0.980215
1.714863 0.984946
1.710597 0.984154
1.338432 0.883370
1.338349 0.883118
1.339220 0.880227
1.337620 0.881781
0.999443 0.789767
0.998549 0.789749
1.005683 0.790003
1.004684 0.789972
0.805492 0.733796
0.800126 0.727335
0.793028 0.728658
0.785962 0.729619
0.786039 0.729589
0.779718 0.726641
0.754639 0.720746
0.749994 0.713907
0.779637 0.726606
0.779773 0.726428
0.760892 0.721520
0.759594 0.721318
0.750253 0.718854
0.748336 0.717927
0.749088 0.715673
0.688478 0.702572
0.597741 0.677609
0.687434 0.700955
0.597713 0.676448
0.597241 0.677170
0.592705 0.671147
0.509942 0.654193
0.509895 0.654150
0.592807 0.669300
0.507442 0.652148
2.364534 1.077796
2.364424 1.077656
2.276667 1.053472
2.274471 1.053993
2.226472 1.040206
2.363109 1.075943
2.277040 1.053267
2.225554 1.039717
2.226741 1.038966
2.361665 1.074230
2.277563 1.052043
2.221196 1.037187
2.220153 1.036687
2.213855 1.034057
2.212416 1.033526
2.214082 1.033069
2.207566 1.031799
1.906372 0.951080
1.903921 0.950896
1.901045 0.946518
1.868720 0.940848
1.849887 0.935476
1.912600 0.950856
1.910064 0.951124
1.907635 0.945504
1.882616 0.938616
1.875694 0.939301
1.864468 0.939115
1.868912 0.939485
1.862425 0.938321
1.856152 0.936742
1.853340 0.936187
1.849994 0.934874
1.844482 0.930470
1.762033 0.911712
1.913498 0.950685
1.912979 0.949039
1.876039 0.936560
1.869247 0.936778
1.862783 0.935809
1.856644 0.933670
1.850726 0.930727
1.774534 0.913029
1.768282 0.912309
1.767668 0.912248
1.768674 0.911003
1.851379 0.926903
1.780785 0.913797
1.776917 0.913326
1.328961 0.791308
1.329256 0.791297
1.329233 0.790227
1.331870 0.790610
1.122490 0.731593
1.113160 0.731642
1.115682 0.731870
1.112007 0.729955
1.115774 0.730024
1.096683 0.724707
1.090406 0.722950
1.090223 0.722875
1.090420 0.722870
2.413870 0.968137
2.413801 0.967320
2.413756 0.966716
2.413828 0.966573
2.413553 0.965313
2.413945 0.964671
2.467645 0.864679
2.467284 0.864837
2.467789 0.864435
2.469774 0.864133
2.474996 0.861227
2.549021 0.811907
2.547613 0.812261
2.549430 0.811226
2.550604 0.811655
2.556549 0.808301
2.551924 0.810660
2.555994 0.808829
2.992561 0.817572
2.941797 0.803700
2.936193 0.802744
2.933745 0.802101
2.935568 0.802450
2.929249 0.800429
2.992564 0.816207
2.945192 0.803720
2.942215 0.801229
2.936052 0.799174
2.927979 0.799186
2.929420 0.798815
2.791164 0.761902
2.947423 0.802970
2.942558 0.798513
2.936243 0.797010
2.929189 0.798020
2.929119 0.798139
2.929211 0.798096
2.791203 0.761793
2.791160 0.761736
2.759769 0.752655
2.758556 0.753204
2.709575 0.739412
2.788766 0.759786
2.760998 0.752465
2.742456 0.741682
2.736092 0.740357
2.729726 0.739035
2.723324 0.737845
2.715805 0.739220
2.711218 0.739352
2.716517 0.738116
2.643347 0.721494
2.640515 0.719381
2.742171 0.741235
2.735858 0.739722
2.729451 0.738547
2.715844 0.739219
2.722862 0.738028
2.640462 0.719344
3.087568 0.735204
3.081296 0.733544
3.075071 0.731716
3.068894 0.729710
3.044862 0.728527
3.050312 0.723890
3.075085 0.730182
3.068919 0.728134
3.045124 0.727238
3.638184 0.762530
3.638092 0.761123
3.545298 0.735379
3.543326 0.736172
3.545492 0.735364
3.545438 0.734802
3.244039 0.651971
3.240711 0.652353
3.244458 0.651962
3.590621 0.658960
3.593314 0.656135
3.543839 0.640340
3.590656 0.657623
3.593139 0.655285
3.549709 0.641936
3.543170 0.641239
3.537257 0.638280
3.380613 0.593215
3.373767 0.593629
3.367201 0.593028
3.360990 0.591146
3.354947 0.588655
3.349082 0.585525
3.261426 0.568144
3.260418 0.565372
3.261323 0.566757
3.260485 0.563633
3.627049 0.580283
3.626958 0.580229
3.627023 0.580028
3.620676 0.578217
3.513941 0.547094
3.510977 0.546954
3.470278 0.536235
3.477640 0.533031
3.470031 0.535861
3.469217 0.534605
3.470303 0.533732
1.456012 1.164967
1.460106 1.163732
1.467347 1.160359
1.457750 1.164024
1.459781 1.163369
1.467237 1.159258
1.458548 1.162870
1.459599 1.162532
1.333947 1.129642
1.332751 1.129733
1.467259 1.157714
1.458552 1.161542
1.459556 1.161230
1.346451 1.131105
1.340195 1.130231
1.339470 1.130132
1.347218 1.130842
1.346647 1.129882
1.341799 1.123065
0.229312 0.823135
0.227392 0.823508
0.230071 0.821356
0.230477 0.822954
0.048642 0.773680
0.047950 0.771045
0.005105 0.762222
-0.008787 0.758568
-0.009152 0.758426
-0.009551 0.758367
-0.009138 0.758420
0.048846 0.772380
0.005243 0.760882
1.943343 1.182831
1.947149 1.181031
1.940135 1.181383
1.902474 1.170776
1.933923 1.178951
1.941264 1.176441
1.933842 1.178923
1.927559 1.176898
1.921279 1.174996
1.915004 1.173354
1.908736 1.171939
1.903727 1.171004
1.903533 1.166842
1.626314 1.094120
1.634265 1.089388
1.624971 1.093463
1.626720 1.092325
1.620004 1.090981
1.618025 1.090262
1.620349 1.089520
1.613720 1.088933
1.607450 1.087424
1.601167 1.085430
1.602818 1.079896
1.596253 1.083181
1.596281 1.077707
1.301622 1.004187
1.301593 1.002802
1.300900 1.001281
0.440081 0.764673
0.439703 0.764816
0.440203 0.764495
0.441859 0.764032
0.447663 0.760379
2.073410 1.135966
2.072120 1.135023
2.074200 1.132456
2.023175 1.121009
2.024105 1.118899
2.016926 1.120411
2.016392 1.120366
2.016996 1.120262
2.069120 1.132852
2.067061 1.131227
2.037243 1.118544
2.029419 1.121440
2.024948 1.121217
2.030109 1.119997
1.955625 1.097273
1.945145 1.100217
1.948258 1.099568
2.066000 1.130682
2.067963 1.127673
2.043389 1.119166
2.035662 1.121834
2.031763 1.121653
2.036258 1.120608
1.942660 1.098171
1.948620 1.096738
1.941565 1.097626
1.935270 1.095177
1.906727 1.088710
1.904051 1.087520
1.898357 1.083775
1.949278 1.092870
1.942276 1.093846
1.929188 1.093264
1.935520 1.093934
1.928988 1.093196
1.922709 1.091341
1.916433 1.089596
1.910161 1.088013
1.909145 1.087979
1.904314 1.085071
1.665448 1.022745
1.910638 1.085084
1.671686 1.022917
1.666113 1.022601
1.665736 1.021360
1.677931 1.023382
1.673877 1.023265
1.684191 1.024483
1.680255 1.023608
1.679156 1.018525
1.316147 0.924928
1.315830 0.923485
0.968782 0.829756
0.969399 0.829492
0.969395 0.827080
0.970501 0.828405
0.824410 0.789005
0.822223 0.787976
0.818109 0.786228
0.813349 0.784284
0.811813 0.783686
0.813153 0.779050
0.657748 0.743296
0.662801 0.738576
0.654930 0.741206
0.648658 0.739632
0.598476 0.726912
0.662761 0.737199
0.654963 0.741049
0.647849 0.739305
0.649000 0.738272
0.642358 0.736940
0.599529 0.726579
0.598624 0.725715
0.593564 0.719680
0.491774 0.697068
0.643787 0.731311
0.604696 0.726361
0.603282 0.726211
0.599423 0.721331
0.492195 0.696938
0.491960 0.696128
0.498004 0.696936
0.497292 0.696921
0.493330 0.689682
2.393991 1.016738
2.393912 1.016877
2.394169 1.016269
2.394692 1.015717
2.423977 0.943099
2.426798 0.941597
2.425018 0.941991
2.427790 0.941383
2.427858 0.937239
2.485225 0.856407
2.491000 0.853551
2.489816 0.855442
2.488091 0.855789
2.490654 0.853294
2.541060 0.816851
2.540638 0.816998
2.541197 0.816637
2.542899 0.816208
2.548600 0.812696
2.548163 0.812806
2.969834 0.832716
2.975223 0.830918
2.970306 0.831448
2.975090 0.829875
2.949256 0.825623
2.948137 0.825608
2.911940 0.816081
2.911611 0.815724
2.970183 0.830070
2.975089 0.828401
2.953856 0.825763
2.950266 0.820788
2.910538 0.814339
2.912067 0.812866
2.784572 0.781171
2.754716 0.772719
2.781795 0.779053
2.779781 0.778056
2.781240 0.773300
2.773490 0.775706
2.767213 0.773965
2.760943 0.772485
2.757058 0.772537
2.756228 0.766384
2.685668 0.753246
2.683936 0.753293
2.686271 0.751621
2.774896 0.770419
2.767418 0.773118
2.761917 0.768665
2.691899 0.753138
2.688737 0.753173
2.692994 0.750133
2.646114 0.741945
2.645880 0.740531
2.643238 0.733842
3.032808 0.738866
3.032907 0.738537
3.032791 0.738154
3.032640 0.737127
3.032808 0.737006
2.739895 0.658638
2.737841 0.657857
2.731553 0.655618
2.725269 0.653592
2.718993 0.651879
2.712733 0.650774
3.615953 0.790951
3.619733 0.787060
3.616025 0.789583
3.619546 0.786213
3.558589 0.774457
3.557174 0.768361
3.619925 0.783372
3.560077 0.773486
3.227517 0.683149
3.229305 0.682220
3.229274 0.682234
3.229376 0.681987
3.715712 0.726583
3.709456 0.725655
3.709799 0.724687
3.703157 0.723015
3.704103 0.720947
3.671797 0.715161
3.670266 0.715583
3.672561 0.713305
3.698035 0.717073
3.692234 0.713708
3.673157 0.714992
3.679472 0.711169
3.565122 0.686475
3.565003 0.686487
3.565347 0.685708
3.568400 0.686028
3.257571 0.600731
3.256150 0.601025
3.258876 0.600389
3.626169 0.586623
3.625254 0.586100
3.618955 0.583413
3.612687 0.582002
3.608431 0.581957
3.613753 0.579333
3.509792 0.554605
3.508846 0.552978
3.469995 0.536324
3.462041 0.539681
3.461334 0.540458
3.462279 0.539877
1.438928 1.167276
1.432378 1.166619
1.425862 1.165841
1.419277 1.165314
1.406792 1.165165
1.412628 1.165016
1.438884 1.165906
1.432360 1.165157
1.425787 1.164583
1.419165 1.164186
1.409770 1.164548
1.412401 1.164306
1.351949 1.149331
1.350062 1.146337
1.344323 1.142757
1.337668 1.142481
1.331617 1.140030
1.438894 1.164375
1.432284 1.163936
1.425633 1.163643
1.418995 1.163304
1.409748 1.163177
1.412341 1.163025
1.351422 1.147807
1.349865 1.145530
1.344716 1.139818
1.338211 1.138995
1.432176 1.162866
1.425447 1.162858
1.418833 1.162429
1.409146 1.161688
1.412302 1.161703
1.350728 1.146274
1.349898 1.143926
0.219662 0.834553
0.219503 0.834586
0.219931 0.833663
0.222653 0.834068
0.056826 0.790378
0.056491 0.789866
0.056547 0.790130
0.056061 0.788797
1.956072 1.172051
1.963946 1.167464
1.953930 1.171065
1.956481 1.170109
1.949772 1.169389
1.943483 1.167101
1.912120 1.159155
1.908480 1.159108
1.913569 1.154922
1.950979 1.164159
1.941093 1.166305
1.943779 1.165852
1.937197 1.164978
1.930917 1.163076
1.924642 1.161361
1.918375 1.160021
1.915896 1.159667
1.920055 1.154285
1.636298 1.083294
1.635976 1.083158
1.636037 1.082994
1.629671 1.080229
1.604575 1.073621
1.598306 1.072209
1.629271 1.080060
1.623366 1.077327
1.617089 1.075542
1.610823 1.074220
1.605191 1.073718
1.597119 1.071592
1.598256 1.070143
1.596839 1.070158
1.307346 0.992549
1.308028 0.991334
1.307362 0.989805
0.456037 0.756225
0.456948 0.756202
0.463504 0.753288
0.457712 0.755036
0.463444 0.751997
2.076640 1.129639
2.075076 1.128508
2.037419 1.118092
2.031169 1.117461
2.072925 1.127273
2.057906 1.116856
2.051139 1.116982
2.043664 1.118526
2.038694 1.118259
2.044240 1.117585
1.956897 1.096737
1.963276 1.093960
1.955840 1.096030
2.069536 1.125026
2.068744 1.124515
2.069069 1.123673
2.063290 1.120230
2.057027 1.118534
2.049910 1.119067
2.045857 1.118782
2.050313 1.118467
1.963652 1.091076
1.954129 1.094612
1.956060 1.094180
1.899317 1.078817
1.894902 1.079023
1.893622 1.076572
1.963597 1.089778
1.950981 1.092424
1.956234 1.092059
1.949498 1.091570
1.905560 1.079214
1.899372 1.078820
1.899326 1.078773
1.894556 1.071681
1.775218 1.040771
1.768701 1.040000
1.762494 1.038109
1.906212 1.079283
1.905671 1.078696
1.900594 1.072711
1.769031 1.037284
1.762600 1.036197
1.756520 1.033841
1.673379 1.016576
1.667121 1.015588
1.662817 1.015162
1.661949 1.010739
1.819275 1.048848
1.812660 1.048429
1.806737 1.045501
1.769159 1.035330
1.762692 1.034371
1.673693 1.016634
1.673540 1.015971
1.685887 1.018253
1.679618 1.016803
1.678976 1.016679
1.318184 0.918886
1.318435 0.917584
0.970452 0.822422
0.968470 0.822676
0.971586 0.822108
0.826112 0.783000
0.972649 0.821050
0.822799 0.781550
0.819812 0.780298
0.813517 0.777796
0.812985 0.777600
0.807225 0.775447
0.663214 0.738164
0.777509 0.760425
0.663236 0.736777
0.662897 0.736472
0.650336 0.732695
0.593872 0.717956
0.592466 0.718145
0.658831 0.734277
0.664223 0.730440
0.654486 0.733131
0.644846 0.730587
0.651524 0.727676
0.644041 0.730205
0.645663 0.724526
0.596566 0.717851
0.594328 0.715417
0.491088 0.690073
0.493430 0.689211
0.493202 0.689255
0.494153 0.686712
2.383706 1.028738
2.384644 1.027880
2.383680 1.027340
2.384542 1.026722
2.284517 1.001241
2.283935 1.000987
2.282390 1.000682
2.284103 1.000490
2.382896 1.025781
2.384710 1.024631
1.838310 0.877126
1.844559 0.877704
1.839931 0.877269
1.820985 0.866459
1.808118 0.868897
1.814054 0.867177
1.848164 0.878075
1.845847 0.872410
1.821034 0.864769
1.813145 0.867736
1.810171 0.868058
1.813859 0.866373
1.820513 0.865186
1.298651 0.727855
1.298557 0.727795
1.298585 0.727732
1.295342 0.725601
1.292224 0.723778
1.293048 0.721898
1.243541 0.706205
1.236959 0.705665
1.230207 0.705737
1.222355 0.706380
1.223333 0.706253
1.286983 0.718020
1.243654 0.704300
1.237104 0.703644
1.230418 0.703478
1.220479 0.704517
1.223549 0.703972
2.425413 0.936906
2.425963 0.935658
2.428477 0.934706
2.427828 0.934802
2.459672 0.869171
2.459380 0.869334
2.459766 0.869094
2.461492 0.868537
2.467091 0.865465
2.828537 0.850114
2.821967 0.849531
2.816086 0.846458
2.810009 0.844098
2.828536 0.848618
2.822078 0.847626
2.816207 0.844519
2.640769 0.802503
2.639043 0.801340
2.632771 0.799824
2.626488 0.797811
2.620227 0.796656
2.619183 0.796820
2.615091 0.791376
2.590400 0.789246
2.639900 0.797528
2.633030 0.798030
2.626610 0.796902
2.620580 0.794363
2.615281 0.789183
2.592765 0.788491
3.006132 0.793451
3.006892 0.792296
2.760249 0.724891
2.753995 0.724071
2.752986 0.724043
2.754681 0.721861
2.762006 0.725041
2.767932 0.721112
2.644056 0.693984
2.643477 0.692447
3.170142 0.727540
3.168782 0.728264
3.170473 0.727531
3.170583 0.727386
3.177947 0.723366
3.626291 0.779126
3.629735 0.773727
3.625887 0.777666
3.629501 0.773084
3.543511 0.755950
3.545583 0.755155
3.232722 0.670868
3.234133 0.670350
3.712872 0.714213
3.719111 0.714413
3.716000 0.714467
3.568526 0.674540
3.721412 0.714543
3.569345 0.674480
3.572995 0.674063
3.575833 0.670647
3.258509 0.588499
3.260947 0.587608
3.260630 0.587674
3.620015 0.612700
3.618485 0.611580
3.580843 0.601807
3.616742 0.610459
3.587072 0.601623
3.583766 0.601769
3.503907 0.579366
3.436484 0.561587
3.436424 0.561595
3.436513 0.561508
3.439078 0.560930
1.452734 1.166039
1.439722 1.167254
1.445661 1.167270
1.452424 1.165628
1.439915 1.165907
1.445547 1.166152
1.332266 1.136446
1.329488 1.136852
1.452297 1.164592
1.439271 1.164374
1.445538 1.164693
1.438911 1.163915
1.344802 1.139278
1.338524 1.137461
1.334410 1.136747
1.332763 1.134364
1.438099 1.162737
1.438940 1.162752
1.346641 1.138608
1.345686 1.134815
1.339984 1.131098
0.221375 0.829018
0.222556 0.828811
0.225368 0.828195
0.228797 0.824464
0.052317 0.782621
0.052008 0.782224
0.052415 0.781254
0.052040 0.780584
0.002343 0.765577
-0.003403 0.762022
-0.015732 0.757927
0.051992 0.779802
0.051905 0.779596
0.002480 0.763580
-0.003617 0.761283
-0.009742 0.759093
-0.016362 0.758689
1.992536 1.161925
2.000030 1.158717
1.990074 1.160854
1.992896 1.160163
1.986238 1.159258
1.929774 1.144521
1.980028 1.156819
1.987101 1.155263
1.979945 1.156787
1.973653 1.154474
1.967365 1.152214
1.936008 1.144524
1.933008 1.144440
1.937051 1.141531
1.974820 1.149498
1.965952 1.151750
1.967541 1.151475
1.961081 1.150165
1.954799 1.148206
1.948523 1.146482
1.942260 1.145287
1.940628 1.145075
1.942831 1.143461
1.629571 1.056217
1.618937 1.057605
1.622554 1.057247
1.615927 1.056200
1.629898 1.053526
1.623023 1.054045
1.611104 1.054164
1.616258 1.054166
1.609629 1.053601
1.603340 1.051337
1.623793 1.049787
1.617310 1.048886
1.610885 1.047780
1.601097 1.050181
1.604209 1.047574
1.317907 0.974203
1.321865 0.971722
1.319273 0.973187
1.321582 0.971236
1.320563 0.972193
1.321024 0.971784
0.812587 0.834560
0.806306 0.832642
0.818851 0.835759
0.817773 0.835616
0.818956 0.835532
0.806058 0.832534
0.800009 0.830006
0.800539 0.829117
0.794779 0.825614
0.870640 0.841870
0.864225 0.840727
0.858110 0.838499
0.825074 0.835357
0.823205 0.835674
0.825457 0.834859
0.797309 0.828848
0.793704 0.827101
0.793999 0.826909
0.792669 0.826288
0.788501 0.820974
0.638381 0.779633
0.631628 0.779713
0.625963 0.775863
0.482677 0.743252
0.486162 0.741717
0.484679 0.742390
0.486615 0.741246
2.294800 1.163853
2.288049 1.163922
2.281690 1.162577
2.275080 1.162139
2.268848 1.160335
2.263264 1.156194
2.295012 1.161577
2.288257 1.161666
2.281809 1.160640
2.275292 1.159864
2.269090 1.157950
2.263518 1.153759
2.288544 1.159151
2.282088 1.158155
2.275640 1.157128
2.269473 1.155086
1.975686 1.080557
1.841677 1.044202
1.835399 1.042451
1.979685 1.079619
1.978014 1.079794
1.980578 1.077069
1.882012 1.054511
1.880031 1.051213
1.874237 1.047829
1.868267 1.045083
1.854195 1.046248
1.855374 1.043024
1.847940 1.045419
1.846144 1.045073
1.848126 1.044888
1.831904 1.041328
1.829116 1.040393
1.829346 1.039785
1.822834 1.038436
1.823548 1.036417
1.816553 1.036452
1.810272 1.034576
1.803995 1.032802
1.981953 1.079495
1.881841 1.053092
1.879248 1.051118
1.879767 1.050659
1.873741 1.048107
1.867487 1.046382
1.860432 1.046428
1.857526 1.046685
1.860896 1.045871
1.798391 1.031111
1.797716 1.030908
1.797415 1.030854
1.797784 1.030686
1.745814 1.017277
1.878995 1.051006
1.873235 1.048464
1.862088 1.046545
1.867013 1.046620
1.747484 1.016119
1.746676 1.016116
1.672166 0.995156
1.665905 0.994052
1.662820 0.994040
1.753723 1.016399
1.752391 1.016278
1.754958 1.012189
1.703517 1.002625
1.697248 1.001202
1.690977 0.999668
1.684705 0.998072
1.678432 0.996458
1.672467 0.995201
1.672242 0.994848
1.667129 0.988997
1.328353 0.901842
1.328868 0.900585
1.328994 0.899269
0.988078 0.806666
0.988044 0.806704
0.988113 0.806593
0.988974 0.805586
0.818630 0.760193
0.812349 0.758257
0.806080 0.756799
0.777143 0.748414
0.774670 0.746906
0.775569 0.744603
0.773159 0.745996
0.676327 0.720488
0.681610 0.717754
0.592677 0.697279
0.678078 0.719584
0.681345 0.717211
0.593053 0.697181
0.594067 0.696092
0.501844 0.671785
0.503019 0.670745
2.398115 1.004833
2.399592 1.003840
2.400695 1.002789
2.430100 0.917016
2.429975 0.915607
2.579185 0.798985
2.576928 0.798851
2.579603 0.797979
2.582025 0.798831
2.586755 0.794963
2.996403 0.812009
2.996755 0.810725
2.793670 0.755869
2.792840 0.754817
2.793578 0.753063
2.761482 0.747129
2.760552 0.747159
2.761670 0.746750
2.742655 0.741960
2.791679 0.753968
2.780261 0.750304
2.781969 0.744849
2.773998 0.749076
2.774542 0.747362
2.767723 0.747412
2.765595 0.747094
2.768125 0.746224
2.745264 0.741739
2.750550 0.736765
2.642232 0.714074
2.746935 0.740832
2.749585 0.738766
2.640532 0.712782
2.638676 0.710944
3.162186 0.732643
3.161083 0.732815
3.162491 0.732048
3.164790 0.732449
3.169943 0.727963
3.621057 0.785722
3.621242 0.784376
3.557379 0.766899
3.555829 0.767157
3.551684 0.763881
3.545673 0.761285
3.620431 0.782818
3.558092 0.766376
3.557529 0.765575
3.551678 0.762392
3.545628 0.759930
3.546211 0.756352
3.231017 0.676677
3.230005 0.677234
3.231945 0.676355
3.607571 0.643695
3.606049 0.641916
3.562236 0.630371
3.519402 0.619096
3.516617 0.615585
3.518635 0.617524
3.516502 0.614494
3.402918 0.586514
3.400214 0.586339
3.403382 0.585427
3.333892 0.567932
3.406594 0.586640
3.409725 0.585318
3.331625 0.566892
3.327586 0.565001
3.328431 0.562862
3.324631 0.563688
3.321867 0.560757
3.316512 0.555775
3.257520 0.545998
3.508171 0.518658
3.501902 0.517238
3.495624 0.515396
3.509197 0.518795
3.508369 0.517795
3.502557 0.514472
3.493218 0.514583
3.496019 0.513772
3.489334 0.513114
