-0.001303 0.758303
-0.008234 0.758808
-0.014635 0.757897
-0.013910 0.760390
0.237891 0.703507
0.232163 0.698297
0.224178 0.698214
0.225513 0.698047
0.239031 0.705662
0.237872 0.706063
0.237972 0.705175
0.231586 0.706410
0.231884 0.703427
0.225312 0.705136
0.223581 0.702578
0.225409 0.702712
0.219034 0.704545
0.271841 0.716703
0.225286 0.708573
0.222712 0.706921
0.218166 0.706022
0.219107 0.705963
0.270619 0.720946
0.269156 0.723943
0.268278 0.725003
0.452227 0.776012
0.445461 0.776076
0.438718 0.776078
0.432124 0.777862
0.428753 0.774955
0.426488 0.772713
0.432615 0.778754
0.426911 0.775989
1.367477 1.123923
1.366777 1.120902
1.369214 1.128746
1.370932 1.133581
1.371951 1.138414
1.371901 1.138285
1.374373 1.143304
1.706901 1.250027
1.711440 1.247992
1.704139 1.250360
1.697843 1.251935
1.696211 1.252365
1.698434 1.251095
1.691550 1.253171
1.685259 1.254225
1.683954 1.254428
1.685737 1.253406
1.678971 1.254915
1.672681 1.255618
1.668893 1.255976
2.416490 0.838132
2.414535 0.833578
2.415301 0.842373
2.413786 0.839980
2.415501 0.846919
2.413566 0.844985
2.507075 0.873105
2.500806 0.871153
2.494551 0.867430
2.494094 0.867087
2.417371 0.851820
3.333543 0.748308
3.325996 0.751718
3.322400 0.754202
3.327048 0.752043
3.319678 0.756346
3.317547 0.757753
3.320355 0.756342
3.533561 0.827779
3.532778 0.828230
3.526508 0.826506
3.526374 0.826339
3.526730 0.825775
0.023368 0.743978
0.029072 0.740424
0.021151 0.745637
0.018950 0.747580
0.022464 0.744473
0.014837 0.749700
0.012401 0.750801
1.449832 1.274501
1.443561 1.272869
1.437292 1.270999
1.431027 1.268395
1.427656 1.266668
1.425216 1.264870
1.420047 1.260654
1.456406 1.276011
1.450295 1.274315
1.444150 1.272714
1.438129 1.270781
1.432350 1.268206
0.196684 0.707404
0.189214 0.714838
0.196799 0.711484
0.188825 0.715359
0.185237 0.718543
0.189615 0.717077
0.182507 0.719926
1.369308 1.152386
1.370763 1.157152
1.373044 1.164824
1.371846 1.161860
1.374002 1.166799
1.379258 1.173998
1.377742 1.172067
1.667630 1.263491
1.661726 1.264605
1.661338 1.264649
1.655047 1.265678
1.648759 1.266207
1.647876 1.266334
1.649028 1.265785
1.642469 1.266966
1.636182 1.267511
1.633066 1.267915
1.637239 1.265714
1.629893 1.268293
0.276523 0.684659
0.276097 0.685892
0.276469 0.683613
0.274895 0.688848
0.439983 0.737103
0.437577 0.743736
0.495449 0.762279
0.436514 0.748028
0.493720 0.763921
0.496575 0.761215
0.489130 0.766961
0.488515 0.767383
0.490268 0.764476
1.342024 1.076893
1.341574 1.076208
1.341609 1.081284
1.341429 1.080978
1.347559 1.089045
1.344439 1.086341
1.342545 1.082409
1.353798 1.095099
1.350766 1.092109
1.348591 1.088686
1.355982 1.097669
1.354530 1.095256
1.754926 1.231012
1.754493 1.231039
1.755250 1.230252
1.748640 1.231239
1.742346 1.232636
1.741357 1.232892
1.742982 1.231381
1.736051 1.234170
1.729762 1.234912
1.729238 1.234988
1.730780 1.232387
1.723474 1.235498
1.717183 1.236497
0.777175 0.704945
0.770898 0.704137
0.789684 0.712761
0.783440 0.707575
0.781721 0.706688
0.777337 0.705335
0.768160 0.703992
0.770988 0.704290
0.764618 0.703729
0.758337 0.703358
0.789704 0.712785
0.789686 0.712776
0.783863 0.710339
0.922886 0.748380
0.927309 0.758190
0.922664 0.753368
0.962392 0.769687
0.958894 0.772150
0.925696 0.762364
0.922500 0.758233
0.956246 0.772947
0.952601 0.773501
0.925752 0.766900
0.946696 0.775578
0.946301 0.775644
1.052899 0.805307
1.052363 0.805593
1.046597 0.807712
1.043935 0.808418
1.040301 0.809460
1.334868 0.910657
1.334345 0.911252
1.331180 0.915120
1.328533 0.917499
1.327263 0.918870
2.174524 1.222483
2.174071 1.222503
2.174608 1.222366
2.168236 1.222919
2.161947 1.223722
2.158626 1.223908
2.162517 1.223034
2.155661 1.224153
2.149370 1.225132
2.145447 1.225808
2.150447 1.223701
2.143078 1.226207
1.296360 0.773470
1.290083 0.772586
1.346498 0.790767
1.340237 0.787862
1.333970 0.785579
1.327691 0.785103
1.348033 0.791860
1.352470 0.797270
2.386782 1.169760
2.386724 1.169772
2.380429 1.171350
2.377175 1.172315
2.374132 1.173060
2.368623 1.175117
2.367831 1.175414
2.369074 1.171670
2.361538 1.176613
2.357926 1.177527
2.423635 1.008140
2.421090 1.003233
2.420216 1.011936
2.419523 1.012464
2.419771 1.011149
2.415473 1.015499
2.413206 1.016944
2.413994 1.012999
2.410164 1.018979
2.429213 0.892786
2.452830 0.909847
2.446571 0.906551
2.440307 0.903975
2.438704 0.903243
2.434378 0.901393
2.428912 0.897982
2.459075 0.914957
2.454254 0.910831
2.452924 0.910278
2.446951 0.908224
2.441005 0.906097
2.435005 0.904123
2.429161 0.901737
2.460030 0.916475
2.459211 0.915895
2.453496 0.913159
2.447731 0.910564
2.441870 0.908230
2.463676 0.921711
2.459870 0.918567
2.463204 0.926150
2.419561 0.739745
2.418331 0.739955
2.413268 0.741083
2.455403 0.751847
2.451847 0.748400
2.409388 0.742683
2.406962 0.743997
2.457113 0.759579
2.456036 0.756462
2.452320 0.751558
2.457662 0.761299
2.457315 0.760622
2.576220 0.796964
2.570954 0.790035
2.577906 0.798740
2.576694 0.797105
2.582446 0.804778
2.582070 0.804062
2.583700 0.808903
2.583300 0.806309
3.155543 0.764401
3.155498 0.764429
3.150165 0.767834
3.149185 0.768380
3.348119 0.745393
3.336339 0.747618
3.341036 0.746301
3.333965 0.748765
3.330319 0.750918
3.335002 0.748831
3.327654 0.752409
3.410238 0.768366
3.404585 0.765450
3.441700 0.778780
3.434247 0.782749
3.427984 0.780116
3.424834 0.778753
3.422256 0.776678
3.416911 0.772945
3.540776 0.821591
3.528217 0.820414
3.526658 0.817030
3.536068 0.823391
3.534471 0.824309
3.530952 0.822371
3.534913 0.821923
0.113951 0.716663
0.106719 0.721567
0.105955 0.722215
0.106916 0.721827
0.104240 0.726378
0.107202 0.725475
1.378730 1.194673
1.384964 1.201292
1.380503 1.196561
1.380189 1.192272
1.385675 1.202079
1.385339 1.200922
1.391179 1.210362
1.388954 1.207232
1.393038 1.212560
1.392550 1.208521
1.396273 1.217731
1.610585 1.279522
1.604298 1.280030
1.598832 1.280533
1.605282 1.278958
1.598009 1.280598
1.591722 1.281063
1.585437 1.281370
1.582241 1.281732
1.586053 1.280707
1.579149 1.281984
1.572863 1.282282
1.566581 1.282063
0.282666 0.667154
0.279549 0.669506
0.277977 0.670728
0.445484 0.726586
0.443441 0.730672
0.442440 0.733665
0.505385 0.747525
0.442170 0.734945
0.505202 0.751970
0.505136 0.752173
0.502584 0.755964
0.498817 0.756976
0.605431 0.784421
0.599154 0.783604
0.592884 0.781730
0.586628 0.778133
0.585164 0.776916
0.587303 0.775419
1.319758 1.050662
1.325993 1.057098
1.323628 1.054478
1.320875 1.050651
1.332217 1.065132
1.329156 1.060067
1.326556 1.057888
1.332247 1.065185
1.332226 1.065154
1.338431 1.074420
1.334670 1.070187
1.333243 1.066891
1.783442 1.223735
1.777162 1.223276
1.770876 1.223594
1.764596 1.223205
1.772430 1.220375
1.764293 1.223227
1.764694 1.223024
1.758307 1.223957
1.752019 1.224386
1.749991 1.224892
1.753084 1.222453
1.745724 1.226014
1.739438 1.226407
0.597648 0.689862
0.556533 0.677536
0.597153 0.690135
0.597807 0.689799
0.591345 0.692456
0.556188 0.681978
0.589035 0.693014
0.592142 0.691337
0.585055 0.693323
0.676684 0.719476
0.672818 0.720888
0.669074 0.722451
0.666513 0.723651
1.331500 0.962400
1.337008 0.969579
1.335211 0.967619
1.307306 0.957334
1.338716 0.972813
1.337634 0.970747
1.339510 0.977487
1.337654 0.975127
2.121521 1.251277
2.114023 1.255499
2.107735 1.256014
2.106372 1.256201
2.101445 1.256874
2.095160 1.257134
2.089064 1.257257
2.088876 1.257268
2.082592 1.257366
2.076313 1.256627
2.070039 1.255449
2.063759 1.255023
1.167976 0.781073
1.173208 0.777332
1.165250 0.783290
1.163488 0.784660
1.166195 0.782456
1.159962 0.788476
1.158919 0.789613
1.323038 0.838955
1.328146 0.846654
1.326628 0.844152
1.330125 0.849350
1.332695 0.854383
2.274364 1.193046
2.268080 1.192919
2.261802 1.192265
2.307017 1.197721
2.287334 1.196255
2.281185 1.194666
2.274957 1.193284
2.268322 1.192997
2.260386 1.192121
2.261854 1.192261
2.255521 1.191887
2.249230 1.192932
2.282155 1.196464
2.275698 1.195703
2.269338 1.194685
2.262931 1.193792
2.256503 1.192954
2.243718 1.193301
2.249875 1.192648
2.242944 1.193394
2.236652 1.194450
2.230367 1.194558
2.405401 1.103036
2.401788 1.098734
2.400517 1.106538
2.400511 1.106541
2.400512 1.106534
2.395584 1.101698
2.394692 1.109881
2.394201 1.110187
2.394293 1.109548
2.389139 1.105333
2.389125 1.113305
2.387890 1.113892
2.388087 1.112556
2.439014 0.976801
2.437177 0.977862
2.432707 0.980022
2.431028 0.981126
2.426392 0.984060
2.425756 0.984599
2.417576 0.828984
2.414794 0.832058
2.414262 0.832801
2.412298 0.836918
2.491783 0.857259
2.521335 0.869280
2.515050 0.869493
2.508772 0.868867
2.502499 0.867358
2.496240 0.864097
2.493536 0.862089
2.538847 0.680723
2.537143 0.683091
2.539767 0.680916
2.590451 0.694013
2.533136 0.686808
2.532513 0.687431
2.592442 0.703106
2.590607 0.698002
2.592326 0.707587
2.716449 0.745822
2.721799 0.743365
2.714290 0.746776
2.709671 0.748951
2.715431 0.746768
2.707983 0.749994
2.776953 0.769692
2.772073 0.761951
2.704081 0.752362
2.776793 0.771324
2.772153 0.766138
2.775754 0.775615
2.772046 0.770854
2.773715 0.779740
2.859622 0.801323
2.858398 0.801912
2.852700 0.804439
2.852094 0.804705
2.845796 0.806583
3.491291 0.766899
3.485023 0.764818
3.478756 0.762586
3.472488 0.760525
3.466215 0.759009
3.459939 0.758098
3.453660 0.757453
3.447375 0.757689
3.503811 0.773256
3.497555 0.769545
3.496694 0.769097
3.491633 0.767077
3.485693 0.764932
3.479984 0.762179
3.442747 0.758360
3.441085 0.758553
3.516323 0.780481
3.510063 0.777343
3.506898 0.775618
3.504142 0.774078
3.498385 0.771454
3.492570 0.768994
3.555151 0.789747
3.553953 0.790090
3.554368 0.788404
3.547662 0.790989
3.541388 0.789767
3.535119 0.787772
3.528852 0.785679
3.522583 0.783524
3.520598 0.782845
3.517158 0.779744
3.511315 0.777359
0.042904 0.735117
0.029372 0.740292
0.036506 0.738580
0.029138 0.740433
0.023782 0.743687
0.030207 0.741823
0.022827 0.744073
1.413948 1.254101
1.408337 1.247141
1.414478 1.254663
1.414057 1.254256
1.409362 1.248779
1.426434 1.264956
1.420182 1.260684
1.419340 1.260115
1.415024 1.256064
1.501686 1.285012
1.495412 1.283701
1.489139 1.282361
1.482865 1.281072
1.476591 1.279705
1.470318 1.278361
1.464045 1.276901
1.457773 1.275421
1.451501 1.274007
1.445228 1.272423
1.438959 1.270459
1.432694 1.268075
1.429338 1.266602
1.426794 1.265041
1.421443 1.261340
1.514719 1.286744
1.508327 1.285805
1.501976 1.284752
1.495723 1.283440
1.489483 1.282091
1.483237 1.280764
1.477016 1.279368
1.470765 1.278056
1.464560 1.276620
1.458374 1.275135
1.452168 1.273705
1.446073 1.271980
1.440156 1.269786
1.434357 1.267283
0.276314 0.698868
0.275056 0.703098
0.274089 0.698776
0.272917 0.707188
0.272606 0.707775
0.272805 0.706611
0.429462 0.756367
0.429321 0.757489
0.429286 0.762126
0.428660 0.760689
0.429679 0.759796
0.481059 0.771032
0.469171 0.773264
0.473729 0.772599
0.466891 0.775033
0.430633 0.765593
0.474555 0.774811
0.464735 0.776879
0.467201 0.776435
0.460581 0.778478
1.356707 1.101217
1.351521 1.094446
1.358366 1.103366
1.357275 1.101474
1.362913 1.111526
1.361365 1.108447
1.364114 1.113493
1.363415 1.111884
1.367053 1.118592
1.369106 1.123604
1.369063 1.123523
1.732672 1.240895
1.732606 1.240915
1.732712 1.240819
1.726380 1.242042
1.720090 1.242865
1.720027 1.242876
1.720126 1.242791
1.713800 1.243785
1.707707 1.244929
1.707507 1.244945
1.701217 1.245927
1.695225 1.246987
1.694925 1.247036
0.924780 0.737616
0.964013 0.742207
0.923020 0.738602
0.926347 0.734744
0.918474 0.740643
0.964994 0.751478
0.963480 0.748012
0.913750 0.741261
0.919690 0.738942
0.964089 0.755777
0.962862 0.754060
0.962322 0.759937
0.962315 0.759944
0.962316 0.759932
1.075972 0.789313
1.056824 0.787755
1.056356 0.788122
1.056536 0.787189
1.100233 0.802542
1.079792 0.796826
1.075926 0.793823
1.052441 0.791375
1.050033 0.793413
1.050829 0.788834
1.120554 0.805084
1.113905 0.804832
1.107229 0.804655
1.094888 0.804327
1.100541 0.804510
1.093934 0.804531
1.087644 0.805460
1.081368 0.804421
1.079749 0.801313
1.075731 0.798752
1.048106 0.795043
1.101400 0.806640
1.094666 0.806615
1.087953 0.806539
1.081516 0.805726
1.340637 0.893778
1.338305 0.896115
1.337432 0.897632
1.335618 0.901790
2.203059 1.212844
2.198266 1.213090
2.196772 1.213220
2.190476 1.214862
2.188072 1.215541
2.191759 1.212579
2.184182 1.216382
2.177891 1.217427
2.176370 1.217730
2.178837 1.215509
2.171598 1.218619
2.396861 1.157517
2.396426 1.157670
2.396552 1.157100
2.390130 1.159444
2.387501 1.160138
2.383835 1.160993
2.384670 1.157220
2.377544 1.161931
2.375901 1.162350
2.371247 1.163747
2.422326 1.026740
2.420916 1.035691
2.420639 1.035858
2.420745 1.035356
2.415608 1.039115
2.414326 1.039822
2.414827 1.037542
2.409604 1.042432
2.408015 1.043307
2.408633 1.040507
2.464347 0.940947
2.460816 0.944729
2.460140 0.945013
2.453836 0.947758
2.453744 0.947840
2.431459 0.779220
2.418910 0.776805
2.419358 0.771936
2.413588 0.769331
2.407920 0.766457
2.458233 0.780554
2.439262 0.781605
2.437721 0.782063
2.436327 0.781018
2.437774 0.781172
2.417942 0.777341
2.413050 0.775162
2.407255 0.772635
2.462759 0.794944
2.459574 0.790144
2.416256 0.781508
2.412796 0.780253
2.406836 0.778179
2.462976 0.795307
2.462856 0.794996
2.475239 0.806493
2.468994 0.801319
2.468533 0.800918
2.475672 0.806860
2.475420 0.806288
2.569292 0.833282
2.568489 0.834322
2.569619 0.833583
2.564707 0.838077
2.570589 0.835423
2.562956 0.840181
2.532871 0.687123
2.530838 0.688775
2.529008 0.690837
2.532163 0.687626
2.593960 0.707055
2.526538 0.694868
2.594255 0.712834
2.593838 0.711764
2.593919 0.717269
2.593690 0.716570
2.702861 0.752467
2.707476 0.749994
2.700000 0.754551
2.698152 0.756027
2.700806 0.754215
2.776890 0.771489
2.779857 0.781302
2.776445 0.777075
2.777797 0.785387
2.775849 0.783078
2.857704 0.802958
2.850412 0.806968
2.775317 0.789423
2.775141 0.789528
2.775182 0.789284
2.846384 0.808045
2.851789 0.805136
2.844117 0.808527
2.837838 0.807957
2.831565 0.806508
2.825290 0.805268
2.819008 0.805229
2.937034 0.709213
2.925022 0.715453
2.930871 0.712052
2.922987 0.717295
2.980961 0.726734
2.921161 0.719189
2.923765 0.717439
2.991942 0.739213
2.989988 0.737403
2.998178 0.745587
2.995509 0.742989
2.993255 0.738717
3.061996 0.757614
3.054602 0.762631
3.004413 0.751981
3.000701 0.748527
2.999198 0.745273
3.051381 0.763118
3.048313 0.763316
3.048907 0.760938
3.042031 0.763219
3.043658 0.756965
3.035750 0.762691
3.029473 0.761961
3.023198 0.760868
3.010663 0.756394
3.007800 0.754462
3.100092 0.772697
3.125393 0.786878
3.130463 0.786027
3.123535 0.787505
3.101421 0.782083
3.099482 0.778728
3.117729 0.789829
3.124541 0.788226
3.117232 0.789976
3.110932 0.792128
3.100845 0.786473
3.098931 0.784611
3.107752 0.792370
3.111273 0.792078
3.564981 0.739995
3.564312 0.740139
3.558017 0.741669
3.614444 0.758322
3.555525 0.742614
3.559457 0.739263
3.620684 0.764149
3.615217 0.759000
3.614827 0.757810
3.621265 0.764699
3.621017 0.763690
3.633167 0.775260
3.626918 0.770680
3.626431 0.770241
3.706974 0.790788
3.709242 0.788965
3.705329 0.794941
3.709089 0.793768
3.702121 0.797405
3.709469 0.797182
3.699581 0.798312
3.702412 0.798012
0.083575 0.734542
0.076483 0.736215
0.084379 0.736788
0.073649 0.739377
0.076862 0.738847
0.070158 0.741657
0.077742 0.740940
0.067733 0.742717
0.070421 0.742469
1.398611 1.229319
1.398098 1.228180
1.400456 1.233126
1.399397 1.230587
1.404803 1.241716
1.402792 1.238084
1.405693 1.243168
1.405120 1.242120
1.411009 1.252060
1.408441 1.248235
1.412191 1.253514
1.568909 1.286080
1.555263 1.287630
1.548981 1.287417
1.542701 1.287064
1.536421 1.286392
1.530144 1.285565
1.523867 1.284689
1.550203 1.286391
1.543499 1.286288
1.536904 1.285894
1.530383 1.285303
1.523756 1.284675
1.523873 1.284682
1.517589 1.284024
1.511311 1.283199
1.505035 1.282203
1.498761 1.281025
1.492487 1.279770
1.486213 1.278587
1.479937 1.277370
1.473663 1.276177
0.218628 0.698430
0.243836 0.707530
0.218906 0.702073
0.205355 0.703816
0.211869 0.702857
0.204800 0.704670
0.268720 0.717503
0.262158 0.717016
0.255822 0.715923
0.249586 0.714571
0.243483 0.712860
0.237496 0.710843
0.231414 0.709087
0.225245 0.707565
0.212283 0.706177
0.203781 0.708010
0.204991 0.707632
0.268685 0.721981
0.262013 0.721793
0.255740 0.720539
0.249433 0.719377
0.243218 0.717977
0.237201 0.716052
0.261859 0.726617
0.255614 0.725298
0.249345 0.724043
1.370287 1.138196
1.369677 1.133729
1.370304 1.138329
1.370314 1.138255
1.370660 1.142892
1.371684 1.139006
1.373049 1.147879
1.375111 1.152816
1.689870 1.255331
1.688518 1.255711
1.690283 1.254861
1.683575 1.256759
1.677285 1.257717
1.676707 1.257844
1.677492 1.257403
1.670994 1.258662
1.664707 1.259236
1.662327 1.259506
1.665572 1.257669
1.658419 1.259913
0.301836 0.655153
0.327456 0.660320
0.321736 0.657579
0.315641 0.655849
0.309349 0.654650
0.297651 0.655904
0.302657 0.654512
0.295543 0.656355
0.289245 0.658215
0.364514 0.676031
0.358232 0.675905
0.351954 0.675190
0.345679 0.673895
0.339410 0.672102
0.333155 0.668306
0.332438 0.667334
0.328078 0.663054
0.352668 0.673804
0.346152 0.673199
0.339989 0.671657
0.334117 0.669354
0.450106 0.708780
0.448210 0.712889
0.447256 0.708905
0.515965 0.727871
0.446982 0.717165
0.513714 0.734937
0.515329 0.733957
0.514701 0.739635
0.514898 0.739513
0.590079 0.761802
0.584375 0.756440
0.578945 0.752926
0.622451 0.767195
0.615139 0.771721
0.608857 0.771478
0.602582 0.770191
0.596318 0.767608
0.592942 0.764217
0.591229 0.760538
1.324091 1.028894
1.320442 1.035109
1.320015 1.039514
1.320376 1.044098
1.323095 1.049539
1.322852 1.049119
1.804299 1.212494
1.799411 1.214029
1.794277 1.214969
1.793118 1.215232
1.786831 1.215690
1.780541 1.216523
1.869644 1.230873
1.863699 1.228735
1.779561 1.216546
1.781246 1.214864
1.774256 1.216729
1.767966 1.217742
1.899689 1.248457
1.887611 1.241311
1.881737 1.238984
1.875971 1.236369
1.924751 1.258084
1.918481 1.256292
1.912214 1.254133
1.905949 1.251697
1.902859 1.250118
1.899953 1.248754
1.894169 1.246185
1.888320 1.243797
1.882451 1.241465
1.931840 1.258025
1.925073 1.258090
1.918990 1.256324
1.913043 1.254196
1.907098 1.252067
1.901166 1.249903
1.231642 0.752157
1.225458 0.750660
1.218978 0.749957
1.208573 0.751319
1.212063 0.750419
1.255375 0.767413
1.249679 0.762407
1.244223 0.758962
1.206932 0.755484
1.212743 0.753012
1.205178 0.758046
1.257709 0.770103
1.255924 0.768121
1.250711 0.764048
1.204239 0.759474
1.205459 0.758882
1.313282 0.781412
1.293120 0.781665
1.292970 0.781683
1.286683 0.782162
1.280398 0.782294
1.261466 0.775343
1.256796 0.770219
1.318018 0.793155
1.315903 0.790698
1.312710 0.787327
1.276175 0.782777
1.274107 0.783320
1.260212 0.779614
1.336807 0.801308
1.338032 0.796125
1.330541 0.799012
1.331419 0.795780
1.324273 0.796926
1.323595 0.796718
1.324375 0.796583
1.313204 0.790425
1.343051 0.806678
1.341474 0.804778
1.343466 0.804019
1.345243 0.810039
2.363176 1.179292
2.364783 1.178714
2.358179 1.180702
2.351892 1.181189
2.359111 1.180234
2.351174 1.181368
2.352021 1.181162
2.345595 1.182950
2.341783 1.184004
2.346141 1.183274
2.339300 1.184600
2.333001 1.186537
2.332623 1.186719
2.333058 1.186641
2.429974 0.988734
2.423532 0.993867
2.422989 0.994163
2.419260 0.997518
2.416665 0.999419
2.414474 1.001100
2.433240 0.874054
2.432954 0.874396
2.433091 0.873636
2.430416 0.877980
2.426616 0.881666
2.428286 0.872885
2.426537 0.881729
2.441783 0.733928
2.435524 0.730784
2.429251 0.729383
2.422974 0.728571
2.416687 0.728892
2.442893 0.735117
2.442034 0.734211
2.436652 0.730608
2.446390 0.740339
2.532927 0.762056
2.530195 0.759645
2.532817 0.766522
2.530166 0.764128
2.533885 0.771249
2.636078 0.799955
2.624111 0.792141
2.618978 0.787828
2.642344 0.802271
2.639488 0.801283
2.636398 0.799730
2.630983 0.796180
2.887584 0.755182
2.887569 0.755199
2.887594 0.755175
2.884088 0.758993
2.881245 0.762683
2.881051 0.762913
2.881677 0.761803
3.171697 0.748902
3.171509 0.748998
3.165615 0.752172
3.165200 0.752384
3.159843 0.755548
3.158889 0.756210
3.267140 0.776766
3.260811 0.775658
3.360785 0.745891
3.354506 0.745286
3.392121 0.756863
3.379806 0.750819
3.373876 0.748640
3.367652 0.747250
3.361323 0.746143
3.349590 0.745385
3.354839 0.745454
3.348221 0.745419
3.341929 0.746695
3.398373 0.761054
3.395060 0.758953
3.392635 0.756955
3.387272 0.753272
3.356037 0.746697
3.338678 0.747736
3.342423 0.747037
3.442246 0.775949
3.443711 0.769012
3.410881 0.768767
3.404623 0.765450
3.404308 0.765284
3.399412 0.761268
3.441010 0.777100
3.435943 0.778430
3.429670 0.777137
3.423403 0.774876
3.417136 0.772670
3.415323 0.771978
3.411649 0.769007
3.543573 0.808021
3.537749 0.805559
3.529518 0.808238
3.530276 0.807514
3.543892 0.815589
3.542481 0.816114
3.542934 0.814114
3.536196 0.816404
3.537199 0.811421
3.529937 0.813065
3.529643 0.812744
3.530063 0.812474
0.116275 0.714912
0.122336 0.712262
0.114697 0.717468
0.122183 0.717082
0.113927 0.718936
0.114839 0.718678
0.135162 0.722863
0.113593 0.723395
0.114836 0.723117
1.374186 1.184661
1.371217 1.180864
1.375212 1.186137
1.375671 1.181936
1.380414 1.191973
1.380079 1.191597
1.386636 1.200137
1.384074 1.196897
1.388287 1.202252
1.392860 1.208250
1.392456 1.207611
1.624840 1.276324
1.632745 1.273254
1.624696 1.276341
1.624875 1.276276
1.618551 1.276972
1.612264 1.277467
1.609394 1.277767
1.612939 1.276520
1.605975 1.278159
1.599689 1.278565
1.593404 1.278824
1.601364 1.275868
1.592435 1.278908
1.593644 1.278457
1.587116 1.279459
0.386769 0.665962
0.380486 0.665886
0.375912 0.666259
0.381949 0.663247
0.374200 0.666228
0.367917 0.666219
0.361627 0.667094
0.437569 0.681169
0.446698 0.689366
0.444079 0.686174
0.447849 0.694085
0.444244 0.690151
0.445442 0.698129
0.524591 0.721523
0.522711 0.718004
0.525605 0.715732
0.562820 0.728792
0.525619 0.723074
0.566224 0.735664
0.562745 0.733380
0.528192 0.728101
0.531901 0.725763
0.563317 0.739587
0.562288 0.739009
0.556547 0.736357
0.632197 0.757817
0.631137 0.758009
0.624845 0.759084
0.620447 0.759961
0.618552 0.760358
0.612261 0.761344
1.333139 1.018920
1.332935 1.019180
1.330587 1.022890
1.329160 1.027108
1.327802 1.031366
1.821690 1.200573
1.819016 1.201182
1.815388 1.203026
1.849300 1.211719
1.846720 1.214510
1.810665 1.203998
1.809094 1.204509
1.802793 1.206911
1.844628 1.215265
1.840411 1.217910
1.842102 1.209992
1.802732 1.206931
1.802825 1.206854
1.796495 1.208713
1.838403 1.218529
1.835122 1.215046
1.852887 1.230059
1.846622 1.227642
1.840364 1.224195
1.838874 1.223144
1.834724 1.220536
1.973086 1.251536
1.961348 1.252044
1.966194 1.251935
1.959540 1.252383
1.953248 1.253487
1.946965 1.253456
1.859144 1.233688
1.853627 1.230597
1.852936 1.230314
1.961120 1.251853
1.953771 1.253471
1.946183 1.253490
1.947029 1.253471
1.940676 1.254011
1.934391 1.254286
1.928111 1.253801
1.921834 1.253004
1.942054 1.253179
1.935099 1.253742
1.928403 1.253616
1.919412 1.252679
1.921909 1.252957
1.915556 1.252171
1.909281 1.251098
1.903007 1.249891
1.896735 1.248391
1.894671 1.247788
0.598305 0.652005
0.585760 0.649056
0.600646 0.653372
0.598542 0.652247
0.592525 0.650308
0.584103 0.650065
0.586024 0.649660
0.600179 0.657765
0.598631 0.656409
0.592790 0.654015
0.580175 0.653794
0.586438 0.652978
0.579429 0.655434
0.599203 0.662092
0.598479 0.661243
0.756605 0.702292
0.736934 0.707501
0.743862 0.704699
0.736122 0.708085
0.806573 0.721699
0.732568 0.711145
0.809489 0.730968
0.806028 0.727537
0.848944 0.745662
0.805275 0.734611
0.805042 0.734747
0.805096 0.734423
0.799940 0.730206
0.855183 0.751589
0.852038 0.748433
0.845937 0.747213
0.849393 0.746568
0.799158 0.737919
0.798733 0.738094
0.798808 0.737643
0.905332 0.767525
0.873961 0.761315
0.861419 0.757969
0.856695 0.753852
0.855460 0.752771
0.844543 0.751436
0.849659 0.750271
0.842600 0.753824
0.924132 0.774309
0.917849 0.774273
0.911580 0.772282
0.906103 0.768202
0.905493 0.767605
0.893317 0.765647
0.899753 0.764925
0.892778 0.765774
0.886495 0.765734
0.880228 0.763485
0.876136 0.762225
0.870928 0.761190
0.874049 0.761549
0.867682 0.760800
0.865930 0.760199
0.861715 0.758491
0.949198 0.783363
0.918353 0.773667
0.912471 0.771376
0.900637 0.766996
0.893888 0.767011
0.946229 0.785185
0.942898 0.785573
0.936617 0.785217
0.930340 0.784362
0.924056 0.784471
0.925564 0.776846
0.919381 0.775365
0.923014 0.785090
1.036926 0.815587
1.030660 0.813281
1.024388 0.811771
1.018113 0.810564
1.011839 0.809378
1.005559 0.808821
0.999278 0.808590
1.037607 0.814910
1.031533 0.813124
1.025345 0.811644
1.019213 0.810014
1.012991 0.808629
1.006369 0.808312
0.994924 0.808387
0.999610 0.808354
0.992996 0.808301
0.986717 0.807654
0.980437 0.807258
1.331414 0.927390
1.332347 0.922472
1.327942 0.928705
1.325110 0.930115
1.326253 0.925137
1.321721 0.931974
1.318806 0.932902
2.152282 1.230891
2.147975 1.231536
2.145991 1.231797
2.139702 1.232598
2.134394 1.233314
2.133412 1.233471
2.127121 1.234399
2.122551 1.235477
2.120826 1.235956
2.114538 1.236605
1.238280 0.755337
1.232017 0.752546
1.225744 0.751212
1.219460 0.751175
1.244533 0.759369
1.241886 0.757579
1.238730 0.755629
1.232944 0.753085
1.226641 0.751917
1.215707 0.752378
1.219938 0.751813
1.213157 0.753781
1.300957 0.776325
1.250780 0.764303
1.250283 0.763755
1.245410 0.760222
1.311834 0.780519
1.307787 0.778069
1.296100 0.777376
1.301911 0.775758
1.294665 0.777590
1.288375 0.778468
1.282093 0.778223
1.255777 0.769371
1.338526 0.794146
1.332256 0.792330
1.325986 0.790401
1.319712 0.789197
1.310584 0.784761
1.307699 0.782713
1.302105 0.779666
1.278485 0.778398
1.344787 0.797092
1.341615 0.795440
1.345514 0.794156
1.314153 0.789986
1.313423 0.789999
1.311085 0.789379
1.307313 0.788170
1.348500 0.801318
1.350266 0.806200
2.386707 1.169793
2.372446 1.175960
2.371840 1.176131
2.372688 1.175597
2.366145 1.178248
2.363673 1.178990
2.367225 1.176579
2.359852 1.179655
2.353561 1.180601
2.352189 1.181223
2.354138 1.179947
2.347257 1.183348
2.407709 1.084767
2.403990 1.086541
2.404992 1.081391
2.401411 1.087985
2.397683 1.089628
2.398813 1.084280
2.394681 1.091147
2.391378 1.092618
2.392423 1.087764
2.387628 1.094278
2.449943 0.961688
2.448735 0.962240
2.444043 0.964987
2.442425 0.965750
2.437677 0.968228
2.436117 0.969056
2.434178 0.808684
2.432521 0.809746
2.433828 0.804886
2.483939 0.819524
2.429302 0.812198
2.426199 0.814939
2.489955 0.825848
2.425202 0.815904
2.493917 0.834069
2.490462 0.828901
2.528699 0.845500
2.533791 0.843622
2.526479 0.849017
2.491234 0.838039
2.534254 0.846802
2.526259 0.849509
2.526619 0.849170
2.520169 0.852614
2.492339 0.842789
2.519175 0.852631
2.521695 0.712982
2.521542 0.717450
2.521701 0.722010
2.598509 0.741780
2.598842 0.746344
2.599007 0.750904
2.686799 0.772873
2.682277 0.776382
2.682210 0.776445
2.682791 0.775091
2.678145 0.780160
2.777879 0.808868
2.771411 0.808139
2.911568 0.736372
2.911555 0.736378
2.905271 0.738259
2.903222 0.739209
2.898965 0.741268
3.186702 0.739914
3.179502 0.743060
3.175730 0.744822
3.181162 0.741092
3.173197 0.745929
3.243395 0.759366
3.169091 0.748012
3.166889 0.749035
3.254694 0.770984
3.268088 0.776725
3.274540 0.775007
3.267218 0.776875
3.260942 0.775825
3.259636 0.775035
3.554211 0.770828
3.551127 0.772733
3.546863 0.773845
3.544830 0.774654
3.546059 0.770197
3.538535 0.776131
3.537020 0.776416
0.291580 0.659569
0.294902 0.657212
0.287559 0.661230
0.332997 0.667917
0.284417 0.662638
0.281253 0.664216
0.447675 0.717659
0.447375 0.722088
0.508250 0.738734
0.444628 0.726065
0.444156 0.726863
0.444490 0.725105
0.510081 0.743577
0.509710 0.748010
0.588360 0.769085
0.588650 0.767433
0.613426 0.778039
0.613801 0.776687
0.607142 0.778112
0.608551 0.772689
0.600867 0.777108
0.602294 0.771393
0.594598 0.775089
0.591709 0.773336
0.595407 0.771777
1.317121 1.043811
1.321424 1.050544
1.319978 1.048872
1.327644 1.058967
1.324301 1.054242
1.322990 1.049453
1.328319 1.059564
1.327850 1.058875
1.797709 1.218931
1.792186 1.219434
1.791422 1.219501
1.785138 1.219533
1.778851 1.219985
1.772930 1.220083
1.772566 1.220084
1.766283 1.220077
1.759996 1.220587
1.755189 1.221085
1.761003 1.219342
1.753708 1.221298
0.566104 0.660716
0.571364 0.657195
0.604344 0.672844
0.602732 0.667853
0.565772 0.665147
0.604106 0.677279
0.602761 0.672196
0.602497 0.681475
0.720161 0.716847
0.707606 0.715311
0.701348 0.711764
0.695079 0.709920
0.688802 0.709019
0.682519 0.708958
0.727921 0.715648
0.717052 0.717775
0.720422 0.717664
0.713866 0.718417
0.710257 0.716420
0.708113 0.714526
0.678893 0.710189
0.721074 0.720342
0.714753 0.719225
0.814577 0.749522
0.808950 0.746530
0.834532 0.754634
0.827400 0.755677
0.820729 0.755485
0.814413 0.754343
0.808394 0.752418
0.802784 0.749408
0.828229 0.757886
0.821390 0.758140
0.814628 0.758188
0.808057 0.757734
0.802039 0.755817
0.940357 0.795726
0.934764 0.792654
0.977075 0.811670
0.970797 0.811000
0.964515 0.810817
0.958234 0.810314
0.951961 0.809039
0.945699 0.806102
0.943383 0.803349
0.939696 0.801886
0.933801 0.799630
0.928063 0.796960
0.971790 0.810613
0.964879 0.811058
0.958334 0.810533
0.952025 0.809379
0.945815 0.807960
0.939715 0.806254
0.933653 0.804451
1.335159 0.941763
1.327936 0.947375
1.329519 0.938812
1.334660 0.948777
1.334207 0.949106
1.328851 0.947618
1.334304 0.948436
1.327755 0.947399
1.321643 0.948593
1.322234 0.944658
1.317194 0.949808
1.315348 0.950128
1.315499 0.949058
2.136295 1.243102
2.134784 1.243154
2.130009 1.243470
2.123718 1.244303
2.120883 1.244855
2.117427 1.245385
2.111140 1.245833
2.105784 1.246361
2.104852 1.246494
2.098562 1.247349
1.180912 0.770375
1.173314 0.777252
1.173242 0.777321
1.168477 0.780796
1.166921 0.782350
1.323641 0.831604
1.322467 0.829475
1.324714 0.826873
1.325245 0.834510
1.329853 0.841097
1.328909 0.839742
1.330653 0.837827
1.333107 0.845099
2.308576 1.196874
2.307416 1.196980
2.301132 1.196991
2.294848 1.197036
2.288572 1.196131
2.283559 1.196364
2.282286 1.196298
2.276009 1.195512
2.269733 1.194604
2.263455 1.193881
2.257173 1.193572
2.250894 1.192997
2.406364 1.093863
2.402254 1.096091
2.403308 1.090284
2.400374 1.097143
2.395944 1.099635
2.396937 1.093683
2.394555 1.100488
2.389638 1.102572
2.390610 1.097000
2.387362 1.103591
2.443838 0.969829
2.440720 0.971154
2.436962 0.972942
2.434414 0.974207
2.431240 0.976318
2.428101 0.978261
2.428473 0.816906
2.424499 0.819662
2.423389 0.820388
2.493444 0.842778
2.494659 0.835691
2.419001 0.824045
2.493139 0.843279
2.529059 0.854937
2.524749 0.857847
2.526406 0.849737
2.493386 0.850473
2.490939 0.847346
2.523376 0.858302
2.518459 0.858636
2.520034 0.853180
2.512178 0.858320
2.505904 0.857103
2.499637 0.854935
2.495323 0.852744
2.522109 0.722431
2.522566 0.727019
2.599838 0.744955
2.522701 0.731573
2.601301 0.751704
2.599981 0.748954
2.601592 0.756257
2.600080 0.753107
2.601565 0.760775
2.680751 0.781028
2.680577 0.781157
2.681763 0.777829
2.675812 0.784539
2.674260 0.785723
3.474163 0.759141
3.467897 0.756802
3.461623 0.755513
3.455346 0.754591
3.486677 0.766084
3.480422 0.762330
3.475992 0.760107
3.474448 0.758977
3.552319 0.779813
3.550159 0.777237
3.505467 0.774277
3.499205 0.771479
3.492940 0.769019
3.488632 0.767141
3.550792 0.783993
3.549377 0.784282
3.549680 0.782915
3.543104 0.782888
3.543392 0.781703
3.536830 0.781497
3.537673 0.778985
3.530555 0.780399
3.524279 0.779459
3.518002 0.778593
0.276385 0.708248
0.274125 0.712279
0.271956 0.716364
0.271528 0.714433
0.425505 0.764939
0.466600 0.773633
0.455673 0.775453
0.459400 0.774859
0.452644 0.777089
0.446364 0.776724
0.440080 0.776795
0.425318 0.769390
0.428499 0.767348
0.460002 0.777647
0.453088 0.778102
0.446844 0.776771
0.439978 0.776813
0.440098 0.776783
0.433778 0.779109
0.427519 0.775911
0.426094 0.774060
0.428513 0.771744
1.363494 1.113759
1.362157 1.110838
1.367456 1.121810
1.366277 1.118793
1.368217 1.123675
1.367860 1.122409
1.370483 1.128638
1.369075 1.123615
1.372764 1.133620
1.718402 1.246071
1.714118 1.246578
1.712112 1.246883
1.705818 1.248281
1.703151 1.248879
1.707397 1.245184
1.699528 1.249269
1.693236 1.250377
1.690235 1.250829
1.694760 1.247367
1.686946 1.251177
0.322319 0.659366
0.316056 0.656551
0.309784 0.655032
0.303505 0.654493
0.374272 0.670813
0.372501 0.670889
0.366215 0.671065
0.359927 0.671710
0.324147 0.660831
0.322546 0.659843
0.356749 0.671815
0.353644 0.671775
0.347365 0.671134
0.451340 0.699662
0.448975 0.695501
0.449347 0.703749
0.447634 0.706686
0.448315 0.701671
0.446658 0.707735
0.518736 0.726574
0.524175 0.723948
0.568014 0.737321
0.520646 0.731449
0.523451 0.730285
0.575140 0.746812
0.573315 0.745563
0.567806 0.742268
0.522266 0.736294
0.522938 0.736078
0.623139 0.764784
0.585492 0.757421
0.579232 0.754353
0.577268 0.751726
0.573440 0.749631
0.567853 0.746564
0.621260 0.764993
0.616848 0.765598
0.610564 0.765759
0.604286 0.765056
0.598014 0.763564
0.591754 0.760299
0.587392 0.758248
0.585610 0.757551
0.579554 0.755729
1.332864 1.019076
1.326327 1.026921
1.324898 1.031043
1.324861 1.031114
1.324916 1.031071
1.323516 1.035354
1.325671 1.033480
1.322280 1.039640
1.813693 1.207260
1.807404 1.207930
1.806637 1.208072
1.808221 1.206033
1.801105 1.209932
1.857550 1.224169
1.854586 1.222143
1.851603 1.220635
1.846319 1.216729
1.797615 1.210767
1.794810 1.211531
1.788525 1.211818
1.870049 1.233322
1.863795 1.229266
1.862266 1.228153
1.857942 1.226098
1.852031 1.223876
1.845995 1.221989
1.840211 1.219437
1.783510 1.212490
1.782234 1.212717
1.876298 1.237936
1.871614 1.234506
1.870149 1.233908
1.864236 1.231693
1.858384 1.229321
1.852402 1.227298
1.846223 1.225801
1.840265 1.223718
1.939005 1.255118
1.895079 1.247317
1.888814 1.244699
1.882553 1.241770
1.881070 1.240886
1.876579 1.239144
1.870729 1.236771
1.864745 1.234755
1.858847 1.232517
1.934955 1.256127
1.939617 1.255257
1.932712 1.256369
1.926429 1.256188
1.920154 1.255103
1.913882 1.253542
1.907611 1.251866
1.901343 1.249900
1.898963 1.248951
1.895299 1.247574
1.889308 1.245575
1.883254 1.243747
1.877297 1.241662
1.871384 1.239467
1.915388 1.252368
1.909041 1.251320
1.902777 1.250051
1.896648 1.248427
0.770024 0.702471
0.757596 0.702267
0.763375 0.702217
0.756680 0.702302
0.750390 0.703214
0.795182 0.711706
0.789341 0.709291
0.783382 0.707197
0.764512 0.703578
0.757964 0.703063
0.745278 0.704299
0.751107 0.703364
0.744097 0.704571
0.737806 0.705563
0.804814 0.720667
0.801053 0.718421
0.795421 0.715456
0.802119 0.724617
0.800490 0.725652
0.800719 0.723714
0.795275 0.720267
0.797342 0.728194
0.927473 0.758536
0.957193 0.777083
0.927550 0.767604
0.925821 0.770961
0.926681 0.765041
0.906994 0.767888
0.956208 0.777814
0.950896 0.778872
0.925799 0.773905
0.924934 0.771579
0.913252 0.771292
0.907508 0.768122
0.904760 0.767579
0.907133 0.767649
0.900716 0.767086
0.947085 0.780492
0.944598 0.780790
0.938317 0.780541
0.932043 0.779312
0.926544 0.776422
1.051183 0.812196
1.052665 0.806319
1.044891 0.813363
1.044514 0.813392
1.038605 0.813600
1.032330 0.812516
1.026057 0.811158
1.019785 0.809645
1.013510 0.808420
1.007230 0.807932
1.333145 0.918573
1.334570 0.912139
1.330521 0.919854
1.326831 0.922641
1.325983 0.923454
2.166879 1.225014
2.160264 1.226328
2.153976 1.226979
2.151499 1.227357
2.154919 1.225314
2.147685 1.227989
2.141395 1.228642
2.137660 1.229107
2.142401 1.227152
2.135106 1.229473
2.128810 1.231171
2.127213 1.231569
1.341938 0.782996
1.335670 0.780882
2.394716 1.163968
2.389814 1.165473
2.388417 1.165825
2.389002 1.163645
2.382124 1.167152
2.379297 1.167871
2.375829 1.168730
2.376994 1.164120
2.369534 1.170294
2.369238 1.170397
2.430999 0.985748
2.430741 0.985940
2.425149 0.989322
2.424687 0.989545
2.425272 0.987682
2.419870 0.992799
2.418374 0.993632
2.423409 0.854689
2.432209 0.864481
2.429497 0.860830
2.431283 0.868787
2.428350 0.872475
2.429347 0.865640
2.428136 0.872680
2.446373 0.737903
2.433834 0.734201
2.427554 0.733676
2.421270 0.733725
2.448939 0.741189
2.446945 0.739086
2.415074 0.734445
2.414981 0.734472
2.415038 0.734276
2.450363 0.745967
2.447648 0.741637
2.452550 0.752182
2.451836 0.750780
2.547401 0.772123
2.541315 0.770362
2.535407 0.768128
2.565412 0.784301
2.563105 0.781938
2.559692 0.779700
2.553857 0.777273
2.547753 0.775570
2.541619 0.773951
2.535544 0.772173
2.571648 0.790628
2.568593 0.787514
2.565859 0.785633
2.560204 0.782740
2.554213 0.780742
2.548036 0.779243
2.541834 0.777813
2.577887 0.796740
2.574185 0.793128
2.572076 0.791446
2.566280 0.788938
2.579679 0.798741
2.578466 0.796818
2.881984 0.763447
2.879547 0.767216
2.879397 0.767427
2.876743 0.771427
2.964026 0.716208
2.957759 0.713854
2.951487 0.712303
2.945210 0.711543
2.976538 0.723448
2.970284 0.719514
2.969553 0.719097
2.964485 0.716748
2.980110 0.725719
3.089401 0.755494
3.083133 0.753467
3.076862 0.751924
3.070584 0.751057
3.064305 0.750491
3.058027 0.749671
3.093548 0.757298
3.089778 0.755438
3.083966 0.752950
3.054135 0.749436
3.051746 0.749369
3.052116 0.747988
3.045461 0.749486
3.046694 0.744492
3.145797 0.776379
3.095445 0.762160
3.090193 0.758734
3.084690 0.755443
3.145381 0.776621
3.147398 0.772410
3.093275 0.766241
3.090097 0.763421
3.139617 0.779958
3.139486 0.780024
3.133179 0.783062
3.132996 0.783166
3.133428 0.782543
3.597385 0.741215
3.591126 0.737989
3.584860 0.735792
3.578581 0.735089
3.572290 0.736157
3.603635 0.745852
3.598190 0.741750
3.597673 0.740813
3.592448 0.736758
3.586272 0.735248
3.579564 0.735156
3.571593 0.736440
3.572467 0.736098
3.565997 0.737323
3.609886 0.750211
3.606406 0.747875
3.604654 0.744575
3.616129 0.755535
3.614221 0.753933
3.620798 0.759760
3.716442 0.785484
3.723445 0.787048
3.712386 0.786982
3.717059 0.786092
3.723841 0.790402
3.715344 0.792073
3.716700 0.791455
3.715343 0.796600
3.716546 0.796300
0.124722 0.707239
0.130103 0.705136
0.161279 0.716313
0.155132 0.714717
0.149262 0.712384
0.143119 0.710784
0.136583 0.710235
0.123944 0.711564
0.129737 0.710510
0.167706 0.721543
0.160792 0.722002
0.154454 0.720922
0.148347 0.719227
0.142202 0.717636
0.135174 0.722741
0.135797 0.716741
0.128915 0.719281
0.126002 0.716484
0.129198 0.716361
0.167894 0.725461
0.160841 0.726284
0.154233 0.725924
0.147833 0.725015
0.141438 0.725240
0.135694 0.722935
0.141549 0.723803
1.369656 1.172643
1.368940 1.171042
1.371835 1.176097
1.375873 1.181545
1.375732 1.181366
1.382097 1.189408
1.379741 1.186670
1.388324 1.197186
1.384147 1.192066
1.388592 1.197482
1.653066 1.268629
1.639101 1.272379
1.633068 1.273126
1.632811 1.273159
1.626522 1.273847
1.620235 1.274430
1.618171 1.274651
1.620798 1.273549
1.613946 1.275132
1.607658 1.275723
1.601417 1.275852
1.601373 1.275853
0.421489 0.669366
0.415223 0.667074
0.408954 0.665210
0.402683 0.663481
0.427752 0.672179
0.425075 0.670834
0.421738 0.669451
0.530047 0.700743
0.559381 0.715535
0.561047 0.706722
0.530047 0.705224
0.559368 0.715564
0.531813 0.710086
0.556732 0.719549
0.647124 0.745703
0.645213 0.746165
0.640827 0.747513
0.636010 0.748835
0.634531 0.749260
1.342641 1.006524
1.342651 1.006568
1.342641 1.006630
1.342657 1.006524
1.341347 1.010800
1.337873 1.014627
1.854355 1.194001
1.857763 1.190992
1.837724 1.190670
1.837660 1.190698
1.831366 1.192087
1.854240 1.198453
1.828255 1.193271
1.831888 1.192459
1.825053 1.196012
1.852716 1.202642
1.850132 1.203380
1.843836 1.204950
1.832887 1.194229
1.821706 1.196485
1.825369 1.196287
1.818750 1.198713
1.842698 1.205170
1.844782 1.202882
1.837538 1.207091
2.019381 1.257537
2.013117 1.254969
2.006847 1.253078
2.000579 1.251111
1.994301 1.250378
1.988019 1.250167
1.981737 1.249802
2.050727 1.267114
2.044456 1.265538
2.038186 1.263771
2.031913 1.262167
2.025645 1.260172
2.022215 1.258917
1.995746 1.249425
1.988968 1.249517
1.976262 1.249748
1.982172 1.249658
1.975454 1.249826
1.969163 1.250847
1.962878 1.251126
1.970202 1.250062
1.960622 1.251167
1.963129 1.250938
1.956595 1.251113
0.947037 0.727295
0.960466 0.731839
0.959555 0.733795
0.959737 0.731217
0.953907 0.728774
0.944923 0.728731
0.947246 0.728554
0.957696 0.735772
0.953238 0.738235
0.953648 0.733868
0.946959 0.737702
0.943136 0.732879
0.947248 0.732955
1.066047 0.777620
1.059775 0.776106
1.053484 0.777059
1.069634 0.780572
1.066983 0.777332
1.052911 0.777260
1.141811 0.799457
1.141280 0.800152
1.138310 0.803243
1.141974 0.801904
1.134962 0.804712
1.130474 0.806206
1.135651 0.805221
1.128663 0.806840
1.336622 0.866681
1.341767 0.878397
1.340458 0.875011
1.342413 0.879891
1.342191 0.878603
1.342744 0.884469
1.341707 0.886362
1.342939 0.881048
2.225306 1.203711
2.223714 1.203926
2.226154 1.201962
2.219017 1.204434
2.212729 1.205021
2.208042 1.205287
2.206443 1.205381
2.200151 1.206490
2.196041 1.207422
2.193856 1.208105
2.405093 1.111535
2.404226 1.112166
2.399835 1.115767
2.398774 1.116366
2.399031 1.114886
2.394524 1.119213
2.392462 1.120168
2.392996 1.117414
2.388201 1.122489
2.410101 1.061623
2.409166 1.062043
2.409569 1.060371
2.404611 1.065023
2.402854 1.065814
2.403614 1.062679
2.398189 1.068269
2.396546 1.069218
2.397225 1.066175
2.440215 0.903818
2.458795 0.912614
2.467317 0.922811
2.464471 0.919852
2.467869 0.927403
2.464911 0.923080
2.466260 0.931589
2.463555 0.933605
2.464623 0.928274
2.416119 0.754899
2.416621 0.752448
2.409825 0.756321
2.459980 0.771399
2.408491 0.756725
2.403524 0.758517
2.404801 0.752403
2.460023 0.771504
2.459973 0.772224
2.460032 0.771355
2.401142 0.759782
2.459929 0.778159
2.459696 0.775922
2.460164 0.780527
2.460161 0.779816
2.580192 0.817928
2.579591 0.822301
2.578975 0.823793
2.577790 0.826465
2.546849 0.673361
2.579691 0.677952
2.554525 0.673121
2.545276 0.675350
2.547284 0.674451
2.585627 0.684493
2.541851 0.679169
2.540511 0.680615
2.590071 0.693267
2.590544 0.697868
2.754698 0.745548
2.748544 0.743970
2.742284 0.742678
2.736052 0.741314
2.724224 0.742487
2.729377 0.741131
2.722262 0.743547
2.766933 0.753276
2.761444 0.749927
2.718453 0.745842
2.723271 0.743856
2.715952 0.747078
2.770865 0.760775
2.767105 0.757215
2.771610 0.765427
2.767372 0.760941
2.867771 0.793590
2.866402 0.794498
2.862503 0.797023
2.860088 0.798413
2.855917 0.800236
2.940334 0.709152
2.943824 0.709085
2.937277 0.709437
2.974883 0.722263
2.968929 0.718463
2.963312 0.715449
2.957392 0.713253
2.951223 0.711721
2.944857 0.710722
2.931361 0.711848
2.938133 0.710672
2.930974 0.712070
2.987378 0.731799
2.981133 0.726715
2.980407 0.726121
2.975702 0.722773
2.970221 0.719415
2.926963 0.715505
2.987662 0.732059
2.987443 0.731825
2.982367 0.727398
3.062603 0.755581
2.993611 0.738581
2.992504 0.737537
3.095468 0.758262
3.060230 0.755520
3.056318 0.755629
3.057365 0.751963
3.050031 0.756088
3.043744 0.756597
3.100181 0.771863
3.100760 0.766523
3.095608 0.762267
3.042939 0.756581
3.037464 0.756243
3.038106 0.753814
3.137794 0.783708
3.099832 0.772400
3.095156 0.767882
3.136759 0.784261
3.139196 0.780706
3.131492 0.786128
3.098043 0.776551
3.095034 0.772641
3.128445 0.787102
3.125192 0.788428
3.381263 0.750908
3.374992 0.749173
3.368716 0.748136
3.362439 0.747221
3.443970 0.767958
3.393780 0.757485
3.387528 0.753312
3.383621 0.751801
3.381410 0.750930
3.375271 0.749330
3.368904 0.748334
3.359910 0.747105
3.362534 0.747348
3.443397 0.768212
3.406293 0.764798
3.400039 0.760791
3.395445 0.758667
3.394112 0.757442
3.438797 0.771787
3.437654 0.772321
3.438136 0.770294
3.431363 0.773311
3.425088 0.772077
3.527086 0.789237
3.544237 0.803833
3.537957 0.803339
3.538789 0.798394
0.275852 0.689410
0.275461 0.693813
0.274351 0.696842
0.275288 0.691166
0.273832 0.698004
0.432703 0.752130
0.487773 0.766724
0.432429 0.756583
0.481721 0.770892
0.481151 0.771165
0.476200 0.774308
0.474840 0.774838
1.352136 1.094759
1.348815 1.092090
1.346663 1.089400
1.358364 1.102178
1.354877 1.097786
1.353006 1.094868
1.359110 1.103132
1.358621 1.102282
1.364567 1.112993
1.362205 1.108266
1.740657 1.235910
1.737009 1.236904
1.734361 1.237585
1.728069 1.238609
1.725262 1.239051
1.721781 1.239295
1.715490 1.240285
1.711679 1.240874
1.709200 1.241187
0.574054 0.652940
0.578641 0.651372
0.602903 0.663189
0.602832 0.664318
0.602876 0.663083
0.571730 0.656966
0.579346 0.653902
0.571460 0.658169
0.602614 0.667615
0.570552 0.661256
0.602737 0.672157
0.730841 0.711169
0.735880 0.708002
0.703036 0.708661
0.696769 0.706604
0.690494 0.705360
0.728844 0.715255
0.728109 0.716943
0.706698 0.710858
0.726191 0.719248
0.811303 0.740697
0.809611 0.741510
0.809969 0.739421
0.854792 0.750166
0.838140 0.750543
0.842016 0.748265
0.805795 0.744080
0.803295 0.745689
0.803905 0.742005
0.873350 0.759019
0.867006 0.757951
0.860797 0.756521
0.835440 0.754484
0.842248 0.752042
0.834643 0.754931
0.799910 0.747433
0.892728 0.765679
0.885980 0.765692
0.880060 0.763496
0.867597 0.760775
0.829125 0.757745
0.835738 0.755858
0.828337 0.757994
0.941191 0.791262
0.934903 0.791876
0.933708 0.792055
0.928612 0.792860
0.929300 0.789251
0.923884 0.785733
0.997597 0.810691
0.991315 0.810530
0.985035 0.810113
0.978754 0.809771
0.924821 0.794813
0.992816 0.808491
0.986074 0.808489
0.977492 0.809777
0.978991 0.809390
0.972468 0.809976
0.966182 0.810365
1.335966 0.936437
1.329670 0.938037
1.330673 0.931337
1.328888 0.938259
1.323379 0.939078
1.324167 0.935103
1.317313 0.940466
1.317085 0.940507
1.317125 0.940313
2.144291 1.236747
2.137999 1.237645
2.133538 1.238015
2.131712 1.238211
2.125423 1.238956
2.120494 1.239916
2.119130 1.240209
2.112839 1.241141
2.107328 1.241832
2.106550 1.241922
1.192001 0.762259
1.196369 0.760715
1.189810 0.766304
1.197089 0.763192
1.189216 0.766757
1.185415 0.769947
1.327094 0.814771
1.323163 0.810884
1.328426 0.808168
1.329071 0.816543
1.334547 0.814227
1.333311 0.823748
1.331877 0.821600
1.333694 0.820907
1.335779 0.826896
1.340233 0.825879
2.332484 1.187403
2.337015 1.185227
2.329662 1.188084
2.323373 1.188724
2.319043 1.189199
2.324371 1.187370
2.317084 1.189495
2.310796 1.190057
2.304517 1.189545
2.298240 1.188681
2.291962 1.187776
2.287766 1.187508
2.285682 1.187439
2.422373 1.026439
2.422242 1.026591
2.417848 1.030196
2.416053 1.031367
2.416681 1.028198
2.412587 1.033658
2.409741 1.035241
2.410675 1.030660
2.422813 0.822634
2.419522 0.824484
2.416496 0.827061
2.415318 0.828151
2.417477 0.825752
2.494119 0.848362
2.493334 0.843621
2.529339 0.861792
2.530248 0.857490
2.491715 0.852360
2.491715 0.852341
2.525933 0.863678
2.523037 0.864223
2.524329 0.859679
2.516752 0.864432
2.510473 0.863898
2.504199 0.862549
2.497935 0.859934
2.493684 0.857256
2.523282 0.732030
2.523012 0.729629
2.523609 0.736592
2.523132 0.733724
2.523401 0.741078
2.604524 0.761713
2.603947 0.760766
2.605169 0.766334
2.604070 0.764842
2.605975 0.771013
2.673744 0.788994
2.672565 0.789695
2.666267 0.791651
2.665121 0.791784
2.666802 0.790584
2.659979 0.792321
2.911558 0.736409
2.903573 0.742623
2.901186 0.743669
2.897265 0.745899
2.895285 0.746999
0.089008 0.733077
0.091181 0.732229
0.084647 0.736704
0.092153 0.734050
0.084425 0.736874
1.394062 1.220152
1.392313 1.217655
1.396110 1.222893
1.395044 1.219810
1.400254 1.232290
1.398290 1.227822
1.400477 1.232766
1.400367 1.232411
1.403107 1.237814
1.575796 1.285164
1.583361 1.283487
1.573757 1.285293
1.576090 1.284903
1.569511 1.285436
1.563225 1.285797
1.556937 1.286249
1.564149 1.285165
1.555981 1.286227
1.557030 1.286166
1.550656 1.285994
1.544377 1.285389
1.538099 1.284633
1.531821 1.283827
1.525545 1.282948
1.519268 1.282056
1.512992 1.281028
0.197750 0.707181
0.204726 0.703925
0.196815 0.711480
0.196802 0.711491
0.193353 0.715310
1.369155 1.142990
1.369824 1.147598
1.371983 1.152521
1.374741 1.160325
1.373486 1.157331
1.375651 1.162288
1.681146 1.259128
1.682113 1.258686
1.675603 1.260145
1.669312 1.261162
1.669145 1.261206
1.669368 1.261087
1.663019 1.262280
1.656733 1.262720
1.655174 1.262930
1.657244 1.261871
1.650444 1.263488
1.644156 1.264022
0.576882 0.691668
0.555652 0.691612
0.550310 0.693180
0.563885 0.697735
0.570366 0.695448
0.547830 0.694534
0.551985 0.690537
0.543994 0.697552
0.562937 0.702048
0.562809 0.702220
0.543310 0.698163
0.663114 0.733163
0.658924 0.734659
0.656812 0.735487
0.650914 0.737583
0.650512 0.737744
1.341813 0.987668
1.341821 0.992163
1.341852 0.996683
1.859913 1.180830
1.860011 1.180875
1.859845 1.180842
1.859930 1.180810
1.853614 1.182884
1.862916 1.185943
1.861521 1.180964
1.851832 1.183735
1.854291 1.182261
1.847307 1.185927
1.860845 1.190037
1.859822 1.193038
1.844943 1.186883
1.848348 1.184563
1.840998 1.189434
1.858906 1.194178
2.091769 1.265513
2.085485 1.265551
2.072931 1.263720
2.066665 1.261480
2.060394 1.259781
2.054121 1.258407
2.047849 1.256913
2.041579 1.254983
2.035307 1.253426
2.029037 1.251702
2.022767 1.249938
2.016491 1.248853
2.010207 1.248997
2.003920 1.249507
2.080742 1.265328
2.079204 1.265250
2.073655 1.263914
2.073000 1.263586
2.055766 1.255613
1.999900 1.249275
2.004320 1.248997
1.997640 1.249081
0.935250 0.731684
0.939751 0.730566
0.932767 0.732395
0.963850 0.741884
0.959283 0.736819
0.940422 0.733176
0.926633 0.734452
0.933555 0.733506
0.926468 0.734573
0.962409 0.746077
0.958656 0.742895
0.953073 0.739818
0.946922 0.738257
0.940246 0.738077
0.933553 0.737947
0.921364 0.737935
0.959214 0.749955
0.957763 0.750863
0.957979 0.749121
1.070627 0.782834
1.064363 0.780328
1.058071 0.781328
1.073550 0.786213
1.071618 0.782925
1.054731 0.782464
1.051765 0.784344
1.053191 0.778142
1.141134 0.799759
1.127014 0.804799
1.072668 0.790540
1.071415 0.787889
1.049204 0.785894
1.134303 0.804382
1.123739 0.805209
1.127237 0.805244
1.120725 0.805453
1.114437 0.806004
1.108151 0.806457
1.071592 0.794858
1.128394 0.806579
1.121545 0.806864
1.114863 0.806700
1.107595 0.806511
1.108193 0.806509
1.341025 0.877332
1.342544 0.884794
1.341624 0.889100
1.340007 0.891064
1.338913 0.893077
2.211037 1.208749
2.204751 1.209123
2.203499 1.209251
2.205591 1.207250
2.198460 1.210068
2.192901 1.211642
2.192164 1.211844
2.185868 1.213345
2.180926 1.213798
2.179580 1.214061
2.403280 1.121558
2.402030 1.130456
2.401622 1.130558
2.401731 1.130087
2.395320 1.133098
2.394701 1.133475
2.390575 1.128267
2.389024 1.136854
2.389008 1.136858
2.389013 1.136839
2.382714 1.138395
2.384245 1.131603
2.407443 1.069929
2.406854 1.070341
2.401138 1.072812
2.400173 1.073507
2.395572 1.077117
2.394820 1.077447
2.395078 1.076296
2.458450 0.948584
2.458046 0.949052
2.459007 0.947631
2.452140 0.952081
2.451859 0.952313
2.446230 0.955719
2.445827 0.955939
2.431346 0.780327
2.424916 0.779491
2.418827 0.777738
2.443429 0.788465
2.437434 0.786464
2.431105 0.785362
2.424831 0.784110
2.418732 0.782394
2.467318 0.803017
2.464859 0.800569
2.442576 0.796112
2.442234 0.796249
2.442413 0.795569
2.435943 0.797295
2.437249 0.791365
2.431009 0.790029
2.424718 0.788831
2.418624 0.787111
2.473563 0.808032
2.471593 0.806392
2.468833 0.801448
2.431299 0.798380
2.429644 0.799255
2.429987 0.797172
2.479807 0.813306
2.478898 0.812344
2.486038 0.820350
2.484076 0.817888
2.559170 0.837341
2.561756 0.836576
2.555144 0.841030
2.562585 0.838767
2.555000 0.841253
2.552861 0.845096
2.555420 0.844319
2.522989 0.703876
2.521882 0.708152
2.522637 0.703870
2.521578 0.712620
2.596901 0.732094
2.596592 0.731205
2.596911 0.736596
2.596589 0.735624
2.597035 0.741149
2.690295 0.767075
2.688558 0.768344
2.684141 0.771980
2.683973 0.772162
2.784306 0.799302
2.803099 0.806970
2.796828 0.805395
2.790558 0.803460
2.787004 0.801462
2.784600 0.800099
2.779189 0.796541
2.810879 0.806343
2.804292 0.805930
2.798087 0.804495
2.791404 0.804337
2.784482 0.804813
2.777960 0.807626
2.778137 0.803754
2.771689 0.805960
2.772758 0.800133
2.778479 0.808779
2.785065 0.807696
2.777951 0.808800
2.916124 0.727927
2.913273 0.730944
2.912234 0.731635
2.906968 0.733770
2.904737 0.734669
3.007296 0.761716
3.038617 0.774527
3.032350 0.772378
3.026077 0.770950
3.019806 0.769259
3.013545 0.766288
3.011817 0.764978
3.051151 0.778991
3.051792 0.775642
3.044881 0.777211
3.039694 0.775031
3.045598 0.774173
3.214290 0.737446
3.208015 0.736262
3.226812 0.743335
3.220555 0.739942
3.218510 0.739122
3.214721 0.737104
3.204523 0.736325
3.208377 0.736037
3.201730 0.736354
3.195444 0.736707
3.239317 0.751682
3.233065 0.747464
3.231041 0.746108
3.227867 0.742410
3.189178 0.737787
3.196524 0.736121
3.189153 0.737788
3.245567 0.756206
3.240538 0.752496
3.239820 0.750902
3.293059 0.767467
3.296557 0.765835
3.289452 0.769459
3.251815 0.760872
3.248938 0.758678
3.286301 0.770611
3.290585 0.768189
3.283157 0.770920
3.276877 0.770591
3.270597 0.770115
3.258065 0.765316
3.257469 0.764900
3.563935 0.740877
3.556321 0.745912
3.556276 0.751923
3.554135 0.747196
3.556349 0.752144
3.556273 0.752249
3.556372 0.751869
3.625241 0.772503
3.623407 0.770003
3.669117 0.786890
3.656573 0.783937
3.650287 0.784241
3.644013 0.782844
3.637751 0.780019
3.631490 0.777001
3.629629 0.775730
3.626550 0.771325
3.666392 0.787557
3.663030 0.786325
3.656767 0.785042
3.650304 0.784294
3.644075 0.782930
3.638393 0.780108
3.695635 0.797883
3.701447 0.796166
3.694165 0.798378
3.687886 0.797787
3.681615 0.796194
3.675344 0.794590
3.669064 0.793948
3.665562 0.791890
3.663004 0.790802
3.657369 0.787861
3.695417 0.798683
3.688835 0.798253
3.682461 0.797277
3.676148 0.796140
0.155789 0.709372
0.149496 0.710444
0.149714 0.706788
0.143217 0.709863
0.143482 0.705420
0.136959 0.706527
0.134895 0.704384
0.137096 0.704466
0.188749 0.714978
0.181576 0.716130
0.174871 0.716029
0.168306 0.715860
0.167830 0.715449
0.168331 0.715484
0.182081 0.719175
0.171243 0.720618
0.175021 0.720019
0.169784 0.724845
0.168231 0.725990
1.369537 1.161796
1.371348 1.168933
1.370314 1.166427
1.372674 1.171391
1.377565 1.177883
1.376610 1.176683
1.383790 1.185751
1.380642 1.182007
1.654491 1.268049
1.661239 1.264796
1.653363 1.268195
1.647073 1.269029
1.640785 1.269715
1.640567 1.269745
1.640848 1.269619
1.634496 1.270396
1.628207 1.271043
1.625868 1.271328
1.628904 1.269928
1.621919 1.271782
1.615631 1.272372
0.413546 0.668766
0.407277 0.666897
0.401005 0.665306
0.394731 0.664018
0.388454 0.663206
0.432341 0.676325
0.426079 0.673367
0.419813 0.670935
0.414197 0.669022
0.413616 0.668705
0.407719 0.666444
0.401684 0.664558
0.395471 0.663149
0.383142 0.662839
0.388962 0.662527
0.382174 0.662755
0.375895 0.662232
0.438591 0.680719
0.434458 0.677554
0.432793 0.675907
0.427517 0.672005
0.441630 0.683483
0.439235 0.681123
0.442594 0.688201
0.526339 0.710278
0.526064 0.709310
0.526569 0.708769
0.559376 0.715580
0.527676 0.714117
0.561342 0.725324
0.558616 0.722009
0.532531 0.722404
0.530610 0.719214
0.533686 0.716596
0.558703 0.729306
0.557611 0.729730
0.557778 0.728657
0.639131 0.751777
0.632982 0.753090
0.632837 0.753121
0.626543 0.754487
0.622899 0.755605
1.338169 1.015037
1.334603 1.018592
1.334424 1.018789
1.334785 1.018335
1.333087 1.023045
1.829691 1.193618
1.837639 1.190713
1.828701 1.193757
1.830026 1.193045
1.823390 1.195871
1.851475 1.202789
1.820725 1.196640
1.824133 1.195161
1.817079 1.199465
1.849759 1.206924
1.848434 1.207977
1.842135 1.209868
1.814911 1.199983
1.817912 1.198179
1.810775 1.202251
1.842015 1.209881
1.835838 1.211803
1.809219 1.203378
1.811315 1.202227
1.832171 1.212453
1.980069 1.250495
1.993294 1.251586
1.986724 1.251126
1.978257 1.250536
1.980205 1.250525
1.973782 1.250905
1.967495 1.251418
1.975332 1.249918
1.961629 1.251699
1.968075 1.251288
1.961208 1.251764
1.954918 1.252721
1.948633 1.252944
1.956008 1.251940
1.944717 1.252853
1.948957 1.252755
1.942351 1.252740
1.936070 1.252410
1.204349 0.753020
1.200634 0.759098
1.204487 0.757038
1.197515 0.762980
1.197191 0.763239
1.292933 0.781735
1.272433 0.784647
1.268260 0.781580
1.266419 0.780509
1.261570 0.775450
1.273444 0.784150
1.266563 0.784517
1.261252 0.780715
1.328825 0.805983
1.322573 0.801869
1.321065 0.801098
1.335071 0.811001
1.330945 0.807551
1.335809 0.806460
1.337219 0.813297
1.342372 0.811343
1.341295 0.818937
1.340890 0.818541
1.341387 0.818383
2.343931 1.183096
2.340187 1.184053
2.344646 1.182849
2.337635 1.184567
2.331345 1.185475
2.338965 1.184420
2.327944 1.186108
2.331918 1.185231
2.325052 1.186827
2.318766 1.187109
2.312480 1.187350
2.306205 1.186237
2.299937 1.184321
2.325944 1.187621
2.319284 1.187401
2.312575 1.187313
2.306246 1.186218
2.405721 1.077675
2.407210 1.071067
2.403227 1.078981
2.399410 1.081155
2.400682 1.074893
2.397856 1.082412
2.393101 1.084719
2.391287 1.085636
2.450761 0.956961
2.450438 0.957103
2.451121 0.955076
2.444857 0.960287
2.444128 0.960674
2.439083 0.963673
2.440528 0.801729
2.434232 0.803501
2.478135 0.814510
2.472766 0.808945
2.433697 0.803707
2.484375 0.820217
2.482597 0.817958
2.479528 0.813287
2.428940 0.807278
2.427912 0.808428
2.428448 0.805686
2.487454 0.823414
2.485289 0.820311
2.554302 0.838482
2.543732 0.839144
2.547304 0.839166
2.540766 0.841710
2.490590 0.829370
2.490184 0.828466
2.554979 0.841064
2.547640 0.842652
2.539107 0.842701
2.540839 0.842806
2.493337 0.833621
2.548042 0.846000
2.536331 0.846660
2.540978 0.846851
2.534442 0.847169
2.526329 0.695178
2.524255 0.699257
2.522781 0.703262
2.522700 0.703476
2.595292 0.722407
2.595088 0.726868
2.698310 0.758066
2.695114 0.760285
2.691991 0.762662
2.690695 0.763913
2.693039 0.761365
2.780901 0.783188
2.781079 0.790911
2.779734 0.792913
2.780033 0.789896
2.823723 0.803675
2.817344 0.805195
2.778794 0.794951
2.773416 0.797631
2.843688 0.808757
2.837215 0.808037
2.831096 0.806374
2.824851 0.805048
2.811975 0.806057
2.818035 0.805241
2.811053 0.806219
2.804774 0.805523
2.798500 0.804311
2.792214 0.804594
2.771988 0.798130
2.922041 0.717627
2.917709 0.723360
2.914970 0.726588
2.914235 0.727182
2.915412 0.726142
3.002738 0.753469
2.996857 0.747099
3.008981 0.758815
3.003111 0.753871
3.002922 0.753297
3.052882 0.770044
3.053993 0.765368
3.046599 0.769917
3.040322 0.769079
3.034047 0.767995
3.027771 0.766997
3.021498 0.765617
3.015231 0.763318
3.010468 0.759834
3.009652 0.757740
3.103919 0.784885
3.117157 0.789935
3.109970 0.791121
3.103997 0.789067
3.104417 0.792377
3.222227 0.738772
3.215960 0.736630
3.209684 0.735575
3.234747 0.745164
3.228489 0.741800
3.224521 0.739948
3.222568 0.738578
3.216651 0.736392
3.311047 0.758763
3.303734 0.762714
3.241001 0.749054
3.238035 0.747154
3.300985 0.764169
3.304419 0.762848
3.297430 0.765405
3.292553 0.767006
3.291133 0.767206
0.099890 0.725890
0.098730 0.727069
0.096782 0.729752
0.099286 0.728593
0.093339 0.733585
0.092391 0.734477
1.383280 1.203885
1.389512 1.210789
1.386582 1.207143
1.390842 1.212476
1.390138 1.210508
1.395723 1.220441
1.394228 1.217648
1.397034 1.222717
1.396623 1.220027
1.399145 1.227664
1.590046 1.282726
1.597869 1.280750
1.586438 1.282940
1.590548 1.282296
1.583760 1.283043
1.577473 1.283463
1.571184 1.284222
1.578637 1.282497
1.570618 1.284277
1.571270 1.284158
1.564899 1.284456
1.558618 1.284175
1.552339 1.283580
1.546060 1.282866
1.539782 1.282166
0.278207 0.675629
0.277833 0.676371
0.278204 0.674584
0.275869 0.679676
0.441285 0.735111
0.440751 0.737001
0.505014 0.747907
0.440335 0.739421
0.500442 0.755900
0.505108 0.752037
0.440103 0.743903
0.497971 0.759897
0.497126 0.760522
0.491277 0.763094
0.490823 0.763224
1.325599 1.056055
1.337158 1.066553
1.336913 1.066254
1.331685 1.062196
1.337198 1.071038
1.336924 1.070606
1.337714 1.075638
1.337149 1.074410
1.342992 1.082092
1.341859 1.080977
1.347199 1.086566
1.769186 1.227162
1.762902 1.227041
1.758685 1.226986
1.756619 1.227008
1.750328 1.228028
1.745879 1.228927
1.744035 1.229365
1.737741 1.230650
1.732087 1.230713
1.731457 1.230704
0.923049 0.746574
0.924012 0.740984
0.921982 0.747761
0.917905 0.743677
0.964342 0.760713
0.920775 0.752020
0.917612 0.748880
0.962986 0.764923
0.960589 0.768031
0.920310 0.756459
0.958709 0.768587
0.954297 0.769174
1.087089 0.800038
1.081161 0.797852
1.054877 0.796730
1.054627 0.796874
1.054732 0.796400
1.093888 0.804269
1.087391 0.803612
1.081221 0.802086
1.050257 0.800307
1.048310 0.801118
1.049290 0.797349
1.336816 0.902380
1.336592 0.902680
1.336818 0.901738
1.334803 0.906474
1.331971 0.910435
2.196316 1.214024
2.188793 1.217458
2.182500 1.218675
2.181047 1.219013
2.182903 1.218213
2.176205 1.220144
2.169917 1.220809
2.168623 1.221039
2.170226 1.220463
2.163627 1.221769
2.157338 1.222309
2.153886 1.222648
2.401178 1.139651
2.399886 1.140212
2.400170 1.138647
2.395184 1.133951
2.394787 1.142858
2.393580 1.143224
2.393873 1.141848
2.387283 1.145001
2.385474 1.145516
2.380988 1.146448
2.381926 1.142182
2.418912 1.044162
2.418306 1.044533
2.412603 1.047515
2.412135 1.047789
2.406296 1.050774
2.405874 1.051059
2.428488 0.891834
2.426628 0.895958
2.424490 0.891809
2.435680 0.904987
2.429420 0.901868
2.427185 0.900589
2.441938 0.908444
2.440927 0.907843
2.417848 0.746205
2.419130 0.741343
2.411650 0.747988
2.411551 0.748019
2.411588 0.747872
2.405251 0.750225
2.459035 0.761941
2.456663 0.757939
2.403625 0.750907
2.460320 0.766681
2.460425 0.771213
2.582680 0.809060
2.582282 0.804584
2.582687 0.813551
2.582198 0.817971
2.895577 0.749134
2.891823 0.751167
2.889265 0.752958
2.887298 0.754783
3.220381 0.740006
3.201444 0.736546
3.191351 0.738578
3.194260 0.737729
3.187479 0.738977
3.232485 0.748087
3.181237 0.741054
3.189150 0.737792
3.181180 0.741069
3.174880 0.743370
3.250130 0.763729
3.243882 0.758874
3.242545 0.757773
3.281477 0.773097
3.256373 0.769119
3.250200 0.763786
3.250167 0.763670
3.278780 0.773979
3.282211 0.772527
3.275185 0.774228
3.268901 0.774275
3.262625 0.773243
3.257000 0.769644
3.257232 0.767231
3.555283 0.750373
3.557357 0.757204
3.554557 0.759195
3.551940 0.760635
3.649873 0.781062
3.643363 0.780437
3.637103 0.779143
3.631047 0.777308
3.675158 0.789956
3.669055 0.788244
3.693979 0.798106
3.687619 0.797080
3.681471 0.795493
3.675258 0.794078
3.668950 0.792921
0.012892 0.752020
0.005178 0.755926
-0.000198 0.757999
0.006526 0.755409
-0.001123 0.758363
-0.007418 0.759883
-0.011423 0.760286
-0.006918 0.759729
-0.013706 0.760498
0.590690 0.690801
0.578377 0.691268
0.584057 0.690508
0.577111 0.692850
0.554681 0.686533
0.584700 0.693190
0.574377 0.694955
0.577399 0.694676
0.570801 0.696383
0.552004 0.690516
0.551994 0.690527
0.568643 0.698342
0.671117 0.725714
0.667856 0.727076
0.664813 0.728458
0.660624 0.730141
0.658510 0.731134
1.335313 0.973685
1.332316 0.971929
1.341559 0.978675
1.341139 0.978169
1.343061 0.983043
1.342248 0.980825
1.343019 0.987549
1.342174 0.985449
1.861568 1.182013
1.855272 1.183707
1.861798 1.185384
1.861535 1.186455
1.861651 1.185049
1.854259 1.183893
1.855360 1.183854
2.106035 1.260901
2.105649 1.260944
2.099747 1.261498
2.093463 1.261474
2.087180 1.261433
2.068356 1.257984
2.062081 1.256697
2.049534 1.254146
2.043269 1.251646
2.037003 1.249376
2.030731 1.247697
2.024457 1.246434
2.018177 1.246012
2.085364 1.261378
2.088648 1.257827
2.080897 1.261319
2.074624 1.260027
2.068414 1.258008
2.068365 1.257970
2.058431 1.256026
2.062112 1.256668
2.055806 1.255544
2.053504 1.255048
2.049587 1.254115
2.044016 1.251013
1.156860 0.789377
1.149258 0.796030
1.149244 0.796057
1.149264 0.796046
1.146271 0.799969
1.150363 0.797536
1.142928 0.802312
1.331002 0.860021
1.337227 0.867762
1.334698 0.864494
1.332271 0.860287
1.338403 0.869727
1.337823 0.867872
1.341735 0.874904
2.247267 1.195215
2.239576 1.198587
2.233289 1.199116
2.228510 1.200001
2.226996 1.200269
2.220706 1.201075
2.214424 1.201016
2.209723 1.200767
2.208142 1.200798
2.201838 1.203449
2.201203 1.203613
2.403358 1.121121
2.404802 1.113106
2.403094 1.121304
2.397593 1.124685
2.397046 1.124836
2.397213 1.124136
2.390743 1.127355
2.390100 1.127701
2.384436 1.130592
2.383615 1.130948
2.417191 1.051819
2.418692 1.045235
2.414268 1.053091
2.410885 1.054768
2.412381 1.048468
2.408345 1.056400
2.404575 1.058395
2.406108 1.051632
2.402629 1.059781
2.468222 0.932357
2.468183 0.932408
2.468212 0.932273
2.465981 0.936392
2.462359 0.940181
2.461839 0.940397
2.462246 0.939007
2.414385 0.764220
2.414823 0.761645
2.408092 0.765423
2.409559 0.757686
2.458248 0.780486
2.459910 0.771681
2.406937 0.765780
2.402857 0.761987
2.458256 0.780515
2.458294 0.780388
2.401981 0.769313
2.401777 0.769628
2.401816 0.769180
2.459787 0.785306
2.464431 0.793862
2.460949 0.790049
2.577310 0.823734
2.576711 0.826597
2.578161 0.824382
2.574897 0.830734
2.572068 0.834699
2.567368 0.672749
2.561080 0.673370
2.579890 0.678868
2.577562 0.676919
2.573946 0.675278
2.567721 0.673896
2.560306 0.673473
2.561122 0.673509
2.554796 0.673454
2.548497 0.675549
2.586108 0.687582
2.582883 0.682469
2.580293 0.680737
2.574639 0.677845
2.568584 0.676023
2.548392 0.675629
2.548525 0.675575
2.586127 0.687627
2.586113 0.687608
2.755319 0.746891
2.749049 0.745119
2.742772 0.744211
2.736499 0.742725
2.730220 0.742142
2.761569 0.751232
2.760071 0.749257
2.755643 0.747418
2.749468 0.745909
2.743101 0.744915
2.736869 0.743560
2.727831 0.742862
2.730518 0.742524
2.762867 0.754328
2.761769 0.753482
2.869281 0.789007
2.868100 0.789909
2.864388 0.792546
2.861785 0.794179
3.078545 0.749297
3.072277 0.747211
3.066000 0.746401
3.059729 0.744711
3.053458 0.743073
3.078919 0.749507
3.078598 0.749289
3.072779 0.746836
3.066580 0.745397
3.155389 0.764684
3.084211 0.755081
3.147516 0.772164
3.147492 0.772176
3.141862 0.775554
3.141181 0.775899
3.553139 0.765729
3.552842 0.765886
3.553123 0.764928
3.546540 0.768458
3.545474 0.768720
0.013882 0.751444
0.013157 0.751851
0.007746 0.754718
0.006849 0.755126
0.536051 0.696845
0.543221 0.695912
0.535945 0.697034
0.536088 0.696953
0.561030 0.706530
0.561755 0.704830
0.535992 0.704743
0.534698 0.701292
0.536574 0.700075
0.558321 0.710498
0.656967 0.739152
0.655117 0.739752
0.648819 0.741617
0.648032 0.741857
0.649942 0.739022
0.642520 0.743836
1.340512 0.996774
1.342311 1.001626
1.342136 1.006105
1.858193 1.188227
1.859848 1.181027
1.851936 1.184674
1.845634 1.187216
1.859219 1.190082
1.858152 1.193579
1.845367 1.187315
1.845724 1.187123
1.839328 1.190235
1.857940 1.194317
1.858379 1.193740
1.838657 1.190481
1.839552 1.190008
1.857463 1.198731
1.851818 1.200469
1.833597 1.194003
1.833012 1.194429
1.846749 1.201141
2.021075 1.253568
2.014806 1.251663
2.008531 1.250557
2.002254 1.249731
2.077514 1.268640
2.071244 1.266906
2.064973 1.265216
2.058701 1.263681
2.052424 1.262650
2.046152 1.261175
2.039883 1.259327
2.033611 1.257775
2.027341 1.255807
2.022280 1.254047
2.021443 1.252819
2.015576 1.250484
2.008904 1.250297
1.999113 1.249435
2.002378 1.249719
1.995973 1.249245
1.989691 1.249127
1.983406 1.249398
1.977122 1.249466
2.078780 1.266158
1.997481 1.249254
1.990851 1.248954
1.984024 1.249176
1.976416 1.249461
1.977180 1.249444
1.158520 0.788545
1.157253 0.789827
1.155310 0.792398
1.158389 0.789701
1.152174 0.796301
1.326450 0.851031
1.324772 0.848667
1.328820 0.853955
1.332665 0.860153
1.331799 0.859048
1.338896 0.867141
1.336445 0.864490
2.253840 1.194238
2.249074 1.194745
2.255175 1.192090
2.247552 1.194838
2.241262 1.195655
2.234974 1.196206
2.242840 1.193424
2.234344 1.196293
2.235192 1.195834
2.228680 1.197697
2.222395 1.197883
2.216116 1.197181
2.223872 1.194520
2.216042 1.197180
2.216153 1.197097
2.400485 1.148878
2.398151 1.149696
2.398756 1.146817
2.392947 1.151857
2.391848 1.152195
2.392120 1.150926
2.385557 1.153220
2.386966 1.146697
2.380989 1.153992
2.379265 1.154382
2.379631 1.152695
2.424657 0.998979
2.421264 1.002206
2.420860 1.002699
2.417452 1.006526
2.414935 1.008320
2.415815 1.003741
2.412343 1.010044
2.418148 0.846341
2.423850 0.856414
2.421805 0.853037
2.418301 0.850322
2.425710 0.858313
2.424128 0.857169
2.418732 0.853599
2.426809 0.863051
2.524368 0.741613
2.524650 0.746164
2.525096 0.750778
2.609406 0.772057
2.608498 0.771016
2.611229 0.776906
2.608810 0.774582
2.670872 0.793630
2.664577 0.795128
2.614395 0.783650
2.613038 0.781777
2.609023 0.778451
2.659469 0.795513
2.658289 0.795684
2.651997 0.796772
2.646488 0.797463
2.877888 0.771993
2.877846 0.772043
2.878237 0.770940
2.874702 0.775860
3.171328 0.749355
3.163508 0.756005
3.162799 0.756485
3.164655 0.753547
3.157529 0.759929
3.157194 0.760158
3.472087 0.760869
3.465872 0.759453
3.454142 0.760998
3.459103 0.759525
3.451969 0.761143
3.445678 0.762052
3.497507 0.769402
3.441962 0.763051
3.439380 0.763984
3.515602 0.779498
3.509821 0.776920
3.434680 0.766132
3.539683 0.795219
3.533418 0.792603
3.527161 0.789190
3.526646 0.788932
3.522360 0.783842
3.546394 0.797359
3.545950 0.797354
3.545197 0.797119
3.546045 0.797019
0.049680 0.736898
0.043392 0.737370
0.069737 0.739869
0.062893 0.740138
0.056382 0.739519
0.049992 0.738579
0.042343 0.738007
0.043490 0.737937
0.037086 0.740388
0.063495 0.742953
0.056991 0.742319
0.050725 0.741061
0.035384 0.741150
0.037278 0.740954
1.398420 1.228821
1.403180 1.238513
1.405935 1.243588
1.404065 1.240522
1.409368 1.248795
1.409347 1.248756
1.415594 1.256615
1.412964 1.253977
1.410235 1.250865
1.428101 1.264621
1.421842 1.261273
1.418988 1.259690
1.416209 1.257333
1.534745 1.288099
1.528466 1.287446
1.522188 1.286684
1.515912 1.285728
1.509636 1.284738
1.503361 1.283619
1.497087 1.282356
1.490812 1.281111
1.484538 1.279856
1.478265 1.278548
1.471991 1.277301
1.465716 1.276045
1.459443 1.274655
1.453171 1.273087
1.446901 1.271347
1.440632 1.269406
1.434364 1.267278
1.434274 1.267245
1.428681 1.264460
1.517313 1.284196
1.510824 1.283517
1.504420 1.282617
1.498108 1.281470
1.491818 1.280267
1.485511 1.279108
1.479230 1.277885
1.472932 1.276705
1.466670 1.275431
1.460558 1.273763
0.561776 0.667786
0.561397 0.669141
0.561964 0.668685
0.602864 0.681913
0.560300 0.673427
0.562471 0.671754
0.600889 0.686003
0.599329 0.687576
0.594431 0.689246
0.687107 0.713182
0.680818 0.713808
0.713670 0.717691
0.677929 0.714847
0.674518 0.716069
0.670466 0.717889
0.957680 0.807893
0.951583 0.806158
0.945589 0.804157
1.327899 0.947532
1.333437 0.957898
1.332747 0.956988
1.326978 0.954390
1.321184 0.951865
1.307348 0.957150
1.332691 0.962249
1.332499 0.962055
1.326765 0.959375
1.320668 0.957661
1.308169 0.957387
1.313971 0.957540
1.307346 0.957522
1.307203 0.957195
1.332944 0.966821
1.332504 0.966470
2.122014 1.249685
2.121170 1.249793
2.115725 1.250404
2.109439 1.250757
2.106021 1.251261
2.103148 1.251816
2.096860 1.252350
2.090644 1.252729
2.090574 1.252735
2.090647 1.252520
2.084289 1.252953
1.182241 0.769671
1.189059 0.766619
1.181239 0.770858
1.179054 0.773531
1.182006 0.771859
1.174908 0.777220
1.174885 0.777232
1.174913 0.777219
1.325359 0.824358
1.322588 0.820134
1.326575 0.817508
1.326241 0.825343
1.331570 0.833984
1.328386 0.830273
1.332709 0.827946
1.333199 0.835751
2.321686 1.191815
2.315393 1.193122
2.314715 1.193213
2.315832 1.192166
2.309106 1.193588
2.302822 1.193494
2.296547 1.192428
2.290269 1.191724
2.285397 1.191875
2.283984 1.191920
2.277701 1.191812
2.271423 1.191141
2.265147 1.190080
2.422649 1.017307
2.419180 1.021095
2.417786 1.022087
2.418292 1.019496
2.413807 1.024534
2.411474 1.026028
2.412239 1.022083
2.431236 0.881563
2.430280 0.882827
2.427172 0.886701
2.424892 0.889705
2.426570 0.881865
2.423962 0.890585
2.526319 0.751369
2.525668 0.749332
2.527687 0.756134
2.526009 0.752837
2.528258 0.760769
2.616786 0.782900
2.613652 0.779653
2.656598 0.799279
2.625231 0.792495
2.618983 0.787833
2.618961 0.787813
2.614088 0.782895
2.654562 0.799409
2.657675 0.796924
2.650307 0.800223
2.644024 0.800213
2.637752 0.798582
2.631489 0.795926
2.627814 0.794076
2.625659 0.792404
2.620369 0.788552
2.645449 0.797999
2.638850 0.797619
2.873012 0.780386
2.870169 0.784326
2.869803 0.784666
2.871080 0.780882
3.314246 0.757452
3.319043 0.755409
3.311704 0.759711
3.309618 0.761024
3.312258 0.759932
3.305403 0.762173
3.526256 0.827046
3.599060 0.739934
3.592800 0.736786
3.586527 0.735326
3.580244 0.735226
3.611570 0.747498
3.605316 0.743500
3.602567 0.742255
3.599867 0.739392
3.613212 0.748895
