-1.137928 0.820182
-1.144273 0.820531
-1.150479 0.821021
-1.156960 0.821240
-1.164668 0.822905
-1.163538 0.821362
-1.170937 0.822328
-1.170287 0.821313
-1.177206 0.821668
-1.176991 0.821310
-1.183479 0.822081
-1.183251 0.821753
-1.189755 0.822817
-1.189350 0.822364
-1.196031 0.823563
-1.195397 0.823035
-1.202309 0.824636
-1.208584 0.825348
-1.214862 0.826376
-0.833296 0.795349
-0.831611 0.798024
-0.832999 0.798467
-0.801988 0.804738
-0.808267 0.806083
-0.814547 0.807640
-0.820828 0.809284
-0.831781 0.804279
-0.833137 0.804602
-0.781847 0.808569
-0.813589 0.810320
-0.824834 0.810048
-0.820683 0.809924
-0.827106 0.810492
-0.828860 0.810325
-0.833244 0.810774
-0.839176 0.811564
-0.845373 0.812086
-0.825770 0.817848
-0.832677 0.817636
-0.839070 0.817953
-0.845262 0.818477
-0.844654 0.825385
-0.630036 0.843932
-0.636306 0.843502
-0.642575 0.843087
-0.648844 0.842595
-0.655113 0.841843
-0.617500 0.845464
-0.623767 0.844483
-0.626168 0.844166
-0.629714 0.844753
-0.635259 0.845928
-0.610234 0.850430
-0.166311 0.800399
-0.153798 0.805987
-0.160054 0.803097
-0.163356 0.801612
-0.147545 0.809557
-0.151846 0.807060
-0.141299 0.814499
-0.143597 0.812755
-0.140196 0.813693
-0.133609 0.819871
0.233939 0.793676
0.233838 0.793754
0.234790 0.794588
0.228198 0.807293
0.221748 0.813840
0.216691 0.815469
0.209871 0.821643
0.202403 0.826652
0.152207 0.830564
0.200848 0.827282
0.196119 0.828888
0.196909 0.828374
0.189839 0.830217
0.191472 0.829647
0.183562 0.831210
0.177291 0.831182
0.171023 0.830421
0.164751 0.830299
0.158478 0.830500
0.153192 0.830544
0.159021 0.830731
0.151940 0.830632
0.145925 0.832455
0.140632 0.837669
0.139615 0.839266
0.136673 0.844188
0.133297 0.847904
0.129708 0.850918
0.126997 0.853222
0.121890 0.857710
0.120696 0.858778
0.114398 0.863566
0.112573 0.864607
0.565083 0.808412
0.558808 0.809145
0.552534 0.809555
0.546263 0.809409
0.539987 0.810025
0.533716 0.809922
0.527447 0.809487
0.521179 0.808783
0.886736 0.787103
0.880457 0.788389
0.874178 0.789621
0.867897 0.791415
0.867497 0.791610
0.868289 0.791977
0.861607 0.794722
0.855323 0.796971
0.851845 0.798932
0.856568 0.799970
0.849032 0.800598
0.842732 0.805706
0.842617 0.805819
0.842762 0.805843
0.838970 0.812321
0.843798 0.813182
0.836406 0.815783
0.831604 0.819080
0.837414 0.819788
0.830112 0.820073
0.823834 0.821153
0.817549 0.823424
0.824734 0.826810
0.814087 0.826539
0.817907 0.826681
0.811245 0.829515
0.804959 0.832081
0.798686 0.832371
0.818865 0.833946
0.812003 0.833780
0.805387 0.833868
0.799272 0.834475
1.172149 0.824296
1.165876 0.824397
1.159601 0.825053
1.153327 0.825516
1.147050 0.826401
1.140771 0.827784
1.186310 0.826558
1.179176 0.826129
1.173097 0.826743
1.166993 0.827341
1.160641 0.827692
1.154425 0.828183
1.148007 0.828473
1.139774 0.827994
1.140939 0.828098
1.134491 0.829179
1.128210 0.830916
1.121932 0.832131
1.501403 0.814163
1.495417 0.814869
1.474901 0.818600
1.468622 0.820060
1.464237 0.821458
1.462338 0.822312
1.463077 0.822323
1.456047 0.825615
1.450276 0.828663
1.449758 0.828985
1.450219 0.829162
1.443466 0.832755
1.437236 0.835808
1.437177 0.835840
1.437204 0.835839
1.430886 0.839461
1.424597 0.842621
1.423852 0.842981
1.418307 0.845930
1.412022 0.848368
1.405744 0.849591
1.399471 0.849982
1.725816 0.804685
1.738331 0.809974
1.732085 0.805205
1.727823 0.804760
1.732535 0.804921
1.723489 0.805063
1.719537 0.806039
1.738676 0.810258
1.738519 0.810472
1.741131 0.816348
1.739318 0.817569
1.743347 0.822460
1.739730 0.824274
1.739556 0.830388
1.739025 0.836153
1.739250 0.842674
1.838556 0.923706
1.831971 0.923819
1.826049 0.924588
1.820307 0.925547
1.819709 0.931242
1.819441 0.937276
1.819833 0.943961
-1.341264 0.798480
-1.347537 0.798849
-1.353810 0.798817
-1.360079 0.798482
-1.366346 0.797582
-1.372617 0.797397
-1.378893 0.798063
-1.385170 0.799140
-1.341045 0.799185
-1.347289 0.799637
-1.353349 0.800277
-1.359227 0.801110
-1.364774 0.802297
-1.137858 0.820108
-1.144131 0.820367
-1.150407 0.820933
-1.156678 0.820867
-1.162949 0.820643
-1.169218 0.820146
-1.175488 0.819823
-1.181763 0.820371
-0.781483 0.808171
-0.787748 0.806916
-0.794020 0.806933
-0.800299 0.808101
-0.806581 0.810044
-0.761044 0.809263
-0.768166 0.808845
-0.775214 0.808636
-0.776093 0.808563
-0.775152 0.808563
-0.808827 0.810784
-0.805901 0.811326
-0.812864 0.812254
-0.819153 0.815400
-0.823491 0.818050
-0.818066 0.818881
-0.825444 0.819060
-0.831733 0.822040
-0.838020 0.824887
-0.839402 0.825409
-0.837908 0.825430
-0.844305 0.827312
-0.456583 0.817665
-0.462856 0.817900
-0.469126 0.817716
-0.475389 0.815985
-0.481655 0.815113
-0.444056 0.820890
-0.450317 0.818994
-0.453889 0.818319
-0.462131 0.819674
-0.468469 0.820047
-0.474407 0.820836
-0.489234 0.820773
-0.436825 0.824459
-0.490455 0.827098
-0.491727 0.833429
-0.494325 0.838293
-0.496239 0.839988
-0.500618 0.842277
-0.506884 0.841268
-0.507549 0.840782
-0.506706 0.840917
-0.139586 0.813186
-0.145835 0.809014
-0.146728 0.808558
-0.133349 0.819644
-0.138493 0.814229
-0.132979 0.820104
-0.129742 0.826145
-0.125591 0.827486
-0.128595 0.832332
-0.126428 0.832942
0.276734 0.785832
0.274822 0.783925
0.279296 0.789854
0.276679 0.796123
0.301747 0.799731
0.276588 0.796289
0.298851 0.801035
0.295461 0.802325
0.295863 0.801652
0.289179 0.804239
0.290003 0.802494
0.282896 0.806427
0.284026 0.803226
0.276629 0.805388
0.274588 0.802677
0.277748 0.803661
0.650457 0.833019
0.696977 0.829866
0.694375 0.830386
0.694612 0.830271
0.688099 0.831243
0.688674 0.831026
0.681823 0.831845
0.682914 0.831971
0.675552 0.831584
0.676222 0.831980
0.669277 0.832303
0.662999 0.833532
0.656729 0.833114
0.650768 0.833021
0.650054 0.833071
0.650472 0.833057
0.644181 0.833922
1.065096 0.800785
1.078961 0.801259
1.071359 0.802435
1.065097 0.800785
1.071916 0.800907
1.065095 0.800785
1.058806 0.804239
1.059492 0.801915
1.077600 0.808232
1.075490 0.806323
1.078291 0.806862
1.056533 0.807627
1.083836 0.814856
1.081232 0.812196
1.053962 0.814053
1.052477 0.814846
1.052653 0.814331
1.046196 0.816607
1.046887 0.815295
1.039919 0.817518
1.033636 0.819477
1.091274 0.819034
1.564989 0.815471
1.577494 0.822489
1.571239 0.819380
1.568250 0.817224
1.622920 0.821375
1.590010 0.827833
1.583749 0.825834
1.578205 0.822787
1.578102 0.823451
1.592391 0.828092
1.874006 0.811085
1.872299 0.812083
1.867716 0.814563
1.861432 0.816884
1.855154 0.817744
-1.801482 0.824925
-1.807749 0.824107
-1.763845 0.823925
-1.770124 0.825159
-1.776404 0.826554
-1.782680 0.827520
-1.788952 0.827484
-1.795220 0.826816
-1.797767 0.825985
-1.800948 0.826802
-1.087143 0.823193
-1.086122 0.824025
-1.080938 0.835522
-1.082368 0.830004
-1.079974 0.830863
-1.080725 0.836138
-1.080962 0.840064
-1.081087 0.842415
-1.080737 0.842646
-1.084913 0.848930
-1.087302 0.852678
-1.088870 0.855456
-1.089529 0.861759
-1.088874 0.867977
-1.086345 0.868908
-1.089508 0.874284
-0.614125 0.852802
-0.620394 0.852167
-0.607864 0.854710
-0.612153 0.853127
-0.601617 0.859342
-0.602280 0.858690
-0.600697 0.859576
-0.595391 0.867823
-0.598517 0.864688
-0.592933 0.870572
-0.587806 0.871634
-0.131630 0.817705
-0.133813 0.815765
-0.125410 0.827208
-0.128560 0.821637
-0.125035 0.827641
-0.122874 0.833747
-0.118170 0.834503
-0.119222 0.842805
-0.121067 0.839882
-0.118615 0.840345
-0.117346 0.845897
-0.111487 0.847066
-0.105129 0.853023
-0.112370 0.852491
0.262501 0.782444
0.275018 0.787487
0.268773 0.782636
0.267521 0.782574
0.268858 0.782574
0.260407 0.783067
0.256219 0.784420
0.249931 0.787462
0.275660 0.788273
0.244751 0.790406
0.243639 0.791309
0.276779 0.794458
0.274967 0.796960
0.276583 0.796186
0.237684 0.797144
0.237333 0.797392
0.237557 0.797398
0.231037 0.802032
0.272505 0.801008
0.229386 0.803969
0.224727 0.809033
0.282339 0.807828
0.223023 0.810657
0.218433 0.813297
0.212139 0.817385
0.211778 0.817690
0.205842 0.822127
0.655068 0.824485
0.636244 0.825893
0.629972 0.826041
0.667586 0.829350
0.661323 0.827448
0.655881 0.824572
0.653887 0.824709
0.655145 0.824706
0.648785 0.826552
0.642510 0.827162
0.636385 0.825919
0.636256 0.825941
0.630075 0.826477
0.671903 0.829755
0.668468 0.830921
0.662211 0.831365
0.656464 0.832330
0.644041 0.833337
1.065096 0.800785
1.019448 0.807880
1.070494 0.805764
1.063905 0.805874
1.058368 0.807042
1.031960 0.813703
1.025716 0.808489
1.023348 0.808084
1.018178 0.808449
1.013156 0.811685
1.063893 0.812160
1.058221 0.813183
1.050752 0.818014
1.044485 0.817125
1.038222 0.815520
1.032002 0.813727
1.031967 0.813737
1.026390 0.814888
1.009337 0.815312
1.055730 0.818378
1.057080 0.818349
1.350527 0.834787
1.344262 0.833448
1.356776 0.838894
1.352812 0.836112
1.357430 0.836487
1.363006 0.846762
1.358813 0.841950
1.364295 0.842938
1.325376 0.846659
1.369253 0.851400
1.364129 0.847846
1.370616 0.848839
1.323140 0.850677
1.376072 0.853898
1.320152 0.857127
1.319029 0.860669
1.319089 0.857248
1.312753 0.861302
1.675147 0.792975
1.668869 0.793900
1.676435 0.796100
1.667529 0.795322
1.670100 0.796467
1.668821 0.802894
1.668620 0.801513
1.669756 0.802416
1.624755 0.833153
1.618493 0.831353
1.612221 0.831312
1.605946 0.831990
1.599672 0.832349
1.593404 0.831768
1.593093 0.831703
1.631012 0.835987
1.629800 0.835431
1.626386 0.837424
1.645067 0.842293
1.852011 0.974463
1.845745 0.973389
1.877075 0.978907
1.870811 0.977428
1.864544 0.976621
1.858277 0.975688
1.852215 0.974516
1.852032 0.974553
1.871607 0.980298
1.865769 0.981177
-1.803177 0.822619
-1.809444 0.821695
-1.815713 0.821267
-1.821982 0.820782
-1.828256 0.820923
-1.790657 0.827179
-1.796914 0.824404
-1.797473 0.824138
-1.467301 0.806367
-1.454769 0.808467
-1.461032 0.806980
-1.466482 0.806466
-1.469994 0.806707
-1.467254 0.806570
-1.473576 0.807100
-1.479855 0.808294
-1.486131 0.809118
-1.492415 0.811418
-1.453788 0.812927
-1.459550 0.813873
-1.478366 0.815194
-1.498197 0.814914
-1.491682 0.815285
-1.498707 0.815151
-1.504997 0.818354
-0.843450 0.794682
-0.869816 0.802527
-0.876098 0.804490
-0.882386 0.807388
-0.885358 0.808717
-0.888672 0.810017
-0.894957 0.812404
-0.901243 0.815197
-0.902663 0.816148
-0.907538 0.819240
-0.913829 0.822937
-0.914451 0.823210
-0.913599 0.823401
-0.920118 0.826111
-0.924454 0.830149
-0.926419 0.831625
-0.932710 0.835183
-0.938454 0.837366
-0.938996 0.837592
-0.945289 0.841586
-0.951574 0.844111
-0.952791 0.844612
-0.957861 0.846881
-0.964145 0.849082
-0.477067 0.810435
-0.483337 0.810184
-0.458278 0.815480
-0.464542 0.814029
-0.470806 0.812621
-0.473398 0.811573
-0.476307 0.812600
-0.485905 0.812431
-0.482112 0.813520
-0.489653 0.818495
-0.489844 0.818952
-0.490204 0.825230
-0.490656 0.831517
-0.492203 0.837881
-0.494568 0.839615
-0.513569 0.840751
-0.520201 0.840821
-0.495906 0.844392
-0.496065 0.844502
-0.496017 0.844449
-0.502351 0.847000
-0.501516 0.845651
-0.508634 0.849116
-0.507630 0.846245
-0.514919 0.851634
-0.513950 0.846635
-0.520333 0.846962
-0.526678 0.847330
-0.516504 0.852046
-0.521198 0.853002
-0.521061 0.852501
-0.527474 0.853761
-0.527270 0.853002
-0.533751 0.854620
-0.533459 0.853527
-0.540032 0.856364
-0.539544 0.854163
-0.546321 0.859620
-0.547765 0.860459
-0.552610 0.862792
-0.558901 0.866240
-0.562776 0.867758
-0.175997 0.800260
-0.175285 0.799516
-0.182263 0.799261
-0.182251 0.799250
-0.188539 0.799917
-0.188386 0.799816
-0.194821 0.801722
-0.193895 0.801027
-0.201108 0.804622
-0.204848 0.807035
-0.207402 0.808828
-0.206738 0.807883
-0.213690 0.811572
-0.219973 0.813664
-0.222872 0.814534
-0.226256 0.815813
-0.225941 0.815089
-0.232537 0.817573
0.267059 0.783771
0.260794 0.782467
0.262079 0.782494
0.254518 0.783313
0.248230 0.786408
0.274375 0.787682
0.244153 0.788599
0.241937 0.790281
0.235782 0.795425
0.235636 0.795609
0.230650 0.802030
0.229317 0.804441
0.229955 0.802754
0.227372 0.808509
0.223007 0.811491
0.224234 0.810038
0.216714 0.815418
0.216611 0.815499
0.210415 0.820353
0.212036 0.817559
0.208251 0.822325
0.204119 0.824872
0.205111 0.823606
0.197833 0.827542
0.191550 0.829599
0.191089 0.829758
0.185266 0.831715
0.178989 0.832728
0.172719 0.832477
0.607822 0.811119
0.601553 0.810750
0.595284 0.809963
0.632897 0.813456
0.626632 0.812348
0.620361 0.811979
0.614091 0.811591
0.612455 0.811384
0.608058 0.811948
0.602155 0.812769
0.633913 0.817280
0.628205 0.818279
1.036545 0.809825
1.030288 0.807196
1.024017 0.806932
1.017735 0.808872
1.019275 0.808183
1.011451 0.811187
1.037289 0.812353
1.005936 0.813685
1.005163 0.814126
0.998871 0.817881
0.992586 0.820356
0.991109 0.820961
0.993611 0.821920
0.986300 0.823035
0.980010 0.826166
0.973728 0.828100
0.972380 0.828520
1.263819 0.844508
1.262534 0.843077
1.270045 0.852899
1.267361 0.848985
1.271383 0.854960
1.276271 0.861424
1.275801 0.860918
1.280728 0.866851
1.557042 0.809312
1.550784 0.806952
1.544521 0.805238
1.563298 0.812549
1.558313 0.809816
1.575801 0.819943
1.569553 0.815653
1.569097 0.815335
-1.576244 0.811084
-1.615639 0.827208
-1.621915 0.828048
-1.628186 0.827984
-1.634455 0.827531
-1.640725 0.827178
-1.646999 0.827393
-1.653284 0.829853
-1.614460 0.831940
-1.620924 0.832176
-1.627061 0.832741
-1.633046 0.833466
-1.659361 0.833731
-1.659577 0.833879
-1.659465 0.833860
-1.665863 0.836554
-1.672153 0.839713
-1.674322 0.841022
-1.678445 0.843639
-1.684735 0.847040
-1.319105 0.811709
-1.325373 0.810981
-1.331653 0.812396
-1.312860 0.816601
-1.316361 0.813410
-1.318767 0.813945
-1.324765 0.814655
-1.336438 0.814784
-1.331277 0.814847
-1.337943 0.815785
-1.344233 0.819276
-1.350506 0.819572
-1.310891 0.819305
-1.312528 0.819780
-1.317862 0.821147
-1.323879 0.821843
-1.330491 0.821935
-1.337336 0.821787
-1.344017 0.821806
-1.350318 0.822218
-1.356441 0.822818
-1.336410 0.829019
-1.343168 0.828960
-1.349636 0.829201
-1.355983 0.829569
-1.111051 0.817780
-1.117321 0.817374
-1.123594 0.817741
-1.129870 0.818302
-1.136143 0.818478
-1.142415 0.818509
-1.148688 0.818828
-1.154958 0.818657
-0.760966 0.809199
-0.767232 0.808080
-0.773498 0.807075
-0.779770 0.807188
-0.786044 0.807355
-0.792321 0.808495
-0.798604 0.810641
-0.754695 0.809396
-0.759517 0.809242
-0.754265 0.809340
-0.802376 0.812198
-0.804891 0.813349
0.322283 0.797343
0.316016 0.796339
0.309744 0.796528
0.311355 0.797483
0.303467 0.797516
0.297186 0.799267
0.290906 0.800550
0.284630 0.801477
0.278363 0.800573
-1.856809 0.824504
-1.864768 0.826792
-1.863202 0.824813
-1.871042 0.827139
-1.869673 0.825046
-1.502298 0.798732
-1.509868 0.797874
-1.516292 0.800079
-1.522577 0.802591
-1.528856 0.803849
-1.535133 0.804637
-1.541404 0.804599
-1.547675 0.804511
-1.553949 0.804913
-1.560229 0.806334
-1.521521 0.805903
-1.528204 0.805918
-1.534654 0.806171
-1.540630 0.806906
-1.546166 0.808103
-1.564831 0.807739
-1.566512 0.808402
-1.572797 0.810901
-1.292383 0.825428
-1.298655 0.825299
-1.304926 0.825162
-1.311202 0.825854
-1.317459 0.823241
-1.323728 0.822622
-1.330012 0.824885
-1.335481 0.829067
-1.329245 0.829498
-1.336309 0.829510
-1.342593 0.831924
-1.082728 0.864980
-1.081865 0.871158
-1.082444 0.877441
-1.083193 0.883741
-1.077836 0.893796
-1.080628 0.889814
-1.076187 0.891277
-1.071599 0.900127
-1.076505 0.895788
-1.067777 0.901464
-1.064810 0.901816
-0.716589 0.824712
-0.704071 0.829690
-0.710333 0.827599
-0.714017 0.825959
-0.678997 0.832215
-0.685271 0.832296
-0.691541 0.832094
-0.697809 0.831371
-0.698878 0.831151
-0.347808 0.838515
-0.354079 0.838292
-0.360350 0.838306
-0.366626 0.838811
-0.372899 0.839200
-0.379170 0.839105
-0.335281 0.841698
-0.334056 0.839309
-0.341543 0.839785
-0.345640 0.838809
-0.341097 0.838970
-0.321064 0.845198
-0.003947 0.821156
-0.010205 0.818565
0.008565 0.827217
0.002307 0.824320
-0.002149 0.822116
0.021093 0.830044
0.014826 0.829050
0.009458 0.827571
0.457020 0.802011
0.443651 0.808850
0.443877 0.808564
0.437348 0.814675
0.437057 0.815050
0.432357 0.823022
0.431929 0.828894
0.425972 0.842226
0.355588 0.856509
0.349338 0.852629
0.349019 0.852359
0.374370 0.862946
0.368104 0.861813
0.361840 0.860234
0.357966 0.857971
0.363230 0.859118
0.407277 0.862510
0.386899 0.865630
0.388487 0.863817
0.380633 0.864559
0.374854 0.863064
0.381449 0.863477
0.793699 0.807177
0.787419 0.808834
0.794900 0.811169
0.781541 0.810781
0.788074 0.811045
0.781136 0.810931
0.774857 0.812235
0.768580 0.813290
0.762298 0.814891
0.756017 0.816643
0.749733 0.819059
0.770162 0.819540
0.763566 0.819648
0.756955 0.819741
0.748909 0.819264
0.749806 0.819283
0.743451 0.820828
0.737171 0.822342
0.730892 0.823641
1.151642 0.821357
1.145363 0.822644
1.139080 0.824671
1.132799 0.826542
1.101439 0.826469
1.132433 0.826670
1.132996 0.826843
1.126514 0.828751
1.120234 0.830390
1.113961 0.830624
1.107697 0.829184
1.106022 0.828488
1.683075 0.802335
1.676828 0.797689
1.671755 0.798158
1.689327 0.806072
1.683075 0.802335
1.683075 0.802335
1.670836 0.803167
1.670634 0.803295
1.696735 0.808890
1.671062 0.809407
1.670486 0.810815
1.670708 0.809661
1.668524 0.815838
1.665694 0.817657
1.665680 0.822290
1.664138 0.824898
1.664841 0.823080
1.662172 0.828789
1.659542 0.830784
1.620173 0.836443
1.613908 0.835191
1.658377 0.835307
1.657806 0.836010
1.658088 0.835619
1.651506 0.841219
1.638962 0.841378
1.632700 0.839641
1.626438 0.837560
1.626148 0.837499
1.626553 0.837595
1.646500 0.842365
1.645227 0.842638
1.644538 0.842498
1.645406 0.842628
-1.077465 0.837772
-1.078861 0.844110
-1.079281 0.845145
-1.082935 0.850638
-1.085607 0.854940
-1.086773 0.857150
-1.084607 0.858113
-1.085669 0.866472
-1.086578 0.863382
-1.085022 0.863962
-1.085113 0.869532
-1.085717 0.875455
-1.085802 0.875834
-1.085671 0.875877
-1.085769 0.885046
-1.086778 0.882157
-1.084884 0.882959
-1.084860 0.888289
-1.078389 0.895340
-0.652213 0.834150
-0.658486 0.834406
-0.664761 0.834698
-0.671032 0.834733
-0.677304 0.834755
-0.683574 0.834378
-0.689844 0.834017
-0.696111 0.833083
-0.697021 0.832878
-0.645215 0.836369
-0.651105 0.837169
-0.656908 0.838069
-0.333558 0.838643
-0.339822 0.837267
-0.338698 0.835130
-0.346085 0.835795
-0.345612 0.834910
-0.352356 0.835460
-0.321049 0.845157
-0.327302 0.841702
-0.330757 0.839613
-0.326610 0.840061
-0.320923 0.845205
-0.313818 0.845741
-0.307664 0.851501
0.037023 0.835260
0.030757 0.834207
0.024491 0.833065
0.049540 0.840052
0.043284 0.837084
0.037895 0.835534
0.037245 0.835823
0.055790 0.844308
0.050929 0.840898
0.050043 0.841499
0.056989 0.848039
0.486439 0.802441
0.480176 0.800884
0.498960 0.806607
0.492701 0.804244
0.492567 0.804203
0.492752 0.804246
0.511468 0.813353
0.512744 0.810421
0.505216 0.809649
0.505121 0.809600
0.505237 0.809615
0.531901 0.815779
0.525328 0.815903
0.518347 0.815626
1.010570 0.811558
1.009740 0.811890
1.009956 0.811824
1.003454 0.814517
0.997166 0.817485
0.992677 0.819022
0.990881 0.819731
0.991734 0.819995
0.984598 0.821880
0.978312 0.824488
0.972033 0.825977
0.966895 0.827038
0.965754 0.827358
0.959473 0.828920
0.953199 0.829384
0.946927 0.829476
-1.642423 0.825390
-1.648698 0.826043
-1.654983 0.828435
-1.661272 0.831668
-1.662287 0.832095
-1.659953 0.833361
-1.667560 0.834431
-1.673848 0.837495
-1.677085 0.839361
-1.680140 0.841367
-1.686431 0.845014
-1.691376 0.846596
-1.692715 0.847032
-1.698991 0.847847
-1.705264 0.848133
-1.711538 0.848625
-1.368459 0.798580
-1.380971 0.805753
-1.387035 0.806385
-1.394336 0.812087
-1.400785 0.812334
-1.407485 0.814707
-1.406907 0.812907
-1.413768 0.816786
-1.412258 0.814267
-1.420053 0.819331
-1.420375 0.819477
-1.426341 0.822381
-1.432621 0.823831
-1.438890 0.823458
-1.445167 0.824359
-1.451439 0.824253
-1.457705 0.823321
-1.437921 0.827998
-1.444548 0.828073
-1.450754 0.828584
-0.836695 0.792352
-0.842978 0.794481
-0.844572 0.795248
-0.849267 0.797634
-0.855552 0.800144
-0.861837 0.802525
-0.862387 0.802712
-0.861695 0.802818
-0.868119 0.804460
-0.874402 0.806491
-0.880688 0.809243
-0.883122 0.810388
-0.879433 0.811514
-0.886975 0.812015
-0.893262 0.814677
-0.899549 0.817495
-0.899972 0.817807
-0.899187 0.818152
-0.905844 0.821966
-0.909960 0.824750
-0.912138 0.826139
-0.918429 0.829386
-0.921192 0.831783
-0.924728 0.834523
-0.478761 0.808107
-0.485036 0.808776
-0.486282 0.810638
-0.487657 0.816994
-0.489733 0.818862
-0.489904 0.824979
-0.490080 0.831098
-0.490455 0.837029
-0.509060 0.851101
-0.514960 0.851898
-0.516080 0.857085
-0.522206 0.857650
-0.529228 0.862415
-0.528466 0.858086
-0.535506 0.863485
-0.534678 0.858574
-0.540612 0.859348
-0.546418 0.860263
-0.537215 0.864158
-0.541790 0.865774
-0.541524 0.864722
-0.548075 0.868114
-0.547404 0.865543
-0.554358 0.870190
-0.553360 0.866298
-0.559123 0.867261
-0.579451 0.871419
-0.585704 0.867747
-0.586131 0.867526
-0.585597 0.867604
-0.557528 0.871789
-0.560646 0.873198
-0.560349 0.872294
-0.566922 0.874114
-0.566468 0.872882
-0.573191 0.873646
-0.575750 0.873041
-0.572932 0.873124
-0.174282 0.798737
-0.180550 0.798028
-0.186825 0.798724
-0.193105 0.800348
-0.161763 0.803478
-0.168018 0.800269
-0.168489 0.800118
-0.167867 0.800238
-0.155507 0.806405
-0.157123 0.805607
-0.154837 0.806157
0.145496 0.833672
0.142485 0.837093
0.143377 0.834737
0.117259 0.862852
0.118574 0.861908
0.110971 0.865799
0.104691 0.867416
0.079595 0.869015
0.073327 0.868166
0.067069 0.865594
0.064797 0.864218
0.103069 0.867830
0.098411 0.868714
0.092134 0.869731
0.085863 0.869618
0.081780 0.869278
0.079988 0.869833
0.074072 0.870639
0.598183 0.802316
0.604858 0.802451
0.596269 0.802602
0.598414 0.802703
0.591905 0.803379
0.585626 0.804718
0.579347 0.806115
0.573070 0.807027
0.566793 0.808014
0.560518 0.808761
0.554242 0.809420
0.547971 0.809146
0.902678 0.790032
0.896410 0.789408
0.890132 0.790632
0.883850 0.792337
0.908928 0.794038
0.906863 0.792568
0.915171 0.799358
0.914250 0.798320
0.920528 0.804163
1.227509 0.812437
1.221252 0.809770
1.221539 0.809448
1.214981 0.809622
1.214992 0.809607
1.240017 0.819178
1.233762 0.815993
1.231659 0.814676
1.234886 0.815668
1.246257 0.825094
1.241591 0.820255
1.247349 0.826133
1.534824 0.807269
1.528556 0.806616
1.522281 0.806937
1.516006 0.807675
1.509730 0.808417
1.548600 0.808159
1.537673 0.807594
1.541406 0.807671
1.505763 0.809761
1.503446 0.810699
1.503749 0.810228
1.497162 0.812875
1.490880 0.814690
1.484599 0.816500
1.820344 0.824484
1.832835 0.829868
1.826288 0.836318
1.820003 0.843027
1.813686 0.849704
1.801275 0.856980
1.743166 0.863196
1.738697 0.859541
1.787749 0.863151
1.780786 0.865479
1.774506 0.866844
1.768230 0.867539
1.761957 0.867899
1.755686 0.867661
1.749420 0.866549
1.746912 0.865211
1.875684 0.920165
1.837800 0.967216
1.831539 0.964981
1.825273 0.964067
1.862872 0.969892
1.856605 0.968915
1.850338 0.968141
1.844067 0.967975
1.838601 0.967362
1.837873 0.967494
1.875401 0.972792
1.869135 0.971749
1.868406 0.971581
1.863421 0.972511
1.857644 0.973442
-1.743352 0.829471
-1.749616 0.827863
-1.755880 0.826525
-1.762152 0.826616
-1.768426 0.826866
-1.774700 0.827322
-1.780977 0.828365
-1.787255 0.829548
-1.793534 0.830792
-1.742731 0.830975
-1.465636 0.814169
-1.471911 0.814860
-1.434299 0.818248
-1.440564 0.817123
-1.446833 0.816528
-1.453099 0.815539
-1.459367 0.814664
-1.463898 0.814378
-1.465546 0.814593
-1.472409 0.814974
-1.471889 0.814962
-1.478189 0.816037
-1.420127 0.819381
-1.433012 0.818532
-1.434047 0.818866
-1.439711 0.819897
-1.445928 0.820384
-1.451989 0.821034
-1.457972 0.821772
-1.096811 0.819843
-1.103075 0.818315
-1.109343 0.817548
-1.115613 0.817125
-1.114510 0.817245
-1.121885 0.817340
-1.121164 0.817294
-1.128159 0.817638
-1.090559 0.823416
-1.094580 0.820932
-0.745016 0.810950
-0.732496 0.815247
-0.738754 0.812666
-0.742371 0.811724
-0.719990 0.822070
-0.726242 0.818513
-0.729112 0.817058
-0.718834 0.822625
-0.434389 0.824490
-0.440645 0.821737
-0.421885 0.831766
-0.428137 0.828168
-0.430775 0.826651
-0.415631 0.835293
-0.421142 0.832238
-0.409379 0.838888
-0.411376 0.837838
-0.408742 0.838327
-0.117448 0.830558
-0.118393 0.829035
-0.117248 0.829166
-0.115217 0.835056
-0.110223 0.835778
-0.111257 0.845528
-0.113315 0.841173
-0.110681 0.841590
-0.097298 0.847858
-0.105022 0.852345
-0.109820 0.847189
-0.104221 0.847633
-0.091250 0.853497
-0.103761 0.853041
-0.098333 0.853119
0.311445 0.797539
0.330235 0.802306
0.323978 0.799648
0.317713 0.798229
0.311590 0.797567
0.336484 0.806648
0.330565 0.802500
0.338213 0.808243
0.343504 0.814983
0.622034 0.818415
0.615763 0.818405
0.609492 0.818138
0.653379 0.821074
0.647105 0.821347
0.640832 0.821514
0.634569 0.819945
0.628304 0.818782
0.626216 0.818526
0.622182 0.818970
0.616061 0.819568
0.648170 0.824429
0.641728 0.824690
0.910613 0.798410
0.916852 0.804404
0.912819 0.800250
0.923101 0.808584
0.919370 0.806046
0.935613 0.814722
0.929351 0.812577
0.927939 0.811721
0.936653 0.818514
1.271751 0.853134
1.274091 0.856619
1.277971 0.862702
1.277888 0.862600
1.278081 0.862705
1.284198 0.871068
1.282296 0.868548
1.290427 0.879022
1.286611 0.874512
1.291672 0.880435
1.304192 0.887187
1.678515 0.801634
1.697290 0.809086
1.691024 0.807906
1.684763 0.805939
1.681615 0.804263
1.668239 0.805203
1.730251 0.808908
1.723699 0.809054
1.717296 0.809348
1.709829 0.810050
1.710696 0.809448
1.703559 0.809601
1.699541 0.809288
1.703956 0.809408
1.667569 0.811490
1.665893 0.816048
1.666374 0.812080
1.665145 0.817902
1.663066 0.824292
1.659542 0.830785
1.660355 0.825340
1.659541 0.830785
1.654253 0.832238
1.655227 0.837333
1.653224 0.839388
1.653591 0.837834
1.646938 0.841833
1.647804 0.838775
1.640673 0.840752
1.641321 0.839002
1.634408 0.839438
1.632551 0.838918
1.634639 0.839023
1.853431 0.918876
1.845463 0.922337
1.846721 0.918866
1.839192 0.922020
1.840273 0.919120
1.832925 0.921194
1.833587 0.919136
1.826644 0.922849
1.827549 0.919809
1.820359 0.925302
1.821421 0.920396
1.872131 0.923783
1.819943 0.925626
1.814827 0.926787
1.809265 0.927964
1.815099 0.932211
1.814175 0.932410
1.808669 0.933625
1.802765 0.934448
1.814573 0.938503
1.814091 0.938617
1.808625 0.939863
1.802742 0.940702
1.820250 0.945692
1.817629 0.944556
1.814468 0.945286
1.808964 0.946495
1.802998 0.947246
1.827187 0.950906
1.821524 0.951935
-1.543102 0.802670
-1.549375 0.803274
-1.555653 0.804243
-1.560126 0.805568
-1.561936 0.806249
-1.561472 0.806155
-1.568219 0.808437
-1.574506 0.811211
-1.578279 0.813065
-1.580795 0.814393
-1.580145 0.813895
-1.587088 0.818264
-1.589403 0.820082
-1.593385 0.823056
-1.598313 0.826947
-1.599684 0.827991
-1.605983 0.833166
-1.606652 0.833774
-1.612279 0.837546
-1.618566 0.840349
-1.621161 0.841031
-1.618121 0.841312
-1.624847 0.842051
-1.631120 0.842272
-0.730797 0.816758
-0.718288 0.823177
-0.724542 0.820051
-0.727141 0.818767
-0.705770 0.827926
-0.712031 0.826031
-0.716132 0.824251
-0.699506 0.829465
-0.699851 0.829408
-0.393423 0.839337
-0.399689 0.838269
-0.405952 0.836722
-0.347974 0.838793
-0.354445 0.839021
-0.362072 0.840876
-0.360932 0.839235
-0.368344 0.840937
-0.367245 0.839625
-0.374617 0.841263
-0.373545 0.840030
-0.380888 0.841137
-0.380092 0.840188
-0.387157 0.840392
-0.389510 0.839983
-0.386899 0.840079
-0.019856 0.812069
-0.026116 0.809872
-0.032389 0.809826
-0.038667 0.811130
-0.044952 0.813529
-0.013602 0.815275
-0.017631 0.813271
-0.047339 0.815305
-0.051249 0.818219
-0.055019 0.822086
-0.057560 0.825337
-0.056988 0.822835
-0.059765 0.828661
-0.063058 0.829767
-0.063066 0.835138
-0.063894 0.836967
-0.063729 0.835353
-0.070191 0.841683
-0.069380 0.836436
-0.076462 0.841645
-0.082732 0.841326
0.339850 0.815659
0.340984 0.817969
0.346047 0.829510
0.343198 0.824058
0.346277 0.830094
0.346221 0.830290
0.349023 0.836161
0.352234 0.845482
0.350917 0.842292
0.353139 0.848407
0.352705 0.848950
0.747386 0.816860
0.727485 0.822256
0.723121 0.823640
0.721202 0.824228
0.721693 0.824252
0.714923 0.825713
0.716284 0.825549
0.708642 0.827334
0.702362 0.828956
0.696083 0.830088
0.689806 0.831076
0.683528 0.832240
0.677254 0.832746
0.672418 0.833372
0.670977 0.833609
0.671240 0.833745
0.664688 0.836772
1.079364 0.797738
1.082494 0.801431
1.082157 0.807699
1.091792 0.819099
1.085549 0.813821
1.085453 0.813721
1.098045 0.822766
1.092311 0.819510
1.092923 0.820682
1.364752 0.839712
1.363275 0.837245
1.365109 0.837497
1.370981 0.847546
1.366684 0.843248
1.371972 0.843940
1.416133 0.847462
1.377226 0.852470
1.372284 0.849108
1.378466 0.850007
1.396567 0.854288
1.389750 0.856051
1.390511 0.854925
1.383483 0.855272
1.382007 0.854703
1.383771 0.854886
1.738287 0.812137
1.738338 0.818375
1.739025 0.824574
1.738134 0.830884
1.734910 0.832486
1.736641 0.837239
1.734623 0.838470
1.739831 0.848577
1.738229 0.843388
1.735254 0.845397
1.740004 0.849529
1.739900 0.849615
1.740958 0.856962
1.747441 0.863044
-1.856776 0.824458
-1.863049 0.824616
-1.869320 0.824473
-1.837958 0.823833
-1.837666 0.823550
-1.844232 0.824355
-1.843893 0.824021
-1.850504 0.824444
-1.855655 0.824460
-1.850348 0.824265
-1.483198 0.794999
-1.489473 0.795546
-1.495755 0.797411
-1.475934 0.798301
-1.482216 0.798715
-1.488593 0.799036
-1.500276 0.798875
-1.495371 0.798958
-1.502037 0.799408
-1.508322 0.801852
-1.514613 0.805286
-1.507207 0.806823
-1.516664 0.806246
-1.514384 0.806341
-1.520903 0.808635
-1.527187 0.810976
-1.533470 0.813015
-1.539735 0.811680
-1.545991 0.808832
-1.513041 0.813992
-1.519975 0.813753
-1.526754 0.813674
-1.533362 0.813768
-1.539307 0.814544
-1.532012 0.821436
-1.270132 0.821359
-1.276395 0.819715
-1.282660 0.818383
-1.257615 0.826319
-1.263872 0.823633
-1.268602 0.821876
-1.262875 0.822554
-1.245092 0.830264
-1.251355 0.828397
-1.255020 0.827200
-1.250490 0.827808
-0.908188 0.814720
-0.909223 0.815177
-0.915513 0.818631
-0.920391 0.821800
-0.921807 0.822762
-0.928107 0.827827
-0.929205 0.828654
-0.927540 0.829149
-0.934400 0.831853
-0.940688 0.834925
-0.942031 0.835781
-0.939264 0.837129
-0.946984 0.839427
-0.953272 0.842318
-0.954526 0.842887
-0.959560 0.845359
-0.965846 0.847894
-0.972125 0.849383
-0.975776 0.850600
-0.978409 0.851634
-0.984697 0.854429
-0.990985 0.857515
-0.991625 0.857951
-0.997278 0.861469
-1.002826 0.864980
-1.003571 0.865425
-1.003416 0.865191
-1.009865 0.869489
-1.013446 0.871969
-1.016162 0.874185
-1.021530 0.878779
-1.022462 0.879504
-0.615819 0.850242
-0.622085 0.849193
-0.628352 0.848324
-0.634619 0.847490
-0.638921 0.846895
-0.609557 0.852097
-0.611324 0.851229
-0.603321 0.858847
-0.604642 0.857039
-0.228022 0.819261
-0.241628 0.825353
-0.248554 0.828454
-0.247783 0.825895
-0.254833 0.829676
-0.253949 0.826429
-0.261117 0.832002
-0.259981 0.827105
-0.266023 0.827778
-0.272108 0.828413
-0.261717 0.832295
-0.267413 0.836516
-0.266979 0.833092
-0.272748 0.834037
-0.278483 0.835027
-0.269249 0.839064
-0.273727 0.844337
-0.273125 0.839940
-0.278793 0.840988
-0.284864 0.841636
-0.291249 0.841964
-0.298823 0.845905
-0.297887 0.842030
-0.305084 0.844044
-0.308691 0.841785
-0.304597 0.842022
-0.275568 0.845750
-0.280018 0.848033
-0.279622 0.846436
-0.286298 0.849332
-0.285757 0.847006
-0.292565 0.848445
-0.295179 0.847087
-0.292320 0.847146
0.059145 0.855488
0.052891 0.851958
0.065396 0.859247
0.060942 0.856377
0.059681 0.857062
0.084171 0.866741
0.077908 0.865029
0.071650 0.862475
0.070676 0.861956
0.066577 0.863541
0.086936 0.867122
0.084782 0.867912
0.513196 0.809445
0.506934 0.807616
0.500671 0.806046
0.499033 0.805615
0.558590 0.809371
0.552332 0.809809
0.545866 0.810042
0.539701 0.810578
0.531979 0.815458
0.533299 0.810880
0.525712 0.814365
0.526749 0.811033
0.519454 0.812001
0.516445 0.810647
0.519917 0.810900
0.924802 0.809774
0.922315 0.807696
0.931037 0.816731
0.928262 0.813524
0.949825 0.821796
0.943556 0.821147
0.937288 0.820454
0.934325 0.819357
0.931827 0.820401
1.249654 0.828421
1.250906 0.829540
1.255882 0.836452
1.255137 0.835488
1.256983 0.836561
1.262112 0.844315
1.259537 0.841436
1.268337 0.852926
1.264371 0.847366
1.268641 0.853343
1.872296 0.811674
1.873307 0.811258
1.866005 0.815049
1.859723 0.816960
1.828362 0.817387
1.856582 0.817576
1.853445 0.818248
1.853732 0.818079
1.847165 0.819743
1.847819 0.818884
1.840887 0.820625
1.841445 0.819220
1.834621 0.819711
1.833454 0.819179
1.834767 0.819244
1.814432 0.832999
1.812693 0.839362
1.809398 0.844907
1.808626 0.845889
1.803088 0.852001
1.802340 0.852573
1.796787 0.857477
1.793282 0.859450
1.790494 0.861432
1.784203 0.864874
1.779296 0.866675
1.777918 0.867370
-1.811144 0.820453
-1.817416 0.820395
-1.823689 0.820578
-1.829966 0.821448
-1.836242 0.822278
-1.842517 0.822810
-1.848788 0.822723
-1.855059 0.822498
-1.468977 0.800538
-1.475248 0.800445
-1.481525 0.801384
-1.487802 0.802286
-1.494084 0.804146
-1.500367 0.806440
-1.461503 0.805621
-1.473626 0.806901
-1.480142 0.807089
-1.486525 0.807414
-1.493266 0.807372
-1.501658 0.807050
-1.500203 0.807131
-1.506658 0.809756
-1.498764 0.814890
-1.512371 0.814041
-1.505820 0.814524
-1.512954 0.814394
-1.519241 0.817271
-1.525529 0.820261
-1.518286 0.821770
-1.528650 0.821423
-1.525300 0.821447
-1.531813 0.822336
-1.249640 0.827215
-1.255898 0.824722
-1.259569 0.823108
-1.218286 0.828085
-1.217377 0.827419
-1.224566 0.829755
-1.223053 0.828449
-1.230841 0.830388
-1.229152 0.829059
-1.237113 0.830273
-1.235715 0.829202
-1.243380 0.829328
-1.246140 0.828416
-1.242749 0.828861
-0.752987 0.809244
-0.759255 0.808610
-0.765520 0.807159
-0.771787 0.806297
-0.734199 0.814503
-0.740458 0.812046
-0.746721 0.810398
-0.747583 0.810242
-0.746391 0.810514
-0.732334 0.815477
-0.454886 0.819726
-0.436095 0.824443
-0.442351 0.821221
-0.448615 0.819903
-0.450046 0.819890
-0.448415 0.819996
-0.456815 0.820365
-0.461169 0.821818
-0.467451 0.823579
-0.429844 0.828175
-0.435027 0.825109
-0.425664 0.830742
-0.422352 0.831823
0.010267 0.828038
0.004010 0.825413
0.035332 0.832225
0.029061 0.832011
0.022793 0.831311
0.016527 0.830136
0.013192 0.829151
0.041596 0.833653
0.040927 0.833512
0.470494 0.800017
0.464222 0.799944
0.457942 0.801395
0.484504 0.802689
0.452937 0.803259
0.451658 0.803773
0.451859 0.803546
0.445368 0.807107
0.440389 0.810372
0.439072 0.811434
0.439409 0.810799
0.433193 0.817118
0.432763 0.818457
0.432873 0.817251
0.431472 0.823489
0.427791 0.825193
0.430772 0.829793
0.427700 0.831378
0.429107 0.836164
0.426371 0.840775
0.427077 0.837032
0.425438 0.842672
0.422495 0.849133
0.420037 0.852406
0.421398 0.850641
0.416091 0.855825
0.413739 0.857273
0.407440 0.862205
0.388617 0.863623
0.382354 0.861859
0.383550 0.859342
0.376089 0.860603
0.376658 0.859142
0.369824 0.859401
0.368116 0.859128
0.369928 0.859112
0.406666 0.862720
0.401154 0.864774
0.402199 0.864130
0.394881 0.865117
0.389756 0.863867
0.395678 0.864312
0.834392 0.804172
0.814219 0.807683
0.807940 0.809051
0.801659 0.810757
0.828003 0.810778
0.821590 0.811061
0.815267 0.811435
0.808482 0.811351
0.799728 0.811357
0.801791 0.811361
0.795374 0.813339
0.789091 0.815456
0.782809 0.817078
0.776531 0.818316
0.803156 0.819022
0.796360 0.818927
0.789851 0.819119
0.783374 0.819347
0.771740 0.819529
0.776834 0.819511
0.770251 0.819912
0.763972 0.821309
0.757694 0.822477
0.751411 0.824473
1.225800 0.812841
1.219537 0.811195
1.213262 0.811948
1.232056 0.815796
1.226570 0.813206
1.208401 0.814441
1.206971 0.815275
1.207233 0.814800
1.200682 0.818580
1.201943 0.816251
1.194398 0.820870
1.191568 0.821854
1.188111 0.823707
1.188693 0.822686
1.181818 0.827433
1.179435 0.828945
1.175527 0.831040
1.169250 0.832026
1.549072 0.807732
1.542806 0.806524
1.536540 0.805556
1.537697 0.804404
1.530273 0.804668
1.530764 0.804164
1.524002 0.804631
1.524236 0.804344
1.517728 0.804967
1.555331 0.810215
1.551425 0.808464
1.556606 0.809464
1.858372 0.816024
1.827949 0.819124
1.820344 0.824484
1.821243 0.819118
1.846337 0.822726
1.845438 0.823222
1.845564 0.822907
1.839148 0.826745
1.839926 0.823961
1.832861 0.829609
1.833691 0.824430
1.820345 0.824484
1.827097 0.824537
1.820344 0.824495
1.820344 0.824484
1.815458 0.826344
1.829091 0.830144
1.826583 0.830630
1.826616 0.830344
1.820337 0.830767
1.815328 0.832487
1.820987 0.836952
1.820272 0.837848
1.820342 0.837064
1.815114 0.838550
1.818138 0.843405
1.813943 0.848430
1.814658 0.844375
1.809255 0.845694
1.811266 0.850129
1.807649 0.852583
1.808165 0.850875
1.801355 0.856785
1.802933 0.852365
1.800845 0.857092
1.795061 0.860882
1.796184 0.858598
1.788777 0.863139
1.784616 0.864452
1.782493 0.865374
1.782937 0.865041
1.776210 0.867551
1.769932 0.868638
1.763656 0.869216
1.757385 0.869261
1.751117 0.868527
-1.576213 0.811079
-1.576294 0.811120
-1.582503 0.814443
-1.588791 0.817615
-1.589867 0.818293
-1.595087 0.821934
-1.599753 0.825219
-1.601383 0.826308
-1.607675 0.830243
-1.639040 0.831181
-1.611212 0.832254
-1.613964 0.833407
-1.620243 0.834641
-1.626517 0.835002
-1.632786 0.834529
-1.634842 0.833880
-1.638463 0.834789
-1.625111 0.841014
-1.631294 0.841550
-1.271855 0.824255
-1.270393 0.821720
-1.278117 0.822352
-1.277483 0.821325
-1.284382 0.821143
-1.284374 0.821132
-1.290656 0.821607
-1.290634 0.821578
-1.296931 0.822170
-1.296854 0.822069
-1.303211 0.823645
-1.302639 0.823016
-1.309499 0.826780
-1.315780 0.828487
-1.258149 0.826851
-1.265593 0.826147
-1.265684 0.826123
-1.265580 0.826130
-0.909491 0.814523
-0.954966 0.839854
-0.958429 0.841349
-0.961253 0.842671
-0.967539 0.845324
-0.973821 0.847045
-0.978627 0.848967
-0.980106 0.849670
-0.986395 0.852726
-0.992301 0.856153
-0.992686 0.856367
-0.992169 0.856701
-0.998986 0.861413
-1.000707 0.862982
-1.005286 0.866793
-1.008035 0.869737
-1.011592 0.873171
-1.010643 0.870928
-1.015144 0.876478
-1.017894 0.878806
-1.017264 0.877293
-1.023955 0.883334
-1.024191 0.883510
-1.024143 0.883399
-1.030487 0.887921
-1.029099 0.885184
-1.033827 0.890265
-1.036787 0.893100
-1.036055 0.891201
-1.042947 0.897144
-1.043081 0.897220
-1.043053 0.897180
-1.049369 0.900255
-1.048476 0.898491
-1.055647 0.901332
-1.061907 0.899244
-1.062990 0.898542
-1.061621 0.898758
-0.663072 0.838235
-0.669341 0.837859
-0.675611 0.837328
-0.631720 0.839678
-0.637990 0.839335
-0.644259 0.838912
-0.650531 0.838636
-0.656801 0.838309
-0.658366 0.838287
-0.662633 0.839062
-0.624029 0.843741
-0.261158 0.832216
-0.325577 0.838505
-0.267645 0.838723
-0.313067 0.844608
-0.311911 0.841387
-0.319319 0.840946
-0.319807 0.840697
-0.319255 0.840727
-0.273869 0.845493
-0.299317 0.846846
-0.306819 0.848999
-0.310007 0.846274
-0.306283 0.846578
-0.287032 0.852026
-0.293540 0.852215
-0.300566 0.852749
-0.301957 0.851989
-0.300411 0.852045
0.044967 0.841734
0.038707 0.839449
0.051218 0.845556
0.047366 0.842975
0.045700 0.843909
0.063719 0.853510
0.057467 0.849855
0.055887 0.848634
0.052527 0.850316
0.069971 0.857412
0.065207 0.854258
0.064158 0.854800
0.071375 0.861611
0.484730 0.802637
0.478468 0.800817
0.472203 0.799672
0.465933 0.799372
0.459656 0.800256
0.453373 0.802253
0.490988 0.805336
0.485320 0.802873
0.447640 0.805483
0.447082 0.805816
0.426487 0.825693
0.426476 0.831933
0.424236 0.838333
0.422236 0.844717
0.421770 0.847481
0.421950 0.844917
0.421096 0.851044
0.415657 0.857670
0.415443 0.857825
0.415506 0.857747
0.409152 0.861300
0.402868 0.863599
0.396596 0.863508
0.390334 0.861793
0.907249 0.788819
0.900987 0.787096
0.894713 0.787396
0.888434 0.788638
0.882155 0.790077
0.875875 0.791656
0.908155 0.791642
0.871620 0.793161
0.869590 0.794120
0.863297 0.797852
0.914897 0.797979
0.858504 0.800322
0.857008 0.801208
0.850709 0.806168
0.849756 0.807178
0.851041 0.807461
0.846275 0.813664
0.844385 0.815930
0.839844 0.820357
0.838080 0.821954
0.831782 0.826812
0.831006 0.827220
0.831877 0.827264
0.825484 0.831701
0.821443 0.834132
0.825805 0.834192
0.819191 0.835726
0.812910 0.837513
1.235472 0.815575
1.241717 0.820587
1.236524 0.816196
1.247953 0.827133
1.243261 0.821967
1.248708 0.827843
1.254175 0.836474
1.252315 0.833856
1.256607 0.839830
1.730359 0.808701
1.724088 0.808365
1.725689 0.804771
1.717814 0.808723
1.711543 0.808642
1.705272 0.808592
1.698998 0.808857
1.692730 0.808174
1.730845 0.808979
1.738208 0.810160
1.853460 0.918829
1.847192 0.918156
1.840923 0.917789
1.834659 0.916293
1.835200 0.914508
1.828380 0.917525
1.872250 0.923733
1.865989 0.921738
1.867486 0.919536
1.859725 0.920320
1.853754 0.918885
1.860257 0.919002
1.800735 0.941312
1.815658 0.950646
1.809399 0.948357
1.803130 0.947799
1.802485 0.947429
1.834446 0.955855
1.828184 0.953959
1.821916 0.953115
1.819447 0.952502
1.816148 0.953270
1.810770 0.954628
1.840708 0.957703
1.839218 0.957429
1.834969 0.958275
-1.747932 0.832281
-1.754196 0.830779
-1.760465 0.830316
-1.766735 0.830078
-1.729143 0.837184
-1.735407 0.835860
-1.741669 0.834024
-1.747298 0.832432
-1.747853 0.832558
-1.753412 0.833728
-1.728067 0.837387
-1.728927 0.837673
-1.734089 0.839211
-1.361778 0.796687
-1.368055 0.797672
-1.373686 0.799348
-1.374337 0.799677
-1.374257 0.799469
-1.380625 0.802738
-1.380074 0.800355
-1.386913 0.805494
-1.385989 0.801152
-1.392104 0.801753
-1.390917 0.806775
-1.393194 0.807279
-1.393105 0.807018
-1.399471 0.808331
-1.399144 0.807688
-1.405755 0.810602
-1.412046 0.814001
-1.412867 0.814537
-1.418340 0.818224
-1.421624 0.821393
-1.424643 0.823941
-1.430937 0.828218
-1.431158 0.828303
-1.437219 0.830133
-1.443500 0.831906
-0.980695 0.848478
-0.994107 0.854476
-0.994384 0.854674
-1.000686 0.860314
-1.001692 0.861247
-1.006995 0.867218
-1.007449 0.867897
-1.012790 0.875061
-1.019485 0.881367
-1.025911 0.885747
-1.076115 0.891076
-1.078831 0.885302
-1.029966 0.888195
-1.032205 0.889831
-1.031663 0.888872
-1.075986 0.891342
-1.037637 0.894972
-1.038507 0.895512
-1.038228 0.895303
-1.044794 0.898430
-1.051085 0.901834
-1.063626 0.901359
-1.069877 0.897601
-1.070396 0.897198
-1.069719 0.897321
-1.054131 0.902341
-1.057362 0.902786
-1.058329 0.902624
-1.057200 0.902719
-0.485522 0.810087
-0.599913 0.859983
-0.599433 0.860346
-0.535603 0.863951
-0.587428 0.870932
-0.593675 0.866291
-0.593816 0.866196
-0.593627 0.866236
-0.548833 0.870418
-0.554698 0.871243
-0.581176 0.874613
-0.586279 0.871928
-0.580003 0.872746
-0.568127 0.877511
-0.574921 0.877684
-0.575487 0.877458
-0.574843 0.877496
-0.199939 0.804894
-0.202825 0.806334
-0.202213 0.805684
-0.209117 0.810108
-0.212634 0.812007
-0.215408 0.813712
-0.214754 0.812834
-0.221696 0.816796
-0.220205 0.814098
-0.227981 0.819193
-0.228625 0.819345
-0.234263 0.821034
-0.233793 0.820194
-0.240543 0.822450
-0.239731 0.820971
-0.246817 0.823002
-0.246060 0.821352
-0.253091 0.823298
-0.252506 0.821616
-0.259368 0.824181
-0.258807 0.822032
-0.265648 0.825723
-0.271928 0.827339
0.233893 0.793702
0.169342 0.825531
0.163062 0.826960
0.175601 0.827871
0.172814 0.827368
0.170072 0.828338
0.160425 0.828201
0.163978 0.828946
0.156778 0.829225
0.150494 0.831321
0.152168 0.830574
0.144209 0.833843
0.142621 0.835671
0.139316 0.842151
0.137883 0.844052
0.138424 0.842786
0.133666 0.848792
0.131574 0.850929
0.132228 0.849586
0.125415 0.855610
0.125277 0.855726
0.125310 0.855653
0.118973 0.861555
0.117860 0.862381
0.112679 0.865525
0.113904 0.863971
0.106396 0.867773
0.101222 0.869778
0.100111 0.870175
0.100503 0.870254
0.093831 0.871628
0.087559 0.871739
0.081284 0.872298
0.618685 0.806330
0.612414 0.806130
0.606143 0.805725
0.599873 0.805441
0.593603 0.805248
0.587328 0.805853
0.581049 0.807048
0.574773 0.807849
0.568495 0.808940
0.626054 0.809832
0.620010 0.810484
0.613992 0.811169
0.976613 0.823115
0.970335 0.824128
0.964060 0.824703
0.957785 0.825329
0.951512 0.825546
0.945240 0.825567
0.938969 0.825438
0.932710 0.823032
0.930312 0.821489
0.965408 0.826765
0.958273 0.826327
0.952049 0.826809
0.946016 0.827490
0.940058 0.828256
1.350275 0.836022
1.343831 0.836285
1.337668 0.836839
1.356172 0.841499
1.348775 0.843058
1.349074 0.841102
1.343059 0.841788
1.337166 0.842605
1.331273 0.843434
1.362643 0.847569
1.343580 0.847430
1.342473 0.848654
1.342576 0.847600
1.336924 0.848649
1.331131 0.849569
1.325209 0.850369
1.339457 0.853970
1.336634 0.854650
1.331027 0.855749
1.325154 0.856592
1.337364 0.860375
1.336345 0.860661
1.330960 0.861970
1.325205 0.862927
1.318982 0.863417
1.312707 0.863856
1.306421 0.864287
1.330685 0.867989
1.324970 0.868976
1.318775 0.869489
1.312647 0.870074
1.306382 0.870523
1.299715 0.870558
1.293178 0.870728
1.285910 0.870298
1.285785 0.870153
1.285949 0.870183
1.324396 0.874693
1.318401 0.875398
1.312424 0.876129
1.306116 0.876530
1.299377 0.876491
1.292141 0.877730
1.290792 0.876050
1.292464 0.876274
1.317821 0.881115
1.311891 0.881882
1.304638 0.886631
1.305468 0.882159
1.298382 0.883404
1.296458 0.881914
1.298702 0.882094
1.311753 0.887146
1.310905 0.887497
1.308777 0.887344
1.310981 0.887275
1.624498 0.821469
1.623107 0.822014
1.616823 0.824312
1.610536 0.827296
1.591706 0.829798
1.585443 0.828220
1.579186 0.825510
1.577673 0.824673
1.624056 0.828793
1.618091 0.829525
1.606402 0.828944
1.611587 0.829722
1.604251 0.829770
1.597975 0.830448
1.592594 0.829884
1.592815 0.831074
1.630874 0.835209
-1.675544 0.835435
-1.679992 0.837747
-1.681835 0.838911
-1.688126 0.842607
-1.694409 0.844724
-1.706959 0.845787
-1.713231 0.845742
-1.719503 0.845812
-1.725772 0.845413
-1.732042 0.845012
-1.697488 0.845187
-1.693625 0.845766
-1.700687 0.845718
-1.706119 0.845775
-1.706831 0.845962
-1.712462 0.847050
-1.718574 0.847659
-1.320773 0.804487
-1.327043 0.803999
-1.333316 0.804305
-1.339593 0.805189
-1.345867 0.805603
-1.352137 0.805282
-1.358403 0.804183
-1.364666 0.802647
-1.365383 0.802461
-1.320237 0.806184
-1.326212 0.806907
-1.332576 0.807244
-1.339110 0.807412
-1.345446 0.807781
-1.351617 0.808323
-1.357634 0.809028
-1.313219 0.812798
-1.338054 0.814770
-1.344636 0.814891
-1.350823 0.815419
-1.095107 0.820346
-1.101372 0.819034
-1.107639 0.818249
-1.088852 0.823570
-1.090739 0.822488
-1.087908 0.823314
-1.082637 0.834088
-1.084907 0.828343
-1.082425 0.834436
-1.082643 0.835245
-1.083646 0.840782
-1.088476 0.854200
-0.420175 0.831460
-0.407664 0.837514
-0.413921 0.834798
-0.416140 0.833734
-0.412994 0.834528
-0.388871 0.841811
-0.395139 0.841127
-0.393899 0.839774
-0.401404 0.839704
-0.403241 0.839093
-0.401047 0.839323
-0.034094 0.809625
-0.040376 0.811518
-0.043729 0.813229
-0.046668 0.815207
-0.045855 0.814232
-0.050415 0.819941
-0.052983 0.823217
-0.052271 0.820808
-0.054920 0.826505
-0.058089 0.827988
-0.057698 0.832954
-0.059328 0.836729
-0.058868 0.833499
-0.106510 0.836315
-0.060929 0.839436
-0.065644 0.845019
-0.064496 0.840863
-0.070225 0.841847
-0.076589 0.842190
-0.082963 0.842526
-0.089441 0.842756
-0.097014 0.846947
-0.096189 0.842709
-0.103266 0.843266
-0.104002 0.842378
-0.103130 0.842460
-0.067355 0.846130
-0.071942 0.849971
-0.071432 0.846922
-0.077490 0.847563
-0.083743 0.848015
-0.090764 0.851061
-0.095029 0.848003
-0.090318 0.848141
-0.077300 0.853059
-0.078235 0.853667
-0.078171 0.853181
-0.084508 0.853923
-0.085420 0.853604
-0.084449 0.853598
0.331935 0.803757
0.338179 0.808918
0.332716 0.804196
0.339165 0.809993
0.338798 0.810700
0.344396 0.819059
0.343092 0.815978
0.345454 0.822077
0.344949 0.822716
0.347085 0.828230
0.866885 0.790580
0.853628 0.794725
0.847399 0.797424
0.847341 0.797449
0.841054 0.800305
0.835394 0.804493
0.834755 0.805544
0.830140 0.811108
0.835586 0.811654
0.828443 0.812808
0.822167 0.813617
0.815893 0.813948
0.809606 0.816927
0.829774 0.818837
0.823441 0.819208
0.817036 0.819508
0.804751 0.819091
0.809962 0.819129
0.803314 0.820385
0.797026 0.823497
0.790752 0.823887
0.784479 0.824175
0.778203 0.825082
0.810810 0.826276
0.804016 0.826181
0.797504 0.826373
0.791443 0.827031
1.225415 0.812879
1.212384 0.813243
1.205246 0.818673
1.204288 0.819173
1.198958 0.821734
1.199698 0.820250
1.192672 0.824169
1.194067 0.821326
1.186387 0.826598
1.186147 0.826651
1.180107 0.828123
1.180862 0.827812
1.173832 0.828841
1.167560 0.828869
1.161285 0.829392
1.155011 0.829712
1.148737 0.830158
1.142461 0.831015
1.534589 0.807556
1.527830 0.807498
1.521561 0.807921
1.515494 0.808550
1.508004 0.811993
1.509299 0.809057
1.501723 0.813498
1.495444 0.814828
1.490726 0.815215
1.489170 0.815351
1.489181 0.815332
1.482895 0.815923
1.483003 0.815857
1.476614 0.817615
1.470328 0.820162
1.464042 0.822801
1.462627 0.823399
1.457751 0.826379
1.451461 0.829900
1.449913 0.830532
1.445172 0.832951
1.438883 0.836195
1.435922 0.837757
1.432592 0.839702
1.867709 0.919276
1.861449 0.917073
1.855186 0.915558
1.873963 0.922648
1.868631 0.919697
1.875299 0.920673
1.829861 0.959671
1.823595 0.958669
1.817331 0.957022
1.811068 0.955453
1.854928 0.963452
1.848659 0.962904
1.842386 0.963005
1.836121 0.961697
1.830200 0.959849
1.829924 0.959937
1.824146 0.960880
1.855289 0.964792
1.849458 0.965655
1.843403 0.966304
1.869045 0.971443
-1.739993 0.839694
-1.746259 0.838635
-1.708651 0.842923
-1.714921 0.842693
-1.721190 0.842183
-1.727456 0.841010
-1.733722 0.840085
-1.737778 0.839868
-1.739884 0.840137
-1.745771 0.840977
-1.701041 0.845048
-1.191469 0.823991
-1.197741 0.824085
-1.204018 0.824954
-1.210294 0.825768
-1.216573 0.826967
-1.222852 0.828314
-1.229127 0.829043
-1.235398 0.828973
-1.241665 0.828072
-0.828721 0.793380
-0.834987 0.792375
-0.841274 0.794950
-0.822492 0.801294
-0.827076 0.795870
-0.828305 0.796414
-0.844772 0.797083
-0.847568 0.799093
-0.853861 0.803104
-0.821524 0.801759
-0.822424 0.801895
-0.827910 0.803102
-0.855864 0.804099
-0.853458 0.804378
-0.860148 0.805975
-0.866431 0.808009
-0.872714 0.810025
-0.827162 0.810145
-0.877777 0.811880
-0.018157 0.813542
-0.024415 0.811015
-0.030685 0.810589
-0.005647 0.819796
-0.011903 0.816726
-0.015627 0.814955
0.000607 0.823154
-0.004562 0.820453
0.007651 0.826726
0.347710 0.837697
0.347867 0.838082
0.347762 0.838148
0.348408 0.844289
0.347952 0.844624
0.353899 0.853282
0.350533 0.850391
0.349147 0.852136
0.366398 0.861409
0.360141 0.858677
0.356574 0.856233
0.374268 0.862996
0.780987 0.810661
0.760602 0.812931
0.754319 0.814947
0.748036 0.817164
0.746729 0.817587
0.741752 0.819274
0.735470 0.821104
0.729190 0.822785
0.722910 0.824282
0.716631 0.825511
0.714171 0.826071
0.710351 0.826980
0.710997 0.827001
0.704071 0.828624
0.697793 0.829743
1.087245 0.816029
1.086620 0.815497
1.099739 0.825060
1.093487 0.821420
1.093282 0.821273
1.118536 0.828765
1.112261 0.829131
1.105996 0.827829
1.103487 0.826822
1.439116 0.833878
1.435469 0.835989
1.429178 0.839452
1.426425 0.840990
1.422887 0.843181
1.424338 0.842670
1.416594 0.847176
1.378956 0.848260
1.414919 0.848025
1.410306 0.850214
1.411244 0.849268
1.404024 0.851809
1.405350 0.850089
1.397746 0.853042
1.399126 0.850579
1.391473 0.853339
1.392647 0.850808
1.385206 0.852407
1.381337 0.850331
1.385903 0.850764
1.733774 0.839292
1.735282 0.845607
1.735206 0.845433
1.737131 0.851544
1.736103 0.852552
1.741482 0.858864
1.740230 0.857583
1.753988 0.865812
1.747728 0.863703
1.747200 0.863366
1.859953 0.981538
1.872489 0.982816
1.866219 0.982530
1.861978 0.981943
1.860228 0.982376
