0.050425 0.898799
0.039671 0.897557
0.043372 0.897881
0.036715 0.895366
0.050613 0.895548
0.043615 0.894791
0.035052 0.894652
0.036855 0.894729
0.030403 0.892479
0.132457 0.874674
0.037487 0.892830
0.030540 0.892218
0.418128 0.888423
0.411853 0.889618
0.405570 0.890158
0.444744 0.884982
0.438324 0.885930
0.431976 0.887085
0.425749 0.888600
0.419805 0.890953
0.400417 0.889825
0.406907 0.892680
0.399281 0.889750
0.392990 0.889151
0.387794 0.888717
0.386699 0.888591
0.727113 0.884744
0.720827 0.884822
0.728439 0.886685
0.717070 0.884923
0.721320 0.885572
0.714544 0.885047
0.708263 0.885614
0.701982 0.886279
0.695703 0.887062
0.689422 0.887773
0.703151 0.887872
0.696465 0.888037
0.683144 0.888509
0.689774 0.888183
0.683144 0.888509
1.075420 0.875205
1.069139 0.875766
1.062857 0.876345
1.057684 0.876239
1.056570 0.876174
1.050282 0.875955
1.043999 0.876312
1.246493 0.915748
1.240236 0.918999
1.233962 0.920557
1.227684 0.921396
1.221395 0.921121
1.247810 0.914754
1.246658 0.915549
1.241329 0.919723
1.235497 0.922415
1.228947 0.922983
1.219329 0.921017
1.221704 0.921491
1.215103 0.920329
1.252714 0.908172
1.251840 0.909971
1.247891 0.915425
1.365611 0.879015
1.253553 0.905723
1.363358 0.877658
1.360238 0.874434
1.359281 0.873811
1.355999 0.871496
1.558465 0.905795
1.561705 0.910315
1.556597 0.902284
1.556028 0.898520
1.673764 0.871537
1.704204 0.855828
1.697927 0.856869
1.691658 0.858867
1.685398 0.861885
1.684406 0.862502
1.680154 0.866683
1.712046 0.857530
1.705262 0.857401
1.698797 0.858217
1.693157 0.861475
1.628525 0.941716
1.654380 0.936624
1.648265 0.938462
1.641970 0.939779
1.635598 0.940863
1.622611 0.941127
1.629141 0.941699
1.622232 0.941064
1.615937 0.939911
1.665257 0.927859
1.660813 0.931898
1.629864 0.940045
1.623117 0.940025
1.613810 0.939159
1.616227 0.939582
1.609629 0.937401
1.664144 0.924189
1.660808 0.928093
1.662936 0.920570
1.660515 0.923457
1.854153 0.864196
1.847871 0.864597
1.868045 0.864164
1.861359 0.864329
1.854669 0.864479
1.845626 0.864792
1.847988 0.864653
1.841591 0.865285
1.835309 0.865794
1.829026 0.866115
1.822742 0.866382
1.843115 0.866399
1.836433 0.866578
1.829695 0.866583
1.820521 0.866432
1.822922 0.866489
2.120662 0.881237
2.119886 0.873109
2.119233 0.871684
2.119313 0.873446
2.114033 0.877763
2.119198 0.867700
2.118491 0.869515
2.113632 0.872796
2.120066 0.865298
2.197447 0.924926
2.196200 0.924372
2.197801 0.925166
2.260132 0.904663
2.253851 0.905165
2.254679 0.910186
2.247575 0.906358
2.248464 0.911733
2.241300 0.907730
2.242146 0.912979
2.235019 0.908240
2.235957 0.914604
2.229863 0.916511
2.223970 0.919017
2.217846 0.920842
2.211237 0.921230
2.204500 0.921241
2.195630 0.920587
2.197621 0.920833
2.233891 0.908274
2.228738 0.908812
2.228965 0.910064
2.222456 0.909236
2.222992 0.912337
2.216168 0.909148
2.217037 0.914666
2.210817 0.916212
2.204284 0.916831
2.194293 0.917001
2.197624 0.917067
2.423094 0.849466
2.416808 0.849578
2.424389 0.851068
2.410970 0.849845
2.417408 0.850360
2.410525 0.849869
2.404241 0.850072
2.397954 0.850037
2.405645 0.851678
2.392559 0.850012
2.398649 0.850918
2.391668 0.850029
2.658592 0.879602
2.652307 0.879651
2.648479 0.879436
2.653042 0.880791
2.646017 0.879134
2.639728 0.878842
2.633445 0.879102
2.640591 0.880061
2.632216 0.879121
2.633595 0.879306
2.627161 0.879320
3.006905 0.870819
3.020216 0.870260
3.013589 0.870595
3.006743 0.870798
3.006916 0.870796
3.000615 0.870301
2.994325 0.869831
3.027344 0.867582
3.020816 0.868212
3.014241 0.868702
3.007648 0.869140
3.001029 0.869498
2.993636 0.869752
2.994371 0.869742
2.988031 0.868893
3.008301 0.867303
3.001672 0.867634
2.994998 0.867832
2.982530 0.868324
2.988328 0.868042
3.279995 0.886321
3.287447 0.886846
3.276357 0.885504
3.280389 0.885912
3.273698 0.885077
3.281335 0.884927
3.267657 0.883524
3.274440 0.884473
3.267398 0.883459
3.478997 0.904583
3.499235 0.902781
3.492548 0.902942
3.485922 0.903281
3.474111 0.903758
3.479309 0.903657
3.472703 0.903608
3.466410 0.902931
3.492946 0.900320
3.486426 0.900974
3.479895 0.901593
3.473306 0.902042
3.462320 0.902450
3.466678 0.902378
3.460119 0.902274
0.167265 0.879760
0.091962 0.894743
0.085711 0.898830
0.079435 0.899984
0.161454 0.879144
0.160973 0.879021
0.154684 0.878618
0.148401 0.879012
0.142122 0.879792
0.149805 0.882318
0.140014 0.879972
0.142428 0.880427
0.135837 0.880004
0.521072 0.903478
0.522848 0.904268
0.516181 0.902255
0.512662 0.901403
0.517058 0.903267
0.509881 0.900662
0.503587 0.899661
0.503245 0.899596
0.503660 0.899743
0.961984 0.880722
0.955703 0.881279
0.988759 0.879098
0.982259 0.879806
0.975685 0.880297
0.969089 0.880726
0.962503 0.881179
0.952643 0.881670
0.955835 0.881396
0.949424 0.882028
0.943143 0.882554
0.936860 0.883095
0.930580 0.883728
0.924301 0.884547
0.950968 0.883146
0.944297 0.883354
0.937690 0.883753
0.931080 0.884140
0.918723 0.885244
0.924541 0.884739
0.918022 0.885323
1.530917 0.865005
1.524642 0.866363
1.518372 0.868239
1.512098 0.869645
1.505822 0.870768
1.499546 0.871959
1.493270 0.873086
1.486994 0.874277
1.480719 0.875517
1.474441 0.876537
1.525641 0.868239
1.519776 0.870825
1.513456 0.872071
1.506982 0.872858
1.500645 0.874053
1.494157 0.874803
1.487696 0.875630
1.481282 0.876599
1.470657 0.877131
1.474653 0.876934
1.468163 0.877482
1.461883 0.878223
1.622188 0.941077
1.609694 0.938585
1.615139 0.940166
1.607979 0.938015
1.665837 0.926841
1.603671 0.935991
1.608945 0.937981
1.601663 0.934512
1.666196 0.918355
1.665270 0.921353
1.598831 0.933176
1.602211 0.934234
1.664887 0.914733
1.664636 0.915684
1.664628 0.910911
1.664310 0.909884
1.664501 0.911515
1.827356 0.864453
1.841394 0.865085
1.834650 0.865076
1.821715 0.864658
1.827819 0.864811
1.821073 0.864713
1.814790 0.865055
1.808502 0.864927
1.816136 0.866355
1.803338 0.864808
1.809119 0.865531
1.802215 0.864842
2.131202 0.889229
2.128975 0.888695
2.122680 0.887606
2.121617 0.887409
2.124250 0.891832
2.116378 0.885798
2.223001 0.857979
2.113997 0.885206
2.235536 0.853612
2.229260 0.854735
2.219104 0.858192
2.216718 0.858251
2.216768 0.858851
2.210433 0.858435
2.210556 0.860407
2.205663 0.865862
2.249481 0.852115
2.242783 0.852242
2.236197 0.852701
2.225169 0.852943
2.229483 0.852778
2.222959 0.853076
2.216682 0.854125
2.210411 0.855874
2.208818 0.856539
2.204279 0.857983
2.198116 0.859696
2.191844 0.861089
2.185703 0.862866
2.230525 0.852090
2.223958 0.852607
2.217442 0.853274
2.617157 0.874370
2.610317 0.874079
2.601926 0.873520
2.603466 0.873756
2.597002 0.873591
2.590715 0.873429
2.584641 0.873388
2.591565 0.874604
2.584428 0.873389
2.578140 0.873098
2.571850 0.872661
0.090333 0.897771
0.077801 0.902305
0.071508 0.901650
0.096584 0.893693
0.091732 0.896898
0.090441 0.897537
0.084673 0.900399
0.078553 0.902232
0.070659 0.901514
0.071656 0.901770
0.109086 0.885560
0.102835 0.889594
0.101362 0.890862
0.097036 0.893292
0.091306 0.896279
0.085566 0.899245
0.079215 0.900401
0.066267 0.898580
0.072255 0.899754
0.065194 0.898343
0.154715 0.875249
0.160718 0.878494
0.152999 0.875083
0.146715 0.875378
0.140437 0.876378
0.134160 0.877338
0.127884 0.878552
0.121612 0.880197
0.115346 0.882562
0.110567 0.884935
0.109172 0.885525
0.103333 0.888195
0.097650 0.891336
0.135250 0.879126
0.128500 0.879098
0.122006 0.879833
0.115869 0.881626
0.508207 0.898377
0.504688 0.897767
0.509074 0.899590
0.501912 0.897255
0.495615 0.896064
0.495066 0.895986
0.495736 0.896230
0.935194 0.881743
0.928914 0.882414
0.922635 0.883251
0.949268 0.881907
0.942621 0.882185
0.935979 0.882475
0.929358 0.882827
0.918398 0.883801
0.922815 0.883410
0.916356 0.884035
0.910075 0.884591
0.903793 0.885132
0.897512 0.885705
0.891229 0.886143
0.917989 0.885298
0.911355 0.885619
0.904712 0.885909
0.898079 0.886228
0.889543 0.886270
0.891349 0.886261
1.197476 0.909948
1.196667 0.909835
1.197720 0.910384
1.260150 0.888361
1.194282 0.906442
1.198863 0.909958
1.260275 0.888049
1.260136 0.886755
1.260195 0.888216
1.193000 0.902839
1.259823 0.884232
1.355567 0.863670
1.335357 0.862121
1.329068 0.861756
1.258424 0.880656
1.343023 0.862621
1.336042 0.861913
1.326474 0.861778
1.329230 0.861703
1.322782 0.861884
1.316499 0.862210
1.310214 0.862366
1.543256 0.875857
1.540593 0.874362
1.536743 0.873379
1.534283 0.871698
1.983424 0.870291
1.969547 0.868438
1.976549 0.869898
1.969327 0.868429
1.963043 0.868581
1.956752 0.867978
1.964395 0.870010
1.953204 0.868101
1.957195 0.868649
1.950468 0.868240
1.944180 0.868101
2.186309 0.921170
2.190226 0.922709
2.183170 0.919210
2.190597 0.919997
2.181002 0.918411
2.183488 0.918907
2.258401 0.895761
2.259282 0.900069
2.252119 0.896258
2.253336 0.902410
2.245841 0.897180
2.247143 0.904025
2.239565 0.898318
2.240917 0.905544
2.233289 0.899497
2.234963 0.907865
2.190655 0.916393
2.178488 0.915075
2.183591 0.915429
2.229616 0.899923
2.227008 0.900040
2.227153 0.900919
2.220716 0.899431
2.221463 0.904033
2.215844 0.907363
2.402570 0.848189
2.396285 0.848436
2.410487 0.849828
2.403584 0.849350
2.392483 0.848521
2.396654 0.848794
2.390001 0.848574
2.383715 0.848588
2.377430 0.848720
2.391575 0.849929
2.384713 0.849566
2.372388 0.849048
2.377812 0.849091
2.371148 0.849133
2.680129 0.884974
2.672849 0.883016
2.666562 0.882869
2.660275 0.882708
2.668171 0.885661
2.658743 0.882568
2.660639 0.883322
2.653982 0.881863
2.647691 0.881485
2.646467 0.881393
2.647939 0.881867
3.101048 0.870086
3.094113 0.869515
3.087288 0.869113
3.080993 0.868058
3.095093 0.868587
3.088166 0.868037
3.077543 0.867484
3.081299 0.867665
3.074698 0.867022
3.068402 0.865882
3.082254 0.866721
3.075363 0.866274
3.067723 0.865763
3.068465 0.865808
3.417311 0.899745
3.410389 0.899212
3.403498 0.898772
3.396887 0.897820
3.411070 0.897401
3.404115 0.896769
3.392401 0.896246
3.397282 0.896497
3.390582 0.895667
3.404726 0.894800
3.397884 0.894500
3.385360 0.893905
3.391038 0.894186
3.384277 0.893510
3.697500 0.918606
3.690516 0.916432
3.698371 0.917361
3.687128 0.914749
3.691098 0.915790
3.684203 0.913298
3.692047 0.914822
3.681745 0.912038
3.684633 0.912822
0.057269 0.900202
0.064495 0.900532
0.055088 0.899551
0.057519 0.899841
0.126212 0.876645
0.119947 0.879042
0.113686 0.881891
0.107881 0.885524
0.102613 0.889857
0.065027 0.898308
0.052919 0.896117
0.057812 0.896905
0.050941 0.895308
0.044644 0.894126
0.152176 0.873191
0.138755 0.873109
0.132482 0.874717
0.132161 0.874817
0.126497 0.876970
0.120763 0.879937
0.114980 0.882765
0.044459 0.894109
0.044663 0.894126
0.492949 0.891808
0.485962 0.889462
0.479671 0.888868
0.487506 0.891819
0.478477 0.888841
0.479896 0.889249
0.473384 0.888777
0.467100 0.888911
0.460817 0.889398
0.455811 0.889952
0.461417 0.890646
0.454537 0.890090
0.902125 0.883581
0.895843 0.884090
0.916257 0.883951
0.909585 0.884155
0.902903 0.884326
0.891447 0.884334
0.896197 0.884430
0.889560 0.884444
0.883277 0.884783
0.876991 0.884688
0.884593 0.886214
0.871930 0.884741
0.877613 0.885500
0.870704 0.884741
1.186049 0.889433
1.184226 0.888591
1.181215 0.885337
1.179717 0.884171
1.281625 0.864283
1.275049 0.864768
1.268860 0.866391
1.173799 0.883092
1.173421 0.883022
1.491586 0.869776
1.485312 0.871118
1.479039 0.872684
1.472765 0.874104
1.466489 0.875181
1.460209 0.875844
1.453924 0.876015
1.468061 0.877371
1.461375 0.877535
1.451083 0.876038
1.454331 0.876636
1.447640 0.876325
1.441359 0.876853
2.103281 0.863518
2.110966 0.864901
2.099256 0.862958
2.103997 0.864228
2.096989 0.862908
2.090709 0.863582
2.084427 0.864086
2.078143 0.864342
2.104727 0.862608
2.098198 0.863237
2.091691 0.863933
2.085072 0.864297
2.074789 0.864459
2.078353 0.864360
2.208879 0.946021
2.240222 0.935927
2.223006 0.947478
2.216184 0.947236
2.208868 0.944701
2.208403 0.945668
2.209010 0.945961
2.234705 0.935981
2.233937 0.935962
2.234033 0.936429
2.227657 0.936641
2.228085 0.938766
2.221382 0.937943
2.221890 0.940379
2.215110 0.939698
2.212015 0.940962
2.215462 0.941302
2.492096 0.855762
2.482997 0.854111
2.484911 0.854453
2.478387 0.854110
2.472100 0.853935
2.479700 0.855165
2.467014 0.853700
2.472701 0.854398
2.465811 0.853734
2.459529 0.854138
2.453248 0.854715
2.736149 0.895255
2.743411 0.896488
2.735015 0.895194
2.736300 0.895399
2.729857 0.894492
2.723566 0.893942
2.737704 0.895735
2.730676 0.894885
2.723057 0.893898
2.723631 0.893984
2.717271 0.892966
2.712358 0.892381
2.717841 0.893036
3.142570 0.873253
3.135810 0.873194
3.123712 0.872034
3.128868 0.872602
3.122052 0.871835
3.115756 0.870655
3.123101 0.871681
3.113240 0.870422
3.116015 0.870658
3.109467 0.870279
0.189182 0.886730
0.182415 0.886652
0.173471 0.885810
0.175697 0.886719
0.168957 0.884017
0.166953 0.883324
0.169565 0.884715
0.162658 0.882446
0.156372 0.882552
2.136967 0.894566
2.133794 0.894031
2.130669 0.893190
2.124475 0.892180
2.124374 0.892149
2.224726 0.866024
2.225030 0.867151
2.218443 0.866388
2.219851 0.871750
2.212156 0.866354
2.205872 0.866566
2.262319 0.851806
2.256039 0.852408
2.205383 0.866586
2.199589 0.866858
2.193307 0.867373
2.187026 0.868106
2.269910 0.852725
2.263103 0.852529
2.252898 0.852240
2.256429 0.852727
2.249751 0.852175
2.243465 0.852357
2.237181 0.852493
2.257529 0.852213
2.250884 0.852497
2.244210 0.852695
2.235354 0.852223
2.237411 0.852521
2.582755 0.871257
2.576462 0.870505
2.584398 0.873345
2.574254 0.870282
2.576879 0.871045
2.570173 0.870148
2.563882 0.869510
2.561521 0.869193
2.564367 0.870136
2.557590 0.868875
2.857573 0.895351
2.851305 0.897381
2.838752 0.899605
2.839031 0.903982
2.832509 0.904616
2.832494 0.904630
2.832510 0.904629
2.870270 0.892904
2.858075 0.895098
2.863957 0.894160
2.848993 0.897087
2.845011 0.896536
2.840121 0.899031
2.845092 0.898160
2.901473 0.881718
2.895312 0.883422
2.889120 0.885036
2.882942 0.886694
2.876688 0.888128
2.870345 0.889305
2.857896 0.891217
2.863966 0.890371
2.857537 0.891186
2.851245 0.890424
2.921892 0.878474
2.915402 0.879215
2.908875 0.879847
2.902619 0.881280
2.896409 0.882851
2.890082 0.884077
2.883767 0.885337
2.877390 0.886413
2.870930 0.887249
2.864402 0.887877
2.857823 0.888357
2.848690 0.889362
2.851313 0.889045
3.300537 0.889714
3.314411 0.890664
3.307527 0.890243
3.300137 0.889595
3.300579 0.889635
3.294235 0.887874
3.308326 0.888786
3.301390 0.888211
3.292389 0.887369
3.294421 0.887535
3.287935 0.886215
3.302088 0.886508
3.295152 0.885926
3.284421 0.885238
3.288281 0.885538
0.259080 0.898948
0.252799 0.899713
0.250415 0.899743
0.246517 0.900112
0.247444 0.903321
0.240238 0.900910
0.241816 0.906612
0.233961 0.901882
0.235548 0.908014
0.227671 0.901601
0.225819 0.901265
0.640458 0.888037
0.634181 0.888953
0.627903 0.889962
0.621624 0.890781
0.615345 0.891624
0.648312 0.888940
0.641830 0.889705
0.635307 0.890350
0.628799 0.891036
0.622196 0.891447
0.609113 0.892477
0.615623 0.891941
0.609067 0.892484
0.602790 0.893538
0.596513 0.894726
0.590239 0.896056
0.583964 0.897323
0.577691 0.898842
1.061162 0.871632
1.054879 0.871973
1.051427 0.872224
1.055933 0.874593
1.048596 0.872402
1.042318 0.873300
1.036038 0.873963
1.029759 0.874820
1.023483 0.875975
1.017205 0.877000
1.549456 0.883800
1.548608 0.883030
1.545597 0.880724
1.542276 0.877610
1.542223 0.877580
1.542297 0.877633
2.082767 0.863428
2.076485 0.864006
2.070204 0.864485
2.096834 0.862981
2.090323 0.863658
2.083821 0.864365
2.077278 0.864952
2.066530 0.864757
2.070499 0.864838
2.063922 0.864964
2.057638 0.865201
2.051351 0.865149
2.071753 0.864777
2.065266 0.865531
2.058608 0.865780
2.048089 0.864938
2.051744 0.865412
2.554113 0.863558
2.539977 0.860002
2.534251 0.858999
2.541293 0.861691
2.533682 0.858961
2.527397 0.859008
2.521108 0.858824
2.528678 0.860482
2.518867 0.858492
2.521436 0.858991
2.514819 0.858451
0.301812 0.904973
0.295547 0.907440
0.289281 0.909663
0.283005 0.910948
0.276727 0.911863
0.270450 0.912946
0.264175 0.914114
0.257899 0.915441
0.251626 0.916902
0.245358 0.918972
0.239091 0.921131
0.370791 0.885610
0.326875 0.895513
0.320609 0.897885
0.314346 0.900524
0.308080 0.902857
0.304700 0.903981
0.301989 0.905148
0.296267 0.908165
0.290668 0.911555
0.384571 0.886442
0.377636 0.885870
0.370590 0.885608
0.370806 0.885610
0.364496 0.884479
0.345669 0.888025
0.339404 0.890464
0.333140 0.893164
0.328963 0.894749
0.327025 0.895665
0.321302 0.898679
0.315850 0.902509
0.378597 0.884915
0.371585 0.884107
0.360022 0.884022
0.364767 0.883877
0.358207 0.884156
0.351932 0.885465
0.349371 0.886369
0.346007 0.888216
0.340284 0.891239
0.881604 0.882561
0.889393 0.884247
0.875627 0.882424
0.882500 0.883794
0.875316 0.882411
0.869028 0.882205
0.862743 0.882347
0.870537 0.884506
0.857789 0.882447
0.863430 0.883420
0.856458 0.882418
0.850171 0.882416
2.055970 0.863795
2.049686 0.863998
2.063785 0.864916
2.057040 0.864906
2.045738 0.863937
2.050204 0.864624
2.043400 0.863952
2.037117 0.864218
2.030835 0.864674
2.024550 0.864994
2.044831 0.864899
2.038117 0.864979
2.031473 0.865267
2.023449 0.864961
2.024687 0.865129
2.568500 0.867960
2.563567 0.867247
2.569490 0.869131
2.562206 0.867110
2.555917 0.866767
2.551425 0.866010
2.556845 0.867816
2.549622 0.865770
2.543333 0.865420
2.825939 0.905129
2.819219 0.905190
2.812565 0.905446
2.806083 0.906209
2.799425 0.904657
2.797996 0.906812
2.799559 0.906847
2.857565 0.895189
2.851271 0.896501
2.838733 0.899283
2.832224 0.899966
2.825689 0.900576
2.819048 0.900867
2.812400 0.901143
2.805669 0.899788
2.802938 0.901808
2.805777 0.901490
2.857533 0.891279
2.851192 0.892462
2.844899 0.893786
2.838455 0.894665
2.831908 0.895240
2.825418 0.895980
2.818850 0.896492
2.807712 0.896864
2.812201 0.896766
2.844873 0.889940
2.838348 0.890579
2.831784 0.891105
2.825239 0.891689
2.818656 0.892155
3.265750 0.884281
3.273395 0.885164
3.262015 0.883270
3.266241 0.883948
3.259451 0.882796
3.267364 0.883478
3.253342 0.881271
3.260257 0.882391
3.253152 0.881230
3.246852 0.879628
3.633429 0.900946
3.626405 0.900112
3.617092 0.899300
3.619457 0.899505
3.612923 0.896568
3.626812 0.897509
3.619842 0.896829
3.612617 0.896364
3.612956 0.896399
3.620372 0.894627
3.607374 0.893636
3.613517 0.894291
3.606607 0.893108
0.451178 0.884354
0.413531 0.892411
0.465137 0.885485
0.458098 0.884610
0.447830 0.884805
0.451353 0.884595
0.444899 0.885204
0.438623 0.886344
0.432347 0.887601
0.426074 0.889078
0.419805 0.890953
0.419801 0.890954
0.412094 0.892649
0.413604 0.892551
0.407254 0.893377
0.400970 0.893587
0.394681 0.893274
0.774430 0.885263
0.768152 0.886176
0.761874 0.887116
0.755595 0.887944
0.807409 0.881025
0.800966 0.881902
0.794537 0.882819
0.788184 0.883962
0.781774 0.884940
0.775368 0.885927
0.768884 0.886685
0.762416 0.887491
0.749751 0.888519
0.755907 0.888176
0.749314 0.888556
0.743029 0.888681
0.736745 0.888855
0.730461 0.889154
1.143266 0.877708
1.150517 0.879027
1.142412 0.877707
1.143386 0.877878
1.136979 0.877526
1.130692 0.877402
1.093039 0.884882
1.086769 0.886756
1.080500 0.888691
1.074232 0.890761
1.138414 0.879302
1.126203 0.877355
1.131252 0.878055
1.124406 0.877347
1.118123 0.877799
1.111849 0.879253
1.105580 0.881205
1.099310 0.883052
1.096041 0.884010
1.093200 0.885157
1.387861 0.888434
1.381582 0.889285
1.400378 0.882033
1.395739 0.885239
1.394257 0.885987
1.388076 0.887635
1.379940 0.888696
1.381688 0.888676
1.375286 0.888164
1.437990 0.870055
1.431708 0.870432
1.406621 0.877087
1.403384 0.879637
1.400937 0.881996
1.395433 0.885654
1.389368 0.887655
1.382822 0.888235
1.372188 0.886495
1.375804 0.887413
1.427166 0.870506
1.432927 0.873135
1.425424 0.870643
1.419145 0.871426
1.412872 0.873112
1.410417 0.874188
1.407371 0.877303
1.577792 0.925534
1.585674 0.928983
1.577762 0.925463
1.576075 0.921983
1.578360 0.923481
1.571424 0.919465
1.571407 0.917447
1.571094 0.919182
1.571524 0.919414
1.664636 0.894728
1.664580 0.890822
1.665427 0.886101
1.665221 0.886791
1.792167 0.859081
1.778326 0.857083
1.772038 0.856882
1.766144 0.856792
1.772774 0.857709
1.765752 0.856824
1.759473 0.857603
1.753191 0.858189
1.746909 0.858714
1.740629 0.859380
1.969305 0.868420
1.948793 0.865987
1.942506 0.865884
1.950259 0.868075
1.939444 0.865734
1.943098 0.866830
1.936219 0.865754
1.929939 0.866335
1.923654 0.866564
1.918563 0.866453
0.195790 0.887949
0.203688 0.889744
0.191740 0.887180
0.196320 0.887898
0.189496 0.886929
0.183209 0.886907
0.176921 0.886753
0.191111 0.888633
0.183845 0.887076
0.176367 0.886651
0.176982 0.886711
0.170631 0.886235
0.496749 0.894134
0.501198 0.896242
0.493936 0.893228
0.488094 0.892119
0.487639 0.892030
0.481350 0.891606
0.475063 0.891613
0.813758 0.880283
0.846733 0.877725
0.840010 0.877780
0.833384 0.878116
0.826873 0.878791
0.820368 0.879487
0.809181 0.880862
0.813925 0.880362
0.807479 0.881076
0.801201 0.882081
0.794924 0.883115
0.788649 0.884311
0.782372 0.885399
0.776096 0.886498
0.769817 0.887381
0.763540 0.888344
0.757261 0.889218
0.809063 0.882112
0.802615 0.882982
0.796184 0.883898
0.789818 0.885011
0.783409 0.885996
0.777016 0.887031
0.770532 0.887793
1.186983 0.897288
1.186788 0.893405
1.188997 0.896925
1.184450 0.890026
1.308288 0.863401
1.301620 0.863615
1.294921 0.863739
1.284715 0.864101
1.288248 0.863936
1.281777 0.864259
1.275495 0.864784
1.269222 0.866252
1.265744 0.868253
1.263536 0.870566
1.295983 0.863055
1.289356 0.863392
1.282803 0.863949
1.276273 0.864572
1.269900 0.865661
1.264054 0.868314
1.550813 0.888874
1.550308 0.888121
1.548402 0.885504
1.655270 0.935538
1.649006 0.938065
1.642731 0.939403
1.636448 0.939770
1.655538 0.935373
1.655291 0.935496
1.649262 0.937604
1.642976 0.938949
1.635727 0.939735
1.636484 0.939685
1.630162 0.939774
1.657493 0.931057
1.655464 0.932234
1.649400 0.934244
1.880949 0.863738
1.874665 0.863919
1.895036 0.864245
1.888314 0.864303
1.881531 0.864179
1.874014 0.863946
1.874714 0.863952
1.868382 0.864432
1.862101 0.864944
1.855819 0.865440
1.849537 0.865901
1.869793 0.865553
1.863107 0.865720
1.856414 0.865861
1.846127 0.866195
1.849732 0.866035
1.843256 0.866525
2.144963 0.900993
2.144667 0.900949
2.145386 0.902132
2.138662 0.899180
2.136615 0.898798
2.132361 0.897446
2.232713 0.871415
2.226435 0.872400
2.220154 0.872863
2.128599 0.896685
2.219337 0.872813
2.213862 0.872145
2.207573 0.871998
2.274316 0.856842
2.277180 0.858097
2.204804 0.872121
2.201290 0.872306
2.284253 0.855272
2.273088 0.853193
2.277079 0.853989
2.270264 0.852236
2.263979 0.852283
2.284460 0.852117
2.277546 0.851603
2.270686 0.851249
2.260587 0.852068
2.264197 0.851995
0.237922 0.895125
0.224285 0.892793
0.218001 0.892924
0.214178 0.893019
0.218742 0.894387
0.211714 0.892843
0.205423 0.892271
0.201703 0.891889
0.530452 0.907188
0.556500 0.904109
0.550335 0.905806
0.543933 0.906805
0.537421 0.907479
0.529790 0.906938
0.530564 0.907136
0.524152 0.905720
0.594037 0.891731
0.587888 0.893470
0.581688 0.895061
0.575645 0.897119
0.569682 0.899415
0.531834 0.907098
0.521095 0.904944
0.524708 0.905956
0.517852 0.904063
0.995049 0.878259
1.001697 0.877500
0.989045 0.879069
0.995249 0.878359
0.988770 0.879106
0.982491 0.879966
0.976211 0.880707
0.969932 0.881404
0.963652 0.882140
0.957369 0.882617
0.990379 0.880081
0.983904 0.880867
0.977363 0.881460
0.970807 0.882009
0.964268 0.882608
0.953183 0.883051
0.957587 0.882783
0.951089 0.883234
1.211739 0.914097
1.205452 0.913993
1.255618 0.899884
1.203766 0.913653
1.206030 0.915008
1.256302 0.898218
1.255883 0.899189
1.199662 0.910656
1.199128 0.909655
1.257528 0.894030
1.256385 0.896862
1.257723 0.890097
1.256487 0.893397
1.357832 0.864200
1.355885 0.863883
1.349592 0.863037
1.345612 0.862964
1.350241 0.864036
1.343303 0.862715
1.337011 0.862097
1.561797 0.910438
1.561750 0.910346
1.559631 0.907013
1.562441 0.908700
1.668325 0.877006
1.559791 0.903108
1.674569 0.872159
1.671259 0.874679
1.668839 0.876884
1.731005 0.856063
1.724724 0.856591
1.718443 0.857136
1.687078 0.864689
1.680815 0.867516
1.677814 0.869326
1.675172 0.871880
1.732193 0.857308
1.725451 0.857302
1.713645 0.857549
1.718761 0.857453
1.712161 0.857701
1.705881 0.858435
1.699606 0.859655
1.693338 0.861804
1.692514 0.862198
1.687909 0.865901
2.123820 0.866520
2.124178 0.867921
2.117531 0.866142
2.114833 0.864923
2.111221 0.863488
2.119097 0.865249
2.108896 0.862344
2.111805 0.863610
2.104924 0.862241
2.216886 0.953665
2.230739 0.954218
2.223125 0.948147
2.223646 0.953184
2.216870 0.951822
2.216007 0.953305
2.217022 0.953525
2.244569 0.943120
2.241939 0.943025
2.242320 0.944800
2.235658 0.943537
2.236439 0.947330
2.229385 0.945248
2.223717 0.947687
2.229891 0.947900
2.498923 0.856748
2.506328 0.857968
2.496463 0.856530
2.499243 0.856957
2.492634 0.856391
2.486343 0.855970
2.493733 0.856797
2.482978 0.855587
2.486753 0.856088
2.480054 0.855569
2.473769 0.855668
2.792745 0.906629
2.779237 0.905551
2.785989 0.906587
2.778918 0.905371
2.799277 0.902201
2.792820 0.903040
2.786274 0.903619
2.773086 0.902978
2.779551 0.903671
2.772605 0.902357
2.805511 0.896916
2.799005 0.897611
2.792598 0.898603
2.786117 0.899372
2.779597 0.900028
2.770361 0.899691
2.772808 0.899885
3.216703 0.874923
3.224244 0.875563
3.213624 0.873828
3.217113 0.874409
3.210399 0.872851
3.218105 0.873557
3.205364 0.871744
3.210947 0.872321
3.204100 0.871406
3.538858 0.901797
3.564870 0.897567
3.558395 0.898348
3.551979 0.899301
3.545492 0.900048
3.536624 0.900809
3.538960 0.900664
3.532547 0.899038
3.571780 0.894242
3.565237 0.894824
3.558706 0.895447
3.552253 0.896295
3.545749 0.896996
3.539215 0.897607
3.530876 0.898157
3.532630 0.898069
3.526240 0.896550
3.565570 0.892024
3.558970 0.892443
3.552467 0.893148
3.545948 0.893810
3.539440 0.894501
3.532911 0.895128
3.524259 0.895738
3.526343 0.895643
3.745824 0.922843
3.765947 0.921660
3.759166 0.921544
3.752566 0.921958
3.744687 0.922180
3.745903 0.922185
3.739517 0.920323
3.766064 0.918202
3.759439 0.918546
3.752920 0.919202
3.746299 0.919556
3.737314 0.919893
3.739617 0.919729
3.733219 0.919071
3.766127 0.914618
3.759584 0.915208
3.753116 0.916015
3.746578 0.916621
3.739954 0.916968
0.284686 0.913934
0.391317 0.887027
0.309755 0.905206
0.303488 0.907413
0.297221 0.909639
0.290955 0.911950
0.286571 0.913389
0.284771 0.914064
0.399072 0.889447
0.389452 0.886849
0.391608 0.887313
0.385024 0.886248
0.379726 0.885085
0.386425 0.888138
0.378727 0.885016
0.372440 0.884883
0.860510 0.878594
0.847717 0.877798
0.853535 0.877907
0.846823 0.877840
0.840541 0.878358
0.834260 0.878937
0.827981 0.879731
0.821702 0.880520
0.815424 0.881433
0.835374 0.880178
0.828712 0.880413
0.822129 0.880880
0.810823 0.881984
0.815627 0.881584
0.809143 0.882167
0.802866 0.883152
0.796589 0.884187
1.178046 0.882332
1.173468 0.881650
1.178895 0.883196
1.171753 0.881458
1.165469 0.881658
1.159185 0.882069
1.173349 0.882958
1.166545 0.882770
1.153149 0.882234
1.159916 0.883102
1.152901 0.882233
1.607587 0.937781
1.600010 0.934712
1.595529 0.932391
1.601024 0.934493
1.593694 0.931163
1.590396 0.929624
1.594385 0.931012
1.587377 0.927787
1.667105 0.908858
1.666295 0.905132
1.664843 0.901580
1.821022 0.864646
1.807071 0.862492
1.814042 0.863941
1.806827 0.862498
1.800542 0.862609
1.794253 0.862270
1.802080 0.864648
1.791292 0.862054
1.794786 0.863007
1.787964 0.862063
1.781678 0.862021
2.120980 0.882391
2.120439 0.882285
2.114678 0.880542
2.112671 0.880087
2.229184 0.855716
2.222957 0.857227
2.222878 0.853181
2.216558 0.854422
2.210379 0.856085
0.286965 0.904415
0.273339 0.902786
0.267060 0.903548
0.260781 0.904421
0.254506 0.905629
0.248228 0.906540
0.241948 0.907248
0.235673 0.908571
0.235264 0.908468
0.229376 0.907368
0.679795 0.883972
0.673516 0.884898
0.667240 0.885990
0.660962 0.886921
0.654686 0.888037
0.693736 0.883742
0.687171 0.884260
0.680703 0.885062
0.674191 0.885738
0.667751 0.886627
0.661209 0.887215
0.651231 0.888609
0.654785 0.888149
0.648408 0.889055
0.642131 0.890087
0.635853 0.891052
0.629576 0.892020
0.623296 0.892871
1.136192 0.876546
1.128645 0.875356
1.129068 0.875420
1.122732 0.875222
1.116447 0.875374
1.110170 0.876331
1.103897 0.877960
1.097627 0.879806
1.091357 0.881625
1.085086 0.883377
1.078814 0.884982
1.072538 0.886272
1.066259 0.887011
1.124159 0.877010
1.117255 0.876529
1.110877 0.877602
1.104996 0.880149
1.099126 0.882733
1.471914 0.872649
1.465240 0.872847
1.458525 0.872566
1.452243 0.873038
1.445961 0.873483
1.439679 0.873888
1.402032 0.882071
1.395779 0.885853
1.389509 0.887733
1.383227 0.888197
1.447242 0.875604
1.435490 0.874069
1.440242 0.874836
1.433396 0.874224
1.427113 0.874678
1.420833 0.875439
1.414558 0.876697
1.408290 0.878773
1.403301 0.881169
1.402307 0.882285
1.585973 0.929110
1.593302 0.931594
1.585732 0.928837
1.582518 0.925956
1.586587 0.927877
1.579397 0.923122
1.666506 0.903620
1.579156 0.922818
1.579487 0.923043
1.666099 0.899783
1.665492 0.896020
1.806793 0.862445
1.794840 0.859802
1.799582 0.861060
1.792576 0.859764
1.786287 0.859458
1.779999 0.859180
1.787391 0.861068
1.779821 0.859178
1.780025 0.859217
1.773715 0.859358
1.767428 0.859421
3.259122 0.882832
3.247705 0.881034
3.251987 0.881673
3.245205 0.880492
3.253125 0.881233
3.240066 0.878795
3.245971 0.880007
3.238901 0.878466
3.233064 0.876460
3.232596 0.876249
0.293873 0.905087
0.325208 0.894206
0.318941 0.896437
0.312676 0.898832
0.306410 0.901094
0.290947 0.905537
0.294063 0.905463
0.287593 0.905975
0.281314 0.906691
0.275035 0.907516
0.268757 0.908437
0.262480 0.909499
0.256205 0.910864
0.249933 0.912462
0.243673 0.915384
0.237399 0.916769
0.350281 0.885995
0.344008 0.887391
0.337739 0.889356
0.331475 0.891959
0.326103 0.893910
0.325266 0.894279
0.319484 0.897100
0.313717 0.899969
0.307859 0.902577
0.232784 0.914432
0.363953 0.885278
0.357236 0.885348
0.350771 0.886161
0.344565 0.887736
0.338606 0.890042
0.332871 0.893014
0.358071 0.884013
0.351757 0.885275
0.741360 0.886954
0.735075 0.887044
0.749286 0.888531
0.742385 0.888056
0.731399 0.887162
0.735466 0.887530
0.728789 0.887188
0.722505 0.887399
0.716222 0.887728
0.709939 0.888052
0.716824 0.888444
0.709673 0.888068
0.709961 0.888078
1.163797 0.879805
1.157513 0.879990
1.171456 0.881136
1.164577 0.880727
1.156499 0.879994
1.157632 0.880128
1.151227 0.879941
1.144941 0.879889
1.152868 0.882190
1.140162 0.879685
1.145700 0.880920
1.138651 0.879633
1.132366 0.879732
1.554239 0.897420
1.552796 0.893827
1.551995 0.891979
1.551259 0.890287
1.685190 0.861660
1.907746 0.863567
1.901464 0.864002
1.915306 0.864384
1.908578 0.864426
1.897319 0.864214
1.901817 0.864365
1.895182 0.864377
1.888899 0.864843
1.882616 0.865154
1.876331 0.865336
1.890185 0.866060
1.883383 0.865877
1.874081 0.865440
1.876518 0.865509
1.870049 0.865816
2.160640 0.911169
2.152953 0.906568
2.147630 0.905672
2.146656 0.905351
2.140356 0.903754
2.139430 0.903580
2.140914 0.905044
2.244191 0.876670
2.240703 0.877104
2.241559 0.879941
2.234424 0.877886
2.228144 0.878603
2.221856 0.878445
2.284577 0.862245
2.219275 0.878218
2.215565 0.877847
2.216976 0.883185
2.209279 0.877796
2.309905 0.855215
2.303839 0.857199
2.297637 0.858784
2.291296 0.859962
2.284541 0.858110
2.281767 0.860582
2.284788 0.860651
2.355119 0.845582
2.348533 0.846042
2.342097 0.846938
2.335640 0.847772
2.329061 0.848248
2.322472 0.848700
2.316071 0.849698
2.309927 0.851459
2.303894 0.853549
2.297644 0.855004
2.287285 0.855465
2.291112 0.855619
2.323690 0.848508
2.317071 0.848869
2.310592 0.849649
2.304173 0.850603
2.297798 0.851690
2.284881 0.852121
2.291254 0.852275
2.284489 0.852097
2.631038 0.875541
2.620605 0.874797
2.624149 0.875104
2.617526 0.874909
2.611245 0.875449
2.604963 0.875919
2.598678 0.875973
2.612722 0.877371
2.605897 0.877124
2.597668 0.875920
2.598829 0.876154
2.592388 0.875708
2.934511 0.877981
2.928230 0.878487
2.973689 0.872201
2.967137 0.872756
2.960601 0.873357
2.954196 0.874347
2.947810 0.875390
2.941378 0.876299
2.934950 0.877223
2.923414 0.878307
2.928472 0.878001
2.921943 0.878410
2.915662 0.879062
2.909382 0.879756
2.903108 0.881136
2.896833 0.882412
2.890554 0.883177
2.948551 0.873787
2.942128 0.874725
2.935710 0.875686
2.929320 0.876726
2.922950 0.877825
2.916614 0.879029
2.910199 0.880001
0.036268 0.896811
0.029185 0.895809
0.029853 0.893958
0.471704 0.885822
0.467389 0.885894
0.472401 0.887027
0.465419 0.885971
0.459136 0.886353
0.452856 0.886975
0.446577 0.887793
0.440300 0.888908
0.434025 0.890265
0.427754 0.891886
0.421483 0.893714
0.415211 0.895431
0.408938 0.896915
0.454410 0.889852
0.447616 0.889691
0.441082 0.890307
0.867350 0.879516
0.875258 0.882319
0.864456 0.879500
0.867814 0.880249
0.861063 0.879462
0.854779 0.879672
0.848497 0.880074
0.842215 0.880546
0.856248 0.882109
0.849132 0.880995
0.841714 0.880583
0.842257 0.880600
0.835932 0.880853
0.829649 0.881417
1.189473 0.902822
1.189445 0.899513
1.188991 0.902218
1.189779 0.903034
1.189877 0.898119
1.189426 0.897394
1.261501 0.878481
1.259923 0.883600
1.188164 0.894623
1.313245 0.863225
1.314950 0.863165
1.308567 0.863138
1.302280 0.863100
1.260903 0.874703
1.259234 0.877779
1.322574 0.861956
1.315969 0.862356
1.309304 0.862580
1.296162 0.863050
1.302661 0.862870
1.295993 0.863054
1.289710 0.863363
1.283429 0.863932
1.277148 0.864652
1.259662 0.871098
1.258674 0.872356
1.538898 0.869781
1.532608 0.869219
1.530340 0.869393
1.533057 0.870233
1.526321 0.869089
1.520049 0.870891
1.513773 0.871998
1.507494 0.872760
1.501219 0.874106
1.494941 0.874967
1.527086 0.868735
1.520697 0.869783
2.029178 0.864524
2.022898 0.865190
2.016617 0.865754
2.043262 0.864029
2.036627 0.864342
2.030038 0.864789
2.023557 0.865557
2.011358 0.866101
2.016970 0.866012
2.010333 0.866047
2.004047 0.866059
1.997768 0.866847
1.991487 0.867453
2.017912 0.865028
2.011183 0.865064
2.004620 0.865590
2.207173 0.940052
2.207580 0.941756
2.238505 0.928640
2.239160 0.931677
2.232223 0.929044
2.225940 0.929566
2.219665 0.930765
2.213393 0.932382
2.207133 0.935423
2.205380 0.937034
2.207766 0.938482
2.477802 0.853372
2.464140 0.851855
2.457857 0.852149
2.451573 0.852449
2.465676 0.853557
2.458802 0.853161
2.448051 0.852476
2.451980 0.852923
2.445289 0.852672
2.439007 0.853099
2.432724 0.853446
3.039966 0.867898
3.033677 0.867578
3.053900 0.866378
3.047104 0.866217
3.040471 0.866536
3.028558 0.867468
3.033891 0.867010
3.027389 0.867470
3.021103 0.867443
3.014815 0.867222
3.041235 0.865013
3.034629 0.865414
3.028069 0.865950
3.021509 0.866491
3.012891 0.867036
3.014930 0.866968
3.369625 0.894452
3.356781 0.893299
3.362676 0.893839
3.355818 0.893001
3.363361 0.892070
3.349778 0.890933
3.356452 0.891569
3.349514 0.890836
0.210036 0.890068
0.204051 0.889857
0.211235 0.892126
0.203748 0.889818
0.197456 0.889204
0.191430 0.888739
0.198560 0.890735
0.191165 0.888691
0.706584 0.882837
0.700304 0.883450
0.714165 0.884350
0.707244 0.883817
0.698343 0.883653
0.700446 0.883650
0.694023 0.884207
0.687745 0.885111
0.681468 0.886130
0.675190 0.887069
0.668912 0.888025
0.662632 0.888757
0.656355 0.889773
0.683143 0.888509
0.676435 0.888606
0.669808 0.888944
1.108490 0.873504
1.102214 0.874639
1.095942 0.876284
1.089670 0.877867
1.083394 0.879093
1.077116 0.880047
1.070838 0.880940
1.064558 0.881596
1.059568 0.881229
1.058267 0.881139
1.059496 0.885156
1.241893 0.919370
1.235631 0.922098
1.229346 0.922307
1.245822 0.916715
1.369875 0.885531
1.374809 0.888266
1.367305 0.883495
1.423735 0.866789
1.417457 0.867758
1.411203 0.871389
1.409198 0.872995
1.405905 0.876768
1.365804 0.882503
1.367891 0.883942
1.424913 0.869376
1.417818 0.868331
1.412319 0.871998
1.362766 0.879285
1.360975 0.878460
1.928266 0.864347
1.921981 0.864482
1.935910 0.865509
1.929180 0.865544
1.920537 0.864500
1.922178 0.864772
1.915698 0.864776
1.909416 0.865306
1.903133 0.865712
1.896849 0.865884
1.917269 0.866420
1.910597 0.866627
1.903816 0.866505
1.896520 0.865903
1.896877 0.865915
2.161502 0.911931
2.168831 0.915440
2.160938 0.911751
2.154637 0.910060
2.153134 0.909851
2.154958 0.910485
2.148339 0.908638
2.254964 0.881075
2.248684 0.881696
2.242405 0.882602
2.144247 0.907934
2.239517 0.883064
2.236127 0.883527
2.236313 0.884346
2.229849 0.884453
2.230282 0.886445
2.223567 0.884828
2.224784 0.890120
2.217276 0.884370
2.215922 0.884369
2.369091 0.847024
2.356570 0.845643
2.362054 0.846155
2.355236 0.845701
2.348956 0.846406
2.342678 0.847357
2.336400 0.848169
2.330117 0.848559
2.350370 0.847670
2.343819 0.848233
2.337176 0.848525
2.325614 0.848543
2.330452 0.848571
2.323830 0.848591
2.638053 0.876398
2.645468 0.878332
2.637829 0.876394
2.638088 0.876449
2.631767 0.876445
2.625483 0.876718
2.619201 0.877199
2.626522 0.878318
2.615365 0.877426
2.619578 0.877716
2.612919 0.877621
2.606636 0.878103
3.060473 0.867221
3.074450 0.867348
3.067599 0.867021
3.057368 0.866528
3.060745 0.866687
3.054177 0.866012
3.047881 0.864922
3.061630 0.865527
3.054787 0.865224
3.047245 0.864867
3.047923 0.864857
3.376357 0.895847
3.390412 0.896117
3.383550 0.895759
3.374066 0.894887
3.376609 0.895169
3.370050 0.893503
3.384187 0.893859
3.377302 0.893429
3.367328 0.892471
3.370343 0.892785
3.363741 0.890875
3.676191 0.911585
3.666352 0.908554
3.668676 0.909308
3.662102 0.905563
3.669587 0.908187
3.661967 0.905465
3.657812 0.902619
3.662766 0.904176
3.655644 0.901209
0.244824 0.895698
0.244113 0.895752
0.245048 0.896258
0.238544 0.896308
0.232260 0.896677
0.225972 0.896427
0.223504 0.896365
0.219683 0.896021
0.563490 0.901760
0.557224 0.904103
0.550951 0.905653
0.544672 0.906554
0.538392 0.907150
0.613671 0.889433
0.607394 0.890422
0.601117 0.891514
0.594842 0.892775
0.588569 0.894271
0.582296 0.895686
0.576024 0.897447
0.569756 0.899463
0.568443 0.899924
0.563692 0.901635
0.557645 0.903684
0.551381 0.905096
0.544988 0.906130
0.535703 0.907132
0.538536 0.906983
0.532105 0.907080
0.609065 0.892481
0.602606 0.893320
0.596234 0.894412
0.589950 0.895762
0.583631 0.897015
0.577433 0.898627
0.571264 0.900327
1.040643 0.870916
1.034367 0.872074
1.028090 0.873183
1.021815 0.874467
1.015540 0.875694
1.009264 0.876874
1.002988 0.878165
0.996711 0.879175
1.048259 0.871841
1.041714 0.872414
1.035171 0.872999
1.028707 0.873818
1.022341 0.874926
1.015962 0.875994
1.009581 0.877057
1.003253 0.878280
0.992188 0.879858
0.996829 0.879218
0.990433 0.880117
0.984155 0.881020
0.977875 0.881744
1.239742 0.918848
1.233425 0.920094
1.222553 0.918838
1.226768 0.920342
1.219713 0.918040
1.213422 0.917379
1.252629 0.908322
1.251761 0.910720
1.212019 0.917228
1.213941 0.918466
1.207127 0.916389
1.253473 0.904214
1.252278 0.908442
1.204340 0.915038
1.207997 0.917061
1.255285 0.899922
1.364317 0.873411
1.359223 0.869268
1.357580 0.868584
1.354133 0.866491
1.351262 0.864913
1.577743 0.925484
1.569767 0.919200
1.568695 0.918224
1.570062 0.918893
1.564942 0.915134
1.565373 0.911158
1.665232 0.885297
1.664779 0.888597
1.669978 0.876821
1.666372 0.881134
1.665287 0.886313
1.751521 0.856360
1.745238 0.856762
1.738958 0.857382
1.676230 0.872757
1.670543 0.876331
1.670086 0.876783
1.765721 0.856787
1.759085 0.857098
1.752332 0.857061
1.745612 0.857123
1.738927 0.857383
1.738960 0.857384
1.732676 0.857913
1.726394 0.858406
1.720113 0.859049
1.713835 0.859951
1.989849 0.869450
2.002815 0.867847
1.996322 0.868574
1.989113 0.869521
1.989873 0.869433
1.983568 0.869968
1.977278 0.869496
1.970994 0.869747
2.010289 0.866187
2.003715 0.866682
1.997166 0.867248
1.990733 0.868160
1.984228 0.868857
1.977635 0.869294
1.970097 0.869781
1.971055 0.869769
1.964705 0.869554
2.203601 0.932052
2.249323 0.917140
2.243048 0.918411
2.243412 0.920531
2.236769 0.919239
2.237386 0.922633
2.230488 0.919849
2.231436 0.924959
2.224206 0.920311
2.225450 0.927187
2.217929 0.921336
2.219202 0.928643
2.211664 0.923735
2.212744 0.929478
2.205405 0.926945
2.204201 0.927997
2.205676 0.928511
2.443617 0.850663
2.437333 0.850834
2.431048 0.851111
2.445043 0.852343
2.438159 0.851920
2.429315 0.851202
2.431235 0.851379
2.424766 0.851546
2.418482 0.851766
2.412197 0.851811
2.701360 0.889602
2.695073 0.889381
2.702345 0.890843
2.694657 0.889362
2.695138 0.889469
2.688781 0.888773
2.682491 0.888312
2.689709 0.889562
2.681770 0.888300
2.682591 0.888442
2.676203 0.888184
3.244873 0.880575
3.237670 0.879216
3.230951 0.877380
3.238727 0.878520
3.227593 0.876145
3.231446 0.876922
3.224647 0.875314
3.232523 0.876339
3.220008 0.873925
3.225280 0.874846
3.218342 0.873210
3.612515 0.898910
3.599787 0.897722
3.605528 0.898188
3.598701 0.897113
3.605972 0.895679
3.594180 0.895025
3.599110 0.895324
3.592391 0.894345
3.606523 0.893535
3.599675 0.893218
3.588306 0.892430
3.592810 0.892850
3.586077 0.891105
2.244902 0.952348
2.243674 0.952376
2.243753 0.952841
2.237396 0.953286
2.235161 0.954479
2.237614 0.954609
2.519452 0.858626
2.513164 0.858347
2.533551 0.858734
2.526640 0.858232
2.519928 0.858316
2.512760 0.858333
2.513195 0.858341
2.506877 0.858309
2.500584 0.857504
2.514388 0.858082
2.507596 0.857929
2.499552 0.857341
2.500692 0.857446
2.494297 0.857388
2.778853 0.905425
2.764655 0.901209
2.772547 0.902892
2.760858 0.900277
2.765283 0.901346
2.758350 0.899137
2.765847 0.899231
2.753602 0.897976
2.758907 0.898639
2.752048 0.897321
3.169378 0.873472
3.196083 0.872033
3.189491 0.872471
3.182853 0.872773
3.176277 0.873258
3.165733 0.873574
3.169562 0.873333
3.163094 0.873707
3.156807 0.873637
3.150523 0.873758
3.177154 0.872056
3.170531 0.872403
3.163992 0.873003
3.157346 0.873285
3.147917 0.873593
3.150734 0.873668
3.144234 0.873429
3.505783 0.903089
3.532380 0.901134
3.525756 0.901481
3.519118 0.901785
3.512549 0.902289
3.504241 0.902529
3.505871 0.902474
3.499478 0.900896
3.526024 0.898464
3.519412 0.898846
3.512846 0.899365
3.506207 0.899663
3.497543 0.900094
3.499591 0.900036
3.493174 0.898826
3.519725 0.896006
3.513136 0.896460
3.506520 0.896829
2.554571 0.863848
2.561915 0.866677
2.554237 0.863812
2.547949 0.863706
2.542656 0.862540
2.549230 0.865226
2.541652 0.862368
2.535364 0.862180
2.530409 0.861363
2.729152 0.894201
2.715609 0.892165
2.709321 0.891825
2.716526 0.892910
2.708195 0.891774
2.709468 0.891969
2.703029 0.891204
2.696737 0.890545
2.710830 0.892229
2.703832 0.891466
2.696318 0.890504
2.696788 0.890565
3.148866 0.873683
3.162962 0.873749
3.156230 0.873776
3.142658 0.873256
3.149502 0.873817
3.142577 0.873253
3.136291 0.873252
3.130000 0.872594
3.143940 0.873509
3.137185 0.873465
3.128796 0.872399
3.130163 0.872633
3.123705 0.871639
3.472601 0.903755
3.465796 0.903567
3.453491 0.902902
3.458989 0.903369
3.452181 0.902651
3.445881 0.901064
3.459944 0.902399
3.452968 0.901702
3.445080 0.900843
3.445968 0.900936
3.439584 0.899777
3.739168 0.922205
3.732531 0.922513
3.720541 0.922097
3.725752 0.922398
3.719015 0.921565
3.733026 0.920175
3.726265 0.920114
3.713345 0.919769
3.719462 0.919931
3.712711 0.919611
3.707031 0.917290
2.175211 0.917142
2.169210 0.915615
2.176292 0.917560
2.168911 0.915451
2.162606 0.913229
2.176709 0.915014
2.169752 0.914373
2.162479 0.913195
2.162626 0.913228
2.260015 0.887874
2.256679 0.888033
2.257003 0.889539
2.250396 0.888396
2.251363 0.892782
2.244117 0.889183
2.245412 0.895111
2.237842 0.890425
2.239269 0.896875
2.231567 0.891765
2.233064 0.898462
2.225284 0.892155
2.222846 0.892126
2.218993 0.891509
2.219890 0.895600
2.382044 0.846666
2.375760 0.846977
2.389729 0.848248
2.382669 0.847308
2.374618 0.847061
2.375837 0.847041
2.369478 0.847508
2.363192 0.847489
2.356905 0.847361
2.371052 0.849035
2.364060 0.848289
2.354900 0.847493
2.357034 0.847443
2.350624 0.848005
2.344345 0.848811
2.687107 0.886532
2.684100 0.886302
2.687736 0.887518
2.680816 0.885995
2.674530 0.885956
2.668631 0.885789
2.675478 0.887337
2.668242 0.885753
2.661950 0.885171
3.107813 0.870487
3.121893 0.871913
3.114819 0.870936
3.106924 0.870341
3.107914 0.870453
3.101520 0.869715
3.109130 0.870230
3.096483 0.868712
3.102138 0.869487
3.095224 0.868481
3.088928 0.867345
3.086597 0.867013
3.089175 0.867259
3.431018 0.900406
3.418489 0.899828
3.424177 0.900114
3.417415 0.899555
3.424998 0.898721
3.411482 0.897443
3.418031 0.898056
3.411109 0.897316
3.418740 0.896382
3.405467 0.894882
3.411746 0.895630
3.404799 0.894606
3.676546 0.911691
3.683668 0.913755
3.676247 0.911543
3.671650 0.908857
3.677183 0.910719
3.669928 0.907756
3.667476 0.905904
2.750397 0.897695
2.757905 0.899468
2.748872 0.897529
2.750624 0.897874
2.744101 0.896496
2.751839 0.897669
2.738700 0.895854
2.744751 0.896641
2.737807 0.895694
2.731514 0.894816
3.209897 0.873011
3.196998 0.872098
3.202932 0.872351
3.196164 0.871965
3.189880 0.872074
3.183591 0.871919
3.203937 0.871521
3.196946 0.870779
3.190335 0.871163
3.180355 0.871849
3.183737 0.871589
3.177304 0.871706
3.171018 0.871752
3.598592 0.897616
3.578177 0.895898
3.592225 0.894898
3.585323 0.894424
3.573361 0.894211
3.578508 0.894204
3.571873 0.893703
3.585847 0.892190
3.579003 0.891882
3.565617 0.892022
3.572228 0.891780
3.565572 0.892008
3.770812 0.921829
3.772777 0.921924
3.770258 0.918041
3.772731 0.917986
3.769729 0.914278
3.772671 0.914032
3.000263 0.871055
2.993643 0.871409
2.987024 0.871768
2.976340 0.872084
2.980349 0.871961
2.973831 0.871959
2.967546 0.872094
2.961261 0.872336
2.954981 0.872968
2.987709 0.869975
2.981094 0.870349
2.974510 0.870811
2.967986 0.871454
2.961457 0.872082
2.954196 0.873035
2.955004 0.872933
2.948699 0.873431
2.942418 0.874029
2.981701 0.868379
3.355722 0.893210
3.348801 0.892682
3.337645 0.892119
3.341975 0.892432
3.335291 0.891330
3.349488 0.890908
3.342624 0.890544
3.330224 0.889837
3.335732 0.890097
3.328989 0.889430
3.322747 0.887613
3.322687 0.887598
3.661942 0.905516
3.649565 0.902931
3.654604 0.903753
3.647707 0.901585
3.655263 0.901913
3.645441 0.899937
3.648005 0.900378
3.335052 0.891896
3.328192 0.891545
3.318555 0.890930
3.321292 0.891077
3.314767 0.890067
3.328872 0.889746
3.322044 0.889486
3.309876 0.888917
3.315222 0.889245
3.308468 0.888493
3.322681 0.887611
3.315874 0.887411
3.302827 0.886592
3.309012 0.887051
3.302163 0.886346
3.647460 0.902564
3.633913 0.900987
3.640382 0.901571
3.633472 0.900724
3.640848 0.899148
3.629968 0.897943
3.633892 0.898509
3.627146 0.896135
3.625250 0.895108
3.627348 0.895326
3.437940 0.900998
3.452021 0.902705
3.444923 0.901653
3.437792 0.900970
3.437954 0.900981
3.431645 0.899858
3.438923 0.900033
3.428454 0.899104
3.431953 0.899358
3.425343 0.898190
3.421589 0.896740
3.425740 0.897152
3.704777 0.920371
3.718879 0.922009
3.712011 0.921635
3.704554 0.920227
3.704810 0.920280
3.712656 0.919736
3.699112 0.917504
3.705516 0.918554
3.698464 0.917274
3.706328 0.917196
3.692851 0.915002
3.699249 0.916192
3.692156 0.914756
