0.510789 0.935177
0.503957 0.934813
0.497166 0.934604
0.497139 0.934617
0.497170 0.934619
0.517621 0.935460
0.510634 0.934522
0.498588 0.934009
0.503792 0.934125
0.799385 0.931597
0.792654 0.931605
0.781791 0.931598
0.785902 0.931540
0.799399 0.931574
0.792667 0.931581
0.781179 0.931557
0.785908 0.931490
0.930487 0.943352
0.923658 0.943006
0.915917 0.942647
0.916848 0.942725
0.930475 0.943199
0.923668 0.942930
0.915245 0.942586
0.916879 0.942726
0.930463 0.943092
0.923674 0.942884
0.914842 0.942495
0.916885 0.942684
1.302730 0.925380
1.296077 0.925680
1.289450 0.926075
1.282866 0.926628
1.272941 0.926764
1.276150 0.926697
1.296187 0.925981
1.289554 0.926357
1.282967 0.926900
1.270617 0.927157
1.276279 0.927073
1.269608 0.927248
1.296239 0.926120
1.289640 0.926618
1.283015 0.927020
1.276329 0.927200
1.269559 0.927254
1.269610 0.927253
1.637279 0.892551
1.627427 0.891380
1.630313 0.891691
1.623733 0.892177
1.637692 0.893980
1.630771 0.893290
1.623148 0.892307
1.623791 0.892382
1.631018 0.894152
1.619933 0.892994
1.624065 0.893344
1.885775 0.914955
1.879178 0.915459
1.872490 0.915631
1.865953 0.916360
1.855479 0.917136
1.859424 0.917115
1.898374 0.911663
1.891892 0.912593
1.885383 0.913422
1.878800 0.913983
1.872216 0.914538
1.865741 0.915492
1.859104 0.915824
1.856980 0.916513
1.859274 0.916478
2.194973 0.912943
2.208602 0.913438
2.196151 0.912414
2.201787 0.913143
2.215372 0.913506
2.208518 0.913060
2.197400 0.911871
2.201640 0.912531
2.657672 0.880879
2.650984 0.881049
2.644312 0.881278
2.637801 0.882102
2.626653 0.883620
2.631303 0.882972
2.657681 0.880804
2.650980 0.880926
2.644265 0.880995
2.637735 0.881751
2.631092 0.882034
2.628513 0.882875
2.631208 0.882514
2.657675 0.880718
2.650950 0.880753
2.644195 0.880674
2.632106 0.881706
2.637592 0.881160
2.925511 0.875241
2.918945 0.875862
2.912371 0.876457
2.905785 0.877002
2.898357 0.877371
2.899146 0.877350
2.932088 0.874562
2.925436 0.874868
2.918869 0.875483
2.912305 0.876110
2.905732 0.876707
2.899052 0.876883
2.898801 0.877016
2.899079 0.877009
2.931955 0.874020
2.925351 0.874500
2.918756 0.875014
2.912194 0.875650
2.899694 0.876589
2.905624 0.876254
3.732753 0.872097
3.726049 0.872211
3.714266 0.871875
3.719331 0.872268
3.712589 0.872191
3.732915 0.872626
3.726199 0.872693
3.719479 0.872745
3.711687 0.872369
3.712675 0.872488
0.264326 0.478738
0.217595 0.491387
0.216057 0.493098
0.211127 0.499760
0.632791 0.938087
0.626086 0.938197
0.619388 0.938329
0.612787 0.938822
0.603181 0.939563
0.606200 0.939365
0.632577 0.937221
0.625883 0.937369
0.619240 0.937705
0.612647 0.938227
0.606002 0.938540
0.605194 0.938807
0.606057 0.938754
0.909947 0.942107
0.897267 0.940966
0.903043 0.941479
0.909968 0.942074
0.896628 0.940894
0.903076 0.941489
0.896189 0.940871
0.909968 0.942005
0.903095 0.941495
0.895994 0.940865
0.896198 0.940894
1.375052 0.918905
1.368397 0.919198
1.361977 0.920358
1.355433 0.921059
1.348760 0.921284
1.340150 0.922031
1.342173 0.921825
1.375010 0.918650
1.368356 0.918944
1.361904 0.919988
1.355365 0.920708
1.348732 0.921079
1.339131 0.922072
1.342163 0.921689
1.437702 0.901427
1.431167 0.902162
1.424844 0.903679
1.418758 0.906071
1.412709 0.908602
1.374859 0.918038
1.368246 0.918484
1.361753 0.919375
1.355262 0.920272
1.348696 0.920895
1.338552 0.922041
1.342145 0.921571
0.455400 0.929580
0.448825 0.930169
0.442430 0.931419
0.436068 0.932798
0.429702 0.934152
0.423347 0.935553
0.417030 0.937094
0.410728 0.938689
0.404437 0.940327
0.398125 0.941884
0.391780 0.943320
0.385402 0.944610
0.384875 0.944814
0.385420 0.944701
0.462016 0.929060
0.455172 0.928652
0.448662 0.929478
0.442238 0.930628
0.435824 0.931810
0.429282 0.932491
0.429427 0.933053
0.423016 0.934231
0.423075 0.934463
0.416744 0.935939
0.416783 0.936094
0.410466 0.937623
0.410521 0.937840
0.404185 0.939286
0.404276 0.939646
0.397912 0.940988
0.397999 0.941330
0.391645 0.942724
0.388176 0.943703
0.391683 0.942878
0.665914 0.936082
0.698599 0.932426
0.691957 0.932770
0.685418 0.933487
0.678915 0.934343
0.666387 0.935915
0.672417 0.935217
0.698502 0.931993
0.691844 0.932274
0.685282 0.932908
0.678775 0.933749
0.669327 0.934909
0.672271 0.934597
1.083679 0.937102
1.077049 0.937487
1.070520 0.938245
1.063987 0.938988
1.057460 0.939750
1.047391 0.940707
1.050934 0.940520
1.077134 0.937695
1.070629 0.938542
1.064113 0.939345
1.057556 0.940001
1.045963 0.940854
1.050985 0.940600
1.077179 0.937799
1.070667 0.938618
1.064146 0.939409
1.057554 0.939931
1.045449 0.940798
1.050967 0.940476
1.609518 0.889516
1.623366 0.890909
1.616481 0.890353
1.609225 0.889577
1.609543 0.889598
1.616809 0.891464
1.605648 0.890313
1.609869 0.890706
1.603187 0.890855
1.617161 0.892717
1.610211 0.891919
1.601818 0.891166
1.603308 0.891294
1.885976 0.915772
1.944013 0.906206
1.937455 0.906857
1.931002 0.907894
1.924538 0.908894
1.918079 0.909906
1.911627 0.910951
1.905179 0.912009
1.898478 0.912062
1.898753 0.913143
1.892221 0.913868
1.890351 0.914427
1.892303 0.914195
1.950303 0.904483
1.943705 0.904987
1.937185 0.905777
1.930738 0.906836
1.924217 0.907625
1.917697 0.908415
1.910994 0.908499
1.911257 0.909499
1.904737 0.910281
1.901796 0.911114
1.904822 0.910605
2.276884 0.916916
2.270125 0.916823
2.263391 0.916822
2.256481 0.916122
2.254686 0.916759
2.256648 0.916791
2.283211 0.915348
2.276410 0.915098
2.269718 0.915253
2.257386 0.915827
2.263098 0.915674
2.812070 0.879079
2.805392 0.879287
2.798712 0.879490
2.791910 0.879211
2.791704 0.879322
2.791935 0.879328
2.818671 0.878484
2.811967 0.878597
2.805343 0.879001
2.792616 0.878837
2.798650 0.879156
2.818511 0.877837
2.811831 0.878037
2.805241 0.878571
2.793547 0.878395
2.798536 0.878680
3.193477 0.870075
3.186848 0.870462
3.180214 0.870837
3.170497 0.871005
3.173512 0.870954
3.193455 0.869904
3.186818 0.870261
3.180191 0.870659
3.170602 0.870751
3.173472 0.870715
0.261422 0.472793
0.224921 0.482673
0.221190 0.487183
0.237437 0.970184
0.230732 0.970292
0.224090 0.970629
0.217577 0.971446
0.206269 0.972969
0.211060 0.972248
0.237320 0.969666
0.230658 0.969933
0.224057 0.970423
0.217531 0.971191
0.206603 0.972661
0.211009 0.971976
0.599503 0.939502
0.592712 0.939293
0.586054 0.939568
0.579231 0.939192
0.578633 0.939477
0.579300 0.939498
0.599321 0.938751
0.592587 0.938751
0.579778 0.938956
0.585930 0.939032
1.242756 0.927716
1.236103 0.928017
1.229541 0.928652
1.222981 0.929293
1.216472 0.930121
1.208581 0.930725
1.209891 0.930693
1.236254 0.928471
1.229682 0.929069
1.223178 0.929916
1.216687 0.930817
1.203936 0.931746
1.210133 0.931483
1.203499 0.931843
1.236342 0.928742
1.229774 0.929353
1.223321 0.930388
1.216854 0.931376
1.210342 0.932194
1.199313 0.932806
1.203714 0.932586
1.686889 0.901672
1.673364 0.899134
1.679804 0.900377
1.672768 0.899243
1.680141 0.901529
1.670397 0.899710
1.673055 0.900230
1.680419 0.902512
1.667260 0.900379
1.673374 0.901365
2.051155 0.903977
2.044361 0.903758
2.031850 0.903046
2.037500 0.903290
2.051021 0.903405
2.044205 0.903101
2.033369 0.902422
2.037349 0.902652
1.483335 0.896027
1.476836 0.896896
1.470351 0.897813
1.463922 0.898937
1.457519 0.900164
1.451097 0.901315
1.444663 0.902420
1.438299 0.903792
1.432042 0.905554
1.425897 0.907728
1.419799 0.910071
1.413693 0.912396
1.407500 0.914391
1.401190 0.915956
1.394794 0.917204
1.388352 0.918283
1.376717 0.918863
1.381784 0.918897
1.483448 0.896337
1.476916 0.897086
1.470400 0.897890
1.463933 0.898878
1.457476 0.899903
1.450981 0.900784
1.444485 0.901666
1.437841 0.901953
1.438050 0.902766
1.431577 0.903706
1.431749 0.904365
1.425301 0.905396
1.425541 0.906310
1.419018 0.907051
1.419404 0.908517
1.412734 0.908697
1.413273 0.910743
1.407110 0.912850
1.400901 0.914790
1.394659 0.916609
1.388306 0.918012
1.376702 0.918633
1.381728 0.918591
1.483430 0.896218
1.476883 0.896912
1.470374 0.897740
1.463891 0.898668
1.457373 0.899464
1.450833 0.900182
1.440009 0.901309
1.444308 0.900954
1.411870 0.908926
1.406580 0.910839
1.400417 0.912945
1.394270 0.915117
1.388002 0.916838
1.379036 0.917814
1.381502 0.917703
1.784893 0.915431
1.778038 0.914986
1.766631 0.914266
1.771210 0.914642
1.784780 0.914927
1.777933 0.914514
1.767270 0.913873
1.771130 0.914259
2.153733 0.909766
2.146857 0.909237
2.135133 0.908739
2.140038 0.908923
2.153483 0.908764
2.146595 0.908195
2.139608 0.907246
2.138243 0.907690
2.139735 0.907731
2.684438 0.880250
2.677688 0.880193
2.671044 0.880525
2.661531 0.880910
2.664384 0.880795
2.684399 0.879996
2.677664 0.879993
2.670998 0.880246
2.661238 0.880747
2.664351 0.880567
2.684361 0.879796
2.677686 0.880017
2.670984 0.880130
2.661094 0.880591
2.664311 0.880359
3.589363 0.864812
3.582548 0.864510
3.570143 0.863776
3.575717 0.864157
3.568949 0.863980
3.582681 0.864929
3.575851 0.864573
3.567963 0.864156
3.569034 0.864268
0.217972 0.525105
0.211685 0.526715
0.241596 0.518544
0.237196 0.521426
0.231225 0.524245
0.225086 0.526443
0.218838 0.528240
0.209925 0.527118
0.212344 0.529124
0.725293 0.931532
0.718542 0.931472
0.711875 0.931719
0.704222 0.932403
0.705299 0.932304
0.725369 0.931736
0.718602 0.931615
0.711896 0.931718
0.704394 0.932147
0.705263 0.932092
1.203200 0.930851
1.196545 0.931139
1.189904 0.931487
1.179924 0.931752
1.183224 0.931686
1.176720 0.932462
1.203475 0.931762
1.196798 0.931974
1.190167 0.932352
1.183493 0.932576
1.175022 0.932842
1.176825 0.932823
1.197071 0.932925
1.190380 0.933083
1.183694 0.933259
1.171452 0.933616
1.177017 0.933468
1.729335 0.909211
1.718073 0.907221
1.722251 0.907916
1.729387 0.909312
1.716247 0.907492
1.722412 0.908421
1.715462 0.907595
1.176513 0.931770
1.169842 0.932003
1.163179 0.932266
1.150108 0.933094
1.156557 0.932681
1.149946 0.933129
1.170108 0.932882
1.163478 0.933265
1.156844 0.933639
1.145040 0.934226
1.150199 0.933965
1.143626 0.934532
1.170329 0.933639
1.163657 0.933870
1.157022 0.934233
1.150364 0.934514
1.141069 0.935109
1.143745 0.934937
1.764310 0.914027
1.757302 0.913016
1.749549 0.912161
1.750371 0.912290
1.764195 0.913513
1.757265 0.912791
1.750158 0.911774
1.750259 0.911786
2.133208 0.908572
2.126345 0.908098
2.114554 0.907580
2.119574 0.907958
2.132913 0.907407
2.126072 0.907012
2.119085 0.906055
2.117133 0.906673
2.119271 0.906763
2.624788 0.883783
2.618257 0.884532
2.611656 0.885025
2.605020 0.885385
2.598441 0.885964
2.591777 0.886125
2.589857 0.886850
2.591879 0.886596
2.624663 0.883211
2.618107 0.883869
2.611480 0.884266
2.604869 0.884723
2.592120 0.885995
2.598316 0.885389
2.631026 0.881780
2.624474 0.882453
2.617874 0.882948
2.611235 0.883299
2.604672 0.883927
2.595166 0.884975
2.598137 0.884665
3.065756 0.870915
3.059067 0.871082
3.052416 0.871392
3.045586 0.870942
3.043685 0.871681
3.045744 0.871622
3.072340 0.870265
3.065588 0.870199
3.058934 0.870495
3.045625 0.870927
3.052271 0.870756
3.072096 0.869318
3.065366 0.869334
3.058720 0.869660
3.048921 0.869854
3.052032 0.869829
0.256269 0.467574
0.251800 0.468666
0.256878 0.469767
0.249973 0.469129
0.243686 0.470756
0.237414 0.472467
0.234503 0.473349
0.231574 0.475797
0.226291 0.481152
0.092890 0.983505
0.132096 0.979061
0.125487 0.979524
0.118923 0.980151
0.112415 0.980984
0.105904 0.981811
0.099395 0.982643
0.091641 0.983807
0.092929 0.983632
0.125697 0.980213
0.119079 0.980642
0.112534 0.981338
0.106014 0.982130
0.099477 0.982857
0.089087 0.984278
0.092980 0.983736
0.105965 0.981905
0.099416 0.982592
0.090302 0.983772
0.092905 0.983412
0.551903 0.937799
0.545088 0.937499
0.538175 0.936756
0.537192 0.937235
0.538280 0.937225
0.551780 0.937263
0.538181 0.936753
0.544941 0.936877
0.847215 0.934200
0.861112 0.935734
0.854209 0.935109
0.846176 0.934360
0.847296 0.934446
0.861182 0.935922
0.854306 0.935394
0.844719 0.934551
0.847421 0.934837
1.044287 0.940840
1.037771 0.941648
1.031222 0.942331
1.024578 0.942666
1.013555 0.943137
1.017947 0.943042
1.044331 0.940896
1.037780 0.941574
1.031192 0.942114
1.024530 0.942378
1.013562 0.942894
1.017903 0.942776
1.044329 0.940830
1.037734 0.941343
1.031122 0.941794
1.024460 0.942058
1.014062 0.942563
1.017832 0.942451
0.269332 0.490929
0.267454 0.491353
0.264119 0.496510
0.208935 0.507193
0.206561 0.507740
0.208246 0.513987
0.302138 0.960434
0.295772 0.961793
0.289377 0.963049
0.282972 0.964263
0.276555 0.965434
0.270125 0.966557
0.263656 0.967536
0.257138 0.968330
0.250603 0.969067
0.241490 0.970164
0.244098 0.969911
0.302092 0.960180
0.295710 0.961481
0.289297 0.962669
0.282883 0.963847
0.276459 0.964992
0.270034 0.966136
0.263595 0.967227
0.257103 0.968120
0.250571 0.968866
0.242151 0.969768
0.244042 0.969621
0.752144 0.931215
0.745408 0.931212
0.738784 0.931615
0.731059 0.931869
0.732105 0.931818
0.752172 0.931249
0.745456 0.931311
0.738842 0.931754
0.729744 0.932016
0.732149 0.931910
0.957584 0.943946
0.950838 0.943902
0.944168 0.944136
0.936265 0.943869
0.937389 0.943976
0.957609 0.943931
0.950852 0.943845
0.944193 0.944119
0.935670 0.943787
0.937425 0.943994
0.957569 0.943717
0.950819 0.943657
0.944148 0.943890
0.935538 0.943624
0.937399 0.943835
1.489793 0.895027
1.522642 0.891970
1.516023 0.892394
1.509409 0.892843
1.502860 0.893522
1.496316 0.894228
1.488684 0.895287
1.489818 0.895098
1.516231 0.893063
1.509592 0.893414
1.502993 0.893915
1.496432 0.894551
1.484356 0.896223
1.489909 0.895334
1.516366 0.893509
1.509701 0.893762
1.503088 0.894212
1.496510 0.894785
1.483816 0.896182
1.489938 0.895383
0.209991 0.520471
0.258188 0.507322
0.254708 0.511490
0.248894 0.514890
0.242941 0.517775
0.207925 0.520928
0.476186 0.931737
0.469202 0.930815
0.462395 0.930530
0.461986 0.930672
0.462433 0.930683
0.475922 0.930677
0.464962 0.929649
0.468993 0.929959
0.806173 0.931849
0.819769 0.932266
0.812990 0.932101
0.805084 0.932022
0.806238 0.932033
0.819827 0.932407
0.813048 0.932244
0.804317 0.932024
0.806272 0.932089
1.269466 0.926879
1.262780 0.927058
1.256114 0.927308
1.244923 0.927618
1.249414 0.927436
1.242856 0.928010
1.269577 0.927186
1.262896 0.927385
1.256227 0.927626
1.249563 0.927883
1.241887 0.928203
1.242906 0.928166
1.262955 0.927546
1.256261 0.927692
1.249623 0.928048
1.240234 0.928460
1.242953 0.928286
1.701093 0.904394
1.687945 0.901917
1.694041 0.903219
1.687010 0.902084
1.694330 0.904194
1.685040 0.902477
1.687235 0.902860
1.694460 0.904629
1.682726 0.902924
1.687450 0.903607
2.112680 0.907368
2.105871 0.907092
2.093943 0.906429
2.099097 0.906943
2.112435 0.906388
2.105659 0.906232
2.095250 0.905865
2.098888 0.906098
2.450003 0.909759
2.443380 0.910171
2.436798 0.910732
2.430324 0.911693
2.418299 0.913097
2.423854 0.912670
2.449926 0.909367
2.443168 0.909277
2.436602 0.909903
2.430180 0.911052
2.419771 0.912456
2.423719 0.912062
2.456535 0.908843
2.449743 0.908629
2.442957 0.908435
2.436427 0.909193
2.430002 0.910331
2.423513 0.911234
2.423127 0.911351
2.423530 0.911301
2.985415 0.872646
2.978706 0.872740
2.972036 0.872975
2.963799 0.873116
2.965329 0.873077
2.985297 0.872113
2.978612 0.872294
2.971953 0.872571
2.965193 0.872455
2.964797 0.872614
2.965228 0.872604
2.991904 0.871593
2.985145 0.871501
2.978467 0.871706
2.966349 0.872009
2.971805 0.871971
3.292850 0.864025
3.286278 0.864625
3.279717 0.865263
3.273164 0.865931
3.266623 0.866643
3.258384 0.867405
3.260071 0.867315
3.292931 0.864239
3.286351 0.864803
3.279773 0.865383
3.273206 0.865998
3.266660 0.866696
3.256971 0.867565
3.260124 0.867424
3.547958 0.861118
3.536680 0.859374
3.540941 0.860072
3.548181 0.861863
3.534364 0.859788
3.541155 0.860784
3.534163 0.859825
0.165314 0.977456
0.204558 0.973105
0.198061 0.973981
0.191614 0.975042
0.185105 0.975872
0.178585 0.976664
0.171998 0.977208
0.164311 0.977596
0.165364 0.977576
0.204507 0.972832
0.198021 0.973751
0.191559 0.974754
0.185075 0.975678
0.178563 0.976497
0.171977 0.977043
0.163325 0.977644
0.165377 0.977540
0.896130 0.940818
0.896162 0.940826
0.889127 0.939712
0.880071 0.938645
0.882201 0.939006
0.889176 0.939825
0.879630 0.938564
0.882224 0.939022
1.335622 0.922502
1.329030 0.923028
1.322524 0.923872
1.315986 0.924595
1.302975 0.925363
1.309345 0.924941
1.302740 0.925402
1.335653 0.922517
1.329085 0.923131
1.322599 0.924048
1.316080 0.924840
1.309461 0.925267
1.300769 0.925726
1.302831 0.925650
1.335645 0.922435
1.329146 0.923302
1.322662 0.924223
1.316130 0.924970
1.309506 0.925378
1.299192 0.925964
1.302905 0.925869
0.211155 0.499866
0.267430 0.484628
0.211054 0.499888
0.086332 0.984138
0.079750 0.984701
0.073200 0.985380
0.066696 0.986229
0.053810 0.987316
0.060170 0.986998
0.053541 0.987379
0.047235 0.988885
0.086443 0.984458
0.079915 0.985222
0.073419 0.986100
0.066926 0.986995
0.060410 0.987800
0.053848 0.988432
0.047206 0.988732
0.046833 0.988985
0.047253 0.988947
0.086355 0.984091
0.079859 0.984974
0.073391 0.985955
0.066907 0.986879
0.060390 0.987682
0.047272 0.988689
0.053817 0.988274
0.572380 0.938809
0.565652 0.938835
0.557573 0.938448
0.558823 0.938483
0.579153 0.938875
0.572245 0.938235
0.565522 0.938276
0.558684 0.937872
0.558206 0.938064
0.558737 0.938088
0.875101 0.937655
0.864223 0.936205
0.868107 0.936698
0.875128 0.937684
0.863490 0.936201
0.868134 0.936726
2.585337 0.887305
2.578775 0.887940
2.572227 0.888628
2.565742 0.889545
2.559281 0.890555
2.552862 0.891720
2.546496 0.893078
2.540164 0.894564
2.533848 0.896109
2.527546 0.897702
2.521061 0.898520
2.521239 0.899280
2.514792 0.900251
2.514955 0.900940
2.508519 0.901957
2.508692 0.902678
2.502245 0.903662
2.502426 0.904408
2.495973 0.905370
2.496152 0.906107
2.489704 0.907102
2.486636 0.908058
2.489830 0.907629
2.591753 0.886020
2.585187 0.886641
2.578625 0.887275
2.572097 0.888040
2.565605 0.888932
2.559145 0.889943
2.552744 0.891175
2.546385 0.892559
2.540042 0.894005
2.533578 0.894949
2.533699 0.895450
2.527323 0.896747
2.522938 0.897991
2.527371 0.896947
2.591572 0.885288
2.584999 0.885888
2.578456 0.886590
2.571927 0.887344
2.565437 0.888248
2.559007 0.889368
2.552631 0.890694
2.546275 0.892086
2.535141 0.894492
2.539917 0.893479
3.685488 0.871632
3.678721 0.871511
3.668141 0.870900
3.671943 0.871348
3.685609 0.872006
3.678842 0.871886
3.666282 0.871198
3.672045 0.871654
0.158502 0.977104
0.151821 0.977303
0.145261 0.977945
0.134116 0.979039
0.138702 0.978592
0.132212 0.979445
0.158595 0.977361
0.151900 0.977503
0.145353 0.978197
0.138815 0.978920
0.129773 0.979996
0.132284 0.979669
0.779126 0.931385
0.772333 0.931168
0.765693 0.931515
0.756730 0.931651
0.758985 0.931613
0.779157 0.931426
0.772385 0.931286
0.765716 0.931526
0.756138 0.931604
0.758995 0.931572
0.984449 0.943683
0.977726 0.943724
0.971074 0.944029
0.960557 0.944023
0.964366 0.944121
0.984428 0.943495
0.977700 0.943517
0.971059 0.943863
0.959807 0.943984
0.964376 0.944052
0.984378 0.943246
0.977635 0.943214
0.970990 0.943544
0.959864 0.943771
0.964329 0.943816
1.555809 0.890114
1.549033 0.889959
1.542421 0.890412
1.535852 0.891019
1.526366 0.891816
1.529265 0.891563
1.522832 0.892593
1.549319 0.890914
1.542644 0.891133
1.536064 0.891701
1.529472 0.892228
1.521742 0.892834
1.522878 0.892745
1.549578 0.891817
1.542834 0.891779
1.536195 0.892132
1.529606 0.892665
1.518855 0.893429
1.523003 0.893152
1.825707 0.916945
1.818986 0.916993
1.808199 0.916474
1.812152 0.916623
1.825631 0.916580
1.818889 0.916547
1.807408 0.916470
1.812122 0.916427
2.174200 0.910741
2.167358 0.910341
2.155626 0.909922
2.160557 0.910095
2.174047 0.910102
2.167175 0.909594
2.157879 0.909105
2.160334 0.909199
0.249780 0.468424
0.243136 0.468757
0.237037 0.471102
0.378955 0.945693
0.372499 0.946718
0.366069 0.947843
0.359704 0.949207
0.353355 0.950628
0.346970 0.951915
0.340622 0.953344
0.334257 0.954705
0.327809 0.955763
0.321340 0.956745
0.314878 0.957744
0.302991 0.960248
0.308475 0.958967
0.385329 0.944279
0.378922 0.945488
0.372486 0.946588
0.366058 0.947718
0.359688 0.949060
0.353324 0.950429
0.346934 0.951699
0.340581 0.953108
0.334210 0.954447
0.327775 0.955554
0.321313 0.956559
0.314852 0.957567
0.303629 0.959858
0.308442 0.958762
0.632847 0.938320
0.665874 0.935919
0.659173 0.936041
0.652501 0.936271
0.645924 0.936850
0.633529 0.938078
0.639359 0.937474
0.665626 0.934925
0.658960 0.935177
0.652331 0.935566
0.645776 0.936227
0.636036 0.937190
0.639220 0.936885
1.116882 0.935392
1.149937 0.933101
1.143322 0.933542
1.136767 0.934204
1.130134 0.934579
1.123513 0.934995
1.116266 0.935523
1.116912 0.935487
1.143550 0.934281
1.136948 0.934765
1.130322 0.935167
1.123714 0.935631
1.112092 0.936415
1.117118 0.936142
1.110555 0.936739
1.137118 0.935336
1.130506 0.935786
1.123897 0.936249
1.117287 0.936707
1.109010 0.937055
1.110646 0.937049
1.658533 0.896441
1.672694 0.898990
1.665593 0.897637
1.658273 0.896490
1.658565 0.896549
1.665940 0.898822
1.655504 0.897010
1.658917 0.897756
1.666324 0.900198
1.652366 0.897679
1.659267 0.898999
2.229375 0.915550
2.222490 0.914989
2.215448 0.913811
2.214962 0.914052
2.215520 0.914122
2.229196 0.914816
2.215971 0.913575
2.222315 0.914273
2.764745 0.878393
2.758017 0.878418
2.751372 0.878746
2.742856 0.879085
2.744697 0.878962
2.764665 0.877990
2.757937 0.878016
2.751316 0.878432
2.743344 0.878713
2.744645 0.878667
2.771296 0.877557
2.764575 0.877601
2.757844 0.877612
2.751250 0.878129
2.743844 0.878386
2.744583 0.878379
3.425098 0.855040
3.418451 0.855361
3.411782 0.855600
3.399653 0.856086
3.405109 0.855827
3.398516 0.856310
3.418692 0.856164
3.411994 0.856300
3.405275 0.856350
3.396352 0.856759
3.398609 0.856605
3.623657 0.867112
3.611622 0.866008
3.616739 0.866436
3.609980 0.866277
3.623780 0.867493
3.616859 0.866801
3.609670 0.866328
3.610009 0.866369
0.264764 0.498942
0.208277 0.514103
0.261763 0.499624
0.259418 0.504019
0.208237 0.514112
0.053518 0.987301
0.046750 0.987177
0.040207 0.987884
0.033713 0.988767
0.040557 0.989086
0.033927 0.989472
0.047194 0.988686
0.040470 0.988722
0.033818 0.989023
0.531394 0.936664
0.524501 0.936080
0.517664 0.935639
0.517146 0.935931
0.517727 0.935932
0.538174 0.936753
0.531233 0.935989
0.517932 0.935504
0.524368 0.935506
1.011240 0.943145
1.004554 0.943322
0.997888 0.943575
0.986578 0.943709
0.991193 0.943720
1.011206 0.942912
1.004504 0.943030
0.997839 0.943286
0.986397 0.943517
0.991164 0.943505
1.011137 0.942596
1.004431 0.942698
0.997774 0.942983
0.986555 0.943277
0.991113 0.943253
1.576029 0.890180
1.569307 0.890222
1.557323 0.890167
1.562567 0.890202
1.555915 0.890466
1.576302 0.891089
1.569561 0.891059
1.562875 0.891241
1.553248 0.891036
1.556107 0.891112
1.569795 0.891873
1.563094 0.891993
1.549661 0.891820
1.556371 0.892034
1.549584 0.891838
1.852675 0.917059
1.845850 0.916724
1.839135 0.916797
1.831683 0.916847
1.832407 0.916818
1.852521 0.916410
1.845637 0.915854
1.838994 0.916191
1.831925 0.916565
1.832358 0.916554
2.249846 0.916541
2.243015 0.916182
2.233373 0.915798
2.236216 0.915944
2.256407 0.915832
2.249619 0.915633
2.242842 0.915474
2.235940 0.914841
2.235012 0.915152
2.236027 0.915179
2.785148 0.879134
2.778392 0.879052
2.769518 0.878597
2.771542 0.878628
2.791808 0.878755
2.785058 0.878696
2.778269 0.878495
2.771340 0.877730
2.770542 0.878082
2.771423 0.878081
2.791682 0.878237
2.784956 0.878264
2.771652 0.877591
2.778140 0.877960
3.139990 0.871500
3.133284 0.871605
3.126577 0.871706
3.117611 0.871860
3.119882 0.871849
3.139928 0.871181
3.133209 0.871237
3.126460 0.871183
3.119685 0.871009
3.119066 0.871240
3.119743 0.871243
3.478829 0.854513
3.472094 0.854512
3.465410 0.854693
3.454337 0.854744
3.458695 0.854767
3.452099 0.855225
3.472308 0.855218
3.465639 0.855454
3.458955 0.855643
3.450299 0.855619
3.452220 0.855637
0.490027 0.933110
0.479156 0.932754
0.483252 0.932962
0.496918 0.933605
0.489828 0.932296
0.482866 0.931420
0.480983 0.932043
0.483049 0.932126
0.826679 0.932923
0.840400 0.933849
0.833545 0.933404
0.826506 0.932954
0.826692 0.932964
0.840450 0.933964
0.833618 0.933600
0.825350 0.933063
0.826763 0.933158
1.110258 0.935783
1.103598 0.936054
1.096886 0.936136
1.086114 0.936956
1.090275 0.936594
1.083782 0.937398
1.110468 0.936452
1.103753 0.936523
1.097032 0.936571
1.090386 0.936899
1.083248 0.937492
1.083808 0.937474
1.103898 0.936995
1.097168 0.937014
1.090500 0.937255
1.081752 0.937703
1.083872 0.937647
1.644292 0.893611
1.651440 0.895109
1.643377 0.893792
1.644411 0.894021
1.651776 0.896254
1.640240 0.894411
1.644779 0.895281
1.637951 0.894899
1.652164 0.897638
1.645107 0.896445
1.636836 0.895151
1.638077 0.895350
2.003543 0.902228
1.996802 0.902205
1.990191 0.902662
1.983454 0.902619
1.982522 0.902939
1.983527 0.902919
2.010098 0.901489
2.003281 0.901181
1.996554 0.901208
1.985784 0.901840
1.989965 0.901745
2.483309 0.908414
2.476655 0.908710
2.469934 0.908759
2.463247 0.908937
2.456505 0.909485
2.456659 0.909474
2.521035 0.898417
2.514720 0.899963
2.508429 0.901601
2.502137 0.903233
2.495845 0.904867
2.489548 0.906476
2.483120 0.907608
2.476541 0.908180
2.469924 0.908613
2.463293 0.908994
2.456601 0.909113
2.456029 0.909372
2.456656 0.909351
2.533541 0.894801
2.527155 0.896086
2.520758 0.897330
2.514391 0.898687
2.508060 0.900173
2.501743 0.901713
2.495449 0.903338
2.489176 0.905041
2.482856 0.906570
2.476366 0.907470
2.469803 0.908107
2.457298 0.908832
2.463200 0.908591
3.039012 0.871630
3.032307 0.871735
3.025647 0.872009
3.016042 0.872434
3.018999 0.872328
3.045583 0.870926
3.038856 0.870956
3.032196 0.871226
3.025541 0.871517
3.018766 0.871327
3.017234 0.871881
3.018893 0.871839
3.045290 0.869797
3.038618 0.870026
3.032014 0.870507
3.019402 0.871112
3.025388 0.870907
3.365257 0.857867
3.358610 0.858185
3.352024 0.858732
3.345440 0.859289
3.335567 0.859973
3.338832 0.859755
3.365366 0.858183
3.358688 0.858389
3.352113 0.858978
3.345534 0.859550
3.333000 0.860447
3.338930 0.860029
3.332345 0.860560
1.715186 0.906699
1.702565 0.904689
1.708179 0.905692
1.701252 0.904930
1.715388 0.907354
1.708433 0.906536
1.699669 0.905249
1.701424 0.905522
2.092162 0.906203
2.085345 0.905894
2.073457 0.905244
2.078545 0.905650
2.092013 0.905573
2.085210 0.905323
2.074235 0.904822
2.078424 0.905128
2.383729 0.913701
2.376864 0.913216
2.367132 0.913488
2.370151 0.913296
2.390428 0.913462
2.383582 0.913050
2.376747 0.912677
2.369930 0.912313
2.368348 0.912914
2.370074 0.912902
2.390264 0.912790
2.383417 0.912378
2.370244 0.912203
2.376596 0.912052
2.958584 0.873035
2.951949 0.873401
2.945330 0.873825
2.938762 0.874439
2.932155 0.874874
2.931882 0.875026
2.932181 0.875006
2.958489 0.872584
2.951874 0.873027
2.945269 0.873501
2.932819 0.874539
2.938693 0.874088
2.965071 0.871973
2.958371 0.872099
2.951755 0.872534
2.945154 0.873027
2.934617 0.873868
2.938561 0.873548
3.451941 0.854696
3.445253 0.854865
3.438584 0.855101
3.428203 0.855087
3.431853 0.855114
3.425298 0.855712
3.445472 0.855589
3.438816 0.855875
3.432102 0.855948
3.424014 0.856003
3.425371 0.855961
3.630535 0.867661
3.644399 0.869104
3.637512 0.868542
3.630154 0.867722
3.630573 0.867782
3.644516 0.869461
3.637633 0.868916
3.628612 0.867932
3.630709 0.868212
1.743357 0.911256
1.732900 0.909937
1.736416 0.910490
1.743354 0.911157
1.732663 0.909779
1.736385 0.910287
2.030669 0.902931
2.023844 0.902597
2.017103 0.902570
2.010239 0.902037
2.008623 0.902603
2.010388 0.902639
2.030468 0.902108
2.023657 0.901823
2.011418 0.901633
2.016921 0.901816
2.363508 0.913635
2.356866 0.913974
2.350194 0.914203
2.343620 0.914793
2.336893 0.914716
2.330956 0.916551
2.337147 0.915758
2.363317 0.912818
2.356631 0.912994
2.349911 0.913046
2.343144 0.912878
2.337532 0.914525
2.343325 0.913594
2.369901 0.912200
2.362974 0.911485
2.356263 0.911573
2.349391 0.911050
2.345543 0.912157
2.349566 0.911709
2.892432 0.877428
2.885804 0.877820
2.879135 0.878059
2.871089 0.878022
2.872397 0.878044
2.892385 0.877150
2.885730 0.877447
2.879047 0.877635
2.872263 0.877439
2.872042 0.877529
2.872285 0.877532
2.898987 0.876614
2.892317 0.876851
2.885612 0.876960
2.873593 0.876923
2.878903 0.877050
3.253391 0.867516
3.246740 0.867826
3.240142 0.868324
3.228422 0.868785
3.233497 0.868654
3.253438 0.867605
3.246775 0.867867
3.240171 0.868347
3.227762 0.868741
3.233509 0.868613
3.519845 0.856772
3.512787 0.855577
3.503486 0.854900
3.505931 0.855126
3.513104 0.856664
3.500773 0.855418
3.506150 0.855853
3.499382 0.855705
3.773752 0.874295
3.760673 0.872774
3.766943 0.874017
3.759918 0.872915
3.773871 0.874666
3.767096 0.874514
3.758000 0.873296
3.760171 0.873809
1.582723 0.890043
1.602734 0.889324
1.596115 0.889749
1.589459 0.890037
1.582261 0.890147
1.582754 0.890147
1.602986 0.890155
1.596274 0.890239
1.589697 0.890818
1.577832 0.891112
1.583054 0.891153
1.576400 0.891424
1.596475 0.890927
1.589840 0.891293
1.583261 0.891865
1.574058 0.891948
1.576577 0.892049
1.944132 0.906689
1.976775 0.902850
1.970134 0.903195
1.963556 0.903775
1.957079 0.904722
1.950367 0.904736
1.946160 0.906050
1.950589 0.905623
1.983248 0.901807
1.976512 0.901799
1.969939 0.902395
1.963390 0.903076
1.951504 0.904389
1.956874 0.903884
2.277049 0.917595
2.303808 0.916872
2.297014 0.916651
2.290290 0.916687
2.283271 0.915574
2.278825 0.916956
2.283619 0.916922
2.303365 0.915168
2.296620 0.915127
2.284175 0.915306
2.289883 0.915118
2.838850 0.878499
2.832195 0.878794
2.825513 0.878986
2.818681 0.878528
2.817427 0.879089
2.818799 0.879060
2.838745 0.878012
2.832125 0.878431
2.818762 0.878490
2.825438 0.878607
2.845324 0.877387
2.838620 0.877493
2.832019 0.877985
2.820098 0.877940
2.825327 0.878143
3.166777 0.870953
3.160100 0.871159
3.153451 0.871477
3.143479 0.871588
3.146739 0.871555
3.166737 0.870709
3.160048 0.870875
3.153376 0.871106
3.143833 0.871267
3.146677 0.871234
3.499025 0.854491
3.492264 0.854394
3.479945 0.854542
3.485572 0.854546
3.478903 0.854760
3.499260 0.855279
3.492468 0.855061
3.485785 0.855251
3.476305 0.855310
3.479075 0.855343
2.071644 0.905037
2.064798 0.904622
2.052783 0.904110
2.057982 0.904323
2.071538 0.904568
2.064696 0.904169
2.053730 0.903642
2.057881 0.903870
2.417244 0.913129
2.410606 0.913484
2.403984 0.913897
2.397311 0.914119
2.390494 0.913740
2.389694 0.914110
2.390580 0.914134
2.417139 0.912632
2.410561 0.913209
2.403917 0.913540
2.391083 0.913491
2.397171 0.913496
2.416973 0.911954
2.410403 0.912562
2.403753 0.912868
2.392890 0.912805
2.396999 0.912799
3.012279 0.872377
3.005523 0.872299
2.998849 0.872519
2.990107 0.872725
2.992155 0.872668
3.012153 0.871818
3.005424 0.871835
2.998755 0.872076
2.991978 0.871885
2.991252 0.872183
2.992047 0.872170
3.018709 0.871114
3.011963 0.871064
3.005277 0.871244
2.992704 0.871607
2.998618 0.871520
3.332173 0.860032
3.325515 0.860313
3.318957 0.860966
3.312438 0.861756
3.305906 0.862506
3.297052 0.863668
3.299408 0.863378
3.332310 0.860451
3.325605 0.860557
3.319039 0.861178
3.312513 0.861947
3.305971 0.862655
3.294572 0.864117
3.299475 0.863538
3.533887 0.858890
3.520900 0.856916
3.526826 0.857683
3.519943 0.857101
3.534143 0.859753
3.527088 0.858572
3.518107 0.857457
3.520129 0.857740
1.805352 0.916379
1.798518 0.916011
1.786706 0.915562
1.791747 0.915873
1.805384 0.916415
1.798552 0.916054
1.787045 0.915251
1.791738 0.915755
2.194801 0.912212
2.187888 0.911549
2.176795 0.910923
2.181039 0.911129
2.194626 0.911492
2.187771 0.911051
2.177843 0.910432
2.180927 0.910644
2.738033 0.879222
2.731296 0.879211
2.724671 0.879613
2.715334 0.879805
2.717996 0.879836
2.737916 0.878684
2.731220 0.878825
2.724632 0.879363
2.715890 0.879414
2.717924 0.879463
2.737804 0.878211
2.731160 0.878545
2.724589 0.879146
2.716241 0.879126
2.717854 0.879146
3.113114 0.871726
3.106355 0.871634
3.094639 0.871349
3.099588 0.871512
3.112962 0.871070
3.106178 0.870888
3.096379 0.870650
3.099402 0.870733
3.098775 0.869822
3.099171 0.869830
3.398452 0.856108
3.391815 0.856470
3.385134 0.856665
3.378471 0.856926
3.368971 0.857661
3.371873 0.857431
3.391977 0.856983
3.385277 0.857106
3.378572 0.857212
3.366414 0.858133
3.371962 0.857674
3.365409 0.858319
3.609861 0.865902
3.603004 0.865448
3.591015 0.864856
3.596173 0.865094
3.589467 0.865139
3.603130 0.865835
3.596292 0.865454
3.588622 0.865294
3.589539 0.865382
2.711175 0.879513
2.704416 0.879420
2.697783 0.879794
2.688406 0.880365
2.691178 0.880273
2.711079 0.879049
2.704422 0.879333
2.697761 0.879604
2.688676 0.880050
2.691126 0.879974
2.711032 0.878815
2.704405 0.879215
2.697703 0.879331
2.688936 0.879787
2.691075 0.879720
3.092769 0.871198
3.085990 0.871033
3.079264 0.871061
3.072389 0.870464
3.070944 0.871033
3.072518 0.871019
3.092589 0.870438
3.085829 0.870342
3.072820 0.870297
3.079113 0.870410
3.092390 0.869658
3.085634 0.869579
3.075124 0.869493
3.078913 0.869623
3.712496 0.871894
3.705773 0.871938
3.699040 0.871940
3.690049 0.871700
3.692304 0.871936
3.705924 0.872424
3.699157 0.872303
3.688154 0.872008
3.692425 0.872310
2.330636 0.916581
2.324001 0.916947
2.317383 0.917378
2.303823 0.916933
2.336868 0.914616
2.330334 0.915354
2.323756 0.915930
2.317111 0.916261
2.304043 0.916860
2.310409 0.916379
2.343018 0.912392
2.336472 0.913089
2.329926 0.913783
2.323342 0.914336
2.316745 0.914841
2.310057 0.915007
2.309573 0.915163
2.310096 0.915158
2.865604 0.877825
2.859006 0.878329
2.852324 0.878523
2.843988 0.878628
2.845618 0.878625
2.865516 0.877398
2.858903 0.877849
2.852225 0.878054
2.845468 0.877961
2.845227 0.878057
2.845491 0.878055
2.872120 0.876868
2.865414 0.876971
2.858780 0.877340
2.846816 0.877440
2.852095 0.877520
3.226790 0.868754
3.220108 0.868950
3.213488 0.869370
3.206821 0.869619
3.199261 0.869949
3.200165 0.869905
3.226805 0.868722
3.220109 0.868864
3.213490 0.869289
3.206822 0.869534
3.198988 0.869798
3.200148 0.869755
3.739415 0.871852
3.759876 0.872789
3.753185 0.872949
3.746431 0.872871
3.738623 0.872012
3.739507 0.872171
3.753321 0.873383
3.746589 0.873387
3.735690 0.872603
3.739801 0.873186
3.568860 0.863701
3.561955 0.863069
3.552416 0.861844
3.555000 0.862252
3.562143 0.863684
3.550346 0.862193
3.555196 0.862901
3.665037 0.870713
3.658259 0.870551
3.648314 0.869537
3.651379 0.870012
3.665177 0.871157
3.658383 0.870939
3.646928 0.869705
3.651490 0.870350
