1.408162 1.241378
1.401174 1.242204
1.356863 1.233527
1.356638 1.233960
1.356685 1.233337
1.414671 1.244920
1.407670 1.245787
1.397558 1.246386
1.400948 1.245730
1.355793 1.236185
1.351863 1.229826
1.414121 1.249542
1.407248 1.249983
1.400475 1.251824
1.399589 1.249806
1.400597 1.249697
1.356576 1.239346
1.356563 1.239320
1.414010 1.252736
1.401532 1.253231
1.407111 1.253267
1.359343 1.242969
0.110217 0.757267
0.112997 0.755886
0.106118 0.758436
0.164187 0.767653
0.152036 0.770398
0.156818 0.769736
0.150022 0.770407
0.143735 0.769989
0.137455 0.768939
0.131183 0.767173
0.124927 0.764203
0.123868 0.763511
0.119439 0.759660
0.113995 0.755394
0.105154 0.758941
0.099811 0.759768
0.151275 0.768598
0.144367 0.769159
0.137827 0.768506
0.131614 0.766772
0.125739 0.763938
0.097562 0.760055
1.458386 1.165470
1.454145 1.167281
1.455300 1.160732
1.454106 1.167336
1.422741 1.162595
1.416474 1.160433
1.410204 1.158590
1.403930 1.157027
1.397652 1.155775
1.548218 1.193777
1.547577 1.193095
1.548661 1.191809
1.452192 1.169812
1.447826 1.169670
1.448277 1.167304
1.441544 1.168890
1.443071 1.162269
1.435275 1.166932
1.429007 1.164899
1.423173 1.162750
1.423075 1.161548
1.636749 1.215258
1.551287 1.196919
1.687711 1.227776
1.681192 1.227050
1.674703 1.226227
1.668293 1.225142
1.661990 1.223701
1.655795 1.221902
1.649720 1.219712
1.643846 1.216857
1.554427 1.200926
1.554162 1.200562
1.554555 1.200216
1.557185 1.204266
0.194531 0.678968
0.192802 0.680713
0.194346 0.673540
0.192140 0.681323
0.526894 0.780606
0.626304 0.804881
0.620463 0.801913
0.614359 0.799815
0.607753 0.799377
0.598566 0.801037
0.600612 0.800709
0.527141 0.783616
0.694424 0.830136
0.656801 0.819088
0.654607 0.817650
0.651316 0.814082
0.645126 0.812273
0.638526 0.811817
0.632477 0.809541
0.626599 0.806703
0.620614 0.804225
0.614288 0.802866
0.607592 0.802724
0.597935 0.803813
0.600608 0.803534
0.694030 0.830199
0.694749 0.829219
0.688123 0.830970
0.663046 0.823180
0.662006 0.822379
0.685392 0.831028
0.688813 0.829395
0.681827 0.831416
0.667179 0.826596
1.321440 1.018039
1.352779 1.028598
1.346520 1.025622
1.340933 1.020902
1.320938 1.018405
1.390394 1.040332
1.359029 1.032153
1.354372 1.029486
1.353366 1.027135
1.319690 1.021011
1.465649 1.061818
1.409173 1.048713
1.402918 1.045488
1.396653 1.043106
1.394103 1.042111
1.397479 1.040025
1.365275 1.036087
1.362791 1.034462
1.321351 1.025845
1.320419 1.024134
1.473121 1.060059
1.463673 1.062033
1.465936 1.061537
1.459348 1.062486
1.415425 1.052190
1.409178 1.048716
1.371517 1.040467
1.369513 1.039049
1.559689 1.090975
1.466937 1.061035
1.455054 1.062846
1.459941 1.061881
1.453049 1.063111
1.446752 1.063632
1.421661 1.056996
1.418327 1.053894
1.578476 1.098630
1.572222 1.095328
1.565947 1.093943
1.561528 1.091779
1.559875 1.090700
1.534573 1.086572
1.528296 1.085306
1.460872 1.061660
1.453926 1.062344
1.445968 1.063588
1.446814 1.063569
1.578790 1.098910
1.578573 1.098508
1.572861 1.095120
1.566690 1.093250
1.539518 1.089327
1.535570 1.084773
1.525379 1.085881
1.529013 1.084181
1.584708 1.103827
1.583708 1.103046
1.579938 1.096834
1.573821 1.094792
1.538526 1.092047
1.522894 1.088248
1.588424 1.107157
1.964616 1.213616
1.967825 1.212310
1.960935 1.215095
1.968587 1.212599
1.960089 1.215426
1.961085 1.215116
1.955466 1.217245
1.961699 1.215921
1.954615 1.217553
0.540582 0.659453
0.533754 0.661280
0.583925 0.675528
0.582761 0.674578
0.585311 0.670306
0.530034 0.661692
0.527456 0.661850
0.590149 0.681321
0.587467 0.678640
0.591462 0.682570
0.840996 0.752993
0.840185 0.754979
0.841288 0.754128
0.848606 0.755060
0.838641 0.757555
0.841597 0.755949
1.087188 0.821118
1.087001 0.824547
1.080877 0.822523
1.323786 0.898784
1.336294 0.905297
1.330036 0.902384
1.325381 0.899800
1.323956 0.898822
1.318911 0.893227
1.342554 0.908046
1.336685 0.905477
1.336339 0.905231
1.330554 0.902089
1.325123 0.897780
1.348804 0.911718
1.348083 0.911199
2.276821 1.186899
2.275299 1.187349
2.270512 1.188416
2.268604 1.188632
2.264203 1.189856
2.262744 1.190156
2.569286 0.726245
2.564956 0.727525
2.563889 0.727845
2.634819 0.748088
2.641159 0.746257
2.633925 0.748383
2.742207 0.771405
2.698183 0.766488
2.698285 0.760679
2.630081 0.749881
2.635284 0.746257
2.748876 0.781794
2.747320 0.779564
2.702862 0.772113
2.699628 0.769774
2.753019 0.787536
2.751204 0.785293
2.747928 0.780386
2.868057 0.816756
2.866083 0.819191
2.865906 0.819267
2.859602 0.820318
2.858052 0.820197
2.859669 0.820345
3.722950 0.725886
3.720559 0.730562
3.722672 0.729599
3.720918 0.733601
3.722555 0.732817
1.355309 1.224215
1.353168 1.219907
1.414781 1.244173
1.410883 1.240716
1.415403 1.239717
1.352297 1.226387
1.352059 1.227182
1.352157 1.226039
1.415268 1.244691
1.422108 1.242613
1.352019 1.230636
1.351622 1.229160
1.417715 1.248217
1.421703 1.246760
1.352616 1.232365
1.352260 1.231362
1.418936 1.251469
1.421291 1.250955
0.107816 0.752785
0.164659 0.767458
0.171936 0.764316
0.164273 0.767507
0.157976 0.767896
0.114079 0.755385
0.112906 0.754824
0.102913 0.752390
0.101531 0.752227
0.101705 0.751488
0.154435 0.767895
0.158475 0.767083
0.151684 0.768029
1.468446 1.160058
1.462169 1.158756
1.455883 1.158284
1.454362 1.158457
1.549940 1.186083
1.548239 1.184328
1.449934 1.160307
1.449568 1.160327
1.449655 1.159931
1.443264 1.161359
1.631460 1.209809
1.613665 1.199680
1.607605 1.197435
1.552236 1.188209
1.441744 1.161275
1.694163 1.228492
1.637708 1.213592
1.633569 1.211007
1.631953 1.208832
1.556161 1.192182
1.556062 1.192071
1.556261 1.191766
1.720459 1.230902
1.713940 1.230179
1.707381 1.229583
1.700814 1.229013
1.692136 1.228239
1.694250 1.228436
1.687880 1.227713
1.681598 1.226858
1.675318 1.225857
1.669040 1.224562
1.662768 1.222932
1.656497 1.221112
1.650229 1.219067
1.643964 1.216691
1.642832 1.216181
1.638533 1.212154
1.562383 1.198214
1.560351 1.196070
1.563449 1.193128
1.708208 1.229637
1.701676 1.228956
1.695160 1.228223
1.688671 1.227398
1.682207 1.226494
1.675773 1.225491
1.669437 1.224165
1.663242 1.222371
1.657148 1.220247
1.651219 1.217583
1.645532 1.214120
1.689473 1.227583
1.683086 1.226427
1.676748 1.225113
1.670523 1.223425
1.664391 1.221431
0.197390 0.655776
0.196075 0.658367
0.539661 0.759830
0.544477 0.755166
0.540916 0.763055
0.543781 0.760276
0.541683 0.766204
0.712499 0.813729
0.719599 0.811121
0.712097 0.813858
0.708479 0.815692
0.713348 0.812350
1.332813 1.002457
1.326542 1.000639
1.320257 0.999983
1.389263 1.017749
1.388010 1.016725
1.345326 1.008552
1.339073 1.005203
1.336648 1.004176
1.333668 1.000392
1.327432 0.998737
1.320248 1.000760
1.319913 1.000095
1.320410 0.999668
1.395500 1.022461
1.393629 1.021015
1.357842 1.014461
1.351583 1.011635
1.348164 1.009932
1.346274 1.006097
1.321097 1.003347
1.516097 1.048862
1.503607 1.050813
1.509285 1.049106
1.502131 1.051147
1.401743 1.026757
1.400064 1.025529
1.396340 1.021579
1.360715 1.015958
1.552278 1.067460
1.550264 1.065130
1.498465 1.052466
1.502986 1.050450
1.495809 1.053815
1.553327 1.068788
1.494976 1.054560
1.496087 1.053808
1.555050 1.072147
1.557707 1.075764
1.993340 1.199653
1.998939 1.195776
1.991171 1.200494
1.989237 1.201566
1.991839 1.199772
1.986096 1.203744
1.992788 1.199482
1.984832 1.204605
2.067889 1.224126
2.061540 1.222847
0.365604 0.631964
0.359326 0.630724
0.353055 0.628955
0.346782 0.627283
0.340506 0.625902
0.334231 0.624514
0.327954 0.623240
0.321674 0.622122
0.416627 0.643194
0.410806 0.640162
0.328970 0.621171
0.317241 0.621956
0.322107 0.621578
0.418825 0.649659
0.416343 0.646931
0.411070 0.642106
0.516069 0.678724
0.416039 0.651932
0.415706 0.652188
0.415778 0.651628
0.578787 0.696059
0.514641 0.678908
0.509769 0.679405
0.580320 0.697874
0.505903 0.679738
0.584992 0.703590
0.583343 0.701547
0.586291 0.697744
0.817618 0.765537
0.813966 0.769554
0.817926 0.767315
0.813133 0.772301
0.818138 0.769456
1.333911 0.925781
1.333850 0.928694
1.334671 0.931858
2.152547 1.171981
2.146276 1.170217
2.158805 1.175046
2.154797 1.173055
2.152765 1.171762
2.145051 1.170670
2.146574 1.169953
2.161088 1.177504
2.159415 1.174854
2.153683 1.171534
2.141843 1.172805
2.147401 1.170030
2.270354 1.207134
2.165016 1.181965
2.164695 1.181320
2.160050 1.175592
2.141402 1.175647
2.147734 1.171774
2.267336 1.209301
2.266573 1.204871
2.165897 1.184576
2.165374 1.183091
2.265537 1.211795
2.265340 1.211888
2.265405 1.211540
2.259039 1.212740
2.258160 1.212964
0.584454 0.650645
0.578196 0.647705
0.571924 0.646002
0.565647 0.644710
0.847841 0.726037
0.848462 0.727079
0.861619 0.728735
0.854062 0.732222
0.851812 0.730843
0.854686 0.729372
1.017141 0.776358
0.992318 0.767191
0.987139 0.762035
1.054760 0.787768
1.056081 0.781947
1.024253 0.775788
1.015349 0.776612
1.017231 0.776722
1.010835 0.777582
0.996529 0.772013
0.992005 0.773656
0.992297 0.770052
0.985734 0.771855
0.986408 0.767253
0.979461 0.770126
0.980558 0.764328
0.973189 0.768477
0.974386 0.762466
0.966914 0.767034
0.968152 0.760808
0.961958 0.759015
0.955747 0.757282
0.949510 0.755635
1.053006 0.788729
1.050063 0.782366
1.024475 0.777870
1.017610 0.778284
1.007716 0.777683
1.010919 0.778129
1.101200 0.803424
1.051526 0.791311
1.049315 0.787671
1.103623 0.806957
1.312667 0.866767
1.312460 0.869648
1.313415 0.864113
2.302495 1.164038
2.302182 1.164008
2.302663 1.163525
2.296203 1.163985
2.293105 1.164693
2.297420 1.161375
2.289895 1.165434
2.286295 1.165971
2.291123 1.162750
2.283587 1.166796
1.336422 0.736992
1.356299 0.739007
1.337310 0.738142
1.343656 0.736252
1.358281 0.746184
1.355857 0.743271
1.350204 0.739693
1.340245 0.741784
1.343113 0.740855
1.357604 0.748972
1.355597 0.746966
2.402301 1.060657
2.401083 1.059353
2.403124 1.056973
2.408520 1.066964
2.404644 1.063136
2.408648 1.067054
2.413628 1.071235
2.447086 0.968781
2.447076 0.971703
2.447437 0.974750
2.490239 0.837664
2.483962 0.836328
2.477683 0.835268
2.534117 0.851953
2.475275 0.834997
2.478665 0.832329
2.471397 0.834718
2.465102 0.835005
2.533549 0.852155
2.534311 0.851640
2.463819 0.835147
2.465896 0.832830
2.629268 0.874653
2.529500 0.854100
2.535683 0.849938
2.527796 0.854554
2.628182 0.881114
2.628157 0.881141
2.628187 0.881011
2.624610 0.883178
2.567243 0.770493
2.566793 0.770521
2.560944 0.771093
2.562665 0.763482
2.636213 0.791276
2.629926 0.790863
2.630669 0.786495
2.623644 0.789981
2.625260 0.782096
2.556763 0.770987
2.554653 0.771067
2.555253 0.768519
2.548365 0.770613
2.674403 0.800633
2.622689 0.790007
2.617355 0.789756
2.618884 0.783710
2.611070 0.789179
2.676414 0.806052
2.674848 0.801962
2.607324 0.789222
2.676416 0.808999
2.580590 0.648175
2.581128 0.651246
2.709693 0.683981
2.709969 0.688545
2.709691 0.686783
2.709433 0.691373
2.709299 0.690919
2.961652 0.756015
2.955334 0.754625
2.949074 0.753044
2.942621 0.752100
2.933409 0.754811
2.935366 0.753810
2.948790 0.756800
2.941967 0.757081
2.934913 0.758224
2.934808 0.758086
2.934945 0.758012
3.056667 0.790772
3.061453 0.788076
3.056315 0.793599
3.061436 0.790933
3.135553 0.818790
3.133950 0.815485
3.136805 0.811861
3.054936 0.796220
3.135563 0.818809
3.458873 0.705046
3.464001 0.713950
3.462860 0.712848
3.466295 0.716637
-0.019301 0.800798
1.353819 1.216167
1.352488 1.217495
1.430553 1.234184
1.422776 1.238058
1.422131 1.237435
1.422939 1.237075
1.350793 1.220005
1.348854 1.214715
1.425585 1.241191
1.429990 1.238839
1.349884 1.222736
1.348377 1.219126
1.426602 1.244377
1.429822 1.242219
1.428943 1.249001
1.428269 1.247747
1.429260 1.246913
0.193071 0.738456
0.191641 0.739324
0.192414 0.735602
0.189188 0.740440
0.474534 0.819309
0.468624 0.816572
0.458287 0.817855
0.461647 0.817358
0.454992 0.817883
0.454075 0.816824
0.483920 0.827030
0.480500 0.824654
0.475119 0.820174
0.532187 0.841742
0.538148 0.837352
0.530207 0.842730
0.483147 0.829778
0.480589 0.827184
0.475425 0.822013
0.527732 0.843595
0.530995 0.841546
1.313984 1.076959
1.313581 1.076450
1.355372 1.089577
1.359069 1.086240
1.316221 1.080007
1.357836 1.093562
1.357228 1.092947
1.358077 1.092318
1.320176 1.085687
1.317709 1.083310
1.364060 1.099432
1.360573 1.096707
1.365157 1.094023
1.321764 1.087266
1.366087 1.101021
1.602404 1.164159
1.608649 1.168184
1.603163 1.164713
1.527077 1.148950
1.520805 1.147286
1.514529 1.145881
1.614899 1.171729
1.610959 1.169533
1.533342 1.151245
1.528643 1.149475
1.528054 1.145883
1.510667 1.145107
1.627402 1.178874
1.621153 1.175034
1.620931 1.174905
1.628950 1.179819
1.628400 1.176139
1.892254 1.244941
1.880507 1.247083
1.885176 1.246064
1.878283 1.247488
1.885824 1.246709
1.873464 1.248263
1.878899 1.247327
1.871977 1.248641
1.879411 1.248458
1.867821 1.249822
1.872441 1.249219
1.865665 1.250457
1.872962 1.250354
1.862557 1.251505
1.866013 1.251044
0.280684 0.637073
0.285124 0.632402
0.277392 0.639207
0.277191 0.639328
0.438871 0.684481
0.435266 0.679037
0.436315 0.686784
0.434532 0.684282
0.504073 0.706249
0.502920 0.706753
0.503805 0.703080
0.571889 0.727632
0.570428 0.725378
0.572815 0.722756
0.499265 0.708040
0.572625 0.728855
0.791655 0.791109
0.791365 0.791633
0.790042 0.793638
0.792886 0.788855
0.789371 0.796440
1.387029 0.970242
1.380753 0.968907
1.338075 0.956722
1.337195 0.955294
1.331843 0.950715
1.393282 0.973542
1.392406 0.972917
1.387491 0.970016
1.374695 0.968585
1.381266 0.968320
1.374464 0.968577
1.368173 0.968486
1.361884 0.968302
1.338813 0.959824
1.337330 0.957659
1.331499 0.954667
1.395442 0.976576
1.393720 0.974505
1.388103 0.970811
1.382170 0.968161
1.369609 0.965147
1.361254 0.968242
1.361982 0.968067
1.355594 0.968166
1.349316 0.967027
1.343053 0.964432
1.341241 0.963372
1.394712 0.979350
1.393596 0.977749
1.388134 0.973557
2.039104 1.167516
2.095528 1.185030
2.089266 1.182507
2.082997 1.180502
2.076716 1.179548
2.077428 1.175779
2.071816 1.172050
2.036701 1.168280
2.040002 1.165844
2.032783 1.170041
2.109156 1.185054
2.101784 1.188123
2.098627 1.186332
2.102038 1.186308
2.070925 1.179558
2.070424 1.179564
2.070484 1.179241
2.064127 1.180022
2.065219 1.174381
2.032508 1.170178
2.032884 1.169905
2.158223 1.204395
2.157715 1.203692
2.158446 1.203105
2.105997 1.191046
2.108533 1.189906
2.061790 1.180261
2.057825 1.180825
2.058760 1.176283
2.029630 1.172429
2.033835 1.169614
2.160548 1.207293
2.105226 1.193797
2.108762 1.191975
2.053489 1.181207
2.052029 1.179111
2.256716 1.233718
2.252245 1.235181
2.164413 1.213251
2.163782 1.211016
2.165061 1.209121
2.103703 1.196393
2.251449 1.235342
2.253142 1.232565
2.245937 1.236661
2.164680 1.214196
2.164391 1.215179
2.245416 1.236812
2.246636 1.234627
2.239628 1.238187
2.239073 1.238241
0.808650 0.692164
0.857543 0.713692
0.851278 0.711278
0.845002 0.709887
0.845976 0.705209
0.826180 0.705345
0.822597 0.702882
0.820450 0.700486
0.871364 0.713173
0.863806 0.716131
0.861578 0.715323
0.863929 0.715472
0.841684 0.710463
0.838701 0.710765
0.839413 0.707431
0.832421 0.709778
0.828336 0.707209
0.826976 0.704007
0.939063 0.737423
0.939138 0.736943
0.932771 0.737351
0.933285 0.734014
0.927992 0.729239
0.870043 0.720898
0.869068 0.720085
0.870337 0.719380
0.930621 0.738036
0.927214 0.734624
1.064462 0.775296
1.058183 0.774237
1.051914 0.772290
1.039355 0.770104
1.102069 0.787801
1.041557 0.770974
1.039344 0.771011
1.038392 0.770201
1.039517 0.769888
1.103031 0.788910
1.104444 0.792197
1.241603 0.823007
1.234944 0.822744
1.228624 0.821360
1.222857 0.818154
1.315254 0.851765
1.315040 0.852387
1.314675 0.855228
2.318457 1.154283
2.312168 1.154068
2.326152 1.152705
2.319381 1.152811
2.310459 1.153972
2.312509 1.153251
2.305866 1.154960
2.313732 1.152034
2.304680 1.155492
2.306385 1.154039
2.299551 1.157089
2.299294 1.157144
2.299680 1.156775
1.133177 0.716436
1.120960 0.718486
1.126163 0.717347
1.188167 0.739903
1.185315 0.737133
1.183495 0.731088
1.133089 0.719555
1.120611 0.721339
1.126108 0.720351
1.189573 0.741094
1.188911 0.738269
1.192956 0.744882
1.309244 0.776166
1.356213 0.790561
1.308410 0.778909
1.356811 0.793654
2.368227 1.088797
2.373172 1.099871
2.374104 1.094430
2.366922 1.096182
2.366395 1.095753
2.367073 1.095395
2.379417 1.103880
2.374085 1.100560
2.380182 1.099421
2.381711 1.105372
2.386530 1.103547
2.426846 1.014956
2.426506 1.014659
2.426996 1.014257
2.433081 1.019861
2.431587 1.018816
2.433712 1.017130
2.439315 1.024863
2.437330 1.023161
2.440026 1.021359
2.497606 0.917284
2.491798 0.914204
2.456505 0.911240
2.453826 0.906081
2.503883 0.921595
2.497335 0.920967
2.491282 0.918705
2.452950 0.913296
2.452520 0.913433
2.452670 0.912706
2.503986 0.924075
2.497260 0.924035
2.490961 0.922588
2.485058 0.919842
2.447669 0.914975
2.528442 0.819441
2.522157 0.818889
2.560233 0.828761
2.559784 0.829636
2.518776 0.818623
2.523731 0.814237
2.515868 0.818537
2.509587 0.817667
2.503309 0.816530
2.497026 0.815758
2.629993 0.844417
2.558205 0.831178
2.561086 0.827192
2.553461 0.832340
2.494560 0.815683
2.631140 0.851915
2.551629 0.832534
2.631906 0.855037
2.568259 0.719966
2.566670 0.720457
2.568121 0.714829
2.654477 0.744607
2.648182 0.744881
2.563262 0.721690
2.698338 0.760431
2.698825 0.756101
2.693014 0.753036
2.687164 0.750098
2.674887 0.746141
2.668171 0.746067
2.661669 0.745284
2.655213 0.744351
2.647315 0.745122
2.648300 0.744929
2.641878 0.746001
2.742252 0.771640
2.742034 0.771187
2.737428 0.764929
2.698336 0.760614
2.698272 0.760492
2.693747 0.753433
2.743873 0.774553
2.742638 0.772781
2.699783 0.763815
2.698709 0.762122
2.746469 0.778144
2.873443 0.812045
2.874188 0.811249
2.873262 0.814934
2.874131 0.814253
3.141862 0.738753
3.135595 0.736638
3.129316 0.735554
3.144393 0.740168
3.344018 0.794751
3.342546 0.795433
3.340030 0.796688
3.343809 0.793066
3.336219 0.798533
3.421461 0.819502
3.419053 0.814403
3.335948 0.798652
3.336361 0.798243
3.469852 0.834243
3.469206 0.829598
3.421565 0.822455
3.419276 0.816497
3.468815 0.836920
3.467892 0.837986
3.468632 0.834315
-0.014744 0.795694
-0.017626 0.797166
-0.018467 0.797710
-0.017011 0.795862
1.352985 1.208684
1.430764 1.232666
1.351042 1.211120
1.349201 1.212681
1.350097 1.207796
1.431485 1.233695
1.348419 1.213420
1.432914 1.236965
1.347397 1.216139
1.432944 1.239920
0.191181 0.717014
0.190502 0.717476
0.190868 0.715669
0.188001 0.719200
0.460180 0.797329
0.460126 0.797597
0.460204 0.797073
0.460080 0.801662
0.459058 0.799994
0.555241 0.826394
0.561614 0.823819
0.554166 0.826876
0.551394 0.828398
0.554821 0.826832
1.315738 1.055988
1.369252 1.074125
1.367032 1.071440
1.370871 1.066725
1.317021 1.059228
1.370084 1.075110
1.319040 1.063624
1.318422 1.062528
1.372399 1.078630
1.588740 1.137161
1.594986 1.141038
1.589050 1.137366
1.588901 1.136753
1.533652 1.118938
1.527216 1.117943
1.521327 1.115146
1.601231 1.145219
1.596646 1.142135
1.595865 1.138803
1.533699 1.121624
1.527004 1.121479
1.520828 1.119632
1.607473 1.149515
1.603447 1.146729
1.602402 1.142294
1.613715 1.153876
1.610083 1.151306
1.608764 1.146385
1.921050 1.237504
1.918884 1.238381
1.921912 1.236002
1.914733 1.239645
1.913576 1.240010
1.915199 1.238730
1.908423 1.241201
1.907320 1.241441
1.908759 1.240588
0.197971 0.649887
0.196560 0.652483
0.544532 0.754787
0.544677 0.755029
0.546315 0.758366
0.739713 0.808668
0.733012 0.808542
0.726356 0.810206
0.759414 0.813153
0.752747 0.812916
0.746406 0.811604
0.740031 0.810411
0.733486 0.809769
0.723840 0.810482
0.726630 0.810156
0.720058 0.810814
0.727600 0.809808
0.715866 0.811496
0.720707 0.810315
1.390960 1.012193
1.390258 1.011249
1.340759 1.000643
1.334491 0.998546
1.328209 0.997743
1.522660 1.049421
1.393129 1.014883
1.391761 1.011631
1.347010 1.004264
1.344952 1.003157
1.547745 1.056607
1.541990 1.052371
1.535777 1.050633
1.529251 1.049930
1.522362 1.049371
1.522674 1.049397
1.516378 1.048566
1.510091 1.048188
1.393797 1.018010
1.553970 1.062314
1.550671 1.059200
1.524293 1.046854
1.517781 1.046108
1.507643 1.048692
1.510865 1.046690
1.503787 1.049172
1.554645 1.063095
1.554945 1.059696
1.501414 1.050131
1.504808 1.047297
1.557085 1.066645
1.999808 1.195207
1.999154 1.195560
2.088654 1.213843
2.082253 1.212730
1.996324 1.197283
2.000189 1.194463
2.181014 1.247830
2.174746 1.245795
2.157440 1.234273
2.088374 1.217565
2.081630 1.217582
2.075235 1.216447
2.069219 1.214069
1.992913 1.199408
1.992817 1.199507
2.213758 1.251368
2.207234 1.250658
2.200527 1.250553
2.193997 1.249866
2.187534 1.248953
2.181166 1.247729
2.175103 1.245493
2.169446 1.241919
2.088581 1.219709
2.081471 1.220932
2.074739 1.220907
2.068056 1.222268
2.068311 1.219885
2.061779 1.221014
2.062393 1.217190
2.056994 1.212785
2.195130 1.248908
2.188508 1.248525
2.182155 1.247256
2.176189 1.244706
2.081624 1.223282
2.070715 1.224279
2.074595 1.224232
0.549725 0.650860
0.587334 0.663206
0.581084 0.659521
0.579245 0.658755
0.576105 0.653403
0.570186 0.650698
0.547810 0.651069
0.550360 0.649411
0.543431 0.651044
0.593574 0.667690
0.588208 0.663860
0.588443 0.659976
0.537744 0.651574
0.594419 0.668331
0.846339 0.741521
0.850631 0.746437
0.848992 0.745114
0.851933 0.741273
1.063877 0.805069
1.059007 0.797338
1.062027 0.805896
1.058602 0.801465
1.098282 0.817672
1.060226 0.808388
1.058259 0.805420
1.097698 0.820472
1.313201 0.881859
1.314615 0.886178
1.314181 0.885027
1.316146 0.888472
2.281738 1.173964
2.280235 1.174223
2.275159 1.175272
2.273926 1.175649
2.269720 1.176894
2.267611 1.177683
2.405747 1.045088
2.406316 1.045673
2.411974 1.050774
2.410648 1.049642
2.412552 1.048091
2.418191 1.057243
2.415038 1.053651
2.419639 1.049767
2.418361 1.057428
2.450293 0.954603
2.448510 0.956828
2.448369 0.957058
2.446982 0.959681
2.510169 0.866831
2.455717 0.851201
2.453716 0.851810
2.509609 0.867288
2.510402 0.866632
2.451156 0.853021
2.597938 0.894310
2.505892 0.869310
2.503837 0.870374
2.611928 0.892998
2.604946 0.893798
2.595275 0.894055
2.598036 0.894363
2.591653 0.893732
2.585371 0.892810
2.579082 0.892586
2.605551 0.894630
2.598816 0.894619
2.592302 0.893876
2.585891 0.892801
2.577715 0.892718
2.579237 0.892523
2.594666 0.796912
2.588385 0.795401
2.578050 0.797167
2.581314 0.796500
2.570882 0.795413
2.568346 0.795401
2.568522 0.794239
2.562055 0.795340
2.563160 0.789694
2.555774 0.794472
2.549497 0.793083
2.543226 0.791371
2.536951 0.789865
2.530676 0.788478
2.588605 0.797488
2.575654 0.799505
2.581850 0.797539
2.574590 0.799554
2.527876 0.787877
2.670413 0.825568
2.671146 0.828676
2.671520 0.831734
2.608318 0.686882
2.609753 0.680218
2.606144 0.687261
2.602018 0.687688
2.704527 0.714226
2.704130 0.717040
2.702339 0.717780
2.698237 0.718567
2.922970 0.775295
2.920084 0.781477
2.922602 0.779298
2.919135 0.784187
2.923143 0.780353
3.035097 0.815417
3.122460 0.841969
3.035721 0.818497
3.123050 0.842742
3.040250 0.822565
3.125382 0.846247
3.129738 0.843616
3.140173 0.743517
3.133910 0.740980
3.127632 0.739809
3.121336 0.740170
3.143640 0.745981
3.120693 0.740396
3.121566 0.739783
3.337402 0.802065
3.334534 0.802932
3.423424 0.822222
3.332194 0.803732
3.469576 0.840207
3.426836 0.829753
3.423439 0.824974
3.468082 0.842752
3.466185 0.844369
3.427457 0.832848
3.423426 0.827858
3.465268 0.845017
3.469687 0.745472
3.469072 0.744286
3.470559 0.747590
3.470747 0.743815
-0.009606 0.788953
-0.010891 0.790612
-0.008622 0.787598
-0.014153 0.792760
-0.015950 0.793479
1.351669 1.202334
1.350948 1.202846
1.436953 1.226103
1.439375 1.224512
1.348957 1.204597
1.437498 1.229141
1.439183 1.227936
1.346131 1.206864
1.346169 1.201386
1.438600 1.232341
1.438735 1.232224
1.438619 1.235306
1.438677 1.235258
0.104425 0.763548
0.149779 0.770733
0.143040 0.770734
0.136648 0.769587
0.130516 0.767582
0.124797 0.764213
0.103030 0.764440
0.099210 0.766448
0.098094 0.766967
0.098752 0.764046
1.455009 1.173577
1.454117 1.167435
1.427320 1.169414
1.421059 1.166789
1.414788 1.164962
1.408514 1.163372
1.402240 1.161878
1.395957 1.161080
1.542092 1.197784
1.455461 1.176614
1.452399 1.177118
1.453609 1.171933
1.446107 1.177182
1.439837 1.175280
1.433584 1.171828
1.430239 1.170467
1.427823 1.168089
1.390889 1.160892
1.389669 1.160800
1.546471 1.203518
1.544997 1.201400
1.547143 1.199615
1.547871 1.205033
1.550894 1.208727
1.553575 1.206289
0.209400 0.636932
0.221927 0.641875
0.217937 0.639810
0.216139 0.637686
0.207060 0.637148
0.209990 0.635740
0.203099 0.637662
0.260190 0.653049
0.267204 0.649867
0.259547 0.653194
0.253245 0.654042
0.240694 0.651202
0.234433 0.648578
0.228177 0.645469
0.227398 0.645037
0.222824 0.640675
0.201322 0.638683
0.204665 0.633916
0.260756 0.651735
0.251218 0.653792
0.253332 0.653991
0.246965 0.653054
0.241034 0.651314
0.240706 0.651193
0.234856 0.648275
0.499449 0.717463
0.491539 0.723043
0.453914 0.712123
0.453814 0.712031
0.489633 0.723700
0.492039 0.722472
0.485225 0.724978
0.460143 0.717592
0.459163 0.716267
0.556194 0.742884
0.561949 0.739179
0.483393 0.725128
0.485416 0.724921
0.557061 0.746025
0.561705 0.742805
0.775450 0.808137
0.781387 0.804553
0.773898 0.810670
0.773658 0.810850
0.770077 0.812696
1.395092 0.992226
1.393268 0.997024
1.391347 0.999489
1.388067 1.000871
1.544814 1.048531
1.538539 1.047004
1.532264 1.045560
1.551082 1.050564
1.547380 1.049326
1.544892 1.048436
1.538624 1.046894
2.090397 1.205112
2.084121 1.203675
2.016125 1.184236
2.015130 1.184644
2.096658 1.207679
2.094147 1.206231
2.097082 1.205477
2.083011 1.203504
2.077837 1.202967
2.078399 1.200409
2.071550 1.202539
2.072955 1.196133
2.011769 1.186090
2.016605 1.181957
2.008802 1.187813
2.153071 1.226255
2.146826 1.222153
2.147104 1.221108
2.098051 1.210086
2.096615 1.211432
2.067118 1.202531
2.065257 1.202645
2.065634 1.200858
2.058958 1.203311
2.008252 1.188181
2.009051 1.187478
2.159309 1.230819
2.153590 1.226576
2.153885 1.223752
2.095562 1.212407
2.058471 1.203370
2.052661 1.203746
2.054104 1.197285
2.242348 1.245956
2.233245 1.248968
2.234873 1.248391
2.159502 1.230943
2.159397 1.230604
2.093033 1.214747
2.229114 1.250866
2.235576 1.248860
2.228285 1.251195
2.221987 1.251716
2.171800 1.238953
2.165548 1.235411
2.165418 1.235331
2.229262 1.250287
2.219769 1.251526
2.222140 1.251547
2.215699 1.251398
2.209426 1.249789
2.203148 1.248607
2.196869 1.247438
2.190594 1.246022
2.184324 1.244101
2.178060 1.241736
2.175892 1.240847
2.172492 1.237546
0.387808 0.626669
0.381532 0.625340
0.375255 0.624006
0.368980 0.622521
0.400326 0.632331
0.394076 0.628681
0.393871 0.628613
0.388070 0.626257
0.381705 0.625026
0.375305 0.623914
0.369002 0.622482
0.582214 0.682223
0.527127 0.666997
0.525762 0.667066
0.519464 0.667592
0.583877 0.683782
0.518105 0.667746
0.588433 0.688577
0.587526 0.687607
0.589164 0.685452
0.832636 0.759155
0.833096 0.758921
0.830381 0.761541
0.833771 0.759520
1.329332 0.903331
1.340856 0.913614
1.339701 0.912235
1.342924 0.915947
1.345919 0.919635
1.347471 0.918617
2.274435 1.193171
2.270001 1.194990
2.268798 1.195326
2.269544 1.192262
2.262680 1.196140
2.262497 1.196210
2.262691 1.195459
2.257000 1.197724
2.256186 1.197881
2.256672 1.195945
0.836378 0.691292
0.835895 0.691823
0.835999 0.690858
0.830910 0.685402
0.823324 0.690645
0.817062 0.688061
0.810802 0.685348
0.809917 0.684820
0.811310 0.683370
0.893804 0.703030
0.883325 0.705680
0.886570 0.704669
0.832006 0.693143
0.829589 0.692970
0.826264 0.691744
0.829771 0.691972
0.920593 0.717700
0.918243 0.714132
0.893781 0.705919
0.882836 0.708481
0.886604 0.707362
0.919407 0.720343
0.917854 0.718235
1.074161 0.763216
1.067883 0.762033
1.061613 0.760106
1.063203 0.752838
1.099226 0.772098
1.092973 0.768693
1.092248 0.768406
1.101173 0.773496
1.100517 0.768726
1.103856 0.777096
1.214653 0.807060
1.212772 0.804155
1.261250 0.821364
1.262386 0.821130
1.255943 0.822248
1.218317 0.811402
1.217237 0.810624
1.320552 0.838773
1.270050 0.820907
1.262896 0.822272
1.254458 0.822646
1.256069 0.822563
1.249648 0.822491
1.319437 0.841430
1.318623 0.842976
2.121238 1.080440
2.114958 1.079443
2.108694 1.076897
2.105376 1.074325
2.122860 1.075720
2.115336 1.078315
2.345888 1.147678
2.347276 1.146913
2.342175 1.149680
2.340641 1.150761
2.339022 1.151853
2.341188 1.150386
2.334328 1.152683
2.443909 0.982965
2.447906 0.988139
2.446486 0.986519
2.450024 0.990337
2.514664 0.829673
2.512472 0.829830
2.506185 0.829362
2.499905 0.828304
2.493629 0.826969
2.487350 0.825887
2.550314 0.841295
2.550090 0.841347
2.487144 0.825868
2.487453 0.825578
2.481061 0.825638
2.544663 0.842835
2.543773 0.843575
2.629315 0.866430
2.541623 0.845060
2.627588 0.868944
2.625259 0.870275
2.566104 0.748570
2.567812 0.740902
2.622544 0.764783
2.564329 0.748927
2.559800 0.749622
2.621086 0.765715
2.556357 0.749927
2.553502 0.750196
2.672698 0.781244
2.618762 0.768082
2.791830 0.816182
2.785558 0.814501
2.779296 0.811924
2.761922 0.800904
2.672890 0.784222
2.804374 0.819645
2.798102 0.817903
2.792168 0.816279
2.791834 0.816186
2.785587 0.814558
2.779524 0.812324
2.773744 0.809162
2.768276 0.804967
2.703977 0.796110
2.704824 0.792020
2.697713 0.793697
2.697958 0.792442
2.691438 0.792160
2.691690 0.790897
2.824398 0.822702
2.817843 0.822096
2.811485 0.820843
2.805171 0.819438
2.798912 0.817860
2.792652 0.816283
2.786399 0.814684
2.780462 0.812048
2.586217 0.634590
2.587880 0.632798
2.676488 0.654528
2.584855 0.637194
2.588283 0.634303
2.693466 0.666633
2.688208 0.663118
2.682419 0.659985
2.676592 0.656979
2.693741 0.669628
2.688204 0.665959
2.682402 0.662880
2.984331 0.755211
2.982252 0.755679
2.977379 0.756452
2.975946 0.756940
3.102982 0.784447
3.096492 0.783628
3.090012 0.782774
3.077025 0.783696
3.083321 0.782618
3.184426 0.807582
3.145770 0.803414
3.153115 0.799707
3.145289 0.803492
3.096660 0.785894
3.090064 0.785427
3.078132 0.786905
3.083224 0.785761
3.197082 0.813083
3.141029 0.805182
3.146631 0.801687
3.284615 0.838364
3.270701 0.840219
3.264416 0.839628
3.258128 0.839349
3.241337 0.832601
3.239925 0.830164
3.196866 0.816614
3.190407 0.815698
3.265797 0.836547
3.256495 0.839223
3.258282 0.839105
3.251845 0.838577
3.245572 0.836867
3.244724 0.836353
3.240722 0.830358
3.469910 0.789374
3.470192 0.792378
3.461417 0.693853
3.461142 0.699485
3.458973 0.696938
3.461885 0.695106
3.575323 0.723837
3.569411 0.721104
3.461730 0.700568
3.630470 0.747298
3.624216 0.744061
3.612221 0.738299
3.606244 0.735783
3.600149 0.733657
3.593922 0.731965
3.587709 0.730230
3.581553 0.728307
3.575515 0.726001
3.663163 0.750886
3.654194 0.753399
3.655656 0.753429
3.649263 0.754523
3.636724 0.750645
3.632698 0.748140
3.630565 0.747270
3.624908 0.743705
3.619144 0.740488
3.613163 0.737992
3.606941 0.736294
3.600483 0.735372
3.594041 0.734396
3.587912 0.732390
3.656160 0.754566
3.644155 0.753866
3.649326 0.754878
3.642981 0.753669
3.642246 0.753401
3.636844 0.751603
3.631035 0.748546
3.625382 0.744977
-0.004045 0.783351
-0.006658 0.785631
-0.007941 0.786241
-0.009869 0.787811
1.358208 1.195002
1.359319 1.194005
1.353346 1.196722
1.352649 1.196974
1.460635 1.221059
1.453833 1.221266
1.445454 1.222150
1.447073 1.221340
1.349871 1.198814
1.346314 1.200788
1.460518 1.224242
1.453842 1.224035
1.445082 1.224974
1.447133 1.223939
1.346161 1.200881
1.454502 1.224690
1.445354 1.227983
1.447103 1.226866
1.485701 1.235739
1.477982 1.240704
1.478685 1.236650
1.472804 1.233834
1.444406 1.230722
0.193374 0.730685
0.193963 0.727695
0.191441 0.732038
0.187702 0.734084
0.187370 0.732860
0.469220 0.816970
0.462948 0.815274
0.456683 0.812931
0.455284 0.811094
0.541122 0.834996
0.470109 0.817645
0.469291 0.817173
0.463336 0.814597
0.538324 0.837223
0.538195 0.837273
0.474605 0.821707
0.533937 0.839109
1.359594 1.082721
1.360110 1.080020
1.315667 1.072746
1.314035 1.070533
1.360601 1.084829
1.316674 1.074104
1.365794 1.090789
1.362794 1.088293
1.367218 1.084404
1.318246 1.077444
1.367690 1.092442
1.604104 1.158326
1.599413 1.154866
1.598728 1.151604
1.610348 1.162419
1.605503 1.159259
1.605017 1.155881
1.616594 1.166405
1.612797 1.163968
1.611794 1.158574
1.622841 1.170349
1.620321 1.168755
1.906513 1.242354
1.894302 1.244426
1.899387 1.243635
1.892529 1.244960
1.899968 1.244510
1.888757 1.245980
1.892969 1.245371
1.886217 1.246742
1.893691 1.245817
1.883393 1.247612
1.886590 1.247007
1.879902 1.248756
1.878273 1.249336
1.880145 1.248897
0.285316 0.632184
0.285198 0.632263
0.435698 0.675994
0.434214 0.677321
0.430638 0.672082
0.507969 0.698260
0.504637 0.699443
0.431970 0.679733
0.573624 0.718718
0.572315 0.716906
0.574615 0.714014
0.502975 0.699976
0.499911 0.693733
0.574696 0.720404
0.576922 0.723907
0.800994 0.778721
0.794042 0.785667
0.793171 0.788397
1.332503 0.946428
1.332306 0.946743
1.332416 0.946033
1.330778 0.948916
1.376134 0.965462
1.328711 0.951359
1.327301 0.946318
1.378353 0.966406
1.372408 0.964960
1.376309 0.965273
1.369851 0.964678
2.072166 1.170141
2.047082 1.162996
2.109793 1.180946
2.069833 1.170355
2.065866 1.170825
2.066349 1.167852
2.060647 1.164426
2.054024 1.164047
2.044376 1.164131
2.047394 1.163690
2.040760 1.165555
2.123908 1.180841
2.112177 1.183618
2.116599 1.182727
2.062294 1.171433
2.059560 1.172096
2.059994 1.169389
2.054187 1.166321
2.047575 1.165906
2.040063 1.166011
2.040867 1.165804
2.162897 1.198929
2.123605 1.184646
2.113857 1.186950
2.116323 1.186439
2.054783 1.172556
2.053261 1.172806
2.053438 1.171625
2.047385 1.169374
2.037450 1.168339
2.040993 1.168234
2.260248 1.228483
2.166154 1.203938
2.165309 1.202439
2.123550 1.187665
2.113977 1.189927
2.116243 1.189533
2.260190 1.228538
2.260417 1.227991
2.166837 1.205759
2.254955 1.230183
2.253936 1.230299
2.167175 1.208815
2.248509 1.231566
2.247627 1.231801
0.821505 0.672692
0.820508 0.672610
0.819527 0.672208
0.820561 0.672281
1.083834 0.753261
1.077567 0.751130
1.071307 0.748406
1.070986 0.748242
1.071449 0.747853
1.096344 0.759623
1.090092 0.756183
1.088427 0.755425
1.097760 0.760654
1.096903 0.758449
1.284499 0.811702
1.205644 0.789898
1.203741 0.786683
1.282926 0.811703
1.285034 0.810305
1.278193 0.812920
1.209196 0.794511
1.208240 0.793474
1.331939 0.826597
1.335643 0.823993
1.278169 0.814986
1.277623 0.813331
1.278373 0.812853
1.329595 0.828946
1.328318 0.831125
1.278590 0.816531
1.328078 0.831541
1.328416 0.831258
2.112118 1.063316
2.113478 1.056611
2.138373 1.070335
2.137195 1.071181
2.111496 1.063762
2.131887 1.071668
2.130899 1.071598
2.124609 1.071410
2.118332 1.070202
2.112077 1.066910
2.111923 1.066799
2.355677 1.135113
2.352603 1.137266
2.350334 1.139154
2.349824 1.139524
2.347474 1.141920
1.327848 0.750790
1.361415 0.761910
1.328575 0.753900
1.361636 0.764911
2.392620 1.071229
2.398851 1.076527
2.394227 1.072637
2.405100 1.080179
2.399254 1.076780
2.411336 1.085021
2.408222 1.081909
2.412592 1.085941
2.445078 0.974321
2.445911 0.977432
2.447294 0.980711
2.456000 0.895021
2.487342 0.905201
2.488520 0.899982
2.453824 0.895622
2.449689 0.896706
2.450783 0.891083
2.522995 0.915448
2.525368 0.914610
2.485002 0.906158
2.448297 0.897202
2.444817 0.891366
2.521591 0.918018
2.525699 0.916316
2.481585 0.908267
2.481012 0.908504
2.481365 0.906980
2.519434 0.920445
2.526189 0.917544
2.518614 0.921459
2.563195 0.817186
2.556936 0.814308
2.550654 0.813390
2.544376 0.812212
2.538100 0.810894
2.531823 0.809614
2.519273 0.806644
2.513002 0.804874
2.563456 0.817499
2.563912 0.815061
2.526578 0.808510
2.525546 0.808309
2.522737 0.807576
2.525632 0.807979
2.509075 0.804252
2.506722 0.803905
2.506972 0.802867
2.636604 0.838289
2.639002 0.836910
2.563812 0.820538
2.563146 0.821415
2.563902 0.817934
2.646247 0.838062
2.637921 0.841543
2.638528 0.841289
2.590647 0.703050
2.584371 0.701729
2.578096 0.700321
2.591753 0.700752
2.585682 0.698555
2.574178 0.700434
2.579731 0.695960
2.571802 0.700507
2.703503 0.737510
2.703711 0.737918
2.703615 0.737481
2.703986 0.740918
2.703548 0.740521
2.697177 0.740460
2.697594 0.737938
2.690909 0.738430
2.691420 0.736080
2.898955 0.793425
2.891583 0.796030
2.890977 0.795347
2.891699 0.795135
2.894334 0.799106
2.898621 0.797353
3.042078 0.840111
3.100077 0.849736
3.079687 0.852498
3.054587 0.846666
3.048329 0.843696
3.044318 0.841569
3.042517 0.839540
3.099965 0.852899
3.092941 0.853840
3.086354 0.853340
3.077623 0.852627
3.079777 0.852806
3.073374 0.854299
3.067106 0.852274
3.060843 0.849740
3.056179 0.847396
3.054728 0.846531
3.049168 0.842651
3.100041 0.855480
3.093186 0.855864
3.086673 0.855119
3.079986 0.854953
3.073395 0.854467
3.067273 0.852441
3.097439 0.750672
3.091145 0.750870
3.141302 0.766292
3.137386 0.762510
3.098678 0.748571
3.090151 0.750962
3.091289 0.750715
3.084847 0.751402
3.141537 0.766436
3.141482 0.765780
3.082042 0.751947
3.146321 0.770552
3.326201 0.820313
3.323136 0.820804
3.319817 0.821679
3.456062 0.853550
3.449001 0.854621
3.442911 0.852475
3.449800 0.854775
3.443399 0.853662
3.443822 0.855116
3.470821 0.767781
3.468215 0.765065
3.471919 0.768886
3.474375 0.772442
3.467670 0.690124
3.469689 0.688782
3.552220 0.708322
3.465711 0.692575
3.470142 0.690106
3.569483 0.721556
3.568624 0.720628
3.564042 0.716580
3.558440 0.712830
3.581972 0.729740
3.575720 0.726314
3.572695 0.724546
3.569917 0.722243
3.564549 0.717736
3.665049 0.750024
3.671024 0.747178
3.663509 0.751978
3.613335 0.738094
3.607065 0.736240
3.600785 0.735247
3.582054 0.729788
3.581983 0.729733
3.671463 0.748558
3.663054 0.752466
3.663603 0.752245
0.000079 0.778055
-0.000023 0.778306
0.000155 0.778069
-0.001949 0.780772
0.001392 0.776820
1.363035 1.190152
1.360642 1.191126
1.358517 1.191969
1.361793 1.188638
1.354329 1.192895
1.462517 1.220296
1.468206 1.218307
1.352573 1.193473
1.481347 1.222220
1.474450 1.222742
1.465647 1.223979
1.467454 1.223588
1.460929 1.224222
1.485980 1.234354
1.487250 1.227797
1.479724 1.231311
1.480283 1.228549
1.473451 1.229622
1.473729 1.227943
1.467601 1.225936
1.456141 1.224611
1.461352 1.224326
1.454625 1.225347
1.487150 1.235124
1.493277 1.232990
1.467754 1.230409
1.467219 1.230048
0.190982 0.752906
0.188203 0.754108
0.186447 0.754732
0.515909 0.844030
0.509566 0.842726
0.503393 0.840858
0.503332 0.843878
0.497079 0.842279
1.319260 1.092802
1.317670 1.089442
1.348150 1.104541
1.346582 1.102388
1.348778 1.100771
1.323065 1.097421
1.322234 1.096436
1.348859 1.105865
1.325049 1.100058
1.323616 1.097675
1.350907 1.109313
1.355495 1.106485
1.329279 1.104224
1.329060 1.103997
1.523728 1.156006
1.517467 1.153363
1.511194 1.151711
1.504904 1.151562
1.454699 1.140343
1.548807 1.163675
1.548515 1.163401
1.543424 1.159002
1.537229 1.157209
1.530433 1.157397
1.524430 1.154971
1.518803 1.151306
1.512544 1.149724
1.500737 1.151727
1.505720 1.150009
1.498608 1.151847
1.492325 1.151177
1.486047 1.149930
1.479776 1.148194
1.473506 1.146183
1.467238 1.144192
1.460970 1.142110
1.458481 1.141426
1.451268 1.139670
1.454967 1.139617
1.448422 1.139102
1.442137 1.138407
1.605216 1.182519
1.598963 1.179188
1.597814 1.178365
1.599471 1.176986
1.555032 1.169421
1.552936 1.167400
1.549558 1.163805
1.543867 1.160356
1.537510 1.159096
1.531432 1.156924
1.624004 1.190128
1.617744 1.187272
1.611481 1.184849
1.609515 1.184142
1.611872 1.183339
1.561258 1.175153
1.556847 1.171297
1.555434 1.169475
1.550090 1.164894
1.630253 1.193838
1.625852 1.191064
1.561520 1.175405
1.561323 1.175122
1.636492 1.198440
1.633060 1.195777
1.850556 1.254712
1.857159 1.252363
1.849762 1.254975
1.843460 1.255839
1.850656 1.254389
1.843233 1.255843
1.843477 1.255839
1.837167 1.255932
1.830881 1.255498
1.844551 1.255140
1.837596 1.255852
1.829447 1.255436
1.830957 1.255523
1.824591 1.255372
0.815353 0.694601
0.809102 0.691055
0.808152 0.690416
0.879179 0.706827
0.871804 0.709921
0.843771 0.702032
0.840429 0.702475
0.840858 0.699853
0.835527 0.695210
0.821605 0.698073
0.816916 0.695473
0.822986 0.692125
0.928232 0.727077
0.923194 0.720037
0.873355 0.712179
0.879120 0.709818
0.836584 0.703215
0.834128 0.703344
0.834487 0.701470
0.827855 0.701762
0.825658 0.700557
0.828282 0.699714
0.927129 0.728237
0.923032 0.723375
0.874962 0.715523
0.923467 0.730293
0.922315 0.728574
1.066170 0.768894
1.067334 0.764240
1.059890 0.767846
1.061181 0.762307
1.053624 0.765621
1.051442 0.764450
1.054192 0.763132
1.103758 0.783068
1.100758 0.779418
1.103762 0.783075
1.103762 0.783057
1.222912 0.816912
1.217812 0.809766
1.104982 0.786336
1.255577 0.821363
1.242964 0.822917
1.248612 0.822112
1.241717 0.823021
1.235428 0.822683
1.229143 0.822132
1.222896 0.818236
1.222633 0.817950
1.218017 0.811895
1.317949 0.844167
1.316950 0.846268
1.249240 0.822858
1.242605 0.822518
1.236039 0.821952
1.229289 0.821989
1.224068 0.817005
1.316661 0.846762
1.317309 0.845628
1.315562 0.849445
2.113261 1.084878
2.106991 1.082965
2.339785 1.149404
2.332704 1.151782
2.340351 1.150319
2.329295 1.152553
2.333029 1.152246
2.326401 1.152743
2.320107 1.152935
2.333631 1.153082
2.326914 1.153010
2.316156 1.152284
2.320210 1.152894
2.313826 1.151934
2.307533 1.152076
1.319027 0.763595
1.358756 0.776221
1.318880 0.766499
1.359242 0.779287
2.382918 1.083691
2.389146 1.089126
2.384966 1.085332
2.390525 1.081914
2.395387 1.093578
2.389660 1.089398
2.396509 1.087212
2.396086 1.093912
2.402300 1.093163
2.401124 1.098111
2.434804 1.012182
2.432227 1.010031
2.435846 1.007282
2.441046 1.016517
2.437674 1.014289
2.441943 1.012213
2.443811 1.018742
2.448808 1.014646
2.491905 0.913446
2.454266 0.903665
2.455363 0.898215
2.517932 0.916920
2.491098 0.913673
2.486610 0.909080
2.452773 0.904305
2.449330 0.898688
2.518097 0.919163
2.510264 0.921269
2.510735 0.921222
2.486733 0.915526
2.485585 0.915895
2.485764 0.914681
2.449177 0.906376
2.447940 0.906687
2.448268 0.905022
2.518460 0.920798
2.507983 0.923653
2.510997 0.923180
2.481605 0.917236
2.479717 0.915252
2.561505 0.821965
2.548971 0.817781
2.542688 0.816990
2.536409 0.815908
2.530129 0.814802
2.562202 0.823213
2.524128 0.813917
2.523848 0.813892
2.517569 0.812818
2.518992 0.807655
2.511293 0.811446
2.512372 0.807267
2.505012 0.810408
2.630471 0.843218
2.630198 0.842751
2.630559 0.842542
2.561760 0.826037
2.561455 0.826328
2.632200 0.846156
2.632814 0.849261
2.572893 0.706138
2.570094 0.706863
2.567993 0.707884
2.708047 0.747456
2.726837 0.754850
2.720569 0.752830
2.714298 0.750909
2.709268 0.748215
2.708319 0.746999
2.689191 0.745684
2.733083 0.758827
2.728820 0.755924
2.727206 0.754204
2.721399 0.751140
2.715394 0.748728
2.691328 0.746803
2.883589 0.801930
2.880741 0.798868
2.884228 0.797552
2.884528 0.802720
2.890889 0.800621
2.886316 0.806121
3.072797 0.850815
3.066157 0.850490
3.059777 0.849304
3.053713 0.847072
3.047888 0.844051
3.073149 0.852442
3.066659 0.851620
3.060512 0.849674
2.631744 0.617657
2.647137 0.622473
2.644263 0.623259
2.644705 0.620373
2.637995 0.621128
2.634121 0.619290
2.638263 0.619390
3.026760 0.736374
3.020980 0.732533
3.014909 0.730320
3.002996 0.729853
3.008570 0.729004
3.001664 0.730139
3.083189 0.753540
3.076904 0.752917
3.070622 0.752100
3.020943 0.737153
3.020452 0.737768
3.020506 0.736888
3.014801 0.733478
3.008816 0.730998
2.997992 0.731554
3.002384 0.729986
2.995341 0.732902
3.084094 0.752222
3.077223 0.752658
3.069840 0.752019
3.070649 0.752113
3.019521 0.739758
3.014794 0.736347
3.139502 0.771958
3.140366 0.769462
3.078071 0.752701
3.065603 0.753940
3.071008 0.753769
3.139507 0.774892
3.139587 0.774847
3.321441 0.826149
3.316822 0.826958
3.315118 0.828786
3.314339 0.829304
3.315456 0.828356
0.005799 0.770800
0.009596 0.766350
0.004634 0.773425
0.002484 0.775856
0.001733 0.776268
1.375270 1.183045
1.368635 1.185263
1.368316 1.185418
1.368785 1.184992
1.470866 1.213410
1.476022 1.211964
1.363246 1.187113
1.362320 1.187243
1.356020 1.188066
1.489231 1.215634
1.481470 1.221466
1.482497 1.215617
1.475220 1.217855
1.474007 1.217080
1.475370 1.216901
1.355444 1.188180
1.356485 1.186780
1.501956 1.220923
1.495050 1.221475
1.487724 1.224787
1.482650 1.222115
1.488178 1.221915
1.501257 1.226056
1.493969 1.228904
1.491062 1.227114
1.494326 1.226691
1.514442 1.229871
1.507761 1.229685
1.497122 1.231559
1.500760 1.230546
0.193968 0.700286
0.194283 0.698797
0.191404 0.702108
0.188544 0.704375
0.464414 0.783403
0.463554 0.783634
0.459268 0.785087
0.573075 0.815791
0.577705 0.812391
0.571708 0.818387
0.578042 0.814102
0.570098 0.819924
1.366455 1.054435
1.316267 1.041672
1.316090 1.041113
1.411173 1.064364
1.372685 1.059731
1.369106 1.056985
1.317437 1.044370
1.317900 1.038612
1.378918 1.064875
1.374583 1.061248
1.319294 1.047782
1.529480 1.103287
1.379373 1.065368
1.579626 1.119544
1.544465 1.108596
1.523884 1.103560
1.523182 1.103749
1.523485 1.102403
1.516882 1.104383
1.585869 1.123841
1.580687 1.120359
1.548231 1.114058
1.546217 1.111934
1.515455 1.104427
1.592115 1.127817
1.587796 1.125013
1.554477 1.118009
1.551836 1.116243
1.549248 1.111965
1.513190 1.106835
1.598354 1.132362
1.594560 1.129605
1.558793 1.120900
1.555196 1.117418
1.600633 1.134051
1.934505 1.227239
1.938296 1.223607
1.930714 1.228376
1.929044 1.228823
1.931591 1.226303
1.924401 1.230211
1.923652 1.230457
1.924691 1.229665
0.585632 0.669103
0.543335 0.655998
0.541741 0.655987
0.535445 0.656317
0.585906 0.669317
0.533563 0.656549
0.536726 0.652771
0.591866 0.674182
0.591131 0.673525
0.592699 0.670981
0.845834 0.747421
0.848925 0.752696
0.847161 0.750670
0.850805 0.754523
1.087228 0.820855
1.082160 0.812685
1.075821 0.811364
1.069613 0.809608
1.063667 0.806988
1.088125 0.821212
1.094122 0.820477
1.086639 0.820849
1.080923 0.822065
1.081317 0.818255
1.075265 0.815989
1.069266 0.813552
1.063424 0.810598
1.090013 0.824602
1.094216 0.822981
1.087173 0.825652
1.080216 0.822215
1.074980 0.819758
1.069054 0.817085
1.063216 0.814130
1.316433 0.888681
1.314088 0.884107
1.319186 0.893683
1.318177 0.892015
1.314428 0.885789
1.344241 0.903480
1.337966 0.902034
1.331697 0.900082
1.325437 0.897333
1.322353 0.895975
1.319543 0.893968
1.347179 0.904984
1.344798 0.902406
2.278530 1.180326
2.274661 1.181168
2.272221 1.181876
2.268962 1.182711
2.265909 1.183632
2.262837 1.184185
0.826351 0.675414
0.812513 0.678600
0.808084 0.675438
0.813741 0.672548
0.828634 0.683372
0.825044 0.683146
0.825351 0.681514
0.818772 0.681437
0.816233 0.680346
0.819074 0.679992
0.913305 0.706986
0.912907 0.706711
0.906794 0.704638
0.897940 0.703226
0.900587 0.702884
0.914848 0.710279
0.913250 0.708378
0.907686 0.704513
0.896064 0.705699
0.901102 0.704002
0.913995 0.713033
1.088404 0.760954
1.082140 0.758612
1.075865 0.757124
1.069594 0.755270
1.063855 0.752526
1.094663 0.763759
1.090646 0.761984
1.089265 0.758575
1.100907 0.767902
1.100086 0.767220
1.208678 0.796666
1.207831 0.795427
1.277528 0.812842
1.268359 0.814170
1.270604 0.813456
1.213758 0.802758
1.210291 0.799977
1.208657 0.795510
1.327381 0.829032
1.270197 0.819050
1.269402 0.817336
1.270421 0.816854
1.215432 0.804187
1.214446 0.801483
1.324190 0.833640
1.327815 0.830391
1.270935 0.820660
1.278002 0.816924
1.270175 0.820970
1.323096 0.836321
2.136794 1.071418
2.129222 1.075414
2.110404 1.070345
2.109667 1.069342
2.123111 1.075541
2.130772 1.071851
2.122927 1.075529
2.116650 1.074330
2.114575 1.073456
2.111999 1.067096
2.351602 1.143045
2.348644 1.143996
2.346391 1.144695
2.344420 1.147169
1.336173 0.738711
1.360756 0.752811
1.360166 0.751285
1.333103 0.746053
1.335469 0.743836
1.360672 0.755718
1.360101 0.754315
1.334642 0.749748
1.334383 0.749317
1.334757 0.749015
2.400571 1.068960
2.399596 1.067923
2.401208 1.066091
2.406808 1.073758
2.404522 1.072053
2.408458 1.067221
2.413042 1.078827
2.411653 1.076746
2.449159 0.960359
2.448286 0.963051
2.448343 0.957632
2.447488 0.965799
2.447297 0.963909
2.520461 0.824248
2.516443 0.824076
2.514170 0.824201
2.507885 0.823658
2.501605 0.822586
2.495327 0.821466
2.555144 0.836449
2.551770 0.837233
2.492583 0.821191
2.489039 0.821063
2.630400 0.857761
2.548336 0.837727
2.630351 0.860665
2.628836 0.863251
2.567828 0.740831
2.567786 0.740840
2.624251 0.758378
2.561929 0.742327
2.561517 0.742401
2.561686 0.741676
2.680666 0.776670
2.622464 0.760031
2.625821 0.755209
2.694726 0.775227
2.687575 0.776586
2.679418 0.776865
2.680814 0.776663
2.620532 0.762517
2.762183 0.800675
2.760946 0.799706
2.757082 0.794628
2.705703 0.788020
2.699442 0.785327
2.693173 0.783385
2.693439 0.782293
2.686892 0.782475
2.687327 0.780233
2.680621 0.780577
2.680024 0.779961
2.680744 0.779723
2.837434 0.822476
2.831142 0.822491
2.774679 0.808356
2.768427 0.804802
2.767444 0.804212
2.763093 0.799842
2.710037 0.790235
2.838465 0.820757
2.830034 0.822421
2.831259 0.822298
2.824853 0.822278
2.818570 0.821454
2.812295 0.820045
2.806021 0.818522
2.799748 0.816934
2.793474 0.815314
2.787201 0.813669
2.780934 0.811520
2.776592 0.809395
2.774907 0.808156
2.832690 0.820425
2.825714 0.821202
2.819114 0.820749
2.812790 0.819386
2.582088 0.642524
2.699549 0.670179
2.693809 0.666879
2.708612 0.679272
2.705300 0.676229
2.699618 0.672746
2.693811 0.669678
2.707695 0.681985
2.705058 0.679859
2.968020 0.756931
2.949215 0.750891
2.942937 0.749730
2.981822 0.756164
2.974762 0.757227
2.965966 0.756746
2.968082 0.757034
2.961734 0.756469
2.955437 0.756988
2.975749 0.756787
2.968792 0.757504
2.962071 0.757446
2.955276 0.757069
2.955443 0.757082
3.076221 0.783809
3.064404 0.786635
3.069171 0.784836
3.145161 0.803728
3.137306 0.808418
3.136829 0.807259
3.137493 0.806800
3.076015 0.787307
3.064541 0.789596
3.069006 0.788198
3.138270 0.810519
3.244784 0.836380
3.139083 0.813667
3.251569 0.839019
3.245421 0.837075
3.470190 0.795471
3.468682 0.798017
3.469063 0.801065
3.466839 0.730045
3.465996 0.728574
3.468120 0.732038
3.468176 0.727270
0.055377 0.770939
0.010171 0.765838
0.009767 0.766838
0.073905 0.779300
0.067363 0.778653
0.061149 0.776922
0.055256 0.774130
0.009327 0.768560
0.009939 0.768029
0.061469 0.778692
1.382917 1.179631
1.381740 1.179768
1.383273 1.178861
1.376617 1.180371
1.374267 1.180853
1.377630 1.178042
1.370313 1.181447
1.515829 1.214029
1.509568 1.212444
1.503157 1.211364
1.496591 1.210793
1.489483 1.213913
1.490052 1.210132
1.483226 1.210929
1.482106 1.210128
1.483409 1.209817
1.367006 1.182027
1.364009 1.182412
1.522010 1.218649
1.515453 1.218050
1.509201 1.216445
1.501988 1.220719
1.502752 1.215490
1.495734 1.217409
1.491804 1.215407
1.496066 1.215314
1.528238 1.223140
1.521620 1.222739
1.515222 1.221620
1.502281 1.220894
1.508695 1.220922
1.535020 1.225826
1.527903 1.227072
1.521398 1.226304
1.514470 1.229649
1.514895 1.225527
1.508225 1.225507
1.507866 1.225206
1.508259 1.225190
1.534524 1.230312
1.527580 1.230985
1.515030 1.229924
1.520959 1.230599
0.192667 0.708435
0.192236 0.708742
0.192490 0.707507
0.189716 0.710651
0.462974 0.789080
0.461844 0.790351
0.459893 0.791244
0.566657 0.820252
0.569072 0.818650
0.458071 0.793761
0.564284 0.822584
0.569598 0.819717
0.562128 0.823737
0.560368 0.824588
0.562521 0.823671
1.315167 1.046915
1.315751 1.042885
1.370977 1.066261
1.366856 1.062464
1.316796 1.050226
1.371161 1.066427
1.318380 1.053556
1.374862 1.070269
1.378589 1.066328
1.541522 1.109605
1.534693 1.109903
1.528699 1.107440
1.377181 1.073923
1.377098 1.073782
1.377234 1.073631
1.584177 1.128853
1.581395 1.126565
1.541081 1.113847
1.533999 1.115280
1.534038 1.114852
1.527722 1.113925
1.527815 1.113151
1.521425 1.114452
1.522045 1.109958
1.516562 1.105817
1.590425 1.132702
1.587589 1.130981
1.547640 1.117253
1.537444 1.118740
1.540608 1.118222
1.520618 1.114640
1.515976 1.110580
1.596670 1.136756
1.595183 1.135763
1.553538 1.122862
1.547338 1.121092
1.536412 1.121449
1.540647 1.120934
1.516909 1.116708
1.602913 1.141022
1.601977 1.140370
1.930458 1.232282
1.929031 1.232662
1.924729 1.233787
1.922720 1.234295
1.919176 1.235368
1.916406 1.236219
1.913892 1.237048
0.326168 0.627589
0.307123 0.623718
0.296656 0.626019
0.299950 0.625154
0.293181 0.627290
0.300868 0.624940
0.292028 0.627812
0.293399 0.627340
0.431802 0.667791
0.431127 0.668403
0.431278 0.667159
0.426133 0.661899
0.513781 0.686794
0.429168 0.670084
0.425657 0.666302
0.575351 0.710686
0.506931 0.691986
0.506356 0.692113
0.506761 0.690520
0.500052 0.693115
0.576150 0.711815
0.578539 0.715336
0.801296 0.778507
0.801070 0.778921
0.799617 0.781013
0.801457 0.779991
0.798126 0.783610
1.331406 0.940130
1.329480 0.942589
1.327673 0.944564
1.327247 0.945011
2.131174 1.176316
2.124030 1.179159
2.163608 1.190173
2.124628 1.180637
2.131219 1.178949
2.165073 1.193438
2.125899 1.183876
2.131110 1.182127
2.265359 1.220873
2.167842 1.199229
2.166982 1.196837
2.125951 1.186845
2.131102 1.184994
2.262717 1.223133
2.261937 1.223614
2.168044 1.200056
2.168092 1.199156
2.257116 1.224702
2.255634 1.224676
2.249750 1.225877
2.249327 1.226013
1.077015 0.734754
1.080967 0.739631
1.078701 0.738094
1.196620 0.769824
1.195138 0.764991
1.085964 0.742830
1.200099 0.775404
1.198427 0.773176
1.296180 0.799986
1.294182 0.800879
1.295641 0.794735
1.201531 0.776882
1.200867 0.773967
1.345730 0.815012
1.344340 0.816259
1.292174 0.801919
1.342630 0.817166
1.345219 0.814630
1.288622 0.804012
1.340689 0.819649
2.107712 1.044974
2.104653 1.038451
2.135113 1.054577
2.134347 1.055910
2.134525 1.053861
2.106895 1.047678
2.104427 1.041997
2.133216 1.057032
2.129286 1.051721
2.106078 1.050415
2.129407 1.059056
2.128013 1.059547
2.128373 1.057568
2.109196 1.054497
2.107782 1.053797
2.360509 1.121335
2.360095 1.121613
2.356220 1.123189
2.353765 1.124946
2.353342 1.125423
2.354319 1.123677
2.353109 1.128332
2.354039 1.127449
2.415427 1.034670
2.412361 1.032191
2.416498 1.029468
2.421659 1.039782
2.417318 1.036310
2.423319 1.031991
2.422541 1.040520
2.426678 1.044491
2.428227 1.043691
2.457123 0.918289
2.457691 0.915579
2.454935 0.919794
2.450795 0.921367
2.450330 0.921615
2.453428 0.871633
2.448570 0.873113
2.494999 0.884705
2.492457 0.886513
2.448173 0.873261
2.548587 0.900719
2.549041 0.900396
2.491938 0.886875
2.493215 0.884484
2.443695 0.875126
2.443039 0.872214
2.547097 0.903269
2.549550 0.901516
2.488294 0.888947
2.545248 0.905772
2.550146 0.902398
2.565519 0.778341
2.567118 0.771040
2.562193 0.778327
2.559223 0.778565
2.559951 0.775242
2.552938 0.778064
2.546657 0.777168
2.636854 0.799495
2.634490 0.799043
2.634721 0.798157
2.628213 0.797741
2.628932 0.795018
2.621933 0.796732
2.623368 0.791139
2.615654 0.795569
2.609373 0.794634
2.544644 0.776995
2.676402 0.812072
2.604623 0.794557
2.603084 0.794426
2.676995 0.815142
2.677294 0.818180
2.601474 0.668246
2.599524 0.666702
2.593477 0.664414
2.587330 0.662460
2.581865 0.658260
2.604063 0.671794
2.599162 0.672998
2.600114 0.667563
2.594444 0.664046
2.707218 0.702834
2.705761 0.704355
2.704614 0.705160
2.928335 0.768532
2.929693 0.771799
3.044513 0.802759
3.044483 0.805673
3.044335 0.807173
3.132146 0.830924
3.130578 0.829622
3.044190 0.808565
3.044377 0.808405
3.138364 0.837332
3.134946 0.833618
3.138454 0.837439
3.348419 0.789796
3.351238 0.787976
3.414155 0.808782
3.413477 0.807772
3.408235 0.802823
3.345150 0.791929
3.344215 0.792361
3.469758 0.825290
3.469669 0.825555
3.469827 0.824759
3.417593 0.812537
3.414826 0.806127
3.468621 0.827922
3.419434 0.816935
3.418982 0.815828
3.467438 0.830587
3.466634 0.734755
3.466165 0.731058
3.468911 0.738233
3.470692 0.741631
0.039992 0.753254
0.033727 0.750972
0.099514 0.769608
0.096408 0.771485
0.040828 0.755273
0.040385 0.753703
0.030922 0.752859
0.034654 0.750386
0.096013 0.771672
0.096884 0.770189
1.453899 1.179332
1.450727 1.180433
1.438167 1.178363
1.431912 1.175205
1.425646 1.172958
1.419376 1.170968
1.413102 1.169429
1.406828 1.167978
1.400549 1.166881
1.394264 1.166250
1.539815 1.198778
1.447978 1.180801
1.451574 1.178637
1.444430 1.180872
1.438465 1.178479
1.438213 1.178254
1.433311 1.172203
1.388555 1.166317
1.387971 1.166304
1.381680 1.166347
1.538516 1.206175
1.538076 1.205733
1.538716 1.205192
1.544728 1.213099
1.542247 1.209673
1.546057 1.206010
1.544887 1.213262
1.548551 1.217126
0.193317 0.693632
0.190571 0.695900
0.189349 0.696824
0.190251 0.692690
0.485123 0.775956
0.478456 0.775719
0.471542 0.778297
0.516412 0.786682
0.509920 0.785867
0.504017 0.783107
0.497960 0.780857
0.491903 0.778610
0.469169 0.778546
0.472293 0.776612
0.465247 0.778572
0.585819 0.805059
0.516590 0.788903
0.510671 0.786205
0.461535 0.779645
0.579218 0.811270
0.585913 0.807545
0.678474 0.838809
0.672804 0.834936
0.667445 0.830374
0.578215 0.813971
0.578089 0.814206
0.673838 0.834325
1.317427 1.032507
1.405778 1.059808
1.399517 1.057148
1.368144 1.049553
1.364813 1.047002
1.317326 1.035395
1.451257 1.065512
1.437143 1.067923
1.430862 1.066996
1.424589 1.065297
1.418315 1.063814
1.412043 1.062064
1.406623 1.060134
1.406334 1.058083
1.374384 1.054139
1.370130 1.051215
1.317938 1.038533
1.317917 1.038484
1.438623 1.065513
1.432248 1.064319
1.426228 1.061948
1.380620 1.059028
1.376400 1.055684
1.529327 1.095962
1.524894 1.096949
1.381316 1.059849
1.581323 1.114055
1.576966 1.110518
1.548055 1.103444
1.522245 1.097137
1.518595 1.097589
1.587566 1.118312
1.582135 1.114688
1.547307 1.106186
1.544688 1.101957
1.513713 1.097999
1.512279 1.099767
1.593801 1.123232
1.588920 1.119276
1.549898 1.111183
1.548885 1.109525
1.544600 1.105095
1.594121 1.123501
1.594060 1.122564
1.952685 1.217811
1.939810 1.222510
1.946206 1.219740
1.938704 1.222770
1.934167 1.224063
1.939918 1.221071
1.932387 1.224889
1.930140 1.226040
1.933018 1.224448
0.563968 0.648618
0.557691 0.647334
0.582775 0.654570
0.576510 0.652281
0.570237 0.650568
0.568914 0.650206
0.564166 0.648330
0.557189 0.647345
0.557753 0.647258
0.551407 0.646677
0.589024 0.658289
0.588346 0.657889
0.846239 0.732559
0.852342 0.739720
0.847542 0.735803
1.010648 0.776206
1.004305 0.774902
0.998208 0.772783
1.057769 0.795922
1.054334 0.790507
1.004451 0.777240
0.998196 0.775649
0.991983 0.773922
0.985637 0.772632
0.979263 0.771435
0.972909 0.770174
1.099091 0.808933
1.056078 0.798425
1.053796 0.795094
1.101331 0.812402
1.055710 0.801294
1.100754 0.815224
1.311884 0.872606
1.311933 0.875529
1.312803 0.878691
2.288220 1.169010
2.286828 1.169181
2.288742 1.167777
2.281917 1.169952
2.279223 1.170253
2.282798 1.167968
2.275613 1.171067
2.272803 1.171650
2.276679 1.168782
1.323702 0.755805
1.325955 0.752997
1.360276 0.767654
1.323749 0.758731
1.325691 0.756675
1.360542 0.770645
1.324452 0.761860
1.325164 0.761251
2.390883 1.080124
2.386262 1.076720
2.392265 1.073375
2.397128 1.084173
2.392765 1.081214
2.398747 1.077015
2.403382 1.087556
2.401210 1.086205
2.404057 1.084541
2.408315 1.090893
2.410702 1.087695
2.438268 0.995097
2.439659 0.989107
2.444501 1.000165
2.440830 0.997173
2.446007 1.001362
2.450727 1.005929
2.450344 1.005373
2.461726 0.844540
2.525860 0.857299
2.518154 0.861595
2.457172 0.845537
2.455415 0.846044
2.515676 0.862749
2.518897 0.860831
2.511833 0.864202
2.452425 0.847332
2.511097 0.864577
2.512116 0.863801
2.614142 0.892645
2.619486 0.890290
2.612162 0.893744
2.609293 0.894407
2.612654 0.893430
2.572590 0.712093
2.568382 0.713758
2.568058 0.713901
2.712624 0.754526
2.681252 0.746948
2.731432 0.760344
2.727563 0.758717
2.725413 0.757310
2.719322 0.755169
2.712967 0.753902
2.687511 0.749743
2.683969 0.748055
2.677023 0.746359
2.681653 0.746048
2.674970 0.746127
2.668679 0.745946
2.662397 0.745159
2.737668 0.765212
2.736510 0.763810
2.732468 0.759065
2.693760 0.753438
2.693707 0.753373
2.739440 0.767469
2.738131 0.765441
2.876122 0.803769
2.878060 0.807153
2.883292 0.803449
2.879463 0.810445
2.882645 0.808417
2.649986 0.625189
2.631586 0.619188
2.625104 0.618343
2.612638 0.620063
2.618204 0.618875
2.652639 0.632755
2.649536 0.629472
2.643858 0.625978
2.637524 0.624646
2.631024 0.623860
2.624550 0.622989
2.615086 0.623597
2.617757 0.623170
2.651768 0.635491
2.649305 0.633072
3.044691 0.746032
3.038559 0.744029
3.032397 0.742123
3.026346 0.739852
2.995893 0.737054
2.993645 0.738376
3.064051 0.751651
3.057246 0.751872
3.050793 0.750930
3.044564 0.749253
3.038298 0.747693
3.032069 0.746014
3.026069 0.743583
3.020308 0.740369
2.991737 0.738992
3.131144 0.775943
3.131779 0.775569
3.064199 0.753999
3.057445 0.754048
3.050938 0.753288
3.044560 0.752104
3.038163 0.750983
3.128928 0.778319
3.132341 0.776516
3.234650 0.807072
3.231944 0.806892
3.232447 0.804765
3.225669 0.805406
3.222365 0.804065
3.226129 0.803376
3.127773 0.781001
3.313450 0.831851
3.312433 0.831907
3.313935 0.830539
3.309439 0.834109
3.307133 0.834009
3.300858 0.832588
3.294583 0.831106
3.288302 0.830140
3.469123 0.773264
3.470204 0.774484
3.472448 0.777968
0.080474 0.778767
0.055208 0.770828
0.049619 0.767696
0.016645 0.761397
0.018100 0.760518
0.087822 0.777850
0.077816 0.779261
0.080647 0.779290
0.074172 0.779559
0.067879 0.779716
0.055346 0.775347
0.054241 0.773503
0.049498 0.770900
0.044362 0.765623
0.015597 0.764087
0.018461 0.762162
0.081481 0.779362
0.074564 0.779951
0.067323 0.779642
0.067890 0.779737
0.061598 0.778798
0.057815 0.777329
0.055411 0.776457
1.390890 1.175504
1.389324 1.175593
1.391452 1.174103
1.384595 1.175814
1.380061 1.176253
1.378296 1.176340
1.371996 1.177180
1.530113 1.211356
1.522572 1.214267
1.521859 1.213827
1.522629 1.213823
1.371846 1.177209
1.372143 1.176758
1.528807 1.219148
1.527275 1.218052
1.529002 1.217813
1.535022 1.225808
1.532049 1.222144
1.535781 1.220489
1.535037 1.225823
1.542940 1.221944
0.217336 0.635978
0.211070 0.633805
0.268703 0.649106
0.267517 0.649317
0.218650 0.636904
0.217589 0.635731
0.205300 0.633660
0.262751 0.650604
0.449363 0.702826
0.448488 0.701797
0.444648 0.695355
0.499752 0.717242
0.499530 0.717368
0.455589 0.708502
0.452718 0.705744
0.450825 0.700028
0.562218 0.737288
0.496216 0.719293
0.493199 0.720790
0.457198 0.709791
0.562783 0.738471
0.563441 0.741578
0.782653 0.803868
0.781658 0.804417
0.779965 0.806141
0.782712 0.803000
1.360139 0.971331
1.353597 0.970682
1.397213 0.989054
1.396113 0.990368
1.394903 0.991405
1.391879 0.993620
2.023123 1.178834
2.098375 1.200412
2.092110 1.198123
2.085839 1.196339
2.079559 1.195222
2.080819 1.189628
2.073275 1.194699
2.021325 1.179482
2.023955 1.177129
2.148534 1.215740
2.100645 1.201788
2.071462 1.194650
2.066982 1.194699
2.067846 1.190750
2.017338 1.181438
2.016796 1.181810
2.149836 1.216725
2.100145 1.204577
2.098304 1.206578
2.061185 1.195073
2.060686 1.195123
2.060800 1.194584
2.054384 1.195992
2.014358 1.183672
2.017832 1.180767
2.154760 1.221366
2.154197 1.220703
2.155217 1.219354
2.097964 1.206987
2.098832 1.205315
2.053321 1.196123
2.243393 1.245419
2.242564 1.245807
2.160979 1.227802
2.157735 1.224502
2.095870 1.209447
2.239271 1.247329
2.236245 1.248146
2.161792 1.228451
2.161562 1.226322
2.232698 1.248674
2.229940 1.249332
0.404935 0.636610
0.386134 0.630181
0.379850 0.629420
0.373571 0.628403
0.367292 0.627301
0.361017 0.625853
0.354743 0.624235
0.348468 0.622759
0.342192 0.621462
0.335913 0.620337
0.406613 0.637736
0.405082 0.636811
0.399647 0.632508
0.394066 0.628698
0.355933 0.621142
0.349189 0.621161
0.410660 0.641660
0.405859 0.637083
0.524929 0.672487
0.524065 0.672541
0.517768 0.672992
0.580502 0.688991
0.580497 0.688985
0.580507 0.688970
0.515898 0.673205
0.511470 0.673609
0.586714 0.695917
0.583842 0.692715
0.587250 0.696503
0.823541 0.762958
0.825382 0.762145
0.821728 0.765436
0.825841 0.763436
1.337797 0.917801
1.337103 0.920540
1.340170 0.917629
1.339084 0.925722
1.337863 0.923669
1.339600 0.922340
2.154175 1.172553
2.270344 1.201099
2.267081 1.202654
2.154763 1.172903
2.152643 1.172387
2.154204 1.172653
2.265907 1.202934
2.261183 1.204734
2.260763 1.204853
2.260898 1.204197
1.104564 0.721919
1.092957 0.723694
1.097589 0.722704
1.090702 0.724337
1.191036 0.753384
1.098326 0.723072
1.088150 0.725437
1.091189 0.724382
1.191137 0.753519
1.191089 0.753317
1.193982 0.757130
1.299887 0.785933
1.196494 0.760699
1.298726 0.788558
1.353234 0.804794
1.298295 0.791406
1.351463 0.807311
2.106028 1.029600
2.106533 1.029453
2.123549 1.036787
2.119623 1.033514
2.113618 1.031094
2.106398 1.034769
2.104808 1.032207
2.106947 1.030874
2.124676 1.039989
2.119972 1.035183
2.107536 1.035810
2.121663 1.042214
2.119524 1.039506
2.111432 1.039726
2.363503 1.109344
2.365202 1.101578
2.362121 1.109670
2.360132 1.112118
2.364469 1.109614
2.371031 1.113047
2.363416 1.116936
2.361906 1.115513
2.363713 1.114948
2.413699 1.042749
2.411559 1.040926
2.414557 1.038671
2.419926 1.048394
2.416170 1.044974
2.421296 1.041477
2.420503 1.048983
2.453685 0.933057
2.455232 0.926488
2.452530 0.934166
2.450204 0.936542
2.448807 0.931101
2.453160 0.879066
2.490766 0.891567
2.450951 0.879958
2.446840 0.881380
2.448393 0.873931
2.540930 0.906380
2.489581 0.892316
2.446078 0.881702
2.540262 0.907617
2.541153 0.906988
2.485956 0.894372
2.484432 0.895267
2.538183 0.910049
2.541786 0.907725
2.574241 0.797607
2.566629 0.802672
2.560347 0.801740
2.648159 0.825574
2.570758 0.804321
2.573967 0.801311
2.560018 0.801700
2.554061 0.801340
2.555499 0.795555
2.547782 0.800177
2.549446 0.793301
2.541509 0.798614
2.542970 0.792439
2.535237 0.796932
2.536648 0.791071
2.528964 0.795242
2.530531 0.789027
2.522692 0.793499
2.516419 0.791879
2.668177 0.826781
2.661187 0.827613
2.654410 0.829099
2.650591 0.826749
2.654769 0.826551
2.567059 0.806371
2.566585 0.806522
2.667843 0.830684
2.660663 0.832420
2.659590 0.831867
2.660712 0.831980
2.663238 0.835710
2.667598 0.834334
2.607397 0.693587
2.606606 0.693707
2.607115 0.691727
2.600307 0.694323
2.597535 0.694118
2.594020 0.693908
2.587746 0.692443
2.703702 0.722954
2.700622 0.725100
2.700540 0.725119
2.912020 0.785529
2.914230 0.784693
2.912190 0.788497
2.914259 0.787408
3.032977 0.821536
3.032751 0.820875
3.033738 0.818435
3.039196 0.827798
3.034409 0.824187
3.122304 0.843085
3.114453 0.848984
3.113280 0.846379
3.114727 0.845854
3.039791 0.828445
3.040165 0.825093
3.114734 0.849658
3.121796 0.847576
3.115750 0.852866
3.121573 0.851159
3.114185 0.747902
3.118726 0.746325
3.111692 0.747613
3.105404 0.747299
3.139295 0.756947
3.101524 0.747726
3.106117 0.746263
3.099104 0.747932
3.142990 0.761558
3.142255 0.760602
3.331138 0.814174
3.328008 0.814730
3.324831 0.815403
3.437736 0.845598
3.433035 0.837786
3.321975 0.816204
3.458591 0.852479
3.456521 0.853515
3.438663 0.847604
3.437958 0.846575
3.453396 0.854127
3.456960 0.853386
3.450208 0.855399
3.440901 0.851082
3.438297 0.848273
3.457427 0.854696
3.446521 0.855417
3.450384 0.855695
3.443146 0.854597
3.472513 0.762633
3.469716 0.759405
3.472980 0.763139
3.472851 0.761898
3.491832 0.679629
3.485125 0.681572
3.535736 0.693204
3.530559 0.688043
3.517889 0.685379
3.510707 0.686843
3.504313 0.685705
3.498469 0.682757
3.492204 0.681193
3.484462 0.682185
3.485217 0.682015
3.541547 0.699281
3.541101 0.698941
3.536363 0.693939
3.517759 0.688635
3.511029 0.688612
3.504921 0.686541
3.483464 0.684906
3.547788 0.703773
3.547351 0.703415
3.693424 0.737172
3.684230 0.739757
3.686097 0.739117
3.682514 0.742251
3.686450 0.740751
3.680225 0.744655
0.039808 0.752798
0.033608 0.751016
0.025287 0.754574
0.025859 0.754357
0.044627 0.762212
0.044543 0.762554
0.044569 0.762122
0.023870 0.757146
0.026273 0.755790
0.090699 0.776388
0.088415 0.777311
0.043919 0.764984
0.022576 0.759794
0.085363 0.778036
0.089422 0.775414
1.436504 1.180918
1.411427 1.173083
1.405149 1.171956
1.398860 1.171588
1.449042 1.184882
1.442765 1.183613
1.437387 1.181324
1.436661 1.180580
1.431263 1.176148
1.425302 1.173581
1.419317 1.171090
1.413030 1.169603
1.406635 1.168468
1.397384 1.171539
1.399340 1.170305
1.392573 1.171210
1.386277 1.171562
1.444108 1.181034
1.385772 1.171639
1.387181 1.168780
1.379984 1.171720
1.532178 1.210319
1.375295 1.172059
1.536782 1.214787
1.536320 1.214241
1.537001 1.213651
1.542997 1.221611
1.540375 1.218166
1.544648 1.213481
1.543173 1.221807
0.194834 0.685074
0.192638 0.687450
0.191076 0.688753
0.192339 0.682979
0.485786 0.775938
0.479515 0.774211
0.520640 0.785100
0.524174 0.783301
0.504580 0.782961
0.498312 0.780924
0.492047 0.778650
0.488837 0.777333
0.485979 0.775927
0.477074 0.774465
0.479876 0.773833
0.473219 0.774486
0.587383 0.804331
0.593455 0.802091
0.521249 0.788181
0.524023 0.786618
0.510821 0.787415
0.507943 0.784940
0.504832 0.783248
0.498717 0.781201
0.492718 0.778770
0.656443 0.819410
0.586796 0.807106
0.593543 0.804605
0.586080 0.808440
0.690900 0.835462
0.686433 0.835875
0.680145 0.835591
0.667621 0.830367
0.666532 0.829502
0.662744 0.823649
0.585398 0.809725
0.586233 0.809332
0.675357 0.834587
0.680375 0.834989
0.673868 0.834282
0.673645 0.834169
0.668655 0.829206
1.319729 1.024871
1.388695 1.046036
1.363591 1.040495
1.357347 1.036309
1.357206 1.036213
1.318922 1.026844
1.401215 1.051537
1.394952 1.049011
1.391262 1.047444
1.369830 1.045057
1.364011 1.040779
1.363813 1.039934
1.318998 1.029792
1.452109 1.065235
1.458610 1.063479
1.451391 1.065327
1.445097 1.065481
1.419994 1.059889
1.413730 1.057377
1.407472 1.054514
1.406475 1.054073
1.409159 1.048757
1.376072 1.049396
1.369961 1.045162
1.369925 1.044817
1.319630 1.033464
1.319426 1.032856
1.320060 1.031514
1.539174 1.091559
1.532898 1.090149
1.452691 1.063565
1.440595 1.065331
1.445540 1.064930
1.438806 1.065306
1.432530 1.063991
1.426263 1.061906
1.425622 1.061677
1.420464 1.058738
1.376448 1.049699
1.376315 1.048799
1.571757 1.095977
1.565336 1.094923
1.545405 1.096724
1.543050 1.093288
1.540194 1.088935
1.530570 1.090234
1.533737 1.088004
1.526600 1.090663
1.439981 1.063881
1.433627 1.062615
1.427515 1.060559
1.583022 1.108337
1.579269 1.105051
1.545433 1.096782
1.545405 1.096807
1.545414 1.096747
1.540636 1.090279
1.521795 1.091014
1.520302 1.091208
1.589259 1.113186
1.583965 1.109117
1.583926 1.105887
1.543248 1.099191
1.540360 1.094031
1.515551 1.092451
1.521822 1.088521
1.589524 1.113419
1.589451 1.112715
1.593477 1.117355
1.954779 1.217241
1.960186 1.215289
1.952979 1.217736
1.949487 1.218854
1.953646 1.217426
1.946667 1.219494
1.954508 1.217412
1.943060 1.220224
1.947196 1.219296
1.940354 1.221323
1.938903 1.222181
1.940585 1.221728
0.320000 0.625664
0.313728 0.623981
0.326272 0.627340
0.321773 0.626135
0.320032 0.625594
0.312229 0.623799
0.313835 0.623805
0.307443 0.623361
0.315201 0.622130
0.302861 0.624451
0.308140 0.623190
0.427137 0.657718
0.426587 0.658101
0.426702 0.657225
0.421510 0.652113
0.514366 0.684724
0.423993 0.659868
0.420986 0.656657
0.514017 0.684778
0.508064 0.685602
0.577071 0.703188
0.576987 0.703087
0.577148 0.702858
0.506327 0.685834
0.579609 0.706642
0.582459 0.710296
0.807399 0.773971
0.809700 0.772219
0.806567 0.776701
0.809931 0.774279
1.332293 0.931415
1.331745 0.934192
1.330794 0.936908
2.163365 1.183455
2.158444 1.175270
2.136441 1.174595
2.138822 1.173306
2.163916 1.184218
2.163693 1.182977
2.135119 1.177180
2.139300 1.174520
2.165484 1.187521
2.164905 1.181785
2.135151 1.180125
2.139285 1.177395
2.266719 1.215174
2.166867 1.190806
2.135185 1.183100
2.139079 1.180926
2.265284 1.217743
2.263627 1.218792
2.259229 1.219217
2.257332 1.219163
2.258124 1.216166
1.073027 0.740860
1.073546 0.738137
1.085526 0.748201
1.079269 0.745184
1.075875 0.743415
1.091779 0.751613
1.087161 0.749112
1.086573 0.745252
1.200875 0.779795
1.199320 0.776226
1.292479 0.807006
1.204640 0.785604
1.202773 0.783184
1.288875 0.807131
1.286183 0.807335
1.206379 0.787029
1.337693 0.821977
1.336332 0.823415
1.283150 0.808675
1.287521 0.804928
1.335434 0.824365
1.336740 0.823195
2.139421 1.059956
2.112921 1.055177
2.108912 1.049429
2.140482 1.064824
2.138892 1.065664
2.139141 1.063663
2.134077 1.058139
2.110241 1.057438
2.108698 1.052947
2.134770 1.066361
2.132591 1.066559
2.132976 1.064591
2.126301 1.066387
2.120019 1.065500
2.113754 1.063242
2.108312 1.059918
2.108422 1.056699
2.358375 1.129103
2.357030 1.129411
2.352592 1.131248
2.352047 1.132243
2.352881 1.128412
2.351256 1.133874
2.440641 0.988196
2.446213 0.993396
2.444958 0.992160
2.449136 0.996119
2.452081 0.999806
2.489064 0.897505
2.455103 0.887005
2.451424 0.887818
2.452380 0.883017
2.532949 0.911169
2.488188 0.897999
2.449329 0.888504
2.445110 0.889851
2.446521 0.882918
2.532614 0.911771
2.533031 0.911555
2.484424 0.900003
2.482732 0.901006
2.444264 0.890222
2.530567 0.914197
2.533605 0.912468
2.480713 0.902061
2.528366 0.916625
2.565834 0.805911
2.558626 0.809372
2.560279 0.802008
2.552351 0.807990
2.546075 0.806597
2.539800 0.805108
2.533526 0.803571
2.527254 0.801906
2.520984 0.800025
2.514711 0.798303
2.508433 0.797160
2.647843 0.827175
2.640173 0.830782
2.638289 0.829770
2.640498 0.829182
2.563576 0.811520
2.565858 0.808657
2.654016 0.831839
2.646394 0.836945
2.644657 0.834236
2.646775 0.833493
2.660170 0.836597
2.647019 0.837758
2.653334 0.836915
2.604905 0.699572
2.598608 0.700009
2.595897 0.699722
2.592325 0.699294
2.586052 0.697626
2.579781 0.695825
2.573501 0.694816
2.703002 0.728814
2.701755 0.731421
2.698908 0.731955
2.700588 0.725246
2.692623 0.731438
2.906756 0.787124
2.899592 0.788752
2.899326 0.788454
2.899641 0.788369
2.902654 0.792181
2.906435 0.790981
2.902902 0.795195
2.906610 0.793248
3.037511 0.832190
3.035309 0.830430
3.101105 0.849431
3.107382 0.847860
3.043746 0.837225
3.040223 0.834554
3.114394 0.849760
3.101669 0.852481
3.107175 0.851345
3.046202 0.838969
3.114171 0.853333
3.101154 0.855308
3.107025 0.854671
3.125946 0.744429
3.138485 0.748212
3.137262 0.747518
3.133464 0.742157
3.124103 0.744297
3.126468 0.743006
3.119658 0.743966
3.113364 0.744255
3.141179 0.751388
3.112580 0.744416
3.113537 0.744022
3.144693 0.755528
3.144489 0.755149
3.336472 0.807865
3.332838 0.808427
3.329761 0.809143
3.326525 0.810267
3.464516 0.847512
3.433155 0.838910
3.432418 0.837144
3.428169 0.831597
3.324736 0.810885
3.463964 0.847765
3.464770 0.847041
3.433576 0.840344
3.433280 0.839779
3.428305 0.833967
3.462896 0.850437
3.435522 0.843775
3.433916 0.840531
3.468872 0.750264
3.469089 0.746450
3.470448 0.753567
3.472284 0.756976
3.530718 0.688837
3.527989 0.686796
3.521253 0.685151
3.524708 0.685113
3.532541 0.690849
3.530926 0.689659
3.522384 0.688377
3.524591 0.688330
3.707480 0.735255
3.696489 0.736725
3.700506 0.736034
3.693733 0.738429
3.707671 0.737440
3.700828 0.737787
3.693242 0.738859
3.693805 0.738718
0.178541 0.763132
0.109509 0.747629
0.103247 0.745026
0.173442 0.763581
0.179655 0.761081
0.172242 0.763748
0.165942 0.764500
0.110359 0.748207
0.109773 0.747121
0.173770 0.761113
0.165272 0.764537
0.166069 0.764271
1.340074 1.107269
1.333609 1.106364
1.340041 1.110166
1.488966 1.159129
1.482683 1.158381
1.476401 1.157503
1.470130 1.155751
1.463861 1.153699
1.457586 1.152263
1.490529 1.155659
1.483710 1.155927
1.476861 1.156287
1.471157 1.152874
1.451960 1.151851
1.451299 1.151829
1.451694 1.150394
1.601813 1.194286
1.595559 1.191019
1.551652 1.179289
1.551459 1.179083
1.552350 1.176829
1.446037 1.153355
1.444989 1.153457
1.445327 1.152001
1.626880 1.202991
1.620621 1.200184
1.614357 1.197794
1.608085 1.195985
1.602317 1.194428
1.602065 1.193470
1.557878 1.184949
1.555682 1.183031
1.633128 1.206778
1.628121 1.203647
1.627336 1.201824
1.564112 1.189980
1.560702 1.187196
1.733498 1.232812
1.727219 1.231655
1.720939 1.230711
1.714653 1.230116
1.639375 1.210704
1.635804 1.208450
1.634036 1.204765
1.566221 1.191505
1.741080 1.232346
1.734481 1.231888
1.727923 1.231291
1.721383 1.230634
1.711679 1.229901
1.714802 1.230113
1.708366 1.229712
1.702081 1.229151
1.695797 1.228503
1.658151 1.219382
1.651887 1.216943
1.645629 1.214012
1.644881 1.213612
1.640471 1.208607
1.804095 1.249571
1.797677 1.248513
1.791400 1.246991
1.728556 1.232024
1.722014 1.231376
1.715480 1.230703
1.708950 1.230015
1.702444 1.229250
1.691167 1.227844
1.695930 1.228511
1.689515 1.227600
1.683236 1.226468
1.676960 1.225124
1.670689 1.223387
1.664419 1.221421
1.663339 1.221073
1.658348 1.219147
1.797793 1.250945
0.275508 0.643609
0.273997 0.644383
0.276970 0.639893
0.439945 0.685844
0.444788 0.695562
0.443983 0.694667
0.439490 0.690142
0.503695 0.712176
0.501209 0.713382
0.451033 0.699669
0.450004 0.699077
0.445416 0.695653
0.439362 0.693405
0.566111 0.730349
0.499504 0.714090
0.567885 0.733704
0.571405 0.730226
0.569525 0.737068
0.790979 0.792336
0.786941 0.798894
0.784778 0.801314
0.783317 0.802229
1.347670 0.967967
1.341922 0.961945
1.393149 0.973590
1.374431 0.968638
1.360921 0.971243
1.367172 0.970360
1.360217 0.971237
1.353933 0.970451
1.347834 0.968043
1.347676 0.967982
1.342255 0.963635
1.398253 0.983281
1.397824 0.983686
1.397969 0.982716
1.354868 0.969304
1.348458 0.968223
1.342811 0.964633
1.395687 0.985587
1.393795 0.988095
2.031116 1.172873
2.081282 1.187597
2.030998 1.172914
2.031171 1.172762
2.100081 1.194245
2.093822 1.191299
2.093110 1.191015
2.094028 1.190512
2.077758 1.187256
2.074997 1.187005
2.075406 1.185243
2.068704 1.186970
2.026839 1.174808
2.024788 1.176076
2.103147 1.196371
2.065079 1.187072
2.062410 1.187241
2.063217 1.183793
2.023416 1.176915
2.025347 1.175365
2.156481 1.213821
2.154709 1.211889
2.157378 1.209417
2.102909 1.199238
2.056466 1.187923
2.056110 1.187980
2.056247 1.187391
2.020729 1.179233
2.250560 1.239720
2.158525 1.215744
2.100960 1.201718
2.099983 1.202705
2.247969 1.240511
2.244243 1.241891
2.160368 1.219142
2.164252 1.214624
2.243365 1.242316
2.237931 1.243684
2.237174 1.243768
0.831987 0.706902
0.826009 0.704386
0.857345 0.714961
0.849540 0.720335
0.846302 0.717613
0.850548 0.715154
0.838310 0.711065
0.832111 0.709288
0.862056 0.726180
0.862751 0.722168
0.855792 0.723769
0.851935 0.721914
0.856218 0.721492
0.976194 0.750881
0.969905 0.749395
0.963602 0.747955
0.957379 0.746252
0.951061 0.744865
0.944679 0.743687
0.938323 0.742425
0.932453 0.739562
0.864459 0.727926
0.869113 0.726255
1.056481 0.780232
1.031385 0.774024
0.985393 0.760352
0.981203 0.760726
0.981959 0.756890
0.974931 0.759084
0.975672 0.755403
0.968658 0.757314
0.969161 0.754648
0.962380 0.756199
0.962961 0.752875
0.956102 0.755042
0.956757 0.751115
0.949827 0.753544
0.950397 0.749870
0.943558 0.751565
0.943956 0.748891
0.937282 0.750200
0.937625 0.747549
0.931838 0.744419
1.100373 0.793282
1.054436 0.780144
1.050174 0.781440
1.050862 0.776925
1.045286 0.773088
1.030128 0.774200
1.031819 0.773054
1.101582 0.794581
1.049851 0.781946
1.044863 0.777306
1.038839 0.774957
1.030431 0.777216
1.031564 0.776719
1.103287 0.797919
1.105249 0.801359
1.313818 0.858117
1.314647 0.854417
1.313716 0.861004
1.313485 0.863564
1.314078 0.859097
1.313449 0.863890
2.310474 1.159347
2.306965 1.159145
2.304183 1.159185
2.299201 1.160165
2.297876 1.160511
2.292924 1.161587
2.291565 1.162237
1.351455 0.735575
1.350651 0.735980
1.349437 0.735082
1.350740 0.735113
2.404027 1.052617
2.405340 1.046862
2.405694 1.054453
2.410246 1.058914
2.409724 1.058362
2.410509 1.057640
2.413751 1.062298
2.418089 1.057716
2.452614 0.940210
2.451964 0.940708
2.452489 0.938340
2.450498 0.942618
2.448095 0.944994
2.455726 0.857234
2.452006 0.858362
2.504971 0.872185
2.502162 0.873886
2.450745 0.858928
2.501558 0.874263
2.502531 0.873169
2.446477 0.860844
2.445681 0.861311
2.591585 0.893415
2.585201 0.892245
2.578614 0.891748
2.566687 0.893091
2.571698 0.892331
2.564850 0.893823
2.498046 0.876360
2.572339 0.893048
2.562846 0.895095
2.565261 0.894163
2.562665 0.763482
2.625387 0.780448
2.562665 0.763482
2.556367 0.764043
2.624878 0.781603
2.619067 0.782900
2.620360 0.776028
2.552680 0.763991
2.550076 0.764027
2.550838 0.760880
2.672291 0.796106
2.670602 0.790930
2.618647 0.783013
2.675472 0.802178
2.673552 0.799343
2.580801 0.654257
2.588343 0.661653
2.582081 0.659020
2.581408 0.657318
2.591404 0.662710
2.588629 0.661017
2.708534 0.694213
2.708677 0.697183
2.707467 0.698177
2.929126 0.759794
2.930623 0.763073
2.932888 0.766580
2.933374 0.766022
3.050511 0.798200
3.052969 0.796632
3.130864 0.820760
3.049904 0.800990
3.053492 0.797738
3.133842 0.825457
3.132291 0.824020
3.135545 0.818831
3.136609 0.828023
3.468435 0.780080
3.470702 0.783550
3.471385 0.786672
3.475926 0.686117
3.477573 0.684999
3.552390 0.708584
3.550750 0.707323
3.546935 0.703521
3.541491 0.699244
3.474686 0.688761
3.477899 0.686757
3.558630 0.713171
3.556707 0.711696
3.553072 0.708313
3.547735 0.703708
3.562234 0.716002
3.673322 0.746022
3.678805 0.743735
3.671522 0.748529
3.679269 0.745051
3.671473 0.748588
1.367827 1.241059
1.361992 1.238069
1.393720 1.247349
1.386638 1.248483
1.380079 1.247890
1.373849 1.246208
1.367816 1.243880
1.361968 1.240942
1.356430 1.236978
1.393538 1.250751
1.386693 1.251105
1.380179 1.250363
1.374087 1.248231
1.368116 1.245700
1.362173 1.243083
1.356574 1.239332
1.400371 1.253270
1.393377 1.254107
1.386670 1.254005
1.380264 1.252913
1.374247 1.250540
1.368360 1.247742
1.362426 1.245098
1.393277 1.257294
1.386635 1.256974
0.188766 0.758396
0.186513 0.759074
0.182595 0.759799
0.180208 0.760243
1.340595 1.106953
1.333891 1.108207
1.331863 1.104816
1.328035 1.102512
1.322860 1.097347
1.340533 1.109847
1.347889 1.106504
1.340155 1.110619
1.333981 1.108247
1.333892 1.108222
1.328365 1.104224
1.347411 1.110907
1.340341 1.111996
1.334344 1.109558
1.329195 1.104333
1.516996 1.154482
1.510935 1.152241
1.502427 1.155256
1.503491 1.154574
1.496929 1.155822
1.465553 1.148665
1.459282 1.146860
1.453003 1.145716
1.553355 1.173270
1.549876 1.169767
1.548747 1.163682
1.491588 1.155510
1.498029 1.153148
1.490642 1.155426
1.484364 1.154300
1.478088 1.152838
1.471819 1.150919
1.469279 1.150065
1.466183 1.147061
1.460780 1.142663
1.450566 1.145501
1.446716 1.145281
1.597256 1.185457
1.595334 1.183790
1.553818 1.173634
1.553885 1.171761
1.441198 1.146185
1.440415 1.146192
1.440662 1.145191
1.622307 1.195572
1.616046 1.192972
1.609779 1.190804
1.603511 1.188755
1.603025 1.188576
1.603679 1.188141
1.559584 1.178717
1.558254 1.177646
1.628561 1.198895
1.625095 1.196890
1.565818 1.183716
1.563678 1.181921
1.766563 1.235121
1.760282 1.234221
1.754002 1.233247
1.747718 1.232521
1.634804 1.203169
1.632892 1.201734
1.804165 1.248153
1.804230 1.246342
1.797900 1.245804
1.797963 1.244783
1.791625 1.244254
1.791697 1.243222
1.785558 1.241240
1.779569 1.238761
1.773469 1.236652
1.767230 1.234999
1.760874 1.233738
1.754417 1.232810
1.746611 1.232415
1.747785 1.232454
1.741426 1.232579
1.735134 1.232488
1.639091 1.206210
1.849584 1.255126
1.842662 1.255731
1.836215 1.254769
1.829783 1.253753
1.823275 1.252993
1.816805 1.252105
1.808981 1.250572
1.810435 1.250890
1.804137 1.250525
1.791581 1.248083
1.787928 1.245428
1.785454 1.244375
1.779686 1.241175
1.773700 1.238693
1.767376 1.237327
1.760980 1.236197
1.754581 1.235083
1.748148 1.234077
1.741690 1.233151
1.734874 1.232487
1.735147 1.232507
1.728845 1.232333
1.722556 1.232129
1.836735 1.255855
1.830185 1.255232
1.823625 1.254644
1.817095 1.253954
1.810604 1.253138
1.800099 1.251332
1.804182 1.252094
1.797840 1.251019
1.796028 1.250340
1.791672 1.248909
1.785824 1.245980
1.780016 1.242918
1.773980 1.240607
1.767732 1.238996
1.761490 1.237367
1.755122 1.236146
1.748639 1.235307
1.742187 1.234367
1.735700 1.233540
1.729190 1.232789
1.721086 1.232103
1.722628 1.232208
1.824299 1.255257
1.817679 1.254868
1.811155 1.254161
1.804731 1.253129
1.798354 1.251940
1.792179 1.250089
1.786213 1.247554
0.196105 0.670423
0.194529 0.672591
0.195962 0.665405
0.194282 0.672890
0.530896 0.772647
0.534405 0.768973
0.532124 0.775871
0.533620 0.774375
0.700871 0.822942
0.703401 0.820109
0.658480 0.815153
0.652220 0.812434
0.645945 0.810958
0.639662 0.810191
0.633389 0.808631
0.627118 0.806706
0.620848 0.804900
0.697248 0.824966
0.696113 0.825442
0.659640 0.815798
0.658781 0.814515
0.653441 0.809916
0.640224 0.809065
0.692091 0.826663
1.335693 1.014956
1.323156 1.011001
1.385850 1.030444
1.348202 1.021484
1.341944 1.018556
1.338594 1.016694
1.320511 1.012272
1.398363 1.036589
1.392101 1.033942
1.387663 1.031602
1.360713 1.027715
1.354461 1.024289
1.350418 1.022498
1.349726 1.016914
1.319920 1.015056
1.410872 1.043027
1.404621 1.039496
1.400432 1.037636
1.366957 1.031920
1.361377 1.028109
1.361188 1.026377
1.320583 1.018179
1.487587 1.056789
1.477410 1.059364
1.480239 1.058804
1.473582 1.061062
1.417113 1.047437
1.411071 1.043169
1.410987 1.042739
1.367959 1.032676
1.367522 1.030556
1.555116 1.083580
1.551250 1.080333
1.480643 1.060279
1.472596 1.061114
1.473642 1.061147
1.467281 1.061870
1.417360 1.047664
1.417215 1.047262
1.561358 1.087848
1.556175 1.084445
1.555632 1.082459
1.480778 1.062680
1.473874 1.063222
1.463614 1.061888
1.467388 1.062393
1.567606 1.091768
1.563696 1.089214
1.561891 1.086862
1.580133 1.096611
1.573864 1.094728
1.573592 1.094583
1.568298 1.090800
1.975220 1.209254
1.973934 1.209867
1.975583 1.208942
1.970426 1.211935
1.976536 1.208611
1.968885 1.212950
1.967422 1.214159
1.969251 1.213248
1.118911 0.719042
1.108280 0.721413
1.111638 0.720807
1.104945 0.722072
1.118983 0.721623
1.112039 0.722296
1.101696 0.722733
1.105299 0.722300
1.192708 0.750116
1.190105 0.747239
1.193670 0.751049
1.193390 0.748545
1.304550 0.781041
1.306138 0.779527
1.355178 0.796331
1.303673 0.783755
1.306605 0.780804
1.355519 0.799339
2.114366 1.031139
2.115102 1.031653
2.114350 1.032482
2.112904 1.031118
2.114434 1.031235
2.365228 1.101430
2.365149 1.101475
2.372967 1.100992
2.365193 1.104490
2.365122 1.104385
2.365218 1.104322
2.379062 1.105943
2.371413 1.110748
2.367442 1.107896
2.371997 1.107017
2.373529 1.112350
2.417156 1.026317
2.423386 1.031676
2.418754 1.027724
2.425049 1.023477
2.423556 1.031816
2.429624 1.036454
2.429187 1.036138
2.429727 1.035912
2.455404 0.925724
2.455227 0.925888
2.452140 0.928058
2.449065 0.929749
2.450578 0.922428
2.448552 0.930148
2.451728 0.865187
2.450289 0.865630
2.451101 0.862185
2.556908 0.895322
2.498000 0.879412
2.446636 0.866879
2.443969 0.868141
2.564671 0.893283
2.555827 0.896460
2.557200 0.895703
2.494793 0.881565
2.494145 0.881868
2.553913 0.898922
2.557728 0.896776
2.551966 0.901416
2.620245 0.801442
2.607704 0.797748
2.601423 0.796848
2.567416 0.785635
2.563792 0.786396
2.564763 0.781602
2.626513 0.803442
2.620578 0.801544
2.620286 0.801326
2.614520 0.798108
2.608228 0.796631
2.601356 0.796839
2.601426 0.796842
2.595123 0.797462
2.557894 0.786222
2.557502 0.786259
2.557562 0.785936
2.551219 0.785529
2.551830 0.782618
2.544942 0.784271
2.546195 0.778989
2.538662 0.783140
2.602715 0.795407
2.592663 0.797645
2.595285 0.797683
2.588837 0.796962
2.582558 0.795921
2.674913 0.820647
2.674984 0.823609
2.609145 0.679054
2.605246 0.672855
2.603740 0.680669
2.603732 0.680670
2.603734 0.680661
2.705829 0.708514
2.704479 0.711119
2.704049 0.711225
2.704601 0.709205
2.924968 0.773737
2.925651 0.776820
3.044292 0.803037
2.924179 0.779420
3.039540 0.810480
3.044249 0.805981
3.126336 0.834613
3.039961 0.813528
3.130417 0.839226
3.129736 0.838357
3.130761 0.837418
3.132603 0.842007
3.138322 0.837553
3.355852 0.785591
3.359166 0.784053
3.352197 0.787465
3.408653 0.802261
3.406127 0.800793
3.351950 0.787585
3.352273 0.787387
3.469738 0.819254
3.414901 0.806021
3.414623 0.805805
3.467865 0.821729
3.463736 0.719084
3.463298 0.715479
3.466004 0.722564
0.191152 0.746927
0.189911 0.747621
0.190463 0.744847
0.187022 0.748877
0.454489 0.818746
0.503432 0.840467
0.497531 0.835174
0.491671 0.832269
0.485998 0.828748
0.529713 0.842952
0.517394 0.844151
0.522482 0.844577
0.515969 0.844530
0.509675 0.844808
0.500523 0.840027
0.497139 0.840619
0.497180 0.839124
0.491192 0.836647
0.485713 0.832498
0.523107 0.845326
0.516183 0.845940
0.507958 0.844779
0.509688 0.845137
0.503389 0.844166
0.497116 0.842589
0.496214 0.841920
0.491009 0.840080
0.485490 0.836077
1.313615 1.077792
1.351046 1.094552
1.318503 1.089105
1.316861 1.086185
1.351704 1.097615
1.318768 1.089574
1.318625 1.089091
1.356092 1.103162
1.353940 1.101094
1.356763 1.099472
1.324714 1.096098
1.321889 1.093288
1.357952 1.105033
1.363445 1.102507
1.600680 1.171883
1.597516 1.169362
1.602110 1.165482
1.525391 1.153511
1.519126 1.151109
1.512851 1.149688
1.506568 1.148901
1.500288 1.147949
1.494010 1.146790
1.487733 1.145399
1.481461 1.143700
1.475191 1.141838
1.468923 1.139847
1.462655 1.137647
1.456387 1.135577
1.450116 1.133820
1.613191 1.178242
1.606931 1.175431
1.603851 1.173816
1.607860 1.171536
1.544176 1.161316
1.537910 1.159110
1.531643 1.156915
1.529639 1.155713
1.508125 1.144940
1.501402 1.144889
1.494580 1.145160
1.488040 1.144510
1.625705 1.184269
1.619452 1.180926
1.617798 1.180148
1.546060 1.162678
1.544488 1.161160
1.631949 1.188395
1.628002 1.185584
1.634269 1.190080
1.877962 1.247638
1.864036 1.250075
1.871773 1.248606
1.860261 1.251059
1.864603 1.250027
1.857722 1.251932
1.865349 1.250384
1.854982 1.252698
1.858079 1.252134
1.851407 1.253939
1.858819 1.252541
1.849112 1.254226
1.851651 1.253950
1.845109 1.254543
0.196266 0.663643
0.195889 0.664339
0.193892 0.666792
0.534839 0.766391
0.535640 0.767781
0.536898 0.771032
0.705183 0.817964
0.712012 0.813918
0.704112 0.818985
0.702574 0.820255
0.704688 0.818667
1.337384 1.010005
1.331126 1.007044
1.324856 1.005157
1.387559 1.023828
1.343634 1.013606
1.338389 1.010618
1.338189 1.007700
1.319199 1.005931
1.319727 1.001919
1.400061 1.030928
1.393805 1.027819
1.391711 1.026565
1.356153 1.019227
1.349894 1.016406
1.349628 1.016291
1.320090 1.009095
1.501857 1.051388
1.406309 1.034705
1.401687 1.031929
1.400988 1.028454
1.362403 1.022925
1.360875 1.021987
1.550588 1.072308
1.489201 1.056222
1.495361 1.053373
1.487841 1.057466
1.412550 1.039161
1.409528 1.036794
1.407191 1.033061
1.551521 1.074369
1.486630 1.058528
1.488102 1.057908
1.556792 1.079962
1.554067 1.077915
1.485277 1.061166
1.563025 1.085069
1.559255 1.082131
1.558174 1.076924
1.985970 1.203882
1.990628 1.200975
1.983195 1.204960
1.981764 1.205758
1.983671 1.204485
1.978372 1.207865
1.984538 1.204452
1.976858 1.208804
1.975568 1.210148
1.977249 1.209114
1.090268 0.724628
1.082721 0.729202
1.081587 0.729849
1.083137 0.728712
1.082668 0.733785
1.081813 0.732852
1.082934 0.732215
1.195566 0.764497
1.194729 0.763330
1.295902 0.793492
1.197516 0.766944
1.196749 0.762501
1.295635 0.793822
1.296249 0.792724
1.349380 0.809873
1.294291 0.796428
1.297049 0.792910
1.347252 0.812284
2.104728 1.037931
2.130285 1.044466
2.129929 1.043997
2.124906 1.038322
2.104429 1.038138
2.129956 1.047291
2.129783 1.047657
2.129832 1.047105
2.125108 1.040465
2.104670 1.042980
2.103610 1.040861
2.105596 1.038144
2.127573 1.049648
2.124514 1.045252
2.105923 1.044378
2.362340 1.115749
2.361792 1.116110
2.362374 1.113710
2.356926 1.117345
2.356533 1.120199
2.425117 1.023151
2.420557 1.019236
2.425306 1.023301
2.431354 1.028052
2.430421 1.027481
2.431602 1.026903
2.435858 1.031766
2.438314 1.029837
2.452549 0.946227
2.450413 0.948610
2.450237 0.948748
2.450389 0.948072
2.448405 0.951063
2.504489 0.834765
2.498209 0.833749
2.491933 0.832403
2.485655 0.831123
2.549976 0.841622
2.542106 0.846353
2.481561 0.830515
2.479374 0.830269
2.473085 0.830035
2.539396 0.847563
2.543268 0.844318
2.468369 0.830262
2.629313 0.872457
2.536020 0.849687
2.535775 0.849776
2.627848 0.875014
2.624481 0.877150
2.624163 0.874904
2.565640 0.734287
2.563237 0.734930
2.564416 0.729858
2.628394 0.752540
2.633674 0.748720
2.560007 0.735857
2.694932 0.772477
2.694717 0.771670
2.695179 0.770935
2.626135 0.754918
2.625923 0.755086
2.751878 0.786771
2.695585 0.774796
2.757599 0.794273
2.755825 0.792431
2.752509 0.787484
2.701148 0.779138
2.700941 0.779055
2.701217 0.778875
2.865370 0.818126
2.851688 0.819329
2.845393 0.819558
2.763835 0.799152
2.760228 0.796449
2.758112 0.794061
2.865874 0.819255
2.859021 0.819631
2.852458 0.819054
2.843011 0.819574
2.845635 0.819330
2.839096 0.819977
2.853141 0.819651
2.833597 0.820242
2.839674 0.819618
2.611018 0.620356
2.598264 0.622575
2.603943 0.621463
2.660030 0.639322
2.654740 0.634533
2.610693 0.624239
2.600006 0.625925
2.603669 0.625179
2.659829 0.643455
2.659631 0.644111
2.659674 0.643294
2.654556 0.637959
2.995537 0.742989
2.991937 0.744783
2.991412 0.744911
3.119779 0.782100
3.124347 0.780655
3.117318 0.784320
3.236500 0.815738
3.219199 0.804006
3.209687 0.806994
3.211788 0.806232
3.124665 0.782442
3.117136 0.784404
3.117337 0.784382
3.234266 0.815910
3.230903 0.812658
3.224691 0.810923
3.218328 0.809681
3.211369 0.812571
3.210754 0.810168
3.211490 0.810012
3.167462 0.800827
3.306626 0.836515
3.305467 0.836784
3.299183 0.836104
3.292907 0.834767
3.286627 0.833762
3.280344 0.832934
3.233058 0.818550
3.230577 0.816557
3.224357 0.814850
3.211776 0.813370
3.218026 0.813513
3.306486 0.835696
3.300218 0.834148
3.294085 0.832153
3.287360 0.832110
3.279649 0.832854
3.280426 0.832755
3.274061 0.832200
3.267778 0.831487
3.399527 0.785699
3.393263 0.783319
3.386991 0.781656
3.380712 0.780553
3.374425 0.780096
3.467007 0.803625
3.405784 0.788795
3.405282 0.788572
3.400574 0.783677
3.468480 0.808054
3.468271 0.806869
3.459455 0.704200
3.456954 0.702464
3.461601 0.706532
3.648740 0.754018
3.642682 0.751764
3.636609 0.749563
3.642950 0.753682
0.192885 0.723450
0.189746 0.725617
0.188768 0.726208
0.189260 0.723796
0.456988 0.802576
0.460042 0.797606
0.458372 0.808084
0.456428 0.805358
0.553941 0.826904
0.545333 0.829995
0.546468 0.829331
0.459685 0.809111
0.543319 0.832432
0.547015 0.830342
0.539869 0.833859
1.314375 1.061683
1.363016 1.076486
1.317354 1.068068
1.315471 1.064862
1.367521 1.082664
1.365456 1.079995
1.368818 1.076310
1.317485 1.068296
1.317618 1.067390
1.368203 1.083606
1.319133 1.071670
1.371551 1.087391
1.599547 1.149497
1.598201 1.148538
1.605790 1.153757
1.604792 1.153068
1.618278 1.162138
1.612034 1.157934
1.611689 1.157694
1.618597 1.162344
1.618406 1.161840
1.908813 1.241945
1.913730 1.240771
1.906775 1.242494
1.903858 1.243651
1.907270 1.242655
1.900463 1.244266
1.897037 1.244935
1.901042 1.243802
1.894158 1.245461
0.201414 0.642228
0.259439 0.653258
0.252374 0.654342
0.245887 0.653510
0.239573 0.652108
0.233626 0.649493
0.228064 0.645612
0.199253 0.644183
0.246806 0.653295
0.459460 0.716000
0.453884 0.712157
0.484563 0.724904
0.477894 0.724673
0.471665 0.722996
0.465604 0.720756
0.459933 0.717241
0.549778 0.747345
0.553571 0.744596
0.478561 0.725306
0.472178 0.724137
0.466021 0.722228
0.550792 0.750504
0.553271 0.748387
0.551378 0.753603
0.553037 0.752002
0.773334 0.808903
0.773610 0.810782
0.759421 0.813152
0.766272 0.812759
0.759415 0.813156
0.753120 0.813429
0.746845 0.811947
0.740569 0.810635
0.734286 0.809908
0.766805 0.813835
0.759839 0.814585
0.753431 0.813496
0.747187 0.811871
0.740829 0.810622
0.733897 0.809891
0.734308 0.809909
1.391111 1.002523
1.391374 1.005504
1.390236 1.008178
1.387636 1.003041
1.549421 1.052863
1.543154 1.050665
1.536880 1.049193
1.530601 1.048032
1.549458 1.052882
1.549427 1.052854
1.543499 1.050177
1.537177 1.048808
1.525209 1.046966
1.530736 1.047830
1.524323 1.046809
1.518044 1.045701
1.511763 1.044825
1.555656 1.057830
1.555056 1.057190
1.550914 1.050792
1.507776 1.045689
1.558296 1.060949
2.010756 1.188954
2.014700 1.185443
2.007139 1.190270
2.088662 1.213797
2.090231 1.205848
2.082391 1.211990
2.084040 1.204038
2.006118 1.190727
2.007619 1.189366
2.088782 1.213847
2.096073 1.211596
2.079080 1.211474
2.076109 1.211139
2.076332 1.210025
2.069822 1.210801
2.070800 1.206043
2.002670 1.192822
2.000803 1.194197
2.163886 1.237880
2.157639 1.234090
2.156431 1.233301
2.090542 1.217194
2.064988 1.210960
2.063526 1.211037
2.063802 1.209717
2.057229 1.211557
2.058849 1.203839
1.999792 1.195090
2.001194 1.194007
2.227371 1.250917
2.220348 1.252232
2.214068 1.251168
2.207787 1.250198
2.201502 1.249584
2.170136 1.241506
2.164348 1.238143
2.164034 1.237536
2.088667 1.219682
2.088594 1.219730
2.055725 1.211666
2.051855 1.207536
2.228157 1.251106
2.221237 1.251703
2.214671 1.251135
2.208329 1.249826
2.196808 1.248994
2.201763 1.249260
2.195218 1.248927
2.188933 1.248338
2.182659 1.246824
2.176393 1.244528
2.174016 1.243431
2.170760 1.240393
2.165526 1.235438
2.215394 1.251573
2.209133 1.250001
2.202620 1.249257
2.196061 1.248668
2.189645 1.247609
2.183620 1.245261
2.177864 1.242033
1.177514 0.725798
1.171734 0.722629
1.165584 0.720684
1.159270 0.719280
1.152934 0.717950
1.146583 0.716671
1.136463 0.716254
1.140051 0.715991
1.183612 0.730975
1.182979 0.730538
1.178236 0.726212
1.172061 0.724356
1.165780 0.722852
1.159561 0.721140
1.153264 0.719689
1.146778 0.718859
1.136806 0.719285
1.139999 0.718993
1.187489 0.734585
1.184560 0.730423
1.314917 0.768616
1.315570 0.767834
1.357029 0.781822
1.314022 0.771318
1.315965 0.769339
1.357581 0.784883
1.313684 0.774200
2.368667 1.086589
2.382357 1.086635
2.374917 1.090137
2.369177 1.087500
2.375385 1.087409
2.389059 1.089558
2.381171 1.093396
2.380988 1.093299
2.381193 1.093271
2.395315 1.093971
2.387406 1.098430
2.386516 1.097583
2.387688 1.096895
2.392155 1.101919
2.394250 1.100326
2.436533 1.003841
2.434608 1.001681
2.437355 0.999503
2.442774 1.008268
2.438579 1.005563
2.443982 1.002671
2.449005 1.013653
2.445404 1.010169
2.449428 1.014118
2.469708 0.839540
2.469091 0.839511
2.470011 0.838654
2.463415 0.839633
2.527131 0.856614
2.526133 0.856980
2.459908 0.840195
2.457110 0.840867
2.522918 0.858502
2.527270 0.855447
2.519813 0.859481
2.625197 0.886411
2.628114 0.881253
2.517725 0.860197
2.520526 0.858312
2.622267 0.888613
2.620126 0.890315
2.618937 0.890760
2.567546 0.755743
2.564383 0.756184
2.565439 0.751525
2.621542 0.771857
2.620817 0.772861
2.621346 0.769980
2.559290 0.756643
2.558084 0.756787
2.558506 0.754977
2.551788 0.757134
2.670600 0.786762
2.672660 0.781334
2.619612 0.774296
2.670943 0.790911
2.670418 0.789628
2.672267 0.785442
2.616595 0.776518
2.798041 0.817941
2.671926 0.792949
2.596734 0.623021
2.590900 0.629713
2.596398 0.626933
2.673609 0.652843
2.670847 0.650895
2.665279 0.647033
2.590562 0.632591
2.674919 0.656086
2.670907 0.653512
2.665234 0.650009
2.990238 0.750434
2.990068 0.750592
2.983937 0.751322
2.981231 0.751396
3.178360 0.805323
3.172091 0.803353
3.165822 0.801360
3.159545 0.800068
3.116899 0.782994
3.105323 0.784589
3.109931 0.783754
3.103092 0.785066
3.190877 0.811137
3.184624 0.807776
3.178787 0.805463
3.178372 0.805318
3.172276 0.803193
3.166241 0.800867
3.154456 0.799512
3.159870 0.799657
3.153261 0.799419
3.110486 0.784747
3.099222 0.786041
3.103395 0.785911
3.238374 0.822945
3.236098 0.817756
3.197627 0.812978
3.204180 0.811895
3.192220 0.811658
3.190873 0.811440
3.190889 0.811282
3.184907 0.808787
3.178936 0.806257
3.173033 0.803506
3.167146 0.800704
3.160965 0.798872
3.148028 0.800885
3.154371 0.798397
3.146942 0.801790
3.305134 0.837358
3.298123 0.838262
3.287439 0.837852
3.291497 0.837889
3.284951 0.837435
3.278669 0.836595
3.272384 0.835961
3.238000 0.825763
3.235878 0.821289
3.211336 0.813352
3.198797 0.816207
3.204171 0.814755
3.186897 0.813311
3.184791 0.812006
3.267462 0.835889
3.273337 0.833902
3.266094 0.835834
3.259806 0.835461
3.253525 0.834602
3.240993 0.830131
3.240162 0.829240
3.235866 0.824175
3.366514 0.778884
3.397858 0.788793
3.380195 0.778572
3.373790 0.777470
3.365881 0.779108
3.366735 0.778515
3.404102 0.792939
3.400036 0.790366
3.398260 0.788463
3.392679 0.784644
3.386603 0.782462
3.380150 0.781518
3.373539 0.781096
3.366011 0.782055
3.366572 0.781850
3.360171 0.783314
3.467267 0.809718
3.467182 0.808441
3.410342 0.797404
3.406121 0.794778
3.405539 0.789503
3.359659 0.783470
3.360283 0.783212
3.468143 0.812846
3.468266 0.807671
3.412976 0.799410
3.467819 0.815721
3.711782 0.734438
3.714719 0.733602
3.711409 0.737283
3.714607 0.736789
