1.572694 1.273136
1.566423 1.272167
1.560150 1.270991
1.553875 1.269600
1.547598 1.268113
1.573611 1.273237
1.573164 1.271713
1.543588 1.267098
1.541322 1.266515
1.541519 1.266082
1.535044 1.264744
1.535863 1.263052
1.528764 1.262737
1.530331 1.259679
1.522483 1.260711
1.516201 1.258443
1.511592 1.256401
1.509912 1.255183
1.510257 1.255100
1.505259 1.250216
1.447152 1.240182
1.440888 1.240303
1.434622 1.240017
1.428352 1.239204
1.409502 1.232005
1.504057 1.250696
1.503609 1.250333
1.503691 1.250377
1.498604 1.245731
1.459669 1.238855
1.453410 1.239458
1.449638 1.239605
1.454587 1.237076
1.408466 1.231266
1.403208 1.228221
1.491915 1.241358
1.486182 1.238538
1.480024 1.236928
1.472191 1.238127
1.473343 1.236801
1.465928 1.238246
1.463445 1.238236
1.466306 1.237684
1.396957 1.224718
1.396916 1.224696
1.396921 1.224696
1.390628 1.221651
1.391307 1.221569
1.384337 1.218318
1.383165 1.217714
1.378048 1.215238
1.378706 1.214862
1.371759 1.212016
1.369190 1.210677
1.365466 1.208437
1.366069 1.208256
1.359173 1.204721
1.360820 1.204100
1.308988 1.195614
1.358574 1.204329
1.352866 1.199509
1.353980 1.200112
1.310992 1.194671
1.316337 1.192482
1.351941 1.198803
1.347544 1.195005
1.315202 1.189446
1.314338 1.191144
1.315492 1.190548
1.347008 1.193637
1.346648 1.193278
1.341408 1.189057
1.316410 1.187382
1.322960 1.184160
1.252429 1.172743
1.249518 1.173798
1.315957 1.183129
1.315142 1.181983
1.264929 1.169299
1.258677 1.170724
1.257164 1.171138
1.259423 1.169357
1.303935 1.172350
1.297775 1.170743
1.291611 1.169149
1.285370 1.167775
1.278858 1.167169
1.271190 1.168819
1.267487 1.169060
1.271864 1.167929
0.008610 0.728877
0.008789 0.728750
0.008659 0.728571
0.003494 0.724174
0.013346 0.725504
0.009853 0.720905
1.813028 1.219982
1.806758 1.219210
1.800483 1.217846
1.794206 1.216180
1.819290 1.219806
1.818586 1.219821
1.819866 1.218331
1.787957 1.213561
1.787920 1.213542
1.781626 1.209737
1.712598 1.194101
1.706330 1.193693
1.700065 1.193548
1.777557 1.207271
1.775332 1.205931
1.769045 1.203090
1.762767 1.201360
1.756491 1.199795
1.750214 1.198155
1.743942 1.197165
1.737671 1.196386
1.731401 1.195623
1.725133 1.195015
1.718865 1.194557
1.713094 1.194149
1.712820 1.193420
1.337570 1.063335
1.337722 1.059157
1.337047 1.054833
1.336775 1.050614
0.368290 0.717164
0.374522 0.713179
0.370500 0.715835
0.375399 0.712660
0.222182 0.664731
0.217648 0.659617
0.217493 0.659397
0.217603 0.659278
0.093350 0.613134
0.086293 0.614063
0.079314 0.612943
0.078267 0.614522
0.079569 0.614058
0.093111 0.609503
0.082193 0.611127
0.085886 0.610913
2.462710 0.813372
2.460795 0.815786
2.463612 0.812159
2.463033 0.811032
2.467107 0.808710
2.464092 0.803754
3.318481 0.708499
3.312203 0.706686
3.305927 0.705097
3.274568 0.700234
3.324747 0.708680
3.323623 0.708610
3.302164 0.704231
3.299651 0.703655
3.299746 0.703455
3.293370 0.701553
3.294572 0.699076
3.287091 0.699673
3.280824 0.699245
3.278752 0.699478
3.281480 0.698066
3.158677 0.658313
3.157857 0.653938
3.155160 0.651191
3.155497 0.652494
3.149584 0.650204
3.143273 0.649036
3.132927 0.648885
3.136659 0.648722
3.151459 0.648459
3.148861 0.646942
3.149076 0.647342
3.142585 0.645351
3.142885 0.645830
3.136320 0.645181
3.135662 0.645236
3.136363 0.645252
3.693673 0.720850
3.687402 0.719980
3.681127 0.718570
3.674849 0.716747
3.731660 0.726929
3.725997 0.723912
3.712475 0.722052
3.706207 0.721549
3.699941 0.721270
3.698253 0.721162
3.694039 0.719184
3.688001 0.717245
3.681692 0.716072
3.671504 0.715733
3.675101 0.715693
3.668569 0.714867
3.662290 0.712870
3.656008 0.710685
3.649729 0.708771
3.643453 0.707213
3.461278 0.642380
3.454996 0.640007
1.552695 1.253895
1.546423 1.253038
1.540151 1.251977
1.533876 1.250587
1.577763 1.255459
1.571498 1.255328
1.565232 1.255098
1.558964 1.254563
1.556291 1.254257
1.553238 1.251991
1.596555 1.255541
1.590292 1.255555
1.584028 1.255521
1.583022 1.255497
1.578575 1.252103
1.496185 1.237100
1.489900 1.234658
1.483619 1.232407
1.477341 1.230686
1.597530 1.251298
1.313972 1.167491
1.307703 1.166782
1.301433 1.166073
1.295161 1.164990
1.326493 1.166660
1.320237 1.167634
1.315140 1.167507
1.332727 1.162888
1.327973 1.165925
1.327348 1.163180
1.332852 1.162758
1.332787 1.162557
0.026207 0.711298
0.025641 0.712583
0.026332 0.712377
0.027478 0.708743
0.033474 0.706890
0.028421 0.704761
0.033350 0.702952
0.001031 0.696276
-0.001881 0.698584
0.002935 0.695391
0.002153 0.691788
1.663654 1.208269
1.694995 1.210901
1.688727 1.210358
1.682459 1.209992
1.676192 1.209632
1.669924 1.209018
1.667938 1.208801
1.670599 1.207311
1.713785 1.210708
1.707520 1.210645
1.701258 1.210869
1.699260 1.210946
1.720048 1.210592
1.718147 1.210635
1.720828 1.208815
1.332449 1.086089
1.332911 1.081983
1.330811 1.077379
1.330612 1.076903
1.331732 1.069907
0.313027 0.724375
0.313659 0.723898
0.320334 0.722121
0.326736 0.718732
0.319254 0.719824
0.318116 0.720615
0.319467 0.720272
0.225050 0.689186
0.222033 0.692705
0.225099 0.689127
0.225081 0.689029
0.074331 0.641215
0.070881 0.636819
0.068601 0.632172
0.069017 0.629150
1.819813 1.199783
1.838609 1.200361
1.832345 1.200326
1.826083 1.200648
1.824647 1.200464
1.817783 1.199077
1.813528 1.197224
1.807241 1.194426
1.800960 1.192199
1.863662 1.200115
1.857402 1.200559
1.851138 1.200485
1.844872 1.200230
1.844156 1.200224
1.796558 1.190563
1.794678 1.189963
1.795180 1.188780
1.788399 1.188092
1.782121 1.186333
1.775844 1.184724
1.769571 1.183644
1.863829 1.200078
1.344714 1.031659
1.344535 1.027407
1.344340 1.023174
1.343743 1.018884
0.387530 0.687894
0.426251 0.690747
0.420411 0.688232
0.414305 0.686481
0.406327 0.688538
0.400054 0.687392
0.401649 0.684232
0.393789 0.687182
0.393081 0.687288
0.394293 0.686014
2.220419 1.171764
2.214149 1.170930
2.207876 1.169843
2.201601 1.168592
2.195327 1.167291
2.189055 1.166171
2.182784 1.165314
2.176514 1.164639
2.170245 1.163943
2.163975 1.163251
2.239233 1.174523
2.232961 1.173471
2.226689 1.172513
2.222036 1.171948
2.220978 1.170030
1.315864 0.854072
1.312476 0.857100
1.316344 0.853699
1.316295 0.852373
1.317482 0.844734
0.990718 0.732604
0.984322 0.731672
0.990512 0.728921
0.984161 0.727855
0.920137 0.716959
0.918766 0.718389
0.921923 0.714837
0.832219 0.689237
0.830791 0.687935
0.829426 0.683455
0.826477 0.681122
0.820999 0.677609
0.829362 0.679275
0.826490 0.676800
0.820614 0.674392
0.814498 0.672669
0.808612 0.670297
0.796154 0.667504
0.789561 0.667133
0.781932 0.667255
0.778503 0.668920
0.782616 0.667748
0.814278 0.669020
0.808142 0.667344
0.801838 0.666148
0.795237 0.665791
0.788179 0.665165
0.785335 0.666115
0.788550 0.665680
2.333498 1.092452
2.325550 1.095318
2.325219 1.095804
2.325620 1.095686
2.331768 1.089578
2.327139 1.091986
2.332865 1.089913
2.332502 1.088895
2.339334 1.082075
1.339435 0.744509
1.339293 0.743857
1.338751 0.740171
1.339669 0.739132
1.276493 0.723830
1.338072 0.735866
1.340351 0.732924
1.290103 0.722885
1.282747 0.722520
1.277913 0.723627
1.283084 0.723707
1.296549 0.719362
1.285929 0.721052
1.289352 0.720693
1.296288 0.715828
1.270140 0.712731
1.263870 0.711966
1.257595 0.710612
1.251317 0.708743
1.245038 0.706918
1.238763 0.705600
1.232488 0.704179
1.271142 0.706577
1.265143 0.704512
1.259088 0.702607
1.252946 0.700954
1.240358 0.698516
1.226242 0.700534
1.233353 0.699303
1.226195 0.700500
1.219888 0.695142
1.209119 0.697056
1.207763 0.695601
1.227399 0.692836
1.219560 0.695000
1.219904 0.695018
1.213595 0.691689
1.209251 0.692894
1.207463 0.692153
1.201881 0.688916
1.201563 0.685542
1.195565 0.683477
1.138223 0.665945
1.131960 0.666093
1.133502 0.664519
1.125706 0.667307
1.125245 0.667431
1.125817 0.667218
1.152232 0.664308
1.138583 0.665968
1.145248 0.665040
2.447446 0.972689
2.448311 0.968648
2.445843 0.966263
2.451073 0.965021
2.446307 0.960650
2.426330 0.955805
2.420057 0.954680
2.448071 0.960243
2.445644 0.958250
2.440082 0.954950
2.432588 0.955121
2.426365 0.955808
2.426355 0.955731
2.419742 0.954458
2.420260 0.953944
2.427156 0.949190
2.419748 0.950293
2.420087 0.950166
2.444903 0.864365
2.446398 0.859611
2.445871 0.860354
2.449324 0.856880
2.631865 0.778126
2.625610 0.779226
2.650648 0.777017
2.644383 0.776959
2.638122 0.777301
2.634179 0.777709
2.639178 0.775563
2.657476 0.776603
2.531382 0.745667
2.537638 0.744631
2.536859 0.745358
2.539182 0.741634
2.537596 0.739441
2.493686 0.731692
2.535544 0.736728
2.538299 0.735091
2.506180 0.727388
2.499926 0.728709
2.498955 0.729262
2.506645 0.725222
3.063443 0.692640
3.067175 0.691169
3.063415 0.688448
3.067162 0.686906
3.320178 0.703457
3.313906 0.702567
3.307632 0.701237
3.301357 0.699913
3.295079 0.698042
3.326437 0.702851
3.322706 0.703266
3.321229 0.699773
3.289603 0.696558
3.288801 0.696348
3.288569 0.696350
3.288873 0.696195
3.733040 0.726662
3.726744 0.722552
3.724088 0.721274
3.720456 0.719571
3.721095 0.718752
3.714174 0.717388
3.715780 0.714779
3.707897 0.715773
3.701624 0.714575
3.695352 0.713554
3.689081 0.712617
3.682806 0.711446
3.676531 0.710047
-0.011036 0.792448
-0.004789 0.790493
-0.008353 0.791541
0.002278 0.787075
1.606665 1.216952
1.600398 1.216543
1.594131 1.216160
1.587867 1.216080
1.656835 1.224192
1.650566 1.223583
1.644296 1.222768
1.638025 1.221963
1.631754 1.221022
1.625482 1.220076
1.619209 1.218908
1.612937 1.217810
1.607619 1.217072
1.614278 1.214380
1.327619 1.122453
1.328620 1.118442
1.328731 1.114273
1.327797 1.109914
0.276555 0.731789
0.269715 0.732112
0.263189 0.731547
0.256792 0.730616
0.249756 0.730641
0.250176 0.730302
0.243486 0.729871
0.243698 0.729604
0.237211 0.728459
0.237536 0.728009
0.230928 0.726244
0.231995 0.724664
0.224642 0.723400
0.222639 0.721771
0.218334 0.717900
0.091916 0.682632
0.089724 0.677978
0.087915 0.673433
0.086936 0.671700
0.081370 0.664144
-0.007738 0.646778
1.848272 1.191006
1.842009 1.191275
1.867066 1.191375
1.860798 1.190854
1.854533 1.190641
1.848958 1.190930
1.879583 1.190131
1.873323 1.190518
1.870580 1.191125
1.885212 1.189953
1.351979 1.011342
1.350871 1.014232
1.352726 1.012432
1.352145 1.010286
1.352649 1.006209
0.447419 0.692960
0.441151 0.692469
0.453681 0.692639
0.450364 0.692846
0.459922 0.689798
0.459011 0.690421
2.053453 1.178232
2.065968 1.176584
2.067635 1.174829
2.059707 1.177045
2.056345 1.177497
2.060447 1.176128
2.078481 1.174788
2.072225 1.175777
2.070298 1.176121
2.072685 1.175233
2.117356 1.177790
2.111116 1.176409
2.084730 1.173016
2.081224 1.174173
2.086373 1.170279
1.997083 1.157072
1.996896 1.155624
1.996993 1.156796
2.003136 1.152661
1.996872 1.152671
1.996332 1.152706
1.991766 1.148262
1.946660 1.140158
2.009365 1.148217
2.007243 1.150735
2.010533 1.147931
1.965443 1.138922
1.959180 1.139068
1.952917 1.139159
1.950993 1.139310
2.009763 1.147087
2.009349 1.146281
1.984241 1.139719
1.977975 1.139536
1.979246 1.137026
1.971708 1.139116
1.970571 1.139085
1.972274 1.137722
1.368690 0.929646
1.364586 0.932090
1.356167 0.930145
1.369103 0.928794
1.357276 0.922953
1.350813 0.922213
1.370042 0.924803
1.351499 0.915967
1.345178 0.914828
1.351270 0.912316
1.344802 0.911585
1.338575 0.910178
1.350934 0.909003
1.344281 0.908795
1.337842 0.907981
1.331627 0.906529
1.325751 0.904117
1.319469 0.898597
0.676806 0.687487
0.674293 0.682765
0.679293 0.678918
0.671821 0.678081
0.671368 0.677100
2.327761 1.153403
2.321010 1.153472
2.238485 1.127677
2.263543 1.127827
2.257278 1.127677
2.251013 1.127597
2.244749 1.127549
2.242350 1.127514
2.276061 1.126680
2.269795 1.126484
2.264096 1.127734
2.263936 1.126504
2.276950 1.123475
1.307123 0.794884
1.308720 0.790631
1.308511 0.790967
1.310907 0.787290
1.176789 0.742140
1.177741 0.740568
1.170523 0.741920
1.170543 0.741903
1.164245 0.740203
1.164414 0.740217
1.157962 0.737822
1.158422 0.738148
1.151675 0.734915
1.152475 0.735956
1.149668 0.733532
1.145372 0.729993
1.145802 0.731503
1.140666 0.727018
1.139715 0.725418
1.134254 0.717565
1.002674 0.686889
1.002798 0.682715
1.001837 0.679740
2.382877 1.043910
2.381393 1.045140
2.385566 1.041779
2.389088 1.037163
2.387989 1.038092
2.445641 0.935486
2.446564 0.935166
2.446591 0.932301
2.451865 0.930436
2.450610 0.931784
2.453526 0.928204
2.528660 0.819929
2.534493 0.818188
2.528247 0.816825
2.522202 0.814891
2.460742 0.806441
2.459087 0.803202
2.464356 0.801956
2.463640 0.802834
2.465430 0.795688
2.952797 0.782622
2.669075 0.692734
2.668020 0.694514
2.670648 0.690855
2.669978 0.687927
3.585803 0.748550
3.578964 0.748875
3.573470 0.745372
3.345721 0.679195
3.345953 0.679052
3.351955 0.675415
3.351175 0.675923
3.352215 0.675361
0.012835 0.776220
0.012817 0.776235
0.016395 0.772770
1.573181 1.248627
1.566917 1.248732
1.560652 1.248505
1.554384 1.248043
1.591970 1.248364
1.585708 1.248519
1.579444 1.248554
1.574371 1.248590
1.573400 1.247725
1.568365 1.242962
1.598234 1.248336
1.593530 1.248313
1.592208 1.247310
1.586898 1.243299
1.605874 1.242442
1.315681 1.163980
1.321934 1.162639
1.319247 1.163217
1.328176 1.159924
1.326953 1.160571
1.334397 1.154633
1.331386 1.157291
1.334781 1.152635
0.037343 0.705613
0.041171 0.704157
0.037597 0.701471
0.041008 0.700312
-0.001840 0.693468
0.002695 0.687368
0.002041 0.690049
0.003159 0.686111
1.822692 1.210883
1.816425 1.210470
1.810152 1.209340
1.803873 1.207415
1.835217 1.210574
1.828958 1.211146
1.826286 1.211066
1.799646 1.205649
1.804925 1.203520
1.797583 1.204227
1.791290 1.200521
1.840076 1.209717
1.788518 1.199195
1.792290 1.196913
1.785004 1.197768
1.778721 1.195421
1.772439 1.193300
1.766164 1.191803
1.759889 1.190444
1.753614 1.189033
1.747341 1.187861
1.741068 1.186771
1.734797 1.185928
1.728529 1.185413
1.339584 1.045072
1.339843 1.040922
1.339295 1.036632
1.338965 1.035774
1.340265 1.028630
0.377925 0.704426
0.379145 0.703124
0.379001 0.699817
0.384144 0.698874
0.382787 0.699675
0.214887 0.644584
0.214580 0.644215
0.214678 0.644253
0.210715 0.639543
0.208266 0.637986
0.208848 0.637427
0.201979 0.635117
0.203581 0.633316
0.195695 0.632564
0.194684 0.632104
0.189409 0.629805
0.190250 0.628673
0.183125 0.627309
0.176843 0.624930
0.173493 0.623613
0.170558 0.622503
0.171077 0.621553
0.164277 0.620261
0.165770 0.617535
0.157996 0.618132
0.151715 0.616037
0.145437 0.614350
0.139160 0.612660
0.114081 0.609793
0.137436 0.612081
0.132878 0.610388
0.133323 0.609907
0.126600 0.608577
0.127126 0.608411
0.120329 0.607791
0.117542 0.608026
0.120567 0.607940
2.255157 1.164956
2.248890 1.164526
2.242624 1.164247
2.236357 1.163901
2.230087 1.163074
2.231174 1.160224
2.223812 1.161732
2.217537 1.160329
2.211263 1.159004
2.204987 1.157596
2.198713 1.156338
2.192442 1.155453
2.191158 1.155399
2.261424 1.165318
2.260501 1.165315
2.256023 1.161746
1.315573 0.843272
1.315765 0.839101
1.314285 0.834768
1.313348 0.834429
1.312911 0.833747
1.313107 0.833798
1.308080 0.824713
1.002837 0.729385
0.973744 0.719756
1.002854 0.725202
1.006768 0.720975
0.974019 0.719335
0.973943 0.718709
0.977241 0.715806
0.923954 0.704988
0.929729 0.698854
0.927995 0.701594
0.930982 0.698030
2.367908 1.094207
2.354032 1.089548
2.372834 1.090781
2.372773 1.090981
2.372854 1.090942
2.360266 1.085739
2.357461 1.087876
2.347710 1.082273
2.345189 1.085392
2.373543 1.086951
2.363279 1.084860
2.361116 1.081809
2.353954 1.079796
2.348242 1.081802
2.374170 1.082916
2.360635 1.080147
2.360219 1.079862
2.359845 1.079986
2.360259 1.079953
1.343416 0.726648
1.343141 0.725042
1.343231 0.722423
1.342571 0.719500
1.342880 0.721482
1.304932 0.712571
1.304141 0.714480
1.337539 0.713284
1.306493 0.710759
1.325241 0.705750
1.312362 0.704120
1.260930 0.693355
1.254661 0.692664
1.248387 0.691432
1.267193 0.693194
1.262614 0.693464
1.260996 0.692927
1.254896 0.691156
1.243216 0.689511
1.248619 0.689883
1.242102 0.688814
1.191881 0.675244
1.255517 0.685125
1.249095 0.684261
1.238610 0.684397
1.242483 0.683940
1.191192 0.674756
1.185573 0.669693
1.184814 0.669256
1.179286 0.666777
1.180205 0.665577
1.173004 0.664527
1.166725 0.662753
1.160453 0.661626
1.154184 0.661011
2.433934 0.991435
2.433529 0.993660
2.434225 0.992980
2.434278 0.989599
2.437009 0.985968
2.441386 0.983137
2.440793 0.980546
2.450936 0.893593
2.450477 0.889288
2.450010 0.885007
2.449144 0.880308
2.448717 0.877238
2.593775 0.800090
2.590997 0.802091
2.600013 0.796755
2.595824 0.798857
2.601656 0.795145
2.601916 0.795926
2.499554 0.767385
2.500430 0.766895
2.500409 0.764296
2.505782 0.763024
2.505276 0.763693
2.461852 0.752678
2.457806 0.754052
2.506697 0.756958
2.474358 0.749982
2.468101 0.750749
2.465355 0.751379
2.669208 0.704089
2.668268 0.701363
2.673651 0.698806
2.672116 0.700485
2.668778 0.695608
2.674190 0.695051
3.036006 0.711802
3.029602 0.710895
3.029658 0.706438
2.965558 0.696519
3.029745 0.701919
2.978965 0.693351
2.968885 0.693979
2.972148 0.693610
2.978716 0.689771
2.971760 0.688892
2.971430 0.690317
2.971823 0.690241
3.688642 0.743160
3.682369 0.741991
3.694911 0.743765
3.690544 0.743405
3.688834 0.742473
3.678566 0.740964
3.682644 0.740955
3.676091 0.740154
3.669805 0.737524
3.663521 0.735020
3.657363 0.732465
3.657237 0.732397
3.650944 0.728799
3.644832 0.725739
3.644655 0.725658
3.638369 0.722977
3.632088 0.720792
3.625805 0.718501
3.602561 0.717136
3.621657 0.716842
3.619520 0.715844
3.620351 0.714063
3.613236 0.713216
3.614668 0.711110
3.606960 0.711814
3.601769 0.712781
3.607767 0.711606
3.560089 0.700114
3.557537 0.697218
3.562349 0.696398
3.557784 0.692220
3.557984 0.687385
3.533067 0.677482
3.526418 0.677264
3.519939 0.676563
3.513719 0.675126
3.507736 0.673022
3.416536 0.649976
3.419398 0.647994
3.418508 0.645200
3.417997 0.646092
3.418720 0.645620
1.576542 1.234679
1.570282 1.235229
1.589066 1.234112
1.582804 1.234306
1.576914 1.234641
1.576631 1.234312
1.571904 1.228699
1.614129 1.235127
1.607861 1.234636
1.601595 1.234322
1.595329 1.234051
1.594572 1.234036
1.589994 1.230262
1.621477 1.232074
1.325300 1.149383
1.331520 1.143829
1.328686 1.146457
1.326682 1.141802
1.332297 1.142993
1.331843 1.141898
1.334799 1.139330
1.332855 1.134750
0.070489 0.693049
0.063502 0.693782
0.056334 0.694055
0.055951 0.694924
0.056397 0.694847
0.070076 0.689906
0.058060 0.691158
0.063151 0.690469
0.004350 0.676050
0.002674 0.671516
-0.000241 0.669168
-0.006533 0.665763
-0.008009 0.665169
-0.006018 0.664003
-0.012817 0.663202
1.805054 1.223294
1.798778 1.221860
1.792502 1.220311
1.692115 1.199957
1.788176 1.218771
1.786220 1.217961
1.779931 1.214881
1.717177 1.200700
1.710909 1.200116
1.704643 1.199792
1.698383 1.200246
1.697359 1.200299
1.742244 1.202077
1.735978 1.201702
1.729711 1.201309
1.723446 1.201186
1.722306 1.201158
1.718057 1.197616
1.336437 1.072442
1.336706 1.068283
1.336237 1.063998
1.334751 1.059527
0.361572 0.719638
0.354044 0.719442
0.354506 0.720591
0.347784 0.719909
0.346254 0.720259
0.347858 0.720377
0.367684 0.717056
0.360288 0.716852
0.358597 0.718559
0.360449 0.718496
0.374216 0.713334
0.224617 0.674558
0.224048 0.670252
0.222087 0.667732
0.223064 0.667140
0.072007 0.622592
0.073018 0.618589
0.078599 0.612507
1.977140 1.205528
1.864190 1.180727
1.882971 1.179388
1.876714 1.180239
1.870453 1.180680
1.869530 1.180640
1.889229 1.178626
1.883627 1.179301
1.895482 1.177355
1.895044 1.177462
1.361608 0.997848
1.360335 1.001695
1.361623 0.997741
1.361656 0.993559
1.361563 0.992208
1.361228 0.989306
1.362131 0.987691
0.607744 0.724563
0.608947 0.723795
0.601481 0.724673
0.602150 0.723995
0.595208 0.723454
0.595882 0.722704
0.588925 0.721042
0.590113 0.720010
0.584574 0.718232
0.582630 0.717189
0.582942 0.716968
0.576338 0.713746
0.577818 0.712442
0.573863 0.711883
0.570792 0.709004
0.463295 0.677298
0.458740 0.680087
0.463800 0.676910
2.303337 1.101856
2.297071 1.101580
2.290814 1.102373
2.315852 1.100133
2.309598 1.101549
2.304488 1.101854
2.310265 1.101046
2.316425 1.100104
1.325774 0.756201
1.330694 0.754080
1.328293 0.752523
1.330068 0.751549
1.197737 0.709448
1.191483 0.710588
1.218139 0.708572
1.211696 0.707779
1.198371 0.709340
1.197827 0.708954
1.192251 0.705714
1.186116 0.704054
1.160061 0.697824
1.201205 0.705743
1.198608 0.702458
1.192878 0.699644
1.186189 0.699539
1.179339 0.699889
1.172776 0.699430
1.166316 0.696768
1.163195 0.698000
1.166406 0.698426
1.186359 0.694779
1.179339 0.695611
1.171541 0.695520
1.172597 0.695658
1.111463 0.674072
1.100720 0.676921
1.104064 0.675964
1.110699 0.671921
1.103481 0.672360
1.102071 0.673003
1.103670 0.672779
2.436015 0.949288
2.437183 0.947724
2.435970 0.943667
2.442220 0.942018
2.435966 0.943213
2.435851 0.943257
2.435998 0.943191
2.444568 0.940872
2.451462 0.841516
2.457704 0.838740
2.457279 0.838868
2.463937 0.834973
2.462482 0.835746
2.704262 0.780707
2.697989 0.779573
2.691706 0.777122
2.685425 0.775039
2.679147 0.773362
2.672874 0.772208
2.666600 0.770958
2.660332 0.770371
2.654069 0.770621
2.711791 0.775157
2.686727 0.769941
2.679618 0.771028
2.673425 0.769520
2.667853 0.766264
2.544153 0.732383
2.546304 0.728606
2.541440 0.723436
2.540937 0.723099
2.499571 0.714925
2.535228 0.716193
2.509517 0.710488
2.503258 0.711140
2.502655 0.711353
2.503866 0.709763
2.890737 0.721523
2.891206 0.717416
2.893504 0.715355
2.891076 0.713223
2.893530 0.710998
3.251904 0.735646
3.245628 0.734096
3.239351 0.732605
3.233084 0.732134
3.234028 0.730981
3.226794 0.728827
3.228143 0.728615
3.252820 0.730622
3.246531 0.729380
3.225918 0.727968
3.220490 0.723845
3.221649 0.723658
3.215392 0.718048
3.080123 0.681560
3.083005 0.680162
3.080060 0.677356
3.083089 0.675622
3.083595 0.669916
3.315599 0.697101
3.328120 0.696217
3.321863 0.697025
3.318628 0.697312
3.330444 0.695511
3.329721 0.690487
3.722179 0.717924
3.715889 0.714662
3.715176 0.714335
3.709605 0.712098
3.703325 0.710221
3.697050 0.708769
-0.009327 0.789200
0.003174 0.785792
-0.003077 0.787361
-0.003335 0.787421
-0.002905 0.786989
0.005453 0.785027
1.614638 1.213492
1.608368 1.212716
1.602101 1.212267
1.664804 1.220224
1.658537 1.219842
1.652268 1.219241
1.645998 1.218496
1.639728 1.217708
1.633456 1.216728
1.634518 1.214204
1.627184 1.215742
1.627573 1.214820
1.620911 1.214549
1.617929 1.214034
1.621116 1.214063
1.671069 1.220359
1.669020 1.220256
1.671844 1.218480
1.327081 1.113008
1.326491 1.110478
1.327706 1.108924
1.327288 1.103912
1.327606 1.104714
1.325878 1.100194
1.325585 1.099704
0.284350 0.733064
0.276557 0.731790
0.277538 0.733304
0.270298 0.732450
0.270844 0.733213
0.264031 0.732148
0.264332 0.732612
0.257757 0.730850
0.258114 0.731189
0.251484 0.729630
0.245207 0.727975
0.238928 0.726100
0.232645 0.723634
0.290323 0.730893
0.276572 0.731788
0.283272 0.731815
0.229987 0.722321
0.226354 0.720410
0.221171 0.716325
0.220049 0.715248
0.217710 0.711436
0.089274 0.672762
0.088154 0.671422
0.082965 0.667272
0.081847 0.666009
0.082084 0.666402
0.079355 0.662355
0.076752 0.658171
1.999324 1.195586
1.886372 1.170448
1.892630 1.169537
1.888687 1.170062
1.905128 1.165892
1.898879 1.167677
1.898357 1.167822
1.899547 1.166046
1.911381 1.164623
1.907294 1.165469
1.919135 1.159172
1.364047 0.983774
1.363491 0.979455
1.363080 0.975190
0.623707 0.719763
0.623104 0.719978
0.623842 0.719728
0.629941 0.716070
0.629020 0.716984
0.630215 0.716423
0.560904 0.699446
0.637405 0.710840
0.560110 0.698798
0.554607 0.695236
0.552011 0.692944
0.548297 0.689501
0.548790 0.690870
0.546263 0.687586
0.542546 0.685205
0.536695 0.682738
0.530658 0.680800
0.524552 0.679059
0.542279 0.681692
0.536509 0.678978
0.530415 0.677187
0.524214 0.675701
0.517974 0.674329
0.511654 0.673186
0.505258 0.672258
0.498786 0.671543
0.491759 0.669285
0.488142 0.671582
0.492125 0.671359
0.524081 0.671810
0.517817 0.670496
0.511473 0.669413
0.504986 0.668736
0.493422 0.668464
0.498372 0.668418
2.141775 1.171257
2.135513 1.171620
2.198207 1.178346
2.191931 1.176844
2.185654 1.175267
2.154288 1.169465
2.148032 1.170364
2.146078 1.170968
2.149023 1.168596
2.179857 1.173662
2.179376 1.173531
2.179442 1.173378
2.173096 1.171470
2.174345 1.168760
2.166819 1.169798
2.168328 1.166755
2.160549 1.169192
2.157558 1.169110
2.161133 1.168083
1.308703 0.875005
1.309146 0.870893
1.310008 0.866898
0.905554 0.726210
0.899092 0.725466
0.911193 0.724972
0.904200 0.725012
0.904299 0.725449
0.897918 0.722685
0.898190 0.723700
0.891626 0.719176
0.892634 0.720395
0.918411 0.719309
0.891077 0.718865
0.885340 0.716529
0.885921 0.716075
0.880560 0.712213
0.847674 0.706172
0.841398 0.704627
0.866858 0.708645
0.860216 0.708000
0.860541 0.707485
0.853944 0.707016
0.852361 0.706791
0.854035 0.706862
0.841089 0.704493
0.835107 0.701292
0.830149 0.698091
0.828811 0.697275
0.822527 0.694817
0.759762 0.679090
0.759403 0.679509
0.759895 0.679221
0.762139 0.675872
0.767184 0.673326
2.311325 1.100222
2.317570 1.097944
2.315944 1.099047
2.318069 1.098008
2.323804 1.094186
2.320932 1.095866
2.324909 1.093383
2.326286 1.092792
2.331352 1.089904
1.333513 0.752648
1.334600 0.748659
1.339245 0.744633
1.334588 0.744480
1.276411 0.723558
1.270132 0.722306
1.282378 0.721396
1.275885 0.720738
1.269579 0.719548
1.263294 0.718305
1.256898 0.717375
1.250528 0.716372
1.244286 0.715013
1.238143 0.713374
1.218280 0.711246
1.276061 0.715968
1.269900 0.714364
1.263749 0.712734
1.257417 0.711618
1.250882 0.711075
1.244453 0.710236
1.238296 0.708631
1.232106 0.707123
1.218772 0.708348
1.225465 0.706880
1.218251 0.707641
1.211976 0.706192
1.211233 0.706818
1.226188 0.700542
1.218934 0.702040
1.212691 0.700672
1.193093 0.694929
1.213293 0.694692
1.193199 0.694779
1.193091 0.694625
1.192953 0.694728
1.193116 0.694690
1.111717 0.674030
1.117734 0.670847
1.117287 0.670951
1.117803 0.670851
1.138184 0.666004
2.389867 1.032406
2.392462 1.024923
2.390479 1.028309
2.393314 1.026408
2.392719 1.024570
2.400328 1.021289
2.397634 1.021407
2.399115 1.020446
2.452302 0.917659
2.453399 0.913689
2.454647 0.909779
2.557372 0.815904
2.563619 0.813776
2.559387 0.815264
2.564661 0.813248
2.569863 0.811273
2.566924 0.812600
2.570604 0.811150
2.507084 0.793900
2.504282 0.795678
2.501775 0.792323
2.508937 0.792429
2.507517 0.790783
2.463132 0.780797
2.460827 0.782671
2.508132 0.784765
2.464878 0.779278
2.463619 0.777504
2.458415 0.773224
2.466691 0.775469
2.464109 0.771825
2.676632 0.733597
2.675435 0.731987
2.681209 0.728792
2.679960 0.730075
2.676177 0.725586
2.681737 0.724601
2.916565 0.704583
2.943078 0.704021
2.935989 0.705044
2.929413 0.704623
2.922802 0.701252
2.919389 0.703534
2.922942 0.703902
2.942218 0.702174
2.935572 0.701947
2.924430 0.700374
2.929202 0.700937
3.234799 0.729330
3.241045 0.727214
3.236787 0.729229
3.223454 0.726535
3.222242 0.725860
3.247291 0.725024
3.242762 0.726246
3.242061 0.722994
3.219701 0.721557
3.215918 0.718297
3.216701 0.718648
3.213302 0.716065
3.209611 0.712935
3.210294 0.713441
3.204742 0.710133
3.206277 0.710466
3.203773 0.708583
3.198202 0.705310
3.191673 0.700479
3.088332 0.678105
3.086803 0.673582
3.091397 0.671159
3.084972 0.669029
3.587791 0.749942
3.590846 0.747891
3.594834 0.746314
3.571007 0.743878
3.590492 0.743628
3.595417 0.740365
3.587710 0.739855
3.568914 0.739239
3.568914 0.739238
3.595555 0.735696
3.585717 0.738490
3.587926 0.738259
3.573787 0.736048
3.570140 0.731483
3.367907 0.669174
3.394689 0.669375
3.388251 0.668567
3.381693 0.668093
3.368129 0.669085
3.374843 0.668443
3.388085 0.664739
3.381405 0.664608
3.371965 0.665677
3.374459 0.665231
1.868758 1.185859
1.862492 1.185581
1.856230 1.185862
1.851454 1.186322
1.881276 1.184589
1.875017 1.185112
1.869535 1.185768
1.869670 1.183035
1.887536 1.184122
1.883573 1.184446
1.895261 1.178187
1.355510 1.005836
1.356419 1.001824
1.361597 0.997768
1.356590 0.997686
1.361518 0.993699
0.587999 0.721702
0.455374 0.687254
0.461610 0.683767
0.459023 0.685270
0.464096 0.682134
2.125824 1.177608
2.119557 1.177138
2.113285 1.176191
2.114713 1.174835
2.107011 1.174839
2.108225 1.174167
2.100733 1.173149
2.094455 1.171430
2.088188 1.171018
2.138345 1.176683
2.132085 1.177266
2.128206 1.177613
2.132724 1.176623
2.144607 1.176444
2.143023 1.176471
2.144965 1.175785
2.012809 1.144672
2.006523 1.141846
2.015112 1.142052
2.014292 1.137341
2.006480 1.136572
2.003532 1.139705
2.007009 1.138906
2.014100 1.137650
2.012728 1.134570
2.006920 1.136190
2.013705 1.134681
1.315587 0.895068
1.315510 0.894979
1.315530 0.894999
1.311677 0.890072
1.310112 0.887006
1.311472 0.885854
1.310232 0.882375
1.310481 0.877396
0.744799 0.683855
0.737533 0.683553
0.737890 0.684373
0.731268 0.683526
0.731399 0.683709
0.724989 0.681629
0.725342 0.681821
0.718702 0.678691
0.719740 0.678656
0.687334 0.672667
0.751405 0.679923
0.713933 0.676354
0.712414 0.675692
0.712542 0.675688
0.706132 0.673589
0.706558 0.673593
0.699850 0.671236
0.700589 0.671457
0.693561 0.668137
0.694465 0.669761
0.686845 0.670846
0.687424 0.670649
0.692517 0.667814
0.687284 0.666392
0.686689 0.666625
0.687365 0.666524
2.329824 1.152752
2.328095 1.149796
2.321810 1.147223
2.322188 1.145839
2.258970 1.122156
2.252701 1.121599
2.246442 1.122142
2.271489 1.121078
2.265235 1.122308
2.262745 1.122314
2.277749 1.120529
2.275598 1.120751
2.291746 1.115399
1.310419 0.785874
1.310277 0.786188
1.312187 0.782385
1.178502 0.739308
1.172240 0.739531
1.184755 0.737856
1.180635 0.738874
1.140821 0.727106
1.188974 0.736396
1.140216 0.726472
1.136271 0.721472
1.134485 0.718009
1.135097 0.719456
1.133655 0.716770
1.129620 0.711634
1.129486 0.707747
1.002609 0.676499
0.999521 0.676916
1.006766 0.674193
2.384577 1.039206
2.386532 1.036845
2.390762 1.029374
2.387896 1.032920
2.390802 1.029337
2.453543 0.923243
2.450508 0.926630
2.453698 0.923080
2.453636 0.922782
2.456144 0.919412
2.454662 0.915599
2.455023 0.910313
2.543142 0.820218
2.555638 0.816183
2.556900 0.816159
2.549389 0.818048
2.548714 0.818228
2.549496 0.818069
2.505443 0.805699
2.557055 0.815748
2.562815 0.814161
2.505547 0.805270
2.505465 0.805175
2.511664 0.800420
2.509340 0.801842
2.506431 0.798144
2.461477 0.791026
2.512271 0.796370
2.464125 0.788458
2.462435 0.785149
2.467682 0.783576
2.466832 0.784826
2.676482 0.742902
2.679556 0.739160
2.679425 0.739297
2.682978 0.735856
2.680768 0.731618
3.586043 0.748441
3.586864 0.749821
3.579787 0.749400
3.580203 0.749637
3.573490 0.745404
3.574646 0.746347
3.586344 0.747944
3.586036 0.747553
3.573489 0.745222
3.573397 0.745298
3.574731 0.737532
3.353685 0.674525
3.367879 0.669113
3.359914 0.670179
3.357461 0.672053
3.360535 0.670856
3.361641 0.668734
3.367256 0.666585
1.430533 1.243769
1.424691 1.241255
1.280222 1.203790
1.272513 1.202355
1.273635 1.203400
1.267299 1.202305
1.261112 1.200794
1.292868 1.201751
1.285031 1.201261
1.285837 1.202613
1.278779 1.202602
1.273554 1.202467
1.278960 1.203039
1.268044 1.201347
1.266236 1.200887
1.266252 1.200938
1.259951 1.198193
1.260204 1.199028
1.253663 1.195189
1.254135 1.197179
1.248229 1.194872
1.242714 1.191471
1.299182 1.198633
1.286405 1.200911
1.291928 1.200129
1.251926 1.193879
1.247874 1.191565
1.253620 1.189779
1.253402 1.190005
1.248602 1.185216
1.254438 1.183473
0.014080 0.762040
0.015238 0.758058
0.011578 0.752227
0.016126 0.753536
0.016027 0.754036
1.820993 1.215498
1.814728 1.215401
1.808456 1.214486
1.802181 1.212970
1.795900 1.210890
1.827261 1.216082
1.824214 1.215801
1.792492 1.209334
1.796973 1.206974
1.789609 1.207523
1.783313 1.203600
1.708027 1.188730
1.782381 1.203095
1.783765 1.201999
1.777025 1.200574
1.770742 1.198111
1.764465 1.196479
1.758190 1.195029
1.751913 1.193573
1.745640 1.192424
1.739368 1.191382
1.733097 1.190404
1.726827 1.189719
1.720560 1.189338
1.714293 1.189009
1.712569 1.188925
1.338514 1.054190
1.338386 1.049959
1.338531 1.045805
1.337589 1.041454
0.376235 0.710190
0.374803 0.711580
0.378658 0.708163
0.383133 0.702850
0.219211 0.657163
0.217458 0.654439
0.215519 0.649853
0.212857 0.645946
0.195513 0.632822
0.094896 0.612769
0.100474 0.612017
0.138928 0.613089
0.113724 0.608269
0.106858 0.608666
0.099805 0.608365
0.097678 0.609129
0.100021 0.608983
1.991370 1.201408
1.985089 1.199296
1.992079 1.198268
1.984750 1.198954
1.985146 1.198855
1.884671 1.174792
1.878414 1.175610
1.872151 1.175845
1.871066 1.175838
1.890928 1.173963
1.885847 1.174613
1.903431 1.170875
1.897178 1.172261
1.896233 1.172540
1.364049 0.993110
1.363898 0.988870
1.364200 0.986129
1.363540 0.984613
1.363681 0.983296
1.363235 0.980391
1.363249 0.980255
0.609472 0.723469
0.603205 0.723053
0.615729 0.722578
0.612606 0.722977
0.616179 0.722366
0.587615 0.717919
0.584359 0.716336
0.578064 0.712414
0.621972 0.720071
0.621094 0.720529
0.622191 0.720103
0.576906 0.711532
0.571770 0.708681
0.572588 0.708239
0.567530 0.705430
0.565467 0.703843
0.565852 0.703953
0.560762 0.699346
0.561009 0.699926
0.559158 0.698243
0.559454 0.698742
0.554130 0.694773
0.547994 0.688822
0.485194 0.671940
0.478292 0.672436
0.471257 0.672496
0.470353 0.673103
0.471362 0.673009
0.491585 0.668593
0.484709 0.669017
0.474705 0.669805
0.477836 0.669435
2.149741 1.167011
2.218724 1.176974
2.212453 1.176080
2.206180 1.174978
2.199906 1.173732
2.193632 1.172352
2.187356 1.171012
2.181082 1.169682
2.174804 1.167886
2.168529 1.166475
2.162266 1.166573
2.156002 1.166546
2.151622 1.166969
1.309674 0.865867
1.314172 0.859532
1.311310 0.862004
1.315483 0.858692
0.912199 0.724746
0.908287 0.725606
0.918419 0.719323
0.915581 0.722876
0.889026 0.717489
0.887074 0.716070
0.887451 0.716060
0.880779 0.712151
0.918437 0.719292
0.879316 0.711313
0.874491 0.709257
0.875171 0.708444
0.868209 0.707053
0.861934 0.705630
0.855660 0.704336
0.849381 0.702560
0.843097 0.700002
0.842569 0.699655
0.836802 0.696090
0.832883 0.693491
0.830493 0.690503
0.831517 0.690176
0.828895 0.688507
0.767724 0.674245
0.769550 0.672233
0.775128 0.669891
0.781458 0.666719
0.773942 0.668563
0.773378 0.668839
0.774072 0.668594
2.364934 1.103346
2.365149 1.102333
2.366297 1.094779
2.359766 1.094234
2.353687 1.092418
2.333678 1.092403
2.365969 1.091392
2.359905 1.089527
2.335871 1.088626
2.340634 1.086976
2.372693 1.087109
2.366363 1.085989
2.347627 1.081915
2.339728 1.084623
2.339598 1.085187
2.339756 1.085149
2.372614 1.083071
2.366339 1.081787
2.353707 1.079461
2.340344 1.081169
2.347047 1.079271
1.343017 0.735900
1.341606 0.731422
1.296995 0.720418
1.294953 0.721960
1.299146 0.718596
1.300382 0.714672
1.304333 0.712085
1.246717 0.699697
1.265526 0.701847
1.259258 0.701440
1.252989 0.700706
1.250414 0.700307
1.243479 0.698896
1.246797 0.699325
1.240440 0.698139
1.234152 0.695107
1.202783 0.688984
1.266797 0.695553
1.242039 0.689475
1.229787 0.691925
1.234887 0.690678
1.227838 0.688919
1.199557 0.685784
1.196471 0.682931
1.235397 0.684962
1.193083 0.680269
1.190156 0.676613
1.191459 0.676076
1.189278 0.675322
1.185437 0.669787
1.152470 0.663857
1.146203 0.663450
1.139940 0.663567
1.134674 0.664222
1.165016 0.666084
1.165184 0.665729
1.158741 0.664768
1.155874 0.664333
1.158943 0.664351
2.438804 0.942934
2.443932 0.938952
2.442794 0.939528
2.444827 0.937257
2.447885 0.936381
2.459391 0.832507
2.456008 0.833489
2.465622 0.828421
2.462397 0.830576
2.460671 0.826295
2.467075 0.827356
2.466284 0.825145
2.639838 0.774682
2.696291 0.784405
2.690011 0.782497
2.683738 0.781291
2.677467 0.780413
2.671189 0.778555
2.664904 0.775929
2.658628 0.774450
2.652360 0.773981
2.646097 0.774113
2.642929 0.774355
2.647064 0.772301
2.544388 0.737550
2.495361 0.723960
2.541662 0.732810
2.539262 0.730713
2.501598 0.720621
2.496218 0.723582
2.533251 0.726932
2.540828 0.723650
2.501934 0.720536
2.501711 0.720145
2.502814 0.712740
2.885009 0.729702
2.885771 0.725643
2.886026 0.721517
3.044669 0.703296
3.051854 0.700743
3.044343 0.699046
3.051772 0.696674
3.016526 0.693384
3.013122 0.691863
3.007050 0.690024
2.997598 0.689552
3.000553 0.689383
3.012989 0.688477
3.012813 0.688337
3.012830 0.688395
3.006521 0.684849
3.006888 0.686178
3.000248 0.683761
2.997240 0.685270
3.000514 0.685181
3.702859 0.737205
3.696598 0.737452
3.690326 0.736546
3.684050 0.735095
3.677772 0.733306
3.671491 0.731114
3.665210 0.728954
3.704446 0.736917
3.703217 0.735560
3.697887 0.731607
3.679382 0.726885
3.672373 0.727686
3.664998 0.728874
3.665247 0.728810
3.658921 0.725937
3.652634 0.723021
3.649313 0.721495
3.653811 0.718826
3.646347 0.720171
3.640064 0.717692
3.633785 0.715808
3.627505 0.713903
3.621227 0.712117
3.614952 0.710782
3.608703 0.712592
3.554032 0.689551
3.552437 0.688329
3.546734 0.685454
3.555233 0.685616
3.552473 0.683936
3.546527 0.681730
3.539525 0.678388
3.540333 0.680226
3.533255 0.677550
3.534195 0.678569
3.526988 0.677178
3.527851 0.677494
3.520718 0.676374
3.521419 0.676670
3.514441 0.674853
3.515251 0.675102
3.508161 0.672777
3.503985 0.670994
3.501871 0.669556
3.502113 0.669904
3.496841 0.665815
3.496845 0.665360
3.495565 0.664246
3.495758 0.664569
3.490468 0.660509
3.484192 0.654954
3.422573 0.646078
3.471741 0.647853
3.426465 0.639830
3.424821 0.642327
3.427084 0.640983
3.440601 0.636518
3.433729 0.636936
1.272486 1.202326
1.284895 1.201001
1.278205 1.200901
1.271857 1.199827
1.265631 1.198408
1.259555 1.196570
1.253544 1.194549
1.265347 1.194956
1.259359 1.192858
1.253597 1.190121
0.014515 0.769185
0.015643 0.767474
0.014960 0.765946
0.017040 0.763572
0.015616 0.759793
0.016056 0.754267
1.635160 1.212721
1.628889 1.211808
1.622616 1.210681
1.672774 1.216480
1.666508 1.216252
1.660241 1.215756
1.653972 1.215086
1.647702 1.214401
1.648873 1.211661
1.641432 1.213642
1.640860 1.213556
1.641493 1.213499
1.685306 1.216976
1.679040 1.216683
1.676013 1.216517
1.679756 1.215113
1.327351 1.103426
1.327264 1.103709
1.328408 1.099733
1.327916 1.095447
1.327273 1.093738
1.326298 1.090952
1.328284 1.088221
0.284571 0.733405
0.298716 0.730490
0.290820 0.731626
0.286271 0.732808
0.291391 0.732173
0.297055 0.728037
0.293704 0.730124
0.297739 0.728939
0.222154 0.711402
0.221750 0.710905
0.221971 0.710714
0.219804 0.706713
0.219270 0.702426
0.223216 0.694317
0.077255 0.657884
0.076563 0.656639
0.073755 0.651882
2.027797 1.188495
2.021528 1.187878
2.015258 1.187149
2.008983 1.185766
2.002705 1.183953
2.041605 1.187065
2.030308 1.188602
2.034627 1.187781
1.999541 1.182311
1.902289 1.159951
1.997008 1.177633
1.914796 1.157228
1.908543 1.158659
1.906006 1.159114
1.921048 1.155806
1.916009 1.156936
1.927301 1.154554
1.925866 1.154770
1.927816 1.153616
1.363091 0.964910
1.363286 0.961153
1.362322 0.960552
1.361959 0.956491
1.362286 0.959653
1.361950 0.955473
1.361935 0.956298
0.644830 0.709921
0.646203 0.709268
0.644770 0.705710
0.646196 0.704985
0.644694 0.701530
0.646161 0.700815
2.246012 1.153741
2.239748 1.153603
2.233479 1.153006
2.227203 1.151488
2.220924 1.149708
2.264794 1.152394
2.258528 1.152077
2.252272 1.153127
2.251852 1.153237
2.247538 1.147716
2.228818 1.143621
2.222163 1.143424
2.271054 1.151990
2.267535 1.152255
2.265217 1.150478
2.260039 1.146095
2.272357 1.145038
1.306802 0.822826
1.305391 0.818329
1.304559 0.815658
1.304926 0.814051
1.304518 0.811474
1.304650 0.806831
1.009230 0.716222
1.009107 0.714391
1.008662 0.711903
1.008467 0.710954
1.008635 0.711409
1.007984 0.707593
0.970570 0.699968
0.965786 0.695186
0.945671 0.691414
0.939415 0.692491
0.969942 0.695657
0.964467 0.692014
0.965921 0.690489
0.958193 0.690778
0.959343 0.690075
0.951928 0.690547
0.947038 0.690992
0.952534 0.690307
2.376430 1.053473
2.381189 1.049889
2.380882 1.050161
2.387413 1.044980
2.385039 1.046819
2.388533 1.039919
2.417376 1.014180
2.419378 1.010375
2.422577 1.006000
2.421904 1.006704
2.422995 1.005677
2.447378 0.874201
2.446361 0.869786
2.445518 0.867264
2.446195 0.865570
2.445827 0.862095
2.609694 0.789816
2.615927 0.786023
2.612934 0.787863
2.618456 0.784810
2.623434 0.782038
2.523131 0.748507
2.515400 0.748119
2.516628 0.747882
2.509121 0.746217
2.510681 0.745688
2.493420 0.746806
2.497981 0.743574
2.490319 0.745008
2.484039 0.742917
2.477768 0.741998
2.471504 0.742044
2.522301 0.746584
2.509115 0.745432
2.508165 0.745626
2.503881 0.741600
2.959677 0.783104
2.953399 0.781349
2.965942 0.783189
2.965134 0.783321
2.960177 0.780765
2.952113 0.780659
2.953720 0.780002
2.947101 0.777137
2.961083 0.773931
2.948216 0.772268
2.860726 0.744827
2.854572 0.743215
2.670737 0.683495
2.669291 0.685437
2.676984 0.681346
2.672414 0.681886
3.037601 0.711197
3.043796 0.708808
3.036288 0.707710
3.025657 0.708782
3.044155 0.703482
3.035108 0.706493
3.036373 0.706468
3.025242 0.704486
3.023873 0.703778
3.018701 0.699407
3.044192 0.699096
3.032775 0.701850
3.036591 0.701579
3.026395 0.700544
3.023958 0.699252
3.018733 0.695007
2.993554 0.690151
2.985368 0.692193
2.986169 0.692005
3.018211 0.692214
2.993606 0.685696
2.985575 0.688043
2.986098 0.687908
2.999982 0.682419
2.993365 0.682107
3.323541 0.689676
3.336055 0.688041
3.329808 0.690059
3.329122 0.690100
3.330009 0.689677
3.336664 0.687452
1.443716 1.244858
1.437451 1.244717
1.431176 1.243455
1.432676 1.241965
1.424895 1.241246
1.426454 1.240541
1.451124 1.242596
1.422668 1.240235
1.418610 1.238648
1.418903 1.238597
1.412315 1.234738
1.413451 1.234986
1.410701 1.233632
1.406655 1.230914
1.401116 1.227548
1.280524 1.203729
1.394140 1.223995
1.388261 1.221589
1.382536 1.218748
1.293036 1.201762
1.294344 1.201906
1.286781 1.202954
1.283497 1.203561
1.287201 1.203079
1.369830 1.212368
1.299275 1.198686
1.294024 1.201487
1.300484 1.199239
1.242811 1.187641
1.242082 1.190968
1.299737 1.198470
1.307170 1.195059
1.242984 1.186929
1.242880 1.186684
1.306024 1.194040
1.249037 1.182897
1.247636 1.183674
1.255276 1.179844
1.253179 1.180631
0.011586 0.752084
0.011531 0.752188
0.013089 0.748288
0.011987 0.746758
0.006878 0.742214
0.015038 0.744505
0.012630 0.740643
1.824388 1.205890
1.818120 1.205297
1.811842 1.203551
1.836914 1.205568
1.830652 1.205773
1.826131 1.205891
1.825822 1.201493
1.808715 1.202360
1.812615 1.200806
1.805554 1.200466
1.799263 1.197130
1.849427 1.203762
1.843171 1.204758
1.842267 1.204995
1.795237 1.195421
1.792979 1.194661
1.786699 1.192656
1.780419 1.190631
1.774141 1.188800
1.767867 1.187558
1.761592 1.186291
1.755317 1.184892
1.749045 1.183817
1.742773 1.182856
1.863613 1.200181
1.342124 1.040473
1.342219 1.036271
1.341859 1.032000
1.340975 1.027647
1.340629 1.026641
0.379602 0.696871
0.385834 0.692987
0.382011 0.694371
0.392087 0.691614
0.390544 0.691931
0.203702 0.633281
0.202811 0.632804
0.197414 0.630412
0.191128 0.627603
0.185316 0.625048
0.184842 0.624826
0.184914 0.624750
0.178556 0.622057
0.179465 0.621165
0.172271 0.619486
0.165988 0.617158
0.164410 0.616603
0.159706 0.614882
0.160209 0.614252
0.153426 0.612869
0.154381 0.611732
0.147150 0.611275
0.140874 0.609814
0.134602 0.608860
2.133803 1.174816
2.127541 1.175142
2.121276 1.175128
2.119858 1.174998
2.121372 1.175021
2.146319 1.173397
2.140064 1.174525
2.138695 1.174603
2.140414 1.173902
2.184869 1.177071
2.158847 1.173401
2.152577 1.172675
2.150649 1.172860
2.153327 1.171140
1.308672 0.884333
1.309272 0.880251
1.309902 0.876205
0.891590 0.719075
0.847330 0.706802
0.839697 0.709230
0.840832 0.706157
0.833423 0.707869
0.827144 0.705959
0.820870 0.704677
0.814580 0.701445
0.828533 0.698621
0.822037 0.697964
0.813305 0.699818
0.815067 0.698661
0.751778 0.681275
0.750132 0.682759
0.752094 0.682249
0.753495 0.679271
0.759072 0.677252
2.268637 1.113539
2.281154 1.111962
2.274895 1.112700
2.269485 1.113437
2.293673 1.110917
2.287409 1.110965
2.282553 1.111868
2.299932 1.110468
2.298101 1.110855
1.314230 0.772535
1.315743 0.768630
1.317827 0.764879
1.194401 0.726572
1.193272 0.726972
1.200639 0.723258
1.199525 0.724058
1.128537 0.705437
1.132563 0.703345
1.131541 0.698974
1.128352 0.701197
1.132503 0.699199
1.145655 0.695768
1.138510 0.696960
1.088818 0.685328
1.082161 0.685136
1.075667 0.684487
1.089263 0.679766
1.082371 0.680237
1.075683 0.680129
1.069160 0.679557
1.062452 0.675778
1.062688 0.678841
1.056189 0.675832
1.056287 0.677924
1.050187 0.676166
1.082415 0.675833
1.075586 0.676126
1.063580 0.675468
1.068903 0.676002
1.054160 0.673545
1.049892 0.671835
1.050052 0.672242
1.043609 0.669431
1.044196 0.669786
1.037330 0.667521
1.038398 0.667171
1.031054 0.666060
1.032616 0.664522
1.024780 0.664779
1.018507 0.663669
1.012237 0.662927
1.005976 0.663294
2.441886 0.985390
2.441616 0.985960
2.442003 0.985700
2.443442 0.982128
2.444843 0.978238
2.449475 0.970730
2.536189 0.821982
2.528882 0.820701
2.529348 0.822307
2.541397 0.819095
2.542244 0.819556
2.535141 0.820122
2.533107 0.820195
2.535241 0.820339
2.524467 0.818440
2.522591 0.817332
2.522708 0.817747
2.516946 0.815033
2.510980 0.812898
2.555328 0.816321
2.547974 0.818106
2.517658 0.812867
2.516419 0.812220
2.510850 0.808952
2.459808 0.799434
2.516362 0.808118
2.511234 0.803579
2.462240 0.797410
2.460988 0.793540
2.466017 0.792607
2.465028 0.793788
2.467190 0.786429
2.677897 0.748879
2.674279 0.751794
2.684143 0.746537
2.678786 0.748498
2.678112 0.747697
2.684370 0.744748
2.679514 0.739445
2.902699 0.709494
2.916474 0.703180
2.902575 0.705254
2.909813 0.702995
2.902292 0.703597
2.922751 0.700156
2.916277 0.699443
2.909734 0.698924
2.901850 0.700927
2.902385 0.700694
1.584485 1.227453
1.578225 1.227976
1.571965 1.228457
1.571704 1.228473
1.615817 1.229083
1.609548 1.228354
1.603280 1.227855
1.597013 1.227490
1.590747 1.227271
1.586801 1.227313
1.585137 1.224992
1.622088 1.229945
1.616425 1.229168
1.615929 1.228725
1.610598 1.224769
1.326964 1.140246
1.326313 1.140862
1.329878 1.137365
1.328124 1.133427
1.333162 1.132005
1.332370 1.133677
1.334122 1.129863
1.333506 1.128632
0.071293 0.692912
0.077490 0.692276
0.084631 0.686791
0.076814 0.687986
0.074281 0.689312
0.077097 0.689072
0.084533 0.682784
0.002609 0.666363
0.001462 0.664955
0.001988 0.664677
-0.003423 0.660943
-0.004841 0.660120
-0.011130 0.657008
1.696695 1.206384
1.690426 1.205812
1.684159 1.205329
1.721753 1.206703
1.715487 1.206410
1.709221 1.206158
1.702959 1.206327
1.702207 1.206404
1.698200 1.201022
1.728015 1.206488
1.724125 1.206686
1.723142 1.202254
1.334011 1.081288
1.335320 1.077336
1.334412 1.072957
1.333012 1.068499
1.332268 1.066797
1.333223 1.061414
0.341292 0.719928
0.334495 0.720130
0.327256 0.720013
0.325227 0.721120
0.327547 0.720752
0.353710 0.718532
0.347345 0.717512
0.340764 0.717104
0.333487 0.715889
0.330638 0.718014
0.333873 0.717571
0.347299 0.713373
0.340403 0.713856
0.226720 0.680918
0.224191 0.683806
0.227216 0.680228
0.226932 0.679508
0.072791 0.632087
0.069695 0.627702
0.069681 0.626018
0.069400 0.627186
0.070511 0.624933
0.070590 0.623250
2.050026 1.184105
2.043769 1.184939
2.044025 1.184485
2.037497 1.183787
2.037765 1.183175
2.031213 1.181358
2.024931 1.179215
2.018657 1.177922
2.012381 1.176384
2.006101 1.174259
2.062545 1.182932
2.056283 1.183123
2.054685 1.183245
2.056699 1.182403
2.002901 1.172706
1.999796 1.169134
1.999766 1.165482
1.998757 1.167669
1.924470 1.149413
2.000509 1.163851
2.000344 1.162017
1.936983 1.147648
1.930725 1.148311
1.926866 1.148881
1.955767 1.146601
1.949503 1.146585
1.943241 1.146890
1.939759 1.147292
1.944649 1.144053
1.962034 1.147071
1.957530 1.146746
1.963108 1.144634
1.359082 0.945709
1.358956 0.945403
1.359037 0.940068
1.358521 0.941116
1.360532 0.937354
0.661895 0.698921
0.661803 0.698612
0.660846 0.694503
0.662012 0.694015
0.659286 0.690015
0.662422 0.688575
2.231787 1.158626
2.250582 1.158977
2.244321 1.159309
2.238058 1.159396
2.233274 1.158802
2.227441 1.157621
2.232061 1.157731
2.225511 1.157163
2.219234 1.155483
2.212958 1.153893
2.206681 1.152291
2.200406 1.150925
2.269377 1.159324
2.263111 1.159016
2.256842 1.158571
2.253687 1.158757
2.251990 1.154122
2.270601 1.154288
1.313643 0.833545
1.310409 0.828680
1.308315 0.825256
1.308912 0.826648
1.307845 0.823976
1.006825 0.722848
1.006784 0.725064
1.007055 0.724479
1.006887 0.720873
1.006800 0.719780
0.975412 0.711167
1.006662 0.716651
1.007500 0.714620
0.976020 0.710408
0.975657 0.709573
0.976152 0.706254
0.975362 0.704955
0.975675 0.705235
0.970757 0.700120
0.931441 0.695795
0.930304 0.696935
0.931931 0.695820
0.970615 0.696241
0.945429 0.691379
0.937686 0.693449
0.935310 0.693750
0.938116 0.693039
2.365319 1.066179
2.371571 1.064687
2.365966 1.065806
2.377808 1.061395
2.374619 1.063358
2.379868 1.060255
2.410045 1.022036
2.410948 1.017998
2.416084 1.014798
2.414632 1.012971
2.414002 1.014424
2.414929 1.013752
2.415727 1.010608
2.451380 0.903020
2.451848 0.898899
2.452177 0.894779
2.579564 0.806842
2.585807 0.804112
2.582821 0.805553
2.586537 0.804151
2.592045 0.800924
2.588987 0.802613
2.593058 0.800426
2.599438 0.797139
2.497887 0.776110
2.498063 0.775750
2.497940 0.775555
2.504120 0.772175
2.502894 0.772536
2.453922 0.761418
2.505637 0.764229
2.466417 0.757318
2.460171 0.759573
2.460015 0.759625
2.467250 0.756928
2.466778 0.755717
2.676627 0.722040
2.674756 0.723882
2.678332 0.720413
2.676981 0.719018
2.672033 0.714004
2.677453 0.713406
2.943353 0.704103
2.944599 0.703517
2.950918 0.700884
2.949575 0.698914
2.948448 0.700116
2.949855 0.699590
3.250684 0.714902
3.244428 0.715905
3.256934 0.713232
3.253643 0.713982
3.264428 0.708234
3.181604 0.693009
3.180934 0.690823
3.179010 0.686238
3.176062 0.683270
3.175863 0.679555
3.099936 0.663270
3.107659 0.658939
3.099258 0.661644
3.100094 0.661297
3.097397 0.657075
3.100556 0.655697
3.100939 0.650341
3.693224 0.749963
3.686954 0.749135
3.680681 0.747997
3.674404 0.746394
3.668123 0.744254
3.694375 0.745833
3.675848 0.741153
3.666768 0.743713
3.668434 0.743101
3.661834 0.741176
3.655545 0.737972
3.653182 0.736774
3.657171 0.732623
3.649252 0.734470
3.604351 0.726834
3.599044 0.722320
3.644506 0.726124
3.597668 0.721277
3.599903 0.719112
3.592735 0.716823
3.600589 0.712885
3.591596 0.715865
3.593103 0.715038
3.561350 0.708604
3.560505 0.709531
3.563886 0.706041
3.562155 0.703164
3.562853 0.696917
3.412281 0.658448
3.410859 0.653965
1.572479 1.273661
1.565677 1.273877
1.559380 1.272658
1.553337 1.270717
1.547372 1.268556
1.533329 1.267517
1.527047 1.265317
1.522846 1.263869
1.520994 1.262804
1.515474 1.259377
1.432901 1.241887
1.426627 1.240553
1.451696 1.242193
1.445438 1.243024
1.446410 1.241169
1.439170 1.242569
1.438348 1.242452
1.439222 1.242474
1.423637 1.239461
1.420345 1.238456
1.420516 1.238320
1.414056 1.235230
1.414948 1.235060
1.409354 1.231878
1.457949 1.240924
1.453997 1.241472
1.458924 1.239545
1.409581 1.232411
1.407761 1.231383
1.407988 1.231416
1.401468 1.227679
1.402505 1.227911
1.397960 1.225863
1.395178 1.224400
1.395462 1.224511
1.388891 1.221656
1.389731 1.221700
1.382604 1.218736
1.384192 1.218350
1.381876 1.218411
1.376316 1.215753
1.376848 1.215808
1.370025 1.212359
1.371383 1.212238
1.301015 1.199115
1.296884 1.201155
1.368534 1.211523
1.363728 1.208288
1.364411 1.208657
1.359068 1.204740
1.307247 1.195042
1.303004 1.198176
1.308459 1.195721
1.357783 1.204119
1.352703 1.199444
1.307481 1.194893
1.244486 1.179957
1.241608 1.181536
1.310370 1.191314
1.314729 1.188422
1.250728 1.177082
1.247488 1.178508
1.314691 1.184271
1.256972 1.174620
1.253942 1.175627
1.263220 1.172705
1.261875 1.173082
1.264059 1.170990
0.006973 0.741365
0.013198 0.736469
0.010634 0.738457
0.007762 0.735404
0.014499 0.735067
0.013592 0.733641
0.014568 0.726610
1.649407 1.210456
1.643137 1.209761
1.680750 1.213387
1.674483 1.213028
1.668216 1.212571
1.661946 1.211953
1.663178 1.209261
1.655676 1.211139
1.652316 1.210756
1.656261 1.209799
1.699548 1.214165
1.693283 1.214093
1.694190 1.212334
1.687015 1.213602
1.687015 1.213602
1.687015 1.213602
1.329029 1.096004
1.329781 1.094883
1.330370 1.090799
1.329635 1.086467
1.328943 1.085276
1.327209 1.081812
1.330458 1.077785
0.299281 0.730326
0.312897 0.724121
0.305042 0.726265
0.303967 0.727064
0.305276 0.726643
0.308047 0.723725
0.311992 0.722398
0.220568 0.701745
0.223354 0.694276
0.221616 0.697750
0.223547 0.693973
0.073494 0.646683
0.072627 0.645414
0.070396 0.641867
2.013561 1.192107
2.007288 1.190910
2.001010 1.189072
1.997090 1.186977
1.900582 1.163588
1.894331 1.165217
1.996063 1.178434
1.906834 1.162152
1.901561 1.163336
1.919335 1.158708
1.913085 1.160555
1.910955 1.161055
1.914170 1.158444
1.919606 1.158661
1.363497 0.974327
1.362948 0.970012
1.362475 0.965737
1.361944 0.956340
0.637905 0.711545
0.636938 0.713448
0.638168 0.712955
0.638949 0.709682
2.282854 1.107517
2.295370 1.106075
2.289111 1.106677
2.285204 1.107278
2.314155 1.105229
2.307891 1.105234
2.301632 1.105776
2.299488 1.105980
2.302850 1.102988
2.315401 1.105066
1.317209 0.763801
1.321674 0.758704
1.320004 0.760165
1.322424 0.758432
1.323309 0.756673
1.196081 0.719429
1.202315 0.715742
1.197479 0.718492
1.196443 0.717157
1.191097 0.713281
1.202934 0.715425
1.202616 0.714435
1.159962 0.697631
1.153256 0.697574
1.145780 0.695771
1.146530 0.697577
1.139529 0.697337
1.138131 0.698046
1.139713 0.697832
1.095590 0.686014
1.166104 0.694996
1.159456 0.694776
1.146796 0.695631
1.152545 0.695303
1.094427 0.684984
1.095788 0.684643
1.089382 0.679751
1.096608 0.678020
1.089273 0.679381
1.096585 0.673795
1.089232 0.674296
1.087996 0.675291
1.089412 0.675065
2.408134 1.022563
2.400439 1.021878
2.398189 1.024750
2.400796 1.024283
2.400890 1.021089
2.407830 1.019100
2.403765 1.017492
2.407247 1.016458
2.414325 1.011193
2.451436 0.912367
2.451804 0.908224
2.451575 0.905329
2.452509 0.904177
2.452018 0.899770
2.453153 0.900147
2.452219 0.894915
2.571593 0.810380
2.567733 0.811837
2.577836 0.807817
2.575065 0.809110
2.578636 0.807461
2.581301 0.806209
2.584892 0.804504
2.502495 0.786211
2.502649 0.786013
2.502523 0.785899
2.508712 0.780265
2.505191 0.782335
2.502888 0.780567
2.458533 0.771936
2.456971 0.772556
2.503818 0.773656
2.464750 0.766007
2.461243 0.769208
2.458966 0.767356
2.453500 0.763816
2.464917 0.765778
2.464797 0.765601
2.460133 0.759768
2.672036 0.713978
2.672023 0.713994
2.674597 0.710321
2.672623 0.708037
2.673292 0.701863
2.952789 0.700056
2.965114 0.694479
2.957550 0.695641
2.956679 0.696639
2.957752 0.696276
2.964605 0.691641
3.264888 0.707321
3.258639 0.709225
3.257061 0.709542
3.259401 0.707733
3.265607 0.707089
3.172762 0.679832
3.171255 0.677872
3.173473 0.675780
3.171439 0.673038
3.171358 0.668989
3.109313 0.658561
3.107875 0.655701
3.115477 0.651548
3.106838 0.653849
3.108084 0.653429
3.115693 0.646644
3.104561 0.649209
3.108442 0.648134
1.579911 1.221667
1.604968 1.221848
1.598702 1.221504
1.592436 1.221219
1.586171 1.221242
1.582738 1.221366
1.642595 1.227354
1.636325 1.226561
1.630054 1.225648
1.623783 1.224734
1.617510 1.223639
1.611238 1.222587
1.606874 1.222061
1.328617 1.129917
1.327410 1.131747
1.329873 1.128030
1.329132 1.126277
1.331173 1.124102
1.329586 1.120692
1.331519 1.120003
1.329620 1.116310
0.224105 0.723674
0.084812 0.687641
0.085544 0.686462
0.085628 0.682294
-0.002556 0.655981
-0.003142 0.655491
-0.002795 0.654897
-0.009440 0.651150
1.840308 1.195621
1.834044 1.195599
1.827780 1.195732
1.865371 1.196487
1.859106 1.196376
1.852836 1.195729
1.846571 1.195500
1.846107 1.195479
1.847122 1.194022
1.871627 1.195566
1.869851 1.196136
1.347221 1.022829
1.347417 1.018658
1.347780 1.014545
1.351745 1.010888
1.347896 1.010407
1.351241 1.008037
0.451970 0.695833
0.445709 0.696156
0.446734 0.694166
0.439435 0.695034
0.440041 0.694069
0.433157 0.693209
0.433893 0.692445
0.426871 0.690526
0.427944 0.690261
0.420589 0.688200
0.414310 0.686476
0.401763 0.684028
0.395493 0.683186
0.412754 0.686146
0.408036 0.685166
0.406736 0.684923
0.408057 0.685132
2.215842 1.165596
2.209569 1.164452
2.203295 1.163122
2.197021 1.161812
2.190748 1.160775
2.184479 1.160228
2.178215 1.160127
2.247192 1.169287
2.240925 1.169012
2.234656 1.168264
2.228385 1.167427
2.222114 1.166508
2.216939 1.165754
2.216104 1.164790
2.210138 1.162647
2.203643 1.161992
2.197275 1.160987
2.191776 1.157532
1.313030 0.852094
1.316026 0.848488
1.317431 0.844592
0.990910 0.733507
0.991306 0.735259
0.984649 0.733925
0.984787 0.734679
0.993217 0.732568
0.997685 0.731924
0.980795 0.730043
0.978598 0.728850
0.973417 0.724508
0.995210 0.728808
0.997383 0.728508
0.980447 0.725789
0.978675 0.724339
0.921830 0.711508
0.979205 0.718570
0.923519 0.710018
0.928044 0.705278
0.927087 0.706562
0.815046 0.674530
0.808751 0.670582
0.796198 0.667541
0.805397 0.669244
0.802468 0.668102
0.797783 0.667704
0.802569 0.668376
2.376227 1.080815
2.369930 1.076587
2.363623 1.071344
2.357367 1.072263
2.355151 1.072957
2.369873 1.069523
2.365454 1.070829
2.376121 1.067578
2.373407 1.068264
1.327150 0.706768
1.321034 0.703446
1.320860 0.703369
1.320874 0.703370
1.314582 0.701813
1.313108 0.701844
2.428503 1.001982
2.429976 0.998060
2.432214 0.993686
2.431781 0.994234
2.433106 0.991819
2.433984 0.990516
2.448083 0.853251
2.445535 0.855157
2.450462 0.851956
2.454307 0.848265
2.454000 0.848509
2.455360 0.845589
2.623892 0.781560
2.617644 0.783603
2.617489 0.783661
2.617733 0.783443
2.630147 0.780447
2.625495 0.781086
2.631351 0.778667
2.523402 0.748235
2.517131 0.747353
2.510852 0.745608
2.526796 0.748446
2.530047 0.747971
2.506699 0.744373
2.504571 0.743390
2.502667 0.743558
2.504627 0.743798
2.498290 0.741235
2.492018 0.740207
2.537163 0.742582
2.529607 0.744840
2.529643 0.744834
2.504525 0.737687
2.500783 0.738966
2.498485 0.737843
2.493289 0.733539
2.507073 0.736075
2.504839 0.734611
2.499653 0.730249
2.896046 0.713263
2.902205 0.709794
2.895750 0.709011
2.902223 0.705432
3.248982 0.719330
3.242730 0.720795
3.242091 0.720968
3.205066 0.710753
3.251531 0.718707
3.201724 0.708581
3.198769 0.706544
3.199121 0.707031
3.193648 0.702735
3.192467 0.701923
3.192636 0.702035
3.187196 0.698416
3.187497 0.697299
3.186149 0.695101
3.186443 0.696237
3.181463 0.691306
3.181050 0.688189
3.093911 0.669896
3.091954 0.665637
3.091788 0.665263
3.092006 0.665141
3.090585 0.660850
3.092394 0.659768
3.678996 0.754454
3.672717 0.752633
3.666434 0.750203
3.660883 0.747677
3.660146 0.747274
3.601393 0.735571
3.601689 0.731427
3.597353 0.728011
3.564961 0.723985
3.594181 0.725722
3.591050 0.723227
3.563527 0.719479
3.561103 0.714741
3.562403 0.715067
3.560873 0.711075
3.411284 0.667581
3.408935 0.665679
3.405435 0.662191
3.409999 0.659831
3.404181 0.657764
3.410473 0.654203
1.568121 1.267349
1.561850 1.266469
1.555577 1.265338
1.549303 1.264067
1.543028 1.262659
1.536751 1.261132
1.530474 1.259387
1.586925 1.268932
1.580659 1.268577
1.574391 1.268021
1.572088 1.267755
1.568820 1.264957
1.528998 1.258980
1.524195 1.257579
1.524982 1.255799
1.517916 1.255609
1.511630 1.252924
1.505343 1.250088
1.504966 1.249903
1.499045 1.245760
1.455121 1.236261
1.448863 1.237061
1.496634 1.244021
1.492747 1.241518
1.493519 1.241090
1.486459 1.238585
1.488129 1.237320
1.480182 1.236920
1.473915 1.236501
1.467650 1.236374
1.461384 1.236112
1.457205 1.236010
1.462704 1.233157
1.373485 1.210636
1.373484 1.210636
1.373484 1.210635
1.367193 1.207216
1.360903 1.204022
1.360447 1.203777
1.354607 1.199913
1.350297 1.197509
1.348311 1.195890
1.348619 1.196267
1.342942 1.193316
1.337104 1.190826
1.319868 1.191351
1.323901 1.190128
1.342271 1.191681
1.342010 1.191376
1.342048 1.191528
1.336467 1.188295
1.330244 1.186882
1.323173 1.185629
1.322430 1.187653
1.323364 1.187315
1.337335 1.186494
1.335969 1.185412
1.324910 1.183962
1.329825 1.183767
1.323137 1.181166
1.260390 1.167715
1.336325 1.182123
1.335816 1.181575
1.329928 1.179196
1.321959 1.179186
1.323450 1.178496
1.316833 1.176327
1.310550 1.173949
1.304270 1.171869
1.297995 1.170477
1.291720 1.169047
1.285445 1.167710
1.279174 1.166871
1.272909 1.166669
1.274457 1.164902
1.266645 1.166644
1.262996 1.167190
1.267552 1.165408
1.330937 1.172071
0.004014 0.720370
0.010251 0.716966
0.007304 0.719116
0.010896 0.717960
0.011431 0.715784
0.018098 0.712328
-0.008038 0.705885
2.045480 1.181609
2.039201 1.179887
2.057997 1.180291
2.051742 1.181421
2.050426 1.181420
2.052124 1.180617
2.036145 1.178527
2.032916 1.177165
2.026637 1.175296
2.020363 1.173981
2.014084 1.172257
2.007801 1.169854
2.070515 1.179121
2.064254 1.179531
2.062539 1.179689
2.064748 1.178655
2.003560 1.167717
2.001503 1.165592
2.076994 1.177806
1.998570 1.162493
2.001443 1.158002
1.999372 1.158463
1.996748 1.153170
1.944951 1.143507
1.938693 1.144255
2.005771 1.155599
1.963740 1.143160
1.957474 1.142965
1.951211 1.143083
1.945870 1.143396
1.976268 1.143246
1.970005 1.143299
1.965675 1.143243
1.360737 0.935405
1.359533 0.936185
1.361343 0.934746
1.356040 0.930752
1.362808 0.932658
1.368443 0.929385
1.365746 0.929094
1.367597 0.927504
0.669746 0.691406
0.669638 0.691154
0.669781 0.691074
0.667514 0.686531
0.670477 0.684810
0.671229 0.678405
2.241430 1.146825
2.235154 1.145407
2.253948 1.145597
2.247694 1.146830
2.246425 1.147009
2.241861 1.144767
2.229684 1.143626
2.235473 1.143819
2.228874 1.143358
2.222595 1.141503
2.266464 1.144137
2.260210 1.145315
2.259320 1.145423
2.254412 1.142991
2.248719 1.140078
2.242957 1.137368
2.272718 1.142873
2.270058 1.143443
2.266897 1.141445
2.261164 1.138627
2.255240 1.136359
2.268053 1.133901
1.304297 0.812984
1.304367 0.808788
1.304758 0.804688
1.008948 0.706829
1.008243 0.702485
1.006695 0.698003
2.373274 1.060597
2.379503 1.056114
2.375609 1.058425
2.380877 1.055301
2.380832 1.051239
2.384670 1.051909
2.424301 1.004449
2.422594 1.005899
2.425045 1.004199
2.427170 1.002625
2.429006 0.998826
2.449518 0.883970
2.449373 0.882680
2.449446 0.883767
2.449046 0.879664
2.448144 0.875297
2.601735 0.795064
2.601967 0.794973
2.607974 0.791993
2.607968 0.791998
2.607979 0.791989
2.614945 0.787041
2.501213 0.757776
2.501228 0.757723
2.501216 0.757710
2.495953 0.753595
2.463551 0.748054
2.502024 0.753700
2.501172 0.752674
2.501295 0.753198
2.494888 0.750175
2.495857 0.749556
2.488607 0.748019
2.482331 0.746454
2.476062 0.745798
2.469799 0.746044
2.466900 0.746557
2.955069 0.773033
2.958409 0.772617
2.951688 0.771244
2.955250 0.771392
2.948776 0.769400
2.874038 0.745218
2.864714 0.745169
2.867269 0.745341
2.860869 0.742968
2.854604 0.742869
2.853795 0.742955
2.848503 0.741371
2.842376 0.739689
2.873809 0.741585
2.867351 0.740825
2.861102 0.739473
2.854963 0.737810
2.848692 0.736527
2.842514 0.734984
2.836760 0.732245
2.868200 0.734153
2.861624 0.733725
2.855067 0.733248
2.848606 0.732493
2.842372 0.731097
2.836712 0.728078
2.830994 0.720949
2.768216 0.703997
2.761609 0.703665
2.754718 0.704129
2.748570 0.702506
2.780475 0.703088
2.774044 0.702250
2.767702 0.701161
2.761250 0.700383
2.754792 0.699626
2.748762 0.697657
2.742232 0.692827
2.736430 0.690206
2.672439 0.679114
2.717037 0.683715
2.711053 0.681609
2.704792 0.680289
2.697506 0.680597
2.698280 0.679686
2.691236 0.679776
2.691732 0.679182
2.684963 0.678668
2.685375 0.678142
2.678688 0.677295
2.674229 0.677105
2.679224 0.676518
3.053836 0.700029
3.059506 0.698142
3.053983 0.695856
3.059427 0.694049
3.055235 0.691946
3.059245 0.690284
3.598764 0.744375
3.596576 0.739720
3.596376 0.735499
3.595673 0.735022
3.569229 0.729969
3.565760 0.724874
3.566240 0.725179
3.565125 0.722360
3.394709 0.670524
3.408435 0.668544
3.394910 0.669388
3.401391 0.669440
3.394691 0.668256
3.401828 0.663912
3.394662 0.664654
3.393998 0.665012
3.394714 0.665014
-0.012753 0.795049
-0.012175 0.794178
1.563544 1.261120
1.557274 1.260364
1.551002 1.259370
1.544729 1.258193
1.538454 1.256890
1.532177 1.255289
1.525900 1.253656
1.588609 1.262424
1.582345 1.262322
1.576079 1.262027
1.569812 1.261614
1.565415 1.261242
1.563874 1.259926
1.558545 1.255982
1.520715 1.252175
1.519622 1.251846
1.520302 1.250045
1.513337 1.249235
1.507053 1.246691
1.591570 1.262411
1.589104 1.260383
1.583872 1.256148
1.500953 1.243959
1.500766 1.243856
1.500854 1.243676
1.494473 1.240286
1.488186 1.237275
1.463090 1.232380
1.487448 1.237013
1.481905 1.235188
1.482507 1.234214
1.475630 1.233904
1.476438 1.232365
1.469360 1.233112
1.465747 1.232618
1.469692 1.232424
1.274629 1.164706
1.268363 1.164416
1.324806 1.172873
1.318536 1.172002
1.312263 1.170869
1.313718 1.167979
1.305988 1.169466
1.307077 1.167743
1.299715 1.168429
1.300489 1.167352
1.293442 1.167214
1.294126 1.166333
1.287169 1.166054
1.287766 1.165303
1.280898 1.165254
1.276931 1.164890
1.281179 1.164912
1.331058 1.171426
1.330483 1.171601
0.011987 0.716855
0.018214 0.712317
0.014894 0.715524
0.018891 0.714386
0.018507 0.712064
0.025896 0.709293
-0.000638 0.704712
-0.006893 0.705905
-0.005779 0.703789
-0.013162 0.705203
-0.013009 0.705208
0.025555 0.705988
0.000682 0.704258
-0.000272 0.702932
2.042046 1.186515
2.035778 1.186174
2.029504 1.184826
2.023229 1.183398
2.016955 1.182206
2.010680 1.180788
2.004400 1.178841
2.048308 1.186402
2.044366 1.186304
2.048828 1.185653
2.001808 1.177621
1.998631 1.172796
1.998718 1.170896
1.916505 1.153939
1.929015 1.151539
1.922760 1.152679
1.921468 1.152911
1.923392 1.151403
1.941530 1.150137
1.935272 1.150752
1.932787 1.151021
1.936094 1.149222
1.955423 1.147356
1.361621 0.955278
1.360651 0.950881
1.359027 0.945578
1.360597 0.946696
1.358823 0.941852
0.661788 0.698953
0.652098 0.702059
0.654188 0.701413
0.651839 0.697821
0.654248 0.696951
2.236818 1.136199
2.230543 1.134834
2.249342 1.135820
2.243085 1.136603
2.240260 1.136426
2.236968 1.135297
2.230711 1.133982
2.261861 1.134656
2.255595 1.134395
2.252592 1.134723
2.249884 1.132490
2.244439 1.128881
2.268116 1.133581
2.267726 1.133639
1.305121 0.803815
1.307026 0.795918
1.305537 0.799693
1.307061 0.795830
1.307268 0.795133
1.157337 0.736937
1.151452 0.734549
1.006647 0.697029
1.006073 0.695375
1.005594 0.692615
1.005525 0.692244
1.005572 0.692478
1.004021 0.688128
2.374548 1.088011
2.376450 1.086599
2.357898 1.082849
2.374905 1.082082
2.374735 1.081336
2.369609 1.076831
2.359599 1.078975
2.362291 1.078495
2.355670 1.077191
2.354311 1.077903
2.375478 1.078016
2.374689 1.077180
2.368611 1.075348
2.375274 1.071254
1.338781 0.716374
1.338009 0.715187
1.338171 0.715786
1.332915 0.711656
1.334812 0.711377
1.331696 0.709064
1.332094 0.709658
1.325406 0.705772
1.326515 0.706420
1.312863 0.703946
1.309620 0.706255
1.320255 0.704238
1.319127 0.703922
1.318350 0.703849
1.319156 0.703926
2.442507 0.962355
2.441924 0.958019
2.440598 0.956360
2.440731 0.957411
2.435447 0.953359
2.437466 0.952918
2.434273 0.948739
2.434262 0.947328
2.433806 0.947998
2.461060 0.824085
2.459464 0.824851
2.467281 0.818778
2.464327 0.821637
2.462211 0.817647
2.467913 0.818201
2.467487 0.817468
2.669974 0.758528
2.707593 0.762970
2.701315 0.761169
2.695041 0.759839
2.688766 0.758579
2.682493 0.757416
2.676227 0.757204
2.675976 0.757260
2.695848 0.754612
2.689673 0.753047
2.683499 0.751484
2.538675 0.712603
2.538058 0.711970
2.538179 0.712149
2.532147 0.707066
2.531753 0.706800
2.531816 0.706809
2.525470 0.704395
2.525892 0.704556
2.519199 0.703710
2.516669 0.703931
2.519428 0.703821
2.882364 0.734285
2.884346 0.730825
2.882327 0.730090
2.883721 0.728283
2.883720 0.724019
2.824545 0.714150
2.821065 0.711006
2.788867 0.704608
2.822617 0.709567
2.820211 0.707568
2.820591 0.708037
2.813920 0.704194
2.814846 0.705267
2.808751 0.703491
2.802324 0.702649
2.795110 0.701951
2.791161 0.703176
2.795574 0.702718
2.811013 0.703033
2.807843 0.701767
2.801364 0.700821
2.801085 0.701003
2.801395 0.700980
3.237662 0.738488
3.226625 0.728607
3.072088 0.689270
3.075029 0.688000
3.071877 0.685020
3.075049 0.683626
3.072841 0.681047
3.074777 0.680119
3.337766 0.684910
3.333674 0.685905
3.344000 0.681089
3.340242 0.683026
3.345612 0.679309
0.004887 0.782770
0.001416 0.783263
0.011133 0.780580
0.010455 0.780890
0.015482 0.777751
1.562338 1.242139
1.581123 1.241423
1.574862 1.241772
1.568601 1.242026
1.567322 1.242035
1.563320 1.238244
1.599914 1.241210
1.593649 1.241172
1.587385 1.241215
1.584254 1.241266
1.581661 1.239092
1.606177 1.241214
1.604178 1.241162
1.600603 1.238309
1.595216 1.234515
1.323621 1.156533
1.329851 1.152275
1.325897 1.155227
1.324902 1.151127
1.330226 1.151904
1.330049 1.151257
1.336062 1.145768
1.333867 1.148468
0.045675 0.702183
0.046641 0.698166
0.048818 0.697250
0.056010 0.691646
0.047949 0.694255
0.048435 0.694053
0.004390 0.681982
0.003192 0.685150
0.004673 0.681254
0.004380 0.680807
0.004613 0.680546
0.000420 0.676223
2.067690 1.174813
2.073945 1.173767
2.068005 1.174742
2.125514 1.177994
2.117824 1.177663
2.118910 1.177650
2.111550 1.176377
2.112619 1.176422
2.106461 1.174817
2.100398 1.172948
2.094275 1.171248
2.086445 1.170185
2.087651 1.170964
2.080200 1.172627
2.079551 1.172863
2.080332 1.172632
2.124088 1.177718
2.123925 1.177737
2.124100 1.177739
2.106881 1.174250
2.105434 1.173442
2.099834 1.170252
2.092689 1.167708
2.086633 1.170115
2.093586 1.168900
2.094932 1.167651
2.099163 1.167892
2.011092 1.147042
2.004834 1.147752
1.998559 1.146306
1.992290 1.145856
1.990522 1.146410
2.011638 1.146481
1.999583 1.140877
1.993035 1.140377
1.986563 1.139661
1.979689 1.136710
1.980385 1.138122
1.973415 1.135358
1.967148 1.134976
1.960883 1.134896
2.012118 1.142400
2.011040 1.140618
2.004767 1.139453
2.006361 1.136427
1.998499 1.138872
1.998904 1.138492
1.992227 1.137939
1.992429 1.137782
1.985956 1.137058
1.985801 1.137037
1.985962 1.137053
1.370388 0.924809
1.372648 0.924384
1.371542 0.920666
1.360769 0.921982
1.364596 0.921283
1.357814 0.919079
1.373681 0.920392
1.371684 0.915945
1.364914 0.916068
1.351948 0.915979
1.357989 0.916631
1.344200 0.914410
1.338963 0.911703
1.339380 0.912223
1.373113 0.916101
1.371222 0.912955
1.364794 0.912112
1.354763 0.912357
1.357921 0.912529
1.332721 0.907875
1.332669 0.907857
1.332672 0.907855
1.326380 0.904753
1.327157 0.904447
1.364539 0.908568
1.357553 0.908764
1.357745 0.908761
1.322001 0.901504
1.320077 0.899866
1.320465 0.900047
1.316574 0.896224
1.314520 0.893553
0.679679 0.678731
0.679376 0.678039
0.718323 0.678369
0.678294 0.674246
0.679730 0.673380
0.693538 0.668093
0.676888 0.669789
0.680069 0.668141
2.329782 1.143665
2.328638 1.143176
2.323500 1.141323
2.260672 1.117763
2.254403 1.117280
2.273190 1.116658
2.266933 1.117490
2.264930 1.117629
2.268018 1.114998
2.291967 1.114829
2.285702 1.114764
2.279448 1.115952
2.278509 1.116189
2.280120 1.114492
2.292209 1.114820
1.312113 0.780636
1.313432 0.777494
1.315189 0.773668
1.186452 0.732870
1.182465 0.734121
1.192698 0.730709
1.190066 0.731458
1.132416 0.715558
1.129909 0.711971
1.129115 0.710684
1.128726 0.706433
1.004292 0.669945
1.062407 0.675353
1.056090 0.674192
1.007056 0.669108
1.005638 0.664731
1.030159 0.667168
1.023885 0.665883
1.017466 0.665013
1.010519 0.665246
1.008466 0.665211
1.010809 0.664819
2.448139 0.977947
2.449775 0.971600
2.448885 0.973905
2.450363 0.970039
2.450914 0.966645
2.426321 0.955825
2.419944 0.954839
2.419780 0.951036
2.449771 0.847263
2.456009 0.843924
2.450708 0.846870
2.450928 0.843417
2.456171 0.843787
2.456721 0.841736
2.705950 0.774552
2.699679 0.773826
2.693396 0.771421
2.712207 0.773714
2.711555 0.773839
2.706592 0.770828
2.700364 0.769418
2.688267 0.769090
2.693751 0.769100
2.687109 0.768486
2.680821 0.765494
2.674544 0.763816
2.668285 0.764487
2.667054 0.764783
2.713494 0.766064
2.707417 0.764222
2.700920 0.763571
2.694543 0.762580
2.688180 0.761552
2.681752 0.760706
2.676105 0.757658
2.546187 0.723457
2.544321 0.718871
2.542630 0.717505
2.542957 0.717628
2.504977 0.708937
2.537906 0.713385
2.536325 0.712367
2.536726 0.711942
2.530034 0.709150
2.523752 0.706803
2.517481 0.705915
2.511222 0.706516
2.507208 0.707137
2.512273 0.705027
2.877359 0.742605
2.878837 0.738708
2.833067 0.725212
2.831116 0.721773
2.831519 0.723753
2.830447 0.720494
2.826183 0.715530
2.768337 0.704298
2.825788 0.712370
2.788492 0.703720
2.780858 0.703538
2.781420 0.704695
2.774601 0.704351
2.771984 0.704415
2.774673 0.704753
2.743202 0.694538
2.813715 0.704195
2.794233 0.702216
2.787117 0.703025
2.786151 0.703119
2.787190 0.703117
2.743280 0.694389
2.743201 0.694338
2.743209 0.694350
2.736907 0.690512
2.737636 0.691110
2.732026 0.687905
2.730616 0.687266
2.730772 0.687185
2.724333 0.684834
2.725071 0.684299
2.718053 0.682877
2.719167 0.681988
2.711775 0.681086
2.705499 0.679706
2.699227 0.678674
2.692956 0.677774
2.686684 0.676741
3.266599 0.704259
3.317549 0.710185
3.311505 0.708247
3.305748 0.705500
3.279111 0.702128
3.272851 0.702777
3.271243 0.703086
3.273423 0.701816
3.168817 0.669699
3.166679 0.667510
3.168177 0.665370
3.166037 0.661947
3.166509 0.663674
3.161246 0.659552
3.165100 0.660577
3.160896 0.656240
3.129827 0.649023
3.118080 0.650998
3.122769 0.649954
3.154740 0.650357
3.129690 0.645104
3.116486 0.646481
3.122798 0.645572
3.692005 0.729299
3.685732 0.728159
3.704529 0.728934
3.698271 0.729627
3.692631 0.729351
3.692039 0.729123
3.681358 0.727063
3.685852 0.727603
3.679454 0.726546
3.673171 0.724162
3.666889 0.721866
3.660607 0.719517
3.705334 0.725287
3.699806 0.721893
3.668347 0.715770
3.656129 0.717741
3.661354 0.716522
3.654323 0.717003
3.648038 0.714525
3.641758 0.712434
3.635481 0.710792
3.629205 0.709305
3.622932 0.708178
3.491014 0.661373
3.487518 0.658319
3.484706 0.655867
3.485174 0.656479
3.480357 0.652668
3.478407 0.651517
3.478706 0.651448
3.472115 0.648042
3.473227 0.647929
3.467475 0.645192
3.468521 0.646083
3.465820 0.644187
3.466195 0.644501
3.460498 0.641589
3.454467 0.639630
3.448286 0.638093
3.440704 0.636593
3.441873 0.637213
3.434446 0.637388
3.432305 0.638712
3.434964 0.637734
3.446973 0.637349
3.444826 0.637081
3.447027 0.637374
