1.481263 1.150247
1.473498 1.153206
1.471252 1.153321
1.473869 1.152651
1.475205 1.153214
1.480404 1.152079
1.350580 1.120145
1.487499 1.149506
1.477692 1.152755
1.480009 1.152265
1.350272 1.118906
1.349312 1.117531
0.249714 0.817434
0.248916 0.817423
0.249900 0.816983
0.255948 0.817696
0.253799 0.817550
0.256380 0.816598
0.259521 0.817954
0.262744 0.816686
0.035829 0.758561
0.036595 0.757738
0.013707 0.752698
0.043910 0.754325
0.036145 0.757486
0.036408 0.757126
0.014796 0.751818
0.018186 0.748696
1.593892 1.098597
1.589642 1.096369
1.589431 1.096240
1.589951 1.095163
1.586418 1.094303
1.583306 1.092602
1.297516 1.016472
1.296203 1.010212
1.298474 1.015573
1.299836 1.014823
0.416046 0.773710
0.416580 0.773464
0.423147 0.771936
0.430214 0.769464
0.419072 0.773007
0.422725 0.772218
1.720053 1.037419
1.828281 1.059556
1.821807 1.058619
1.815520 1.056996
1.809376 1.054859
1.726288 1.037710
1.722386 1.037621
1.625896 1.010882
1.834534 1.060039
1.827660 1.060555
1.821292 1.059232
1.815130 1.057152
1.809080 1.054674
1.803010 1.052263
1.796981 1.049703
1.727322 1.037775
1.626097 1.010912
1.625726 1.010813
1.625976 1.010561
1.619604 1.008598
1.730744 1.037570
1.630505 1.010934
1.617221 1.007406
1.626481 1.006201
1.613412 1.005282
1.613408 1.004781
1.316525 0.926470
1.318351 0.925469
1.317996 0.925687
1.319139 0.922952
1.319397 0.924929
1.319687 0.919691
0.974912 0.832351
0.979421 0.831297
0.977329 0.831823
0.772377 0.776443
0.979503 0.831283
0.979563 0.830742
0.771274 0.775996
0.766075 0.773793
0.767789 0.768486
0.762952 0.772631
0.759780 0.771408
0.760669 0.768597
0.753491 0.769222
0.748304 0.763351
0.518293 0.706560
0.517667 0.705231
2.359852 1.103083
2.261741 1.076376
2.258287 1.076153
2.358990 1.101711
2.267986 1.077067
2.265345 1.076850
2.269093 1.073584
2.177400 1.053523
2.180746 1.052136
2.357835 1.100296
2.357376 1.094036
2.274223 1.077465
2.271577 1.077369
2.275863 1.072175
2.180111 1.052494
2.179099 1.052810
2.180338 1.052322
1.979334 0.999061
2.181107 1.052219
2.187735 1.048644
1.985586 0.999963
1.983257 0.999688
1.979662 0.997408
1.973910 0.993849
1.968247 0.989965
1.885189 0.972940
1.878921 0.971548
1.872642 0.969698
1.866360 0.967755
1.991825 1.000426
1.989907 1.000304
1.986036 0.997428
1.980596 0.992728
1.891435 0.973663
1.888610 0.973415
1.885836 0.970105
1.879704 0.967921
1.873204 0.967079
1.860221 0.965884
1.866694 0.966272
1.860079 0.965843
1.853797 0.963878
1.847507 0.961682
1.820029 0.955227
1.817183 0.950484
1.986811 0.993364
1.897678 0.974270
1.894515 0.973842
1.855422 0.957015
1.844597 0.960585
1.848014 0.959475
1.841210 0.959242
1.821693 0.954504
1.837069 0.957470
1.841950 0.955793
1.819700 0.952852
1.816993 0.948617
1.296309 0.810467
1.295222 0.809688
1.293894 0.808690
1.050479 0.743015
1.050655 0.742971
1.050583 0.742534
1.051373 0.742025
1.051213 0.738977
0.627517 0.626068
0.546119 0.604472
0.548984 0.602990
0.542107 0.602463
0.541271 0.602036
0.542336 0.601399
3.010099 0.782772
3.009478 0.781451
2.756366 0.713137
2.755560 0.712754
2.750662 0.710458
2.749245 0.709709
2.750330 0.706180
2.648870 0.683431
2.648856 0.683450
2.648888 0.683385
2.744248 0.702565
2.649904 0.682570
3.599072 0.630101
3.580243 0.624878
3.593148 0.628114
3.592785 0.627997
3.586510 0.626290
3.585373 0.626052
3.514965 0.606209
3.512311 0.601124
3.429594 0.582526
3.512597 0.598823
3.430047 0.582524
3.304098 0.548774
3.300616 0.547022
3.298176 0.544903
3.292517 0.541004
3.286566 0.538159
3.255618 0.535080
3.257871 0.534551
3.505828 0.507573
3.504561 0.503058
3.474243 0.499189
1.481506 1.149945
1.495595 1.147088
1.482910 1.149792
1.488582 1.148111
1.495675 1.145509
1.487710 1.149197
1.486501 1.149584
1.488064 1.148702
1.350426 1.113484
1.350193 1.111502
1.488649 1.149033
1.495476 1.144974
1.351341 1.112562
1.350069 1.111097
1.349624 1.110711
1.350488 1.107867
0.257691 0.813069
0.263927 0.813401
0.262908 0.813340
0.264230 0.812530
0.267805 0.813520
0.270970 0.811248
0.044283 0.753468
0.042679 0.753758
0.038689 0.750130
0.044723 0.753135
0.044255 0.752539
0.044368 0.752658
0.037974 0.750638
0.038529 0.749407
0.032487 0.746897
0.026044 0.745851
0.019172 0.746290
0.019055 0.746321
0.019216 0.746198
0.031776 0.748581
0.031688 0.748549
0.031693 0.748541
0.023863 0.746478
0.025586 0.746263
1.594204 1.092062
1.592909 1.090538
1.591323 1.089627
1.589025 1.088364
1.592322 1.085269
1.599102 1.083855
1.591941 1.085413
1.296379 1.009330
1.296145 1.009487
1.297410 1.008662
1.298597 1.007858
0.438163 0.766294
0.430252 0.769492
0.429138 0.770170
0.430547 0.769507
0.430410 0.769385
1.970696 1.082841
1.964088 1.082391
1.971379 1.079047
1.964574 1.079314
1.958130 1.078269
1.951681 1.077239
1.945634 1.074746
1.939918 1.071053
1.849368 1.052613
1.851296 1.050614
1.958707 1.074892
1.952284 1.073767
1.946210 1.071370
1.849331 1.051426
1.851505 1.048547
1.777062 1.032258
1.775315 1.031339
1.776389 1.027944
1.731383 1.019188
1.727272 1.019060
1.846827 1.049624
1.844293 1.048351
1.772578 1.029907
1.769001 1.028297
1.770662 1.022994
1.732301 1.019217
1.766045 1.027048
1.737611 1.019302
1.736775 1.019270
1.618370 0.986557
1.323753 0.907344
1.323443 0.906880
1.324346 0.904022
1.321729 0.905654
0.997074 0.816397
0.990798 0.814665
0.992412 0.809753
0.984536 0.813399
0.982279 0.813263
0.985196 0.811514
1.011182 0.813664
1.003323 0.817258
0.999579 0.816715
1.004155 0.814736
0.758633 0.752363
0.752493 0.749976
0.752336 0.749912
0.752402 0.749700
0.746032 0.747196
0.658203 0.724210
0.633096 0.717206
0.620561 0.714341
0.745570 0.746997
0.665371 0.725701
0.664458 0.725231
0.656531 0.723356
0.651897 0.721451
0.652553 0.719820
0.645623 0.719778
0.642329 0.719587
0.646359 0.717864
0.633751 0.717312
0.633245 0.716592
0.622240 0.707659
0.615902 0.706222
0.658856 0.722845
0.658153 0.722524
0.634502 0.716372
0.633657 0.713820
0.507576 0.682619
0.507319 0.682608
0.510435 0.682295
2.354898 1.122807
2.250406 1.094400
2.354859 1.121635
2.256640 1.094691
2.252128 1.094378
2.251927 1.088340
2.131154 1.061302
2.354439 1.120398
2.262882 1.095268
2.258359 1.094875
2.137401 1.062007
2.132372 1.061444
2.138427 1.059136
2.087200 1.048420
2.082818 1.048308
2.081234 1.046803
2.075360 1.043689
1.967993 1.016883
2.265174 1.095570
2.151617 1.058843
2.143642 1.062543
2.139993 1.062311
2.144368 1.060721
2.087483 1.048372
2.087305 1.047900
2.069821 1.038038
2.063320 1.037200
2.056733 1.036674
2.050036 1.036546
2.043260 1.036080
2.043433 1.036078
2.036985 1.034372
2.037132 1.034511
2.030698 1.032254
2.030912 1.032648
2.022246 1.031065
2.024659 1.030910
1.974234 1.017368
1.969130 1.016984
1.898949 0.997589
2.145676 1.062706
2.150719 1.060862
2.088527 1.047517
2.087960 1.044252
2.063242 1.036207
2.056364 1.036739
2.049509 1.036851
2.048004 1.036752
2.049581 1.036922
2.029759 1.031907
2.021224 1.029640
2.024541 1.030053
2.018118 1.027891
1.975622 1.017534
1.981591 1.014868
1.900023 0.997478
1.899285 0.995928
1.894307 0.989556
1.760883 0.959811
2.027454 1.030182
2.024453 1.029126
2.017606 1.027564
2.018153 1.027553
2.000664 1.017694
1.993870 1.017921
1.987745 1.015708
1.980454 1.017246
1.975477 1.016366
1.981258 1.014815
1.901553 0.996729
1.899971 0.992143
1.902616 0.995899
1.301214 0.832805
1.297318 0.830615
1.296406 0.830060
1.296990 0.828285
1.032855 0.758851
1.030331 0.758623
1.035456 0.758814
1.040703 0.753981
1.039704 0.756368
0.618652 0.645245
0.620396 0.645208
0.624870 0.645013
0.624167 0.645073
0.520105 0.617439
0.525699 0.614214
0.518197 0.616207
0.517152 0.615528
0.518517 0.614592
2.356392 1.075701
2.356349 1.075672
2.353128 1.073643
2.350061 1.072068
2.351062 1.069277
2.279375 1.054080
2.205750 1.033599
2.348441 1.071262
2.345138 1.065064
2.280311 1.053168
2.276103 1.046810
2.206040 1.033458
2.338818 1.062323
2.279846 1.051923
2.275354 1.048278
2.269860 1.043768
2.207601 1.032728
2.213576 1.026860
1.904772 0.951216
1.904517 0.951134
1.904610 0.950809
1.898238 0.949311
1.899050 0.946554
1.891956 0.947375
1.885669 0.945265
1.954649 0.962382
1.948389 0.961199
1.942119 0.959660
1.935843 0.957914
1.929565 0.956128
1.882505 0.944139
1.879379 0.943056
1.880601 0.938895
1.873084 0.940683
1.803137 0.923087
1.949123 0.957770
1.942921 0.955836
1.936670 0.954083
1.928477 0.955227
1.930146 0.953327
1.871730 0.940144
1.866793 0.938432
1.803454 0.922011
1.804389 0.920983
1.803380 0.920874
1.804460 0.919477
1.322223 0.785510
1.310279 0.787689
1.315286 0.786251
1.322419 0.783493
1.309063 0.786197
1.315541 0.784026
1.308249 0.785283
1.315694 0.782217
1.307826 0.784752
1.308358 0.784416
1.115193 0.727920
1.057258 0.717849
1.115399 0.725881
1.054565 0.716352
1.058352 0.713001
1.051842 0.714508
0.624209 0.598421
0.623296 0.598454
0.574002 0.584632
0.627138 0.598320
0.625203 0.593827
0.572006 0.583681
0.574534 0.582230
0.567687 0.581547
2.414038 0.968263
2.415184 0.967395
2.419558 0.963236
2.414953 0.966204
2.419807 0.961062
2.439866 0.878887
2.442540 0.877101
2.439725 0.877702
2.442674 0.875335
2.593290 0.790790
2.592673 0.791258
2.593929 0.789167
2.594018 0.790453
2.986064 0.817301
2.991261 0.814424
2.983867 0.815744
2.958792 0.809839
2.958026 0.809869
2.983411 0.815437
2.983986 0.815101
2.961606 0.809648
2.960020 0.804325
2.923524 0.799542
2.984918 0.810464
2.962604 0.808793
2.960135 0.802652
2.924205 0.798587
2.783027 0.760145
2.776757 0.758675
2.783418 0.760067
2.783010 0.759606
2.783392 0.758608
2.774641 0.757735
2.777118 0.756939
2.717134 0.742465
2.721148 0.740137
2.635268 0.720748
2.633949 0.714520
2.728197 0.737727
2.718734 0.741770
2.720704 0.740503
2.638661 0.719835
2.634754 0.719455
2.633513 0.714808
3.145840 0.739357
3.139162 0.739161
3.132622 0.738465
3.126256 0.737132
3.119943 0.735614
3.145727 0.738475
3.139027 0.738358
3.132428 0.737873
3.126072 0.736506
3.119831 0.734719
3.113629 0.732789
3.107451 0.730775
3.101304 0.728648
3.095101 0.726725
3.089112 0.724025
3.054124 0.719264
3.057448 0.716767
3.106809 0.731861
3.100639 0.729815
3.094483 0.727717
3.088567 0.724745
3.053664 0.718002
3.057878 0.713925
3.574908 0.677426
3.575590 0.676485
3.265793 0.593100
3.265753 0.591944
3.269638 0.592963
3.600766 0.623757
3.597057 0.622531
3.594481 0.621754
3.588208 0.620125
3.587181 0.619912
3.510879 0.598501
3.507978 0.592408
3.512045 0.597677
3.437539 0.577097
3.435434 0.577326
3.439081 0.572372
3.286963 0.537238
3.281716 0.535381
3.280788 0.534696
3.275289 0.530213
3.269190 0.527910
3.258650 0.529262
3.262530 0.527648
3.281256 0.531729
3.275403 0.528528
3.269068 0.527083
3.261080 0.528768
3.262027 0.528207
3.503645 0.500365
3.500141 0.494651
3.476680 0.493211
3.481498 0.489007
3.473791 0.491536
0.152340 0.879250
0.146029 0.877717
0.139820 0.875812
0.158413 0.880380
0.151924 0.879495
0.145622 0.877926
0.139454 0.875870
0.133403 0.873396
1.496416 1.146752
1.495826 1.145433
1.351370 1.106126
1.348876 1.106454
1.346674 1.099830
1.496366 1.144449
1.351775 1.106052
1.351348 1.105363
1.351534 1.105322
1.350768 1.104651
0.265659 0.808397
0.271887 0.808473
0.269141 0.808369
0.273351 0.803848
0.274059 0.808546
1.624916 1.065599
1.623878 1.065645
1.637413 1.067151
1.631155 1.066025
1.629186 1.065885
1.639186 1.067414
1.348737 0.988316
1.343912 0.982319
1.302825 0.976978
1.349575 0.988237
1.343645 0.986662
1.342449 0.986210
1.342609 0.985779
1.302089 0.975625
1.302315 0.974570
0.865520 0.856434
0.892165 0.857323
0.884311 0.860370
0.885410 0.857407
0.878052 0.859198
0.878652 0.857501
0.871789 0.857941
0.870607 0.857658
0.871838 0.857801
0.859971 0.854837
0.859241 0.854624
0.859267 0.854552
0.852958 0.852642
0.853375 0.851500
0.846674 0.850623
0.847527 0.848286
0.841897 0.844284
0.898108 0.858926
0.885914 0.860588
0.891145 0.859764
0.840832 0.848611
0.840385 0.848462
0.840419 0.848371
0.834095 0.846274
0.834786 0.844372
0.829466 0.839236
0.709043 0.813637
0.708819 0.812834
0.686058 0.807544
0.683516 0.806316
0.822327 0.839470
0.709852 0.812696
0.709322 0.809716
0.681164 0.805080
0.677202 0.803291
0.674788 0.802267
0.483777 0.747315
0.476407 0.749263
0.475030 0.749229
0.476608 0.748903
0.490271 0.746892
0.479332 0.749218
0.483159 0.748273
2.332781 1.144607
2.339230 1.140664
2.256185 1.123268
2.332182 1.143271
2.339245 1.139296
2.256734 1.123260
2.256378 1.122398
2.331509 1.141950
2.339333 1.137698
2.331435 1.141865
2.262410 1.123192
2.260475 1.123089
2.257776 1.116019
1.998877 1.052697
2.330114 1.140474
2.331699 1.139739
2.268659 1.124030
2.267973 1.123954
2.263574 1.118155
1.998344 1.052390
1.999062 1.051846
1.992745 1.049733
2.000380 1.045749
1.992564 1.049638
1.986621 1.046971
1.993697 1.044299
1.986256 1.046814
1.979970 1.044753
1.973696 1.043116
1.967426 1.041570
1.968773 1.037006
1.961154 1.039969
1.961968 1.037268
1.954879 1.038295
1.955407 1.036648
1.948595 1.036277
1.949443 1.033854
1.942308 1.034225
1.943601 1.030613
1.936030 1.032425
1.929757 1.030771
1.776211 0.991131
1.772919 0.989670
1.774113 0.985988
1.747811 0.982585
1.742901 0.982303
1.928738 1.030482
1.923659 1.028442
1.918130 1.024060
1.769172 0.988096
1.766621 0.987179
1.767280 0.985048
1.760343 0.985396
1.761835 0.980371
1.754074 0.983876
1.749323 0.982829
1.755199 0.980023
1.314788 0.864113
1.314378 0.863956
1.308490 0.861596
1.309218 0.859844
1.306739 0.860766
1.303021 0.856597
1.303658 0.858830
1.302391 0.857635
1.026088 0.784449
1.026379 0.784059
1.028803 0.783570
0.611868 0.670242
0.609257 0.669916
0.614570 0.670168
0.506140 0.641393
0.506646 0.640378
2.347211 1.059023
2.346238 1.058569
2.340902 1.056145
2.265638 1.037092
2.339977 1.055753
2.334598 1.053457
2.260118 1.034558
2.259329 1.034200
2.259409 1.034075
2.253709 1.030325
2.247944 1.026812
2.242190 1.023253
2.215407 1.022419
2.215028 1.022598
2.215632 1.021912
2.332912 1.052759
2.254398 1.031896
2.253018 1.031275
2.253146 1.031095
2.247357 1.027662
2.241528 1.024379
2.235620 1.021378
2.216861 1.021928
2.223083 1.018006
2.240965 1.025184
2.234994 1.022410
2.228978 1.019803
2.218543 1.021259
2.222404 1.019224
1.870240 0.927833
1.869581 0.927464
1.863942 0.925346
1.864400 0.924375
1.858503 0.921343
1.807487 0.910810
1.806679 0.910789
1.861852 0.924259
1.857631 0.922408
1.858587 0.919747
1.812567 0.911176
1.855904 0.921566
1.852786 0.915102
1.813030 0.910169
1.814430 0.907686
1.332807 0.779246
1.331524 0.774866
1.330736 0.777570
1.330447 0.777263
1.330707 0.776577
1.129661 0.723488
1.126152 0.723267
1.135912 0.724390
1.134281 0.724260
1.136432 0.722836
0.615037 0.582046
0.608772 0.580704
0.602501 0.579153
0.589945 0.575575
0.621288 0.582920
0.616695 0.582289
0.615274 0.580964
0.609360 0.577990
0.603215 0.575854
0.596988 0.574023
0.587613 0.574573
0.590353 0.573671
0.583632 0.572554
0.616564 0.575016
0.591260 0.569097
0.582976 0.572208
0.583777 0.571832
2.398813 1.005127
2.399219 1.004063
2.399719 1.003066
2.402699 1.000080
2.436340 0.926136
2.437256 0.925721
2.436950 0.923190
2.438439 0.924902
2.437507 0.919893
2.511925 0.844025
2.512293 0.843950
2.519713 0.839997
2.514730 0.843455
2.519301 0.840216
2.852300 0.834798
2.791220 0.818601
2.789297 0.814436
2.687944 0.790235
2.853066 0.833860
2.792703 0.817829
2.789710 0.811631
2.708438 0.788932
2.695886 0.792143
2.701088 0.791182
2.694204 0.791373
2.690138 0.790619
2.688048 0.789638
2.683127 0.783063
2.794466 0.817182
2.701545 0.788227
2.694761 0.788418
2.688867 0.785367
2.637834 0.775576
2.637711 0.775506
2.634370 0.773527
3.011359 0.776488
3.010364 0.775057
2.757257 0.706570
2.750960 0.704090
2.749829 0.703610
2.744655 0.701368
2.652590 0.677822
2.743473 0.700800
2.739902 0.693876
2.656796 0.677348
2.655362 0.677390
2.657409 0.675592
3.590178 0.792116
3.589841 0.791922
3.564721 0.784423
3.586666 0.790013
3.565607 0.784423
3.584821 0.788401
3.584478 0.784499
3.567331 0.783752
3.225832 0.691642
3.226844 0.691066
3.510515 0.570748
3.447659 0.554077
3.448150 0.553055
0.179184 0.879586
0.179260 0.879579
0.186558 0.877220
0.111574 0.861628
0.110303 0.860758
0.104822 0.856216
0.182461 0.879293
0.185882 0.878408
0.111220 0.860371
0.110278 0.859558
0.104946 0.854466
0.111604 0.859357
0.110342 0.858075
0.104942 0.853225
1.503596 1.142036
1.503781 1.141810
1.502698 1.140630
1.504354 1.138427
1.346818 1.099145
1.346400 1.099180
1.501831 1.139268
1.505119 1.134376
1.349157 1.098732
1.347476 1.095603
1.349549 1.097695
1.347533 1.094118
1.347532 1.092885
0.273607 0.803047
0.274086 0.803057
0.277991 0.802958
1.692729 1.062914
1.686467 1.061666
1.687774 1.057713
1.680199 1.060241
1.681042 1.057711
1.673929 1.058698
1.674538 1.056882
1.667652 1.056945
1.668398 1.054734
1.661373 1.055106
1.655083 1.052894
1.611176 1.041665
1.693132 1.062978
1.700073 1.060642
1.654993 1.052858
1.648785 1.050418
1.612878 1.041687
1.611981 1.038265
1.706519 1.060418
1.698433 1.063258
1.699059 1.063072
1.646881 1.049561
1.642492 1.048100
1.617402 1.041651
1.617117 1.041657
1.638053 1.046109
1.621168 1.041619
1.618941 1.034889
1.347551 0.967927
1.341297 0.966970
1.335013 0.964939
1.328753 0.963781
1.328450 0.963913
1.353802 0.968787
1.348228 0.967992
1.347629 0.967515
1.342205 0.962758
1.335729 0.961829
1.330085 0.957870
1.354891 0.968640
1.354270 0.966591
1.348681 0.962431
0.933353 0.854457
0.933428 0.854454
0.940628 0.852458
0.935911 0.853973
0.940291 0.852406
0.782106 0.813149
0.782699 0.811951
0.782647 0.812140
0.506589 0.737084
0.504705 0.737240
0.507390 0.736781
1.977014 1.081018
1.972475 1.078635
1.971554 1.078187
1.965255 1.075675
1.940176 1.069593
1.937699 1.069410
1.934542 1.066128
1.928930 1.062060
1.972971 1.071982
1.963961 1.075230
1.965357 1.075192
1.958967 1.073558
1.952685 1.071610
1.946419 1.070228
1.944554 1.070076
1.940545 1.067492
1.935085 1.062862
1.854200 1.046094
1.852299 1.044954
1.775283 1.025167
1.770721 1.022837
1.733080 1.012996
1.959767 1.069788
1.953097 1.069564
1.946928 1.067514
1.941259 1.063643
1.850916 1.044079
1.853830 1.038816
1.845982 1.041888
1.770577 1.022748
1.733886 1.013013
1.846712 1.038977
1.764441 1.019988
1.764411 1.019972
1.764441 1.019872
1.739310 1.013134
1.738659 1.013138
1.620050 0.979803
1.325165 0.901529
1.324343 0.900880
1.321362 0.898928
1.319959 0.897439
0.992524 0.809461
1.011314 0.813330
1.005058 0.812270
1.005922 0.809588
0.998784 0.810629
0.993727 0.809677
0.999697 0.807744
1.011680 0.813297
0.754048 0.744192
0.751452 0.743078
0.747742 0.741408
0.749393 0.736173
0.628521 0.709406
0.745208 0.740270
0.741429 0.738474
0.666668 0.719421
0.666159 0.719132
0.629823 0.709649
0.622409 0.707683
0.628670 0.708755
0.622244 0.707638
0.615969 0.705945
0.615091 0.705743
0.610454 0.701561
0.661822 0.716999
0.667294 0.713904
0.633001 0.709342
0.629755 0.703521
0.509243 0.675377
0.505227 0.675432
0.509341 0.675372
0.509289 0.675175
2.359801 1.089826
2.359257 1.089282
2.359600 1.088482
2.358031 1.088198
2.277650 1.066135
2.275647 1.066335
2.193384 1.044523
2.197327 1.040814
2.355700 1.086456
2.354040 1.081671
2.279183 1.066127
2.194697 1.043697
2.196711 1.041747
1.951349 0.978020
2.280926 1.065483
2.196037 1.042809
2.195890 1.042880
2.196111 1.042663
1.963866 0.980285
1.957610 0.979226
1.951725 0.978088
1.951387 0.977845
1.970112 0.980987
1.965072 0.980455
1.964010 0.979595
1.958407 0.975492
1.952634 0.972003
1.907361 0.964001
1.894815 0.960736
1.888544 0.959158
1.971889 0.981136
1.970345 0.979778
1.964867 0.975215
1.921348 0.962089
1.913617 0.965052
1.907477 0.964024
1.914184 0.963664
1.907099 0.963924
1.901083 0.962213
1.896583 0.961131
1.901521 0.960747
1.885235 0.958118
1.882260 0.957208
1.875979 0.955279
1.869701 0.953484
1.863422 0.951641
1.812264 0.938751
1.808169 0.933006
1.857389 0.949601
1.864385 0.947647
1.857133 0.949509
1.812350 0.937633
1.808512 0.930480
1.300085 0.798224
1.298638 0.796686
1.298594 0.796517
1.050081 0.729576
1.050595 0.728555
0.627100 0.612873
0.627574 0.612831
0.627364 0.611726
0.562879 0.595678
0.558050 0.593388
0.630113 0.612379
0.557290 0.593029
0.558261 0.592446
2.426172 0.957061
2.426117 0.955906
2.429517 0.950225
2.454650 0.869565
2.458628 0.867567
2.454669 0.868411
2.458558 0.866531
2.471886 0.865782
2.465292 0.865281
2.455501 0.867521
2.458276 0.866314
2.572366 0.805735
2.576407 0.803915
2.575620 0.805101
2.574607 0.805189
2.575886 0.804537
2.911023 0.812440
2.902903 0.815113
2.903549 0.815134
2.910892 0.811613
2.899784 0.813119
2.903735 0.813158
2.771700 0.778478
2.910885 0.810389
2.898963 0.811783
2.903883 0.811372
2.777950 0.779303
2.776540 0.779259
2.767469 0.776852
2.773084 0.772886
2.692229 0.756891
2.697543 0.753826
2.780655 0.779236
2.771650 0.776779
2.771195 0.776720
2.696357 0.756633
2.695773 0.756678
2.696616 0.755910
2.652414 0.744195
2.652016 0.745060
2.647568 0.738418
2.652460 0.744060
2.652424 0.743991
2.647626 0.736947
3.026761 0.739670
3.025710 0.738224
3.032536 0.733912
3.584940 0.797345
3.589696 0.792565
3.581839 0.795405
3.564156 0.791837
3.581696 0.795321
3.581906 0.795111
3.565465 0.791012
3.578922 0.793469
3.582990 0.789916
3.567399 0.790405
3.220957 0.697298
3.222001 0.696407
3.225258 0.692789
3.666630 0.730891
3.723080 0.745251
3.723915 0.742552
3.716791 0.743076
3.718230 0.738751
3.711854 0.737454
3.667611 0.730841
3.566204 0.702843
3.712763 0.741687
3.710500 0.740856
3.710790 0.740057
3.705434 0.735045
3.670041 0.730336
3.566488 0.702849
3.569501 0.702508
3.264946 0.619570
3.265922 0.619625
3.265577 0.617049
3.513680 0.530684
3.512107 0.525861
3.474741 0.520356
3.473322 0.519589
3.511546 0.526642
3.470761 0.518152
0.195146 0.871211
0.196531 0.870914
0.199162 0.870466
0.202459 0.867083
0.094118 0.842581
0.089624 0.836744
0.093676 0.841324
0.089563 0.835686
1.508720 1.136776
1.513260 1.131833
1.507522 1.135285
1.513282 1.130444
1.342229 1.090855
1.505782 1.133686
1.505318 1.132827
1.343349 1.090568
1.342428 1.089482
1.344542 1.089735
1.342682 1.087276
1.344900 1.088717
1.342874 1.085329
0.275315 0.797220
0.277183 0.797255
0.281539 0.797164
0.281242 0.797189
0.281819 0.796258
1.592026 1.104721
1.588015 1.102490
1.587942 1.102452
1.588261 1.101310
1.584282 1.100368
1.581614 1.099025
1.301269 1.024090
1.299987 1.020923
1.301066 1.022891
1.300047 1.019427
1.300480 1.016610
0.409202 0.774990
0.415964 0.773578
0.409003 0.774406
0.402512 0.773532
0.396440 0.771132
0.390323 0.768896
0.383951 0.767588
0.377529 0.766460
0.371269 0.764741
0.365015 0.763008
0.354170 0.763528
0.358418 0.762513
0.415651 0.773466
0.408794 0.773917
0.402420 0.772615
0.396442 0.769867
0.390368 0.767470
0.383931 0.766399
0.377495 0.765318
0.371254 0.763533
0.365053 0.761598
0.351583 0.761703
0.358552 0.760755
0.351561 0.761690
2.302837 1.150587
2.296297 1.149889
2.289775 1.149128
2.283453 1.147635
2.277390 1.145208
2.271410 1.142479
2.296621 1.147408
2.290267 1.146032
2.284058 1.144134
1.981961 1.067905
1.981225 1.067501
1.918463 1.050156
1.912201 1.048933
1.905935 1.047567
1.861990 1.035017
1.977180 1.065482
1.974905 1.064322
1.930973 1.052189
1.924721 1.051263
1.921354 1.050664
1.918868 1.048392
1.913624 1.042985
1.888587 1.036109
1.882237 1.034723
1.875938 1.033144
1.869010 1.033862
1.861683 1.034835
1.862048 1.034695
1.774129 1.010929
1.736475 1.000622
1.971946 1.062972
1.968604 1.061741
1.931646 1.052262
1.931091 1.051640
1.925779 1.046472
1.875828 1.032260
1.868975 1.032700
1.861371 1.033596
1.862043 1.033427
1.772882 1.010111
1.737209 1.000649
1.875770 1.031219
1.868821 1.032012
1.861241 1.032447
1.861989 1.032379
1.768230 1.007731
1.767803 1.007467
1.742677 0.999843
1.741092 1.000525
1.742705 0.999838
1.328472 0.888738
1.325305 0.886721
1.323201 0.885031
1.011486 0.801146
1.012439 0.800237
0.744865 0.727460
0.742801 0.726374
0.738548 0.724323
0.740201 0.719343
0.677875 0.709149
0.675801 0.707465
0.619337 0.692595
0.613079 0.691489
0.737374 0.723811
0.733853 0.716683
0.675761 0.707438
0.675816 0.707388
0.620178 0.692680
0.619519 0.691780
0.506365 0.661334
0.620280 0.687753
0.506374 0.661326
0.506373 0.661291
0.507868 0.654598
2.358935 1.110639
2.253790 1.081655
2.358923 1.109461
2.260034 1.082234
2.254179 1.081682
2.358324 1.108164
2.266277 1.082859
2.261068 1.082340
2.173085 1.055507
2.165912 1.056949
2.165543 1.056999
2.165949 1.056981
2.267930 1.083033
2.167708 1.056413
2.172733 1.055498
1.990181 1.008467
1.983915 1.007058
2.179847 1.052854
2.170058 1.055916
2.172377 1.055538
1.996432 1.009321
1.993633 1.009063
1.990644 1.006431
1.985113 1.002063
1.889782 0.981423
1.889205 0.981371
1.845856 0.969500
1.839562 0.967157
1.999033 1.009360
1.996839 1.007111
1.991509 1.002008
1.896007 0.981339
1.893900 0.981443
1.890917 0.976104
1.860073 0.965872
1.853376 0.965741
1.846587 0.965950
1.838348 0.966705
1.839661 0.966655
1.833265 0.964674
1.824288 0.962976
1.821586 0.958945
1.897307 0.981217
1.896634 0.978532
1.840722 0.961510
1.828930 0.963053
1.833641 0.962779
1.826963 0.962085
1.825314 0.962094
1.822010 0.956114
1.834476 0.958497
1.827312 0.960066
1.821286 0.957498
1.296180 0.817057
1.293510 0.815389
1.293037 0.815096
1.048750 0.748123
1.047301 0.748705
1.050284 0.743624
1.049003 0.748029
0.623902 0.632897
0.626701 0.632481
0.536789 0.608618
0.541311 0.606410
0.534140 0.607149
0.532888 0.606441
0.534482 0.605486
2.344951 1.044987
2.344324 1.044674
2.339903 1.042479
2.338003 1.041379
2.336398 1.040417
2.339105 1.036766
1.850423 0.909147
1.853271 0.908727
1.848471 0.906467
1.817121 0.898848
1.815949 0.898824
1.847560 0.906078
1.843338 0.900479
1.820752 0.898955
1.824646 0.895007
1.315072 0.761630
1.313290 0.760824
1.308765 0.758847
1.309175 0.758224
1.302992 0.756228
1.296763 0.754400
1.290747 0.751803
1.305463 0.757590
1.302468 0.756388
1.302622 0.756282
1.296539 0.753920
1.290499 0.751402
1.284488 0.748780
1.278486 0.746125
1.272624 0.742962
1.139319 0.712376
1.133067 0.711484
1.284356 0.748012
1.278155 0.746077
1.271917 0.744275
1.266093 0.740971
1.139527 0.712398
1.139444 0.711882
1.141696 0.711851
2.433519 0.890450
2.433678 0.889360
2.842783 0.840245
2.831912 0.842637
2.835442 0.842458
2.807935 0.836275
2.804234 0.833544
2.798910 0.828424
2.842613 0.839596
2.833947 0.842047
2.835214 0.842026
2.810025 0.835665
2.809944 0.835668
2.804388 0.831706
2.635086 0.789263
2.634330 0.788379
2.620481 0.785392
2.615503 0.783252
2.602975 0.780616
2.628853 0.786445
2.634881 0.785837
2.628040 0.786161
2.611870 0.781936
2.609210 0.780932
2.608134 0.780945
2.609444 0.780415
2.626117 0.784604
2.628474 0.783409
3.001506 0.800452
3.001404 0.800332
3.001548 0.800202
2.999105 0.798591
3.002316 0.796140
2.750489 0.732121
2.746247 0.730315
2.744183 0.729325
2.742687 0.728232
2.745333 0.724366
2.639029 0.700709
2.641635 0.700271
3.157471 0.734606
3.158359 0.733673
3.160815 0.732568
3.168118 0.729244
3.066200 0.707467
3.632407 0.762409
3.568602 0.744576
3.562334 0.743130
3.633278 0.761480
3.574859 0.745648
3.571435 0.745064
3.569100 0.742475
3.563421 0.738646
3.578990 0.745940
3.575718 0.741621
3.246287 0.655320
3.582635 0.666359
3.582812 0.666275
3.582628 0.666122
3.580328 0.664475
3.382886 0.605379
3.375859 0.606455
3.369361 0.605600
3.363138 0.603747
3.357179 0.600930
3.351373 0.597560
3.345661 0.593846
3.268800 0.578754
3.266337 0.578829
3.601180 0.617005
3.596179 0.615548
3.508284 0.590279
3.507439 0.590968
3.439263 0.571807
3.508592 0.590125
3.508446 0.589426
3.439457 0.571767
3.496791 0.491922
3.494581 0.490394
3.483347 0.488356
3.488505 0.488008
3.481781 0.487627
3.494674 0.488794
3.488774 0.485760
3.479428 0.486180
3.482147 0.485377
0.203087 0.865569
0.202105 0.865771
0.203607 0.864194
0.204522 0.865258
0.088225 0.834396
0.085327 0.827897
0.088053 0.833198
0.085107 0.827407
1.513698 1.131478
1.513545 1.130259
1.521096 1.126509
1.513343 1.130047
1.337639 1.082529
1.521174 1.124945
1.511958 1.128695
1.513566 1.128136
1.337728 1.082455
1.337665 1.082328
1.509456 1.126924
1.513973 1.125414
1.338707 1.081556
1.337967 1.079940
1.340529 1.080920
1.338400 1.077106
0.283257 0.791668
0.281251 0.791712
0.284082 0.789312
0.284620 0.791455
1.626600 1.058898
1.622430 1.058643
1.620766 1.056579
1.639112 1.061021
1.632857 1.060007
1.630108 1.059504
1.626928 1.057341
1.621237 1.053557
1.684537 1.066919
1.677715 1.067247
1.671091 1.066854
1.664192 1.067132
1.664695 1.065628
1.657917 1.065411
1.658675 1.063039
1.651643 1.063766
1.652600 1.060647
1.645373 1.062250
1.642076 1.061549
1.646556 1.058142
1.627768 1.053016
1.621380 1.051764
1.344189 0.981447
1.306546 0.971576
1.350446 0.982533
1.346242 0.981871
1.343524 0.981149
1.320575 0.969268
1.313803 0.969412
1.306334 0.971287
1.306636 0.970996
1.351673 0.982163
1.340569 0.979214
1.337854 0.977725
1.339365 0.973088
1.320067 0.969820
1.313869 0.967877
1.305707 0.969957
1.306854 0.968905
1.335331 0.976712
1.332310 0.973015
1.326115 0.971057
1.319488 0.970674
1.313488 0.968010
1.306471 0.968979
1.306304 0.968995
1.306540 0.968795
0.892315 0.856936
0.886052 0.855647
0.842123 0.843685
0.912782 0.855793
0.905963 0.856111
0.898569 0.857906
0.893851 0.857202
0.899118 0.856523
0.840659 0.843095
0.835831 0.841392
0.836468 0.839550
0.829537 0.839031
0.830958 0.835108
0.919016 0.856336
0.912202 0.856634
0.901864 0.858193
0.905211 0.857578
0.829194 0.838891
0.823244 0.836760
0.824016 0.834571
0.818177 0.831323
0.811932 0.829550
0.805571 0.828201
0.799302 0.826518
0.793472 0.823240
0.706126 0.806245
0.704340 0.804650
0.689251 0.801773
0.685214 0.800121
0.818729 0.834993
0.817182 0.833689
0.811369 0.830342
0.805292 0.827956
0.799255 0.825425
0.793486 0.821917
0.708264 0.805646
0.704879 0.801390
0.681307 0.798490
0.685946 0.796795
0.678909 0.797445
0.709641 0.804898
0.705185 0.799024
0.693113 0.793955
0.686582 0.793220
0.674720 0.795614
0.679876 0.793125
0.490648 0.746204
0.488379 0.746149
0.491249 0.744627
0.492943 0.746203
0.498059 0.743052
2.340091 1.138745
2.253209 1.115706
2.252268 1.112872
2.339665 1.137487
2.339398 1.137016
2.257844 1.115711
2.257605 1.115701
2.338825 1.136152
2.339554 1.135652
2.264077 1.115999
2.262333 1.115822
2.005043 1.047548
2.007316 1.046319
2.114554 1.071220
2.108035 1.070448
2.101859 1.068424
2.096102 1.064874
2.001099 1.045325
2.007867 1.043002
2.000532 1.044988
1.969135 1.035765
1.962867 1.034322
1.964560 1.029127
1.956602 1.032955
1.957638 1.029818
1.950327 1.031264
1.951294 1.028408
1.944046 1.029351
1.945230 1.025985
1.939305 1.023051
2.101482 1.068554
2.095798 1.064737
2.008389 1.039832
1.996560 1.042981
2.001030 1.042114
1.994215 1.041865
1.987929 1.039833
1.981658 1.038253
1.975395 1.036943
1.970370 1.036023
1.937776 1.027369
1.937763 1.027364
1.937763 1.027362
1.931481 1.025486
1.931760 1.024708
1.925202 1.023648
1.925704 1.022253
1.918920 1.021692
1.919637 1.019836
1.772417 0.983508
1.768346 0.981923
1.762055 0.979686
1.755783 0.978088
1.749519 0.976803
1.982894 1.033373
1.916103 1.020489
1.913295 1.017155
1.304068 0.854606
1.303936 0.854545
1.301495 0.852748
1.300080 0.851243
1.299176 0.844832
1.030069 0.778414
1.034003 0.777959
1.033521 0.778191
0.613555 0.663659
0.615182 0.663702
0.507263 0.635072
0.507138 0.633878
2.348658 1.031553
2.355349 1.027926
2.347678 1.030859
2.345995 1.029703
2.348099 1.028532
2.349025 1.023924
1.847597 0.893974
1.845614 0.893146
1.846557 0.890054
1.839326 0.890999
1.833047 0.889176
1.826781 0.887786
1.820523 0.886701
1.819897 0.886630
1.821683 0.882591
1.269727 0.734854
1.268222 0.734122
1.263731 0.732121
1.261915 0.731356
1.138791 0.698955
1.141430 0.698512
1.143606 0.695476
2.408560 0.980154
2.408746 0.980099
2.410443 0.979392
2.411414 0.978533
2.435385 0.884321
2.435552 0.883225
2.525558 0.834224
2.528950 0.830894
2.527811 0.833000
2.526799 0.833399
2.528250 0.832149
2.860762 0.823480
2.860517 0.823734
2.860973 0.823065
2.735262 0.789630
2.861464 0.822829
2.789112 0.803624
2.755553 0.788965
2.748387 0.790543
2.738380 0.790169
2.741615 0.790688
2.791682 0.802987
2.791306 0.803072
2.755055 0.789489
2.748111 0.790259
2.741489 0.789646
2.740523 0.789581
2.741528 0.789717
2.684996 0.773812
2.678724 0.772207
2.679955 0.768813
2.672468 0.771142
2.670742 0.771059
2.672856 0.770149
2.657283 0.767489
2.661176 0.763666
2.691265 0.775312
2.688153 0.774552
2.691742 0.773652
2.659549 0.766951
2.660225 0.765848
3.018242 0.757272
3.018278 0.756141
2.729690 0.678402
2.724660 0.676428
2.680726 0.664271
2.720095 0.674693
2.718365 0.674023
2.718581 0.673466
2.712071 0.671683
2.712832 0.669892
2.706989 0.666658
2.700894 0.664345
2.694489 0.663154
2.686974 0.665002
2.680808 0.664264
2.687760 0.663143
2.700057 0.666134
2.688889 0.665286
2.693629 0.665030
3.200213 0.711176
3.199640 0.711504
3.200388 0.711069
3.201257 0.710788
3.208131 0.706114
3.655229 0.746622
3.656263 0.743759
3.648965 0.745269
3.647860 0.745470
3.649364 0.744369
3.561128 0.722009
3.559448 0.722026
3.656687 0.746687
3.662693 0.743596
3.563784 0.722007
3.253608 0.637479
3.254305 0.637575
3.259845 0.637885
3.259679 0.637859
3.259916 0.637647
3.586502 0.660634
3.584308 0.659313
3.582117 0.658317
3.547938 0.644218
3.541621 0.642707
3.535598 0.640127
3.535199 0.640326
3.383463 0.603577
3.384943 0.599159
3.377200 0.602291
3.378028 0.599827
3.370933 0.600892
3.371254 0.599978
3.364664 0.599389
3.364748 0.599153
3.358387 0.597609
3.358632 0.596920
3.352103 0.595613
3.352747 0.593840
3.345814 0.593434
3.346992 0.590293
3.264253 0.571880
3.386735 0.604179
3.390306 0.602877
3.344267 0.592894
3.340114 0.589530
3.334643 0.584942
3.264540 0.571727
3.264429 0.570984
3.268131 0.571554
3.512721 0.558087
3.513055 0.557035
3.454190 0.541398
2.859548 0.193417
2.847000 0.190103
2.861633 0.193733
2.861216 0.187083
2.844732 0.189246
2.848250 0.185276
0.189724 0.875731
0.194665 0.872224
0.193387 0.875295
0.192636 0.875363
0.193653 0.874629
0.101220 0.851090
0.099578 0.849504
0.094582 0.843191
0.100578 0.849791
0.099395 0.848910
0.094443 0.842425
1.554040 1.130422
1.547507 1.129698
1.540972 1.128984
1.534409 1.128368
1.560645 1.129571
1.553931 1.129505
1.547504 1.128398
1.541027 1.127471
1.534505 1.126711
1.522959 1.126132
1.527926 1.126150
1.333065 1.074753
1.553921 1.128270
1.547512 1.127096
1.540984 1.126353
1.534428 1.125713
1.522500 1.124865
1.527828 1.125231
1.521267 1.123946
1.333138 1.074619
1.333090 1.074490
1.547510 1.125863
1.540961 1.125197
1.534386 1.124625
1.527870 1.123836
1.520644 1.123262
1.521311 1.123205
1.334910 1.073922
1.333628 1.071237
1.335846 1.073041
1.333732 1.069593
1.328247 1.065055
0.286619 0.786516
0.292337 0.783778
0.291188 0.785736
0.287876 0.785690
0.292269 0.782732
1.615264 1.076912
1.616385 1.076897
1.619057 1.076451
1.622764 1.072484
1.619067 1.075336
1.623033 1.070251
1.301462 0.990432
1.301269 0.989809
1.300593 0.988488
0.692655 0.821540
0.693338 0.820166
0.686407 0.820761
0.686459 0.820700
0.693047 0.821494
0.700088 0.818821
0.684928 0.819337
0.462142 0.752544
0.454188 0.756602
0.453665 0.756806
0.454331 0.756466
0.455781 0.756225
0.461348 0.754151
2.344278 1.051428
2.342620 1.050651
2.242210 1.023218
2.338238 1.048664
2.336309 1.047736
2.241909 1.023106
2.235917 1.020882
2.236205 1.020542
2.230110 1.018228
2.223370 1.017609
2.222003 1.017828
2.223556 1.017579
2.333096 1.046172
2.229690 1.018706
2.229627 1.018684
2.229518 1.018659
2.229629 1.018681
1.853116 0.916678
1.853995 0.916712
1.853307 0.915761
1.809184 0.904579
1.856656 0.916251
1.853049 0.914380
1.854250 0.911033
1.815413 0.904677
1.814283 0.905006
1.852305 0.913974
1.848280 0.907000
1.816265 0.904395
1.327509 0.771217
1.326002 0.770467
1.320332 0.766606
1.314908 0.761855
1.327644 0.770114
1.326017 0.769142
1.320185 0.765865
1.314426 0.762325
1.308607 0.759002
1.137627 0.718761
1.131372 0.717744
1.139300 0.718964
0.610427 0.573056
0.604156 0.571488
0.597879 0.569730
0.614267 0.573891
0.610643 0.572064
0.604461 0.570060
0.595918 0.569014
0.598081 0.568780
2.405165 0.992531
2.405317 0.992433
2.406282 0.988319
2.406751 0.991670
2.436388 0.918867
2.433151 0.912529
2.436902 0.917861
2.433190 0.911102
2.519900 0.839612
2.520376 0.839470
2.521138 0.838526
2.856736 0.829352
2.857671 0.828452
2.860147 0.824787
2.790013 0.810156
2.789064 0.810236
2.735168 0.789653
2.728581 0.789125
2.721727 0.789571
2.708715 0.788924
2.715029 0.789447
2.708458 0.788796
2.683341 0.781440
2.682156 0.781885
2.791463 0.809748
2.791431 0.804105
2.735015 0.788921
2.728429 0.788392
2.721716 0.788320
2.715244 0.787371
2.705893 0.787015
2.708855 0.786127
2.702129 0.785288
2.695844 0.783248
2.689574 0.781719
2.684335 0.781291
2.683617 0.779976
2.677933 0.776164
2.672173 0.772632
2.653044 0.768749
2.642521 0.770195
2.646345 0.768630
2.639378 0.768302
2.709538 0.782396
2.703129 0.781218
2.695910 0.782992
2.690659 0.777597
2.652701 0.768732
2.646280 0.767600
2.639120 0.768155
2.639416 0.768078
3.015100 0.763061
3.014700 0.761825
2.741808 0.688420
2.740232 0.687817
2.735510 0.685920
2.736256 0.683928
2.730792 0.679322
2.732053 0.684498
2.729209 0.683349
2.729667 0.682124
2.724161 0.677660
2.680712 0.664292
2.672733 0.668038
2.669252 0.667823
2.673412 0.666359
2.686801 0.665376
2.674290 0.668041
2.679745 0.666558
3.192244 0.715828
3.191771 0.716039
3.192379 0.715712
3.193643 0.715397
3.199886 0.711619
3.511601 0.564412
3.511490 0.563254
3.450344 0.547006
3.453863 0.541816
2.861239 0.186998
2.861140 0.186975
2.850892 0.184257
2.855274 0.184217
2.848689 0.183601
0.207542 0.860593
0.212464 0.856469
0.211029 0.860048
0.210029 0.860092
0.211452 0.858853
0.084913 0.826898
0.218923 0.854917
0.084267 0.825564
0.083493 0.824245
0.080752 0.817502
1.568150 1.128076
1.560667 1.129665
1.559558 1.130397
1.560790 1.130357
1.560751 1.129535
1.568050 1.127126
1.560651 1.129137
1.567896 1.126414
1.560210 1.128250
1.560659 1.128248
1.329577 1.067057
1.328867 1.065379
1.567985 1.124850
1.329769 1.065931
1.328430 1.064857
1.328712 1.064629
1.323129 1.060454
1.327272 1.064131
1.322609 1.061070
1.317131 1.056507
1.316880 1.056182
0.295615 0.782282
0.300138 0.779901
0.295529 0.781094
0.299905 0.779447
0.306840 0.777460
1.708683 1.054204
1.702432 1.053356
1.702253 1.053328
1.702485 1.053182
1.645944 1.037686
1.714920 1.054616
1.711144 1.054508
1.716543 1.049711
1.644518 1.036835
1.640478 1.032561
1.614547 1.028431
1.613378 1.028580
1.615722 1.024672
1.715712 1.054583
1.639831 1.034431
1.639621 1.034294
1.639688 1.034139
1.617793 1.028581
1.636866 1.032521
1.618866 1.027737
1.325813 0.947650
1.322299 0.947861
1.320544 0.943612
1.338341 0.950262
1.332073 0.948811
1.325856 0.947658
1.325817 0.947638
0.952733 0.846330
0.956448 0.843895
0.962780 0.844066
0.955530 0.845655
0.954390 0.845619
0.955808 0.844941
0.779788 0.799298
0.778095 0.797674
0.774144 0.795501
0.773514 0.795179
0.773726 0.794583
0.511804 0.724702
0.511696 0.723541
2.360306 1.096581
2.269706 1.071599
2.359060 1.095099
2.357507 1.093676
2.358548 1.091017
2.275940 1.071920
2.270949 1.071712
2.186196 1.049236
2.188804 1.047319
2.357314 1.093521
2.276083 1.071934
2.188089 1.048159
2.187562 1.048430
2.188290 1.047885
1.962205 0.987734
2.189257 1.047751
1.974723 0.990004
1.968466 0.988945
1.965805 0.988439
1.962558 0.986175
1.957057 0.981702
1.980971 0.990808
1.977779 0.990454
1.975042 0.988441
1.969473 0.984211
1.893116 0.966889
1.886851 0.965524
1.880578 0.963903
1.874303 0.962209
1.868029 0.960581
1.861754 0.958865
1.817834 0.947182
1.814248 0.947077
1.984124 0.991023
1.981346 0.988749
1.975783 0.984491
1.907352 0.964028
1.899374 0.967990
1.893471 0.966935
1.881754 0.959187
1.875055 0.959068
1.868824 0.957242
1.855880 0.956952
1.862423 0.956038
1.855469 0.956812
1.849173 0.954408
1.819333 0.947251
1.817813 0.946448
1.818097 0.945860
1.813046 0.939749
1.857106 0.949633
1.847089 0.953498
1.849727 0.951988
1.815019 0.944975
1.812887 0.939055
1.297495 0.804159
1.296924 0.803655
1.295722 0.802542
1.298555 0.796837
1.050075 0.736195
1.051199 0.735346
0.627996 0.619569
0.554981 0.600202
0.556753 0.599221
0.550077 0.597882
0.549436 0.597573
0.550252 0.597093
2.347446 1.039031
2.346014 1.038242
2.343228 1.036736
2.347210 1.033041
2.340444 1.034859
2.339672 1.034242
1.850208 0.901604
1.850590 0.901390
1.850197 0.901208
1.850354 0.900721
1.843899 0.898752
1.825073 0.893623
1.818823 0.892788
1.817842 0.892705
1.839649 0.897344
1.837612 0.896650
1.838039 0.895266
1.831331 0.894758
1.826755 0.893919
1.832294 0.891676
1.272819 0.742702
1.271201 0.741869
1.266508 0.739795
1.265028 0.739099
1.140988 0.705187
1.137912 0.705345
1.141381 0.705132
1.141407 0.703481
2.410266 0.974220
2.410960 0.974065
2.412559 0.973325
2.413096 0.972345
2.446643 0.874063
2.450685 0.871971
2.446074 0.872758
2.450701 0.870626
2.844962 0.839474
2.850631 0.836185
2.799185 0.826514
2.797581 0.826907
2.793831 0.822421
2.845455 0.838471
2.850414 0.835705
2.799696 0.826315
2.799275 0.825813
2.794212 0.819742
2.694047 0.792303
2.639977 0.783941
2.794542 0.817297
2.636855 0.781943
2.636004 0.781407
2.633063 0.779815
3.005882 0.794896
3.005138 0.793560
2.750266 0.724759
2.747038 0.722756
2.745847 0.722000
2.642298 0.694951
2.644367 0.694363
3.148086 0.738737
3.153305 0.736696
3.083381 0.720580
3.148451 0.737671
3.153130 0.736033
3.084122 0.720598
3.083450 0.720136
3.077643 0.716771
3.071788 0.713583
3.061870 0.714695
3.065407 0.712308
3.083366 0.719261
3.083342 0.719249
3.083348 0.719238
3.077983 0.714257
3.072384 0.710135
3.060180 0.713100
3.066029 0.708759
3.629640 0.767207
3.627359 0.767690
3.630964 0.763609
3.579452 0.754068
3.573198 0.753090
3.629817 0.767191
3.585696 0.754710
3.581302 0.754309
3.579747 0.752717
3.574508 0.747287
3.587574 0.754858
3.585999 0.753211
3.580718 0.747928
3.242652 0.662148
3.244714 0.661530
3.726501 0.733774
3.700142 0.726226
3.695086 0.723896
3.695842 0.722254
3.690162 0.718435
3.673735 0.719227
3.694193 0.723489
3.689586 0.719226
3.683689 0.716188
3.676241 0.718120
3.675040 0.718404
3.676705 0.717102
3.570871 0.690772
3.571575 0.689796
3.268308 0.606046
3.265351 0.606223
3.268971 0.606052
3.268815 0.604009
3.512683 0.524047
3.510996 0.523349
3.476504 0.514205
3.475013 0.513176
3.509277 0.521755
3.507649 0.516323
3.473935 0.512364
0.225064 0.844203
0.228641 0.843811
0.227953 0.843838
0.229615 0.840500
0.060476 0.799377
0.059708 0.797368
0.061153 0.798407
0.059880 0.795457
1.570974 1.125623
1.576003 1.122690
1.571793 1.124696
1.575763 1.122282
1.571343 1.123468
1.576008 1.120149
1.318280 1.056260
1.317596 1.055900
1.317676 1.055808
1.312604 1.049772
1.315236 1.054303
1.312428 1.049128
1.314386 1.052966
1.312226 1.048613
0.305749 0.778351
0.307574 0.777344
0.307146 0.777161
0.306456 0.777367
0.307339 0.776890
0.308250 0.776725
1.700711 1.058735
1.694455 1.057702
1.691959 1.057218
1.694779 1.056722
1.656808 1.047663
1.706957 1.059408
1.703863 1.059200
1.707838 1.056885
1.651682 1.045356
1.650504 1.044917
1.650756 1.044140
1.645633 1.038293
1.612848 1.034594
1.611157 1.034610
1.708658 1.059342
1.714654 1.055314
1.644213 1.042223
1.644199 1.042218
1.644203 1.042204
1.615673 1.034646
1.638759 1.039660
1.637886 1.039267
1.638451 1.037389
1.619062 1.034232
1.618760 1.034343
1.342949 0.959180
1.336688 0.957975
1.330419 0.956503
1.329893 0.956499
1.324846 0.952442
1.349197 0.959988
1.344957 0.959365
1.343160 0.958020
1.337483 0.954179
1.331379 0.951894
0.944682 0.850816
0.948429 0.848572
0.947551 0.849982
0.945978 0.850015
0.947974 0.848949
0.780250 0.806037
0.779790 0.799571
0.779464 0.804665
0.778103 0.803451
0.778816 0.801810
0.777659 0.803072
0.510286 0.730923
0.510184 0.729774
2.346202 1.133743
2.348053 1.131747
2.253281 1.108314
2.250863 1.108468
2.345870 1.132505
2.348143 1.130136
2.259511 1.108487
2.254636 1.108288
2.253843 1.105842
2.345507 1.131293
2.348273 1.128415
2.265756 1.109194
2.259735 1.108501
2.259643 1.107955
2.115186 1.069502
2.115895 1.067625
2.108924 1.068262
2.109106 1.067833
2.102654 1.066713
2.102713 1.066598
2.096364 1.064491
2.096632 1.064233
2.091128 1.059770
1.964591 1.029026
1.958323 1.027566
1.952050 1.025989
1.945776 1.024294
1.939497 1.022480
2.129306 1.066535
2.121436 1.070365
2.119316 1.070079
2.121726 1.069620
2.095016 1.063626
2.090930 1.059198
2.011656 1.041502
2.016387 1.036506
1.970841 1.029859
1.964750 1.029060
1.935899 1.021411
1.933217 1.020599
1.933353 1.020218
1.926940 1.018807
1.927200 1.018118
1.920661 1.017001
1.920988 1.016228
1.915066 1.013287
2.135587 1.066934
2.093682 1.062156
2.090863 1.058188
2.008858 1.039616
2.008473 1.039424
1.977081 1.030365
1.973026 1.030100
1.915112 1.014727
1.914359 1.014381
1.914474 1.014128
1.909424 1.008010
1.763763 0.973846
1.757487 0.972117
1.751222 0.970810
1.980963 1.031095
1.977657 1.027926
1.911244 1.012565
1.908995 1.008300
1.300947 0.845978
1.299298 0.844534
1.299141 0.844361
1.029477 0.771840
1.029941 0.771758
1.029775 0.770529
1.034065 0.771703
0.615249 0.657372
0.616446 0.657409
0.509247 0.627809
2.366893 1.023144
2.370875 1.020433
2.364476 1.021351
2.371197 1.017979
2.363592 1.020803
2.371370 1.016101
2.359939 1.019033
2.363951 1.018598
1.830197 0.876128
1.838427 0.878304
1.836468 0.877691
1.830491 0.876201
1.836754 0.876754
1.280192 0.724387
1.277890 0.723360
1.273750 0.721520
1.271581 0.720520
1.216653 0.700409
1.210101 0.699757
1.203540 0.699133
1.197046 0.698265
1.190725 0.696776
1.184554 0.694734
1.178441 0.692487
1.172224 0.690616
1.165788 0.689540
1.159230 0.688910
1.150402 0.688794
1.152606 0.688515
1.210376 0.697484
1.203997 0.696198
1.197610 0.694943
1.191284 0.693463
1.185077 0.691551
1.178896 0.689547
1.172514 0.688271
1.165908 0.687816
1.159217 0.687664
1.152345 0.687954
1.151914 0.688035
1.152410 0.687937
2.431277 0.945743
2.432361 0.945459
2.434585 0.944893
2.436148 0.944198
2.503948 0.848379
2.504002 0.848374
2.511810 0.844248
2.507410 0.848143
2.510991 0.845959
2.545443 0.817424
2.544126 0.818116
2.546056 0.816357
2.545618 0.817386
2.978250 0.821849
2.983188 0.819292
2.958451 0.816600
2.958262 0.812019
2.976648 0.820270
2.975882 0.819845
2.960181 0.815897
2.919406 0.804546
2.918855 0.804927
2.919755 0.803867
2.775085 0.765720
2.919968 0.804095
2.781339 0.766700
2.775874 0.765832
2.772225 0.764864
2.775295 0.764850
2.706468 0.747429
2.783070 0.766607
2.769694 0.763053
2.712276 0.746792
2.709283 0.747008
2.713089 0.744968
2.641485 0.729018
2.638066 0.724018
2.643256 0.728299
2.643157 0.728317
2.638249 0.722070
3.040651 0.729398
3.041160 0.729072
3.042438 0.728287
3.591521 0.785103
3.566423 0.778422
3.599392 0.780487
3.587792 0.783685
3.592192 0.782183
3.585218 0.782442
3.568240 0.778498
3.583773 0.781487
3.580117 0.775865
3.570429 0.777941
3.573638 0.774943
3.230757 0.685478
3.232441 0.684800
3.724794 0.739600
3.718519 0.737916
3.705980 0.734929
3.709504 0.735330
3.705950 0.733882
3.706276 0.733259
3.701157 0.727400
3.669846 0.724814
3.567907 0.696880
3.703616 0.732623
3.700242 0.729445
3.694934 0.724259
3.671390 0.724063
3.568732 0.696823
3.570344 0.696099
3.266628 0.612815
3.265471 0.612880
3.506862 0.584197
3.507926 0.583317
3.442320 0.565903
3.444844 0.565444
1.378904 1.155871
1.372627 1.154120
1.418138 1.159466
1.411497 1.159131
1.405014 1.158224
1.398327 1.158060
1.391764 1.157449
1.385392 1.156141
1.379089 1.154580
1.372894 1.152629
1.366814 1.150261
1.360987 1.146972
1.418097 1.158325
1.411603 1.157464
1.404976 1.157079
1.398268 1.156991
1.391815 1.155975
1.385659 1.153883
1.379629 1.151328
1.373630 1.148660
1.367554 1.146274
1.361684 1.143142
1.411821 1.155417
1.405023 1.155659
1.398322 1.155545
1.391976 1.154139
1.386109 1.150986
1.380338 1.147493
1.374163 1.145461
0.230351 0.838028
0.227927 0.838339
0.230863 0.837978
0.057818 0.792053
0.055566 0.787960
0.056709 0.790597
0.055139 0.788216
0.048330 0.787332
0.049008 0.786026
0.043067 0.783153
0.037320 0.779570
0.047834 0.787126
0.042412 0.784283
0.037085 0.779165
0.006025 0.769693
-0.020696 0.768669
-0.020036 0.766537
1.589175 1.110584
1.586541 1.108725
1.586240 1.108532
1.583515 1.106797
1.304310 1.032696
1.303864 1.032295
1.304138 1.031615
1.302264 1.030978
1.301715 1.029695
0.351284 0.763974
0.344422 0.764447
0.333036 0.764544
0.337734 0.764287
0.351558 0.761707
0.344469 0.763007
0.332067 0.763150
0.337778 0.762857
1.716646 1.049374
1.710395 1.048563
1.716836 1.049393
1.637488 1.028352
1.635783 1.025163
1.617876 1.023154
1.720745 1.049289
1.724433 1.044226
1.635562 1.026672
1.635262 1.025754
1.620539 1.022685
1.635159 1.025434
1.635012 1.025346
1.635093 1.025105
1.619208 1.021196
1.321239 0.939831
1.319492 0.940495
1.321300 0.939818
1.321259 0.939726
1.324684 0.939607
1.321802 0.936505
0.963537 0.842365
0.962188 0.842217
0.963701 0.842003
0.969774 0.842767
0.967143 0.842376
0.970514 0.840420
0.776757 0.790695
0.775241 0.789982
0.776101 0.787204
0.769843 0.787724
0.768937 0.787276
0.769318 0.786119
0.512899 0.718369
0.513492 0.717384
2.358376 1.082828
2.356376 1.075742
2.356098 1.081057
2.354642 1.080102
2.355271 1.078453
2.279353 1.060127
2.278646 1.060508
2.199371 1.039492
2.352764 1.079042
2.349605 1.073310
2.280389 1.059817
2.280463 1.055438
2.200913 1.038722
2.205627 1.033803
2.282072 1.059151
2.280735 1.053196
2.202225 1.037931
2.204953 1.034982
1.946739 0.968999
1.940475 0.967693
1.934201 0.966065
1.927933 0.964601
1.959258 0.971354
1.953001 0.970269
1.947146 0.969073
1.946773 0.968839
1.940819 0.966009
1.934493 0.964532
1.928210 0.962900
1.921624 0.961729
1.921850 0.961549
1.915363 0.960491
1.915592 0.959826
1.909086 0.958716
1.909874 0.956142
1.902802 0.956723
1.896525 0.954971
1.890244 0.953057
1.802408 0.929855
1.960680 0.971525
1.959457 0.970402
1.953889 0.966164
1.948003 0.963087
1.941870 0.960906
1.935544 0.959427
1.922767 0.961455
1.929206 0.957997
1.887807 0.952173
1.883957 0.950971
1.884801 0.948103
1.877672 0.948922
1.871386 0.946875
1.804730 0.930130
1.803441 0.925720
1.923327 0.960494
1.868841 0.946010
1.865098 0.944743
1.807348 0.929673
1.803607 0.923831
1.802940 0.925013
1.304553 0.792789
1.307709 0.789320
1.302757 0.791151
1.308065 0.786729
1.052469 0.723591
1.050985 0.722029
0.628763 0.605518
0.626198 0.605844
0.623904 0.599835
0.566027 0.589051
0.629132 0.605483
0.628934 0.604747
0.564461 0.588305
0.566462 0.587102
2.406858 0.986163
2.406789 0.986201
2.407337 0.984484
2.408343 0.985463
2.430761 0.904133
2.431134 0.903069
2.432037 0.902193
2.580997 0.801403
2.584490 0.799000
2.581997 0.800521
2.584116 0.799083
3.012513 0.769001
3.011046 0.767488
2.752672 0.698422
2.746478 0.696096
2.746378 0.696056
2.746403 0.695984
2.740075 0.693389
2.741493 0.689358
2.739358 0.693071
2.734906 0.687556
2.664753 0.672332
2.661920 0.672503
2.665833 0.669437
3.184265 0.720134
3.183501 0.720468
3.184486 0.719933
3.185330 0.719822
3.191855 0.716350
3.641030 0.751085
3.559449 0.728890
3.641534 0.750416
3.560509 0.728925
3.559986 0.726667
3.654954 0.747266
3.642935 0.749666
3.648492 0.746278
3.565672 0.728769
3.565041 0.728969
3.251891 0.642996
3.250920 0.643299
3.253275 0.638590
3.254293 0.643062
2.858995 0.195165
2.852267 0.195150
2.846111 0.193054
0.220721 0.850116
0.219270 0.850466
0.221542 0.849894
0.070097 0.808614
0.224144 0.849460
0.069809 0.808475
0.064567 0.804179
0.066779 0.806533
0.064397 0.803518
1.578476 1.120991
1.584404 1.116622
1.579091 1.120004
1.578126 1.118635
1.311278 1.047782
1.308186 1.041363
1.310849 1.046509
1.307750 1.041655
1.310044 1.045176
1.307395 1.041691
0.321434 0.775777
0.315155 0.773920
0.323009 0.768870
0.314510 0.772878
0.315486 0.771747
0.314499 0.771750
0.315525 0.770345
2.316597 1.149510
2.305511 1.150615
2.309585 1.150529
2.302984 1.149001
2.277882 1.142120
2.271624 1.141047
2.316500 1.148559
2.309683 1.148872
2.300692 1.148164
2.303024 1.148606
2.296697 1.146857
2.290421 1.145150
2.284151 1.143619
2.278168 1.142188
2.277885 1.142099
2.271845 1.139585
2.266091 1.136027
2.316504 1.147278
2.309703 1.147529
2.303220 1.146622
2.296962 1.144897
2.290844 1.142661
2.284773 1.140258
2.278697 1.137871
2.272743 1.135040
2.291227 1.140029
2.285380 1.136803
1.986261 1.062425
1.990451 1.058672
1.982907 1.060809
1.907616 1.040766
1.901349 1.039371
1.895067 1.037445
1.979861 1.059566
1.976588 1.057592
1.920122 1.042665
1.913872 1.041793
1.912000 1.041558
1.908544 1.036980
1.902684 1.033808
1.891176 1.036034
1.895687 1.034773
1.888767 1.034844
1.882478 1.032672
1.775823 1.004599
1.738175 0.994504
1.976490 1.057546
1.976639 1.057380
1.970299 1.055439
1.926368 1.043387
1.920937 1.042786
1.920374 1.041644
1.915141 1.036187
1.909213 1.033262
1.902951 1.031550
1.896099 1.031988
1.889081 1.033025
1.882037 1.032455
1.882507 1.032455
1.775049 1.004063
1.739286 0.994581
1.921141 1.037610
1.914849 1.036009
1.908615 1.034196
1.902479 1.032021
1.895915 1.031409
1.889495 1.030274
1.878937 1.030514
1.882922 1.029694
1.771266 1.001907
1.769493 1.000987
1.744385 0.993960
1.742470 0.994261
1.765391 0.999233
1.764144 0.995205
1.757991 0.993096
1.746335 0.994167
1.751185 0.993366
1.330235 0.882155
1.327951 0.880799
1.325512 0.874020
1.324606 0.878771
1.323895 0.878226
1.324313 0.877103
1.013220 0.794988
1.016388 0.794119
1.014543 0.794168
1.017471 0.790784
1.018095 0.793996
0.740275 0.719140
0.740014 0.719009
0.733968 0.716340
0.735570 0.711704
0.682376 0.703723
0.684875 0.700222
0.614759 0.684683
0.733311 0.716097
0.728771 0.710676
0.722730 0.708161
0.716612 0.705924
0.710446 0.703864
0.704184 0.702152
0.697996 0.700174
0.691571 0.699058
0.682029 0.702473
0.684400 0.700654
0.615036 0.684690
0.614860 0.684243
0.617833 0.684301
0.616000 0.678825
0.506369 0.654699
0.508025 0.653912
0.507671 0.653919
2.357503 1.116878
2.357516 1.115713
2.258333 1.088331
2.252088 1.087699
2.251890 1.087694
2.252750 1.085346
2.139136 1.057156
2.357041 1.114456
2.264577 1.088981
2.258885 1.088387
2.158907 1.058106
2.151637 1.058798
2.152270 1.057760
2.145388 1.058040
2.143720 1.057833
2.145676 1.057259
2.082620 1.040470
2.076348 1.038854
2.265989 1.089151
2.165538 1.057183
2.151768 1.058809
2.158552 1.058106
2.082702 1.040479
2.082633 1.040413
2.075175 1.038482
2.076391 1.038628
2.070052 1.036472
1.982209 1.012965
1.975945 1.011683
1.972951 1.011378
2.165135 1.057399
2.156616 1.058978
2.158082 1.058566
2.086460 1.040336
2.083237 1.036939
2.076826 1.035773
2.068298 1.035512
2.070163 1.035518
2.000992 1.016630
1.994727 1.015249
1.988465 1.013990
1.986116 1.013694
1.988946 1.012601
1.894360 0.989279
1.894105 0.989289
1.889654 0.982004
2.002233 1.016843
2.001212 1.015697
1.900583 0.989192
1.897710 0.989081
1.895296 0.984664
1.833016 0.966338
1.826742 0.964675
1.901992 0.989097
1.900967 0.987267
1.826868 0.962932
1.300018 0.825869
1.298131 0.824781
1.299301 0.821183
1.296626 0.823803
1.293597 0.821880
1.293134 0.816571
1.040807 0.753664
1.041086 0.753681
1.043760 0.753271
1.048621 0.748408
0.622414 0.639122
0.626565 0.638688
0.625659 0.638836
0.528043 0.612921
0.533609 0.609931
0.526170 0.611766
0.524704 0.610900
0.526564 0.609801
2.379581 1.013331
2.386618 1.012154
2.379568 1.012843
2.379486 1.013242
2.379589 1.013234
2.379759 1.012152
2.386450 1.011471
2.393733 1.008209
2.380047 1.011106
2.386356 1.010556
1.275012 0.709352
1.272234 0.707863
1.268690 0.706059
1.269294 0.704827
1.263676 0.700776
1.237704 0.698701
1.244690 0.696377
1.267261 0.705417
1.263161 0.701386
1.257826 0.696301
1.238875 0.697872
1.244453 0.695968
2.429530 0.950207
2.429078 0.951210
2.430143 0.949230
2.429545 0.950186
2.491652 0.859517
2.494274 0.858935
2.493809 0.858918
2.494403 0.858585
2.497082 0.858666
2.537514 0.823411
2.536342 0.823845
2.538109 0.822077
2.538517 0.823254
2.539717 0.822454
2.545398 0.817490
2.896973 0.814568
2.890760 0.812683
2.884430 0.811225
2.873933 0.814053
2.877332 0.812552
2.897037 0.813035
2.890571 0.812070
2.883969 0.811595
2.874768 0.813105
2.877058 0.812246
2.782551 0.788002
2.776278 0.786375
2.770016 0.785128
2.896969 0.812035
2.890233 0.812046
2.883505 0.812031
2.875670 0.812226
2.876804 0.811920
2.783878 0.787835
2.782858 0.786306
2.777475 0.781397
2.766014 0.783092
2.688420 0.762387
2.687658 0.762300
2.688919 0.760701
2.659166 0.754746
2.657332 0.753171
2.652278 0.747079
2.694657 0.762776
2.693775 0.762778
2.657816 0.753227
2.657142 0.752567
2.652350 0.745510
3.021950 0.745013
3.023784 0.742552
3.021870 0.743833
3.024116 0.740052
3.208167 0.706073
3.207183 0.706884
3.208512 0.706016
3.208270 0.706019
3.663204 0.742186
3.659497 0.741933
3.664745 0.737398
3.562810 0.715308
3.721322 0.750735
3.664838 0.742219
3.563700 0.715357
3.564279 0.709762
3.568878 0.715612
3.261561 0.632281
3.257758 0.631871
3.267810 0.633088
3.264852 0.632600
3.587696 0.646683
3.562612 0.640474
3.585973 0.646084
3.581402 0.644333
3.575122 0.642488
3.568859 0.641208
3.566271 0.640854
3.569645 0.638722
3.527975 0.630695
3.525651 0.627348
3.526630 0.629195
3.525372 0.627082
3.407357 0.591102
3.399423 0.595077
3.397128 0.594821
3.399902 0.593728
3.330403 0.576610
3.405671 0.595869
3.405179 0.595813
3.405798 0.595493
3.326149 0.574825
3.324090 0.573607
3.324550 0.572682
3.261364 0.557523
3.261086 0.557571
3.318791 0.567884
3.263735 0.557117
3.262466 0.552360
3.515558 0.537919
3.471645 0.526513
3.515084 0.537681
3.470496 0.525851
3.472468 0.523126
3.468203 0.524108
0.152393 0.879220
0.146121 0.877670
0.139841 0.875811
0.179169 0.879606
0.172234 0.880344
0.165421 0.880640
0.158650 0.880297
0.154021 0.879507
0.158787 0.880287
0.139168 0.875567
0.133549 0.873489
0.133734 0.873465
0.127764 0.870700
0.121756 0.868066
0.115858 0.865035
0.178616 0.880355
0.171675 0.881113
0.164896 0.881038
0.162880 0.880723
0.164989 0.880946
0.131182 0.872302
0.127464 0.870507
0.121497 0.867726
0.115692 0.864352
1.585167 1.116142
1.584560 1.115328
1.584025 1.114685
1.585660 1.110770
1.581439 1.112880
1.307559 1.040175
1.306120 1.038626
1.303296 1.033370
1.304548 1.037080
1.302977 1.033266
0.329403 0.771130
0.323415 0.768616
0.330684 0.765442
0.323099 0.768434
0.330909 0.763356
0.320288 0.766654
0.323889 0.764405
1.718352 1.043502
1.724585 1.043728
1.720295 1.043689
1.630504 1.019860
1.624209 1.017435
1.724815 1.043739
1.632051 1.019114
1.631179 1.016120
1.623355 1.016807
1.727093 1.043236
1.633012 1.018231
1.631700 1.012954
1.618694 1.014427
1.617883 1.014022
1.618280 1.012791
1.316704 0.933430
1.317168 0.933259
1.317063 0.931796
1.318903 0.932554
1.318133 0.926607
1.320024 0.931731
0.971506 0.837712
0.970481 0.837796
0.972071 0.836052
0.977732 0.837760
0.973857 0.837530
0.776959 0.784453
0.774481 0.783467
0.770659 0.781886
0.772033 0.777525
0.766752 0.780270
0.764353 0.779160
0.765329 0.776138
0.515034 0.712314
0.515645 0.711324
2.351036 1.128404
2.350854 1.127199
2.254954 1.101292
2.252995 1.101230
2.350512 1.125988
2.261195 1.101795
2.258863 1.101639
2.129419 1.066207
2.130897 1.062035
2.123174 1.065529
2.122430 1.065430
2.123319 1.065107
2.088714 1.056488
2.086299 1.052860
1.966294 1.023054
2.265775 1.102366
2.135659 1.066732
2.129931 1.066268
2.136856 1.063560
2.088716 1.055326
2.016695 1.036215
2.016480 1.036082
1.972537 1.023633
1.968688 1.023484
2.135971 1.066762
2.143195 1.063747
2.089286 1.054352
2.042998 1.036382
2.036724 1.034713
2.030646 1.032332
2.013592 1.034243
2.017714 1.030398
2.010151 1.032555
1.973707 1.023652
1.906799 1.005897
1.903942 1.003468
1.765467 0.967891
1.759185 0.965972
2.036577 1.034010
2.030538 1.031482
2.008370 1.031744
2.010810 1.029777
1.978759 1.023523
1.975292 1.022951
1.904760 1.004211
1.903465 1.003374
1.903725 1.002979
1.301529 0.839509
1.301020 0.839188
1.301465 0.837780
1.298508 0.837560
1.031157 0.765030
1.028671 0.764802
1.033827 0.765010
0.616950 0.651265
0.618243 0.651261
0.622422 0.651245
0.513266 0.622249
0.517631 0.619072
2.356735 1.027073
2.363043 1.024432
2.355650 1.026343
2.363449 1.021671
2.353750 1.025132
2.356156 1.023712
2.350244 1.023091
2.356923 1.019677
1.822225 0.880660
1.844836 0.886622
1.841036 0.885241
1.842204 0.881416
1.834756 0.883383
1.828489 0.881937
1.822845 0.880792
1.830165 0.876237
1.273544 0.729244
1.276907 0.727394
1.269912 0.727680
1.265119 0.725858
1.270720 0.724127
1.263616 0.725253
1.144392 0.693122
1.142669 0.693363
1.145058 0.691482
1.145432 0.692943
2.431874 0.897809
2.431704 0.896594
2.431992 0.895546
2.530969 0.829039
2.532344 0.828242
2.537226 0.823984
2.536730 0.824542
2.865153 0.818343
2.869683 0.815881
2.866786 0.817614
2.869416 0.815557
2.789018 0.796977
2.787795 0.794121
2.782278 0.789707
2.775887 0.788467
2.769818 0.786057
2.757306 0.788568
2.763191 0.785677
2.680457 0.767241
2.868940 0.816044
2.789576 0.795979
2.787908 0.792426
2.759469 0.787984
2.763105 0.784693
2.692973 0.769444
2.686716 0.768370
2.683218 0.767745
2.662505 0.762251
2.661971 0.760778
2.699230 0.770533
2.696394 0.770107
2.693852 0.765974
2.662634 0.761138
2.661940 0.759605
3.020628 0.751283
3.020686 0.750149
2.707540 0.665386
2.701260 0.663571
3.581324 0.798519
3.574338 0.799443
3.568179 0.797363
3.574434 0.797800
3.568141 0.796203
3.568468 0.793769
3.214491 0.702202
3.216815 0.700307
3.216130 0.701243
3.215875 0.701409
3.216243 0.701095
3.664925 0.736815
3.721358 0.750627
3.665208 0.736825
3.721142 0.750550
3.716156 0.745033
3.668353 0.736519
3.564503 0.708925
3.564312 0.708895
3.564981 0.707208
3.569360 0.709105
3.263260 0.626150
3.260467 0.625970
3.269502 0.626732
3.266630 0.626442
3.595688 0.642895
3.589393 0.640498
3.570575 0.635620
3.586954 0.639717
3.583108 0.638421
3.576834 0.636786
3.574231 0.636341
3.577993 0.632848
3.522828 0.622710
3.521030 0.619678
3.407407 0.590975
3.522270 0.621405
3.520864 0.618984
3.407612 0.590981
3.415081 0.587500
3.413641 0.591278
3.412920 0.591236
3.413825 0.590778
3.320782 0.566778
3.319524 0.566102
3.319789 0.565516
3.314809 0.559150
3.316564 0.564522
3.313974 0.560912
3.261385 0.549863
3.258033 0.543994
0.213606 0.855581
0.218978 0.854774
0.216005 0.855051
0.220334 0.851032
0.082412 0.819617
0.219115 0.854759
0.081839 0.818293
0.080924 0.817332
0.081266 0.816889
0.075891 0.811955
0.070069 0.808645
0.079842 0.816639
0.075292 0.812871
0.069643 0.808926
1.606820 1.082786
1.598592 1.085423
1.599435 1.085161
1.606209 1.083728
1.599257 1.083783
1.597085 1.083875
1.599519 1.083574
1.602274 1.084144
1.605750 1.084160
1.298071 1.002960
1.297800 1.003307
1.298954 1.000218
1.298563 1.002341
1.299047 1.001342
0.438267 0.766426
0.438627 0.766063
0.438235 0.765356
0.437851 0.764727
0.438345 0.764369
2.331203 1.145364
2.322853 1.148593
2.323624 1.148442
2.260760 1.131073
2.331306 1.143683
2.322847 1.147419
2.323623 1.147142
2.267001 1.131555
2.261276 1.131085
2.260871 1.130531
2.331421 1.141989
2.322223 1.146115
2.323742 1.145438
2.279517 1.133800
2.273255 1.132550
2.268261 1.131783
2.267098 1.131082
2.261883 1.125565
2.281054 1.134067
2.279639 1.133194
2.273830 1.129832
2.268504 1.124715
1.991996 1.057326
1.990894 1.056799
1.984594 1.054207
1.992509 1.049889
1.984460 1.054160
1.984625 1.054076
1.777523 0.998492
1.980719 1.052036
1.986095 1.047467
1.978277 1.051133
1.971996 1.049235
1.965720 1.047487
1.959442 1.045681
1.776480 0.997821
1.741272 0.988488
1.942041 1.035048
1.936021 1.032454
1.929701 1.030956
1.772219 0.995532
1.771198 0.995069
1.771783 0.993156
1.764902 0.992660
1.758630 0.991033
1.752362 0.989602
1.746100 0.988346
1.744913 0.988284
1.747228 0.984525
1.331918 0.875466
1.325640 0.873646
1.325337 0.873483
1.320261 0.868636
1.314742 0.864229
1.321889 0.871418
1.319313 0.870189
1.319604 0.869738
1.313980 0.865712
1.308251 0.862061
1.307903 0.862080
1.018116 0.788929
1.019308 0.788808
1.025950 0.784430
1.023417 0.788773
1.024669 0.787834
0.735702 0.711378
0.734591 0.710948
0.729405 0.708951
0.730182 0.706820
0.723126 0.707105
0.724085 0.704517
0.716849 0.705323
0.717830 0.702784
0.710572 0.703570
0.711506 0.701296
0.704298 0.701913
0.705141 0.699967
0.698020 0.700113
0.699103 0.697444
0.691751 0.698623
0.687414 0.698441
0.610191 0.677163
0.611735 0.677192
0.611080 0.673511
0.616412 0.676991
0.615188 0.676964
0.506244 0.648042
0.506950 0.647092
2.351801 1.067326
2.349520 1.066062
2.345481 1.064088
2.346924 1.059851
2.277456 1.046952
2.276480 1.046310
2.276704 1.045925
2.271288 1.041143
2.344128 1.063485
2.339174 1.061308
2.340664 1.056849
2.273541 1.044744
2.270166 1.043246
2.270568 1.042455
2.265053 1.038031
2.210924 1.028132
2.337429 1.060596
2.334145 1.054826
2.268198 1.042194
2.264472 1.038877
2.258866 1.034779
2.213652 1.026701
2.212428 1.027379
2.214603 1.024364
2.213817 1.026639
1.887381 0.939614
1.881090 0.937320
1.879785 0.936793
1.874799 0.935072
1.875562 0.932741
1.870174 0.927859
1.805790 0.916980
1.805339 0.917051
1.868661 0.932697
1.868502 0.932636
1.868538 0.932528
1.862208 0.930306
1.863459 0.926508
1.809084 0.916878
1.808956 0.915721
1.325721 0.785164
1.323423 0.783382
1.330002 0.780398
1.322503 0.782690
1.109162 0.725429
1.330394 0.777716
1.320807 0.781566
1.322915 0.780435
1.118713 0.727913
1.122248 0.726749
1.109406 0.725446
1.109175 0.725329
1.103342 0.722060
1.129010 0.725348
1.121660 0.727033
1.115493 0.725900
1.121804 0.727073
1.115361 0.725866
1.109115 0.723811
1.109374 0.723310
1.102839 0.722091
1.103153 0.721451
1.096556 0.720098
1.097082 0.719044
1.090939 0.716903
1.084779 0.714823
1.078774 0.712178
1.072795 0.709443
1.060791 0.711380
1.066166 0.709065
1.058912 0.710126
1.084589 0.714261
1.078668 0.711309
1.072773 0.708262
1.066481 0.706656
1.057556 0.709392
1.059193 0.708681
0.619632 0.590545
0.581981 0.580350
0.625865 0.590806
0.623739 0.590787
0.620630 0.585971
0.579406 0.579019
0.582686 0.577068
0.575658 0.577033
0.575065 0.576741
0.575802 0.576359
2.419910 0.962670
2.420751 0.962247
2.419998 0.960912
2.419849 0.960557
2.482343 0.863668
2.486993 0.862352
2.486299 0.863343
2.485563 0.863358
2.486425 0.863118
2.488763 0.863091
2.493215 0.861658
2.561429 0.809826
2.562884 0.809843
2.568752 0.807268
2.565682 0.809451
2.568135 0.808244
2.993407 0.812628
2.991838 0.811192
2.991463 0.810946
2.991991 0.810472
2.958703 0.802252
2.954906 0.798447
2.949480 0.793698
2.927691 0.794024
2.929696 0.792202
2.987198 0.808696
2.993124 0.805098
2.960424 0.801402
2.959458 0.801322
2.955203 0.796097
2.936998 0.788847
2.928086 0.792985
2.929530 0.791526
2.735733 0.736061
2.728219 0.737711
2.725797 0.738138
2.728548 0.737712
2.633956 0.713783
2.728365 0.737695
2.735499 0.735655
2.634100 0.712471
2.633786 0.712569
2.635229 0.708569
3.046910 0.723974
3.049232 0.722159
3.047847 0.723089
3.048876 0.722188
3.636855 0.756970
3.636874 0.755806
3.640822 0.750949
3.570271 0.737410
3.564010 0.736186
3.562517 0.736077
3.640174 0.752053
3.572343 0.737540
3.570749 0.735202
3.565418 0.730104
3.248199 0.649201
3.249704 0.648478
3.250734 0.646568
3.590228 0.655002
3.586001 0.652984
3.535817 0.639961
3.583355 0.652016
3.579703 0.650522
3.560872 0.645193
3.561945 0.642243
3.554621 0.644355
3.554380 0.644324
3.554655 0.644270
3.534069 0.638934
3.530521 0.634112
3.385191 0.598449
3.532160 0.637300
3.530056 0.634538
3.391446 0.599437
3.386951 0.598743
3.392295 0.596908
3.341265 0.586546
3.334968 0.584054
3.397699 0.600366
3.397111 0.600302
3.397853 0.599905
3.332986 0.583267
3.329497 0.579172
3.265911 0.564349
3.262833 0.564652
3.261257 0.558051
3.265966 0.564343
3.265942 0.564213
3.514816 0.544239
3.515016 0.539765
3.464975 0.531009
1.466531 1.154852
1.453456 1.155223
1.459600 1.155575
1.452995 1.155015
1.473250 1.153613
1.466338 1.154268
1.459720 1.153852
1.448578 1.152772
1.453294 1.152737
1.351255 1.126946
1.472889 1.153677
1.466273 1.153252
1.459855 1.152111
1.447846 1.151457
1.453394 1.151121
1.351247 1.125794
1.350669 1.124527
0.241736 0.821713
0.240187 0.821727
0.242168 0.820617
0.247964 0.821832
0.244766 0.821780
0.248768 0.819801
0.032958 0.764420
0.010976 0.758592
0.033098 0.763307
0.013273 0.758042
1.607300 1.081699
1.608873 1.081527
1.614937 1.077753
1.611790 1.081151
1.614002 1.079867
1.613229 1.080420
1.613597 1.080098
1.300123 0.997305
1.300384 0.996199
1.301116 0.991053
1.300027 0.994969
1.299696 0.994284
1.300267 0.992874
0.692561 0.821714
0.686027 0.820992
0.445606 0.761290
0.446389 0.760863
0.453849 0.756943
0.445995 0.760258
0.446234 0.760156
1.835838 1.057857
1.828403 1.059259
1.829013 1.058194
1.822149 1.058280
1.822279 1.058204
1.815884 1.056945
1.815894 1.056941
1.809598 1.054843
1.809750 1.054805
1.803711 1.052290
1.721752 1.031260
1.842424 1.057086
1.834650 1.059970
1.830375 1.059647
1.834907 1.059942
1.804018 1.052652
1.803301 1.052364
1.803331 1.052361
1.796998 1.049698
1.797399 1.049456
1.791488 1.046470
1.785552 1.043576
1.727986 1.031554
1.724066 1.031446
1.834983 1.059743
1.834637 1.059534
1.796723 1.049577
1.790697 1.047183
1.791074 1.046699
1.785208 1.043547
1.779367 1.040308
1.729109 1.031621
1.627570 1.003901
1.621304 1.002500
1.778862 1.040904
1.773178 1.037088
1.732571 1.031420
1.628157 1.003681
1.627553 1.003324
1.627828 1.002543
1.617697 1.000904
1.614988 0.999403
1.624110 1.001490
1.613740 0.998734
1.320504 0.919727
1.320037 0.918871
1.320012 0.918039
1.319717 0.918381
0.974897 0.825177
0.975696 0.824765
0.976479 0.818728
0.767797 0.768459
0.979880 0.824747
0.767763 0.768446
0.761499 0.765958
0.757722 0.764614
0.755207 0.763677
0.755941 0.761307
0.748912 0.761297
0.747674 0.760825
0.519042 0.698968
0.518124 0.693282
0.511199 0.693983
0.511726 0.690812
2.392430 1.010054
2.394081 1.009500
2.393765 1.008312
2.393208 1.009095
2.393908 1.008831
2.393838 1.008137
2.393750 1.007832
1.257871 0.697586
1.251595 0.695853
1.258755 0.697663
1.257834 0.696343
1.257930 0.697194
1.250992 0.695604
1.251635 0.695605
1.256582 0.695944
1.251557 0.694580
1.251366 0.694559
1.251579 0.694535
2.434893 0.939510
2.436353 0.938735
2.437806 0.938002
2.499316 0.853754
2.503921 0.848457
2.502206 0.853067
2.501242 0.853138
2.502624 0.851909
2.561139 0.810471
2.551279 0.813388
2.553989 0.811989
2.560656 0.810960
2.553408 0.812658
2.553140 0.812751
2.553493 0.812531
2.961688 0.824500
2.975437 0.822997
2.968208 0.824804
2.961844 0.823464
2.912947 0.811157
2.975655 0.820919
2.968163 0.823686
2.962338 0.820383
2.913455 0.810120
2.913407 0.808986
2.919190 0.804661
2.779629 0.772487
2.773370 0.771289
2.774435 0.767974
2.699243 0.752132
2.705943 0.747770
2.780155 0.772466
2.773343 0.770396
2.771959 0.770288
2.704307 0.751416
2.702236 0.751765
2.704948 0.750091
2.646697 0.737023
2.642912 0.730874
2.647050 0.735986
2.643237 0.728418
3.033257 0.733600
3.040426 0.729702
3.035625 0.733112
3.039882 0.730424
3.605756 0.781858
3.568116 0.772031
3.612246 0.782701
3.604532 0.781502
3.605767 0.781780
3.599476 0.779987
3.593182 0.777684
3.586909 0.776045
3.580634 0.774328
3.574366 0.772866
3.569815 0.772293
3.575491 0.769482
3.619928 0.777980
3.612352 0.781052
3.605973 0.779767
3.599841 0.777582
3.593627 0.775700
3.233926 0.679695
3.235444 0.678943
3.235424 0.678957
3.235471 0.678866
3.572953 0.683534
3.265440 0.599626
3.268684 0.599342
3.514702 0.551993
3.513948 0.550639
3.459200 0.536102
3.463227 0.532247
1.418245 1.159621
1.432011 1.157975
1.419306 1.159409
1.424889 1.159394
1.356820 1.142841
1.355776 1.141446
1.431585 1.158243
1.420449 1.158561
1.424627 1.159062
1.418178 1.157313
1.367975 1.143642
1.361727 1.142879
1.361368 1.142877
1.356274 1.138331
1.431396 1.157679
1.424533 1.158160
1.414755 1.155931
1.418226 1.156609
1.370755 1.144238
1.368012 1.143346
1.362034 1.140600
1.356577 1.135963
0.232064 0.832351
0.230643 0.832437
0.233712 0.826876
0.234151 0.832220
0.050088 0.783218
0.043804 0.781202
0.037519 0.779158
0.036362 0.778569
0.032366 0.773104
0.006110 0.769543
0.001054 0.764567
-0.004911 0.761782
-0.011570 0.761517
-0.018973 0.763301
-0.018633 0.762720
0.035374 0.777177
0.032388 0.771754
0.006725 0.769565
0.005049 0.769120
0.000414 0.765616
-0.005070 0.761074
-0.017398 0.763157
-0.011808 0.761095
1.623204 1.071285
1.621153 1.071541
1.624504 1.071269
1.637017 1.068360
1.623703 1.069933
1.630240 1.068520
1.623158 1.069736
1.301675 0.983294
1.348394 0.989223
1.301065 0.981983
0.865402 0.856724
0.884150 0.860723
0.877504 0.860413
0.870843 0.860152
0.864347 0.859290
0.858215 0.857106
0.852221 0.854420
0.846265 0.851594
0.708472 0.814097
0.700643 0.817567
0.698764 0.817532
0.701244 0.815899
0.684213 0.813674
0.703857 0.817735
0.707921 0.814814
0.683120 0.812227
0.681775 0.811046
0.682536 0.809195
0.462172 0.752509
0.676682 0.804757
0.462326 0.752481
0.469596 0.749919
0.475993 0.749855
0.468397 0.752493
0.466849 0.752533
0.468722 0.751817
1.842660 1.056770
1.840647 1.056919
1.842994 1.056316
1.843464 1.056495
1.842630 1.055714
1.780599 1.039816
1.779900 1.039481
1.780043 1.039130
1.729684 1.025366
1.725668 1.025252
1.841471 1.054833
1.843086 1.053414
1.776575 1.037596
1.773579 1.036200
1.774399 1.033888
1.730667 1.025408
1.622984 0.995697
1.771347 1.035092
1.768318 1.030269
1.735909 1.025354
1.734514 1.025303
1.623120 0.995716
1.622844 0.995642
1.623030 0.995508
1.616681 0.993078
1.623233 0.994621
1.622947 0.994438
1.623154 0.993802
1.615036 0.992443
1.617751 0.988963
1.322642 0.913671
1.321726 0.912399
1.321517 0.912229
0.976576 0.818365
0.976545 0.818365
0.976601 0.818284
0.996164 0.819320
0.989970 0.817361
0.982816 0.818871
0.982709 0.818866
0.982881 0.818660
0.756921 0.758052
0.754674 0.757179
0.750622 0.755533
0.631416 0.724003
0.618868 0.720712
0.746507 0.753880
0.745653 0.748493
0.663872 0.727618
0.657920 0.724782
0.638165 0.723180
0.658010 0.723194
0.651632 0.721907
0.645380 0.720159
0.638680 0.720044
0.509020 0.689682
0.507467 0.683078
0.511347 0.689172
2.373048 1.018155
2.372604 1.016880
2.379482 1.012329
2.372146 1.015641
2.379388 1.011418
1.280078 0.717739
1.279597 0.717513
1.279736 0.717119
1.275133 0.715259
1.273279 0.714333
1.274035 0.712065
1.237261 0.698914
1.230014 0.700783
1.220015 0.700633
1.223306 0.700696
1.216800 0.698923
1.268190 0.707585
1.236976 0.698680
1.230015 0.699510
1.223461 0.698864
1.214897 0.698134
1.216861 0.698383
1.179128 0.688039
2.435964 0.933175
2.435758 0.928832
2.436961 0.932269
2.438555 0.931566
2.479756 0.864183
2.473161 0.863687
2.463778 0.865366
2.466253 0.864330
2.479241 0.864764
2.472033 0.865532
2.472689 0.864107
2.465776 0.864443
2.464948 0.864512
2.465971 0.864055
2.485826 0.864050
2.473341 0.865628
2.478903 0.864745
2.828534 0.843100
2.822036 0.842246
2.815680 0.840878
2.809804 0.837769
2.828362 0.842461
2.821966 0.841237
2.815827 0.839081
2.810016 0.835724
2.634223 0.789527
2.628070 0.787424
2.621687 0.786155
2.596372 0.785620
2.628027 0.786280
2.621407 0.785876
2.615291 0.783633
2.601219 0.784834
2.598932 0.785130
2.601944 0.783206
2.621380 0.784725
2.615204 0.782698
2.601920 0.784808
2.608664 0.782000
3.008248 0.788902
3.007948 0.787675
2.753870 0.719231
2.753450 0.718983
2.754440 0.717009
2.749617 0.716810
2.645739 0.689242
2.647132 0.688256
2.646743 0.688361
2.647754 0.686223
3.176298 0.724789
3.175663 0.725013
3.176479 0.724566
3.177637 0.724413
3.183953 0.720608
3.623632 0.773323
3.584043 0.762437
3.580147 0.761794
3.578160 0.759789
3.625623 0.772708
3.629526 0.767551
3.590290 0.763157
3.589364 0.763078
3.585029 0.757993
3.240274 0.668136
3.242575 0.667592
3.578357 0.671717
3.582510 0.666668
3.577859 0.670452
3.267139 0.586207
3.268806 0.586112
3.267747 0.583397
3.509176 0.577020
3.444792 0.559937
3.446860 0.559345
1.452963 1.155229
1.446141 1.155555
1.435618 1.157113
1.439183 1.156377
1.352810 1.135161
1.446462 1.153102
1.437183 1.156376
1.439013 1.155712
1.353734 1.134226
1.351955 1.129561
1.446481 1.151782
1.437888 1.155445
1.438844 1.155074
1.354480 1.133282
1.352008 1.128086
1.351950 1.127057
0.233776 0.826674
0.233845 0.826665
0.239999 0.826576
0.237809 0.826562
0.240906 0.823910
0.031474 0.770648
0.007830 0.764107
0.005758 0.763829
0.008269 0.762814
0.031476 0.769508
0.014059 0.764230
0.011237 0.764132
1.615766 1.049984
1.692670 1.063081
1.684727 1.066427
1.685819 1.063516
1.678467 1.065229
1.679166 1.063229
1.672198 1.063733
1.672705 1.062239
1.665921 1.061994
1.666600 1.059963
1.659642 1.060154
1.660669 1.057049
1.653364 1.058330
1.655069 1.052933
1.647082 1.056394
1.640804 1.054623
1.634528 1.052916
1.618048 1.049680
1.616293 1.047054
1.686043 1.066599
1.691790 1.065028
1.640931 1.054113
1.634442 1.052888
1.634536 1.052882
1.621949 1.048553
1.620391 1.049156
1.617316 1.042056
1.345891 0.975439
1.352129 0.975858
1.347258 0.975518
1.344283 0.974729
1.346290 0.973673
1.339580 0.972458
1.322082 0.968843
1.352537 0.975764
1.352479 0.974364
1.338454 0.972024
1.333287 0.970171
1.334531 0.966181
1.327023 0.968867
1.326211 0.968774
1.327305 0.967980
1.354683 0.975220
0.912833 0.855668
0.906572 0.854460
0.933340 0.854478
0.926246 0.855797
0.919076 0.856261
0.913375 0.855758
0.919458 0.855996
0.932907 0.854782
0.919489 0.856243
0.925986 0.855471
0.792718 0.822586
0.787928 0.818923
0.782569 0.813934
0.699446 0.796826
0.693170 0.795082
0.793040 0.821532
0.787976 0.817472
0.782688 0.812213
0.699943 0.796811
0.699495 0.796487
0.693149 0.794368
0.692864 0.794932
0.693196 0.794913
0.700919 0.795943
0.694106 0.794132
0.699534 0.795084
0.693133 0.793826
0.498634 0.742219
0.498558 0.742228
0.498659 0.742164
0.500998 0.741712
0.506087 0.738339
1.979538 1.074088
1.923068 1.059039
1.978747 1.073676
1.980366 1.070852
1.929324 1.060064
1.923781 1.059099
1.923107 1.058756
1.917254 1.055562
1.911464 1.052138
1.905630 1.048882
1.973936 1.071249
1.973220 1.070921
1.966919 1.068355
1.935561 1.060447
1.932368 1.060212
1.929771 1.057708
1.924301 1.053117
1.857077 1.040234
1.774367 1.018306
1.772433 1.017151
1.734778 1.006800
1.966174 1.068074
1.967177 1.067324
1.938472 1.060710
1.936021 1.058200
1.854130 1.038302
1.853981 1.038226
1.771207 1.016291
1.766118 1.014060
1.735480 1.006813
1.849541 1.035972
1.854818 1.033976
1.764830 1.013459
1.767409 1.009068
1.741000 1.006705
1.739978 1.006858
1.325940 0.894684
1.322939 0.892719
1.321312 0.891163
1.006779 0.806915
1.013027 0.807684
1.010801 0.807584
1.013931 0.807264
1.013782 0.804199
0.749460 0.735956
0.749329 0.735897
0.674148 0.715219
0.744301 0.733399
0.743143 0.732810
0.743764 0.730867
0.672898 0.714451
0.674641 0.712944
0.623926 0.700869
0.617656 0.699382
0.611387 0.697911
0.737981 0.726166
0.669293 0.712351
0.628417 0.701494
0.624647 0.697613
0.504931 0.668736
0.504981 0.667656
0.510918 0.668415
0.507755 0.668321
2.402329 0.999442
2.403462 0.998528
2.403420 0.998554
2.403794 0.997359
2.404653 0.997744
2.432242 0.911146
2.432504 0.910063
2.587520 0.796511
2.588928 0.795730
2.592903 0.791605
2.937078 0.790370
2.996077 0.805544
2.949600 0.792786
2.948402 0.792895
2.943947 0.789342
2.937041 0.789068
2.936473 0.789732
2.937158 0.789548
2.994390 0.803971
2.955835 0.793158
2.951212 0.792498
2.949848 0.791084
2.937386 0.788825
2.943991 0.787897
2.739129 0.735051
2.743760 0.731354
2.635830 0.707429
2.738347 0.733713
2.636043 0.706541
2.639181 0.706255
3.168322 0.729186
3.167652 0.729514
3.168520 0.729027
3.169308 0.728835
3.175907 0.725390
3.576088 0.767551
3.569815 0.765937
3.619975 0.778075
3.619509 0.778852
3.620360 0.777677
3.588603 0.769720
3.582345 0.768568
3.578132 0.767878
3.620094 0.777872
3.594857 0.770705
3.590874 0.770108
3.589739 0.765345
3.237174 0.673883
3.237117 0.673919
3.237271 0.673590
3.239346 0.673366
3.597379 0.636450
3.591091 0.634269
3.578542 0.630937
3.588502 0.633504
3.592464 0.629190
3.584810 0.632403
3.581653 0.631687
3.518473 0.613768
3.516661 0.609785
3.416594 0.586743
3.429469 0.582843
3.421618 0.586888
3.421525 0.586891
3.421640 0.586835
3.314137 0.558396
3.310084 0.556167
3.308905 0.554856
3.303604 0.549648
3.258436 0.541778
3.257226 0.542132
3.509242 0.516264
3.508085 0.515406
3.508530 0.514402
3.507206 0.514571
3.474379 0.505851
