0.080017 0.708369
0.080840 0.706254
0.082291 0.701660
0.083690 0.697086
0.087439 0.694480
2.444754 0.926752
2.438489 0.927178
2.432209 0.925154
2.425941 0.924955
2.450994 0.923020
2.445394 0.926711
2.444784 0.926519
2.438794 0.924720
2.432327 0.924092
2.426011 0.923094
2.451233 0.922904
2.450992 0.922680
2.451001 0.922842
2.444710 0.920434
2.444878 0.921357
2.438428 0.918407
2.438786 0.919800
2.432156 0.917529
2.432417 0.918927
2.426463 0.917036
2.420684 0.914720
2.428864 0.914116
2.426232 0.912669
2.420685 0.909771
2.426248 0.908834
2.425822 0.907792
2.425900 0.908581
2.420685 0.904843
2.420800 0.899648
3.199906 0.771401
3.200271 0.771253
3.198775 0.770991
3.199988 0.770986
3.193607 0.766733
3.203646 0.766996
3.200828 0.763975
3.193180 0.765150
3.193849 0.764602
3.203466 0.762139
3.191338 0.759987
3.189175 0.754787
3.061622 0.710775
3.059819 0.712573
3.062191 0.711535
3.067876 0.708752
3.066839 0.708971
3.068124 0.708546
3.368982 0.691212
3.361378 0.689060
3.359435 0.692953
3.361873 0.692158
3.400712 0.690934
3.394393 0.689929
3.388093 0.688880
3.381632 0.688231
3.375048 0.687885
3.367626 0.686363
3.361927 0.688548
3.368304 0.687940
3.709985 0.732146
3.697549 0.724735
3.634012 0.712684
3.630658 0.714975
3.685698 0.715869
3.640255 0.709214
3.636464 0.711137
3.641466 0.708872
3.666876 0.707622
3.660660 0.706359
3.654029 0.706127
3.644592 0.707757
3.646911 0.707110
0.031037 0.718022
0.049815 0.714888
0.051164 0.715828
0.043556 0.715936
0.044197 0.716428
0.037295 0.716753
0.036959 0.716804
0.037330 0.716779
0.063925 0.712588
0.051215 0.714495
0.056681 0.713878
0.125630 0.678288
0.118061 0.679917
0.117782 0.680302
0.118114 0.680227
0.120796 0.675987
0.125046 0.674774
0.132205 0.668781
1.618471 1.106775
1.612201 1.106253
1.605929 1.105607
1.599657 1.104692
1.593385 1.103959
1.662365 1.111048
1.656098 1.110842
1.649828 1.110330
1.643558 1.109748
1.637287 1.109065
1.631014 1.108325
1.624742 1.107481
1.624017 1.107398
1.619291 1.104402
1.348282 1.001596
1.354526 0.998319
1.349730 1.000916
1.356092 0.997183
1.360756 0.993138
1.360733 0.993175
0.707247 0.734480
0.700981 0.734657
0.694712 0.734371
0.719768 0.732944
0.713506 0.733479
0.712473 0.733532
0.708022 0.730658
0.720918 0.727102
0.645908 0.712103
0.645452 0.709327
0.645468 0.707182
0.644374 0.704551
0.645256 0.704855
0.642523 0.701839
0.606678 0.690717
0.600414 0.691023
0.594148 0.690999
0.587877 0.690414
0.581602 0.689219
0.575320 0.686965
0.569034 0.684059
0.632671 0.692890
0.612945 0.690828
0.606986 0.690711
0.614194 0.688698
0.568959 0.684018
0.562738 0.679893
0.559958 0.677573
0.556439 0.675123
0.550507 0.671058
0.550142 0.670859
0.550564 0.669958
0.543851 0.667253
0.525020 0.662722
0.539476 0.664272
0.537555 0.662988
0.538687 0.661161
0.531279 0.661646
0.527000 0.662069
1.861709 1.068040
1.867963 1.066038
1.863018 1.067410
1.880473 1.062810
1.874214 1.063896
1.872776 1.064280
1.874823 1.063044
1.886729 1.061346
1.885243 1.061668
1.887512 1.059997
1.339018 0.853910
1.338757 0.849012
1.340035 0.843768
1.339729 0.844354
1.340520 0.843219
1.057316 0.739081
1.055859 0.741020
1.058840 0.736682
1.057912 0.734901
1.061075 0.732243
1.058772 0.727845
0.996074 0.715942
0.995728 0.711020
0.994427 0.706705
0.994104 0.705898
0.956763 0.697523
0.953337 0.698719
0.963014 0.695128
0.962234 0.695427
0.963317 0.694826
0.983065 0.690956
0.977030 0.689247
2.251471 1.032611
2.245216 1.034448
2.263979 1.029193
2.257723 1.030691
2.253912 1.031774
2.252689 1.028334
2.282787 1.030384
2.276517 1.029796
2.270248 1.029520
2.267638 1.029360
2.265356 1.025303
2.384511 0.963146
2.378244 0.963147
2.371982 0.963682
2.409570 0.962167
2.403314 0.963672
2.397048 0.963730
2.390779 0.963312
2.390541 0.963313
2.390955 0.962923
2.410127 0.961960
2.456762 0.822485
2.458389 0.821561
2.460130 0.817026
2.459354 0.812069
2.979245 0.764269
2.991769 0.763000
2.985511 0.764176
2.984505 0.764227
2.986460 0.762086
2.973988 0.762387
2.972961 0.761825
2.998005 0.758669
2.994967 0.761225
2.969912 0.756805
2.966626 0.751935
2.966048 0.751278
2.960318 0.745939
2.954041 0.744341
2.947767 0.743389
2.941518 0.745893
2.940256 0.746739
2.947750 0.740883
2.941463 0.738000
2.948310 0.738488
2.947912 0.737938
2.940590 0.737114
2.941770 0.736495
3.201548 0.759206
3.195266 0.756874
3.214055 0.755345
3.207802 0.757289
3.205263 0.757954
3.202071 0.755977
3.194794 0.756108
3.195411 0.755821
3.228175 0.753007
3.221294 0.753394
3.193912 0.751113
3.196030 0.749362
3.188920 0.745513
3.188816 0.745390
3.189370 0.744291
3.069597 0.708040
3.088375 0.704867
3.082108 0.704937
3.075847 0.705618
3.074727 0.705871
3.076097 0.705462
3.552687 0.743659
3.439177 0.700495
3.433088 0.698919
3.426925 0.697529
3.420728 0.696226
3.414415 0.695213
3.406992 0.692141
3.408182 0.694006
3.400716 0.690934
3.401970 0.692750
3.394443 0.689952
3.395592 0.691904
3.388170 0.688976
3.389240 0.690996
3.381903 0.688795
3.382762 0.690398
3.375645 0.689953
3.373494 0.690960
3.375963 0.690583
1.303978 1.119335
1.271711 1.111081
1.266518 1.107278
1.253275 1.101869
1.228846 1.090848
1.215903 1.084693
0.140222 0.666570
0.138057 0.670075
0.140829 0.665706
0.148060 0.662840
0.143996 0.661443
0.147125 0.660218
1.526751 1.122265
1.520481 1.121762
1.514210 1.121140
1.507941 1.120667
1.501669 1.119932
1.495398 1.119397
1.489127 1.118728
1.482859 1.118430
1.559023 1.125335
1.553337 1.122760
1.545567 1.124709
1.539294 1.123745
1.533022 1.122837
1.529720 1.122529
1.534108 1.120430
1.281728 1.031492
1.275467 1.032199
1.294246 1.029383
1.287989 1.030774
1.285904 1.031081
1.306774 1.028671
1.300508 1.028654
1.299803 1.028707
1.301074 1.027432
0.502468 0.712171
0.501551 0.713546
0.504155 0.709167
1.724403 1.084419
1.780838 1.089603
1.774563 1.088430
1.768287 1.087015
1.762012 1.085881
1.749467 1.084106
1.743200 1.084006
1.736933 1.084044
1.738281 1.082986
1.730668 1.084185
1.726405 1.084399
1.731265 1.083703
1.759235 1.085339
1.755737 1.084669
1.755022 1.084592
1.755778 1.084618
1.367173 0.938710
1.366177 0.934994
1.365416 0.933538
1.361527 0.928006
1.359843 0.925413
1.358205 0.922589
1.354266 0.917077
1.009250 0.770234
1.003112 0.768778
0.806898 0.710013
0.813155 0.708673
0.810057 0.709672
0.819395 0.704895
0.817406 0.706118
0.820291 0.704287
2.050968 1.065058
2.044697 1.064410
2.088582 1.067225
2.082316 1.067257
2.076048 1.067034
2.069779 1.066731
2.063509 1.066208
2.057239 1.065629
2.055527 1.065494
2.051252 1.063993
2.101114 1.067183
2.094848 1.067205
2.092546 1.067186
2.088937 1.065590
2.083260 1.063003
2.077495 1.060641
2.102353 1.060760
1.323717 0.766907
1.303136 0.759674
1.335334 0.761897
1.328223 0.762711
1.328166 0.762840
1.328241 0.762809
1.302433 0.758310
1.303281 0.758058
1.329660 0.758283
1.335300 0.757063
1.297965 0.752670
1.304079 0.751150
1.296814 0.751579
1.271715 0.746938
1.271081 0.747953
1.291862 0.746753
1.297811 0.745093
1.290506 0.745561
1.273420 0.743498
1.272142 0.742083
1.284214 0.740577
1.291622 0.738853
1.284205 0.740568
1.277922 0.738410
1.275652 0.739056
1.272772 0.735593
1.231191 0.731227
1.285463 0.732548
1.278876 0.732208
1.231856 0.726481
1.233104 0.721865
1.234605 0.720377
2.327156 1.010433
2.320887 1.010161
2.314616 1.009342
2.308331 1.006673
2.270681 0.999295
2.264415 0.999442
2.334606 1.005563
2.304108 1.003327
2.302031 1.001910
2.295743 0.998750
2.289461 0.996601
2.283193 0.996285
2.276935 0.997500
2.274892 0.998163
2.271383 0.995661
2.265605 0.993345
2.296997 0.993883
2.290232 0.993984
2.418250 0.907758
2.415962 0.904866
2.418834 0.903012
2.416250 0.899205
2.419726 0.898342
2.416619 0.893358
2.569311 0.757999
2.569438 0.757928
2.575530 0.751187
2.573998 0.753877
2.576372 0.749474
3.277331 0.750870
3.273077 0.751997
3.283577 0.747859
3.281908 0.748692
3.284153 0.747586
3.287897 0.744930
3.290638 0.743253
3.176792 0.711283
3.176341 0.710709
3.172690 0.705213
3.171256 0.700127
3.171400 0.697626
3.113925 0.682057
3.109789 0.684446
3.120167 0.678668
3.116411 0.680758
3.731617 0.734626
3.725336 0.732615
3.721397 0.731697
3.719059 0.731121
3.706489 0.725726
3.704316 0.723836
3.700196 0.722016
3.693908 0.718942
3.687624 0.716251
3.686888 0.715915
3.681331 0.712459
3.675044 0.709683
3.670494 0.708177
3.668762 0.707399
3.668932 0.707465
3.662483 0.705462
3.662969 0.705605
3.656214 0.705093
0.095859 0.687427
0.094068 0.689928
0.096559 0.688576
0.097361 0.685668
0.103286 0.683628
0.109934 0.678898
1.665751 1.101049
1.659482 1.100631
1.653212 1.100120
1.646940 1.099298
1.640667 1.098532
1.634398 1.098065
1.628128 1.097606
1.690828 1.102633
1.684559 1.102282
1.678290 1.101855
1.672021 1.101590
1.666856 1.101144
1.665950 1.100457
1.660776 1.096641
1.361153 0.984272
1.363070 0.979758
1.362787 0.974877
1.361463 0.969829
0.710599 0.719765
0.716851 0.717649
0.711340 0.719523
0.710983 0.718443
0.730994 0.713889
0.720458 0.716287
0.724295 0.713829
0.730638 0.709857
0.644712 0.693245
0.641460 0.689926
0.635176 0.687434
0.628905 0.686735
0.622631 0.685677
0.636363 0.683786
1.896409 1.055502
1.890145 1.055837
1.883888 1.057082
1.883545 1.057227
1.884165 1.056610
1.921482 1.056482
1.915214 1.056236
1.908944 1.055760
1.902676 1.055531
1.901413 1.055519
1.349723 0.839128
1.351934 0.837529
1.357515 0.834488
1.353382 0.832939
1.357191 0.830334
1.352163 0.827901
1.143252 0.749857
1.134813 0.750808
1.136141 0.750805
1.129768 0.748630
1.143943 0.743208
1.137152 0.743377
1.130784 0.742505
1.124863 0.740544
1.162673 0.741845
1.060614 0.716440
1.059330 0.718116
1.062526 0.713839
1.061014 0.712457
1.055646 0.709119
1.061830 0.705520
0.991526 0.693976
0.985239 0.691074
0.982439 0.690039
0.978959 0.689136
2.221372 1.054103
2.227634 1.053506
2.221538 1.054068
2.221531 1.053647
2.240131 1.048332
2.233883 1.050969
2.233266 1.051269
2.246386 1.046786
2.241340 1.047865
2.241100 1.045239
2.145961 1.023349
2.139677 1.020861
2.341834 0.977994
2.335573 0.978814
2.354355 0.976407
2.348098 0.977667
2.342483 0.977983
2.349243 0.976183
2.366872 0.974049
2.360615 0.975476
2.358457 0.975958
2.431244 0.849861
2.424996 0.852642
2.424590 0.852930
2.432281 0.849419
2.431947 0.847498
2.437478 0.845160
2.437269 0.845470
2.438968 0.836911
2.567648 0.767262
2.567982 0.766996
2.567720 0.766756
2.573875 0.761636
2.572464 0.762934
2.576523 0.758834
2.575030 0.755438
2.879735 0.755060
2.886207 0.750730
2.892346 0.747260
2.885884 0.746611
2.815474 0.735525
2.873443 0.739213
2.835579 0.733084
2.828700 0.733469
2.821730 0.733899
2.821579 0.734046
2.821752 0.734022
2.842199 0.728414
2.835312 0.728821
2.827966 0.729509
2.826497 0.730092
2.828188 0.729816
3.331303 0.713873
3.331935 0.711239
3.339084 0.708487
3.331464 0.706315
3.339121 0.703444
3.331228 0.703136
3.339095 0.698586
0.072052 0.712432
0.070313 0.713734
0.072325 0.713399
0.074093 0.709540
0.079698 0.706850
0.075877 0.705029
0.079095 0.703407
1.343742 1.122858
1.337467 1.121607
1.331194 1.120561
1.324918 1.119258
1.318646 1.118328
1.312367 1.116646
1.306089 1.115063
1.299811 1.113299
1.296517 1.112417
1.293533 1.111589
1.294002 1.110735
1.287256 1.110140
1.288157 1.108574
1.280979 1.108623
1.282220 1.106644
1.274700 1.106848
1.268420 1.104803
1.262136 1.102340
1.258585 1.100882
1.255850 1.099518
1.256360 1.099161
1.249564 1.096779
1.251008 1.095799
1.243283 1.094580
1.237002 1.092453
1.235846 1.092028
1.230710 1.089007
1.231779 1.088542
1.224430 1.086955
1.225811 1.086696
1.218151 1.085053
1.215581 1.083611
1.218080 1.074878
1.214976 1.078664
1.218545 1.074475
0.377589 0.728187
0.370750 0.728476
0.364359 0.727650
0.358264 0.726098
0.352097 0.724729
0.345893 0.723450
0.351243 0.721929
0.344914 0.720946
0.338922 0.719133
0.333258 0.716517
0.332639 0.713136
0.326942 0.710588
0.321084 0.703532
0.250327 0.683842
0.244047 0.681965
0.237764 0.679570
0.235139 0.678236
0.231476 0.676592
0.232366 0.675399
0.220250 0.667189
0.214062 0.660955
0.162384 0.653345
0.160392 0.655345
0.162877 0.654530
0.164347 0.651210
0.169499 0.649846
1.833249 1.076594
1.826986 1.077221
1.845770 1.074922
1.839512 1.076034
1.835089 1.076297
1.839998 1.075897
1.858274 1.070777
1.852023 1.072965
1.848519 1.073813
1.852984 1.072088
1.858363 1.070740
1.355604 0.875976
1.351617 0.879632
1.349949 0.877793
1.355919 0.875537
1.355677 0.875292
1.350197 0.872230
1.357033 0.870907
1.355859 0.869921
1.350134 0.867452
1.344569 0.864596
1.350152 0.862493
1.344436 0.859996
1.344443 0.855071
1.053971 0.754870
1.049028 0.758470
1.054360 0.754546
1.054274 0.753724
1.058223 0.750399
1.061254 0.743257
0.989814 0.733492
0.990618 0.728774
0.991620 0.727648
0.990481 0.723917
0.991526 0.722951
0.992189 0.716399
0.934567 0.705656
0.928305 0.706382
0.922041 0.706768
0.940815 0.703119
0.936812 0.704756
0.941538 0.703721
0.947661 0.700297
2.267344 1.016277
2.261091 1.018306
2.258159 1.018736
2.298684 1.017392
2.292406 1.015692
2.286134 1.015002
2.279870 1.015272
2.273605 1.015440
2.269540 1.015873
2.267661 1.014692
2.262548 1.010743
2.318976 1.015890
2.312392 1.015543
2.305726 1.015403
2.299077 1.015215
2.292542 1.014747
2.286402 1.013297
2.280699 1.010770
2.275117 1.007953
2.420944 0.951391
2.433456 0.948563
2.427201 0.950105
2.424214 0.950965
2.439711 0.946830
2.435246 0.948063
2.446636 0.943483
2.472633 0.805750
2.466388 0.808812
2.465978 0.809109
2.485148 0.803133
2.478890 0.804363
2.473517 0.805571
2.485663 0.802895
2.731695 0.755385
2.724815 0.755767
2.717506 0.753536
2.711249 0.754968
2.708086 0.755487
2.730017 0.750421
2.730927 0.752322
2.723766 0.752681
2.721472 0.752982
2.723988 0.752853
2.699676 0.749145
2.698666 0.747731
2.737555 0.747639
2.695371 0.743535
2.692957 0.738276
2.692321 0.736388
2.625508 0.721549
2.629504 0.714549
2.628641 0.717237
2.630248 0.712687
2.636966 0.705785
3.002034 0.753522
3.007659 0.748998
3.007036 0.749538
3.008317 0.748042
3.011405 0.745480
3.228298 0.752833
3.222026 0.752168
3.215760 0.752230
3.209495 0.752453
3.203214 0.750345
3.248382 0.752914
3.241670 0.752884
3.234568 0.753412
3.229931 0.752993
3.234816 0.753210
3.199239 0.747565
3.196919 0.746184
3.190927 0.741256
3.190616 0.741010
3.190935 0.740419
3.185245 0.735423
3.184302 0.734144
3.185234 0.732969
3.096339 0.700655
3.090079 0.701489
3.083820 0.702675
3.083091 0.702871
3.084093 0.702335
3.096946 0.700472
3.097351 0.697855
3.586212 0.748792
3.579383 0.749052
3.572039 0.748515
3.572903 0.748451
3.565759 0.746616
3.566965 0.746511
3.559481 0.745044
3.561138 0.744304
3.553205 0.743527
3.549691 0.741767
3.546911 0.739640
3.547783 0.739146
3.542099 0.731657
3.458935 0.704200
3.452657 0.702577
3.446380 0.701124
3.440103 0.699650
3.433831 0.698684
3.435178 0.698706
3.427557 0.697696
3.421282 0.696508
3.415009 0.695519
3.408734 0.694244
3.402458 0.692967
-0.003977 0.724104
-0.011695 0.724942
-0.011323 0.725632
0.001727 0.721682
-0.005450 0.721834
-0.006899 0.722533
-0.005250 0.722313
1.422484 1.135650
1.416210 1.134667
1.435805 1.135694
1.424634 1.135772
1.429173 1.135467
1.411248 1.133390
1.409932 1.133052
1.410037 1.132899
1.403652 1.131110
1.404702 1.129464
1.397372 1.129121
1.391091 1.126921
1.384811 1.125191
1.378529 1.122923
1.376440 1.122394
1.372252 1.121305
1.373010 1.119787
1.365972 1.119377
1.359697 1.118136
1.353422 1.117007
1.347149 1.115939
1.340874 1.114763
1.334601 1.113766
1.328326 1.112516
1.322053 1.111712
1.315775 1.109917
1.309497 1.108276
1.303221 1.106911
1.221496 1.069312
1.219417 1.070494
1.227742 1.066486
1.226562 1.066892
1.233976 1.061742
1.231898 1.063001
1.241359 1.056857
0.385663 0.725064
0.379412 0.727271
0.391916 0.723027
0.386067 0.724925
0.395630 0.721798
0.399569 0.718791
0.317667 0.703192
0.316570 0.701704
0.313383 0.697577
0.310249 0.693763
0.307957 0.691777
0.303944 0.688404
0.299943 0.685532
0.297648 0.684083
0.298982 0.681845
0.291365 0.681664
0.285091 0.680588
0.278819 0.679859
0.272548 0.679209
0.266275 0.678250
0.260002 0.677263
0.253730 0.676398
0.247454 0.675068
0.216032 0.662179
0.214210 0.660728
0.209733 0.657516
0.203442 0.653974
0.203442 0.653973
0.203442 0.653974
0.197158 0.651391
0.197591 0.651836
0.190882 0.650005
1.558639 1.109763
1.627628 1.118028
1.621356 1.117301
1.615084 1.116516
1.608813 1.115856
1.602543 1.115250
1.596270 1.114411
1.589998 1.113577
1.583724 1.112520
1.577452 1.111640
1.571181 1.110967
1.564910 1.110433
1.559437 1.109851
1.641055 1.117078
1.332368 1.012160
1.326103 1.012321
1.344885 1.009802
1.338632 1.011853
1.334956 1.012112
1.351135 1.007439
1.346320 1.009279
0.691307 0.741537
0.685035 0.740709
0.678761 0.739568
0.672485 0.738172
0.666206 0.736329
0.660203 0.733279
0.659916 0.733080
0.659959 0.733127
0.654884 0.729068
0.655619 0.727644
0.654069 0.726148
0.578192 0.695711
0.598684 0.693811
0.574651 0.693999
0.571906 0.692766
0.572846 0.691191
0.515403 0.677746
0.514346 0.678494
0.521644 0.673955
0.520558 0.674754
1.853743 1.071834
1.847489 1.073817
1.847034 1.073934
1.847602 1.073741
1.859994 1.069684
1.856249 1.070691
1.861246 1.068303
1.872502 1.066242
1.866245 1.067477
1.865873 1.067557
1.866364 1.067333
1.346068 0.869337
1.344731 0.866334
1.344934 0.868654
1.344133 0.864134
1.343506 0.859179
1.339769 0.854928
1.343485 0.854354
1.339667 0.850245
1.339924 0.844696
1.055650 0.747870
1.053147 0.749868
1.057527 0.745777
1.056667 0.742904
1.060843 0.741533
0.993483 0.724811
0.993768 0.720002
0.993359 0.715096
0.992741 0.712734
0.942550 0.704146
0.948793 0.700787
0.946633 0.702003
0.949631 0.700355
0.955039 0.697889
0.953843 0.698444
0.955351 0.697897
2.060586 1.050152
2.079367 1.047568
2.073107 1.048527
2.066842 1.048745
2.066541 1.048778
2.098171 1.048272
2.091901 1.047643
2.085629 1.046794
2.082186 1.046688
2.080011 1.044577
2.099258 1.041944
1.357881 0.756063
1.347294 0.757260
1.351046 0.756337
1.347985 0.752523
1.351038 0.751406
1.346519 0.747431
1.351417 0.745537
1.344079 0.743684
1.314504 0.741780
1.312719 0.739779
1.344486 0.741145
1.309319 0.736017
1.313389 0.734907
1.306410 0.733660
1.314055 0.728336
1.302963 0.730060
1.306864 0.729493
1.300095 0.726678
1.271815 0.724566
1.307361 0.723354
1.300331 0.724116
1.274961 0.716890
1.273007 0.719928
1.270320 0.715212
1.239590 0.714052
1.276196 0.715676
1.275147 0.714967
1.270236 0.710478
1.240349 0.709324
1.269933 0.706316
1.240322 0.704484
1.244880 0.696844
2.324263 0.998810
2.317996 0.998665
2.343051 0.997064
2.336792 0.998139
2.330525 0.998135
2.326995 0.998383
2.324515 0.997266
2.313904 0.996079
2.318456 0.995635
2.311698 0.994026
2.305408 0.990825
2.299130 0.989191
2.292858 0.988369
2.286588 0.987818
2.280317 0.987121
2.344411 0.996640
2.343521 0.995217
2.338191 0.991770
2.332039 0.990360
2.325474 0.989968
2.319224 0.988805
2.413710 0.875894
2.412442 0.878772
2.414640 0.874292
2.414570 0.871988
2.419931 0.869418
2.418876 0.870200
2.427086 0.864429
2.568857 0.785187
2.570165 0.782224
2.563966 0.780929
2.506090 0.770424
2.499828 0.771015
2.537441 0.773106
2.531166 0.771811
2.524894 0.771065
2.518626 0.770778
2.512357 0.770567
2.511955 0.770557
2.506680 0.768060
2.779065 0.750566
2.785303 0.746557
2.780097 0.749872
2.786751 0.747315
2.786007 0.746077
2.792885 0.743819
2.799318 0.739629
2.691101 0.717031
2.686508 0.714001
2.684804 0.712557
2.678510 0.708524
2.675905 0.707279
2.672221 0.705360
2.665939 0.703113
2.659661 0.701387
2.653387 0.700360
2.647115 0.699603
3.009370 0.746559
3.010616 0.745700
3.015591 0.740013
3.014687 0.741559
3.017292 0.737569
3.017628 0.737254
3.299488 0.736950
3.298417 0.737793
3.299993 0.736760
3.303017 0.733769
3.307086 0.730914
3.169302 0.685963
3.168065 0.684357
3.169318 0.681123
3.167872 0.679890
3.162616 0.676282
3.167669 0.675477
3.162413 0.671841
3.136068 0.666137
3.129818 0.668506
3.128660 0.669108
3.130335 0.668057
3.156156 0.665775
3.149913 0.664583
3.137429 0.665823
3.143181 0.664604
3.610206 0.737877
3.611298 0.734686
3.616396 0.726736
3.614545 0.730414
3.617488 0.728118
3.533553 0.706462
3.529147 0.700822
3.528480 0.700108
3.528603 0.700414
3.523292 0.694944
3.522171 0.694031
3.522362 0.694287
3.515877 0.690008
3.516614 0.691888
3.510380 0.690690
3.499279 0.690720
3.503707 0.690569
3.512288 0.688165
3.509587 0.686695
3.509787 0.687212
3.503317 0.686055
3.502187 0.686379
3.503407 0.686362
1.310663 1.120032
1.304387 1.118563
1.302405 1.117969
1.298106 1.116616
1.299215 1.114468
1.291827 1.114767
1.285549 1.113116
1.279270 1.111296
1.272991 1.109336
1.266707 1.107045
1.265675 1.106628
1.260420 1.103947
1.261500 1.103061
1.254133 1.101049
1.248897 1.098831
1.247848 1.098268
1.248044 1.098166
1.241564 1.095908
1.242404 1.095484
1.235282 1.093653
1.236830 1.092649
1.228995 1.090706
1.227430 1.090201
1.222708 1.087680
1.223428 1.087613
1.216421 1.084666
1.217708 1.085136
1.214468 1.083083
1.217392 1.076094
0.148192 0.663159
0.148633 0.662604
0.154406 0.655653
0.152145 0.658377
0.155048 0.657250
0.161874 0.652083
1.561517 1.119182
1.555243 1.118203
1.548968 1.116985
1.542695 1.115979
1.536422 1.115042
1.530153 1.114701
1.523883 1.114249
1.517611 1.113489
1.592882 1.123869
1.586609 1.123041
1.580336 1.122133
1.574064 1.121240
1.567790 1.120188
1.563076 1.119432
1.561814 1.118421
1.303909 1.021069
1.297652 1.022384
1.322699 1.019617
1.316437 1.020224
1.310173 1.020621
1.306141 1.020842
1.328961 1.019037
1.325337 1.019396
0.508732 0.696159
0.512026 0.688845
0.510448 0.691622
1.788810 1.086399
1.782541 1.086149
1.776270 1.085522
1.769997 1.084585
1.763725 1.083749
1.765402 1.082427
1.757452 1.082907
1.758755 1.082240
1.751183 1.082566
1.752006 1.082305
1.744916 1.082422
1.741353 1.082564
1.745282 1.082307
1.801342 1.086465
1.795077 1.086545
1.790296 1.086339
1.796712 1.083149
1.366133 0.929205
1.362983 0.923785
1.361541 0.921104
1.360190 0.918443
1.356632 0.912980
1.355203 0.910893
1.356447 0.909690
1.353446 0.907598
1.029836 0.779043
1.023008 0.779301
1.016582 0.778570
1.010409 0.777223
1.029278 0.775488
1.022415 0.775836
1.015867 0.774669
1.015935 0.775232
1.009588 0.772813
1.009761 0.773875
1.003301 0.769879
1.003777 0.772053
0.998045 0.769617
1.001027 0.767932
0.996999 0.764696
0.997494 0.766037
0.992349 0.762149
0.991537 0.759229
0.985862 0.751722
0.821113 0.703488
0.822616 0.702552
0.828727 0.700083
0.827336 0.697311
0.826633 0.698423
0.827639 0.697822
0.834623 0.692267
2.071457 1.059617
2.065187 1.059082
2.058913 1.058108
2.052642 1.057453
2.096517 1.058784
2.090252 1.059096
2.083986 1.059128
2.077720 1.059142
2.074737 1.059543
2.071777 1.058167
2.065735 1.056497
2.059441 1.055449
2.053286 1.054058
2.102780 1.058289
2.097365 1.058711
2.096605 1.058339
2.090972 1.055639
2.085176 1.053345
2.078904 1.052235
2.072677 1.051015
2.066797 1.048944
2.103862 1.052109
2.097869 1.050298
2.091672 1.048991
2.085427 1.047805
1.336210 0.761693
1.337792 0.760054
1.343558 0.758210
1.311083 0.752852
1.338655 0.755367
1.343220 0.754101
1.309280 0.750188
1.311492 0.749458
1.304771 0.746283
1.336860 0.750233
1.343493 0.748511
1.312389 0.742308
1.302355 0.744117
1.305163 0.743545
1.298470 0.741206
1.306100 0.736303
1.294757 0.737936
1.298977 0.737289
1.292161 0.735270
1.273339 0.731987
1.271726 0.733874
1.299744 0.730475
1.288421 0.731993
1.292612 0.731489
1.285855 0.729627
1.279573 0.727362
1.275203 0.729646
1.273875 0.727943
1.235663 0.720978
1.234893 0.722552
1.274487 0.721509
1.236622 0.717993
1.237247 0.713269
2.328842 1.004533
2.322588 1.006290
2.316318 1.005722
2.310024 1.001741
2.335104 1.003811
2.333178 1.003975
2.329920 1.000516
2.308186 0.999550
2.311112 0.997160
2.303712 0.995237
2.284882 0.990800
2.278615 0.990736
2.272349 0.990781
2.266082 0.990806
2.299997 0.993268
2.297425 0.992303
2.298295 0.990676
2.291151 0.991167
2.286213 0.990831
2.291896 0.989876
2.413364 0.888256
2.414218 0.883544
2.413085 0.880581
2.415922 0.879006
2.417704 0.874507
2.498148 0.777948
2.491885 0.778456
2.516940 0.776765
2.510675 0.776914
2.504408 0.776872
2.499614 0.777711
2.498476 0.776640
2.520924 0.776651
2.517735 0.773953
2.512316 0.770732
3.285298 0.747079
3.291535 0.742850
3.287935 0.745277
3.293360 0.741388
3.173118 0.700821
3.172159 0.697720
3.170935 0.695576
3.172092 0.688120
3.171033 0.690757
3.121869 0.674978
3.119046 0.676745
3.128110 0.671191
3.125007 0.672950
3.135623 0.666677
3.618132 0.728092
3.619619 0.726823
3.621313 0.722283
0.087930 0.696718
0.087514 0.698102
0.088281 0.697342
0.089151 0.693544
0.095350 0.686625
1.422262 1.135934
1.415862 1.135131
1.383109 1.128687
1.379670 1.127483
1.376827 1.126448
1.378121 1.123771
1.370550 1.124847
1.364269 1.122873
1.357992 1.121436
1.351718 1.120279
1.345445 1.119261
1.339171 1.118101
1.332897 1.117215
1.326623 1.116000
1.320350 1.115103
1.314071 1.113288
1.307793 1.111656
1.301515 1.110019
1.295238 1.108453
1.288962 1.107142
1.282687 1.105854
1.276916 1.104495
1.276410 1.104368
1.276447 1.104315
1.270131 1.102581
1.263849 1.100345
1.257566 1.097851
1.251282 1.095492
1.249051 1.094746
1.244998 1.092924
1.238713 1.090279
1.232429 1.087736
1.214073 1.078881
1.219792 1.072758
1.217267 1.074582
1.226036 1.069392
1.223110 1.070775
1.228382 1.066894
0.377692 0.728245
0.371432 0.729350
0.372413 0.729312
0.365167 0.729497
0.365518 0.729733
0.358888 0.727621
0.352608 0.725702
0.346330 0.724060
0.378337 0.728055
0.385530 0.725177
0.340897 0.721453
0.340043 0.721099
0.340113 0.721135
0.333751 0.717462
0.329373 0.714569
0.327453 0.712813
0.327770 0.713477
0.323748 0.708732
0.321123 0.703870
0.321561 0.707272
0.320864 0.703396
0.315787 0.700001
0.309639 0.693662
0.270847 0.682990
0.264575 0.682106
0.258302 0.681112
0.252028 0.680188
0.245751 0.678620
0.239472 0.676722
0.233190 0.674443
0.230241 0.672866
0.226900 0.671287
0.227802 0.670084
0.220606 0.667173
0.219371 0.666107
0.214298 0.661218
0.215570 0.662158
0.213277 0.660204
0.208944 0.656979
0.170368 0.651969
0.169611 0.652502
0.170511 0.652296
0.202121 0.652312
0.196237 0.650229
0.190100 0.648779
0.182864 0.646550
0.183615 0.648191
0.176607 0.648037
0.175306 0.648648
0.176790 0.648444
1.635594 1.114077
1.629322 1.113246
1.623050 1.112454
1.616778 1.111681
1.610507 1.111093
1.604236 1.110431
1.597964 1.109512
1.591692 1.108709
1.585418 1.107734
1.579146 1.106935
1.648135 1.115310
1.641865 1.114816
1.637959 1.114364
1.635899 1.113186
1.630318 1.110359
1.624646 1.107764
1.346583 1.005680
1.340333 1.007960
1.337755 1.008142
1.352829 1.002729
1.347914 1.005067
1.354473 1.001395
1.360714 0.993285
0.711833 0.741271
0.705563 0.740796
0.699291 0.740000
0.693018 0.739124
0.686746 0.738238
0.680470 0.737048
0.674195 0.735709
0.667919 0.734384
0.655354 0.729595
0.718880 0.737067
0.713333 0.734146
0.653420 0.727608
0.650714 0.722275
0.649574 0.720653
0.649515 0.717229
0.648982 0.714571
0.649189 0.716670
0.598706 0.693773
0.592441 0.694065
0.586172 0.693570
0.579897 0.692340
0.573613 0.689861
0.598765 0.693766
0.606616 0.690812
0.571907 0.689003
0.567324 0.686540
0.569001 0.684110
0.561031 0.682855
0.559934 0.682052
0.554736 0.678665
0.517090 0.671858
0.550011 0.675471
0.548440 0.674473
0.523329 0.667971
0.520070 0.670175
0.529583 0.666143
0.526332 0.666449
1.875928 1.062000
1.869673 1.063723
1.868948 1.063996
1.888439 1.058764
1.882180 1.060007
1.879082 1.060908
1.907244 1.059769
1.900975 1.059330
1.894705 1.058747
1.894161 1.058735
1.894908 1.058331
1.341746 0.841458
1.339071 0.844596
1.342661 0.840373
1.349160 0.838488
1.346196 0.836172
1.348460 0.835290
1.129539 0.750508
1.058956 0.726491
1.058390 0.727276
1.061235 0.722941
1.060015 0.719848
0.997038 0.706789
0.996127 0.702871
0.995681 0.701686
0.992393 0.696265
0.989801 0.694243
0.990942 0.693022
0.983510 0.690770
0.985144 0.690753
0.977233 0.689277
0.970978 0.690882
0.968326 0.692022
2.269014 1.008021
2.262757 1.009433
2.261117 1.009931
2.319194 1.015024
2.312917 1.013485
2.306638 1.011675
2.300358 1.009797
2.294079 1.007944
2.287802 1.006337
2.281533 1.006010
2.275273 1.007013
2.273812 1.007299
2.269719 1.004692
2.264026 1.002167
2.301544 1.004185
2.294662 1.004581
2.288227 1.003864
2.282227 1.002072
2.276691 0.999143
2.435162 0.945430
2.428905 0.946831
2.447671 0.941949
2.441420 0.944177
2.440407 0.944486
2.436721 0.939709
2.449576 0.941272
2.461584 0.812797
2.472533 0.805657
2.462890 0.808185
2.465158 0.807265
2.485023 0.803109
2.478174 0.803420
2.471852 0.802422
2.461645 0.803144
2.465193 0.802262
2.709528 0.755914
2.703273 0.757447
2.703981 0.757395
2.696979 0.753545
2.715788 0.754895
2.710640 0.755566
2.716824 0.753942
2.696878 0.753130
2.697077 0.752897
2.693065 0.747628
2.690652 0.744729
2.692041 0.738889
2.621570 0.723115
2.620147 0.725067
2.622450 0.723197
2.623493 0.720820
2.628993 0.713789
2.977537 0.767484
2.970023 0.764521
2.900511 0.752522
2.914326 0.747715
2.906739 0.746993
2.903583 0.749229
2.907272 0.748527
2.927210 0.744168
2.920455 0.744247
2.912982 0.743534
2.909246 0.745393
2.913526 0.744754
3.339964 0.708188
3.339658 0.703272
3.346848 0.700979
3.339608 0.698427
3.346686 0.696438
3.346735 0.691407
-0.003705 0.724451
0.002547 0.722448
-0.002074 0.723741
0.003161 0.723085
0.016012 0.719607
0.008798 0.720143
0.007460 0.720572
0.008975 0.720383
1.450974 1.131496
1.444711 1.131959
1.438446 1.132127
1.432176 1.131495
1.425906 1.130954
1.427181 1.128727
1.419630 1.129742
1.413352 1.128074
1.407071 1.125896
1.400789 1.123658
1.457236 1.130624
1.451218 1.131461
1.395370 1.121616
1.394505 1.121301
1.394692 1.121013
1.388224 1.119096
1.381940 1.116603
1.375662 1.114857
1.369383 1.113109
1.237384 1.055073
1.243632 1.052499
1.237475 1.055012
1.237728 1.054151
1.249883 1.050228
1.245606 1.051598
1.256130 1.047402
1.253847 1.048238
0.465939 0.725848
0.459502 0.725138
0.453105 0.724334
0.446602 0.723789
0.439219 0.720643
0.439938 0.723646
0.432957 0.721302
0.433309 0.723414
0.426686 0.720744
0.426911 0.722614
0.420401 0.718077
0.420739 0.721261
0.414123 0.716264
0.414624 0.719772
0.407853 0.715816
0.401591 0.716561
0.452291 0.721439
0.439620 0.720580
0.445747 0.720992
1.706760 1.094758
1.700491 1.094377
1.694222 1.093943
1.687952 1.093366
1.681679 1.092537
1.675407 1.091730
1.669134 1.090836
1.662864 1.090181
1.719296 1.095074
1.713029 1.095021
1.709737 1.094907
1.363308 0.966002
1.363785 0.961230
1.362066 0.956089
1.361132 0.954756
1.356971 0.950364
1.354824 0.948836
0.745348 0.714388
0.751581 0.709574
0.750809 0.712666
0.751708 0.712549
0.777848 0.709494
0.772058 0.707176
0.751865 0.708018
0.758833 0.706629
2.074367 1.073744
2.068098 1.073285
2.061827 1.072666
2.055555 1.072046
2.049284 1.071260
2.043011 1.070370
2.036740 1.069680
2.030469 1.069029
2.093172 1.074534
2.086905 1.074426
2.080636 1.074171
2.078378 1.074003
2.074726 1.072397
2.068978 1.069991
2.063114 1.067876
2.057157 1.065997
2.094670 1.068045
1.973893 1.043329
1.976823 1.041560
1.936204 1.030453
1.976542 1.036661
1.973835 1.034977
1.974316 1.035019
1.967556 1.033383
1.968302 1.033274
1.961283 1.032411
1.962044 1.032133
1.955011 1.031598
1.955693 1.031221
1.948740 1.030813
1.949345 1.030303
1.942469 1.030325
1.939688 1.030183
1.942781 1.029914
1.322137 0.775954
1.323153 0.771283
1.289531 0.765375
1.295519 0.765559
1.324457 0.766689
1.292191 0.760979
1.295556 0.760514
1.288851 0.755881
1.276560 0.758233
1.276354 0.758142
1.296542 0.753153
1.288063 0.755411
1.288894 0.755436
1.282561 0.752710
1.280428 0.754060
1.276845 0.751989
1.271643 0.748263
1.290181 0.747336
1.283078 0.748275
1.277124 0.746370
1.227590 0.739919
1.284202 0.740579
1.277641 0.740178
1.228693 0.735250
1.229027 0.730472
1.131725 0.689272
1.125459 0.689304
1.132110 0.689174
1.131773 0.688985
1.123616 0.687666
1.125713 0.687342
1.062678 0.672509
2.191218 1.067631
2.184943 1.066413
2.210014 1.067081
2.203756 1.068238
2.205057 1.066017
2.197487 1.068061
2.197113 1.068032
2.197509 1.068045
2.182689 1.065496
2.178661 1.064110
2.179225 1.063419
2.172379 1.061824
2.166105 1.060704
2.159830 1.059621
2.153544 1.056825
2.216268 1.065332
2.214076 1.066199
2.217622 1.063256
2.150942 1.055065
2.151508 1.050303
2.150399 1.045264
2.147166 1.040680
2.090704 1.031599
2.146341 1.039718
2.140871 1.036645
2.134587 1.034103
2.128310 1.032541
2.103219 1.029034
2.096963 1.030435
2.095184 1.030693
2.123240 1.030799
2.122029 1.030460
2.122377 1.029725
2.115751 1.028817
2.109479 1.027962
2.107869 1.028077
1.361721 0.733233
1.360782 0.731653
1.356782 0.726093
1.355393 0.724361
1.356893 0.722196
1.330303 0.720933
1.349789 0.720019
1.349091 0.719279
1.349470 0.718971
1.344223 0.715338
1.332364 0.716943
1.337282 0.715873
1.343307 0.714049
1.342783 0.713314
1.342932 0.713599
1.334941 0.712562
1.336766 0.712214
2.364025 0.969134
2.376539 0.966231
2.370277 0.966789
2.366091 0.968338
2.395340 0.966550
2.389071 0.966190
2.382806 0.966415
2.382661 0.966413
2.382847 0.966339
2.434605 0.836498
2.434918 0.836092
2.434870 0.835384
2.447094 0.830107
2.440830 0.830334
2.439335 0.832009
2.453352 0.828958
2.451380 0.829314
2.453912 0.828290
2.577232 0.747525
2.574690 0.749524
2.577868 0.748456
2.580108 0.745629
2.584396 0.743989
2.591353 0.738489
2.583453 0.741028
2.583157 0.741349
2.583532 0.741213
2.893373 0.754590
2.886261 0.753947
2.885913 0.755452
2.886290 0.755472
2.879976 0.751328
2.899959 0.749980
2.892488 0.748142
2.886676 0.750731
2.892908 0.750784
2.885104 0.750453
2.880162 0.749063
2.874296 0.746960
2.906387 0.745785
2.893548 0.747120
2.899306 0.746670
2.880726 0.744844
2.879928 0.744343
2.879985 0.744570
2.873631 0.740006
2.874143 0.742393
2.868244 0.740363
2.862306 0.738438
2.856159 0.737028
2.835994 0.734348
2.870896 0.738280
2.867589 0.737054
2.861612 0.735205
2.855396 0.733953
2.848938 0.733300
2.842224 0.729199
2.841506 0.733077
2.842307 0.733073
2.855127 0.729703
2.842516 0.728422
2.848741 0.728865
3.248823 0.752677
3.242554 0.752317
3.236284 0.751845
3.230011 0.750899
3.223737 0.749776
3.217465 0.748895
3.268608 0.752774
3.261900 0.752735
3.255091 0.752841
3.254446 0.752834
3.255142 0.752822
3.198621 0.742563
3.192322 0.737838
3.191048 0.736800
3.186014 0.731895
3.185136 0.730905
3.181317 0.725395
3.179687 0.723213
3.180884 0.722188
3.177095 0.719830
3.091781 0.698048
3.104282 0.693267
3.098034 0.695958
3.097603 0.696095
3.098817 0.694250
3.105354 0.692634
3.594284 0.747298
3.588022 0.747872
3.600533 0.744801
3.598111 0.746167
3.601306 0.744727
3.604053 0.742394
3.548917 0.732668
3.544012 0.727122
3.543865 0.726916
3.542126 0.721766
3.539900 0.716550
3.538876 0.713163
3.488848 0.698984
3.482298 0.698561
3.474865 0.695955
3.468608 0.697344
3.462344 0.697688
3.475432 0.695472
3.481225 0.691350
0.103838 0.685288
0.101933 0.686850
0.110062 0.679164
0.106185 0.682734
0.110751 0.681800
0.110570 0.678682
0.117466 0.676892
1.556941 1.113972
1.550666 1.112820
1.544393 1.111903
1.538120 1.110953
1.613390 1.121220
1.607119 1.120620
1.600848 1.120071
1.594577 1.119264
1.588304 1.118373
1.582031 1.117363
1.575758 1.116538
1.569486 1.115695
1.563214 1.114846
1.559833 1.114379
1.324402 1.016113
1.318138 1.016590
1.311874 1.016853
1.309176 1.016914
1.343183 1.013558
1.336929 1.015234
1.330666 1.015746
1.330323 1.015777
1.330892 1.015281
1.343967 1.013377
0.665492 0.736073
0.513717 0.683618
0.510988 0.687229
0.514199 0.682957
0.514406 0.681154
1.804757 1.080683
1.798494 1.081161
1.792229 1.081444
1.817278 1.079021
1.811016 1.079659
1.806600 1.080229
1.811947 1.078741
1.830954 1.076687
1.823541 1.078367
1.823369 1.078368
1.823563 1.078343
1.355326 0.903797
1.352350 0.898410
1.352304 0.898312
1.352324 0.898355
1.350795 0.893288
1.352231 0.887800
1.351496 0.888587
1.038115 0.773724
1.044338 0.767539
1.041225 0.770885
1.045220 0.766753
1.051291 0.761106
0.984128 0.751141
0.984013 0.746263
0.983863 0.741404
0.913777 0.705867
0.907118 0.705707
0.899772 0.704624
0.900553 0.705316
0.893501 0.703942
0.894185 0.704438
0.887224 0.702378
0.888067 0.702948
0.880944 0.700481
0.882011 0.701308
0.874661 0.698087
0.875957 0.699668
0.849566 0.693850
0.873615 0.697739
0.868379 0.695789
0.868622 0.696230
0.862094 0.693169
0.862501 0.694743
0.855821 0.692175
0.850555 0.693669
0.856115 0.693915
2.235578 1.046402
2.234418 1.047000
2.248083 1.042212
2.241822 1.043167
2.241272 1.043353
2.254331 1.039663
2.252158 1.040455
2.415379 0.897931
2.416641 0.893008
2.416569 0.893285
2.417590 0.888632
2.416944 0.887630
2.417321 0.881786
2.483935 0.784666
2.502723 0.783024
2.496464 0.784087
2.490206 0.785275
2.489136 0.785195
2.484142 0.783771
2.508988 0.782906
2.503746 0.782929
2.502906 0.782290
2.465009 0.766482
2.465395 0.766483
2.465007 0.766199
2.464942 0.766403
2.465028 0.766365
2.758547 0.751860
2.756786 0.755109
2.758696 0.755119
2.778895 0.750091
2.771806 0.750992
2.759387 0.750702
2.765072 0.751016
2.785189 0.746224
2.778213 0.746852
2.771455 0.746937
2.764775 0.746355
2.764108 0.746702
2.764810 0.746742
2.696772 0.729990
2.695716 0.727918
2.694242 0.724683
2.689403 0.721044
2.684325 0.718090
2.683108 0.717134
2.676815 0.713212
2.672484 0.711163
2.670527 0.710118
2.664243 0.707540
2.657962 0.705666
2.651687 0.704361
2.645413 0.703292
2.639144 0.702798
2.634716 0.704514
3.605989 0.743078
3.608476 0.737436
3.607724 0.738536
3.609258 0.736762
3.610513 0.734212
3.541367 0.717153
3.539379 0.713578
3.538275 0.711757
3.534449 0.707515
3.534271 0.706217
3.533051 0.704844
3.533437 0.705067
3.493777 0.699079
3.495608 0.698892
3.489132 0.696922
3.482834 0.692364
3.527446 0.698344
3.496818 0.690976
3.489964 0.691295
3.482833 0.692241
3.482771 0.692285
3.482841 0.692274
3.515634 0.689381
3.496617 0.686527
3.489049 0.685071
3.486083 0.688027
3.489632 0.687173
0.051550 0.716059
0.064060 0.712712
0.065098 0.714632
0.057807 0.714681
0.054294 0.715383
0.058174 0.715122
0.064685 0.712373
0.071405 0.710715
1.460651 1.125014
1.454388 1.125590
1.448123 1.125806
1.498257 1.126004
1.491990 1.125890
1.485719 1.125412
1.479451 1.125092
1.473183 1.124841
1.466915 1.124686
1.464408 1.124809
1.467860 1.122938
1.518618 1.125495
1.511849 1.125607
1.498672 1.126046
1.505055 1.125784
1.247022 1.043102
1.259540 1.041068
1.253281 1.042089
1.247528 1.042995
1.272061 1.039263
1.265801 1.040071
1.261547 1.040596
1.278319 1.038040
1.276568 1.038426
1.279172 1.036633
0.480308 0.725772
0.475222 0.727578
0.486558 0.723417
0.484275 0.724309
0.487225 0.723093
0.491460 0.720759
0.493298 0.719782
1.654903 1.094940
1.648630 1.094104
1.642358 1.093254
1.705061 1.098770
1.698793 1.098483
1.692524 1.098163
1.686254 1.097727
1.679985 1.097219
1.673715 1.096704
1.667444 1.095993
1.661172 1.095412
1.658663 1.095222
1.655663 1.092691
1.706387 1.098830
1.362508 0.975186
1.363095 0.970435
1.362488 0.965494
1.360410 0.960308
1.359434 0.958921
0.731085 0.713898
0.724813 0.713305
0.718541 0.712374
0.744946 0.712643
0.731562 0.713755
0.738098 0.712950
0.751542 0.708036
0.744896 0.707845
0.733076 0.709195
0.737986 0.708305
2.008260 1.075470
2.001986 1.074404
2.064706 1.082345
2.058435 1.081664
2.052163 1.080829
2.045890 1.080075
2.039617 1.079091
2.033344 1.078126
2.027072 1.077286
2.020803 1.076788
2.022257 1.074096
2.014531 1.076225
2.008799 1.075543
2.014917 1.075609
2.000237 1.074041
1.995710 1.072960
1.995896 1.072796
1.989426 1.070631
1.983139 1.067570
1.979633 1.065563
1.977577 1.063311
1.983075 1.058407
1.978153 1.060444
1.977241 1.059178
1.987969 1.057340
1.983769 1.054725
1.920294 1.041583
1.987521 1.052445
1.983905 1.049473
1.970459 1.046429
1.964187 1.045492
1.957916 1.044884
1.951642 1.043870
1.945366 1.042499
1.939096 1.041883
1.932827 1.041582
1.926559 1.041348
1.924720 1.041341
1.971845 1.041126
1.965150 1.041053
1.958883 1.039922
1.952649 1.038712
1.946465 1.037381
1.354716 0.811976
1.348429 0.809017
1.329580 0.801854
1.329248 0.800715
1.328461 0.795717
1.324781 0.791087
1.328562 0.790898
1.324863 0.785932
1.216402 0.746948
1.210146 0.748450
1.210984 0.748632
1.203880 0.748506
1.197609 0.747803
1.216472 0.746908
1.224130 0.739492
1.122167 0.712605
1.115908 0.713720
1.134684 0.710235
1.128424 0.711364
1.126463 0.711658
1.122574 0.709866
1.116905 0.707278
1.134977 0.707532
1.129408 0.704666
1.111193 0.699848
1.104597 0.699538
1.096992 0.696917
1.098352 0.698365
1.090719 0.695940
1.111007 0.695371
1.103254 0.696300
1.097418 0.696857
1.103711 0.696790
1.089513 0.695456
1.084437 0.693699
1.086090 0.690510
1.078148 0.690437
1.073001 0.687705
1.071859 0.687250
1.065574 0.684654
1.059291 0.682136
1.053007 0.679633
1.015362 0.673062
1.051350 0.679043
1.054192 0.676400
1.046721 0.677018
1.040439 0.674656
1.034157 0.672488
1.027893 0.672712
1.021633 0.673727
1.021125 0.673714
2.190910 1.067741
2.184730 1.066404
2.209071 1.067788
2.202241 1.068054
2.195749 1.066417
2.195980 1.066903
2.189478 1.065759
2.189647 1.065937
2.183207 1.065137
2.183238 1.065157
2.176933 1.063964
2.177005 1.063942
2.170657 1.062701
2.170879 1.062468
2.164383 1.061594
2.164612 1.061341
2.158106 1.060067
2.158473 1.059901
2.151812 1.055989
2.152825 1.057259
2.151795 1.053610
2.151034 1.054706
2.153091 1.050249
2.152290 1.048722
2.095272 1.035708
2.089012 1.036652
2.082751 1.037516
2.081560 1.037630
2.146781 1.040804
2.107785 1.032909
2.101529 1.034343
2.096323 1.035366
2.095880 1.033676
2.114054 1.033300
2.109847 1.032934
2.108299 1.031288
1.360047 0.740925
1.359999 0.740839
1.360078 0.740768
1.356634 0.735393
1.353715 0.731350
1.352117 0.729762
1.354486 0.728112
1.347405 0.725236
1.323213 0.724660
1.345249 0.723727
1.348641 0.721023
1.323234 0.719819
1.329826 0.717673
1.322401 0.714852
1.329496 0.713571
1.259509 0.701526
1.253226 0.699036
2.340144 0.983490
2.333875 0.983141
2.327607 0.982890
2.321343 0.983253
2.319366 0.983256
2.358927 0.981057
2.352669 0.982225
2.346408 0.983042
2.345973 0.983078
2.359705 0.978615
2.423317 0.859509
2.420605 0.861555
2.429565 0.856815
2.427133 0.857839
2.424825 0.853427
2.435813 0.854275
2.435527 0.854492
2.437427 0.845638
2.570558 0.781336
2.564286 0.780638
2.576822 0.781069
2.570889 0.781314
2.570660 0.781001
2.562857 0.779894
2.557993 0.776819
2.558894 0.776861
2.578473 0.773388
2.553035 0.773325
2.551697 0.772514
2.545413 0.769978
2.539136 0.768523
2.532862 0.767401
2.526588 0.766302
2.520314 0.765240
2.514040 0.764221
2.507771 0.763782
2.793280 0.744041
2.788037 0.746804
2.799516 0.739699
2.794521 0.743086
2.800306 0.739287
2.807323 0.736450
3.026139 0.727414
3.017972 0.728343
3.019161 0.728037
3.032921 0.722316
3.025684 0.723583
3.018920 0.721882
3.017167 0.723342
3.019251 0.722866
3.032661 0.718031
3.025163 0.718683
3.023511 0.719636
3.025380 0.719416
3.323335 0.717568
3.322770 0.718954
3.323557 0.718536
3.324785 0.714462
3.331106 0.711562
3.324651 0.709618
3.331190 0.706424
3.736179 0.737999
3.729907 0.737260
3.730363 0.736550
3.723629 0.735434
3.725012 0.733177
3.717349 0.733468
3.711065 0.731095
3.707227 0.728821
3.704773 0.727370
3.705777 0.725934
3.698482 0.723880
3.694076 0.721664
3.692190 0.720200
3.692629 0.720264
3.685894 0.715955
3.687519 0.716295
3.641978 0.708678
3.684468 0.715139
3.679600 0.712090
3.680453 0.712205
3.673315 0.709378
3.674762 0.709658
3.667037 0.707582
3.660762 0.706324
3.654493 0.706012
3.648232 0.706879
3.644196 0.708024
3.649237 0.706306
0.016792 0.720038
0.029302 0.716811
0.030227 0.717712
0.023045 0.718251
0.021572 0.718573
0.023224 0.718403
0.049585 0.714805
0.042595 0.715468
1.436736 1.134502
1.430464 1.133836
1.424195 1.133381
1.417921 1.132247
1.411643 1.130588
1.405361 1.128474
1.450916 1.131564
1.443000 1.134151
1.441483 1.134247
1.443311 1.133750
1.401917 1.127238
1.399079 1.126239
1.399631 1.125388
1.392797 1.123886
1.386516 1.121869
1.380234 1.119516
1.373955 1.117854
1.370532 1.116861
1.367676 1.116011
1.368116 1.115283
1.361402 1.114893
1.361890 1.114065
1.355128 1.113766
1.355754 1.112627
1.348854 1.112639
1.349620 1.111188
1.342578 1.111482
1.336306 1.110573
1.229444 1.062860
1.229278 1.062899
1.241931 1.056235
1.235684 1.058955
1.235347 1.059114
1.237039 1.055843
1.242934 1.055630
0.399877 0.718353
0.393624 0.720350
0.390915 0.721305
0.439200 0.720555
0.432737 0.719905
0.426446 0.718833
0.420303 0.717396
0.414090 0.716139
0.406130 0.716529
0.400531 0.718153
0.407567 0.715646
0.306346 0.687017
0.305657 0.686244
0.299355 0.681303
0.298192 0.680727
0.293070 0.678555
0.294109 0.677305
0.286795 0.677343
0.280524 0.676650
1.812734 1.078413
1.831522 1.076641
1.833005 1.076559
1.825262 1.077641
1.826002 1.077248
1.818996 1.077544
1.817334 1.077644
1.819239 1.077344
1.844049 1.075696
1.845122 1.074899
1.837783 1.075902
1.835298 1.075974
1.838039 1.075793
1.858252 1.070780
1.349884 0.888652
1.353923 0.882798
1.352126 0.884195
1.356568 0.880157
1.046045 0.764561
1.052279 0.759806
1.048462 0.762833
1.053448 0.758883
0.985435 0.742048
0.986635 0.737399
0.986543 0.732549
0.914042 0.705969
0.907777 0.706093
0.901509 0.706048
0.895237 0.705260
0.934211 0.705212
0.927434 0.705345
0.920304 0.705331
0.916838 0.705720
0.920628 0.705552
2.162659 1.061959
2.158226 1.060495
2.156514 1.059831
2.151437 1.055747
2.074793 1.042472
2.068529 1.043035
2.093581 1.040886
2.087317 1.041198
2.081054 1.041701
2.079719 1.041768
2.106102 1.039238
2.099839 1.039778
2.097106 1.040003
1.358385 0.750370
1.358024 0.749817
1.358522 0.749536
1.354451 0.744336
1.352052 0.740821
1.350221 0.738756
1.352511 0.737915
1.345741 0.734257
1.318761 0.733203
1.321750 0.730893
1.346080 0.732283
1.316367 0.727933
1.322062 0.725172
1.314345 0.725084
1.322151 0.720025
1.312862 0.722486
1.314594 0.722089
1.270079 0.714937
1.322248 0.714873
1.269660 0.710009
1.265345 0.705975
1.243714 0.705450
1.267457 0.704789
1.264648 0.702750
1.259150 0.699731
1.253068 0.698158
1.245231 0.698964
1.244761 0.700773
1.245444 0.700369
1.258558 0.696268
1.246556 0.696260
1.252551 0.694492
2.313379 0.987503
2.307111 0.987258
2.350993 0.989743
2.344732 0.990532
2.338465 0.990317
2.332193 0.989520
2.325916 0.987947
2.319644 0.987309
2.316504 0.987211
2.353248 0.988881
2.351646 0.986835
2.346358 0.983279
2.415390 0.869076
2.414603 0.869828
2.427879 0.862649
2.421627 0.864815
2.419911 0.865894
2.428194 0.862521
2.428171 0.861735
2.435682 0.854875
2.565991 0.777325
2.572245 0.775536
2.569227 0.776539
2.566520 0.774650
2.556855 0.774370
2.578495 0.773246
2.578374 0.773310
2.572946 0.770433
2.553829 0.768976
2.553396 0.768529
2.554356 0.766553
2.547112 0.765879
2.540842 0.765469
2.534569 0.764381
2.528291 0.762858
2.579063 0.767018
2.573645 0.763783
2.807487 0.736434
2.801241 0.739292
2.800464 0.739658
2.801467 0.739247
2.808219 0.736179
2.814748 0.734714
2.821075 0.730786
3.198180 0.775429
3.198043 0.770851
3.033191 0.723444
3.034094 0.721846
3.040435 0.720374
3.047162 0.715427
3.035164 0.717194
3.040028 0.716439
3.053419 0.711668
3.586301 0.748736
3.580033 0.748671
3.573762 0.747990
3.567484 0.746190
3.561204 0.744243
3.592561 0.747889
3.586920 0.748684
3.593464 0.747483
3.560293 0.743985
3.554922 0.742097
3.555705 0.741144
3.548628 0.738140
3.547031 0.736799
3.542316 0.731527
3.542008 0.731074
3.540923 0.726065
3.473166 0.699951
3.466906 0.700990
3.460637 0.700676
3.454366 0.699988
3.455448 0.698457
3.448095 0.699336
3.448611 0.698735
3.441824 0.698699
3.440921 0.698731
3.441942 0.698602
3.473560 0.699648
0.132245 0.668959
0.130031 0.673129
0.132931 0.671918
0.132415 0.668716
0.140060 0.665980
1.613895 1.101485
1.670328 1.106465
1.664059 1.106097
1.657790 1.105794
1.651520 1.105258
1.645248 1.104516
1.638977 1.103825
1.632707 1.103224
1.626436 1.102505
1.620164 1.101890
1.616824 1.101670
1.676596 1.106722
1.671836 1.106537
1.670865 1.104932
1.356218 0.993228
1.356799 0.992832
1.356752 0.991412
1.362436 0.986363
1.361459 0.988801
1.362696 0.984192
1.363100 0.982460
1.362646 0.978683
0.702668 0.728836
0.715181 0.726066
0.708921 0.726970
0.705547 0.727830
0.721432 0.723769
0.719091 0.725374
0.715791 0.723149
0.722227 0.718950
0.644474 0.702528
0.641985 0.697237
0.639769 0.695164
0.633480 0.691931
0.614654 0.687978
0.608388 0.688027
0.628476 0.690015
0.627197 0.689539
0.627470 0.689118
0.620923 0.688389
0.618122 0.688185
0.621250 0.687878
0.550469 0.666587
0.545558 0.664211
0.539262 0.660199
0.536955 0.659350
0.532980 0.657905
0.530160 0.658161
2.031626 1.079361
2.025352 1.078447
2.019081 1.077746
2.012808 1.076774
2.006536 1.075887
2.008245 1.075485
2.000261 1.074754
2.001947 1.074441
1.993982 1.072978
1.991228 1.072077
1.987689 1.069034
1.987993 1.070746
1.982543 1.067614
1.993926 1.064982
1.987663 1.065407
1.984056 1.065977
1.981791 1.064533
1.994522 1.061401
1.989113 1.058137
1.956236 1.051771
1.924869 1.046664
1.918602 1.046672
1.912335 1.046665
1.906070 1.046910
1.904667 1.047150
1.962506 1.052348
1.959194 1.051926
1.950906 1.050453
1.956419 1.050941
1.949959 1.050242
1.943683 1.048737
1.937409 1.047738
1.931137 1.046909
1.930777 1.046887
1.925930 1.043214
1.362738 0.825641
1.359318 0.820930
1.358399 0.820014
1.353015 0.815709
1.348874 0.813487
1.346722 0.811808
1.348370 0.809087
1.340428 0.807986
1.341830 0.808640
1.338855 0.806879
1.334123 0.802341
1.334725 0.804624
1.329489 0.800976
1.333725 0.801146
1.329243 0.796636
1.329227 0.791757
1.202158 0.749345
1.195892 0.749370
1.189627 0.749451
1.183361 0.749593
1.183974 0.748917
1.177090 0.749070
1.173269 0.748637
1.177226 0.748979
1.216381 0.746948
1.208419 0.748358
1.203624 0.749137
1.208980 0.748626
1.139316 0.723700
1.133057 0.724777
1.126783 0.723745
1.120521 0.724280
1.119742 0.724654
1.139643 0.723323
1.139361 0.723143
1.133508 0.720989
1.127331 0.719642
1.121288 0.717967
1.115589 0.715458
1.134216 0.714321
1.128249 0.712452
1.096901 0.697004
1.089984 0.697486
1.082738 0.697944
1.076457 0.695782
1.070177 0.693842
1.063891 0.690990
1.026255 0.685659
1.019982 0.684705
1.071625 0.688086
1.063145 0.690470
1.064082 0.690120
1.038763 0.682041
1.032515 0.684650
1.031534 0.684870
1.026519 0.683261
1.020321 0.681975
1.014068 0.680821
1.041818 0.681866
1.039183 0.680263
1.033656 0.677304
1.027669 0.675491
1.021621 0.673836
2.219674 1.058357
2.213417 1.059765
2.225929 1.056732
2.220011 1.058261
2.238439 1.053388
2.232181 1.054572
2.230212 1.055221
2.151760 1.036563
2.150577 1.034473
2.148423 1.031111
2.144263 1.027653
2.137985 1.025957
2.131720 1.026254
2.125441 1.024299
2.119153 1.021212
2.118736 1.021040
2.112872 1.019261
2.108374 1.019227
2.392479 0.959539
2.386212 0.959396
2.411277 0.959190
2.405015 0.959803
2.398749 0.959963
2.395995 0.959799
2.417527 0.956810
2.414363 0.958196
2.424454 0.953383
2.455061 0.826328
2.448801 0.827189
2.442529 0.826314
2.440007 0.827659
2.456292 0.825675
2.459296 0.821392
2.732197 0.755256
2.758509 0.750625
2.751963 0.750188
2.745253 0.750157
2.737999 0.748721
2.735839 0.751032
2.738281 0.750767
2.758281 0.746264
2.751673 0.745978
2.739614 0.746865
2.744854 0.746214
2.697496 0.739440
2.695096 0.734160
2.694009 0.730872
2.693477 0.729039
2.687700 0.724635
2.684186 0.722571
2.681407 0.720894
2.631204 0.710635
2.630148 0.713038
2.669193 0.714139
2.649986 0.708128
2.643709 0.706534
2.637434 0.705413
2.632527 0.708594
3.017300 0.737555
3.017308 0.737549
3.017346 0.737437
3.019655 0.733109
3.018581 0.729458
3.017432 0.727887
3.017354 0.727553
3.315387 0.724197
3.313336 0.726624
3.316791 0.722378
3.318629 0.717879
3.322886 0.715253
3.624768 0.723267
3.626059 0.718421
3.625891 0.718601
3.626158 0.718391
3.632285 0.712612
3.630229 0.714534
3.633071 0.712994
1.468620 1.121546
1.462355 1.121734
1.518778 1.125217
1.512506 1.124480
1.506235 1.123829
1.499964 1.123162
1.493696 1.122902
1.487426 1.122318
1.481157 1.122002
1.474888 1.121743
1.471796 1.121639
1.476193 1.118998
1.525048 1.125765
1.520051 1.125327
1.526130 1.123537
1.261242 1.037384
1.280027 1.035123
1.273765 1.035996
1.267503 1.036502
1.264894 1.036713
1.292544 1.032996
1.286288 1.034379
1.282247 1.034925
0.488278 0.722396
0.494523 0.719269
0.491238 0.721060
0.497445 0.717309
0.501082 0.712247
1.708460 1.090744
1.702190 1.090318
1.695921 1.089929
1.689649 1.089099
1.683374 1.087878
1.677100 1.086746
1.733528 1.091058
1.727260 1.090860
1.720994 1.090919
1.714728 1.090954
1.712612 1.090917
1.715863 1.088500
1.365388 0.957043
1.364126 0.951963
1.362825 0.949746
1.359936 0.946383
1.364475 0.942774
1.356516 0.943716
1.353221 0.940367
1.357885 0.937513
1.350200 0.936544
1.350530 0.934167
0.797201 0.713528
0.790927 0.712389
0.784649 0.710775
0.778369 0.708877
0.772091 0.707147
0.759563 0.707972
0.758239 0.709504
0.770772 0.706863
0.765816 0.705868
0.765057 0.705852
0.765948 0.705661
2.022507 1.073605
2.016238 1.073194
2.078948 1.079813
2.072678 1.079245
2.066409 1.078776
2.060137 1.078079
2.053866 1.077375
2.047593 1.076489
2.041321 1.075557
2.035048 1.074760
2.028776 1.074027
2.023734 1.073702
2.022850 1.072644
2.085746 1.078416
2.080380 1.075045
1.978489 1.051656
1.973057 1.055090
1.972378 1.054624
1.979035 1.051274
1.978577 1.050952
1.973111 1.047871
1.981220 1.046816
1.978436 1.043963
1.979255 1.044348
1.940776 1.035122
1.934515 1.036003
1.928252 1.036444
1.973552 1.040631
1.972142 1.040037
1.965862 1.038101
1.959588 1.036898
1.953314 1.036033
1.947043 1.035271
1.941914 1.035038
1.941182 1.033832
1.324922 0.784726
1.324708 0.785730
1.325462 0.781019
1.325148 0.780296
1.325477 0.776203
1.325284 0.775045
1.288877 0.765362
1.288562 0.761182
1.282183 0.760336
1.282398 0.754873
1.224347 0.739895
1.222656 0.743514
1.225288 0.741572
1.224762 0.739046
1.123819 0.701924
1.117553 0.701920
1.130075 0.700252
1.123936 0.701885
1.123832 0.701831
1.113075 0.699973
1.117741 0.700277
1.092439 0.695020
1.086141 0.690441
1.134740 0.698975
1.130616 0.696762
1.124859 0.694373
1.112668 0.695057
1.118311 0.693938
1.086072 0.690373
1.079848 0.686529
1.118200 0.689299
1.076627 0.683855
1.073552 0.682321
1.067264 0.679351
1.060981 0.676967
1.055505 0.675287
1.054702 0.675033
1.048422 0.673035
1.042142 0.671136
1.035861 0.669134
1.029585 0.667719
2.205461 1.065236
2.199198 1.065671
2.217977 1.062578
2.211718 1.063898
2.205922 1.065111
2.224229 1.060590
2.218403 1.062461
2.227846 1.059315
2.152330 1.045985
2.151070 1.040901
2.148871 1.037617
2.147028 1.035341
2.142568 1.032224
2.136288 1.030282
2.130016 1.029518
2.123733 1.027245
2.104912 1.024037
2.098654 1.025349
2.120612 1.025838
2.117450 1.024771
2.118979 1.021536
2.111176 1.023601
2.108282 1.023668
1.357103 0.721961
1.356548 0.721589
1.350807 0.717690
1.344525 0.715495
2.349807 0.975248
2.356060 0.973061
2.350946 0.975008
2.368570 0.969933
2.362313 0.971229
2.360575 0.971840
2.362981 0.970518
2.381101 0.969582
2.374832 0.969249
2.373691 0.969331
2.375227 0.968560
2.432923 0.842933
2.431200 0.844763
2.435362 0.840635
2.439141 0.835982
2.438928 0.836433
2.598302 0.747811
2.605138 0.742581
2.598132 0.743275
2.591451 0.741617
2.591175 0.743096
2.591485 0.743089
2.591853 0.738378
2.598501 0.737435
2.598743 0.731930
2.977540 0.767478
2.983801 0.766742
2.977562 0.767478
2.977517 0.767470
2.971250 0.763992
2.987945 0.764491
2.990578 0.763567
2.969912 0.761290
2.967667 0.756074
2.966347 0.752060
2.934444 0.747841
2.927249 0.744455
2.927877 0.747457
2.920997 0.746580
2.918879 0.747450
2.921255 0.747210
2.960038 0.746121
2.954031 0.744346
2.947704 0.743366
2.940738 0.743966
2.928191 0.744245
2.933842 0.744394
2.934162 0.738693
3.307440 0.730944
3.303863 0.734289
3.308175 0.730186
3.311583 0.725959
3.314728 0.723721
3.160558 0.675107
3.158527 0.669889
3.156608 0.668063
3.156853 0.668976
3.150324 0.665518
3.150991 0.666864
3.144052 0.664813
3.137789 0.665170
1.452684 1.128821
1.446420 1.129189
1.440153 1.129205
1.433882 1.128579
1.431401 1.128342
1.434314 1.127723
1.477742 1.127738
1.471474 1.127527
1.465207 1.127523
1.458945 1.128036
1.457964 1.128156
1.459372 1.127281
1.498224 1.126052
1.245329 1.048049
1.239080 1.050671
1.251584 1.046365
1.247233 1.047402
1.264094 1.043148
1.257836 1.044376
1.257687 1.044407
1.257961 1.044124
0.473832 0.727912
0.466050 0.726179
0.466960 0.728278
0.459785 0.726255
0.460352 0.727995
0.453517 0.726096
0.479498 0.725567
0.472315 0.725956
0.468804 0.726068
0.472486 0.726282
1.716429 1.087255
1.710161 1.086965
1.703891 1.086437
1.741494 1.087070
1.735227 1.086953
1.728961 1.087044
1.722696 1.087254
1.717499 1.087298
1.723869 1.085350
1.768045 1.087545
1.761912 1.086078
1.754034 1.088065
1.747761 1.087253
1.743806 1.087111
1.748744 1.085388
1.366682 0.947947
1.364535 0.942709
1.364502 0.942645
1.359463 0.936970
1.358177 0.934139
1.357524 0.931799
1.358486 0.931108
0.811448 0.711526
0.805186 0.712380
0.805972 0.711372
0.798916 0.711759
0.799239 0.711395
0.792641 0.710490
0.793131 0.709886
0.786362 0.708645
0.780081 0.706741
0.773803 0.705033
0.767528 0.703766
0.814287 0.710079
2.031579 1.079362
2.025224 1.078441
2.018807 1.077682
2.012499 1.076648
2.006163 1.075689
1.999903 1.074543
1.993849 1.072887
1.999626 1.070324
1.993446 1.068974
1.987326 1.067476
1.898112 1.051976
1.891851 1.052853
1.954558 1.058811
1.948276 1.056716
1.941998 1.055022
1.935723 1.053675
1.929448 1.052361
1.923177 1.051845
1.916910 1.051695
1.910641 1.051323
1.904374 1.051336
1.903543 1.051412
1.962389 1.052813
1.949918 1.050389
1.943302 1.050122
1.937068 1.048908
1.931067 1.047124
1.358142 0.834160
1.358629 0.829380
1.357635 0.827223
1.355824 0.824042
1.351314 0.819493
1.349220 0.818046
1.345012 0.814427
1.340249 0.807586
1.334027 0.801433
1.201933 0.749428
1.195067 0.749782
1.187907 0.750466
1.188154 0.750252
1.181634 0.749691
1.181658 0.749687
1.175357 0.748177
1.175495 0.748299
1.169075 0.745814
1.169459 0.746599
1.162784 0.742248
1.163544 0.744606
1.157317 0.743386
1.144626 0.743206
1.150645 0.743263
1.143988 0.742781
1.137701 0.739800
1.131424 0.738304
1.125156 0.738262
1.160962 0.741257
1.156804 0.739724
1.150616 0.738399
1.144492 0.736918
1.138252 0.735730
1.131961 0.734667
1.125753 0.733407
1.150597 0.733538
1.144791 0.731259
1.138892 0.729223
1.132696 0.727921
1.126375 0.726929
1.120431 0.725020
1.055993 0.704735
1.053025 0.707685
1.050050 0.706360
1.062241 0.702102
1.058086 0.703724
1.056122 0.703009
1.050020 0.701480
1.043863 0.700090
1.037745 0.698606
1.062616 0.698664
1.056345 0.697539
1.049911 0.696825
1.043738 0.695463
1.037886 0.693315
1.032052 0.691129
1.025916 0.689692
1.043607 0.690880
1.038091 0.687883
1.032474 0.685150
2.259414 1.025406
2.253157 1.026837
2.252181 1.027013
2.297019 1.026487
2.290751 1.026199
2.284481 1.025613
2.278207 1.024465
2.271937 1.023997
2.265674 1.024447
2.265400 1.024471
2.260499 1.020714
2.297729 1.023466
2.291744 1.021631
2.285378 1.020745
2.278970 1.019965
2.273072 1.017923
2.449364 0.937029
2.443103 0.937807
2.436845 0.939112
2.436483 0.939335
2.455617 0.935081
2.450062 0.936860
2.449515 0.936360
2.443762 0.933975
2.437844 0.932001
2.431688 0.930614
2.458407 0.933509
2.456503 0.930781
2.450696 0.928516
2.456963 0.924731
2.444248 0.918013
2.438070 0.916656
2.431826 0.915464
2.494784 0.790997
2.488527 0.792354
2.482264 0.792838
2.480288 0.792968
2.501043 0.789786
2.495588 0.790814
2.494959 0.790233
2.490149 0.785526
2.457048 0.771262
2.453850 0.768951
2.457598 0.768122
2.709098 0.756427
2.702138 0.757014
2.696911 0.753307
2.611822 0.732929
2.614292 0.731669
2.613595 0.725747
2.612440 0.728192
2.613911 0.727665
2.614564 0.723752
2.621083 0.721636
2.993474 0.759815
2.999725 0.757451
2.999560 0.757547
3.000111 0.756628
2.968336 0.749348
3.005947 0.751210
3.003924 0.753483
2.966308 0.746848
2.962026 0.743163
2.955748 0.741451
2.949471 0.739984
3.269350 0.752656
3.270698 0.752554
3.263084 0.752683
3.263921 0.752688
3.256815 0.752437
3.257335 0.752351
3.250545 0.751964
3.250805 0.751879
3.275609 0.751636
3.274387 0.751861
3.275817 0.751570
3.184821 0.726387
3.181405 0.721865
3.180575 0.720777
3.176693 0.715247
3.175075 0.712591
3.176488 0.711525
3.173125 0.709791
3.105981 0.689259
3.100118 0.692077
3.112224 0.685890
3.107323 0.688482
3.114258 0.684887
1.572368 1.125752
1.566093 1.124635
1.559819 1.123489
1.553544 1.122298
1.534722 1.119076
1.528453 1.118571
1.522183 1.118081
1.515912 1.117442
1.509641 1.116920
1.503370 1.116193
1.578716 1.126523
1.573309 1.123250
1.567243 1.121619
1.552042 1.121980
1.547269 1.120960
1.548615 1.117811
1.540995 1.119995
1.540050 1.119856
1.541265 1.119358
1.283429 1.027845
1.302210 1.025052
1.295951 1.026134
1.289693 1.027233
1.289553 1.027254
1.290174 1.026100
1.314737 1.024083
1.308474 1.024751
1.303802 1.024912
0.506154 0.705030
0.507490 0.700428
1.765442 1.082399
1.796779 1.083021
1.790516 1.083458
1.784250 1.083512
1.785817 1.081827
1.777983 1.083331
1.778717 1.082746
1.771712 1.082825
1.765957 1.082419
1.772031 1.082657
1.809304 1.081777
1.803043 1.082748
1.796893 1.083004
1.804247 1.081146
1.816075 1.080243
1.359423 0.913838
1.356926 0.910232
1.356190 0.908411
1.353449 0.903087
1.351870 0.897985
1.351389 0.895730
1.351732 0.889975
1.030163 0.779848
1.031890 0.778570
1.036382 0.772874
1.035384 0.774340
1.036698 0.773766
0.992447 0.762861
1.038026 0.769993
1.044040 0.767319
0.991986 0.761844
0.988523 0.756387
0.986107 0.752291
0.986718 0.754523
0.985513 0.751028
0.830719 0.699514
0.880410 0.700339
0.874601 0.698072
0.849512 0.693621
0.842656 0.693949
0.835313 0.694781
0.834636 0.695342
0.835434 0.695174
0.861574 0.692125
0.855517 0.690469
0.848801 0.690452
0.841553 0.691066
0.839811 0.691433
0.841761 0.691237
2.237269 1.041094
2.249779 1.037819
2.243518 1.038535
2.241755 1.038964
2.262286 1.033990
2.256027 1.035215
2.253372 1.036163
2.265439 1.033486
2.412972 0.954625
2.406712 0.955598
2.425488 0.952049
2.419230 0.953488
2.416263 0.954038
2.420069 0.952518
2.431742 0.950373
2.428298 0.951339
2.432923 0.949051
2.474339 0.802578
2.486850 0.799410
2.480592 0.800726
2.476921 0.801701
2.474739 0.800246
2.493101 0.797293
2.488508 0.798890
2.487242 0.797612
2.482034 0.793890
2.608146 0.741609
2.605676 0.736476
2.605525 0.736298
2.605703 0.736255
2.603216 0.731064
2.606029 0.730531
3.198207 0.775442
3.198337 0.775387
3.198039 0.775334
3.199156 0.770705
3.198165 0.769385
3.197249 0.770366
3.193277 0.766011
3.047408 0.717387
3.046132 0.719498
3.047569 0.719372
3.053636 0.711785
3.048699 0.715092
3.054531 0.713837
3.055106 0.711403
3.060749 0.710161
3.348949 0.700438
3.349628 0.695703
3.354231 0.694412
3.361328 0.688565
3.349085 0.690779
3.354238 0.689470
