0.068063 0.905467
0.080565 0.906692
0.081639 0.907238
0.074316 0.905863
0.072660 0.905714
0.074520 0.905966
0.081085 0.906800
0.087775 0.908497
0.358221 0.909010
0.351956 0.909637
0.384774 0.908351
0.377014 0.907262
0.378002 0.908212
0.370747 0.907957
0.371343 0.908440
0.364485 0.908343
0.362068 0.908603
0.364614 0.908439
0.409824 0.905487
0.403195 0.905810
0.396503 0.905930
0.389887 0.906295
0.383277 0.906759
0.382680 0.906824
0.383311 0.906787
0.808657 0.876804
0.802046 0.877186
0.794458 0.877088
0.795456 0.877645
0.788193 0.877783
0.788885 0.878158
0.781929 0.878328
0.782255 0.878482
0.775664 0.879079
0.774735 0.879153
0.775715 0.879097
0.820872 0.875936
0.814204 0.876131
0.806986 0.876018
0.807528 0.876306
0.800722 0.876506
0.797794 0.876760
0.800885 0.876582
1.078380 0.878635
1.072123 0.878584
1.092208 0.879883
1.084635 0.878895
1.078522 0.878637
1.085307 0.879320
1.104725 0.879997
1.097930 0.879779
1.090891 0.879089
1.089651 0.879073
1.091024 0.879203
1.348031 0.879787
1.341772 0.879922
1.366816 0.878819
1.368420 0.880969
1.360556 0.878951
1.361523 0.880419
1.354292 0.879550
1.350061 0.879807
1.354729 0.880208
1.380528 0.879759
1.367265 0.878822
1.373743 0.879576
1.529322 0.878443
1.523063 0.878570
1.549546 0.879174
1.541840 0.878298
1.542735 0.878905
1.535582 0.878237
1.532496 0.878275
1.535834 0.878344
1.568460 0.878234
1.561790 0.878422
1.555096 0.878539
1.548100 0.878052
1.546449 0.878072
1.548232 0.878098
1.806957 0.882583
1.833561 0.883764
1.825726 0.883108
1.826615 0.883056
1.819470 0.882859
1.819789 0.882737
1.813206 0.883390
1.812426 0.883404
1.813257 0.883379
1.845791 0.882964
1.839032 0.882863
1.826655 0.883126
1.832409 0.883206
2.104645 0.859676
2.118259 0.862294
2.110893 0.860560
2.110323 0.860360
2.110979 0.860496
2.124529 0.863980
2.117131 0.862316
2.115962 0.862098
2.117285 0.862302
2.460897 0.857413
2.454179 0.857447
2.446688 0.857345
2.447426 0.857368
2.440432 0.857244
2.438105 0.857079
2.440683 0.857321
2.473413 0.857506
2.466706 0.857577
2.459205 0.857360
2.459960 0.857516
2.452946 0.857394
2.449821 0.857355
2.453223 0.857490
2.801356 0.845262
2.828054 0.844694
2.821402 0.844947
2.813876 0.844854
2.814754 0.845211
2.807615 0.845115
2.802100 0.845224
2.808057 0.845313
2.840525 0.844652
2.833881 0.844930
2.827152 0.844929
2.820136 0.844708
2.817317 0.844685
2.820370 0.844756
3.124603 0.845055
3.144880 0.846567
3.137115 0.845427
3.137932 0.845852
3.130861 0.845061
3.129713 0.845018
3.130985 0.845141
3.150912 0.847479
3.143363 0.846345
3.139685 0.845731
3.143883 0.846498
3.354896 0.851035
3.381313 0.849591
3.374594 0.849624
3.367936 0.849856
3.361147 0.851613
3.355560 0.851054
3.361402 0.850491
3.394033 0.850366
3.387387 0.850635
3.380704 0.850783
3.374057 0.851051
3.367401 0.851953
3.365194 0.851831
3.367491 0.851580
0.178626 0.916179
0.211487 0.913776
0.203691 0.913003
0.204724 0.913665
0.197426 0.913708
0.198205 0.914348
0.191156 0.914751
0.191655 0.914935
0.184888 0.915766
0.179432 0.916138
0.185161 0.915704
0.224067 0.914084
0.217228 0.913726
0.209949 0.913107
0.205604 0.913000
0.210359 0.913269
0.676344 0.887352
0.669882 0.888222
0.662144 0.888092
0.663431 0.889128
0.655874 0.889085
0.656975 0.890021
0.649606 0.890030
0.650460 0.890719
0.643339 0.890915
0.643963 0.891478
0.637073 0.891695
0.637404 0.892033
0.630804 0.892573
0.629944 0.892666
0.630855 0.892624
0.707586 0.882726
0.700996 0.883178
0.694415 0.883654
0.687904 0.884364
0.681495 0.885402
0.674681 0.886181
0.675091 0.886454
0.668412 0.887130
0.662388 0.888056
0.668617 0.887281
1.207408 0.882531
1.199783 0.881664
1.200514 0.881992
1.193528 0.881460
1.192344 0.881442
1.193641 0.881520
1.219888 0.882518
1.213058 0.882187
1.206040 0.881768
1.204162 0.881710
1.206219 0.881828
1.508797 0.877672
1.502540 0.877708
1.529065 0.878211
1.521314 0.877629
1.522312 0.878130
1.515056 0.877592
1.510070 0.877635
1.515442 0.877672
1.541489 0.878051
1.534732 0.877960
1.523595 0.877533
1.527856 0.877482
1.847983 0.886114
1.874707 0.886287
1.866767 0.885283
1.868127 0.886774
1.860508 0.885341
1.861382 0.886723
1.854247 0.885614
1.852503 0.885815
1.854439 0.886020
1.893386 0.884567
1.886743 0.884848
1.880184 0.885397
1.873027 0.885100
1.867895 0.885253
1.873498 0.885539
0.178551 0.916089
0.171764 0.915901
0.164346 0.916642
0.165246 0.916589
0.158082 0.917150
0.158650 0.917024
0.151825 0.917103
0.150269 0.917094
0.151910 0.916989
0.203479 0.912776
0.196869 0.913164
0.189414 0.913273
0.190449 0.914168
0.183148 0.914033
0.183955 0.914931
0.176884 0.914567
0.177200 0.914846
0.170614 0.915700
0.165956 0.916423
0.170736 0.915711
0.624226 0.892950
0.616532 0.892416
0.617604 0.893298
0.610266 0.893197
0.611043 0.893845
0.604000 0.893972
0.604509 0.894482
0.597735 0.894631
0.662135 0.888085
0.655640 0.888847
0.649133 0.889566
0.642589 0.890165
0.635333 0.889938
0.635996 0.890608
0.629064 0.890900
0.629473 0.891279
0.622798 0.891720
0.620719 0.891952
0.622911 0.891820
1.004277 0.877655
1.030967 0.877654
1.024253 0.877703
1.016787 0.878177
1.017576 0.877872
1.010533 0.877865
1.007090 0.877697
1.010818 0.877774
1.036892 0.878218
1.030192 0.878312
1.023044 0.878295
1.017909 0.878207
1.023443 0.878245
1.234577 0.882925
1.261264 0.882614
1.254577 0.882751
1.247096 0.882593
1.247768 0.882492
1.240839 0.882562
1.237274 0.882706
1.241050 0.882526
1.280114 0.881439
1.273596 0.882123
1.266949 0.882386
1.259615 0.882416
1.260263 0.882527
1.253354 0.882629
1.250434 0.882654
1.253581 0.882679
1.638198 0.882509
1.631938 0.882749
1.658435 0.883182
1.650717 0.882205
1.651631 0.882937
1.644457 0.882419
1.640576 0.882435
1.644801 0.882604
1.670761 0.882686
1.663988 0.882540
1.656977 0.882048
1.655104 0.882081
1.657147 0.882178
2.084110 0.859861
2.077847 0.860236
2.103965 0.859566
2.096624 0.860006
2.097076 0.859042
2.090364 0.860187
2.087570 0.859797
2.090556 0.859722
2.110230 0.861243
2.098983 0.860177
2.103193 0.860241
2.460963 0.857396
2.487645 0.856863
2.481039 0.857267
2.473478 0.857492
2.474334 0.857344
2.467219 0.857498
2.461912 0.857394
2.467634 0.857437
2.500142 0.856900
2.493479 0.857113
2.486795 0.857259
2.479736 0.857484
2.474427 0.857481
2.480117 0.857425
2.881746 0.843526
2.914680 0.841929
2.908037 0.842207
2.900531 0.842565
2.901395 0.842488
2.894269 0.842932
2.894793 0.842904
2.888008 0.843183
2.885489 0.843333
2.888160 0.843214
2.927032 0.841516
2.920404 0.841842
2.913754 0.842101
2.906790 0.842438
2.902029 0.842495
2.907098 0.842336
3.280570 0.850210
3.273837 0.850196
3.266506 0.851051
3.267200 0.850498
3.260240 0.851816
3.260728 0.851337
3.253974 0.852614
3.254288 0.852280
3.247706 0.853546
3.247897 0.853384
3.241435 0.854717
3.286549 0.850937
3.279713 0.850589
3.272767 0.850780
3.268243 0.850981
3.273007 0.850663
0.124599 0.915692
0.117043 0.914694
0.112451 0.914143
0.117597 0.914801
0.135825 0.914008
0.137285 0.916333
0.129561 0.914593
0.130378 0.915755
0.123299 0.914978
0.121809 0.914976
0.123463 0.915146
0.583458 0.894716
0.577193 0.895351
0.570928 0.896094
0.564662 0.896824
0.616302 0.892210
0.609731 0.892723
0.602257 0.892483
0.603114 0.893087
0.595993 0.893074
0.596493 0.893440
0.589726 0.893904
0.584262 0.894623
0.589966 0.894096
0.936436 0.876359
0.956819 0.877227
0.948948 0.876636
0.950024 0.877010
0.942692 0.876475
0.937141 0.876407
0.943172 0.876608
0.969396 0.877539
0.962581 0.877256
0.949128 0.876644
0.955756 0.876945
1.166749 0.880472
1.186813 0.881194
1.179261 0.880763
1.179995 0.880905
1.173005 0.880629
1.170980 0.880550
1.173186 0.880644
1.199379 0.881466
1.192532 0.881082
1.185518 0.880796
1.182975 0.880777
1.185726 0.880832
1.759624 0.883543
1.753365 0.883643
1.779600 0.883335
1.772142 0.883320
1.772907 0.883456
1.765881 0.883571
1.761425 0.883577
1.766235 0.883639
1.798869 0.883541
1.791974 0.883001
1.785351 0.883348
1.778401 0.883185
1.775749 0.883272
1.778605 0.883288
2.172433 0.865719
2.166173 0.865987
2.159907 0.866763
2.158025 0.866917
2.192664 0.866742
2.184956 0.865154
2.186068 0.867170
2.178692 0.865646
2.175575 0.865821
2.179272 0.866950
2.588581 0.856879
2.580668 0.854896
2.581316 0.855126
2.574411 0.854755
2.573824 0.854699
2.574470 0.854744
2.594065 0.855992
2.586919 0.855509
2.584666 0.855198
2.587153 0.855393
1.874774 0.886149
1.868512 0.886463
1.913858 0.882303
1.907303 0.882867
1.900767 0.883497
1.893565 0.884539
1.894244 0.884167
1.887304 0.884816
1.887676 0.884694
1.881038 0.885565
1.876441 0.886098
1.881204 0.885530
1.932605 0.880825
1.926094 0.881534
1.919559 0.882160
1.913056 0.882892
1.906529 0.883550
1.899827 0.884149
1.896942 0.884334
1.899963 0.884074
2.365992 0.855119
2.359351 0.855404
2.352700 0.855659
2.345789 0.856904
2.346119 0.856141
2.339531 0.856900
2.338573 0.856843
2.339582 0.856769
2.378622 0.855582
2.371996 0.855919
2.365336 0.856145
2.358305 0.856902
2.358676 0.856366
2.352047 0.856837
2.351602 0.856805
2.352070 0.856767
2.714664 0.850907
2.708405 0.851033
2.754004 0.847756
2.747460 0.848355
2.740904 0.848920
2.734334 0.849438
2.727186 0.850466
2.727771 0.849976
2.720924 0.850697
2.715706 0.850866
2.721204 0.850502
2.746648 0.848923
2.740107 0.849532
2.733447 0.850108
2.731504 0.850225
2.733546 0.850078
3.145119 0.846563
3.158854 0.848256
3.151368 0.847324
3.147419 0.846776
3.151882 0.847463
3.165082 0.849795
3.157612 0.848715
3.155021 0.848041
3.158006 0.848665
0.298159 0.911155
0.291781 0.912298
0.285241 0.912916
0.277800 0.913466
0.278635 0.913319
0.271537 0.913914
0.272015 0.913674
0.265279 0.913992
0.263800 0.914013
0.265359 0.913912
0.329293 0.906176
0.322540 0.906099
0.316165 0.907244
0.309819 0.908487
0.302880 0.909141
0.303341 0.909303
0.296611 0.910083
0.296883 0.910181
0.290340 0.911316
0.290518 0.911363
0.284069 0.912515
0.280977 0.913010
0.284142 0.912512
0.769083 0.879414
0.761384 0.879402
0.762512 0.879935
0.755119 0.880028
0.755940 0.880443
0.748853 0.880827
0.749410 0.881094
0.742587 0.881561
0.742864 0.881691
0.794268 0.876945
0.787692 0.877443
0.781090 0.877852
0.773915 0.878066
0.774545 0.878449
0.767650 0.878734
0.761506 0.879388
0.767955 0.878902
1.261371 0.882580
1.300511 0.878941
1.293998 0.879643
1.287448 0.880228
1.280158 0.881418
1.280891 0.880788
1.273894 0.881976
1.274420 0.881631
1.267632 0.882272
1.263274 0.882502
1.267887 0.882272
1.319348 0.877739
1.312774 0.878241
1.306212 0.878783
1.299626 0.879246
1.292688 0.880142
1.293081 0.879843
1.286423 0.880713
1.281435 0.881272
1.286603 0.880656
1.732835 0.883393
1.759473 0.883527
1.751612 0.883019
1.752667 0.883278
1.745353 0.883135
1.745906 0.883173
1.739093 0.883409
1.737175 0.883367
1.739243 0.883385
1.771809 0.883073
1.765051 0.882976
1.751694 0.883017
1.758308 0.882928
0.047458 0.902334
0.039570 0.900279
0.040292 0.900907
0.033312 0.900344
0.032231 0.900349
0.033399 0.900368
0.052083 0.900629
0.053016 0.901670
0.045825 0.900513
0.044359 0.900525
0.045972 0.900643
0.065541 0.901844
0.056539 0.900748
0.058531 0.900933
0.531569 0.900802
0.525297 0.902112
0.519021 0.903813
0.583418 0.894687
0.576814 0.895092
0.569183 0.894882
0.570251 0.895628
0.562916 0.895586
0.563681 0.896148
0.556648 0.896531
0.557194 0.896938
0.550380 0.897495
0.550718 0.897761
0.544110 0.898553
0.544271 0.898682
0.537840 0.899704
0.537025 0.899847
0.537861 0.899721
0.515654 0.904908
0.512741 0.905889
0.512858 0.905973
0.506457 0.908133
0.500178 0.910137
0.493902 0.911800
0.487629 0.913156
0.588684 0.893134
0.582126 0.893689
0.575449 0.894114
0.573165 0.894400
0.575550 0.894183
1.706042 0.883550
1.732486 0.883294
1.725659 0.882973
1.718556 0.883807
1.718998 0.883195
1.712300 0.883565
1.711460 0.883505
1.712359 0.883486
1.751607 0.883016
1.744841 0.882894
1.738196 0.883167
1.731517 0.883328
1.724815 0.883655
1.723756 0.883674
1.724864 0.883577
2.332999 0.857246
2.326376 0.857595
2.306449 0.860073
2.345527 0.857370
2.339001 0.858033
2.332434 0.858560
2.325862 0.859069
2.319327 0.859700
2.309989 0.860696
2.312790 0.860326
2.351531 0.858224
2.344986 0.858818
2.338396 0.859272
2.331930 0.860121
2.325554 0.861267
2.319154 0.862332
2.312670 0.863408
2.312007 0.863293
2.312693 0.863203
2.662773 0.857230
2.714618 0.850970
2.708059 0.851523
2.701482 0.852019
2.694988 0.852785
2.688526 0.853654
2.681568 0.855290
2.682108 0.854670
2.675303 0.855967
2.675663 0.855596
2.669037 0.856651
2.663998 0.857152
2.669220 0.856529
2.727007 0.850691
2.720466 0.851301
2.713924 0.851904
2.707417 0.852624
2.700902 0.853319
2.694094 0.854342
2.694419 0.854116
2.687832 0.854724
2.686898 0.854804
2.687869 0.854697
3.097796 0.846551
3.091526 0.847703
3.124174 0.844871
3.116595 0.844250
3.117418 0.844782
3.110333 0.844644
3.110744 0.844959
3.104066 0.845426
3.099062 0.846323
3.104187 0.845524
3.136820 0.845413
3.129920 0.844857
3.122854 0.844215
3.121203 0.844164
3.123015 0.844283
3.470026 0.855374
3.465875 0.854691
3.476273 0.856426
3.473739 0.855875
3.476900 0.857278
3.489972 0.859224
3.481400 0.857162
3.482749 0.857621
0.082309 0.908099
0.096214 0.910888
0.088554 0.909294
0.085503 0.908621
0.089027 0.909392
0.101067 0.909540
0.102025 0.911073
0.094806 0.909818
0.093339 0.909834
0.094981 0.910046
0.411810 0.908278
0.405543 0.909013
0.399278 0.909702
0.436871 0.905676
0.438548 0.908170
0.430607 0.906105
0.431612 0.907493
0.424342 0.906747
0.424868 0.907445
0.418076 0.907510
0.415498 0.907858
0.418211 0.907682
0.450666 0.907014
0.438268 0.905577
0.443566 0.905807
0.862334 0.875228
0.888935 0.875278
0.881115 0.874587
0.882215 0.875308
0.874853 0.875001
0.875525 0.875432
0.868593 0.875207
0.866738 0.875223
0.868757 0.875306
0.907843 0.874303
0.901049 0.874091
0.894351 0.874188
0.887378 0.874109
0.883058 0.874442
0.887680 0.874379
1.113157 0.881403
1.146163 0.880291
1.139496 0.880492
1.131940 0.880568
1.132866 0.880815
1.125679 0.880783
1.126145 0.880838
1.119420 0.880896
1.119207 0.880906
1.119433 0.880895
1.158659 0.880334
1.151953 0.880409
1.145277 0.880579
1.138198 0.880523
1.133850 0.880506
1.138548 0.880580
1.422143 0.879981
1.415880 0.880455
1.455190 0.878669
1.447201 0.877591
1.448358 0.878336
1.440938 0.878025
1.441697 0.878555
1.434674 0.878628
1.435054 0.878834
1.428407 0.879395
1.426324 0.879605
1.428504 0.879418
1.467242 0.877297
1.460503 0.877262
1.448205 0.877524
1.453815 0.877395
1.617675 0.881633
1.611411 0.882153
1.638012 0.882407
1.630195 0.881272
1.631228 0.882228
1.623935 0.881444
1.619359 0.881508
1.624353 0.881751
1.650316 0.881842
1.643530 0.881658
1.636454 0.881204
1.633607 0.881224
1.636730 0.881425
0.145123 0.916799
0.137555 0.916631
0.138421 0.916887
0.131297 0.916651
0.128224 0.916362
0.131597 0.916578
0.164278 0.916588
0.156344 0.915285
0.157579 0.916686
0.150081 0.915702
0.150782 0.916465
0.143817 0.916272
0.140448 0.916510
0.144047 0.916446
0.438600 0.908250
0.432339 0.908598
0.426074 0.909179
0.451122 0.907743
0.452602 0.910117
0.444863 0.907826
0.439073 0.908226
0.445432 0.908679
0.464858 0.909397
0.453819 0.907831
0.457877 0.908578
0.956958 0.877267
0.977189 0.877828
0.969471 0.877546
0.970363 0.877510
0.963215 0.877311
0.958579 0.877282
0.963583 0.877340
0.989709 0.877950
0.982990 0.877982
0.975725 0.877919
0.970254 0.877589
0.976211 0.877820
1.300721 0.878654
1.327119 0.877939
1.319505 0.877696
1.320489 0.878260
1.313241 0.878217
1.313864 0.878598
1.306979 0.878627
1.304426 0.878712
1.307160 0.878677
1.346098 0.877205
1.339242 0.876791
1.332476 0.876670
1.325767 0.877381
1.322550 0.877512
1.325957 0.877348
1.549843 0.879479
1.543583 0.879639
1.568629 0.878408
1.570055 0.880224
1.562364 0.879037
1.563302 0.880145
1.556102 0.879290
1.553185 0.879326
1.556380 0.879517
1.588940 0.879187
1.582220 0.879216
1.570573 0.878310
1.575361 0.878793
1.947189 0.878121
1.940664 0.878786
1.934176 0.879573
1.927699 0.880397
1.921205 0.881169
1.914123 0.882213
1.907860 0.882671
1.959493 0.877528
1.952976 0.878214
1.946452 0.878883
1.939179 0.880032
1.939924 0.879538
1.932915 0.880631
1.933419 0.880265
1.926651 0.881176
1.926914 0.880995
1.920388 0.881656
1.920364 0.881657
1.920388 0.881655
0.211698 0.913928
0.238444 0.913913
0.231692 0.913834
0.224212 0.914189
0.225073 0.914194
0.217953 0.914139
0.213793 0.913951
0.218363 0.914260
0.244391 0.914534
0.236730 0.913927
0.237518 0.914064
0.230470 0.914128
0.225930 0.914135
0.230772 0.914008
0.676426 0.887406
0.670157 0.888429
0.663887 0.889514
0.715481 0.883322
0.707766 0.882851
0.708905 0.883819
0.701500 0.883554
0.702336 0.884342
0.695235 0.884281
0.695763 0.884847
0.688966 0.885159
0.689217 0.885444
0.682696 0.886270
0.679959 0.886775
0.682763 0.886341
0.733955 0.880958
0.727380 0.881455
0.720808 0.881962
0.711109 0.882507
0.714194 0.882335
1.031068 0.877617
1.051137 0.877602
1.044444 0.877715
1.037323 0.877878
1.032443 0.877646
1.037713 0.877711
1.063713 0.877916
1.056971 0.877871
1.049836 0.878129
1.050302 0.878064
1.043577 0.878207
1.043114 0.878192
1.043616 0.878202
1.368549 0.881124
1.362287 0.881476
1.388985 0.882206
1.381072 0.880524
1.382225 0.882101
1.374809 0.881018
1.369524 0.881150
1.375406 0.881807
1.414063 0.879408
1.407424 0.879699
1.400784 0.879987
1.393596 0.879717
1.394169 0.880356
1.387334 0.880150
1.386596 0.880189
1.387402 0.880230
1.780158 0.883390
1.806528 0.883378
1.798929 0.883569
1.799782 0.883323
1.792673 0.883399
1.793080 0.883409
1.786413 0.883643
1.786307 0.883637
1.786421 0.883637
1.825642 0.883082
1.818788 0.882677
1.812136 0.882925
1.799552 0.883587
1.805556 0.883407
2.213447 0.865514
2.206894 0.866088
2.200308 0.866554
2.192956 0.866645
2.193701 0.866952
2.186693 0.867136
2.187132 0.867476
2.180421 0.868405
2.180942 0.869237
2.174144 0.870099
2.167872 0.871395
2.219667 0.867027
2.213076 0.867476
2.205470 0.866877
2.206424 0.867724
2.199212 0.866758
2.196618 0.866787
2.199509 0.867119
2.662731 0.857313
2.656208 0.857988
2.648493 0.857725
2.649617 0.858436
2.642232 0.858019
2.643004 0.858816
2.635967 0.858624
2.636425 0.859308
2.629698 0.859616
2.626543 0.860072
2.629896 0.859958
2.681394 0.855523
2.674931 0.856386
2.668413 0.857071
2.661019 0.856865
2.661805 0.857467
2.654755 0.857326
2.649651 0.857656
2.655160 0.857738
3.042517 0.840983
3.055030 0.841241
3.056058 0.842166
3.048774 0.841127
3.046056 0.841026
3.049092 0.841392
3.068649 0.842541
3.057923 0.841307
3.061670 0.841730
3.421032 0.847391
3.414777 0.847222
3.441086 0.847026
3.434306 0.846858
3.427284 0.847965
3.421257 0.847403
3.427666 0.847151
3.447414 0.848908
3.440515 0.848355
3.433533 0.848709
3.430422 0.848309
3.433752 0.848241
3.635561 0.870007
3.627887 0.868329
3.625713 0.867487
3.628197 0.867930
3.629928 0.869542
3.634888 0.870977
3.641556 0.873981
3.633902 0.871702
3.634145 0.871770
3.757685 0.907834
3.758877 0.908630
3.751425 0.908072
3.752162 0.908679
3.745159 0.908706
3.745591 0.909192
3.738887 0.910016
3.739291 0.910594
3.732613 0.911499
3.733037 0.912147
3.726340 0.912932
3.726719 0.913487
3.720073 0.913801
3.719942 0.913789
3.720096 0.913835
3.757972 0.907856
3.764821 0.909252
0.053819 0.902690
0.066330 0.903108
0.067350 0.904525
0.060072 0.903092
0.058680 0.903078
0.060248 0.903309
0.080433 0.906499
0.070500 0.903376
0.072971 0.904119
0.452851 0.910503
0.446594 0.910441
0.465370 0.910217
0.466748 0.912361
0.459109 0.910443
0.454440 0.910535
0.459699 0.911319
0.497929 0.907540
0.491673 0.909073
0.485044 0.909400
0.477900 0.908847
0.478482 0.909937
0.471632 0.909769
0.470206 0.909891
0.471788 0.910053
0.915918 0.875008
0.909658 0.875198
0.936367 0.876357
0.928428 0.875484
0.929482 0.875846
0.922173 0.875254
0.917522 0.875102
0.922629 0.875441
0.948930 0.876627
0.942093 0.876278
0.928819 0.875506
0.935244 0.875883
1.482007 0.877733
1.475747 0.877862
1.508693 0.877604
1.501926 0.877478
1.494528 0.877159
1.495124 0.877243
1.488267 0.877512
1.484533 0.877730
1.488490 0.877549
1.521138 0.877515
1.514353 0.877330
1.507509 0.876957
1.500785 0.877277
1.499574 0.877269
1.500879 0.877276
0.298356 0.911357
0.292085 0.912553
0.329695 0.906787
0.330970 0.908439
0.323431 0.907379
0.324150 0.908142
0.317161 0.908459
0.317624 0.908800
0.310892 0.909543
0.311152 0.909636
0.304625 0.910426
0.303155 0.910647
0.304664 0.910425
0.356264 0.906358
0.349434 0.906030
0.342614 0.905732
0.335962 0.906110
0.334837 0.906249
0.336015 0.906156
0.835539 0.875647
0.861987 0.875168
0.854321 0.874955
0.855237 0.875101
0.848061 0.875145
0.848557 0.875258
0.841799 0.875482
0.840337 0.875523
0.841899 0.875491
0.880996 0.874524
0.874328 0.874718
0.867567 0.874617
0.860583 0.874525
0.856161 0.874856
0.860882 0.874757
1.146218 0.880298
1.166400 0.880456
1.158733 0.880350
1.159676 0.880468
1.152474 0.880484
1.146849 0.880311
1.152976 0.880566
1.178961 0.880714
1.172201 0.880610
1.164989 0.880473
1.159656 0.880349
1.165439 0.880499
1.455206 0.878674
1.448947 0.878702
1.481806 0.877694
1.475039 0.877571
1.467733 0.877662
1.468406 0.877882
1.461468 0.878305
1.455374 0.878680
1.461864 0.878490
1.494062 0.876989
1.487338 0.877004
1.480788 0.877585
1.473988 0.877859
1.471869 0.877872
1.474166 0.877929
3.071012 0.845921
3.097767 0.846533
3.089790 0.845582
3.091359 0.847579
3.083528 0.845937
3.084699 0.847807
3.077268 0.846126
3.074894 0.846095
3.077638 0.846717
3.116232 0.844107
3.109550 0.844258
3.102952 0.844685
3.096054 0.844970
3.090259 0.845531
3.096415 0.845306
0.026534 0.899921
0.037829 0.898771
0.038865 0.899410
0.031563 0.899398
0.032121 0.899362
0.025299 0.899959
0.025517 0.899765
0.385014 0.908779
0.378748 0.909507
0.372481 0.910309
0.410077 0.905866
0.411542 0.907872
0.403810 0.906690
0.404853 0.908002
0.397546 0.907331
0.398119 0.907989
0.391280 0.908084
0.387695 0.908487
0.391491 0.908316
0.436738 0.905484
0.429889 0.905094
0.423163 0.905105
0.413552 0.905477
0.416492 0.905292
0.889124 0.875373
0.882863 0.875706
0.915757 0.874973
0.907908 0.874321
0.908966 0.874770
0.901649 0.874454
0.902299 0.874973
0.895385 0.875009
0.891864 0.875226
0.895653 0.875244
0.928387 0.875470
0.921532 0.875057
0.908588 0.874351
0.914695 0.874706
1.327513 0.878429
1.321248 0.879184
1.346298 0.877470
1.347770 0.879453
1.340036 0.877836
1.340780 0.878603
1.333777 0.877956
1.332315 0.878060
1.333879 0.878040
1.366755 0.878734
1.359718 0.877735
1.352561 0.877031
1.348378 0.877350
1.352894 0.877422
1.570363 0.880572
1.564102 0.880950
1.597120 0.880714
1.589150 0.879406
1.590497 0.881059
1.582887 0.879887
1.583730 0.880933
1.576627 0.880103
1.574526 0.880223
1.576812 0.880319
1.609500 0.880403
1.602718 0.880231
1.591626 0.879271
1.595838 0.879738
1.947217 0.878107
1.986451 0.874491
1.979951 0.875235
1.973398 0.875812
1.966852 0.876410
1.959740 0.877361
1.960311 0.877026
1.953479 0.877742
1.947821 0.878064
1.953739 0.877536
2.005281 0.873257
1.998825 0.874144
1.992319 0.874870
1.985769 0.875448
1.979224 0.876045
1.972264 0.876728
1.972626 0.876472
1.966003 0.876947
1.965340 0.876977
1.966036 0.876924
2.413162 0.855342
2.405645 0.855341
2.406261 0.854776
2.399395 0.854659
2.398643 0.854520
2.399468 0.854567
2.425923 0.856235
2.419128 0.856021
2.411896 0.855971
2.407464 0.855487
2.412318 0.855756
2.768108 0.846703
2.761489 0.847060
2.754005 0.847756
2.754894 0.847498
2.747743 0.848156
2.748307 0.847964
2.741482 0.848436
2.741704 0.848375
2.787074 0.845887
2.780473 0.846301
2.773870 0.846711
2.766527 0.847188
2.767259 0.847095
2.760266 0.847456
2.754020 0.847754
2.760629 0.847416
0.096552 0.911073
0.110506 0.913615
0.102799 0.911942
0.098673 0.911453
0.103299 0.912051
0.115312 0.912227
0.116325 0.913817
0.109052 0.912408
0.107628 0.912392
0.109220 0.912589
0.531418 0.900656
0.525068 0.901893
0.518889 0.903688
0.467101 0.912786
0.568990 0.894727
0.562398 0.895174
0.555907 0.895946
0.549430 0.896762
0.543013 0.897774
0.536094 0.898479
0.536626 0.898884
0.529824 0.899586
0.530226 0.899952
0.523552 0.900944
0.523917 0.901315
0.517276 0.902603
0.517743 0.903122
0.510997 0.904431
0.511640 0.905158
0.504719 0.906329
0.505577 0.907327
0.498439 0.908315
0.499495 0.909435
0.492165 0.909842
0.493298 0.911171
0.485895 0.910826
0.486940 0.912384
0.479625 0.911980
0.480592 0.913626
0.473359 0.912706
0.469897 0.912824
0.473802 0.913425
0.977485 0.877807
1.004063 0.877692
0.997372 0.877813
0.989999 0.877967
0.990695 0.877985
0.983741 0.877967
0.980984 0.877928
0.983963 0.877972
1.016704 0.878212
1.009974 0.878210
1.003226 0.878144
0.996257 0.877996
0.993922 0.877935
0.996434 0.877942
1.234431 0.882884
1.227834 0.883313
1.220306 0.882609
1.221095 0.883281
1.214048 0.882610
1.212429 0.882638
1.214214 0.882782
1.246848 0.882664
1.240171 0.882833
1.232822 0.882567
1.233465 0.882907
1.226563 0.882641
1.225374 0.882635
1.226676 0.882708
1.685508 0.883692
1.679251 0.883642
1.705668 0.883610
1.698024 0.883779
1.698943 0.883622
1.691766 0.883705
1.685534 0.883692
1.692190 0.883544
1.718261 0.883984
1.711499 0.883874
1.704283 0.883615
1.698200 0.883773
1.704686 0.883603
2.151911 0.864837
2.153187 0.866491
2.145647 0.865398
2.146447 0.866454
2.139381 0.866157
2.136727 0.866009
2.139817 0.866777
2.172037 0.865306
2.164445 0.863111
2.164974 0.864216
2.158177 0.864056
2.157063 0.864259
2.158241 0.864203
2.828153 0.844689
2.848314 0.844936
2.840669 0.844622
2.841607 0.845009
2.834410 0.844740
2.829677 0.844645
2.834829 0.844847
2.867325 0.844280
2.860704 0.844633
2.854035 0.844824
2.846927 0.844584
2.843140 0.844523
2.847240 0.844611
3.214368 0.853764
3.194859 0.853401
3.220643 0.855435
3.214059 0.855909
3.207430 0.856233
3.200350 0.856481
3.198687 0.855531
3.200641 0.856036
3.226887 0.857054
3.220390 0.857809
3.213849 0.858419
3.202761 0.857650
3.207144 0.858495
3.685881 0.883678
3.678559 0.883754
3.674918 0.882674
3.679153 0.883677
3.692092 0.885152
3.684805 0.884770
3.681856 0.884085
3.685086 0.884248
0.331428 0.909200
0.325165 0.909610
0.356487 0.906720
0.357862 0.908364
0.350223 0.907250
0.351070 0.908155
0.343959 0.907791
0.344329 0.908120
0.337693 0.908594
0.336202 0.908776
0.337763 0.908650
0.376447 0.906351
0.369802 0.906623
0.358456 0.906607
0.363030 0.906483
0.808736 0.876845
0.835220 0.875657
0.828594 0.875987
0.821259 0.876112
0.821970 0.876332
0.814998 0.876459
0.809938 0.876769
0.815299 0.876522
0.854213 0.874952
0.847528 0.875093
0.840888 0.875383
0.833785 0.875236
0.834191 0.875486
0.827523 0.875682
0.827506 0.875683
0.827524 0.875683
1.092639 0.880129
1.112763 0.881089
1.105153 0.880205
1.106043 0.881115
1.098894 0.880322
1.096870 0.880244
1.099170 0.880644
1.131789 0.880479
1.125084 0.880557
1.117671 0.880084
1.118376 0.880623
1.111413 0.880101
1.110431 0.880101
1.111510 0.880179
1.597153 0.880747
1.590886 0.881438
1.584624 0.881878
1.617567 0.881563
1.609671 0.880524
1.610918 0.881825
1.603410 0.880729
1.597565 0.880718
1.604026 0.881292
1.629911 0.881132
1.623085 0.880816
1.615932 0.880226
1.612379 0.880304
1.616244 0.880452
2.038411 0.865225
2.032033 0.866373
2.025622 0.867413
1.986565 0.874340
2.057249 0.864000
2.050750 0.864747
2.044311 0.865689
2.037951 0.866890
2.031611 0.868159
2.025220 0.869259
2.018840 0.870395
2.012416 0.871392
2.005351 0.873163
2.005972 0.872318
1.999086 0.873825
1.999538 0.873280
1.992824 0.874192
1.988991 0.874268
1.993018 0.873962
2.044039 0.868020
2.037624 0.869037
2.031234 0.870136
2.024810 0.871125
2.018361 0.872034
2.011610 0.873059
2.006995 0.873087
2.011826 0.872662
2.433810 0.856850
2.426167 0.856294
2.426914 0.856301
2.419915 0.855847
2.418773 0.855705
2.420046 0.855847
2.446435 0.857297
2.439620 0.857017
2.432421 0.856665
2.428739 0.856399
2.432809 0.856748
2.881558 0.843627
2.874940 0.843993
2.867464 0.844222
2.868297 0.844274
2.861204 0.844434
2.861622 0.844449
2.854943 0.844697
2.854587 0.844698
2.854970 0.844700
2.900453 0.842605
2.893880 0.843111
2.887232 0.843377
2.880577 0.843615
2.873725 0.843881
2.870411 0.844020
2.873920 0.843848
3.220903 0.854646
3.218157 0.853836
3.266443 0.851195
3.260041 0.852259
3.253629 0.853290
3.247199 0.854264
3.240788 0.855302
3.234247 0.855914
3.227145 0.856035
3.224539 0.855363
3.227431 0.855627
3.252919 0.854193
3.246461 0.855068
3.239999 0.855935
3.233400 0.856404
3.233240 0.856395
3.233410 0.856389
3.525302 0.861165
3.545513 0.861599
3.538735 0.861439
3.531548 0.862305
3.526139 0.861311
3.531981 0.861355
3.551736 0.863142
3.545042 0.863256
3.533189 0.862720
3.538232 0.862993
0.238488 0.913931
0.258648 0.913967
0.251987 0.914192
0.244740 0.914559
0.238898 0.913957
0.245251 0.914169
0.277675 0.913360
0.270990 0.913506
0.263525 0.913516
0.264279 0.913563
0.257259 0.914296
0.257705 0.914065
0.250996 0.914717
0.248650 0.914705
0.251140 0.914598
0.715775 0.883474
0.709510 0.884135
0.761378 0.879397
0.754764 0.879769
0.748233 0.880412
0.740838 0.880642
0.741675 0.880973
0.734573 0.881332
0.735139 0.881600
0.728307 0.882090
0.728622 0.882288
0.722041 0.882847
0.721398 0.882922
0.722072 0.882871
1.051601 0.877653
1.078366 0.878628
1.071557 0.878363
1.064112 0.878018
1.064817 0.878328
1.057856 0.877865
1.056801 0.877829
1.057955 0.877894
1.084142 0.878704
1.077282 0.878275
1.070369 0.878039
1.069060 0.878002
1.070489 0.878068
1.389070 0.882297
1.382807 0.882669
1.421904 0.879838
1.414131 0.879490
1.415309 0.880275
1.407866 0.880137
1.408703 0.880674
1.401602 0.880730
1.402061 0.880959
1.395336 0.881536
1.390516 0.882129
1.395538 0.881631
1.447116 0.877491
1.440382 0.877474
1.433754 0.877803
1.427180 0.878303
1.420399 0.878688
1.415499 0.879304
1.420611 0.878820
1.658721 0.883399
1.685507 0.883691
1.678759 0.883632
1.671239 0.883136
1.671988 0.883492
1.664980 0.883298
1.661981 0.883317
1.665219 0.883362
1.698011 0.883775
1.691202 0.883515
1.684348 0.883108
1.677502 0.882816
1.677005 0.882844
1.677538 0.882842
2.132777 0.865759
2.125128 0.864142
2.122672 0.863386
2.125660 0.864489
2.151689 0.864775
2.145089 0.865196
2.137641 0.864436
2.138556 0.865834
2.131376 0.865036
2.128898 0.864972
2.131727 0.865508
2.520826 0.855197
2.547501 0.854569
2.540800 0.854658
2.534073 0.854666
2.527081 0.855427
2.521499 0.855186
2.527410 0.854879
2.560005 0.854639
2.553355 0.854890
2.546689 0.855099
2.539591 0.856063
2.540098 0.855544
2.533333 0.855980
2.531518 0.855874
2.533452 0.855813
3.056771 0.842900
3.069282 0.843306
3.070292 0.844700
3.063027 0.843085
3.062547 0.843070
3.063087 0.843147
3.089754 0.845527
3.082758 0.844657
3.075539 0.843380
3.074215 0.843390
3.075697 0.843580
3.455808 0.850315
3.462048 0.851899
3.457520 0.850716
3.463256 0.853507
3.468294 0.852949
3.464300 0.852173
3.469113 0.853828
3.650109 0.874674
3.651240 0.876381
3.657472 0.878795
3.663947 0.881148
3.656315 0.879377
3.654609 0.878657
3.656664 0.879346
1.833732 0.883951
1.827478 0.883668
1.846254 0.883475
1.847530 0.885435
1.839990 0.884052
1.835120 0.883981
1.840615 0.884827
1.866619 0.885048
1.859524 0.883858
1.852514 0.883241
1.851334 0.883234
1.852609 0.883252
2.213503 0.865331
2.246556 0.863764
2.239958 0.864190
2.233404 0.864765
2.226810 0.865206
2.219746 0.866667
2.214482 0.865451
2.220143 0.865404
2.246295 0.866092
2.239649 0.866363
2.233032 0.866726
2.225994 0.867669
2.221046 0.866955
2.226361 0.866913
2.621697 0.858248
2.623225 0.860146
2.615432 0.858746
2.616252 0.859350
2.609175 0.858755
2.607367 0.858660
2.609411 0.858983
2.648416 0.857688
2.641683 0.857673
2.634227 0.856915
2.634915 0.857546
2.627964 0.857378
2.622322 0.858173
2.628216 0.857644
3.021606 0.839531
3.013983 0.839592
3.014948 0.839762
3.007716 0.840465
3.008495 0.840660
3.001443 0.841878
3.002260 0.842272
2.995165 0.843591
2.996090 0.844097
2.988886 0.845506
2.989888 0.845817
2.983604 0.847270
2.977298 0.848655
2.971120 0.850453
2.957528 0.851806
2.956647 0.850292
2.957682 0.850519
3.034131 0.839701
3.027351 0.839532
3.015231 0.839523
3.020581 0.839399
2.986425 0.846302
2.982608 0.847423
2.982715 0.847544
2.976329 0.849353
2.976631 0.849645
2.970049 0.851405
2.970549 0.851748
2.963774 0.852878
2.958402 0.852914
2.964227 0.853074
3.421020 0.847421
3.414467 0.847993
3.407906 0.848541
3.401261 0.848813
3.394213 0.849912
3.394598 0.849030
3.387961 0.849386
3.387803 0.849370
3.387971 0.849363
3.427104 0.848509
3.420495 0.848893
3.413913 0.849371
3.407319 0.849808
3.400466 0.850466
3.397313 0.850186
3.400661 0.850036
3.692812 0.885754
3.690388 0.884963
3.694558 0.887019
3.699033 0.889123
3.698909 0.889078
3.699114 0.889311
2.306324 0.861185
2.299857 0.862039
2.293363 0.862804
2.286773 0.863257
2.280111 0.863473
2.273340 0.865498
2.272629 0.863587
2.273412 0.863571
2.306198 0.863961
2.299616 0.864439
2.293004 0.864819
2.286433 0.865330
2.273831 0.866364
2.279866 0.865855
2.547624 0.854465
2.567535 0.854071
2.560138 0.854578
2.560814 0.854094
2.553879 0.854722
2.549217 0.854574
2.554189 0.854433
2.580189 0.854629
2.573451 0.854601
2.566394 0.854875
2.561884 0.854643
2.566706 0.854545
2.945394 0.847002
2.950467 0.848929
3.013907 0.839579
3.007416 0.840348
3.001082 0.841630
2.994888 0.843365
2.988797 0.845439
2.957414 0.852799
2.949537 0.849506
2.948820 0.849242
2.949748 0.849744
2.962841 0.851768
2.954564 0.850982
2.956024 0.851480
3.354861 0.851104
3.348285 0.851604
3.341857 0.852591
3.335463 0.853687
3.329037 0.854676
3.315535 0.855943
3.360961 0.852225
3.354399 0.852767
3.347860 0.853385
3.341441 0.854395
3.335020 0.855397
3.328040 0.856939
3.328558 0.856266
3.321787 0.856494
3.320769 0.856383
3.321899 0.856494
3.347512 0.855464
3.341043 0.856308
3.331087 0.857034
3.334505 0.856926
3.607401 0.864138
3.621107 0.866752
3.613635 0.866261
3.610776 0.865072
3.614056 0.865698
3.627507 0.868850
3.619870 0.868368
3.615771 0.866954
3.620414 0.867668
3.704141 0.904440
3.710379 0.906268
3.706307 0.905117
3.730850 0.908186
3.722904 0.905444
3.724546 0.909567
3.716637 0.906293
3.714506 0.906252
3.717400 0.908211
2.038488 0.865113
2.083932 0.860065
2.077419 0.860769
2.070996 0.861769
2.064514 0.862575
2.057274 0.863965
2.057988 0.863235
2.051014 0.864172
2.051382 0.863637
2.044755 0.864276
2.042334 0.864554
2.044811 0.864154
2.096498 0.860350
2.090063 0.861305
2.083607 0.862188
2.077096 0.862901
2.070560 0.863524
2.063522 0.864864
2.057738 0.863970
2.063904 0.863761
2.487760 0.856775
2.520788 0.855226
2.514201 0.855689
2.507587 0.856064
2.500276 0.856768
2.500875 0.856119
2.494019 0.856722
2.489906 0.856716
2.494250 0.856459
2.526742 0.855873
2.520068 0.856052
2.513422 0.856321
2.506532 0.856958
2.502258 0.856846
2.506798 0.856663
2.914813 0.841875
2.935014 0.842410
2.927333 0.841469
2.928043 0.841617
2.921073 0.841665
2.917091 0.841803
2.921335 0.841687
2.941122 0.843574
2.933592 0.841346
2.932282 0.841293
2.933709 0.841350
3.280792 0.850116
3.294630 0.852182
3.287043 0.850677
3.283541 0.850253
3.287461 0.850740
3.300564 0.852753
3.293292 0.851512
3.291999 0.851307
3.293449 0.851491
3.313698 0.854912
3.572500 0.861838
3.565745 0.861748
3.558969 0.861595
3.552085 0.861908
3.550404 0.861517
3.552213 0.861506
3.578661 0.863176
3.572006 0.863418
3.565265 0.863375
3.558324 0.863674
3.556567 0.863134
3.558470 0.863160
3.702443 0.898886
3.700015 0.897619
3.708679 0.900944
3.704550 0.899594
3.711345 0.901082
2.246570 0.863701
2.266750 0.863788
2.259995 0.863706
2.246775 0.863757
2.253256 0.863674
2.273304 0.866400
2.266593 0.866456
2.259709 0.865950
2.252789 0.867230
2.250718 0.865886
2.252943 0.865831
2.588662 0.856945
2.602449 0.858218
2.594920 0.856989
2.589255 0.856996
2.595944 0.858952
2.621665 0.858221
2.615036 0.858546
2.607432 0.857338
2.608268 0.858417
2.601175 0.857291
2.600992 0.857275
2.601205 0.857328
3.021999 0.839715
3.015737 0.840120
3.042153 0.840709
3.034512 0.839884
3.035309 0.840332
3.028255 0.839811
3.026339 0.839746
3.028447 0.839897
3.054720 0.841008
3.047824 0.840464
3.038857 0.839880
3.040961 0.840028
3.455401 0.849824
3.447815 0.848023
3.446214 0.847445
3.448043 0.847772
3.461649 0.851436
3.454051 0.850119
3.451436 0.849281
3.454418 0.849805
3.637614 0.870621
3.642931 0.872104
3.649773 0.875629
3.642105 0.873524
3.640949 0.872874
3.642327 0.873290
3.644731 0.875066
3.649014 0.876350
3.730890 0.908270
3.724615 0.909736
3.718347 0.910711
3.712089 0.910764
3.709734 0.910253
3.712841 0.912115
3.757658 0.907841
3.750978 0.907997
3.743423 0.906707
3.744255 0.908018
3.737159 0.907225
3.731618 0.908142
3.737464 0.907816
2.392630 0.854212
2.385892 0.854181
2.378855 0.855366
2.379297 0.854618
2.372603 0.854849
2.372265 0.854815
2.372623 0.854797
2.405496 0.855455
2.398764 0.855441
2.392039 0.855455
2.385109 0.855729
2.382318 0.855490
2.385295 0.855403
2.801313 0.845265
2.794704 0.845656
2.787074 0.845887
2.788076 0.845984
2.780813 0.846199
2.781427 0.846248
2.774553 0.846422
2.771596 0.846497
2.774761 0.846454
2.813683 0.844890
2.807073 0.845279
2.800462 0.845662
2.793334 0.845787
2.787074 0.845887
2.793801 0.845879
3.194074 0.853408
3.187131 0.852711
3.179876 0.851204
3.179533 0.851076
3.179938 0.851189
3.193623 0.855092
3.186100 0.854259
3.183923 0.853082
3.186505 0.853823
3.200125 0.857552
3.187862 0.855241
3.193084 0.856538
3.498510 0.861392
3.492249 0.861698
3.525236 0.861305
3.518494 0.861262
3.511024 0.861577
3.511760 0.861243
3.504768 0.861346
3.500882 0.861339
3.505054 0.861318
3.531394 0.862635
3.524568 0.862319
3.512413 0.861692
3.517737 0.861985
3.671985 0.882244
3.664317 0.880740
3.661705 0.879852
3.664772 0.880662
3.678263 0.883939
3.670555 0.882525
3.667272 0.881596
3.671092 0.882503
3.172954 0.850353
3.165621 0.849344
3.163718 0.848868
3.165926 0.849381
3.179356 0.852452
3.171853 0.851654
3.169447 0.850566
3.172284 0.851338
3.185866 0.854951
3.178783 0.853800
3.478002 0.859131
3.498323 0.861311
3.490510 0.859882
3.491459 0.860867
3.484254 0.859589
3.483545 0.859496
3.484383 0.859738
3.510886 0.861590
3.504014 0.861123
3.496765 0.860190
3.494488 0.859995
3.497064 0.860406
2.935338 0.842566
2.941576 0.844359
2.936692 0.843113
2.942798 0.845856
2.942805 0.844734
3.301289 0.853337
3.297757 0.852840
3.301898 0.853944
3.313787 0.854968
3.314934 0.855723
3.307537 0.854179
3.306051 0.853922
3.307796 0.854391
3.327823 0.857077
3.314404 0.855046
3.320863 0.856328
3.593146 0.862310
3.606943 0.864445
3.599385 0.864037
3.595619 0.862712
3.599877 0.863342
3.613368 0.866633
3.600821 0.864554
3.606278 0.865460
3.572621 0.861589
3.592877 0.862459
3.586051 0.862143
3.578868 0.862596
3.574308 0.861808
3.579217 0.861797
3.599214 0.864368
3.592266 0.863655
3.581231 0.863247
3.585464 0.863417
3.765684 0.909445
3.764320 0.909231
3.765912 0.909634
3.771925 0.911010
3.770965 0.910719
3.700743 0.893621
3.697855 0.892180
3.702343 0.894186
