-0.007556 0.733271
2.275691 0.949202
2.269426 0.949635
2.263148 0.948192
2.256867 0.946117
2.238046 0.943389
2.281935 0.945539
2.277055 0.948793
2.253472 0.945067
2.250587 0.944049
2.250797 0.944157
2.244315 0.943511
2.243631 0.943522
2.244363 0.943527
2.284224 0.944755
2.289217 0.943115
3.026049 0.757984
2.898750 0.721809
2.930091 0.722185
2.923820 0.721828
2.917550 0.721444
2.911281 0.721215
2.905016 0.721560
2.902290 0.721637
2.906284 0.719283
3.307211 0.749944
3.325815 0.743754
3.319313 0.743272
3.311590 0.741141
3.307258 0.744736
3.312562 0.743338
3.331212 0.741430
3.324317 0.741820
3.317858 0.741222
3.317731 0.741209
3.317862 0.741222
3.261364 0.728122
3.269044 0.724970
3.260676 0.726986
3.261537 0.726698
3.255054 0.721590
3.262858 0.718488
3.253748 0.720684
3.255322 0.720285
3.248763 0.717954
3.242480 0.715627
3.236198 0.713455
3.229921 0.711960
3.223658 0.712710
3.243985 0.710350
3.236752 0.711478
3.230108 0.711308
3.552776 0.748013
3.554330 0.749053
3.546505 0.747419
3.547295 0.749746
3.541458 0.747801
3.553211 0.747303
3.544326 0.745889
3.540196 0.741078
3.540554 0.744502
3.534925 0.742085
3.529191 0.739914
3.539392 0.739925
3.534416 0.737935
3.528603 0.735918
3.522698 0.734111
3.516747 0.732414
3.528168 0.731619
3.522157 0.730033
3.515940 0.728911
3.508756 0.725406
3.509894 0.727412
3.502480 0.724106
3.503958 0.725678
3.496202 0.722703
3.496130 0.722682
3.489924 0.720976
3.490275 0.720926
3.483647 0.719494
3.484246 0.719390
3.477366 0.717509
3.478455 0.717336
3.471085 0.715398
3.464819 0.715796
3.462508 0.717370
3.465712 0.715801
0.093366 0.735685
0.087095 0.735133
0.080811 0.732598
0.074519 0.729026
0.073027 0.728140
0.075051 0.727182
0.068225 0.724855
0.064153 0.721549
0.061920 0.719182
0.030539 0.712513
0.024283 0.714547
0.022864 0.715021
0.063464 0.712518
0.036795 0.710725
0.033535 0.711499
0.037841 0.709710
1.298657 1.078194
1.292382 1.077165
1.286107 1.076089
1.273560 1.074177
1.267286 1.073357
1.261012 1.072389
1.325015 1.079106
1.317474 1.080561
1.319111 1.077283
1.311202 1.079828
1.311997 1.078157
1.304929 1.078887
1.304069 1.078795
1.305119 1.078509
1.283123 1.075475
1.279831 1.074770
1.277067 1.074519
1.280525 1.073421
1.254739 1.071007
1.254735 1.071005
1.254735 1.071005
1.248458 1.069523
1.242180 1.067913
1.235901 1.066306
1.229622 1.064548
1.122679 1.004093
1.116412 1.004035
1.110147 1.004449
1.103881 1.004689
1.154036 1.006822
1.147763 1.006040
1.141488 1.004858
1.135217 1.004362
1.128948 1.004055
1.127046 1.004023
0.475239 0.716188
0.481487 0.713187
0.478831 0.714437
0.487736 0.710271
0.487161 0.710571
0.488197 0.709638
1.636083 1.066471
1.629805 1.064832
1.623526 1.063058
1.617249 1.061613
1.585882 1.057231
1.579612 1.057077
1.573343 1.056825
1.567075 1.056717
1.560802 1.055983
1.615008 1.061051
1.610970 1.059980
1.611375 1.059512
1.604693 1.058628
1.605464 1.057712
1.598421 1.057926
1.598943 1.057268
1.592151 1.057409
1.592012 1.057403
1.592168 1.057387
1.315586 0.936374
1.309337 0.939286
1.307889 0.939754
1.321837 0.933816
1.316752 0.935927
1.315847 0.935158
1.328091 0.931571
1.326737 0.932316
1.322629 0.929741
1.328896 0.925488
0.825255 0.712710
0.818989 0.712973
0.812720 0.712932
0.845616 0.712257
0.837781 0.711373
0.838780 0.712510
0.831518 0.712077
0.825316 0.712704
0.832018 0.712600
2.013288 1.028034
2.007027 1.028910
2.008344 1.027842
2.000756 1.028406
2.001806 1.027435
1.994483 1.027540
1.995603 1.026294
1.988208 1.026636
1.989617 1.024676
1.981930 1.025053
1.975648 1.022747
1.969364 1.020173
2.019545 1.026224
2.015919 1.026958
2.020805 1.024743
1.967120 1.019233
1.963077 1.017406
1.963699 1.017248
1.956787 1.013888
1.952574 1.011733
1.950497 1.010340
1.950780 1.010799
1.944203 1.006325
1.945272 1.008130
1.940275 1.004588
1.937915 1.003351
1.938071 1.003886
1.931632 1.000953
1.932222 1.001964
1.925356 0.999604
1.926330 1.000143
1.919092 1.000083
1.916609 1.000873
1.919656 1.000041
1.347007 0.734372
1.340765 0.738311
1.340765 0.738310
1.353276 0.734588
1.351017 0.734715
1.347054 0.733972
1.341118 0.732235
1.335289 0.730269
1.353539 0.729233
1.347454 0.727811
1.341264 0.726630
1.334399 0.723238
1.335018 0.725574
1.328135 0.723711
1.328605 0.724893
1.321868 0.723781
1.322116 0.724378
1.315591 0.722301
1.311377 0.723261
1.315835 0.723407
2.140097 0.964115
2.133835 0.965015
2.158878 0.960795
2.152619 0.962053
2.146353 0.962326
2.144996 0.962529
2.165135 0.958944
2.161582 0.959964
2.376723 0.883802
2.380416 0.879157
2.381898 0.873722
2.381788 0.874171
2.383174 0.869206
2.383031 0.866405
2.766092 0.754237
2.767055 0.753351
2.772303 0.745514
2.770474 0.748675
2.773302 0.743933
2.678089 0.714936
2.684326 0.710129
2.679678 0.713549
2.677353 0.713185
2.678131 0.713184
2.684962 0.709168
2.684355 0.708986
2.675957 0.707748
2.678264 0.707590
2.688095 0.704481
2.684455 0.703494
2.676333 0.702609
2.678244 0.702356
3.026061 0.758045
3.026167 0.757973
3.025746 0.757906
3.026084 0.757906
3.021373 0.752034
3.020202 0.750770
2.958596 0.722491
2.952101 0.721991
2.945939 0.720757
2.931788 0.718318
2.925519 0.718007
2.919250 0.717845
2.912981 0.717731
2.964390 0.719285
2.957770 0.719058
2.951453 0.718153
2.945081 0.717377
2.938053 0.717876
2.937521 0.717972
2.938136 0.717874
3.325867 0.743989
3.346330 0.742980
3.339383 0.743476
3.332128 0.743030
3.326465 0.743740
3.332550 0.743723
3.345911 0.738624
3.338378 0.740269
3.338234 0.740409
3.338404 0.740376
3.271779 0.724727
3.269322 0.723071
3.263905 0.718268
3.270398 0.716691
3.263019 0.717759
3.256730 0.714458
3.250445 0.711701
3.245622 0.710180
3.250984 0.709739
3.244164 0.709669
3.237882 0.707407
3.231606 0.706299
3.638185 0.726368
3.632506 0.730443
3.644426 0.722347
3.638501 0.726163
3.645304 0.725230
3.658259 0.721032
3.645516 0.722083
3.651144 0.721909
0.096740 0.724851
0.090463 0.723312
0.109261 0.722523
0.103005 0.724385
0.101537 0.724572
0.097863 0.721331
0.088716 0.722557
0.090896 0.721873
0.084175 0.720279
0.111313 0.720930
0.077939 0.715647
0.077877 0.715501
0.052750 0.706889
0.074445 0.709891
0.079032 0.707799
0.071560 0.707923
0.065286 0.706810
0.059017 0.706585
0.054368 0.706731
0.059598 0.706193
1.112758 1.067993
1.106484 1.066967
1.137824 1.067215
1.131560 1.067683
1.125289 1.067323
1.126743 1.066355
1.119025 1.067825
1.115442 1.067987
1.119536 1.067431
1.102682 1.065975
1.100204 1.065242
1.100473 1.064999
1.093922 1.062917
1.095231 1.061747
1.087640 1.060709
1.081360 1.058856
1.075080 1.056854
1.068805 1.055804
1.062531 1.054836
1.057367 1.053652
1.056253 1.053290
1.043674 1.046282
1.043673 1.046281
1.044015 1.041113
1.043775 1.040753
1.049862 1.034153
1.046923 1.036364
1.044972 1.032819
1.062384 1.032116
1.056115 1.032000
1.053986 1.032296
1.051016 1.029033
0.409314 0.736468
0.403276 0.734942
0.397373 0.733118
0.384273 0.727086
0.378591 0.724772
0.365256 0.719267
0.359366 0.717413
0.353525 0.715459
0.346119 0.711717
0.340011 0.710345
0.333225 0.707601
0.333816 0.709174
0.326952 0.706805
0.327686 0.707859
0.320676 0.705466
0.321674 0.706292
0.314393 0.703107
0.315969 0.704056
0.312480 0.701965
0.308102 0.699579
0.308561 0.700278
0.301809 0.695727
0.303270 0.697118
0.300803 0.694928
0.295515 0.691598
0.296352 0.692263
0.289651 0.686952
0.278015 0.677659
0.201291 0.659420
0.195027 0.660023
0.213813 0.657341
0.215353 0.657020
0.207551 0.658204
0.203956 0.658821
0.208133 0.658118
0.227809 0.653922
0.220238 0.655821
1.435996 1.066923
1.429732 1.067377
1.423465 1.067679
1.417199 1.067995
1.413942 1.067941
1.454789 1.065502
1.448524 1.065763
1.442260 1.066365
1.438816 1.066637
1.461795 1.063332
1.228578 0.976866
1.222310 0.977009
1.216044 0.977247
1.259911 0.976063
1.253645 0.976366
1.247379 0.976677
1.241110 0.976414
1.234844 0.976565
1.231804 0.976740
0.619706 0.685365
0.613202 0.684882
0.606686 0.684422
0.599898 0.682616
0.600421 0.683406
0.593615 0.680119
0.594718 0.681144
0.589437 0.677698
0.587324 0.676549
0.587589 0.676779
0.582357 0.673467
0.539783 0.669858
0.575551 0.668386
0.539728 0.664629
0.544743 0.662190
0.540392 0.659535
0.544359 0.657745
1.731188 1.042365
1.793914 1.049835
1.787642 1.049265
1.781372 1.048872
1.775101 1.048324
1.768826 1.047214
1.762553 1.046481
1.756277 1.045142
1.750004 1.044284
1.743731 1.043571
1.737458 1.042680
1.735175 1.042576
1.807954 1.045288
1.328834 0.854079
1.327578 0.858601
1.328909 0.853588
1.329054 0.853083
1.329317 0.848449
1.329738 0.846283
1.329934 0.843362
1.330195 0.834718
1.146477 0.762464
1.140212 0.762856
1.133943 0.762716
1.127665 0.761298
1.121381 0.758642
1.152741 0.761969
1.146781 0.762428
1.146530 0.762258
1.140817 0.760014
1.134659 0.758767
1.128325 0.757911
1.120973 0.758342
1.121497 0.758145
1.115081 0.753688
1.112846 0.751856
1.115979 0.750198
1.109775 0.746180
1.108757 0.744911
0.983117 0.700916
0.983178 0.700191
0.983108 0.699528
0.982749 0.694908
0.983244 0.694593
0.982341 0.689650
0.983361 0.689056
2.032563 1.004678
2.026309 1.006759
2.024806 1.007044
2.038815 1.002134
2.035311 1.003469
2.033294 1.001398
2.051324 0.998152
2.045066 0.999588
2.044601 0.999740
2.040216 0.995663
2.052519 0.992920
2.277399 0.946982
2.271139 0.948230
2.289903 0.942188
2.283646 0.943904
2.281416 0.945447
2.296162 0.940777
2.291170 0.941794
2.469265 0.792308
2.465710 0.796276
2.469903 0.791726
2.469716 0.790613
2.475492 0.786191
2.474325 0.787242
3.057888 0.737239
3.064129 0.733071
3.059172 0.736653
3.064938 0.732360
3.070775 0.727126
3.568712 0.740960
3.567967 0.741559
3.568902 0.741266
3.574947 0.735963
3.573669 0.737257
3.575340 0.736609
3.582294 0.730824
0.002109 0.725989
-0.004151 0.727123
0.014631 0.723859
0.008371 0.725084
0.005024 0.725458
0.018324 0.722382
1.371075 1.082575
1.364798 1.081159
1.358519 1.079418
1.333422 1.075368
1.327148 1.074449
1.314600 1.072515
1.308328 1.071798
1.302057 1.071397
1.295783 1.070416
1.357345 1.079150
1.352242 1.077978
1.345967 1.076811
1.339694 1.075968
1.333650 1.075390
1.333501 1.075177
1.323393 1.073770
1.327465 1.073659
1.320873 1.073314
1.318935 1.073068
1.315553 1.070285
1.169957 0.997559
1.163689 0.997661
1.157420 0.997465
1.151150 0.997061
1.144880 0.996705
1.138612 0.996526
1.132340 0.996022
1.182493 0.997748
1.176225 0.997593
1.170073 0.997560
1.169999 0.997448
0.503653 0.700503
0.497403 0.703169
0.496050 0.703902
0.497855 0.703136
0.509900 0.697140
0.504557 0.700038
0.511190 0.698076
1.652052 1.064586
1.645777 1.063526
1.639500 1.062186
1.683395 1.065261
1.677126 1.065210
1.670858 1.065195
1.664591 1.065225
1.658322 1.064912
1.657567 1.064892
1.637897 1.061792
1.633222 1.060574
1.634656 1.057915
1.626942 1.058655
1.620665 1.057107
1.614386 1.055590
1.608111 1.054312
1.318911 0.917810
1.318912 0.917810
1.318911 0.917809
1.325142 0.912127
1.323839 0.913381
1.320321 0.909405
1.327293 0.908745
1.325755 0.906977
0.943301 0.729764
0.936901 0.729049
0.930631 0.728049
0.866330 0.716470
0.929833 0.724559
0.924037 0.722494
0.886675 0.715941
0.879613 0.716688
0.872599 0.716622
0.867130 0.716466
0.872692 0.717129
0.865823 0.716261
0.885094 0.710366
0.886122 0.711860
0.878840 0.712541
0.878044 0.712967
0.878950 0.712859
1.857574 1.009276
1.901458 1.010909
1.895200 1.012276
1.888932 1.012289
1.882660 1.011576
1.876386 1.010767
1.870114 1.010112
1.863844 1.009599
1.860545 1.009316
1.901986 1.010655
1.354628 0.773383
1.373425 0.772429
1.367165 0.773774
1.360898 0.773855
1.354630 0.773384
1.354626 0.773383
1.354630 0.773380
1.348351 0.772044
1.347321 0.772234
1.348705 0.771621
1.374181 0.769469
1.285516 0.747617
1.291764 0.744659
1.286996 0.747113
1.292862 0.745498
1.297998 0.739476
1.294906 0.743151
1.299138 0.741177
1.299268 0.738664
1.216368 0.716380
1.214388 0.714848
1.210076 0.712604
1.203794 0.710353
2.072284 0.969121
2.116171 0.971059
2.109901 0.970724
2.103628 0.970013
2.097357 0.969464
2.091088 0.969114
2.084820 0.969082
2.078552 0.969090
2.076950 0.969089
2.079187 0.967946
2.356457 0.912637
2.350205 0.915016
2.362697 0.908447
2.356959 0.912382
2.357247 0.910555
2.368941 0.904747
2.363294 0.908186
2.363019 0.907371
2.369553 0.902526
2.461365 0.806378
2.462432 0.804987
2.467580 0.798029
2.465937 0.800333
2.469623 0.795735
2.740541 0.776287
2.734277 0.776780
2.728009 0.776773
2.721734 0.775665
2.715451 0.773312
2.746803 0.775323
2.742113 0.775934
2.713762 0.771454
2.713621 0.766227
2.712138 0.760805
2.710345 0.757552
2.709644 0.753848
2.627461 0.736014
2.627042 0.736979
2.630143 0.732244
2.634793 0.730411
2.633661 0.725505
2.632669 0.727445
2.633980 0.726923
3.291984 0.775230
3.294946 0.773726
3.294072 0.769697
3.293892 0.770323
3.294162 0.770163
3.294768 0.765277
3.254062 0.758845
3.252590 0.753400
3.250060 0.748401
3.249697 0.747748
3.250223 0.747433
3.245301 0.741869
3.245003 0.733560
3.188894 0.718562
3.182122 0.718674
3.175564 0.718314
3.169237 0.717450
3.206887 0.718107
3.201134 0.715940
3.182594 0.712337
3.176197 0.711621
3.169889 0.710713
3.163536 0.709905
3.188576 0.708704
3.182534 0.701932
3.138554 0.695115
3.131618 0.695589
3.124362 0.695462
3.123168 0.696560
3.124564 0.696322
3.144817 0.690842
3.137980 0.691101
3.128028 0.692132
3.130987 0.691706
3.631892 0.730466
3.605114 0.724986
3.638160 0.726166
3.631486 0.726058
3.624965 0.725618
3.618468 0.725121
3.611357 0.721149
3.605198 0.724942
3.611896 0.724795
3.644373 0.722023
3.637760 0.721781
3.631158 0.721515
3.624644 0.721050
3.612046 0.720820
3.618049 0.720769
0.118895 0.710295
0.114490 0.713371
0.120383 0.709082
0.123213 0.704341
0.126294 0.702041
1.551110 1.059116
1.569920 1.060189
1.571249 1.059063
1.563653 1.060384
1.564126 1.059961
1.557383 1.060007
1.557363 1.060004
1.557384 1.060006
1.549269 1.058720
1.544833 1.057777
1.545041 1.057561
1.538554 1.056020
1.539565 1.054806
1.532276 1.054392
1.525999 1.052967
1.519720 1.051245
1.513442 1.049721
1.507166 1.048441
1.500891 1.047261
1.494617 1.046202
1.488341 1.045174
1.299705 0.951742
1.293447 0.953117
1.312232 0.950509
1.305970 0.951333
1.299930 0.951737
1.299762 0.951575
1.318491 0.949214
1.317931 0.949396
1.313748 0.945088
1.326032 0.942405
0.760401 0.710526
0.804217 0.709379
0.798188 0.707828
0.762156 0.705594
0.766320 0.703966
0.779361 0.699585
0.762777 0.700508
0.766026 0.699344
2.022957 1.021196
2.016704 1.023396
2.013714 1.023752
2.029206 1.018276
2.024557 1.020235
2.023753 1.018208
2.035460 1.016102
2.034289 1.016578
2.030680 1.012460
2.042399 1.011030
2.170217 0.945747
2.201545 0.944194
2.195279 0.944288
2.189010 0.944058
2.190477 0.943782
2.182740 0.943919
2.183855 0.943565
2.176476 0.944518
2.174616 0.944715
2.176797 0.944307
2.228328 0.944003
2.221552 0.944125
2.214838 0.944109
2.207812 0.944145
2.203734 0.944128
2.208143 0.944048
2.383363 0.861168
2.385225 0.855341
2.384675 0.856161
2.387727 0.851450
2.579776 0.775669
2.573500 0.774404
2.586041 0.775297
2.585558 0.775397
2.586224 0.775070
2.568397 0.772690
2.567218 0.772290
2.567373 0.772166
2.560936 0.770008
2.561722 0.769816
2.554655 0.767909
2.548377 0.766279
2.542106 0.765884
2.591600 0.771178
2.592682 0.770395
2.858510 0.751620
2.776455 0.736377
2.833552 0.736800
2.781920 0.730695
2.780668 0.731821
2.782944 0.729778
2.788165 0.727065
2.786695 0.727583
2.788800 0.726412
3.027731 0.749781
3.021462 0.749599
3.033995 0.749336
3.029995 0.749342
3.028352 0.747588
3.018942 0.747592
3.022539 0.745581
3.015201 0.741808
3.015142 0.741702
3.015377 0.741278
2.958609 0.722528
2.952342 0.722611
2.946067 0.721519
2.964864 0.720491
2.958736 0.722482
2.965824 0.721369
2.943984 0.720165
2.939780 0.718538
2.939948 0.719153
2.933503 0.717192
2.978961 0.716766
2.971122 0.719067
2.970907 0.719225
2.971153 0.719193
3.404069 0.764935
3.397545 0.764501
3.404213 0.759317
3.397868 0.758488
3.391708 0.757252
3.410669 0.754626
3.404201 0.754062
3.398080 0.752732
3.392017 0.751275
3.346389 0.743487
3.360594 0.741172
3.346791 0.742921
3.353571 0.741834
3.360294 0.736536
3.348869 0.738044
3.353248 0.737257
3.360094 0.731710
3.351709 0.733315
3.352770 0.733057
0.134769 0.693958
0.131445 0.697578
0.135536 0.693009
0.138870 0.688352
0.142148 0.686138
1.263872 1.078104
1.257596 1.076873
1.251319 1.075509
1.245042 1.074019
1.238765 1.072458
1.232487 1.070859
1.226209 1.069481
1.219935 1.068503
1.201114 1.065711
1.194840 1.064708
1.188569 1.064249
1.182296 1.063322
1.176024 1.062773
1.215760 1.067701
1.213660 1.067291
1.213750 1.067170
1.207385 1.066193
1.205142 1.066025
1.207604 1.065896
1.094218 1.012400
1.087951 1.012513
1.081680 1.012131
1.075408 1.011512
1.069138 1.011020
1.113020 1.012396
1.106754 1.012525
1.100484 1.012187
1.095561 1.012316
1.095716 1.008783
0.453079 0.729832
0.459328 0.726960
0.454607 0.729084
0.465578 0.724369
0.463324 0.725259
1.571634 1.058745
1.565366 1.058871
1.559094 1.058257
1.552821 1.057377
1.546544 1.055980
1.540264 1.053972
1.617062 1.061823
1.590438 1.059014
1.584170 1.058933
1.585212 1.057907
1.577901 1.058817
1.575098 1.058768
1.578231 1.058484
1.535555 1.052537
1.533983 1.052084
1.534264 1.051677
1.527705 1.050438
1.521426 1.048748
1.515149 1.047208
1.307656 0.945740
1.301393 0.946489
1.298421 0.947495
1.320169 0.942188
1.313916 0.944395
1.313298 0.944614
1.309023 0.940681
1.326427 0.940679
1.324700 0.941232
1.320835 0.939000
1.327859 0.933065
0.825250 0.712704
0.818626 0.712489
0.810986 0.711039
0.812115 0.712024
0.804711 0.709904
0.805698 0.711352
0.798433 0.708213
0.799373 0.710479
0.793207 0.709260
0.793721 0.706550
0.792149 0.705866
0.792219 0.706151
0.785865 0.703365
0.786185 0.704627
0.779578 0.700287
0.780123 0.703171
0.770953 0.702956
0.773739 0.702425
0.773298 0.698123
0.773296 0.698121
0.773295 0.698122
0.773296 0.698122
1.803566 1.040322
1.797297 1.040280
1.791027 1.039872
1.784757 1.039597
1.778487 1.039239
1.772216 1.038702
1.822354 1.038145
1.816093 1.039190
1.809830 1.039924
1.804598 1.040253
1.803951 1.039231
1.822722 1.037070
1.332162 0.835986
1.332220 0.835656
1.332262 0.830448
1.332124 0.830177
1.326667 0.824365
1.325812 0.823270
1.323257 0.818639
1.327263 0.815746
1.327245 0.810519
1.149841 0.749937
1.143568 0.749128
1.137291 0.747770
1.168644 0.749985
1.162377 0.750162
1.156111 0.750336
1.153005 0.750135
1.149988 0.749305
1.143807 0.748117
1.136620 0.747563
1.137344 0.747549
1.131011 0.745962
1.175671 0.746702
1.114011 0.738800
1.112153 0.737570
1.105917 0.732307
1.105852 0.732267
1.105877 0.732244
1.099547 0.726493
1.099205 0.726038
1.094593 0.720109
1.093228 0.718485
1.093864 0.718501
1.088814 0.714005
1.086918 0.712079
1.087588 0.712236
1.081305 0.705996
1.075356 0.699012
0.998958 0.679510
0.997390 0.683969
0.999273 0.683598
0.999138 0.679031
1.006198 0.677848
1.001589 0.674231
1.005938 0.673147
2.042158 0.986553
2.035902 0.988283
2.054680 0.984258
2.048421 0.985726
2.043577 0.986312
2.042609 0.985092
2.067200 0.982004
2.060939 0.983035
2.058951 0.983541
2.056189 0.979492
2.313785 0.928498
2.307528 0.930070
2.332572 0.925986
2.326309 0.926585
2.320043 0.926940
2.314960 0.928249
2.338841 0.926150
2.333425 0.925974
2.424965 0.822816
2.418700 0.823241
2.443748 0.819601
2.445102 0.821606
2.437491 0.821156
2.438209 0.821988
2.431229 0.822180
2.429468 0.822275
2.431350 0.822292
2.444179 0.819407
2.451255 0.817582
2.609897 0.757498
2.605444 0.761267
2.610570 0.756850
2.616119 0.750424
2.614668 0.752302
2.858986 0.750966
2.865248 0.749862
2.860664 0.750829
2.865988 0.749931
2.852993 0.749611
2.852710 0.749542
2.852739 0.749503
2.846419 0.745990
2.841186 0.742551
2.840122 0.741487
2.833822 0.736485
2.833193 0.736100
2.827528 0.732437
2.821239 0.729116
2.789877 0.725443
2.784504 0.728413
2.820849 0.728959
2.814956 0.726704
2.816060 0.725576
2.808679 0.725326
2.809997 0.724115
2.802406 0.724661
2.803421 0.723794
2.796137 0.724387
2.794019 0.724696
2.796572 0.724075
3.080018 0.719063
3.078265 0.721199
3.080921 0.719524
3.082511 0.716673
3.087729 0.714039
3.441026 0.743150
3.441691 0.741782
3.443639 0.736881
3.444209 0.731784
3.448383 0.729679
3.734472 0.715013
3.734701 0.715473
3.728184 0.711929
3.723418 0.709012
3.721893 0.708373
3.722054 0.708425
3.715613 0.706425
3.716353 0.706181
3.709339 0.705333
3.703067 0.704700
0.110956 0.718230
0.104695 0.719360
0.117193 0.713512
0.112954 0.717141
0.117902 0.712737
0.080542 0.706830
0.079537 0.705929
0.073257 0.704058
1.141249 1.064028
1.134984 1.064560
1.128711 1.063840
1.191422 1.069017
1.185154 1.068900
1.178882 1.068185
1.172614 1.068050
1.174014 1.065862
1.166340 1.067194
1.167229 1.066003
1.160068 1.066528
1.160544 1.065924
1.153795 1.065799
1.154013 1.065505
1.147522 1.064854
1.142020 1.064131
1.147690 1.064625
1.046977 1.024612
1.059488 1.020757
1.053229 1.022013
1.048749 1.023405
1.084563 1.021347
1.078296 1.021396
1.072027 1.021420
1.065756 1.020805
1.065036 1.020760
1.060460 1.017720
0.424623 0.739038
0.418355 0.739192
0.437144 0.736946
0.438357 0.736945
0.430884 0.738069
0.429086 0.738314
0.431091 0.738147
0.443400 0.735143
0.442805 0.735296
0.443549 0.735063
0.273771 0.673283
0.272296 0.671967
0.267470 0.668159
0.263909 0.665429
0.261172 0.663394
0.261885 0.663458
0.254943 0.658807
0.254874 0.658758
0.254890 0.658760
0.248584 0.655373
0.242300 0.652892
0.236029 0.652381
0.229768 0.653295
1.437691 1.062663
1.431428 1.063427
1.456480 1.060466
1.450215 1.060922
1.443953 1.061876
1.438473 1.062559
1.438361 1.060958
1.475287 1.061008
1.469017 1.060834
1.462748 1.060577
1.457961 1.060433
1.456907 1.059244
1.230276 0.973089
1.261609 0.972304
1.255344 0.972659
1.249077 0.972689
1.242805 0.972198
1.236540 0.972559
1.232894 0.972902
1.274143 0.971922
1.267877 0.972272
1.262192 0.972312
0.722502 0.717000
0.639263 0.688102
0.640560 0.689097
0.632996 0.688134
0.633801 0.689182
0.626726 0.687734
0.627337 0.688615
0.620454 0.687160
0.621002 0.687760
0.614183 0.686664
0.614640 0.686970
0.607911 0.686029
0.608296 0.686142
0.601635 0.684663
0.595348 0.681882
0.591204 0.679134
0.589055 0.677904
0.589334 0.678197
0.582761 0.673850
0.580328 0.672209
0.576467 0.669673
0.576944 0.670582
0.570627 0.665474
0.570170 0.665094
0.570231 0.665268
0.564938 0.662121
0.546198 0.661640
0.565653 0.659493
0.563856 0.657971
0.564160 0.658549
0.558872 0.655379
0.547207 0.656576
0.552325 0.654995
0.559638 0.653357
0.557936 0.652173
0.551262 0.649083
0.549039 0.651670
0.551868 0.650718
1.801873 1.045037
1.795605 1.044968
1.789334 1.044425
1.783065 1.044193
1.776794 1.043822
1.770521 1.042933
1.764249 1.042244
1.757972 1.040875
1.751697 1.039785
1.808138 1.044750
1.807576 1.044781
1.330472 0.840954
1.329610 0.844471
1.330619 0.839421
1.330443 0.836525
1.330077 0.834143
1.331293 0.832273
1.325463 0.828233
1.160695 0.756344
1.154429 0.756773
1.148160 0.756457
1.141887 0.755708
1.135612 0.754544
1.129334 0.752939
1.123051 0.750589
1.164016 0.755932
1.161350 0.753924
1.155935 0.751019
1.130489 0.747844
1.120344 0.749016
1.123652 0.748100
1.116760 0.747015
1.112172 0.742518
1.110453 0.740889
1.106637 0.736445
1.104142 0.734225
1.101189 0.730394
1.099404 0.726402
0.988613 0.691819
0.988723 0.686619
0.991687 0.685500
0.998920 0.679079
0.990971 0.679796
0.989938 0.681617
0.991269 0.681146
0.998272 0.675258
2.034237 0.997154
2.046740 0.992228
2.040487 0.994338
2.039304 0.994868
2.035357 0.991561
2.059260 0.989835
2.052999 0.990862
2.050159 0.991384
2.047542 0.989039
2.060577 0.984676
2.293311 0.936545
2.305823 0.932699
2.299568 0.934688
2.298728 0.934926
2.300265 0.933531
2.324609 0.930048
2.318340 0.930026
2.312077 0.930707
2.309890 0.931477
2.313229 0.929286
2.410714 0.823937
2.404455 0.825183
2.401422 0.827105
2.429502 0.821405
2.423236 0.821753
2.424555 0.822454
2.416973 0.822463
2.412144 0.823567
2.417776 0.822581
2.443622 0.819616
2.430513 0.821298
2.436317 0.820922
3.065844 0.732044
3.072077 0.726577
3.069556 0.729058
3.073491 0.726385
3.073779 0.724526
3.078939 0.718646
3.448944 0.732004
3.448320 0.733597
3.449444 0.732618
3.450327 0.728703
3.451624 0.723724
3.456432 0.721452
0.000408 0.729197
-0.005855 0.730019
0.006672 0.728607
0.001812 0.728992
0.126830 0.701705
0.123168 0.705505
0.127540 0.700979
0.130840 0.696314
0.134231 0.694068
1.296953 1.081270
1.297997 1.079402
1.290678 1.080087
1.291904 1.078000
1.284404 1.079125
1.285745 1.076749
1.278130 1.077991
1.271856 1.077223
1.273005 1.075189
1.265581 1.076090
1.266599 1.074491
1.259306 1.074917
1.260413 1.073307
1.253030 1.073544
1.246752 1.072088
1.240474 1.070497
1.234196 1.068930
1.227919 1.067390
1.221642 1.066100
1.215366 1.064874
1.209092 1.063826
1.202821 1.063254
1.089645 1.008242
1.083374 1.007712
1.127252 1.008378
1.120985 1.008380
1.114717 1.008270
1.108450 1.008529
1.102181 1.008354
1.095913 1.008315
1.095665 1.008307
1.096756 1.006491
1.133521 1.008526
1.129010 1.008391
1.128019 1.006396
0.461035 0.724614
0.473534 0.718940
0.467285 0.721744
0.467105 0.721820
0.467418 0.721555
0.475603 0.717971
1.662885 1.067691
1.656615 1.067491
1.650347 1.067381
1.650996 1.066355
1.644071 1.066107
1.644995 1.064756
1.637793 1.064515
1.639313 1.062456
1.631514 1.062744
1.625233 1.060818
1.618956 1.059355
1.612679 1.057854
1.606403 1.056531
1.600130 1.055772
1.593859 1.055250
1.587590 1.055147
1.317255 0.928099
1.312069 0.931185
1.323496 0.923861
1.319300 0.927099
1.317807 0.925538
1.329729 0.918501
1.324909 0.922786
1.323778 0.921913
1.329816 0.918391
1.329745 0.918339
1.324842 0.914277
0.866314 0.716375
0.845779 0.712458
0.839518 0.713441
0.871915 0.713555
0.865294 0.713335
0.858306 0.711227
0.858902 0.712604
0.852041 0.711574
0.847674 0.712203
0.852472 0.711958
2.024637 1.014599
2.021695 1.015779
2.037140 1.009517
2.030886 1.011635
2.030049 1.011869
2.026020 1.007919
2.043392 1.007174
2.040152 1.008271
2.037936 1.005997
2.044962 1.000046
2.190731 0.943962
2.184463 0.943906
2.228337 0.944002
2.222071 0.944209
2.215805 0.944358
2.217240 0.944050
2.209536 0.944289
2.210566 0.943949
2.203268 0.944197
2.203812 0.944018
2.196998 0.943965
2.195016 0.943908
2.197128 0.943938
2.254917 0.944668
2.242362 0.942682
2.228423 0.943995
2.235315 0.943409
2.381962 0.870174
2.383558 0.863868
2.382979 0.865125
2.385256 0.860296
2.384822 0.857152
2.578063 0.777109
2.578786 0.776667
2.571786 0.775804
2.572780 0.775076
2.565500 0.772981
2.521579 0.765533
2.560690 0.770318
2.559212 0.769689
2.559402 0.769664
2.552927 0.766972
2.553729 0.767330
2.546642 0.764322
2.547799 0.765576
2.540359 0.762050
2.541527 0.764583
2.534091 0.762061
2.534829 0.764533
2.527834 0.763692
2.524415 0.764577
2.528060 0.764637
2.502722 0.757403
2.502965 0.755992
2.502711 0.755711
2.502733 0.755907
2.496428 0.753202
2.493119 0.754451
2.496640 0.754528
2.756451 0.765380
2.750196 0.767277
2.762708 0.763783
2.757445 0.765083
2.767885 0.761555
2.703817 0.746223
2.706120 0.736238
2.704874 0.741179
2.700853 0.738244
2.706133 0.736189
2.706123 0.736182
2.700856 0.732947
2.701024 0.727301
2.647332 0.721707
2.650089 0.721033
2.657135 0.715015
2.649579 0.715930
2.649326 0.716806
2.649638 0.716728
2.650534 0.711805
2.656897 0.710260
3.298762 0.767069
3.298690 0.761848
3.258065 0.750775
3.297766 0.756512
3.257944 0.750229
3.258118 0.750125
3.255057 0.744558
3.259432 0.741931
3.251727 0.739774
3.250860 0.738695
3.252084 0.738025
3.246639 0.732840
3.245407 0.731781
3.239113 0.727673
3.235418 0.725878
3.240040 0.724374
3.232825 0.724564
3.226541 0.722140
3.220265 0.720736
3.213991 0.719820
3.215646 0.718850
3.207714 0.718388
3.208989 0.718710
3.201435 0.716625
3.202422 0.718373
3.189159 0.718561
3.195732 0.718306
3.188909 0.718117
3.197084 0.714600
3.195149 0.713749
3.195293 0.713982
3.188862 0.710877
3.182891 0.712361
3.189144 0.712717
3.182603 0.712159
3.176324 0.710560
3.170051 0.709609
3.163775 0.708350
3.157496 0.706680
3.186184 0.707683
3.182537 0.701965
3.182919 0.706336
3.176974 0.704614
3.170799 0.703409
3.164475 0.702537
3.158080 0.701820
3.151547 0.701406
3.182520 0.701924
3.177025 0.699223
3.171004 0.697669
3.164725 0.696689
3.158349 0.695927
3.151881 0.695369
3.144861 0.691280
3.139381 0.695096
3.145324 0.695006
3.170768 0.692926
3.164605 0.691680
3.158185 0.691008
3.145526 0.690858
3.151589 0.690730
3.590879 0.728558
3.587829 0.731445
3.605106 0.724945
3.597108 0.722584
3.592448 0.726954
3.598024 0.725742
3.611303 0.720826
3.597188 0.722517
3.604449 0.721121
0.150652 0.678764
0.147831 0.681697
0.156882 0.672981
0.152434 0.677213
0.157129 0.672778
1.405836 1.079002
1.399565 1.078602
1.393294 1.078116
1.387023 1.077547
1.380750 1.076769
1.374476 1.075781
1.368199 1.074193
1.361917 1.072232
1.412105 1.079232
1.407924 1.079074
1.357435 1.071091
1.355639 1.070646
1.349363 1.069334
1.343089 1.068280
1.336814 1.067303
1.204696 0.990663
1.198426 0.990432
1.192152 0.989368
1.185882 0.989050
1.179614 0.988984
1.173345 0.988937
1.167077 0.988725
1.164951 0.988711
1.210964 0.990660
1.210363 0.990668
0.520455 0.694501
0.522733 0.689641
0.527198 0.687122
0.523704 0.684601
0.526792 0.682728
0.526610 0.677869
1.773407 1.052683
1.760859 1.050779
1.754584 1.049714
1.748313 1.049062
1.742040 1.048465
1.735767 1.047656
1.729498 1.047307
1.723231 1.047513
1.716965 1.047946
1.779679 1.053433
1.774597 1.052836
1.771935 1.052412
1.773550 1.052324
1.767131 1.051463
1.763866 1.051128
1.761367 1.049517
1.754740 1.049306
1.749095 1.046920
1.743320 1.044828
1.737164 1.043584
1.326327 0.867628
1.327161 0.861734
1.326893 0.862499
1.328133 0.857497
1.329272 0.852500
1.138519 0.767560
1.132253 0.767798
1.125977 0.766463
1.119690 0.763423
1.117481 0.761827
1.113383 0.757618
1.111824 0.755749
0.976642 0.708390
0.977539 0.703318
0.983087 0.700235
0.977409 0.698105
1.833689 1.022617
1.827427 1.023453
1.821165 1.024357
1.816964 1.024939
1.852485 1.021596
1.846220 1.021988
1.839955 1.022282
1.834738 1.022514
1.834508 1.020535
1.857641 1.020967
1.335390 0.803257
1.336273 0.798182
1.335798 0.792913
1.230162 0.740861
1.223904 0.742421
1.217627 0.740959
1.211343 0.738392
1.205801 0.735977
1.211973 0.735428
1.205058 0.735673
1.198775 0.733392
1.192497 0.731781
1.186223 0.730763
1.179949 0.729840
1.173679 0.729548
1.167411 0.729482
1.200117 0.726631
1.193704 0.725950
1.187623 0.724534
1.181546 0.723117
2.138398 0.967787
2.132138 0.968896
2.125866 0.968343
2.119590 0.967036
2.113314 0.965801
2.107040 0.964852
2.150918 0.965326
2.144653 0.965661
2.142441 0.966161
2.372303 0.891924
2.366057 0.895197
2.365819 0.895319
2.373189 0.891281
2.378538 0.886895
2.378497 0.886947
2.470943 0.785488
2.468991 0.787566
2.477173 0.779572
2.473109 0.782999
2.471887 0.780529
2.478004 0.778585
2.477635 0.777405
2.742237 0.772247
2.735975 0.773016
2.754752 0.768902
2.748499 0.771364
2.743176 0.772063
2.743269 0.769638
2.755146 0.768767
2.711308 0.761844
2.710823 0.760579
2.710945 0.761520
2.709285 0.756310
2.705714 0.752939
2.707795 0.750876
2.705494 0.748127
2.709195 0.745921
2.705808 0.742150
2.637083 0.729326
2.639158 0.724433
2.642311 0.723358
2.641604 0.718122
2.641078 0.719542
2.641763 0.719293
2.649290 0.712232
3.048217 0.743750
3.041959 0.745163
3.035691 0.745249
3.029418 0.744410
3.023145 0.743540
3.016847 0.738799
3.049426 0.743195
3.016474 0.737970
3.012440 0.732133
3.011602 0.729466
3.012407 0.726945
3.011226 0.725020
2.979097 0.716768
2.980365 0.718952
2.972849 0.719720
2.970953 0.720389
2.973125 0.720093
3.005620 0.717270
2.979640 0.716553
2.986813 0.714255
2.985853 0.711124
3.425120 0.754735
3.424148 0.757481
3.425358 0.757155
3.425719 0.752515
3.432909 0.750026
3.426107 0.747385
3.432477 0.745697
3.432074 0.741338
3.672920 0.718855
3.666661 0.720304
3.679174 0.716739
3.674288 0.718549
3.680135 0.717233
3.682875 0.714727
3.686509 0.712724
0.074040 0.729438
0.016329 0.720139
0.010070 0.721318
0.006812 0.721732
0.022582 0.717786
0.020226 0.718626
0.028987 0.714465
1.174318 1.065363
1.168047 1.064808
1.161775 1.064181
1.155501 1.063274
1.237894 1.073275
1.232055 1.071304
1.224498 1.071258
1.226086 1.069627
1.218225 1.070294
1.219798 1.068665
1.211949 1.069164
1.205675 1.068164
1.199406 1.067897
1.200749 1.066195
1.193134 1.067165
1.194426 1.065313
1.186863 1.066691
1.187471 1.065831
1.180588 1.065668
1.175923 1.065445
1.181207 1.064819
1.054921 1.017393
1.092523 1.016802
1.086255 1.016742
1.079987 1.016550
1.073717 1.016182
1.067445 1.015733
1.061178 1.015744
1.059865 1.015922
1.098788 1.016202
1.095805 1.016409
0.438866 0.736931
0.445118 0.734348
0.440754 0.736137
0.457620 0.729230
0.451369 0.731667
0.449723 0.732340
0.452204 0.730762
1.516316 1.057580
1.510041 1.056588
1.503766 1.055454
1.497492 1.054429
1.491219 1.053585
1.484947 1.052788
1.478674 1.052170
1.472404 1.051720
1.466134 1.051359
1.459865 1.051184
1.453597 1.051316
1.452215 1.051488
1.271282 0.966133
1.265011 0.965563
1.283803 0.963812
1.277541 0.964731
1.272662 0.965907
1.302593 0.961846
1.296327 0.962088
1.290068 0.963371
1.289811 0.963406
1.309797 0.959158
0.730665 0.720237
0.724390 0.719158
0.744039 0.719226
0.736925 0.719064
0.734735 0.719732
0.737067 0.719780
0.721595 0.717672
0.718095 0.714936
0.750910 0.713606
0.743151 0.712555
0.741528 0.715607
0.743398 0.715367
0.714380 0.711320
0.711791 0.709397
0.705496 0.705171
0.750413 0.709452
0.704630 0.704575
0.699208 0.701940
0.692921 0.698945
0.688054 0.696757
0.686635 0.696206
0.687280 0.695114
0.680353 0.693979
0.674072 0.691896
0.667794 0.690388
0.661523 0.689845
1.985931 1.027571
1.966913 1.019755
1.903167 1.008753
1.896907 1.009990
1.898007 1.008609
1.890638 1.009791
1.890874 1.009515
1.884364 1.008842
1.884572 1.008594
1.878090 1.007782
1.909417 1.005970
1.906246 1.007278
1.913141 1.003191
1.917093 1.000415
1.368845 0.767104
1.362576 0.766930
1.356324 0.769506
1.355964 0.769587
1.375105 0.765870
1.370682 0.766686
1.369026 0.765984
1.362830 0.764822
1.357367 0.762050
1.377713 0.762622
1.376310 0.759458
1.299732 0.741269
1.301637 0.740184
1.303765 0.735318
1.299670 0.731614
1.297207 0.729092
2.291607 0.939263
2.285354 0.941524
2.284672 0.941950
2.285899 0.940866
2.304117 0.935458
2.297863 0.937547
2.294857 0.938334
2.310376 0.934020
2.306018 0.934916
2.402747 0.827327
2.396489 0.829031
2.395494 0.830176
2.397072 0.829068
2.409012 0.827015
2.408644 0.827055
2.409236 0.826616
2.595702 0.767318
2.601951 0.764321
2.601268 0.764615
2.602404 0.763729
2.608188 0.759566
2.607315 0.760373
2.609255 0.758153
3.433085 0.750800
3.433689 0.749751
3.435277 0.744792
3.440769 0.742219
3.436550 0.739806
3.440074 0.738479
3.688840 0.709576
3.733584 0.712668
3.727751 0.710691
3.713902 0.708099
3.707632 0.707870
3.701361 0.707266
3.695095 0.707495
3.691507 0.708011
1.091352 1.065051
1.085823 1.062392
1.071648 1.058983
1.065374 1.057969
1.063951 1.057544
1.059083 1.054452
1.059518 1.055836
1.054033 1.053082
1.053272 1.049514
1.048033 1.046207
0.166555 0.666744
0.172806 0.664282
0.167386 0.666314
0.186692 0.660948
0.179061 0.662393
0.177777 0.662759
0.179329 0.662377
1.397866 1.082196
1.391595 1.081698
1.385324 1.081103
1.379051 1.080303
1.372776 1.079293
1.366499 1.077824
1.360219 1.075908
1.356298 1.074933
1.353941 1.074354
1.347665 1.073121
1.341391 1.072168
1.335118 1.071299
1.328843 1.070216
1.322569 1.069219
1.316296 1.068546
1.313708 1.068244
1.165383 0.993072
1.159115 0.993029
1.152845 0.992900
1.203004 0.995520
1.196733 0.994937
1.190457 0.993561
1.184187 0.993164
1.177918 0.993156
1.171650 0.993076
1.167175 0.993065
1.166180 0.991017
1.210823 0.991079
0.511630 0.698411
0.513151 0.697362
0.519328 0.694951
0.517844 0.690130
0.516912 0.692761
0.518263 0.692020
1.719852 1.057631
1.713583 1.057493
1.707312 1.057142
1.701039 1.056234
1.694767 1.055557
1.688496 1.054989
1.682227 1.054883
1.738654 1.057493
1.732383 1.057023
1.726116 1.057092
1.720975 1.057610
1.720334 1.056356
1.323889 0.888569
1.323051 0.890787
1.324524 0.885795
1.324496 0.884313
1.325514 0.880746
1.325398 0.877029
1.326302 0.875685
0.962773 0.724666
0.963911 0.719631
0.966364 0.718057
0.965490 0.712828
0.965196 0.714643
0.965648 0.714368
1.819475 1.029379
1.813213 1.030253
1.806948 1.030785
1.831998 1.027588
1.825736 1.028422
1.819596 1.029357
1.819523 1.029230
1.844527 1.026439
1.838262 1.026816
1.837032 1.026924
1.333000 0.812107
1.335396 0.803361
1.334215 0.807090
1.335792 0.802151
1.335882 0.800985
1.336259 0.794884
1.209653 0.743444
1.203374 0.741777
1.197097 0.740186
1.190820 0.738836
1.184546 0.737872
1.178273 0.737129
1.172004 0.736804
1.165734 0.736538
1.159466 0.736444
1.204929 0.736147
1.197920 0.736788
1.191394 0.736352
1.185128 0.735340
1.178950 0.734138
1.173033 0.732363
1.167195 0.730420
2.070585 0.972756
2.064324 0.973709
2.058060 0.974474
2.054793 0.974845
2.089380 0.971385
2.083116 0.972075
2.076850 0.972364
2.073418 0.972553
2.335979 0.920018
2.348498 0.917559
2.342240 0.919012
2.341466 0.919174
2.342607 0.918490
2.361004 0.912871
2.354753 0.915513
2.353767 0.915912
2.355633 0.914121
2.445486 0.822115
2.451726 0.817730
2.446956 0.821010
2.452959 0.816749
2.457953 0.811421
2.457047 0.812215
2.458574 0.810988
2.726049 0.778019
2.613874 0.753363
2.617827 0.748141
2.617468 0.748707
2.618253 0.747832
2.621383 0.744130
2.874932 0.745472
2.881179 0.742298
2.875871 0.745169
2.875560 0.743634
2.887418 0.737885
2.883473 0.741160
2.882314 0.738262
2.888280 0.734662
3.286168 0.782973
3.285857 0.783495
3.286270 0.783326
3.287492 0.778546
3.258158 0.773934
3.254740 0.769330
3.288614 0.773538
3.253894 0.768044
3.293777 0.765757
3.250676 0.762331
3.248575 0.756808
3.248390 0.756493
3.110130 0.699448
3.106528 0.703174
3.110834 0.702256
3.110838 0.698643
3.117398 0.697307
3.123823 0.692692
3.115590 0.694218
3.116509 0.694020
3.554505 0.749011
3.554754 0.748711
3.560743 0.744344
3.560622 0.744426
3.560770 0.744389
3.527258 0.739184
3.523082 0.735939
3.516792 0.732532
3.566982 0.739999
3.566592 0.740194
3.567080 0.740040
3.516271 0.732238
3.510501 0.728938
3.504214 0.725946
3.501029 0.724627
3.497930 0.723447
3.498201 0.723558
3.491646 0.720867
3.485366 0.719122
3.479086 0.717199
0.142709 0.686045
0.139503 0.689617
0.143624 0.685054
0.147633 0.680507
0.149657 0.679116
1.549397 1.060712
1.551027 1.059194
1.543123 1.059609
1.536846 1.058190
1.530570 1.056816
1.524294 1.055701
1.518017 1.054231
1.511741 1.052875
1.505465 1.051708
1.499190 1.050615
1.492916 1.049564
1.486641 1.048559
1.480370 1.047907
1.474099 1.047390
1.467827 1.046947
1.285497 0.959404
1.279238 0.960770
1.304284 0.956944
1.298016 0.956929
1.291757 0.958213
1.287798 0.959056
1.286821 0.955770
1.310550 0.956665
1.307058 0.956906
1.304788 0.955333
1.318346 0.949816
0.751157 0.715121
0.749590 0.718056
0.751511 0.717572
0.752125 0.713242
0.758812 0.710996
0.754076 0.708363
0.758244 0.706975
1.798990 1.035608
1.792721 1.035390
1.817785 1.034400
1.811522 1.035169
1.805257 1.035574
1.800487 1.035581
1.799419 1.034399
1.830310 1.032833
1.824047 1.033429
1.821621 1.033714
1.837775 1.028213
1.334676 0.826818
1.333813 0.824875
1.331130 0.821040
1.327844 0.815317
1.327858 0.810130
1.335232 0.802435
1.170327 0.743778
1.164057 0.743605
1.157788 0.743425
1.151518 0.742941
1.182862 0.743872
1.176594 0.743766
1.171240 0.743781
1.170397 0.743477
1.164553 0.741537
1.158731 0.739553
1.091361 0.715581
1.088647 0.712992
1.084517 0.709288
1.082342 0.707229
1.082832 0.707891
1.078661 0.703158
1.076028 0.700179
1.076637 0.701437
1.071227 0.698552
1.072955 0.697063
1.069721 0.694217
1.070181 0.695564
1.064533 0.693191
1.058734 0.691161
1.065555 0.690707
1.063421 0.689083
1.063660 0.689853
1.057966 0.687563
1.052123 0.685618
1.046099 0.684080
1.039894 0.682947
1.051398 0.681956
1.045472 0.680184
1.039440 0.678655
1.033217 0.677551
1.026712 0.677074
1.020037 0.676974
1.012288 0.677080
1.013307 0.676992
1.038776 0.674866
1.032725 0.673368
1.026452 0.672369
1.019950 0.671881
1.013162 0.671125
1.012605 0.671926
1.013239 0.671858
2.050108 0.980199
2.043847 0.981226
2.068888 0.976605
2.062628 0.977835
2.056367 0.978881
2.055896 0.979021
2.075151 0.975860
2.071245 0.976255
2.334272 0.922538
2.328012 0.923597
2.321749 0.924428
2.319887 0.925018
2.346796 0.920593
2.340536 0.921837
2.335918 0.922322
2.350381 0.919435
2.459668 0.810291
2.457233 0.813397
2.460830 0.808760
2.464396 0.804145
2.732569 0.779046
2.726295 0.778077
2.739951 0.776992
2.723135 0.776975
2.720013 0.775812
2.720333 0.775773
2.713711 0.770640
2.714927 0.772853
2.713491 0.770265
2.620941 0.745246
2.623293 0.740394
2.625722 0.733553
2.625114 0.735484
2.626225 0.734494
2.882861 0.736008
2.881956 0.736898
2.895362 0.730652
2.889104 0.732071
2.887757 0.732603
2.884443 0.728275
2.902880 0.726816
3.410060 0.764500
3.411089 0.764278
3.418051 0.758442
3.410884 0.758196
3.410098 0.759285
3.410982 0.759211
3.385770 0.751410
3.424987 0.752678
3.412681 0.754491
3.417763 0.753795
3.410833 0.750346
3.404560 0.749423
3.398297 0.750100
3.392035 0.751013
3.390958 0.751063
3.385910 0.749922
3.379849 0.748469
3.360642 0.742591
3.424831 0.747756
3.417579 0.748945
3.410933 0.748774
3.404790 0.747482
3.398756 0.745952
3.392594 0.744712
3.386376 0.743597
3.380151 0.742503
3.373838 0.741606
3.361165 0.741171
3.367396 0.740993
3.405597 0.740424
3.399373 0.739311
3.393072 0.738374
3.386776 0.737429
3.380429 0.736600
3.373885 0.736208
3.364270 0.736443
3.367142 0.736256
3.399698 0.733329
3.393347 0.732500
3.387100 0.731440
3.380746 0.730622
3.373985 0.730712
3.365390 0.731428
3.367022 0.731249
3.658679 0.721398
3.652424 0.723638
3.651434 0.724182
3.652648 0.723855
3.672684 0.718848
3.664934 0.719500
3.661447 0.720558
3.665453 0.719979
0.101318 0.729748
0.095056 0.730748
0.088782 0.729786
0.082496 0.726852
0.103663 0.728952
0.102616 0.725672
0.079403 0.725108
0.083342 0.723706
0.076204 0.723191
0.069912 0.719465
0.077864 0.715669
0.067944 0.718097
0.070455 0.717189
0.038506 0.709122
0.032245 0.710151
0.064064 0.712293
0.071018 0.710661
0.063596 0.711978
0.057310 0.709156
0.051038 0.708396
0.052518 0.706981
0.044770 0.708469
0.041649 0.708745
0.045306 0.708064
1.325450 1.078270
1.319176 1.077154
1.312901 1.076254
1.306629 1.075479
1.300358 1.075018
1.294084 1.073999
1.287809 1.072847
1.281531 1.071439
1.275260 1.070919
1.268989 1.070375
1.358302 1.079819
1.344266 1.080181
1.337993 1.079408
1.331722 1.078987
1.328582 1.078634
1.333270 1.075690
1.319509 1.076398
1.124376 1.000043
1.118107 0.999902
1.168264 1.002244
1.161998 1.002460
1.155730 1.002402
1.149458 1.001729
1.143184 1.000840
1.136914 1.000476
1.130644 1.000094
1.127098 1.000006
0.489443 0.707908
0.483195 0.710754
0.482632 0.711025
0.483525 0.710394
0.495690 0.704538
0.491002 0.707127
0.498434 0.703126
0.503314 0.700641
1.718154 1.061593
1.711885 1.061306
1.705615 1.060905
1.699342 1.060070
1.693070 1.059487
1.686799 1.059101
1.680532 1.059096
1.674262 1.058754
1.667989 1.057981
1.661716 1.057085
1.724420 1.061252
1.720392 1.061575
1.322231 0.898347
1.321375 0.899746
1.323850 0.894918
1.323324 0.892195
1.326022 0.890063
1.327913 0.885184
0.953974 0.732512
0.956284 0.727660
0.958067 0.726828
0.957025 0.722584
0.957743 0.722272
0.918396 0.716493
0.914522 0.710666
0.913607 0.709948
0.913856 0.709982
0.907332 0.708720
0.903656 0.708960
0.907731 0.708671
1.855876 1.013200
1.849609 1.013231
1.843344 1.013717
1.893495 1.015050
1.887230 1.015551
1.880960 1.015095
1.874688 1.014484
1.868417 1.013897
1.862145 1.013360
1.859466 1.013156
1.901019 1.011547
1.339128 0.780174
1.341610 0.777747
1.359194 0.776650
1.352917 0.775237
1.354628 0.773384
1.346636 0.773241
1.340376 0.774427
1.339686 0.775056
1.340660 0.774546
1.285244 0.747467
1.278658 0.747169
1.272635 0.745636
1.290973 0.744381
1.283945 0.745066
1.277785 0.743815
1.272032 0.741668
1.265969 0.740213
1.259588 0.739464
1.253195 0.738742
1.246925 0.737755
1.271569 0.737423
1.265469 0.736040
1.259130 0.735188
1.252900 0.734098
1.246770 0.732793
1.239802 0.729443
1.238603 0.733092
1.240059 0.732770
1.223637 0.730743
1.220984 0.727267
1.258798 0.730670
1.252620 0.729452
1.240614 0.728211
1.246457 0.728207
1.218497 0.724717
1.214683 0.722141
1.208395 0.719110
1.202114 0.716991
1.195841 0.716161
1.189574 0.716233
1.209034 0.716488
1.202144 0.716862
1.195952 0.715697
2.141782 0.958361
2.160573 0.956461
2.154314 0.957723
2.148047 0.957916
2.142809 0.958181
2.173086 0.953004
2.166829 0.954543
2.162040 0.955987
2.161813 0.953002
2.174363 0.952758
2.173649 0.951292
2.373999 0.887697
2.367753 0.891152
2.374401 0.887440
2.380226 0.881406
2.379294 0.883011
2.381810 0.878232
2.381788 0.874439
2.587748 0.772753
2.593993 0.769229
2.589428 0.771982
2.600244 0.766762
2.596679 0.767924
2.866965 0.749029
2.860698 0.749238
2.854416 0.746962
2.879479 0.745890
2.873225 0.747861
2.871092 0.748435
2.874250 0.746518
2.852451 0.745501
2.848115 0.741902
2.843736 0.738917
2.841819 0.737598
2.842780 0.736518
2.835526 0.733628
2.832013 0.731863
2.829238 0.730411
2.830299 0.729101
2.822950 0.727408
2.816667 0.724993
2.810391 0.723748
2.804120 0.723187
2.797852 0.723180
3.279082 0.784356
3.271906 0.782413
3.272677 0.783659
3.265643 0.783064
3.266213 0.783094
3.259363 0.781251
3.285799 0.779083
3.278165 0.780982
3.277981 0.781086
3.278183 0.781075
3.256276 0.777648
3.285333 0.774864
3.253174 0.771961
3.253034 0.771728
3.253219 0.771530
3.249922 0.766265
3.095943 0.710282
3.095712 0.710703
3.096058 0.710492
3.098442 0.705918
3.103283 0.704083
3.109984 0.698844
3.102144 0.700100
3.101343 0.701188
3.102362 0.700849
3.552651 0.747500
3.546350 0.746563
3.540130 0.740185
3.456873 0.722511
3.455197 0.725450
3.457804 0.723715
3.502346 0.723987
3.496199 0.722703
3.458029 0.720687
3.470216 0.715429
3.462007 0.716137
3.463358 0.715734
1.117306 1.068396
1.111039 1.068612
1.112446 1.068249
1.104769 1.068147
1.106128 1.067355
1.098491 1.066614
1.092210 1.064510
1.085928 1.062305
1.084823 1.061987
1.079647 1.060210
1.080187 1.059982
1.073364 1.057878
1.074721 1.057208
1.067090 1.056959
1.068464 1.056187
1.060813 1.055494
1.062189 1.055203
1.054529 1.053014
1.050424 1.051351
1.048228 1.047878
1.048496 1.050462
1.048205 1.044323
1.047599 1.045706
1.050424 1.040971
1.048712 1.039429
1.055517 1.033986
0.314141 0.702817
0.301633 0.695474
0.187042 0.660888
0.180782 0.662037
0.199568 0.659267
0.200863 0.659334
0.193305 0.660050
0.189344 0.660544
0.193822 0.660040
1.407534 1.075330
1.401265 1.075055
1.394995 1.074623
1.388722 1.074043
1.382449 1.073166
1.376175 1.072126
1.369897 1.070539
1.363617 1.068658
1.432604 1.075171
1.426337 1.075162
1.420070 1.075328
1.413803 1.075509
1.410328 1.075403
1.440001 1.072234
1.206388 0.985991
1.200123 0.986294
1.193850 0.985531
1.187579 0.985169
1.181311 0.985110
1.231459 0.985968
1.225191 0.985799
1.218921 0.985613
1.212654 0.985711
1.206390 0.985991
1.206389 0.985989
0.528346 0.686514
0.529053 0.681406
0.529196 0.676234
1.715277 1.053148
1.709009 1.053016
1.702735 1.052084
1.759164 1.055033
1.752890 1.054185
1.746620 1.053726
1.740349 1.053237
1.734077 1.052519
1.727808 1.052374
1.721543 1.052855
1.718061 1.053122
1.715973 1.051146
1.766342 1.053411
1.325527 0.875558
1.325358 0.876699
1.325872 0.871570
1.326119 0.870147
1.326887 0.866537
1.326952 0.863016
1.119171 0.763314
0.969392 0.716479
0.970777 0.711483
0.974599 0.709425
0.971838 0.706459
0.974135 0.705170
0.974077 0.700040
1.829120 1.018921
1.854180 1.017249
1.847915 1.017536
1.841649 1.017984
1.835384 1.018379
1.834334 1.018434
1.872989 1.018072
1.866717 1.017559
1.860447 1.017089
1.858175 1.016989
1.334742 0.793934
1.335689 0.788860
1.336673 0.783814
1.336490 0.778603
1.231866 0.737938
1.233457 0.737811
1.225601 0.738366
1.219308 0.734629
1.233330 0.736293
1.218379 0.733928
1.219640 0.733335
1.213011 0.729965
1.206725 0.727128
1.239663 0.728370
1.213789 0.726123
1.205611 0.726711
1.206809 0.726697
1.200444 0.725058
1.194168 0.723792
1.187897 0.723327
1.181625 0.722775
1.180618 0.722783
2.136691 0.970142
2.130427 0.970619
2.124156 0.970211
2.117885 0.969712
2.111613 0.969017
2.105340 0.968227
2.099068 0.967476
2.092795 0.966805
2.086524 0.966399
2.084508 0.966275
2.138565 0.969606
2.358147 0.907700
2.357339 0.908436
2.364377 0.901835
2.361996 0.903945
2.359646 0.899979
2.370618 0.897646
2.368077 0.899707
2.365935 0.895628
2.472612 0.777194
2.471173 0.778686
2.478847 0.772083
2.475956 0.774217
2.480594 0.769757
2.480049 0.766769
2.758147 0.761406
2.764402 0.759270
2.758643 0.761258
2.770633 0.753587
2.767169 0.757386
2.771150 0.752833
2.771056 0.751791
2.697943 0.730857
2.695661 0.729577
2.701491 0.723217
2.698792 0.725786
2.695743 0.724101
2.690066 0.721800
2.704013 0.721436
2.701813 0.720278
2.696137 0.717949
2.690269 0.716057
2.684249 0.714508
2.671526 0.712928
2.659860 0.714445
2.664506 0.713586
2.696471 0.711940
2.690353 0.710594
2.671464 0.707765
2.660807 0.709386
2.664326 0.708688
2.690476 0.705058
2.671271 0.702917
2.662439 0.704459
2.664002 0.704140
3.271465 0.781069
3.264788 0.780970
3.258336 0.780368
3.087977 0.714125
3.083620 0.718035
3.088878 0.713641
3.091936 0.708932
3.095048 0.707436
3.576683 0.738219
3.582912 0.732052
3.580534 0.734308
3.583658 0.733075
3.585067 0.729829
3.590399 0.727743
3.597085 0.722554
1.065252 1.058041
0.158598 0.672050
0.156714 0.673865
0.164838 0.667665
0.161781 0.669457
0.166223 0.666906
1.409232 1.071533
1.402963 1.071404
1.396693 1.071003
1.434300 1.071061
1.428033 1.071231
1.421767 1.071411
1.415501 1.071675
1.411660 1.071586
1.446832 1.070513
1.440566 1.070777
1.439513 1.070798
1.201817 0.982078
1.233150 0.981118
1.226882 0.981033
1.220613 0.980864
1.214346 0.980978
1.208081 0.981432
1.204989 0.981755
1.239414 0.980515
1.233680 0.981077
1.233448 0.980329
0.534052 0.678184
0.534030 0.672961
0.536100 0.671723
0.534004 0.667759
0.536047 0.666553
0.535851 0.661726
1.653750 1.060831
1.647476 1.059853
1.641200 1.058621
1.703913 1.064140
1.697640 1.063369
1.691368 1.062743
1.685098 1.062345
1.678830 1.062280
1.672562 1.062137
1.666292 1.061794
1.660019 1.061164
1.659252 1.061134
1.320570 0.907975
1.319955 0.908748
1.326785 0.899760
1.323297 0.904061
1.321795 0.900860
1.326961 0.899450
1.326843 0.899287
1.327636 0.892255
1.328248 0.885634
0.950825 0.733272
0.943355 0.730251
0.943861 0.733807
0.937086 0.730049
0.937861 0.732221
0.930809 0.728618
0.943838 0.729728
0.950299 0.729148
0.928644 0.727328
0.924515 0.724615
0.925020 0.725597
0.945635 0.724837
0.950134 0.724253
0.922275 0.721121
0.919537 0.717569
0.919151 0.715440
0.918177 0.713713
0.918546 0.714485
0.911888 0.710350
0.905618 0.709929
0.899351 0.710281
0.900616 0.709535
0.893088 0.710877
0.892095 0.711155
0.893285 0.710883
2.008739 1.027440
2.002466 1.026626
1.996192 1.025524
1.989916 1.024307
2.021256 1.024411
2.015003 1.026910
2.010813 1.027301
1.987089 1.023583
2.027511 1.022575
2.022276 1.023910
2.217524 0.943919
2.211255 0.943730
2.275377 0.949264
2.267699 0.949061
2.268483 0.949647
2.261420 0.947215
2.262376 0.948282
2.255136 0.944766
2.256578 0.946235
2.242588 0.942813
2.236327 0.943756
2.237564 0.943696
2.230062 0.944165
2.230760 0.943880
2.223793 0.944137
2.221723 0.944092
2.223967 0.944038
2.251684 0.943635
2.248856 0.942972
2.246271 0.942773
2.248974 0.942926
2.388575 0.840665
2.387374 0.843352
2.389707 0.838494
2.401048 0.831125
2.394793 0.832957
2.393662 0.833916
2.407993 0.829394
2.521417 0.764468
2.514999 0.763796
2.508722 0.762823
2.482211 0.759554
2.540320 0.761986
2.533864 0.761395
2.527236 0.761185
2.520751 0.760660
2.514433 0.759762
2.508380 0.758283
2.488435 0.752834
2.483749 0.756985
2.489875 0.754626
2.514013 0.755442
2.507860 0.754170
2.501924 0.752417
2.489131 0.752636
2.495602 0.751528
2.773991 0.740156
2.770789 0.744713
2.774097 0.740015
2.777957 0.735433
3.049922 0.741103
3.043657 0.741454
3.037386 0.740874
3.031110 0.739628
3.056175 0.738738
3.053917 0.739851
3.057234 0.737883
3.012241 0.729498
3.063659 0.733265
3.010330 0.727779
3.007959 0.722192
3.005902 0.718399
3.006347 0.720935
3.000614 0.718764
2.987080 0.715615
2.984950 0.718583
3.004039 0.716374
2.999592 0.711968
3.000169 0.714447
2.988674 0.713946
2.993926 0.713390
2.997418 0.710139
2.993298 0.707914
2.990724 0.709075
2.993725 0.708554
3.680897 0.716806
3.687137 0.712533
3.683222 0.715937
3.693387 0.709908
3.688144 0.711506
1.127004 1.066110
1.120736 1.066149
1.114468 1.066040
1.108192 1.064790
1.170902 1.069797
1.164627 1.068734
1.158354 1.067903
1.152083 1.067296
1.145811 1.066778
1.139539 1.066027
1.141227 1.064056
1.133276 1.066771
1.133270 1.066771
1.133276 1.066771
1.045298 1.031320
1.044436 1.031953
1.070342 1.027159
1.064071 1.026502
1.057801 1.026255
1.051540 1.027274
1.050214 1.027651
1.071517 1.023014
1.065667 1.021072
0.422894 0.738171
0.424073 0.738805
0.416628 0.738337
0.417348 0.738814
0.410354 0.737463
0.411016 0.737950
0.404075 0.735726
0.405044 0.736301
0.397793 0.733546
0.392715 0.731400
0.391509 0.730902
0.391611 0.730986
0.385223 0.728221
0.385932 0.728687
0.378936 0.725183
0.375194 0.723432
0.372650 0.722423
0.372859 0.722580
0.366370 0.720469
0.366890 0.720920
0.360088 0.718269
0.360947 0.719212
0.353805 0.715887
0.349762 0.714219
0.347522 0.713496
0.347627 0.713641
0.341244 0.711951
0.341512 0.712307
0.334967 0.710498
0.328688 0.708767
0.322408 0.706814
0.316122 0.704166
0.315009 0.703552
0.309836 0.701336
0.303543 0.697388
0.302347 0.696343
0.297247 0.692921
0.293366 0.689714
0.290946 0.687923
0.291469 0.688207
0.285139 0.683209
0.284646 0.682839
0.284753 0.682899
0.278346 0.677859
0.277052 0.676732
0.272044 0.672611
0.273366 0.673072
0.269148 0.670292
0.265744 0.667732
0.266572 0.667943
0.215534 0.657082
0.260279 0.663704
0.259447 0.663107
0.259642 0.663143
0.228048 0.653874
0.221792 0.655656
0.216525 0.656784
0.247295 0.655437
0.241643 0.653050
0.234311 0.653068
0.229337 0.653599
0.235100 0.652655
1.451906 1.056044
1.445646 1.057222
1.489522 1.057657
1.483251 1.057015
1.476980 1.056422
1.470710 1.056112
1.464440 1.055839
1.458172 1.055751
1.454468 1.055846
1.452894 1.053255
1.263310 0.968963
1.257043 0.969064
1.250775 0.969100
1.244505 0.968589
1.288373 0.967763
1.282107 0.967915
1.275841 0.968148
1.269579 0.969086
1.267313 0.969082
1.270252 0.967955
1.290390 0.967562
1.289904 0.963810
0.730352 0.719766
0.722654 0.717172
0.724035 0.718875
0.736171 0.716492
0.724728 0.716997
0.729205 0.717041
0.719739 0.716202
0.716370 0.714598
0.716748 0.714843
0.711035 0.709640
0.710068 0.709214
0.710245 0.709095
0.703787 0.707119
0.705175 0.705415
0.697503 0.704687
0.691216 0.701786
0.689473 0.701029
0.684933 0.699397
0.678650 0.696953
0.672363 0.694058
0.640995 0.689558
0.669191 0.692622
0.666077 0.691342
0.666672 0.690816
0.659800 0.689750
0.660525 0.689538
0.653526 0.688851
0.654106 0.688871
0.647258 0.688696
0.645620 0.688886
0.647450 0.688725
1.999039 1.029433
1.992766 1.028540
1.986491 1.027406
2.012486 1.028313
1.981234 1.025500
1.980209 1.025153
1.980287 1.025165
1.973924 1.022658
1.974664 1.022722
1.967639 1.019913
1.969082 1.020198
1.962466 1.017335
1.961349 1.016370
1.961497 1.016837
1.956222 1.013626
1.904874 1.006410
1.955485 1.011046
1.955043 1.010567
1.955101 1.010852
1.949506 1.008337
1.943929 1.005798
1.917370 1.000351
1.911124 1.003634
1.910389 1.003904
1.911447 1.003312
1.943185 1.002184
1.937188 1.000567
1.929893 0.998388
1.930918 0.999563
1.923627 0.998752
1.918585 0.999997
1.924418 0.999073
1.370509 0.758153
1.364233 0.756859
1.357971 0.757669
1.376764 0.756221
1.372846 0.757794
1.370680 0.757038
1.364323 0.756232
1.358282 0.754735
1.378029 0.753428
1.377247 0.752104
1.371563 0.749799
1.365022 0.749401
1.358527 0.748898
1.352302 0.747804
1.346345 0.746123
1.371788 0.744026
1.365356 0.743382
1.358834 0.742938
1.352520 0.742036
1.346398 0.740709
1.365546 0.737698
1.359357 0.736510
1.353247 0.735147
1.306875 0.731781
1.307986 0.731191
1.301361 0.726703
1.309159 0.723310
1.301345 0.724263
1.300704 0.725600
1.301573 0.725218
1.314343 0.721445
1.307589 0.720538
1.304754 0.721052
1.308183 0.720190
2.156001 0.952361
2.168519 0.949454
2.162264 0.951661
2.161273 0.951847
2.187300 0.946130
2.181036 0.946658
2.174775 0.947681
2.172016 0.948330
2.201301 0.944319
2.194228 0.945106
2.386896 0.847512
2.384948 0.852194
2.386990 0.847295
2.387003 0.847041
2.393112 0.839419
2.390185 0.842601
2.393975 0.835934
2.480520 0.764420
2.479482 0.765543
2.482615 0.760839
2.487717 0.754122
2.897054 0.726023
2.890791 0.726723
2.884531 0.727914
2.884160 0.728020
2.909587 0.725518
2.903320 0.725701
2.902584 0.725716
3.302541 0.758436
3.304104 0.757760
3.300141 0.752845
3.304811 0.750902
3.299980 0.747624
3.304776 0.745692
3.260541 0.741413
3.259719 0.740055
3.311322 0.740816
3.256997 0.735635
3.260659 0.733931
3.253386 0.730121
3.253138 0.729821
3.253460 0.729694
3.247085 0.724929
3.215707 0.718812
3.209440 0.718947
3.243669 0.723128
3.247719 0.722241
3.240797 0.721682
3.234513 0.719137
3.228233 0.717310
3.221964 0.717237
3.215930 0.718755
