0.031957 0.892709
0.298898 0.912275
0.292629 0.914363
0.286359 0.916216
0.280086 0.917743
0.273813 0.919194
0.267538 0.920477
0.261261 0.921631
0.254985 0.922804
0.317691 0.904823
0.311428 0.907426
0.305163 0.909834
0.299037 0.912229
0.298906 0.912284
0.292994 0.914764
0.286963 0.916894
0.280740 0.918446
0.274435 0.919753
0.268053 0.920828
0.261625 0.921769
0.250011 0.923161
0.255229 0.922804
0.248702 0.923187
0.380407 0.888060
0.374121 0.888030
0.336478 0.896639
0.330215 0.899402
0.323953 0.902157
0.320582 0.903624
0.318009 0.905238
0.312434 0.908737
0.306836 0.912170
0.373533 0.888032
0.374310 0.888470
0.367836 0.888166
0.361557 0.888969
0.355281 0.890296
0.349010 0.892081
0.342743 0.894216
0.338545 0.895822
0.336675 0.896886
0.331211 0.900725
0.676861 0.889029
0.670581 0.889719
0.664301 0.890403
0.658024 0.891418
0.651744 0.892300
0.645466 0.893286
0.678385 0.890708
0.671711 0.890911
0.665065 0.891196
0.658587 0.891977
0.652050 0.892592
0.642052 0.893818
0.645573 0.893385
0.639189 0.894242
0.632910 0.895122
1.039172 0.876454
1.044950 0.878246
1.037713 0.876407
1.031430 0.876764
1.025150 0.877549
1.018872 0.878412
1.012590 0.879104
1.026234 0.879044
1.019453 0.878925
1.007147 0.879759
1.012819 0.879247
1.006311 0.879852
1.000030 0.880456
1.212026 0.918765
1.215826 0.920304
1.208781 0.916420
1.252916 0.906573
1.247566 0.910718
1.208030 0.915821
1.209020 0.916390
1.253621 0.901868
1.252641 0.899916
1.252840 0.902620
1.247228 0.905994
1.241698 0.909623
1.204856 0.912731
1.210040 0.915770
1.251357 0.898565
1.246871 0.901238
1.241306 0.904777
1.352948 0.868465
1.352822 0.868360
1.353311 0.869423
1.347058 0.865841
1.346637 0.865787
1.340348 0.865557
1.554458 0.895008
1.553663 0.893648
1.552552 0.891605
1.554433 0.893725
1.550698 0.888226
1.616904 0.937839
1.608055 0.936562
1.609900 0.937054
1.603318 0.934641
1.610887 0.936281
1.601834 0.934109
1.603610 0.934677
1.661701 0.916989
1.659717 0.914295
1.660162 0.918670
1.611020 0.932998
1.598878 0.930968
1.604146 0.932597
1.659469 0.913662
1.656854 0.910456
1.816458 0.866639
1.810171 0.866565
1.803884 0.866437
1.817739 0.867408
1.810847 0.866956
1.803263 0.866423
1.803944 0.866471
1.797598 0.866599
1.791311 0.866630
1.786186 0.866444
2.119167 0.864137
2.119579 0.866685
2.114481 0.871583
2.126661 0.863982
2.117996 0.861920
2.119519 0.862780
2.112860 0.861816
2.106564 0.860783
2.127002 0.861321
2.120401 0.861740
2.113650 0.861711
2.106279 0.860731
2.106602 0.860783
2.197341 0.912709
2.212137 0.909197
2.209884 0.909373
2.209984 0.909984
2.203608 0.910602
2.197743 0.912386
2.203745 0.911481
2.385385 0.850320
2.379098 0.850398
2.386669 0.851674
2.373123 0.850484
2.379748 0.851133
2.372813 0.850500
2.366531 0.850959
2.360244 0.850972
2.620875 0.879529
2.614593 0.879950
2.622097 0.881484
2.610746 0.880032
2.615067 0.880613
2.608309 0.880175
2.602022 0.880191
2.595733 0.879926
2.603105 0.881493
2.594401 0.879880
2.595900 0.880096
2.981739 0.868274
2.975450 0.868034
2.969165 0.868077
2.995612 0.865934
2.988958 0.866190
2.982367 0.866640
2.975794 0.867140
2.965177 0.868343
2.969276 0.867806
2.962882 0.868479
2.956600 0.868957
2.950318 0.869591
2.944038 0.870365
2.989617 0.864480
2.982977 0.864783
2.976361 0.865157
2.969842 0.865824
2.963408 0.866747
2.956984 0.867699
3.261097 0.881738
3.275237 0.883102
3.268212 0.882252
3.259950 0.881374
3.261235 0.881549
3.254790 0.879401
3.268871 0.880523
3.261969 0.880037
3.253720 0.878940
3.254918 0.879106
3.248484 0.877324
3.453824 0.901259
3.486831 0.898415
3.480342 0.899165
3.473866 0.899954
3.467366 0.900670
3.460759 0.901069
3.451992 0.900873
3.454002 0.901021
3.447528 0.900135
3.474304 0.897545
3.467908 0.898577
3.461413 0.899315
3.454785 0.899653
3.443523 0.898934
3.448024 0.899588
3.441226 0.898430
3.437018 0.896603
0.073146 0.899632
0.098216 0.891028
0.092610 0.894311
0.092026 0.894655
0.086323 0.897744
0.080079 0.899225
0.068632 0.899625
0.073490 0.899679
0.066859 0.899580
0.060559 0.898170
0.129554 0.880433
0.123273 0.880996
0.116997 0.882164
0.110730 0.884390
0.104472 0.887687
0.104042 0.887936
0.098807 0.891048
0.092896 0.893529
0.087043 0.896190
0.081007 0.898301
0.074729 0.899691
0.068035 0.899830
0.059361 0.897876
0.060767 0.898248
0.054259 0.896597
0.124295 0.882929
0.117662 0.883252
0.111929 0.886272
0.511193 0.902098
0.497291 0.898584
0.492305 0.898179
0.498217 0.899882
0.490996 0.897717
0.484698 0.896317
0.492415 0.899012
0.482916 0.896469
0.484785 0.896338
0.478418 0.897103
0.472142 0.898226
0.911740 0.885899
0.905459 0.886472
0.899179 0.887159
0.892897 0.887715
0.919494 0.886064
0.912905 0.886516
0.906315 0.886969
0.899788 0.887605
0.888417 0.888137
0.893170 0.887973
0.886616 0.888291
0.880333 0.888661
0.874047 0.888858
1.455601 0.878699
1.449319 0.879080
1.469667 0.878414
1.463185 0.879187
1.456578 0.879586
1.443262 0.879351
1.449889 0.879740
1.443035 0.879378
1.436754 0.880075
1.430475 0.880929
1.424197 0.881927
1.417923 0.883227
1.411650 0.884941
1.405381 0.886828
1.399109 0.888446
1.392830 0.889361
1.595349 0.931385
1.593170 0.930582
1.595756 0.931349
1.591812 0.927069
1.596476 0.929806
1.662863 0.907454
1.659559 0.913155
1.593032 0.923012
1.660920 0.904069
1.658714 0.906931
1.658270 0.900878
1.657941 0.900482
1.658027 0.901197
1.795929 0.864852
1.789640 0.864480
1.797046 0.866001
1.787717 0.864423
1.789891 0.864762
1.783354 0.864552
1.777067 0.864569
1.770779 0.864436
1.784890 0.866296
1.777927 0.865625
1.770601 0.864439
1.770799 0.864460
2.110068 0.883087
2.108733 0.882527
2.197835 0.855460
2.191568 0.857711
2.185294 0.859084
2.179013 0.859677
2.179838 0.865473
2.172744 0.861628
2.173694 0.867249
2.168032 0.870466
2.128817 0.870563
2.122544 0.872105
2.116272 0.873804
2.110014 0.877028
2.107448 0.879001
2.210819 0.853624
2.198587 0.854928
2.204228 0.854071
2.197831 0.855029
2.191555 0.856161
2.185278 0.857308
2.179006 0.858917
2.172728 0.859785
2.168518 0.861599
2.166563 0.862361
2.161045 0.866021
2.141345 0.865486
2.142819 0.872014
2.135086 0.868644
2.130612 0.870042
2.129208 0.871625
2.123006 0.873240
2.116843 0.874979
2.218291 0.852084
2.211626 0.852307
2.205148 0.853096
2.198717 0.854024
2.192186 0.854653
2.185670 0.855326
2.179291 0.856412
2.172984 0.857709
2.166927 0.859761
2.160946 0.862046
2.154752 0.863694
2.143899 0.863298
2.147996 0.863647
2.579397 0.874746
2.570994 0.872523
2.572027 0.872872
2.565557 0.871941
2.559265 0.871386
2.566820 0.873734
2.559034 0.871344
2.559315 0.871444
2.552973 0.870656
2.547269 0.870180
2.546681 0.870130
0.058898 0.897226
0.066694 0.899514
0.056349 0.896908
0.059355 0.897732
0.052601 0.895959
0.110023 0.884287
0.104429 0.887703
0.046773 0.895212
0.053371 0.896280
0.046307 0.895103
0.040011 0.894082
0.036411 0.893742
0.489317 0.894770
0.483915 0.894594
0.490539 0.897080
0.483029 0.894506
0.476744 0.894689
0.470462 0.895245
0.464184 0.896161
0.457905 0.896992
0.478144 0.896639
0.471603 0.897240
0.465098 0.897947
0.453256 0.897611
0.458355 0.897939
0.451625 0.897818
0.445347 0.898887
0.884947 0.886583
0.878663 0.886791
0.872377 0.886864
0.886498 0.888179
0.879675 0.887930
0.869590 0.886864
0.872710 0.887257
0.866091 0.886883
0.859804 0.886991
0.853519 0.887157
1.191108 0.900513
1.190539 0.899531
1.191747 0.901342
1.188930 0.896067
1.256526 0.877225
1.253739 0.874066
1.185912 0.892954
1.330451 0.861556
1.323806 0.861840
1.317193 0.862220
1.305263 0.862583
1.310518 0.862414
1.303931 0.862651
1.297648 0.863062
1.291365 0.863543
1.285085 0.864230
1.278807 0.865142
1.253739 0.873986
1.253715 0.874031
1.311767 0.862428
1.305151 0.862803
1.298534 0.863175
1.291940 0.863612
1.285427 0.864296
1.274006 0.865711
1.278988 0.865199
1.272527 0.865891
1.266250 0.867091
1.259979 0.868800
1.259771 0.868892
1.532352 0.870477
1.534995 0.872211
1.527968 0.868342
1.521692 0.869569
1.515417 0.870843
1.509139 0.871920
1.502865 0.873219
1.528203 0.868337
1.521848 0.869492
1.515528 0.870750
1.509168 0.871890
1.502173 0.873356
1.502869 0.873214
1.496590 0.874544
1.490316 0.875895
1.484041 0.877268
1.477765 0.878460
1.937890 0.867640
1.951988 0.869443
1.945144 0.869135
1.937647 0.867660
1.937913 0.867675
1.931609 0.868215
1.925324 0.868446
1.919037 0.868306
1.933029 0.869510
1.926227 0.869327
1.916949 0.868431
1.919225 0.868540
1.912754 0.868805
1.906471 0.869231
2.176820 0.911805
2.197317 0.912412
2.190498 0.912178
2.183623 0.911777
2.176816 0.911373
2.176675 0.911616
2.176827 0.911612
2.216420 0.898967
2.214426 0.899042
2.214581 0.899859
2.208145 0.899623
2.208629 0.902212
2.201866 0.900484
2.202520 0.904099
2.195590 0.901746
2.196227 0.905437
2.189317 0.903206
2.189819 0.906428
2.183051 0.905508
2.179104 0.907250
2.183236 0.906902
2.364862 0.849257
2.358576 0.849327
2.352294 0.849836
2.372784 0.850465
2.366019 0.850394
2.359121 0.849920
2.350999 0.849947
2.352375 0.849907
2.346012 0.850280
2.339723 0.850122
2.347051 0.850476
2.334372 0.849865
2.340213 0.850184
2.333435 0.849888
2.655437 0.884118
2.641405 0.881459
2.635122 0.881862
2.628839 0.882245
2.636590 0.884515
2.625378 0.882236
2.629417 0.883218
2.622552 0.882129
2.616267 0.882252
2.609981 0.882444
3.062107 0.864919
3.069412 0.864895
3.057500 0.864184
3.062533 0.864481
3.055813 0.864043
3.049522 0.863498
3.063556 0.863862
3.056766 0.863709
3.044104 0.863368
3.049940 0.863454
3.043234 0.863381
3.398443 0.892420
3.391574 0.892038
3.379247 0.891403
3.384727 0.891718
3.377969 0.890986
3.392101 0.889907
3.385284 0.889676
3.372937 0.888987
3.378469 0.889454
3.371660 0.888454
3.367040 0.886523
3.677888 0.910029
3.685621 0.912018
3.676763 0.909279
3.678121 0.909753
3.672333 0.906437
3.679058 0.908840
3.671566 0.905997
3.667877 0.903640
3.672327 0.905198
0.051835 0.895406
0.038351 0.893304
0.046227 0.895072
0.032816 0.892856
0.039007 0.893634
0.032059 0.892676
0.025764 0.891748
0.033269 0.892966
0.026228 0.892063
0.410619 0.899988
0.468463 0.891553
0.448257 0.890863
0.441980 0.891887
0.435705 0.893231
0.429433 0.894845
0.423162 0.896596
0.416891 0.898332
0.410898 0.899909
0.410467 0.900006
0.410635 0.900020
0.404340 0.900865
0.398056 0.901096
0.391766 0.900790
0.390264 0.900719
0.392120 0.901461
0.864418 0.884794
0.858132 0.884780
0.865669 0.886360
0.854419 0.884780
0.858604 0.885391
0.851846 0.884751
0.845561 0.884956
0.839276 0.885209
0.833774 0.885592
0.839769 0.885871
0.832993 0.885612
1.181353 0.886717
1.167139 0.883497
1.160860 0.884339
1.154577 0.884709
1.148293 0.885133
1.162151 0.886052
1.155338 0.885831
1.146800 0.885249
1.148430 0.885331
1.142009 0.885417
1.135725 0.885588
1.129443 0.886183
1.435077 0.877320
1.428795 0.877846
1.422514 0.878606
1.416240 0.879928
1.409971 0.881927
1.403706 0.884343
1.397442 0.886824
1.391169 0.888474
1.384887 0.888937
1.378602 0.889043
1.443016 0.879344
1.436122 0.878886
1.429293 0.878621
1.422586 0.878721
1.416260 0.879962
1.410435 0.882702
1.404748 0.885861
1.398749 0.888090
1.392318 0.889016
1.385619 0.889142
1.375884 0.888896
1.378921 0.889269
1.372315 0.888973
2.071861 0.864720
2.065579 0.865333
2.059294 0.865448
2.092323 0.862083
2.085849 0.862877
2.079377 0.863684
2.072903 0.864480
2.066366 0.865090
2.053227 0.865408
2.059720 0.865375
2.053007 0.865422
2.046724 0.865752
2.040440 0.866140
2.067145 0.863751
2.060655 0.864507
2.327787 0.885178
2.321513 0.886683
2.446964 0.855021
2.330789 0.883941
2.460885 0.855593
2.454109 0.855487
2.443365 0.855059
2.447317 0.855336
2.440679 0.855260
2.434398 0.855769
2.428116 0.856355
2.421834 0.856788
2.435822 0.857582
2.429012 0.857373
2.417461 0.857013
2.422221 0.857222
2.415550 0.857159
2.724876 0.893910
2.710977 0.892091
2.704683 0.891163
2.718823 0.892240
2.711877 0.891629
2.702023 0.890835
2.704968 0.891123
2.698389 0.890287
2.692094 0.889490
2.705942 0.890359
2.699048 0.889898
2.691458 0.889393
2.692161 0.889456
3.103171 0.869339
3.110524 0.870613
3.101798 0.869079
3.103372 0.869385
3.096876 0.868271
3.104775 0.869868
3.092046 0.867417
3.097562 0.868453
3.090580 0.867161
3.084285 0.866239
3.081986 0.865876
3.084566 0.866230
0.150958 0.882977
0.157296 0.884549
0.150089 0.882875
0.143802 0.882867
0.137519 0.883141
0.131238 0.883759
0.106144 0.889739
0.099879 0.892211
0.093610 0.894203
0.087344 0.896468
0.081075 0.898368
0.074799 0.899755
0.068517 0.900163
0.138487 0.885060
0.129316 0.883956
0.131473 0.884243
0.124954 0.884213
0.118678 0.885317
0.112409 0.887299
0.109583 0.888358
0.106644 0.890647
2.118071 0.890224
2.116984 0.889974
2.118915 0.892265
2.111764 0.887820
2.180750 0.869180
2.174476 0.870554
2.168195 0.871124
2.110689 0.887548
2.113020 0.891094
2.167513 0.871096
2.161904 0.870776
2.163003 0.875584
2.143064 0.872887
2.106348 0.884728
2.230891 0.852138
2.224610 0.852661
2.155864 0.869885
2.155609 0.869842
2.155642 0.870035
2.149332 0.870872
2.144595 0.872403
2.149544 0.871968
2.140735 0.873267
2.136786 0.873845
2.238537 0.852154
2.231839 0.852282
2.218621 0.852099
2.225267 0.852788
2.218318 0.852087
2.212034 0.852397
2.205753 0.852974
2.199465 0.852904
2.226160 0.851794
2.551298 0.868315
2.549367 0.868038
2.551679 0.868766
2.545006 0.867648
2.538715 0.867108
2.546565 0.869960
2.537251 0.866932
2.538991 0.867450
2.532423 0.866505
2.844944 0.888829
2.877946 0.884320
2.871491 0.885171
2.864997 0.885907
2.858407 0.886357
2.851792 0.886732
2.841952 0.887007
2.845125 0.886950
2.838637 0.886480
2.858896 0.884117
2.852350 0.884701
2.845745 0.885106
2.833255 0.885134
2.839031 0.885188
2.832338 0.885000
3.281634 0.884518
3.295816 0.884169
3.288989 0.883909
3.276391 0.883169
3.282079 0.883407
3.275334 0.882901
3.282767 0.881768
3.270499 0.880671
3.275866 0.881284
3.269024 0.880384
0.221371 0.899979
0.217508 0.899259
0.215073 0.898614
0.208777 0.897620
0.208121 0.897542
0.208970 0.897980
0.202484 0.897002
0.571418 0.900438
0.565145 0.901942
0.558871 0.903363
0.552595 0.904484
0.546313 0.905095
0.540030 0.905439
0.533746 0.905713
0.591886 0.897791
0.585485 0.898805
0.579129 0.899956
0.572837 0.901301
0.566451 0.902363
0.560041 0.903351
0.553529 0.904040
0.546913 0.904411
0.540353 0.904952
0.532024 0.905729
0.533832 0.905612
0.527460 0.905745
1.010928 0.878008
1.004651 0.879076
1.037468 0.876036
1.030596 0.875647
1.024162 0.876560
1.017713 0.877428
1.011236 0.878214
0.999764 0.879750
1.004808 0.879147
0.998372 0.879928
0.992092 0.880769
0.985813 0.881521
0.979533 0.882256
0.973254 0.883112
0.966975 0.884028
1.006274 0.879833
0.999697 0.880323
0.993204 0.881066
0.986662 0.881663
0.980156 0.882367
0.973685 0.883180
0.961168 0.884549
0.967243 0.884076
0.960693 0.884585
1.538659 0.874514
1.543595 0.877762
1.535947 0.872731
1.534676 0.871581
1.536751 0.873751
1.529628 0.869141
1.529738 0.869266
2.045063 0.865016
2.038780 0.865384
2.032497 0.865740
2.052996 0.865425
2.046366 0.865757
2.039746 0.866117
2.026765 0.865836
2.033013 0.866137
2.026212 0.865846
2.019926 0.865847
2.013642 0.866233
2.508534 0.858647
2.502248 0.858578
2.509432 0.859665
2.501411 0.858514
2.502349 0.858640
2.495960 0.858515
2.489675 0.858692
2.483389 0.858747
2.497215 0.859776
2.490329 0.859336
2.483335 0.858749
2.483393 0.858752
0.232799 0.920651
0.231903 0.920064
0.233267 0.921283
0.232258 0.916167
0.233222 0.917444
0.226457 0.914363
0.334598 0.894379
0.225386 0.913918
0.843887 0.882715
0.851481 0.884244
0.837652 0.883053
0.844503 0.883534
0.837604 0.883054
0.831322 0.883461
0.825040 0.883960
0.818759 0.884579
0.812476 0.885162
0.832913 0.885521
0.826064 0.885195
0.819336 0.885231
0.809286 0.885579
0.812628 0.885329
0.806197 0.885967
2.018262 0.864784
2.011978 0.864998
2.005699 0.865782
1.999419 0.866655
2.026167 0.865820
2.019293 0.865424
2.012596 0.865555
2.006049 0.866131
1.998471 0.866672
1.999500 0.866708
1.993134 0.866821
1.986846 0.866575
2.539581 0.864765
2.544118 0.866315
2.537038 0.864481
2.530748 0.864098
2.527000 0.863743
2.531428 0.864979
2.524457 0.863563
2.518168 0.863299
2.811854 0.888304
2.810455 0.892390
2.811996 0.892396
2.838484 0.887250
2.831878 0.887651
2.825338 0.888251
2.811872 0.888237
2.818623 0.888325
2.811854 0.888225
2.832288 0.885180
2.825647 0.885478
2.818976 0.885688
2.807992 0.885295
2.812140 0.885401
2.805535 0.884630
3.254159 0.880548
3.245503 0.879137
3.247050 0.879450
3.240541 0.876850
3.247845 0.878109
3.239934 0.876545
3.240631 0.876693
3.234230 0.874034
3.241591 0.875896
3.234216 0.874029
3.234231 0.874032
3.613987 0.891952
3.602296 0.890913
3.606974 0.891139
3.600293 0.889973
3.614484 0.889743
3.607409 0.888740
3.596523 0.888386
3.600606 0.888551
3.593981 0.887060
0.300567 0.914207
0.294300 0.916316
0.288031 0.918285
0.281756 0.919722
0.392668 0.893065
0.395557 0.895253
0.388387 0.892568
0.382098 0.892206
0.313099 0.909546
0.306836 0.912170
0.306835 0.912170
0.379751 0.892108
0.375810 0.891977
0.369525 0.892203
0.363243 0.892817
0.744212 0.889709
0.737390 0.889464
0.729055 0.889208
0.730587 0.889280
0.724177 0.889488
0.717894 0.889861
0.711612 0.890321
0.705330 0.890775
0.719055 0.891391
0.712200 0.891045
0.704440 0.890851
0.705393 0.890849
0.699047 0.891326
0.692765 0.891825
1.067954 0.891755
1.061667 0.891646
1.087313 0.887699
1.081486 0.890421
1.061599 0.891641
1.061709 0.891753
1.055376 0.891142
1.050083 0.890397
1.049082 0.890245
1.368959 0.883386
1.368920 0.883348
1.368975 0.883390
1.362654 0.881325
1.361909 0.881069
1.362959 0.881830
1.356590 0.878459
1.356341 0.878371
1.572052 0.915107
1.572100 0.911261
1.579290 0.915006
1.571793 0.907525
1.579177 0.910987
1.671641 0.877811
1.666554 0.882638
1.666177 0.885212
1.734349 0.860078
1.684158 0.871498
1.677899 0.874594
1.672133 0.877570
1.671740 0.877979
1.754582 0.859969
1.747841 0.859969
1.741119 0.860022
1.733127 0.860202
1.734430 0.860178
1.728069 0.860783
1.721789 0.861445
1.715509 0.862316
1.709233 0.863439
1.702959 0.864890
1.696689 0.866701
1.690421 0.868847
1.686002 0.870674
1.684391 0.871794
1.678934 0.875652
1.673124 0.878450
1.723294 0.863493
1.716714 0.863975
1.710300 0.864955
1.704078 0.866517
1.931305 0.868070
1.924403 0.867589
1.917367 0.866500
1.911086 0.867074
1.904803 0.867492
1.898517 0.867567
1.912542 0.868712
1.905812 0.868744
1.895109 0.867829
1.898793 0.867911
1.892235 0.868134
1.885954 0.868682
1.879670 0.868939
0.164343 0.886036
0.178526 0.887557
0.171587 0.886964
0.161376 0.886104
0.164738 0.886641
0.158056 0.885953
0.151768 0.885891
0.145485 0.886216
0.153330 0.889150
0.142700 0.886443
0.145878 0.887013
0.139200 0.886343
0.132919 0.886994
0.482834 0.894203
0.471424 0.891926
0.475532 0.892531
0.468782 0.892182
0.462502 0.892875
0.456221 0.893500
0.449941 0.894206
0.443663 0.895249
0.437389 0.896626
0.431116 0.898222
0.424846 0.900029
0.418575 0.901868
0.412305 0.903691
0.406025 0.904475
0.451453 0.897451
0.444780 0.897657
0.438449 0.898891
0.432365 0.900863
0.750980 0.889876
0.764089 0.888682
0.757613 0.889469
0.750412 0.889911
0.751019 0.889907
0.744697 0.890224
0.738415 0.890651
0.732132 0.891169
0.725850 0.891706
0.746125 0.891715
0.739366 0.891659
0.732652 0.891739
0.724931 0.891754
0.725933 0.891804
0.719567 0.892046
0.713284 0.892442
1.181472 0.886823
1.181394 0.886763
1.175097 0.885544
1.168815 0.886139
1.175753 0.886411
1.166888 0.886242
1.168944 0.886210
1.162531 0.886405
1.156248 0.886826
1.546190 0.882125
1.544465 0.878673
1.543936 0.878408
1.538742 0.876150
1.537623 0.875457
1.623870 0.939111
1.643233 0.935952
1.637116 0.937809
1.630796 0.939064
1.622725 0.938747
1.624031 0.938993
1.617569 0.937555
1.658278 0.927026
1.655688 0.929159
1.649880 0.931944
1.643892 0.934193
1.638017 0.936784
1.631692 0.938031
1.624950 0.938026
1.614207 0.936816
1.618006 0.937416
1.657754 0.923315
1.655581 0.925128
1.649880 0.928241
1.643995 0.930813
1.625111 0.934835
1.612579 0.933391
1.618213 0.934360
1.655502 0.920020
1.655132 0.919786
1.655184 0.920253
1.649571 0.923644
1.836974 0.867021
1.830690 0.867338
1.824405 0.867463
1.844797 0.867695
1.838092 0.867803
1.831333 0.867747
1.823082 0.867472
1.824518 0.867525
1.818120 0.867693
1.811833 0.867635
2.126061 0.895928
2.120908 0.894547
2.119758 0.894039
2.202993 0.877946
2.195009 0.872911
2.188731 0.873823
2.182455 0.874978
2.176181 0.876432
2.169904 0.877536
2.163623 0.878087
2.113836 0.892318
2.113453 0.892009
2.161013 0.878002
2.157336 0.878068
2.158529 0.882386
2.151054 0.878687
2.144776 0.879672
2.257691 0.852168
2.251406 0.852337
2.245118 0.852174
2.265402 0.851864
2.258570 0.851592
2.251916 0.851850
2.243521 0.852019
2.245238 0.852037
2.238831 0.852067
2.232543 0.851978
2.253021 0.851490
2.239573 0.851588
2.227748 0.851753
2.232877 0.851723
0.206177 0.893341
0.199129 0.891330
0.192836 0.890617
0.190845 0.890457
0.193215 0.891165
0.186544 0.889990
0.180258 0.890122
0.174242 0.890363
0.181017 0.891332
0.173974 0.890344
0.513060 0.902852
0.518823 0.904749
0.511552 0.902496
0.505259 0.901725
0.502451 0.901380
0.505784 0.902359
0.498962 0.900663
0.493486 0.899592
0.492665 0.899467
0.944807 0.883741
0.938527 0.884444
0.932246 0.885048
0.925964 0.885688
0.952586 0.884234
0.945925 0.884469
0.939354 0.884982
0.932736 0.885346
0.922835 0.885938
0.926140 0.885780
0.919682 0.886165
0.913402 0.886811
0.907121 0.887485
0.900842 0.888412
1.196882 0.907405
1.200187 0.910138
1.194467 0.904107
1.192763 0.900749
1.257380 0.886314
1.256290 0.889072
1.192746 0.900689
1.192778 0.900733
1.255734 0.882852
1.255468 0.882591
1.255583 0.883246
1.344670 0.863751
1.333380 0.861790
1.337400 0.862175
1.330720 0.861556
1.324437 0.861881
1.318153 0.862200
1.250418 0.880245
1.249731 0.882233
1.338600 0.862040
1.331829 0.861949
1.325124 0.862057
1.313563 0.862364
1.318445 0.862241
1.311868 0.862429
1.305585 0.862860
1.299303 0.863344
1.562414 0.904864
1.559115 0.899420
1.562664 0.901889
1.557125 0.896056
1.563156 0.899680
1.682475 0.869787
2.098637 0.862123
2.112584 0.862199
2.105847 0.862211
2.093136 0.861991
2.099068 0.862096
2.092350 0.862048
2.086067 0.862496
2.079783 0.862809
2.073500 0.863158
2.099979 0.861137
2.093405 0.861639
2.086850 0.862195
2.080258 0.862642
2.070067 0.863340
2.073671 0.863105
2.467485 0.855896
2.481473 0.856683
2.474555 0.856157
2.464388 0.855838
2.467774 0.856035
2.461198 0.855997
2.454917 0.856504
2.448636 0.857119
2.442353 0.857579
2.455990 0.857422
2.449299 0.857573
2.438943 0.857697
2.442611 0.857731
2.436070 0.857876
2.805277 0.892461
2.798754 0.893107
2.792278 0.893899
2.785059 0.888763
2.785770 0.894590
2.779387 0.895654
2.768253 0.896302
2.772835 0.896218
2.811853 0.888237
2.805187 0.888461
2.798473 0.888543
2.785095 0.888734
2.791855 0.888907
2.784862 0.888787
2.778780 0.889582
2.778887 0.890444
2.772503 0.890740
2.769437 0.892217
2.772610 0.891828
2.805366 0.885301
2.798617 0.885276
2.786250 0.884669
2.791732 0.884841
2.785019 0.884253
3.197800 0.869847
3.211809 0.871133
3.204841 0.870455
3.196961 0.869740
3.197862 0.869747
3.191506 0.869002
3.205686 0.869274
3.198689 0.868507
3.186870 0.868161
3.191878 0.868293
3.185211 0.867942
3.178916 0.867157
3.519924 0.893222
3.552776 0.890324
3.546204 0.890830
3.539679 0.891473
3.533144 0.892086
3.526581 0.892615
3.519491 0.892953
3.519947 0.892937
3.546405 0.887721
3.539857 0.888299
3.533322 0.888916
3.526744 0.889403
3.515386 0.890060
3.520115 0.889738
3.513602 0.889126
3.546592 0.884612
3.728720 0.917921
3.733441 0.917645
3.726920 0.917624
3.720622 0.916262
3.766199 0.911091
3.759734 0.911914
3.753297 0.912821
3.746855 0.913713
3.740296 0.914258
3.733855 0.915154
3.727309 0.915734
3.719889 0.916049
3.720675 0.916055
3.714325 0.915079
3.753634 0.910134
3.747237 0.911162
3.740714 0.911819
3.734334 0.912899
3.727862 0.913710
3.721301 0.914246
3.710754 0.914292
3.714597 0.914357
3.708026 0.913800
0.278412 0.915329
0.272137 0.916642
0.265863 0.918054
0.259590 0.919571
0.253318 0.921164
0.247045 0.922750
0.240766 0.923665
0.278509 0.915489
0.272182 0.916721
0.265924 0.918160
0.259723 0.919769
0.253547 0.921455
0.247314 0.922969
0.240342 0.923639
0.240809 0.923677
0.328543 0.897193
0.322281 0.899964
0.316020 0.902755
0.314745 0.903302
0.310317 0.906104
0.304616 0.909206
0.248594 0.923122
0.236241 0.920753
0.241460 0.921938
0.234448 0.920048
0.366158 0.885355
0.359878 0.886158
0.353605 0.887616
0.347338 0.889843
0.341072 0.892188
0.334807 0.894623
0.332638 0.895493
0.328994 0.897770
0.323530 0.901583
0.367070 0.886977
0.360296 0.886878
0.354051 0.888359
0.348187 0.890983
0.342361 0.893721
0.790313 0.885363
0.784035 0.886463
0.777759 0.887581
0.771481 0.888482
0.765203 0.889482
0.758925 0.890496
0.752646 0.891361
0.804314 0.884299
0.797871 0.885187
0.791487 0.886254
0.785093 0.887292
0.778686 0.888290
0.772175 0.888978
0.765733 0.889874
0.759304 0.890807
0.750019 0.891633
0.752793 0.891496
0.746365 0.891992
0.740083 0.892483
1.146615 0.882241
1.140331 0.882517
1.134049 0.882937
1.141453 0.884624
1.131779 0.883130
1.134318 0.883442
1.127765 0.883372
1.121487 0.884260
1.115214 0.885768
1.108941 0.887265
1.102667 0.888785
1.096395 0.890414
1.090121 0.891891
1.083846 0.893138
1.585941 0.926745
1.587830 0.927814
1.585564 0.922997
1.587980 0.924540
1.663826 0.905762
1.586586 0.918967
1.587540 0.919535
1.663209 0.898101
1.662543 0.896876
1.662867 0.899179
1.660906 0.894805
1.775389 0.861754
1.782766 0.863610
1.775208 0.861752
1.775416 0.861794
1.769105 0.862005
1.762822 0.862413
1.756540 0.862971
1.763874 0.863906
1.750555 0.863433
1.757061 0.863686
1.750258 0.863465
1.743978 0.864195
2.108546 0.877129
2.108494 0.877560
2.127134 0.867113
2.120866 0.869283
2.114601 0.871706
2.113916 0.872100
2.109341 0.876373
2.197817 0.855051
2.191503 0.856323
2.185218 0.857681
2.178973 0.859159
2.172618 0.860312
2.131376 0.864401
2.141114 0.863222
2.128432 0.861267
2.134210 0.862730
2.127082 0.861243
0.227372 0.906350
0.223063 0.904329
0.221443 0.903841
0.216759 0.902279
0.214389 0.901625
0.617018 0.893778
0.610739 0.894590
0.604462 0.895588
0.598185 0.896656
0.637328 0.892588
0.630854 0.893384
0.624319 0.893997
0.617800 0.894659
0.611201 0.895083
0.604713 0.895834
0.592956 0.897624
0.598272 0.896732
0.591909 0.897814
0.585633 0.898960
0.579356 0.900175
0.573081 0.901503
0.566804 0.902569
0.560527 0.903521
0.554245 0.904237
0.593484 0.898899
0.587058 0.899846
1.059970 0.886704
1.059549 0.886655
1.053675 0.885722
1.048742 0.885225
1.047382 0.885047
1.041083 0.883682
1.039817 0.883428
1.376937 0.887821
1.396983 0.886506
1.390895 0.888450
1.384305 0.888902
1.374966 0.887445
1.377341 0.888235
1.370631 0.885572
1.368925 0.884971
1.371347 0.886769
1.364337 0.884680
1.579333 0.915868
1.578964 0.919012
1.579503 0.919350
1.579443 0.915087
1.665401 0.892174
1.579714 0.911238
1.667084 0.886462
1.665467 0.888324
1.662152 0.893339
1.761145 0.859685
1.669684 0.883580
1.667557 0.885647
1.661965 0.889101
1.768284 0.860625
1.759169 0.859868
1.761293 0.859880
1.754865 0.860410
1.748585 0.861163
1.742305 0.861838
1.736022 0.862402
1.729742 0.863011
1.750234 0.863426
1.743481 0.863388
1.736699 0.863263
1.725990 0.863438
1.729970 0.863297
1.723462 0.863786
1.717185 0.864809
3.239792 0.877910
3.227465 0.873860
3.233352 0.875081
3.226285 0.873435
3.221346 0.871420
3.227039 0.872671
3.219978 0.871120
0.231082 0.913405
0.231836 0.917013
0.228081 0.911637
0.224756 0.908902
0.224494 0.908631
0.723701 0.888849
0.703656 0.888510
0.697375 0.889189
0.691095 0.889802
0.684814 0.890410
0.698635 0.890796
0.691858 0.890686
0.680273 0.890768
0.685138 0.890746
0.678531 0.890888
0.672250 0.891563
0.665970 0.892249
1.075917 0.894320
1.069642 0.895589
1.126084 0.880238
1.119806 0.881115
1.113533 0.882644
1.107261 0.884384
1.100990 0.886113
1.094720 0.887876
1.088450 0.889703
1.082179 0.891619
1.077621 0.893533
1.076062 0.894359
1.068208 0.895627
1.069758 0.895663
1.063356 0.895673
1.057061 0.894865
1.127274 0.882536
1.120537 0.882545
1.114364 0.884245
1.108266 0.886168
1.102148 0.888034
1.096043 0.889941
1.089838 0.891550
1.083508 0.892786
1.077222 0.894154
1.070931 0.895506
1.055626 0.894644
1.057330 0.895146
1.552858 0.892741
1.549346 0.886864
1.547039 0.883564
1.545628 0.882707
1.638068 0.935835
1.631788 0.936725
1.639861 0.932779
1.638166 0.933556
1.630110 0.934960
1.631900 0.934982
1.863767 0.866392
1.857485 0.866882
1.851203 0.867314
1.865106 0.867957
1.858325 0.867835
1.847073 0.867595
1.851523 0.867653
1.844921 0.867801
1.838638 0.868220
1.832353 0.868429
2.134051 0.901686
2.132421 0.901270
2.134964 0.903651
2.127748 0.899771
2.202994 0.877947
2.125070 0.899080
2.128722 0.901439
2.121443 0.897682
2.202993 0.877947
2.196711 0.878422
2.198268 0.883962
2.190432 0.879317
2.184156 0.880419
2.177882 0.881825
2.171605 0.883003
2.165326 0.883854
2.159045 0.884396
2.118262 0.896816
2.155652 0.884681
2.152764 0.885058
2.278199 0.851662
2.271913 0.851698
2.298456 0.849922
2.292022 0.850839
2.285498 0.851486
2.278794 0.851596
2.269291 0.851745
2.272077 0.851666
2.265627 0.851707
2.259336 0.851328
2.273145 0.851196
2.266404 0.851194
2.253621 0.851456
2.259649 0.851151
2.586100 0.875439
2.593891 0.877767
2.582868 0.875326
2.586564 0.876017
2.579812 0.875279
2.573523 0.874871
2.569476 0.874484
2.574216 0.875698
2.567230 0.874335
2.560939 0.873734
2.884273 0.883875
2.903843 0.881142
2.897409 0.882058
2.890919 0.882803
2.879709 0.884074
2.884450 0.883613
2.877988 0.884081
2.871701 0.883954
2.865411 0.883593
2.917278 0.877277
2.910876 0.878292
2.904367 0.878982
2.897810 0.879532
2.891346 0.880362
2.884943 0.881373
2.878482 0.882210
2.871989 0.882953
2.864978 0.883533
2.865437 0.883519
2.859117 0.882774
2.898281 0.877265
2.891870 0.878257
2.885469 0.879278
0.402657 0.897469
0.434781 0.891616
0.428694 0.893560
0.422715 0.895832
0.416694 0.897984
0.398625 0.897185
0.403769 0.899645
0.396368 0.897145
0.390081 0.897053
0.383791 0.896794
0.383338 0.896781
0.383928 0.897094
0.377501 0.896404
0.823369 0.882070
0.817090 0.882866
0.810810 0.883587
0.837599 0.883047
0.830776 0.882803
0.824058 0.882868
0.817443 0.883247
0.810501 0.883633
0.810820 0.883597
0.804531 0.884471
0.798253 0.885472
0.791977 0.886598
0.785700 0.887711
0.779423 0.888819
0.773144 0.889728
0.766868 0.890822
0.806048 0.885813
0.799559 0.886570
1.184768 0.891535
1.183076 0.890109
1.270870 0.865559
1.264603 0.867672
1.180676 0.888640
1.184174 0.891458
1.176762 0.886959
1.303856 0.862649
1.297238 0.863015
1.290641 0.863443
1.284126 0.864114
1.277671 0.864968
1.271174 0.865694
1.265016 0.867430
1.259253 0.870353
1.253733 0.874009
1.272470 0.865868
1.266110 0.867009
1.259963 0.868796
1.488663 0.876006
1.482386 0.877114
1.476105 0.877673
1.514439 0.871219
1.508101 0.872416
1.501859 0.873903
1.495469 0.874950
1.489134 0.876161
1.482825 0.877449
1.474860 0.877782
1.476186 0.877753
1.469827 0.878565
1.463548 0.879578
1.457270 0.880491
1.450992 0.881459
1.444714 0.882372
1.438435 0.883215
1.496567 0.874531
1.490270 0.875864
1.483983 0.877225
1.477618 0.878356
1.471263 0.879515
1.464908 0.880673
1.998260 0.866725
1.986363 0.867738
1.991775 0.867484
1.985203 0.867761
1.978915 0.867580
1.972633 0.868108
1.966353 0.868762
1.992839 0.866948
1.986056 0.866818
1.979447 0.867211
1.972977 0.868022
1.964241 0.868830
1.966472 0.868730
1.960068 0.868947
1.953783 0.869271
2.426441 0.853802
2.327577 0.883996
2.440437 0.854918
2.433592 0.854609
2.424089 0.853892
2.426726 0.854233
2.420157 0.854199
2.413873 0.854466
2.407587 0.854455
2.415370 0.856890
2.403786 0.854587
2.408174 0.855523
2.401303 0.854788
2.395020 0.855189
3.008525 0.866747
3.002231 0.865965
3.028863 0.864581
3.022305 0.865125
3.015714 0.865575
3.009002 0.865662
3.001197 0.865790
3.002303 0.865784
2.995938 0.865205
3.009751 0.864219
3.003042 0.864314
2.990096 0.864468
2.996334 0.864411
2.989644 0.864389
3.343209 0.888663
3.357057 0.889610
3.350140 0.889084
3.342962 0.888570
3.343232 0.888589
3.336905 0.886616
3.350788 0.887303
3.343925 0.886934
3.335822 0.886322
3.337002 0.886389
3.330604 0.884983
3.344621 0.885345
3.337746 0.884939
3.327992 0.884275
3.330853 0.884479
0.184872 0.887879
0.178937 0.887652
0.185689 0.888817
0.178583 0.887619
0.172298 0.887790
0.166017 0.888386
0.159736 0.888995
0.173932 0.890294
0.166975 0.889642
0.154163 0.889365
0.160273 0.889761
0.153452 0.889355
0.650077 0.890711
0.643799 0.891791
0.663159 0.889219
0.656701 0.890059
0.650216 0.890820
0.643745 0.891800
0.643802 0.891792
0.637522 0.892767
0.631244 0.893741
0.624965 0.894583
0.618686 0.895428
0.612405 0.896113
0.606127 0.896997
0.599848 0.897921
0.639083 0.894136
0.632551 0.894762
0.625980 0.895269
0.619463 0.895944
0.612877 0.896406
0.606387 0.897159
0.597037 0.898392
0.599912 0.897957
0.593571 0.898981
1.051972 0.880099
1.048277 0.879875
1.045681 0.879618
1.039393 0.879395
1.033110 0.879738
1.031196 0.879869
1.033373 0.880242
1.026823 0.879851
1.223056 0.921934
1.242112 0.918287
1.235925 0.919934
1.229581 0.921117
1.222709 0.921835
1.223092 0.921870
1.216750 0.919707
1.242753 0.913557
1.241829 0.912133
1.241930 0.914017
1.235973 0.916362
1.229710 0.917792
1.223390 0.919049
1.216247 0.919456
1.216824 0.919574
1.240642 0.910221
1.235938 0.912567
1.229823 0.914452
1.223513 0.915745
1.212407 0.916532
1.217141 0.916855
1.357256 0.876652
1.355045 0.873327
1.354642 0.873146
1.349373 0.870812
1.890568 0.866450
1.884285 0.866852
1.878000 0.867160
1.871718 0.867648
1.892081 0.867996
1.885390 0.868144
1.878540 0.867817
1.871131 0.867704
1.871760 0.867699
1.865438 0.868303
1.859155 0.868670
1.852870 0.868967
2.149174 0.909557
2.142040 0.907128
2.137233 0.905647
2.142902 0.907230
2.135734 0.904877
2.210989 0.884285
2.212031 0.888525
2.204703 0.884284
2.198419 0.884539
2.143391 0.905008
2.131546 0.903109
2.136331 0.904046
2.129423 0.902265
2.197152 0.884691
2.192140 0.885417
2.192437 0.886685
2.185863 0.886511
2.186437 0.888905
2.179589 0.887940
2.180186 0.890373
2.173314 0.889198
2.174025 0.892112
2.167037 0.890327
2.167877 0.893895
2.160758 0.891295
2.161835 0.895997
2.317548 0.849048
2.311265 0.849442
2.304978 0.849325
2.325234 0.849371
2.318463 0.849281
2.311706 0.849234
2.304753 0.849316
2.304990 0.849306
2.298697 0.849996
2.292418 0.850807
2.286136 0.851348
2.279849 0.851269
2.300073 0.851096
2.279108 0.851245
2.279903 0.851247
2.600351 0.878194
2.608086 0.879898
2.595157 0.878043
2.601056 0.879034
2.594063 0.878011
2.587774 0.877692
2.581483 0.877327
2.588801 0.879014
2.581341 0.877314
2.581507 0.877352
2.575193 0.876952
3.041590 0.864394
3.035301 0.864131
3.055666 0.864104
3.048798 0.863727
3.042051 0.863705
3.032995 0.864177
3.035400 0.863974
3.029018 0.864475
3.022733 0.864652
3.016444 0.864422
3.043168 0.863360
3.036472 0.863493
3.029887 0.863963
3.023237 0.864232
3.015484 0.864279
3.016529 0.864328
3.377856 0.891331
3.370933 0.890787
3.361400 0.889920
3.363976 0.890142
3.357433 0.888444
3.371534 0.888872
3.364607 0.888315
3.354949 0.887527
3.357680 0.887755
3.351130 0.886508
3.365206 0.886438
3.358374 0.886164
3.347159 0.885479
3.351501 0.885765
3.653385 0.899743
3.656051 0.900513
3.649322 0.897149
3.656982 0.899594
3.648952 0.896908
3.649387 0.897032
3.644711 0.894070
0.213392 0.895547
0.211198 0.895218
0.214134 0.896964
0.207095 0.894433
0.200804 0.893893
0.200193 0.893837
0.200988 0.894257
0.194512 0.893270
0.188224 0.893183
0.525811 0.906310
0.565050 0.901895
0.558799 0.903350
0.552448 0.904513
0.545982 0.905332
0.539457 0.905975
0.532848 0.906371
0.523654 0.905943
0.526076 0.906276
0.519517 0.905371
0.513223 0.904567
0.527161 0.905823
0.520386 0.905721
0.512885 0.904523
0.513275 0.904608
0.506925 0.903236
0.971595 0.882489
0.965316 0.883315
0.959034 0.883783
0.998322 0.879907
0.991838 0.880674
0.985337 0.881388
0.978804 0.882007
0.972305 0.882731
0.965832 0.883529
0.955590 0.884111
0.959201 0.883858
0.952753 0.884348
0.946470 0.884832
0.940189 0.885525
0.933908 0.886093
0.960668 0.884576
0.954060 0.884975
0.947428 0.885300
0.940870 0.885853
1.201576 0.911803
1.200786 0.910104
1.255779 0.895949
1.199532 0.908442
1.201288 0.909726
1.255151 0.892254
1.252388 0.897565
1.196844 0.905261
1.253275 0.888870
1.250875 0.887088
1.251465 0.891118
1.346893 0.864231
1.344965 0.863679
1.339130 0.862136
1.346434 0.865324
1.338665 0.862136
1.332383 0.862621
1.326099 0.862986
1.571206 0.914714
1.565454 0.907289
1.571109 0.910696
1.564707 0.903634
1.571169 0.907177
1.563711 0.900067
1.707558 0.860998
1.701284 0.862484
1.695016 0.864522
1.688751 0.866980
1.682490 0.869801
1.682390 0.869851
1.677107 0.873876
1.727690 0.860179
1.720940 0.860151
1.714355 0.860618
1.707890 0.861439
1.701691 0.863052
1.695756 0.865461
1.689947 0.868248
1.958416 0.869228
1.985169 0.867888
1.978596 0.868386
1.971999 0.868814
1.965298 0.868932
1.954986 0.869253
1.958661 0.869242
1.952131 0.869312
1.945844 0.869180
1.939557 0.869197
1.959864 0.869127
1.953185 0.869312
1.946479 0.869416
1.937717 0.869273
1.939691 0.869275
1.933273 0.869576
1.926988 0.869750
2.419783 0.853632
2.408595 0.851890
2.412695 0.852597
2.405911 0.852012
2.399627 0.852247
2.393340 0.852146
2.401052 0.854377
2.390488 0.852081
2.393886 0.853102
2.387054 0.852214
2.380771 0.852600
2.374486 0.852749
2.669916 0.888091
2.677343 0.889145
2.666418 0.887842
2.670422 0.888604
2.663626 0.887635
2.657338 0.887383
2.664718 0.888013
2.652716 0.887083
2.657891 0.887753
2.651045 0.886838
3.226117 0.873600
3.213768 0.871454
3.218932 0.872278
3.212036 0.870868
3.219781 0.871118
3.206166 0.869330
3.212668 0.869999
3.205735 0.869262
3.600119 0.890800
3.593262 0.890450
3.583211 0.889703
3.586329 0.889878
3.579762 0.887879
3.593783 0.888305
3.586819 0.887636
3.578270 0.886983
3.579897 0.887092
3.573688 0.884224
3.580282 0.884576
3.573442 0.884116
2.488010 0.857300
2.495395 0.858002
2.483795 0.856977
2.488492 0.857517
2.481721 0.856971
2.475435 0.857170
2.469154 0.857697
2.462869 0.857903
2.476503 0.858300
2.469732 0.858207
2.462595 0.857897
2.462895 0.857919
2.745751 0.896020
2.766100 0.896237
2.759343 0.896187
2.752595 0.896163
2.745297 0.895953
2.745794 0.895985
2.739449 0.894196
2.785057 0.888735
2.766104 0.892532
2.759482 0.892887
2.752865 0.893258
2.746262 0.893668
2.737696 0.893819
2.739585 0.893861
2.733143 0.891984
2.784927 0.884650
2.778286 0.884947
2.772056 0.886477
2.765900 0.888235
2.759508 0.889282
2.752969 0.889891
2.746404 0.890416
2.739840 0.890951
2.731444 0.891431
2.733255 0.891419
3.137946 0.873421
3.158249 0.872224
3.151712 0.872831
3.145017 0.872969
3.133151 0.873008
3.138368 0.873243
3.131656 0.872924
3.125363 0.872200
3.145711 0.871345
3.139234 0.872140
3.132605 0.872473
3.121473 0.871798
3.125747 0.872117
3.119070 0.871425
3.499946 0.897327
3.488506 0.898220
3.493342 0.897732
3.486881 0.898068
3.480591 0.897614
3.513355 0.893379
3.506799 0.893931
3.500273 0.894572
3.493703 0.895085
3.487208 0.895816
3.474305 0.897545
3.480751 0.896667
3.474304 0.897544
3.468018 0.897606
3.461727 0.897168
3.513546 0.890253
3.507056 0.891006
3.500543 0.891688
3.493992 0.892259
3.487507 0.893028
3.481049 0.893878
3.474630 0.894844
3.468254 0.895941
3.459995 0.896955
3.461792 0.896781
2.536446 0.863538
2.529070 0.861203
2.522783 0.861137
2.516491 0.860619
2.523872 0.862535
2.516484 0.860620
2.516492 0.860620
2.510207 0.860913
2.503918 0.860608
2.500546 0.860390
2.690446 0.889951
2.684157 0.889670
2.698026 0.890523
2.691147 0.890111
2.683052 0.889597
2.684275 0.889716
2.677867 0.889260
2.671576 0.888754
2.685282 0.889042
2.678531 0.889009
2.670603 0.888569
2.671689 0.888703
3.117413 0.871078
3.131513 0.872900
3.124421 0.871851
3.117338 0.871073
3.117422 0.871080
3.111125 0.870875
3.118831 0.871593
3.105211 0.869952
3.111905 0.871035
3.104830 0.869880
3.098533 0.868690
3.447001 0.900247
3.436677 0.898830
3.439953 0.899329
3.433278 0.897541
3.440926 0.898519
3.430859 0.896290
3.433615 0.896813
3.426963 0.894299
3.434554 0.895950
3.425794 0.893624
3.427127 0.893881
3.726827 0.918020
3.720098 0.918056
3.713302 0.917892
3.706403 0.917100
3.700101 0.915289
3.713912 0.915986
3.707047 0.915617
3.699632 0.915096
3.700157 0.915170
3.693791 0.912671
3.707800 0.914187
3.700888 0.913669
3.693688 0.912620
3.693804 0.912641
2.156302 0.911170
2.170104 0.911667
2.163392 0.911750
2.155000 0.910983
2.156449 0.911147
2.149997 0.909179
2.212706 0.891434
2.176585 0.907169
2.170080 0.907874
2.163633 0.908751
2.156962 0.908963
2.148461 0.908607
2.150161 0.908782
2.209246 0.891279
2.206419 0.891447
2.206666 0.892630
2.200137 0.891958
2.200829 0.895329
2.193859 0.892910
2.194746 0.897298
2.187582 0.893958
2.188577 0.899010
2.181308 0.895341
2.182208 0.900126
2.175033 0.896704
2.175823 0.901191
2.168758 0.897996
2.169521 0.902509
2.162480 0.898980
2.163299 0.904067
2.156901 0.905096
2.145939 0.905376
2.150278 0.905449
2.338063 0.849237
2.331778 0.849416
2.345703 0.850109
2.338865 0.849818
2.328503 0.849491
2.332028 0.849530
2.325493 0.849587
2.319210 0.849977
2.312928 0.850540
2.306644 0.850869
2.333355 0.849827
2.326593 0.849766
2.320001 0.850210
2.313459 0.850807
2.304859 0.850977
2.306755 0.850916
2.656654 0.884567
2.663100 0.886867
2.655658 0.884507
2.649372 0.884478
2.643088 0.884741
2.650783 0.886648
2.638242 0.884837
2.643717 0.885672
2.636801 0.884801
2.630513 0.884644
3.096245 0.868239
3.082634 0.866491
3.076339 0.865535
3.090380 0.867129
3.083360 0.866291
3.076121 0.865500
3.076363 0.865524
3.070045 0.864676
3.077510 0.865284
3.065654 0.864038
3.070513 0.864511
3.063751 0.863875
3.412402 0.893844
3.399003 0.892463
3.405375 0.892992
3.398493 0.892258
3.405934 0.890966
3.393065 0.889971
3.399037 0.890495
3.392183 0.889592
3.670472 0.907045
3.663602 0.903198
3.671397 0.906084
3.663302 0.902989
3.663666 0.903122
3.658667 0.900215
3.664661 0.902410
3.657279 0.899214
2.738866 0.895425
2.728116 0.894323
2.731921 0.894819
2.725216 0.893462
2.732739 0.893547
2.719827 0.892333
2.725788 0.892915
2.718917 0.892050
2.712619 0.890875
2.726456 0.891241
2.719598 0.890887
2.710613 0.890599
2.712800 0.890715
3.164734 0.872060
3.191076 0.869612
3.184426 0.869884
3.177810 0.870253
3.171355 0.871103
3.162312 0.871981
3.164854 0.871820
3.158442 0.871433
3.152155 0.871382
3.185082 0.868129
3.178357 0.868177
3.171873 0.868946
3.165362 0.869634
3.158736 0.869978
3.149378 0.871049
3.152284 0.870842
3.145857 0.870046
3.559271 0.890284
3.579467 0.889517
3.572639 0.889256
3.565959 0.889437
3.557671 0.889925
3.559341 0.889803
3.552965 0.888187
3.573025 0.886696
3.566321 0.886807
3.559678 0.887096
3.551590 0.887460
3.553036 0.887394
3.573421 0.884211
3.566672 0.884188
3.559961 0.884273
3.547567 0.884577
3.553258 0.884389
3.768553 0.910689
3.772584 0.910030
3.766232 0.910706
3.759939 0.909917
3.772734 0.906768
3.766471 0.908199
3.754750 0.909948
3.760029 0.909096
3.753652 0.909983
3.747367 0.910172
3.773024 0.903962
2.936137 0.874629
2.929857 0.875413
2.923577 0.876111
2.975135 0.868900
2.968622 0.869576
2.962134 0.870330
2.955684 0.871194
2.949257 0.872129
2.942852 0.873132
2.936434 0.874096
2.930043 0.875135
2.920328 0.876675
2.923610 0.876058
2.917300 0.877203
2.911018 0.877700
2.904724 0.876979
2.962824 0.868670
2.956404 0.869632
2.949999 0.870638
2.943631 0.871756
2.937237 0.872795
2.930867 0.873907
2.924428 0.874813
2.917996 0.875740
2.911449 0.876321
2.903098 0.876717
2.904823 0.876667
3.336336 0.888125
3.329505 0.887856
3.316385 0.885800
3.330161 0.886089
3.323333 0.885828
3.315312 0.885426
3.316480 0.885492
3.310083 0.884006
3.324011 0.884173
3.317142 0.883790
3.308017 0.883254
3.310280 0.883422
3.641382 0.897103
3.648608 0.898415
3.641207 0.897005
3.641401 0.897028
3.635861 0.894360
3.642049 0.895241
3.635067 0.893927
3.642708 0.893535
3.631686 0.891493
3.635527 0.892213
3.309618 0.885127
3.296283 0.884202
3.302693 0.884574
3.295857 0.884095
3.289555 0.882443
3.303378 0.882939
3.296489 0.882493
3.288645 0.882099
3.289641 0.882167
3.634426 0.896330
3.620828 0.892498
3.634976 0.894246
3.627827 0.893025
3.620476 0.892325
3.620859 0.892347
3.628350 0.890899
3.614824 0.889778
3.621420 0.890330
3.614516 0.889533
3.432802 0.898108
3.419035 0.895635
3.426368 0.895294
3.415709 0.894202
3.419356 0.894487
3.412720 0.892360
3.419830 0.892210
3.411112 0.891421
3.412867 0.891540
3.687064 0.912436
3.692949 0.913769
3.685844 0.911876
3.681906 0.909772
3.686499 0.910942
3.679527 0.908440
