1.899451 0.928279
1.893171 0.926420
1.886892 0.924759
1.855525 0.921288
1.849259 0.921826
1.842993 0.922544
1.913447 0.925120
1.906863 0.924874
1.900287 0.924609
1.893634 0.924488
1.884660 0.924242
1.887001 0.924329
1.880614 0.923347
1.874337 0.922043
1.868062 0.921069
1.861791 0.920804
1.859175 0.920914
2.673243 0.748424
2.673169 0.748829
2.673350 0.748647
2.674151 0.743305
2.675455 0.737840
2.677795 0.732528
3.016985 0.743898
3.012633 0.746122
3.023220 0.738117
3.021320 0.741590
3.029479 0.736396
3.025791 0.736543
3.030987 0.728547
3.289533 0.753260
3.284388 0.749071
3.277558 0.743593
3.271942 0.735863
3.201607 0.727034
3.207847 0.722191
3.204882 0.724072
3.208788 0.722768
3.214083 0.716521
3.211218 0.719254
3.215422 0.717199
3.215894 0.714247
3.728876 0.771436
3.728044 0.770584
3.721744 0.765519
3.720394 0.764688
3.715443 0.760314
3.711843 0.757932
3.709149 0.756168
3.702858 0.752456
3.699076 0.750636
3.696572 0.749660
3.696909 0.749709
3.690295 0.748199
0.190438 0.711197
0.200967 0.703768
0.191721 0.705712
0.193510 0.705118
0.191107 0.699997
0.193849 0.698786
0.190161 0.694252
1.115411 1.003704
1.117026 1.001432
1.109129 1.001612
1.102853 1.000352
1.096574 0.998886
1.090295 0.997177
1.084021 0.996363
1.077749 0.995850
1.071473 0.994925
1.065200 0.994294
1.058926 0.993507
1.052648 0.991880
1.048811 0.990118
1.052590 0.982275
1.050286 0.984658
1.065098 0.977277
1.058844 0.979746
1.057509 0.979961
1.066785 0.975561
1.065897 0.973829
0.549473 0.718775
0.555727 0.716260
0.553986 0.717241
0.556198 0.716621
0.560249 0.712410
0.562476 0.711713
0.569421 0.705596
0.561435 0.706943
0.562069 0.706772
0.569401 0.699948
1.542839 0.977416
1.536565 0.976773
1.530288 0.975364
1.524013 0.974371
1.517739 0.973536
1.511463 0.972526
1.505193 0.972322
1.498918 0.971476
1.492647 0.971035
1.486375 0.970578
1.480099 0.969701
1.318967 0.882768
1.322803 0.875165
1.321272 0.877407
1.323566 0.876242
1.324215 0.872146
1.325953 0.866744
1.330323 0.864744
1.326442 0.861193
1.330116 0.859433
1.052323 0.724419
1.046068 0.726775
1.042865 0.728499
1.058579 0.721975
1.053058 0.724170
1.770110 0.940993
1.763837 0.940529
1.757564 0.939811
1.751291 0.939126
1.745022 0.939086
1.738750 0.938683
1.732478 0.938281
1.726207 0.938061
1.719937 0.937959
1.776659 0.941018
1.770596 0.939802
1.764847 0.938007
1.758652 0.937042
1.752559 0.935895
1.346556 0.733471
1.342535 0.729371
1.339571 0.726914
1.336231 0.723674
1.331592 0.720234
1.329935 0.719239
1.323646 0.715895
1.317372 0.715012
2.118865 0.913311
2.112594 0.913006
2.106313 0.911231
2.093774 0.911159
2.137660 0.911105
2.131394 0.911847
2.125130 0.912687
2.123336 0.912811
2.125333 0.912674
2.101322 0.909958
2.100035 0.909726
2.099655 0.909743
2.100074 0.909722
2.024581 0.872545
2.024182 0.871762
2.018289 0.868686
2.553105 0.777640
2.559374 0.777628
2.558905 0.777652
2.547228 0.776121
2.546825 0.776007
2.546886 0.775958
2.540542 0.773682
2.541604 0.773319
2.534258 0.771163
2.528520 0.768050
2.527969 0.767726
2.528115 0.767712
2.521683 0.765070
2.523365 0.764114
2.515405 0.763567
2.509132 0.762900
2.502865 0.763280
2.496597 0.763447
2.763821 0.760917
2.732874 0.738954
2.726014 0.739220
2.678057 0.734836
2.726661 0.732334
2.719967 0.732289
2.681107 0.728092
2.680226 0.729475
2.681768 0.728394
2.687352 0.723995
2.685848 0.724589
2.688026 0.723543
3.024937 0.738263
3.024798 0.738719
3.027187 0.733373
3.025060 0.732798
3.031139 0.726996
3.029977 0.728098
3.025463 0.726348
3.020282 0.723545
3.034375 0.723058
3.031543 0.721829
3.026252 0.719193
3.444133 0.770857
3.437869 0.771622
3.431578 0.768133
3.458168 0.767786
3.450389 0.768627
3.448392 0.769462
3.450731 0.769105
3.430102 0.767096
3.425279 0.763187
3.454458 0.764628
3.457358 0.763574
3.422714 0.760493
3.418973 0.756943
3.457537 0.757557
3.415936 0.753971
3.412666 0.750639
3.407938 0.747293
3.406370 0.746167
3.407302 0.745392
3.400079 0.742504
3.393794 0.739884
3.393373 0.739763
3.387515 0.738154
3.388728 0.736798
3.381237 0.736834
3.374960 0.735514
3.368681 0.733832
3.362398 0.731646
3.357282 0.729456
3.356112 0.728825
3.349825 0.725888
3.343540 0.723312
0.139135 0.744938
0.132852 0.742693
0.126852 0.739919
0.126566 0.739791
0.126677 0.739676
0.120280 0.736860
0.113991 0.733531
0.112271 0.732386
0.107700 0.729866
0.108865 0.729652
0.101410 0.726408
0.070049 0.724133
0.065441 0.726305
0.098036 0.724898
0.095126 0.724035
0.095484 0.723856
0.088846 0.722320
0.089881 0.721799
0.082570 0.721146
0.083846 0.720547
0.076305 0.721719
0.075492 0.721950
0.076500 0.721700
0.940400 1.005169
0.941016 1.005165
0.940383 1.002320
0.939518 1.004968
0.940466 1.004959
0.374388 0.707795
0.368133 0.710065
0.366797 0.710695
0.368434 0.710327
0.386911 0.705127
0.380646 0.705949
0.378387 0.706557
0.381382 0.705505
1.304711 1.008044
1.298437 1.007212
1.329797 1.009570
1.323526 1.009108
1.317255 1.008784
1.310984 1.008431
1.307322 1.008212
1.296949 1.006861
1.299920 1.004334
1.292159 1.005658
1.285884 1.004789
1.279610 1.003847
1.273333 1.002707
1.267058 1.001726
1.260779 1.000146
1.178893 0.935486
1.172623 0.935367
1.166353 0.935443
1.160083 0.935194
1.153818 0.935940
1.147547 0.935696
1.141275 0.935136
1.191429 0.935167
1.185162 0.935603
1.181406 0.935489
1.185746 0.934904
0.839346 0.767147
0.851873 0.765147
0.845612 0.766705
0.839844 0.767095
0.846293 0.766611
0.864385 0.760749
0.866039 0.761633
0.858130 0.763088
0.856472 0.763605
0.858449 0.763241
1.574681 0.960245
1.568412 0.960326
1.562144 0.960512
1.606012 0.957730
1.599740 0.957211
1.593472 0.957491
1.587210 0.958643
1.580946 0.959533
1.580071 0.959658
1.576054 0.956440
1.350479 0.845297
1.349954 0.839572
1.349904 0.833920
1.356081 0.831632
1.349797 0.828272
1.350106 0.822692
1.109219 0.703294
1.102960 0.704914
1.100096 0.705647
1.121736 0.699647
1.115478 0.701591
1.114483 0.701863
1.115845 0.701322
1.857220 0.917659
1.913681 0.923968
1.907403 0.922510
1.901126 0.921150
1.894849 0.919752
1.888571 0.918519
1.882297 0.917667
1.876025 0.917176
1.869754 0.916835
1.863485 0.916987
1.858329 0.917482
2.306814 0.878900
2.319331 0.875098
2.313074 0.877220
2.311572 0.877946
2.331840 0.870257
2.325589 0.873175
2.323878 0.873893
2.326858 0.871795
2.333784 0.869566
2.339579 0.867403
2.838682 0.769029
2.832393 0.765646
2.841130 0.765189
2.830527 0.763817
2.843073 0.759811
2.845418 0.759088
2.826499 0.757651
2.826074 0.757357
2.826162 0.757438
2.819793 0.755333
2.820733 0.755086
2.813522 0.755124
2.807243 0.753551
2.800969 0.752716
2.838658 0.753613
2.838586 0.752987
3.299212 0.749194
3.292948 0.750089
3.305456 0.744976
3.302821 0.747014
3.311693 0.739443
3.307920 0.742045
3.307094 0.738672
3.269199 0.737032
3.267780 0.734855
3.313025 0.734417
3.266356 0.731009
3.265302 0.725228
3.262134 0.723478
3.263761 0.719393
3.261385 0.713756
3.261821 0.718342
3.256074 0.716560
3.249843 0.715675
3.243547 0.714908
3.260976 0.713408
3.255095 0.710210
3.255480 0.711949
3.248826 0.710528
3.248994 0.711522
3.242547 0.708719
3.242695 0.710750
3.236638 0.709538
3.229994 0.706295
3.228393 0.709163
3.230233 0.708968
3.239405 0.704957
3.236229 0.700552
3.232749 0.704088
3.236486 0.704115
0.286093 0.724935
0.286059 0.719272
0.279612 0.718779
0.273271 0.718095
0.252997 0.714613
0.249450 0.717820
0.279582 0.713122
0.272994 0.712886
0.266469 0.712533
0.259234 0.708932
0.255401 0.712934
0.259766 0.712507
0.279680 0.707244
0.272764 0.707610
0.260407 0.707956
0.265986 0.707722
0.215256 0.693502
0.208969 0.690519
0.221511 0.691144
0.220744 0.691519
0.215538 0.690258
0.206363 0.689657
0.209060 0.689822
0.202687 0.688572
0.196409 0.686802
0.226075 0.686593
0.221904 0.685204
0.216070 0.683574
0.209925 0.682524
0.203763 0.681511
0.192833 0.682261
0.197530 0.680631
0.190082 0.677244
0.222329 0.678727
0.216569 0.676953
0.189611 0.676200
0.190565 0.675362
0.216807 0.670821
0.188375 0.670407
0.204137 0.663712
0.191179 0.662829
1.150186 1.002773
1.143912 1.002086
1.137641 1.001847
1.131367 1.001089
1.125094 1.000368
1.118817 0.999009
1.112538 0.997410
1.162721 1.002367
1.163698 1.002077
1.156456 1.003014
1.156138 1.003007
1.156479 1.003006
1.109424 0.996945
1.106262 0.996457
1.104682 0.996336
1.106325 0.996426
1.055953 0.970356
1.068450 0.963549
1.062206 0.967625
1.060707 0.968059
1.080964 0.959428
1.074708 0.961613
1.068605 0.963436
1.068536 0.963257
1.080967 0.959427
1.080966 0.959424
0.621818 0.710199
0.615555 0.711289
0.616296 0.711563
0.609285 0.711084
0.609613 0.711498
0.603008 0.709851
0.603336 0.710691
0.596711 0.705133
0.597592 0.708914
0.584161 0.703247
0.582067 0.708574
0.584577 0.708153
0.628967 0.707290
0.596121 0.704745
0.590422 0.701874
0.584213 0.703199
0.590842 0.703258
1.481305 0.984310
1.475034 0.983906
1.468762 0.983391
1.462491 0.983151
1.456219 0.982701
1.449945 0.981945
1.443675 0.981793
1.437402 0.981058
1.431128 0.980248
1.424855 0.979711
1.418581 0.978945
1.292730 0.901054
1.286484 0.904841
1.285601 0.905377
1.286685 0.905132
1.298977 0.897301
1.293219 0.900703
1.300684 0.898380
1.305215 0.892078
1.300569 0.896022
1.305841 0.891095
1.009695 0.747495
1.003425 0.747293
1.022210 0.743524
1.015956 0.746066
1.015207 0.746197
1.016196 0.745857
0.997828 0.743952
0.997134 0.743717
0.997184 0.743775
0.990854 0.741993
1.025963 0.741977
1.714867 0.951375
1.708593 0.950545
1.702317 0.949531
1.696044 0.948772
1.689771 0.948185
1.683497 0.947361
1.677222 0.946471
1.670948 0.945759
1.664675 0.945053
1.658405 0.944936
1.362782 0.783189
1.360563 0.779136
1.356821 0.773002
1.356449 0.772357
1.354063 0.767003
1.351428 0.761028
1.350088 0.757117
1.349296 0.755130
1.287280 0.737780
1.293525 0.733647
1.290041 0.736139
1.268434 0.731465
1.262141 0.727345
1.299772 0.729944
1.297576 0.731484
1.261422 0.726802
1.255849 0.723492
1.250773 0.719776
1.249551 0.718949
1.249688 0.719380
1.243258 0.714911
1.239686 0.712694
1.236968 0.711339
1.237222 0.711895
1.230686 0.709185
2.068188 0.926029
2.062480 0.923945
2.061906 0.923797
2.055621 0.921378
2.049333 0.918064
2.046781 0.916264
2.043033 0.912980
2.044588 0.912927
2.038039 0.906919
1.961420 0.894288
2.031594 0.900725
1.967668 0.890601
1.961918 0.893970
1.973913 0.886596
1.969420 0.889281
1.975308 0.887351
1.986421 0.881503
1.980165 0.883727
1.977501 0.884696
1.981260 0.883040
2.305115 0.881689
2.298849 0.882254
2.292586 0.883222
2.317632 0.878204
2.311374 0.880017
2.308905 0.880928
2.323886 0.875634
2.321717 0.876978
2.471147 0.801382
2.470664 0.802113
2.473399 0.796815
2.477353 0.790570
2.476938 0.791641
2.479461 0.786354
2.975436 0.754702
2.968538 0.755032
2.961739 0.753812
2.961885 0.754915
2.955468 0.753537
2.951661 0.753871
2.955641 0.754057
2.981906 0.749442
2.974986 0.749815
2.967983 0.749345
2.966133 0.750090
2.968142 0.750048
2.988139 0.744641
2.981187 0.745078
2.974228 0.745365
2.973994 0.745496
2.974254 0.745479
2.931205 0.739928
2.930304 0.738879
2.930643 0.739208
2.924833 0.733454
2.923998 0.732747
2.924247 0.732900
2.917697 0.727357
2.916995 0.726795
2.911394 0.721749
2.909127 0.720134
2.905095 0.716913
2.906502 0.717075
2.899840 0.713291
2.898801 0.712750
2.899079 0.712651
2.892521 0.710791
2.893555 0.710466
2.886240 0.708877
2.879954 0.705993
2.873679 0.705250
3.442424 0.772121
3.436165 0.773901
3.429880 0.771176
3.442537 0.772059
3.428501 0.770222
3.423583 0.766557
3.420793 0.763587
3.417272 0.759599
3.415173 0.757230
3.410959 0.752331
3.409164 0.750826
3.398575 0.743408
3.393738 0.739920
3.385808 0.739964
3.379534 0.739155
3.373259 0.738085
3.366980 0.736556
3.360699 0.734623
3.355814 0.732591
3.354413 0.731858
3.348122 0.728113
3.342652 0.725244
3.341833 0.724774
3.342177 0.724510
3.335551 0.722717
3.336967 0.721757
3.329277 0.722018
3.323006 0.721653
3.320945 0.722439
3.737474 0.778700
3.732202 0.776017
3.680641 0.756352
3.674365 0.755440
3.668091 0.754534
3.661821 0.754395
3.655541 0.752601
3.686904 0.755459
3.686510 0.755696
3.681492 0.753335
3.675434 0.752123
3.669281 0.751091
3.663059 0.750190
3.654133 0.751480
3.656264 0.750332
3.649247 0.748644
3.642961 0.745848
3.636685 0.744661
1.068634 0.998286
1.063248 0.995807
0.527245 0.720909
0.520985 0.722610
0.514726 0.724270
0.514084 0.724388
0.514958 0.724049
0.541385 0.719144
0.533504 0.719152
0.528204 0.720575
0.534369 0.719693
0.547099 0.715312
1.552491 0.968911
1.546220 0.968671
1.539949 0.968358
1.533670 0.966669
1.527395 0.965702
1.521119 0.964804
1.577567 0.968802
1.571302 0.969486
1.565032 0.969249
1.558762 0.969166
1.558171 0.969141
1.553417 0.966694
1.534633 0.964199
1.528084 0.963893
1.521635 0.963407
1.584874 0.964940
1.336736 0.861461
1.339496 0.860257
1.336551 0.855787
1.339464 0.854590
1.337237 0.850239
1.339130 0.849495
1.337845 0.844693
1.338868 0.844284
1.068245 0.715886
1.087026 0.711392
1.080766 0.712913
1.074507 0.714601
1.074420 0.714624
1.074547 0.714562
1.088946 0.710882
1.107496 0.704349
1.819090 0.931830
1.812818 0.931344
1.806545 0.930656
1.800275 0.930492
1.794003 0.929919
1.787728 0.929179
1.781456 0.928628
1.775184 0.928289
1.831633 0.932430
1.825362 0.932189
1.824976 0.932158
2.153593 0.904556
2.147330 0.905728
2.141070 0.907387
2.138372 0.908100
2.172392 0.903253
2.166124 0.903468
2.159858 0.903899
2.154176 0.904491
2.154551 0.902655
2.179234 0.900999
2.404688 0.845687
2.401359 0.847002
2.405168 0.846578
2.417185 0.838802
2.418279 0.841446
2.410938 0.842459
2.410736 0.842562
2.410968 0.842535
2.423435 0.835673
2.418533 0.837950
2.424149 0.837303
2.569017 0.767625
2.562756 0.769095
2.575269 0.764703
2.571134 0.766897
2.578980 0.762295
2.582688 0.760474
2.595724 0.755528
2.777068 0.762321
2.770795 0.761616
2.764516 0.760089
2.791016 0.760315
2.783335 0.761962
2.782630 0.762011
2.783459 0.761874
2.762827 0.759413
2.758231 0.757441
2.751943 0.754303
2.747786 0.751821
2.745648 0.749932
2.739351 0.745219
2.747140 0.743113
2.739089 0.745057
2.739404 0.744990
2.734381 0.738818
2.740038 0.738125
2.733032 0.737093
2.682831 0.729140
2.727786 0.732337
2.733454 0.732193
2.689063 0.722894
2.684414 0.726685
2.695310 0.719199
2.690571 0.721838
2.700465 0.717513
2.702146 0.716585
3.020296 0.723456
3.020238 0.723512
3.026532 0.717804
3.025481 0.718532
3.032770 0.712420
3.031419 0.713671
3.034041 0.711519
3.039895 0.707423
0.003579 0.766696
-0.002691 0.766553
0.016111 0.765639
0.009848 0.766680
0.004637 0.766636
0.010447 0.766220
0.022360 0.762353
0.021342 0.763190
0.022715 0.762675
0.170955 0.723991
0.164692 0.725015
0.162137 0.725495
0.177205 0.720806
0.176050 0.721638
0.178344 0.719713
0.180554 0.716602
0.184587 0.714877
1.082315 0.998252
1.076043 0.997766
1.069767 0.996730
1.063492 0.995607
1.057250 0.994545
1.057216 0.994531
1.057217 0.994538
1.051308 0.993050
1.057164 0.985755
1.052057 0.988240
1.051193 0.987562
1.058340 0.981075
0.541490 0.719261
0.535229 0.720588
0.528968 0.721982
0.547748 0.717314
0.542487 0.719083
0.548424 0.718553
0.551281 0.714606
0.554526 0.713992
1.370822 1.005409
1.364553 1.005374
1.358281 1.005006
1.352010 1.004612
1.345737 1.004011
1.339464 1.003484
1.333192 1.003020
1.326922 1.002833
1.320650 1.002354
1.314377 1.001869
1.372079 1.001819
1.201112 0.931893
1.194847 0.932482
1.188578 0.932604
1.213635 0.929181
1.207375 0.930629
1.202648 0.931549
1.208915 0.929361
1.219898 0.928108
1.219627 0.928133
1.220157 0.927687
0.874088 0.760850
0.886600 0.756475
0.880344 0.758613
0.877277 0.759630
0.880888 0.759051
0.892854 0.753849
0.888838 0.755483
0.893568 0.754717
0.906446 0.750054
1.609408 0.951345
1.603137 0.951033
1.596866 0.950802
1.647040 0.954196
1.640768 0.953592
1.634494 0.952867
1.628222 0.952339
1.621949 0.951771
1.615677 0.951394
1.611100 0.951365
1.360729 0.823026
1.359836 0.817254
1.358870 0.811484
1.357768 0.806020
1.357688 0.805697
1.357832 0.805586
1.356049 0.799861
1.194242 0.718153
1.187962 0.716306
1.200501 0.716361
1.197951 0.717300
1.187423 0.715925
1.181665 0.711662
1.182856 0.713039
1.178605 0.709144
1.175369 0.707132
1.175842 0.707868
1.169078 0.703404
1.170616 0.705144
1.166407 0.701924
1.162788 0.700157
1.163195 0.700717
1.156499 0.696860
1.157651 0.698568
1.150217 0.694598
1.143946 0.694367
1.137682 0.695290
1.131419 0.696358
1.925023 0.910915
1.918746 0.909785
1.950091 0.909535
1.943826 0.910151
1.937559 0.910563
1.931292 0.910772
1.928239 0.910881
1.925520 0.909558
1.918196 0.909590
1.918868 0.909439
1.912463 0.907469
1.906181 0.905228
1.956358 0.908907
1.956357 0.908907
2.274952 0.892487
2.268681 0.892360
2.262411 0.892140
2.256139 0.891680
2.249864 0.890746
2.243589 0.889672
2.237313 0.888516
2.231037 0.887574
2.224763 0.886827
2.276467 0.892408
2.447353 0.828833
2.444989 0.831370
2.453582 0.821921
2.449677 0.826317
2.454185 0.821265
2.459811 0.815333
2.458931 0.816265
2.460330 0.815427
2.467567 0.808781
2.640790 0.770536
2.583230 0.760368
2.576977 0.763368
2.575583 0.764148
2.577425 0.763524
2.621750 0.762781
2.595739 0.755535
2.589481 0.757426
2.585146 0.759736
2.590417 0.758612
2.595954 0.755528
2.602360 0.755681
2.849621 0.748337
2.851600 0.742949
2.854445 0.734010
2.852861 0.737484
2.855743 0.735338
3.177771 0.747555
3.190290 0.744187
3.184033 0.746453
3.178055 0.747527
3.177603 0.747468
3.171480 0.743884
3.191266 0.743619
3.191155 0.741877
3.166764 0.740422
3.165184 0.739411
3.166195 0.738380
3.158897 0.736326
3.152611 0.733702
3.149224 0.732507
3.146329 0.731525
3.146953 0.731001
3.140051 0.730160
3.133777 0.729278
3.490098 0.731432
3.496341 0.727088
3.491703 0.730185
3.497788 0.728189
3.510468 0.723850
3.502597 0.724968
3.500569 0.725701
3.503061 0.725121
0.155060 0.736970
0.148793 0.737249
0.142522 0.737070
0.136250 0.736547
0.167581 0.734108
0.161324 0.736095
0.155379 0.736916
0.155123 0.736757
0.149715 0.734361
0.168616 0.730955
0.459373 0.727431
0.445154 0.722223
0.446140 0.721360
0.382358 0.704990
0.407420 0.702480
0.401148 0.701996
0.394882 0.702402
0.388616 0.703221
0.385327 0.704113
0.389577 0.702800
1.306409 1.004787
1.350315 1.008312
1.344041 1.007644
1.337769 1.007139
1.331497 1.006509
1.325224 1.006113
1.318953 1.005693
1.312681 1.005283
1.307102 1.004842
1.302664 1.004269
1.306563 1.004472
1.300135 1.003919
1.293856 1.002440
1.287581 1.001485
1.186869 0.933769
1.180598 0.933689
1.174327 0.933282
1.168059 0.933569
1.161791 0.933746
1.205669 0.932679
1.199403 0.933038
1.200738 0.932031
1.193135 0.933241
1.190874 0.933363
1.193511 0.932969
0.866107 0.761688
0.859851 0.763977
0.872364 0.759532
0.866425 0.761552
0.873487 0.760297
0.886150 0.756007
0.878619 0.757135
0.877896 0.757419
0.878756 0.757263
1.607710 0.954419
1.601437 0.953973
1.595169 0.954100
1.588904 0.954833
1.582636 0.955093
1.576369 0.955546
1.574395 0.955611
1.626523 0.955515
1.620252 0.955158
1.613979 0.954513
1.609078 0.954450
1.356559 0.831454
1.356184 0.828203
1.355706 0.825694
1.356370 0.825387
1.355435 0.820020
1.356490 0.819459
1.354958 0.814333
1.356869 0.813061
1.193789 0.717639
1.187883 0.716137
1.181261 0.710269
1.117187 0.700385
1.168767 0.702835
1.129707 0.697082
1.123447 0.698629
1.120786 0.699341
1.124302 0.698137
1.155934 0.696032
1.150061 0.694465
1.143446 0.694274
1.135967 0.695532
1.135363 0.695605
1.136071 0.695494
1.929597 0.914546
1.923331 0.915057
1.917056 0.914159
1.910777 0.912394
1.942132 0.913916
1.935865 0.914180
1.930293 0.914486
1.929985 0.913678
1.908443 0.911649
1.911264 0.911055
1.904495 0.910350
1.898218 0.909174
1.891948 0.909001
1.956358 0.908908
2.254432 0.893362
2.248156 0.892177
2.210513 0.887725
2.204243 0.887462
2.197974 0.887565
2.274484 0.893077
2.246534 0.891855
2.241879 0.890954
2.242179 0.890690
2.235604 0.889909
2.236145 0.889431
2.229329 0.888972
2.229971 0.888429
2.223056 0.888261
2.223588 0.887817
2.216784 0.887943
2.216453 0.887932
2.216821 0.887909
2.846624 0.761614
2.845878 0.762479
2.849026 0.757234
2.846573 0.752959
2.845465 0.751135
2.847413 0.749711
2.846516 0.743389
2.845777 0.745551
2.846805 0.745136
3.185727 0.742451
3.191979 0.739635
3.191042 0.740232
3.198209 0.733032
3.195939 0.735236
3.510577 0.723857
3.504317 0.725420
3.529386 0.723963
3.523112 0.723349
3.524423 0.722895
3.516843 0.723410
3.511666 0.723793
3.517382 0.723487
0.001865 0.767174
0.003484 0.766672
-0.004407 0.766629
-0.003096 0.766419
0.178911 0.718931
0.185157 0.715099
0.179326 0.718735
0.186019 0.713952
0.187356 0.708498
1.117113 1.001301
1.149734 1.003057
1.142200 1.002927
1.143351 1.002439
1.135930 1.002818
1.136595 1.002509
1.129656 1.001899
1.130361 1.001615
1.123387 1.001897
1.118142 1.001404
1.123561 1.001767
1.116876 1.001240
1.110833 0.999474
1.112412 0.997573
1.104558 0.998412
1.098282 0.997358
1.099722 0.996220
1.092004 0.995871
1.085731 0.995280
1.079461 0.995180
1.073189 0.994792
1.054270 0.976204
1.049428 0.981233
1.060532 0.974876
1.054277 0.976200
1.054273 0.976197
1.066776 0.970637
1.064758 0.971920
1.061859 0.968893
1.073018 0.966141
1.070545 0.967055
0.577345 0.709089
0.569937 0.708566
0.568678 0.710165
0.570139 0.709980
0.596635 0.704959
0.584155 0.703202
0.573020 0.705089
0.576766 0.704437
0.589495 0.700056
0.583330 0.699028
0.573269 0.699500
0.576784 0.698709
1.547913 0.964600
1.541641 0.964053
1.579259 0.964523
1.572994 0.965262
1.566724 0.965160
1.560454 0.965151
1.554184 0.964860
1.549326 0.964661
1.548060 0.964210
1.539035 0.963342
1.585520 0.963204
1.584053 0.963537
1.580737 0.960158
1.342899 0.853288
1.343524 0.847714
1.347632 0.846228
1.343650 0.842089
1.347654 0.840470
1.343708 0.836467
1.347590 0.834882
1.343886 0.830874
1.347509 0.829338
1.088735 0.710049
1.082474 0.711572
1.107508 0.704342
1.101250 0.706169
1.094992 0.708082
1.094522 0.708250
1.095225 0.707887
1.107559 0.704331
1.820787 0.928442
1.814515 0.927900
1.808239 0.926873
1.801966 0.926197
1.795692 0.925405
1.852139 0.929368
1.845868 0.929055
1.839599 0.929051
1.833329 0.928994
1.827059 0.928790
1.822842 0.928519
2.126845 0.912518
2.120581 0.913385
2.145627 0.908117
2.139367 0.909509
2.133105 0.910722
2.133067 0.910733
2.133122 0.910706
2.158157 0.906616
2.151891 0.907178
2.150537 0.907378
2.153138 0.905251
2.384191 0.850351
2.396700 0.845435
2.398022 0.847357
2.390447 0.848210
2.388970 0.848721
2.390707 0.848445
2.402948 0.841889
2.399014 0.844387
2.403651 0.843637
2.416984 0.838135
2.405546 0.839625
2.409829 0.838947
2.480710 0.777936
2.478990 0.779595
2.499488 0.772762
2.493221 0.773128
2.486959 0.774394
2.485941 0.774843
2.982258 0.752629
2.980737 0.754297
2.982465 0.754135
2.996084 0.748079
2.988490 0.746506
2.984882 0.749182
2.989036 0.748684
3.002465 0.742991
2.991241 0.744381
2.995263 0.743888
3.008775 0.738061
3.428180 0.774217
3.442275 0.772320
3.426960 0.773396
3.358998 0.737258
3.356067 0.735995
3.352713 0.734656
3.346427 0.731731
3.340140 0.728876
3.315055 0.727684
3.312189 0.730280
3.337382 0.727921
3.341369 0.725996
3.333855 0.726178
3.327570 0.723618
3.321302 0.723678
3.318554 0.725457
3.738915 0.778839
3.740111 0.779546
3.732629 0.776055
3.731407 0.775082
3.726330 0.771230
3.721111 0.768108
3.720037 0.767211
3.720795 0.766585
3.713741 0.762700
3.711206 0.761184
3.707447 0.758500
3.702386 0.754404
3.701147 0.753463
3.701820 0.753011
3.694858 0.750184
3.688585 0.749459
3.682319 0.750004
3.676049 0.749901
3.669778 0.749490
3.663503 0.748661
0.032040 0.758526
0.032716 0.757963
0.038276 0.752761
0.038053 0.753013
0.038446 0.752731
0.042177 0.747932
0.326391 0.724941
0.317864 0.725648
0.319344 0.725540
0.333254 0.718953
0.326218 0.719536
0.316988 0.719886
0.319370 0.719777
0.339327 0.714434
0.332806 0.714072
0.326078 0.714090
0.314815 0.713966
0.319432 0.713958
0.312838 0.711803
0.325812 0.708899
0.319546 0.708058
0.308347 0.707493
0.313086 0.707578
0.306536 0.706199
0.313538 0.701054
0.300731 0.700875
0.306930 0.700849
0.300232 0.700378
1.303014 1.011267
1.296740 1.010485
1.309285 1.011623
1.306477 1.011477
1.293988 1.009834
1.290462 1.008947
1.284186 1.008006
1.277911 1.007043
1.271636 1.005983
1.265361 1.004922
1.259080 1.003231
1.252804 1.001940
1.246529 1.000924
1.240253 0.999918
1.233978 0.998958
1.120764 0.937440
1.170921 0.938049
1.164652 0.938085
1.158380 0.937465
1.152115 0.938114
1.145840 0.937328
1.139567 0.936702
1.133298 0.936766
1.127029 0.936716
1.123814 0.936995
1.178174 0.936491
0.843892 0.766139
0.837627 0.766798
0.839296 0.767119
0.831357 0.766693
0.832797 0.766723
0.825082 0.765863
0.818801 0.763779
0.845523 0.765544
0.851006 0.764584
0.814374 0.761479
0.812509 0.760012
0.813210 0.759973
0.807131 0.754899
0.806206 0.754194
0.806456 0.754326
0.799912 0.750273
0.801046 0.751941
0.793628 0.747779
0.792582 0.747371
0.787349 0.746042
0.787629 0.746188
0.781073 0.744997
0.781423 0.745256
0.774796 0.743771
0.775222 0.744319
0.768511 0.741161
0.762225 0.738239
0.761333 0.737690
0.755938 0.735316
0.749648 0.731842
0.747184 0.730215
0.743356 0.728032
0.737066 0.724650
0.730788 0.723109
1.388424 0.990846
1.382153 0.990436
1.375882 0.990204
1.369612 0.990130
1.363342 0.989987
1.419777 0.991985
1.413504 0.991328
1.407234 0.991105
1.400965 0.991165
1.394696 0.991249
1.389897 0.990942
1.388515 0.990583
1.382596 0.989122
1.376799 0.987445
1.243784 0.915937
1.237526 0.917864
1.262576 0.913267
1.256313 0.914474
1.250049 0.915347
1.245039 0.915752
1.250969 0.914730
1.268836 0.911800
1.265037 0.912725
1.270219 0.910678
0.929299 0.745171
0.941817 0.741792
0.935555 0.742921
0.929484 0.745099
0.936993 0.743298
0.961692 0.741570
0.954360 0.742355
0.948087 0.741708
0.946549 0.741684
0.948553 0.741021
1.699429 0.940639
1.749600 0.943368
1.743330 0.943493
1.737061 0.943368
1.730791 0.943198
1.724521 0.943072
1.718250 0.942846
1.711976 0.942119
1.705702 0.941304
1.705212 0.941249
1.699574 0.940242
1.353678 0.749007
1.353471 0.748500
1.351104 0.743022
1.347134 0.737184
1.346849 0.736828
1.340827 0.730987
1.339915 0.730291
1.334529 0.726186
1.330725 0.723463
1.328233 0.721637
1.321940 0.717670
1.315663 0.716479
1.309403 0.717953
1.306298 0.720293
2.096652 0.918217
2.090390 0.919388
2.084122 0.919531
2.077849 0.918929
2.071571 0.917576
2.065292 0.916031
2.059017 0.914893
2.052739 0.913489
2.046452 0.910479
2.100729 0.916593
2.044846 0.909319
2.040155 0.905876
2.035782 0.902498
2.033856 0.900968
2.027557 0.895931
2.027360 0.895760
2.022782 0.889523
1.989853 0.881061
2.022568 0.883860
1.996091 0.875927
1.991073 0.879781
1.997128 0.878595
2.022277 0.878198
2.021176 0.877215
2.014888 0.873973
2.008603 0.871498
2.002338 0.872254
1.997448 0.874956
2.003817 0.872921
2.327293 0.871193
2.321031 0.872407
2.339809 0.867254
2.333551 0.869137
2.327751 0.871060
2.346065 0.865054
2.340446 0.867066
2.347592 0.865016
2.352713 0.862276
2.479027 0.783492
2.476066 0.788186
2.485271 0.779237
2.479428 0.782978
2.479295 0.782426
2.488028 0.778481
2.486348 0.776109
2.791312 0.760273
2.785044 0.760472
2.778768 0.759443
2.772494 0.758774
2.766217 0.757393
2.797558 0.756522
2.792496 0.759927
2.763308 0.756141
2.759929 0.754234
2.753635 0.750238
2.805106 0.753411
2.751978 0.749028
2.754136 0.748317
2.747918 0.742856
2.747317 0.741918
2.744321 0.736751
2.740983 0.731155
2.740619 0.730641
2.741159 0.730358
2.736820 0.724525
2.734665 0.722888
2.703273 0.715263
2.697022 0.718463
2.695780 0.719180
2.697448 0.718575
2.715805 0.714283
2.709534 0.713932
2.705224 0.714761
2.710640 0.713301
3.117808 0.729970
3.111539 0.729891
3.105266 0.729296
3.098984 0.727086
3.098853 0.727012
3.092696 0.723963
3.093406 0.724935
3.086591 0.719782
3.086400 0.719656
3.086429 0.719706
3.080108 0.715696
3.080863 0.717593
3.073822 0.712832
3.074965 0.716100
3.055001 0.710759
3.048735 0.711346
3.071747 0.712216
3.067538 0.710403
3.067716 0.711354
3.061266 0.710161
3.058836 0.710541
3.061373 0.710668
3.468927 0.759811
3.473832 0.758005
3.467893 0.754031
3.467950 0.748408
3.468344 0.742842
0.163006 0.730117
0.156742 0.730987
0.150477 0.731851
0.169266 0.728518
0.166729 0.729409
0.164101 0.726907
0.174016 0.724741
0.479973 0.728820
0.473707 0.729397
0.467434 0.728769
0.500376 0.726145
0.492492 0.725467
0.493361 0.726693
0.486233 0.727342
0.485985 0.727412
0.486270 0.727379
0.512823 0.722274
0.505738 0.722958
0.444536 0.716415
0.442274 0.714861
0.435977 0.710387
0.434807 0.709507
0.429684 0.706395
0.423392 0.702504
0.422986 0.702331
0.417109 0.700123
1.495538 0.980466
1.489267 0.980083
1.482995 0.979580
1.476723 0.979265
1.470452 0.978910
1.464181 0.978567
1.457909 0.978163
1.451635 0.977394
1.445363 0.977069
1.439090 0.976434
1.502183 0.980175
1.495960 0.979254
1.490157 0.977557
1.484357 0.975863
1.478278 0.974693
1.300700 0.898402
1.300747 0.898357
1.306935 0.892518
1.305995 0.893381
1.307293 0.892858
1.309417 0.888189
1.313144 0.882492
1.312792 0.883009
1.313495 0.882409
1.017663 0.744456
1.023915 0.741525
1.019667 0.743450
1.036417 0.735490
1.030168 0.738767
1.029511 0.739074
1.030960 0.737710
1.038238 0.734593
1.927906 0.918936
1.921638 0.918976
1.915363 0.918112
1.909085 0.916681
1.902807 0.915259
1.896531 0.914086
1.890258 0.913421
1.883986 0.912958
1.877715 0.912828
1.871446 0.912804
1.903803 0.912415
1.897170 0.912260
1.891296 0.910718
2.196268 0.889515
2.189999 0.889433
2.183730 0.889548
2.177463 0.889833
2.248043 0.892277
2.227621 0.890521
2.221347 0.889799
2.215077 0.889557
2.208807 0.889490
2.209862 0.888351
2.202538 0.889349
2.201802 0.889372
2.202712 0.889146
2.433154 0.838135
2.432281 0.838703
2.439394 0.833333
2.438816 0.833888
2.439629 0.833540
2.445628 0.827450
2.444379 0.828973
2.446219 0.828065
2.448705 0.823919
2.453290 0.821715
3.182335 0.749578
3.176063 0.749033
3.177696 0.747626
3.169770 0.745001
3.168193 0.743968
3.163476 0.740962
3.157187 0.737716
3.154851 0.736598
3.150902 0.734928
3.151975 0.734105
3.144621 0.733055
3.138344 0.731692
3.132067 0.730565
3.125793 0.729713
3.119520 0.728955
3.113250 0.728807
3.106978 0.728536
3.479262 0.743208
3.482134 0.735298
3.480340 0.737691
3.482809 0.736721
3.488371 0.729711
3.484904 0.732644
3.489647 0.730785
3.495447 0.726782
0.047915 0.742003
0.047927 0.741985
0.054144 0.735298
0.052444 0.736919
0.060379 0.729592
0.057441 0.731942
0.068188 0.724647
0.312263 0.726203
0.305521 0.726248
0.298980 0.725927
0.286892 0.724979
0.292514 0.725472
0.312382 0.720274
0.305605 0.720382
0.299021 0.720139
0.286606 0.719285
0.292536 0.719714
0.286085 0.718560
0.312658 0.714064
0.305878 0.714179
0.299217 0.714075
0.292690 0.713725
0.282810 0.713150
0.286164 0.713372
0.306402 0.707517
0.299603 0.707668
0.292958 0.707534
0.280351 0.707198
0.286347 0.707337
0.279735 0.705033
0.300185 0.700903
0.293325 0.701169
0.286569 0.701238
0.279120 0.701416
0.279772 0.701386
0.210599 0.676059
0.204338 0.677360
0.211587 0.675711
0.210666 0.675455
0.204773 0.673952
0.193877 0.673430
0.191755 0.669924
0.216825 0.668704
0.216196 0.670680
0.210857 0.669401
0.204259 0.664219
0.204783 0.668216
0.198774 0.666923
0.191713 0.662878
0.190773 0.667375
0.192070 0.666898
0.210528 0.664108
0.209203 0.664144
0.210552 0.664277
0.202559 0.663271
0.197973 0.661314
0.193071 0.662031
0.198166 0.662331
1.249399 1.006909
1.243122 1.005525
1.236846 1.004314
1.230571 1.003255
1.224294 1.002161
1.218020 1.001269
1.211747 1.000667
1.205472 0.999753
1.199197 0.998645
1.192923 0.997998
1.186654 0.998072
1.180389 0.998800
1.092315 0.947820
1.111093 0.942675
1.104831 0.944174
1.098572 0.945844
1.098060 0.945962
1.123621 0.941056
1.117357 0.941934
1.113229 0.942294
0.760327 0.735587
0.702310 0.728661
0.696045 0.729311
0.689766 0.727654
0.683477 0.724490
0.747663 0.728470
0.714812 0.722453
0.708562 0.725717
0.707570 0.726103
0.708815 0.725772
0.680903 0.722661
0.677181 0.720067
0.735078 0.721204
0.728823 0.720343
0.716494 0.721649
0.722003 0.720535
0.671332 0.715774
0.670885 0.715459
0.670962 0.715580
0.664592 0.711536
0.659804 0.708636
0.658301 0.707767
0.658463 0.708154
0.652018 0.705581
1.355389 0.995485
1.349119 0.995450
1.393006 0.995783
1.386737 0.995710
1.380467 0.995529
1.374196 0.995332
1.367928 0.995522
1.361659 0.995557
1.355596 0.995486
1.355407 0.995426
1.399273 0.995416
1.398664 0.995451
1.394327 0.992250
1.223304 0.923484
1.235818 0.919388
1.229557 0.920829
1.225823 0.922245
1.254612 0.917059
1.248347 0.917719
1.242079 0.917919
1.239551 0.918381
1.243356 0.916368
0.908817 0.752339
0.915070 0.749544
0.910303 0.751599
0.933846 0.744197
0.927581 0.745015
0.929250 0.745164
0.921324 0.746967
0.920572 0.747279
0.921489 0.747078
1.694352 0.952925
1.688078 0.952157
1.681802 0.951191
1.675527 0.950115
1.669254 0.949466
1.662980 0.948596
1.656709 0.948533
1.650436 0.947829
1.644167 0.947809
1.637895 0.947389
1.362824 0.794049
1.361110 0.790590
1.360055 0.788041
1.361953 0.786610
1.357463 0.782063
1.354758 0.776612
1.354485 0.776045
1.355554 0.774603
1.351823 0.770077
1.285572 0.739293
1.279310 0.740493
1.273026 0.737949
1.291822 0.736037
1.286225 0.738990
1.271945 0.737129
1.266722 0.732196
1.264192 0.730486
1.260432 0.728787
1.261788 0.727528
1.254134 0.724005
1.253413 0.723449
1.247838 0.719420
1.243459 0.716520
1.241545 0.715405
1.242160 0.715147
1.235253 0.711693
1.228968 0.709142
1.210155 0.708057
1.227823 0.708851
1.222690 0.707563
1.223008 0.707601
1.216418 0.707121
1.215102 0.707196
1.216555 0.707116
1.959732 0.898903
1.953471 0.900427
1.972241 0.894102
1.965988 0.896759
1.963646 0.897510
1.978494 0.891453
1.974079 0.893241
1.972686 0.892163
1.979644 0.886027
2.276654 0.890045
2.270385 0.890170
2.264117 0.890301
2.257846 0.890156
2.251573 0.889459
2.295449 0.887971
2.289186 0.888881
2.282920 0.889623
2.281622 0.889712
2.283660 0.888521
2.455302 0.822652
2.461529 0.815558
2.459112 0.818563
2.467758 0.808826
2.463462 0.813487
2.468056 0.808467
2.655682 0.769922
2.649416 0.770439
2.643140 0.769367
2.636856 0.766901
2.661937 0.767443
2.660008 0.768418
2.663134 0.766475
2.633040 0.764914
2.630569 0.763822
2.630992 0.763834
2.624282 0.760939
2.618001 0.758974
2.611727 0.758267
2.949139 0.753666
2.961439 0.750023
2.953718 0.747807
2.954751 0.749969
2.947463 0.750131
2.947712 0.750560
2.941190 0.749758
2.941289 0.750017
2.934888 0.744109
2.936124 0.747178
2.967346 0.745835
2.934520 0.743693
2.928579 0.737456
2.928399 0.737268
2.922279 0.732364
2.920130 0.730564
2.915977 0.726817
2.917476 0.727285
2.910583 0.721912
2.864895 0.717746
2.865723 0.710104
2.865025 0.712112
2.866674 0.710488
2.884619 0.708859
2.879514 0.705867
2.871963 0.705303
2.867965 0.706860
2.873195 0.705134
3.303787 0.752971
3.297524 0.753922
3.291248 0.752743
3.284961 0.749942
3.306903 0.750909
3.304772 0.748645
3.282486 0.747715
3.278660 0.744593
3.279584 0.745561
3.275257 0.741141
3.272346 0.737151
3.273070 0.739474
3.271516 0.735025
3.267473 0.731712
3.267262 0.726395
3.215806 0.717578
3.267064 0.721073
3.216599 0.716613
3.261366 0.713492
3.222026 0.709313
3.220382 0.711461
3.222592 0.710661
3.242358 0.705681
3.223828 0.706290
3.229721 0.704202
3.236124 0.699098
3.672417 0.763392
3.665419 0.763913
3.659516 0.762401
3.653315 0.755754
3.614431 0.742639
3.608888 0.741024
3.608151 0.740812
3.608194 0.740850
3.601871 0.739044
3.602308 0.739311
3.595591 0.737188
3.596563 0.737522
3.589314 0.735802
3.590645 0.736062
3.583034 0.734175
3.576749 0.731388
3.576258 0.731134
3.570461 0.728247
3.571908 0.727768
3.564177 0.725876
3.557896 0.724007
3.551618 0.722464
3.545343 0.721541
3.539071 0.721045
0.011560 0.765917
0.024080 0.762755
0.017823 0.764823
0.016980 0.764906
0.018047 0.764608
0.030322 0.758181
0.027441 0.760617
0.031692 0.758506
0.032655 0.755679
0.500483 0.726284
0.494222 0.727671
0.513000 0.722597
0.506743 0.724724
0.501380 0.726070
0.507603 0.725215
0.527111 0.720690
0.514181 0.722109
0.520050 0.721328
1.366243 1.000784
1.359972 1.000753
1.353702 1.000509
1.347431 1.000169
1.341159 0.999666
1.334887 0.999221
1.385048 1.000525
1.378780 1.000644
1.372511 1.000601
1.369885 1.000673
1.366711 0.999326
1.361093 0.997306
1.399128 0.995805
1.209083 0.929267
1.221599 0.925589
1.215340 0.927279
1.209516 0.929114
1.234122 0.922802
1.227859 0.923955
1.222749 0.925178
1.238433 0.921608
0.894584 0.755946
0.907090 0.750657
0.908493 0.751988
0.900838 0.753427
0.900314 0.753630
0.900933 0.753526
0.913344 0.747962
0.910132 0.749277
0.913983 0.748533
1.673833 0.953838
1.667559 0.953192
1.661283 0.952077
1.655013 0.951868
1.648739 0.951010
1.642468 0.950759
1.636195 0.950176
1.629923 0.949688
1.623651 0.949259
1.617379 0.948820
1.617055 0.948815
1.617534 0.948573
1.362832 0.808673
1.361148 0.802802
1.359438 0.798039
1.359058 0.796890
1.359753 0.796346
1.356968 0.790986
1.355068 0.785117
1.277604 0.742262
1.271325 0.740721
1.284823 0.740291
1.270395 0.740289
1.265037 0.737644
1.258747 0.734017
1.257565 0.732987
1.259369 0.731974
1.252444 0.728439
1.195949 0.716514
1.202200 0.713387
1.200638 0.714299
1.170806 0.705406
1.228877 0.709168
1.208446 0.709528
1.208160 0.709644
1.208609 0.709383
1.169436 0.704631
1.951784 0.905376
1.945519 0.906110
1.939252 0.906408
1.932981 0.906289
1.964310 0.903306
1.958048 0.904599
1.953325 0.905150
1.952242 0.904106
1.970567 0.901158
1.969283 0.901608
1.965595 0.898549
2.284622 0.887086
2.278357 0.887746
2.303413 0.884156
2.297148 0.884908
2.290885 0.885940
2.285773 0.886909
2.309672 0.882479
2.305042 0.883784
2.463237 0.813928
2.469463 0.806735
2.465958 0.810475
2.470501 0.805420
2.470735 0.802936
2.473380 0.800168
2.476842 0.792654
2.663645 0.765994
2.657393 0.769063
2.664281 0.765624
2.669562 0.760676
2.669634 0.755068
3.104640 0.728994
3.098970 0.727053
3.092017 0.721800
3.034479 0.711154
3.079648 0.714132
3.073759 0.712597
3.054835 0.710340
3.048241 0.710116
3.040728 0.707796
3.035253 0.710820
3.041493 0.710172
3.067061 0.706873
3.060618 0.706361
3.053919 0.706326
3.046984 0.705544
3.044486 0.706389
3.047219 0.706295
3.458372 0.768075
3.459219 0.767530
3.465845 0.766036
3.461507 0.762184
3.465505 0.760941
3.460513 0.756426
3.465715 0.754848
3.408078 0.744680
3.465563 0.749440
3.406246 0.743752
3.401789 0.741256
3.395502 0.738462
0.246236 0.718397
0.239240 0.718907
0.232682 0.718617
0.226438 0.717757
0.252600 0.713331
0.245529 0.713980
0.238971 0.713689
0.232721 0.712830
0.226597 0.711743
0.220363 0.710865
0.213868 0.710463
0.259065 0.708101
0.251920 0.708894
0.245208 0.708886
0.238958 0.708016
0.232807 0.706968
0.226662 0.705912
0.220552 0.704801
0.214284 0.703983
0.202155 0.703737
0.207660 0.703810
0.201055 0.702583
0.232929 0.701051
0.226865 0.699838
0.220980 0.698307
0.214961 0.697028
0.208337 0.696859
0.197705 0.697511
0.201460 0.697149
0.194739 0.694727
0.227221 0.693488
0.221474 0.691694
0.202534 0.689472
0.192262 0.691162
0.195743 0.689606
0.227600 0.687101
0.190330 0.685279
0.188985 0.679483
0.189210 0.677857
1.178677 0.999639
1.172412 1.000410
1.166148 1.001134
1.159879 1.001148
1.229892 1.003899
1.223989 1.002386
1.216306 1.001797
1.217812 1.001385
1.210031 1.000798
1.211436 1.000753
1.203755 0.999802
1.205246 0.999782
1.197479 0.998651
1.199149 0.998646
1.191207 0.998112
1.192779 0.998010
1.184942 0.998716
1.180330 0.999449
1.185844 0.998407
1.078091 0.953203
1.090616 0.950769
1.084350 0.951462
1.079497 0.952541
1.109396 0.946145
1.103135 0.947507
1.096874 0.948866
1.096067 0.949042
0.700582 0.726677
0.701253 0.727331
0.694310 0.726424
0.694675 0.727073
0.688026 0.723844
0.688716 0.725674
0.683053 0.723745
0.682790 0.720601
0.681734 0.719998
0.681832 0.720285
0.675436 0.715122
0.676325 0.718053
0.673964 0.713823
0.669133 0.709450
0.669733 0.712120
0.664102 0.710122
0.637759 0.705018
0.631503 0.707284
0.629657 0.708072
0.663150 0.706182
0.657308 0.704560
0.650275 0.701207
0.651154 0.703521
0.644016 0.702888
0.641508 0.703953
0.644401 0.703586
1.454529 0.987229
1.448255 0.986431
1.441985 0.986116
1.435709 0.985241
1.429435 0.984373
1.423163 0.983812
1.416889 0.983092
1.410617 0.982549
1.404346 0.982418
1.398072 0.981674
1.460802 0.987845
1.460377 0.987802
1.454776 0.986573
1.448537 0.985685
1.443036 0.983439
1.436796 0.982564
1.430471 0.981844
1.424643 0.980223
1.418441 0.979286
1.272263 0.910633
1.284763 0.904241
1.278514 0.907568
1.278134 0.907728
1.278609 0.907606
1.291016 0.901501
1.286761 0.903208
1.292523 0.901014
1.297269 0.898719
1.296853 0.898912
1.297534 0.898476
1.007989 0.749354
1.001723 0.749776
0.995444 0.748117
1.014249 0.747673
1.009716 0.748839
0.993478 0.746718
0.996831 0.744416
0.989153 0.744524
0.982866 0.741613
0.976587 0.739956
0.970311 0.738889
0.964040 0.738477
0.957771 0.738484
1.746711 0.934577
1.740438 0.933868
1.734165 0.933336
1.790622 0.938834
1.784349 0.938150
1.778076 0.937627
1.771803 0.936989
1.765530 0.936364
1.759256 0.935556
1.752982 0.934837
1.749593 0.934680
1.747037 0.933710
1.740798 0.932840
2.098338 0.913037
2.092080 0.914834
2.085813 0.915290
2.079540 0.914758
2.073264 0.913616
2.117141 0.912292
2.118330 0.913202
2.110870 0.911884
2.111891 0.912689
2.104602 0.912085
2.098681 0.912952
2.105965 0.911234
2.099133 0.911445
2.023999 0.886361
2.024147 0.880725
2.004065 0.873816
2.023139 0.874950
2.022878 0.874698
2.023784 0.873259
2.016586 0.870879
2.010308 0.869415
2.005003 0.872607
2.418924 0.842490
2.425176 0.839521
2.422462 0.840749
2.425680 0.840197
2.431424 0.836104
2.431207 0.836242
2.431478 0.836172
2.437664 0.831276
2.437524 0.831447
2.437715 0.831374
2.647703 0.771129
2.641428 0.770082
2.637735 0.768871
2.635146 0.767940
2.635782 0.767364
2.628858 0.764791
2.622571 0.761952
2.591208 0.759255
2.618744 0.760762
2.616290 0.759980
2.616706 0.759681
2.610012 0.758464
2.610715 0.758346
2.603735 0.757073
2.604447 0.757523
2.597466 0.757225
2.596204 0.757833
2.597725 0.757533
2.934789 0.743919
2.928506 0.737424
2.861085 0.726224
2.864067 0.720496
2.863874 0.720944
2.866247 0.715630
2.865287 0.713028
3.193671 0.735399
3.199901 0.728765
3.196818 0.732003
3.206146 0.724881
3.202213 0.727067
3.576607 0.731456
3.568754 0.730103
3.562473 0.728121
3.556195 0.726510
3.524825 0.722653
3.518561 0.723417
3.553156 0.725848
3.549916 0.724957
3.551044 0.723350
3.543640 0.723724
3.545225 0.721705
3.537365 0.722916
3.538490 0.721738
3.531094 0.722549
3.528520 0.722642
3.531475 0.722282
0.055846 0.732888
0.054701 0.733891
0.068335 0.724543
0.062084 0.727671
0.060340 0.728965
0.063157 0.727246
0.068717 0.724426
0.333413 0.720204
0.347454 0.717559
0.339652 0.715048
0.334565 0.718829
0.340179 0.718574
0.352185 0.714215
0.352835 0.714299
0.345918 0.714492
0.344696 0.714507
0.345970 0.714574
1.282489 1.011165
1.276213 1.010129
1.269936 1.008978
1.263660 1.007783
1.257381 1.006031
1.251103 1.004632
1.244827 1.003381
1.238550 1.002313
1.232276 1.001390
1.226001 1.000505
1.219729 0.999896
1.213458 0.999734
1.207186 0.999362
1.112792 0.939857
1.106531 0.941209
1.150409 0.940083
1.144132 0.938858
1.137860 0.938305
1.131592 0.938499
1.125322 0.938477
1.119056 0.938969
1.115853 0.939288
1.119993 0.937996
0.843584 0.765892
0.836674 0.766253
0.830067 0.766045
0.823362 0.765136
0.823763 0.765277
0.817078 0.762637
0.818093 0.763335
0.812065 0.758913
0.811169 0.758029
0.805157 0.751032
0.799580 0.748915
0.793579 0.747594
0.785827 0.743821
0.779342 0.742667
0.779613 0.742882
0.773063 0.741079
0.773599 0.741578
0.766780 0.738619
0.767857 0.739781
0.760494 0.735810
0.762115 0.737998
0.759370 0.735136
0.754206 0.732780
0.754778 0.733423
0.747913 0.728884
0.749298 0.731155
0.746372 0.727811
0.741620 0.724819
0.742281 0.725995
0.735331 0.721491
0.736707 0.723897
0.729055 0.720536
0.730608 0.722773
0.722790 0.721088
0.724045 0.722491
0.716533 0.723108
0.715265 0.723767
0.716865 0.723332
1.440292 0.990268
1.434019 0.989578
1.427744 0.988626
1.421470 0.987825
1.415196 0.987163
1.408925 0.986841
1.402656 0.986888
1.396385 0.986511
1.390112 0.985893
1.383839 0.985368
1.460783 0.987894
1.251760 0.914349
1.270544 0.910437
1.264285 0.912048
1.258022 0.913079
1.254767 0.913689
1.258541 0.913175
1.276801 0.908422
1.271261 0.910174
1.283055 0.905640
1.282172 0.905979
1.283559 0.905163
0.993755 0.752706
0.987477 0.751382
0.981190 0.748506
0.988457 0.747457
0.981128 0.748465
0.981204 0.748449
0.974903 0.745414
0.968614 0.742179
0.949789 0.739355
0.943530 0.740915
0.963177 0.740491
0.962333 0.740266
0.962498 0.740080
0.956059 0.739393
0.954444 0.739354
0.956214 0.739280
1.729100 0.947737
1.722830 0.947629
1.716559 0.947234
1.710286 0.946497
1.704011 0.945555
1.697738 0.944849
1.691465 0.944362
1.685191 0.943545
1.678916 0.942597
1.735370 0.947780
1.729370 0.947733
1.729146 0.947614
1.723708 0.945243
1.718134 0.943142
1.711976 0.942120
1.705687 0.941340
1.358133 0.766938
1.356725 0.764020
1.353684 0.757976
1.351783 0.753500
1.351133 0.752003
1.353059 0.749737
1.349505 0.746161
1.347731 0.740310
1.346973 0.737156
1.295237 0.732900
1.340444 0.731114
1.301474 0.727459
1.300466 0.728512
1.302782 0.726272
1.307708 0.721578
1.305256 0.723498
2.082433 0.924188
2.076162 0.923886
2.069881 0.922034
2.088698 0.923610
2.086529 0.923725
2.083379 0.921418
2.077403 0.920051
2.067882 0.921279
2.070256 0.920841
2.063601 0.920282
2.057324 0.918900
2.051042 0.916722
2.044749 0.912883
2.044341 0.912579
2.038445 0.907001
2.037302 0.906029
2.032141 0.901209
2.030213 0.899475
2.025841 0.895930
2.027480 0.895925
1.975636 0.887557
2.023419 0.892963
1.981877 0.882776
1.976397 0.886862
2.021989 0.887161
1.988122 0.878841
1.982736 0.882028
1.989512 0.880228
1.994370 0.875279
1.990368 0.877387
1.995675 0.875531
2.347782 0.864973
2.341524 0.866983
2.354032 0.861877
2.348321 0.864743
2.360283 0.858825
2.357398 0.860291
2.361431 0.858569
2.552585 0.777847
2.501177 0.768149
2.494909 0.768390
2.488646 0.769356
2.484444 0.771332
2.532998 0.771114
2.513702 0.765899
2.507438 0.766687
2.502172 0.767970
2.501497 0.767248
2.496172 0.764703
2.856175 0.736160
2.854726 0.740028
2.856866 0.734653
2.862377 0.724886
2.858899 0.729282
2.863643 0.721760
3.307135 0.738540
3.307071 0.738589
3.313371 0.732959
3.312632 0.733671
3.318715 0.728850
3.672696 0.763334
3.666432 0.764181
3.660153 0.762670
3.678962 0.762861
3.674155 0.763071
3.672764 0.762747
3.666967 0.761045
3.656048 0.760705
3.660865 0.759913
3.653855 0.757837
3.686845 0.755863
3.652056 0.754553
3.647543 0.750737
3.642139 0.747631
3.641253 0.747114
3.641628 0.746824
3.634973 0.745380
3.636076 0.744682
3.628699 0.744709
3.629454 0.744507
3.622429 0.744592
3.622683 0.744604
3.616154 0.743612
3.616440 0.743739
3.609875 0.741886
3.603592 0.739802
3.597312 0.737893
3.591033 0.736195
0.039990 0.752324
0.041815 0.750165
0.046212 0.744472
0.045694 0.745024
0.047876 0.742053
0.050131 0.739979
0.933487 1.005446
0.353904 0.714654
0.348696 0.717335
0.366418 0.710305
0.360158 0.711914
0.357529 0.712825
0.360626 0.712321
1.164435 1.001756
1.158167 1.002065
1.151896 1.001813
1.145622 1.001038
1.139351 1.000659
1.133079 1.000209
1.183226 0.998980
1.176961 0.999661
1.178440 0.999667
1.170699 1.000976
1.168726 1.001288
1.171059 1.000888
1.063888 0.961915
1.076400 0.957327
1.070140 0.959099
1.067312 0.959941
1.095177 0.952298
1.088921 0.954417
1.082657 0.955405
1.079975 0.955932
1.095179 0.952298
1.095180 0.952290
0.617275 0.711861
0.675230 0.714388
0.629787 0.707309
0.623534 0.709934
0.621901 0.710388
0.623913 0.709911
0.632089 0.706085
0.637135 0.704596
1.557071 0.973638
1.550802 0.973534
1.544530 0.973179
1.538259 0.972793
1.531980 0.971281
1.525705 0.970216
1.519430 0.969284
1.513155 0.968276
1.506885 0.968208
1.500609 0.967219
1.563834 0.972272
1.558696 0.969341
1.330745 0.867879
1.329837 0.869541
1.331109 0.869018
1.331390 0.864097
1.331616 0.858493
1.331931 0.852915
1.054026 0.722024
1.066541 0.718070
1.060284 0.720013
1.056651 0.721304
1.072799 0.716146
1.069462 0.717322
1.086287 0.711995
1.822486 0.925510
1.872655 0.927901
1.866375 0.926097
1.860101 0.925215
1.853831 0.925207
1.847563 0.925332
1.841296 0.925731
1.835028 0.925924
1.828758 0.925784
1.826322 0.925643
1.829679 0.924284
1.880425 0.924066
1.873780 0.923932
1.867103 0.923857
1.861107 0.922519
2.169506 0.894838
2.163244 0.895958
2.194570 0.892617
2.188302 0.892656
2.182035 0.892982
2.175769 0.893736
2.171748 0.894457
2.200838 0.892405
2.199545 0.892441
2.376215 0.852020
2.369961 0.854712
2.368930 0.855110
2.370406 0.854440
2.382467 0.849288
2.379121 0.850780
2.383226 0.849843
2.396318 0.844775
2.388718 0.846064
2.388308 0.846356
2.388798 0.846264
2.554805 0.774902
2.548533 0.774422
2.542256 0.773005
2.567319 0.770727
2.561066 0.773541
2.558640 0.774256
2.556288 0.771042
2.537866 0.771577
2.535973 0.770869
2.529683 0.767456
2.523394 0.764098
2.569118 0.769996
2.523263 0.764044
2.517110 0.761535
2.838307 0.765513
2.832145 0.764494
2.793013 0.757714
2.786742 0.757453
2.838003 0.760379
2.831573 0.759846
2.818086 0.757039
2.811817 0.757090
2.805533 0.754613
2.799274 0.756469
2.797360 0.757211
2.838572 0.753638
2.752857 0.740175
2.748988 0.734159
2.748893 0.734009
2.744482 0.727791
2.742668 0.725937
2.743388 0.726262
2.737929 0.721302
2.736365 0.720158
2.736722 0.720453
2.730073 0.716294
2.711245 0.713045
2.724809 0.713959
2.723787 0.713463
2.723925 0.713577
2.717510 0.712383
2.714686 0.712647
2.717746 0.712589
3.474248 0.751863
3.474179 0.751519
3.474273 0.751479
3.473494 0.745780
3.474524 0.745301
3.474176 0.739941
3.474008 0.740209
3.474248 0.740102
3.478610 0.735193
3.481113 0.734139
0.153381 0.743106
0.147109 0.742838
0.140833 0.741711
0.134555 0.740146
0.128273 0.738088
0.160282 0.739644
0.123707 0.736145
0.121988 0.735431
0.122741 0.734552
0.115704 0.733096
0.109416 0.729833
0.106727 0.728303
0.103127 0.726554
0.103780 0.726664
0.096845 0.724466
0.090562 0.722193
0.084284 0.720771
0.459440 0.727493
0.479287 0.727870
0.471982 0.727829
0.472419 0.728148
0.465713 0.728044
0.463200 0.727797
0.465757 0.728045
0.458385 0.727170
0.453159 0.725417
0.454160 0.724678
0.446864 0.721069
0.445307 0.719834
0.440569 0.716707
0.435251 0.712891
0.434273 0.712360
0.435046 0.711349
0.427982 0.708645
0.423708 0.705755
0.421687 0.704445
0.423230 0.702678
0.415401 0.701451
0.409123 0.700255
0.402853 0.699980
0.396589 0.700972
0.393285 0.701826
1.472139 0.973925
1.465867 0.973569
1.459595 0.973127
1.516049 0.978106
1.509772 0.976896
1.503501 0.976498
1.497227 0.975704
1.490955 0.975336
1.484684 0.974970
1.478411 0.974292
1.476225 0.974166
1.472468 0.973035
1.466595 0.971499
1.311288 0.890745
1.314864 0.883014
1.313519 0.885379
1.315511 0.884399
1.316279 0.880097
1.321071 0.872733
1.319481 0.874890
1.321884 0.873621
1.031870 0.736456
1.038118 0.732901
1.032453 0.736127
1.044369 0.729577
1.040770 0.731556
1.050622 0.726899
1.050083 0.727153
1.051370 0.725835
1.811126 0.935349
1.804854 0.934967
1.798585 0.935025
1.792312 0.934462
1.786039 0.933771
1.779767 0.933258
1.773494 0.932784
1.767221 0.932117
1.760947 0.931336
1.754674 0.930709
1.825269 0.932383
2.174083 0.898906
2.167818 0.899496
2.161552 0.900251
2.155289 0.901183
2.154950 0.901264
2.186611 0.897222
2.180347 0.897917
2.176803 0.898454
2.174781 0.896804
2.200417 0.893399
2.361997 0.858329
2.355746 0.861472
2.354351 0.862203
2.368247 0.855109
2.363240 0.857699
2.374495 0.851492
2.371896 0.853197
2.375371 0.851938
2.671080 0.757528
2.671525 0.748304
2.670899 0.751864
2.671830 0.746358
2.996500 0.750660
3.010566 0.746172
3.002735 0.744758
2.999618 0.747758
3.003335 0.747106
3.016702 0.741514
3.008970 0.739042
3.004516 0.742752
3.009722 0.741996
3.023126 0.736357
3.010431 0.737906
3.016072 0.736983
