-1.585483 0.985994
-1.546284 0.982337
-1.552967 0.982512
-1.559611 0.982831
-1.566214 0.983299
-1.572974 0.984226
-1.572716 0.984126
-1.579230 0.985179
-1.581367 0.985502
-1.579157 0.985182
-1.540183 0.981552
-1.546840 0.981823
-1.553488 0.982122
-1.560464 0.982552
-1.560112 0.982513
-1.566716 0.983289
-1.569408 0.983707
-1.566628 0.983291
-1.130745 0.948449
-1.137515 0.948308
-1.144707 0.947660
-1.150245 0.948195
-1.144277 0.948201
-1.124634 0.947669
-1.131400 0.947545
-1.138459 0.947065
-1.142337 0.947446
-1.138148 0.947486
-1.111886 0.946603
-1.118623 0.946585
-1.125351 0.946592
-1.132209 0.946393
-1.133697 0.946554
-1.132091 0.946564
-0.917861 0.965093
-0.927943 0.963368
-0.924971 0.963724
-0.931557 0.965062
-0.905129 0.963948
-0.911410 0.965573
-0.917670 0.967277
-0.924610 0.966524
-0.933071 0.966083
-0.931303 0.966663
-0.737698 0.959186
-0.736920 0.960679
-0.743948 0.959865
-0.745491 0.960038
-0.743808 0.960111
-0.717273 0.960160
-0.723994 0.960197
-0.731450 0.958635
-0.736899 0.959106
-0.730860 0.959713
-0.711180 0.959363
-0.717937 0.959269
-0.728932 0.958388
-0.724825 0.958704
-0.434970 0.957911
-0.436155 0.957510
-0.428732 0.957723
-0.433522 0.958163
-0.422473 0.956752
-0.423312 0.956869
-0.422284 0.957320
-0.187512 0.950711
-0.181275 0.950557
-0.184948 0.950553
-0.180574 0.952024
-0.319301 0.986721
-0.167257 0.952990
-0.175034 0.950283
-0.179557 0.950500
-0.174361 0.951642
-0.313070 0.986791
-0.316844 0.986673
-0.319092 0.988133
-0.325105 0.990734
-0.331263 0.992812
-0.337546 0.994434
-0.344443 0.995153
-0.347694 0.994810
-0.344053 0.995246
-0.312401 0.986856
-0.312992 0.987336
-0.318776 0.990759
-0.324977 0.992674
-0.331190 0.994549
-0.343822 0.995132
-0.337724 0.995265
-0.344451 0.995480
-0.311595 0.988041
-0.312934 0.989069
-0.318826 0.992098
-0.325005 0.994092
-0.331233 0.995909
-0.337470 0.997692
-0.347408 0.997459
-0.344123 0.997977
0.288008 0.915195
0.281347 0.915450
0.274682 0.915694
0.267502 0.915539
0.268066 0.916111
0.261254 0.916137
0.259581 0.916294
0.261380 0.916281
0.294145 0.914520
0.287476 0.914748
0.280809 0.914981
0.273751 0.914961
0.267568 0.915531
0.274167 0.915307
0.110625 0.957834
0.104354 0.959357
0.098083 0.960874
0.091803 0.962762
0.300376 0.914240
0.293659 0.914290
0.286970 0.914444
0.275676 0.914788
0.280291 0.914636
0.116866 0.957516
0.113647 0.957451
0.110979 0.959566
0.104923 0.962014
0.098731 0.963962
0.086200 0.964688
0.092235 0.964815
0.085511 0.965118
0.118107 0.957643
0.117046 0.958663
0.111359 0.962436
0.105553 0.965779
0.099320 0.967576
0.092810 0.968376
0.083526 0.966748
0.085781 0.967305
0.112141 0.966786
0.093058 0.970796
0.083318 0.968198
0.085906 0.969281
0.584512 0.915685
0.598007 0.916414
0.590758 0.915139
0.587833 0.915368
0.591063 0.915645
0.604238 0.916088
0.597011 0.914363
0.596737 0.914378
0.597034 0.914385
0.932858 0.908929
0.946625 0.911230
0.939092 0.908876
0.936927 0.908952
0.939501 0.909811
0.952802 0.910730
0.945334 0.908557
0.943346 0.908641
0.945673 0.909297
1.257290 0.888624
1.277755 0.890024
1.270909 0.889609
1.263525 0.888532
1.258942 0.888573
1.264040 0.889116
1.277356 0.890087
1.264293 0.888538
1.270412 0.889318
1.858519 0.946794
1.849176 0.945066
1.851428 0.945494
1.859036 0.950145
1.846192 0.947209
1.851872 0.948585
1.845204 0.948866
1.852104 0.950950
-1.686397 0.986588
-1.666105 0.987224
-1.672940 0.986854
-1.680149 0.986010
-1.684994 0.986479
-1.679728 0.986645
-1.660132 0.985962
-1.666918 0.985770
-1.673900 0.985379
-1.676839 0.985682
-1.673663 0.985720
-1.654040 0.985180
-1.660802 0.985074
-1.668588 0.984906
-1.667568 0.984949
-1.015773 0.950370
-1.023286 0.948765
-1.022569 0.950135
-1.029537 0.949457
-1.030348 0.949514
-1.029440 0.949632
-1.003263 0.948390
-1.010773 0.946875
-1.009932 0.948617
-1.017030 0.947843
-1.021356 0.948483
-1.016668 0.948601
-0.990500 0.947381
-0.997482 0.946477
-1.008727 0.946544
-1.004198 0.946532
-0.750610 0.959858
-0.758215 0.957850
-0.757468 0.959402
-0.764466 0.958604
-0.765584 0.958748
-0.764362 0.958818
-0.737774 0.959054
-0.744578 0.958791
-0.751965 0.957195
-0.756312 0.957638
-0.751483 0.958168
-0.731678 0.958269
-0.738543 0.957788
-0.745714 0.956541
-0.747644 0.956738
-0.745502 0.956969
-0.431578 0.970346
-0.419059 0.968235
-0.425319 0.969297
-0.426647 0.969517
-0.393147 0.965293
-0.400258 0.964166
-0.399766 0.965699
-0.406533 0.965876
-0.405855 0.968022
-0.412803 0.967364
-0.414049 0.967576
-0.412406 0.968675
-1.706919 0.985460
-1.686563 0.986272
-1.693460 0.985674
-1.700672 0.984892
-1.705636 0.985335
-1.700263 0.985418
-1.680502 0.985333
-1.687332 0.984978
-1.694425 0.984407
-1.697969 0.984667
-1.694132 0.984732
-1.674460 0.984371
-1.681218 0.984272
-1.690675 0.984143
-1.687978 0.984173
-1.204999 0.947710
-1.211739 0.947681
-1.218822 0.947605
-1.218381 0.948004
-1.225073 0.948335
-1.192186 0.946823
-1.198909 0.946856
-1.205603 0.946994
-1.212572 0.946924
-1.217248 0.947436
-1.212276 0.947203
-1.186118 0.945938
-1.192813 0.946073
-1.199504 0.946217
-1.206322 0.946305
-1.208617 0.946544
-1.206163 0.946478
-0.988508 0.952342
-0.992752 0.952777
-0.987775 0.954243
-0.976007 0.950952
-0.974536 0.954898
-0.982258 0.951643
-0.984591 0.951960
-0.981873 0.952709
-0.975232 0.950878
-0.968603 0.953519
-0.608416 0.962848
-0.615040 0.963237
-0.621714 0.963445
-0.628809 0.962974
-0.633110 0.963342
-0.628413 0.963567
-0.595778 0.961331
-0.602366 0.961848
-0.608977 0.962284
-0.615632 0.962563
-0.622562 0.962406
-0.625354 0.962629
-0.622317 0.962731
-0.589768 0.960235
-0.596342 0.960805
-0.602943 0.961278
-0.609570 0.961655
-0.616311 0.961692
-0.616700 0.961729
-0.616281 0.961728
-0.201748 0.947461
-0.187873 0.949974
-0.195506 0.947090
-0.197232 0.947205
-0.195184 0.947878
-0.308456 0.977463
-0.181507 0.950149
-0.189265 0.946788
-0.190743 0.946867
-0.188905 0.947746
-0.306949 0.977476
-0.308108 0.979172
-0.313454 0.984181
-0.351022 0.994390
-0.358690 0.992335
-0.360509 0.991601
-0.358284 0.992471
-0.302232 0.977834
-0.302988 0.977800
-0.307550 0.982681
-0.344489 0.995144
-0.358461 0.992407
-0.351448 0.994324
-0.357729 0.993602
-0.351484 0.995707
0.288059 0.915270
0.308345 0.915707
0.301593 0.915635
0.294306 0.914713
0.288721 0.915197
0.294813 0.915459
0.314591 0.915427
0.307792 0.915187
0.300548 0.914393
0.296177 0.914576
0.300975 0.914878
0.320914 0.915474
0.314080 0.915106
0.302441 0.914321
0.307214 0.914623
0.105984 0.968263
0.099702 0.970229
0.110278 0.967680
0.106281 0.969928
0.098019 0.970903
0.099806 0.970853
0.671170 0.912607
0.704053 0.910401
0.697471 0.910945
0.690888 0.911482
0.684263 0.911866
0.677419 0.911969
0.674717 0.912220
0.677616 0.912173
0.710158 0.909641
0.703553 0.910094
0.696957 0.910584
0.690362 0.911077
0.683669 0.911321
0.683075 0.911382
0.683710 0.911363
1.143831 0.892387
1.170352 0.891127
1.163780 0.891704
1.157169 0.892139
1.150084 0.891621
1.145263 0.892198
1.150494 0.892346
1.183012 0.889723
1.176433 0.890275
1.169829 0.890736
1.163219 0.891176
1.156335 0.890911
1.154539 0.891120
1.156497 0.891209
1.462500 0.900211
1.482986 0.901870
1.476281 0.901969
1.468734 0.900197
1.464522 0.900235
1.469391 0.901396
1.514293 0.894880
1.507896 0.896089
1.501585 0.897604
1.495300 0.899214
1.488931 0.900525
1.482399 0.901246
1.469953 0.900168
1.475666 0.901241
-1.733716 0.986039
-1.707052 0.985212
-1.713806 0.985131
-1.720491 0.985301
-1.727463 0.985221
-1.732884 0.985933
-1.727149 0.985567
-1.700950 0.984421
-1.707709 0.984321
-1.714961 0.983823
-1.714414 0.984419
-1.721210 0.984455
-1.722978 0.984673
-1.721104 0.984568
-1.694809 0.983814
-1.701582 0.983667
-1.714180 0.983754
-1.708315 0.983659
-1.324299 0.955505
-1.318057 0.955141
-1.322774 0.955497
-1.317105 0.957612
-1.297648 0.956434
-1.304137 0.957311
-1.311808 0.954563
-1.314675 0.954728
-1.311268 0.955870
-1.036385 0.948862
-1.043809 0.947681
-1.043099 0.948927
-1.050062 0.948467
-1.052326 0.948722
-1.049857 0.948833
-1.023461 0.948379
-1.030313 0.947945
-1.037556 0.946882
-1.042779 0.947544
-1.037081 0.947813
-1.010934 0.946518
-1.017715 0.946337
-1.024427 0.946411
-1.031301 0.946051
-1.032315 0.946176
-1.031201 0.946260
-0.475993 0.954812
-0.455593 0.955582
-0.462482 0.955015
-0.469748 0.954314
-0.475852 0.954802
-0.469197 0.955071
-0.449640 0.954250
-0.456454 0.953950
-0.463500 0.953774
-0.468243 0.954148
-0.463167 0.954019
-0.443560 0.953424
-0.450163 0.953887
-0.460739 0.953570
-0.456977 0.953591
-0.074339 0.946699
-0.080869 0.947428
-0.087358 0.948304
-0.093850 0.949171
-0.100350 0.950007
-0.106793 0.951055
-0.113195 0.952248
-0.119490 0.953821
-0.125607 0.956048
-0.131536 0.958950
-0.137328 0.962347
-0.143346 0.964930
-0.169904 0.967258
-0.172229 0.966964
-0.061671 0.945335
-0.068241 0.945920
-0.074738 0.946766
-0.081217 0.947675
-0.087682 0.948638
-0.094127 0.949671
-0.100554 0.950773
-0.106943 0.952012
-0.113468 0.953685
-0.113303 0.953351
-0.119740 0.955187
-0.119584 0.954981
-0.126008 0.956584
-0.125849 0.956663
-0.132284 0.958345
-0.131999 0.958765
-0.138571 0.960539
-0.137889 0.961805
-0.144852 0.962437
-0.143826 0.964673
-0.151115 0.963628
-0.157390 0.965306
-0.163656 0.966668
-0.167904 0.967168
-0.156512 0.968997
0.421885 0.912450
0.415149 0.912436
0.408388 0.912328
0.401503 0.912072
0.400316 0.912117
0.401602 0.912135
0.428101 0.912075
0.421389 0.912142
0.414641 0.912085
0.407742 0.911878
0.406163 0.911930
0.407872 0.911949
-0.259438 0.933149
-0.266205 0.933022
-0.272605 0.934223
-0.278857 0.935962
-0.284958 0.938243
-0.253040 0.933418
-0.259900 0.932956
-0.266295 0.934171
-0.272474 0.936170
-0.278750 0.937815
-0.284772 0.940382
-0.290746 0.943117
-0.296798 0.945573
-0.429887 0.976768
-0.246722 0.933443
-0.253616 0.932860
-0.260162 0.933527
-0.266298 0.935679
-0.272449 0.937772
-0.278639 0.939728
-0.284698 0.942155
-0.290555 0.945313
-0.392262 0.967678
-0.391345 0.970293
-0.398529 0.969035
-0.398095 0.970227
-0.404811 0.970993
-0.403654 0.974464
-0.411088 0.972777
-0.409553 0.977472
-0.417351 0.973973
-0.416116 0.978087
-0.423622 0.975489
-0.427352 0.976288
-0.422228 0.980326
-0.386007 0.966816
-0.386187 0.966820
-0.385954 0.966958
0.174482 0.919970
0.167969 0.920760
0.161481 0.921643
0.155035 0.922673
0.148599 0.923745
0.142254 0.925142
0.136129 0.927334
0.130139 0.930014
0.081029 0.938364
0.079328 0.941024
0.180749 0.919800
0.174227 0.920560
0.167742 0.921448
0.161274 0.922400
0.154804 0.923344
0.148351 0.924350
0.142108 0.926114
0.136174 0.928995
0.130306 0.932113
0.080381 0.939884
0.078713 0.940803
0.079121 0.941747
0.076170 0.942382
0.074053 0.949267
0.510401 0.915499
0.537106 0.915272
0.530413 0.915415
0.523713 0.915530
0.516642 0.915186
0.512957 0.915351
0.516944 0.915396
0.536721 0.915367
0.530002 0.915415
0.522878 0.915113
0.518916 0.915133
0.523226 0.915253
0.947100 0.911926
0.961076 0.914798
0.953341 0.911602
0.951382 0.911727
0.953864 0.913063
0.973802 0.913638
0.966954 0.913218
0.959584 0.911231
0.958160 0.911317
0.959889 0.912015
1.771677 0.923413
1.759432 0.921283
1.764753 0.922719
1.771348 0.923698
1.763973 0.922026
1.762480 0.921824
1.764234 0.922316
1.777953 0.924753
1.765621 0.922385
1.770957 0.923804
-1.585709 0.985829
-1.592322 0.986261
-1.598974 0.986548
-1.606051 0.986731
-1.605624 0.986841
-1.612294 0.987116
-1.612515 0.987129
-1.612280 0.987116
-1.573152 0.984041
-1.579749 0.984528
-1.586339 0.985042
-1.592928 0.985554
-1.599802 0.986084
-1.605758 0.986700
-1.599505 0.986115
-1.586828 0.984806
-1.597339 0.985882
-1.593353 0.985548
-0.974269 0.955469
-0.968024 0.954994
-0.972700 0.955410
-0.967192 0.957108
-0.965138 0.954796
-0.960977 0.956747
-0.476004 0.954801
-0.482684 0.954989
-0.489362 0.955182
-0.496547 0.954996
-0.496082 0.955227
-0.502791 0.955422
-0.503314 0.955457
-0.502754 0.955443
-0.469851 0.954192
-0.476559 0.954277
-0.483219 0.954535
-0.490299 0.954435
-0.496414 0.954987
-0.489886 0.954769
-0.463714 0.953572
-0.470473 0.953471
-0.477123 0.953769
-0.488273 0.954239
-0.483772 0.954065
0.062252 0.927957
0.055611 0.928284
0.049229 0.929551
0.042997 0.931357
0.036767 0.933174
0.030528 0.934958
0.024408 0.937170
0.018457 0.939989
-0.020465 0.946053
-0.023155 0.946082
0.068621 0.928144
0.061854 0.928015
0.055320 0.928727
0.048985 0.930162
0.042738 0.931910
0.036550 0.933874
0.030451 0.936156
0.024575 0.939247
-0.018581 0.946210
0.036307 0.934526
0.030308 0.937169
0.024590 0.940821
-0.014255 0.947006
-0.015054 0.946660
-0.013865 0.947804
-1.766779 0.987910
-1.733780 0.985933
-1.740442 0.986186
-1.747066 0.986573
-1.754272 0.986282
-1.753694 0.986950
-1.760525 0.987113
-1.764488 0.987680
-1.760303 0.987395
-1.727804 0.984685
-1.734463 0.984947
-1.741076 0.985375
-1.748020 0.985550
-1.753898 0.986237
-1.747671 0.985870
-1.715035 0.983700
-1.721769 0.983694
-1.728432 0.983944
-1.735072 0.984272
-1.744033 0.985033
-1.741651 0.984824
-0.535854 0.957316
-0.509410 0.955718
-0.516010 0.956194
-0.522624 0.956619
-0.529605 0.956649
-0.534833 0.957182
-0.529271 0.956926
-0.496557 0.954991
-0.503226 0.955215
-0.509874 0.955519
-0.516530 0.955791
-0.523354 0.955994
-0.526360 0.956294
-0.523171 0.956118
-0.490441 0.954294
-0.497132 0.954438
-0.503791 0.954702
-0.510449 0.954964
-0.517105 0.955367
-0.517807 0.955434
-0.517062 0.955395
0.077049 0.933308
0.075583 0.933212
0.077944 0.936017
0.080501 0.933272
0.078166 0.939823
0.510194 0.915328
0.503431 0.915215
0.496670 0.915110
0.489864 0.914958
0.489339 0.914991
0.489912 0.915016
0.516444 0.915074
0.509672 0.914928
0.502882 0.914714
0.496107 0.914585
0.496002 0.914588
0.496116 0.914592
0.918591 0.906927
0.932367 0.908356
0.924830 0.906699
0.919800 0.906882
0.925471 0.907764
0.938600 0.908066
0.925985 0.906635
0.931674 0.907364
1.372453 0.890739
1.392632 0.891605
1.385779 0.891164
1.378702 0.890091
1.377941 0.890131
1.378797 0.890260
1.398905 0.891454
1.392067 0.891070
1.384938 0.890009
1.383777 0.889971
1.385093 0.890194
-1.447121 0.974324
-1.486273 0.979460
-1.434543 0.972581
-1.441069 0.973328
-1.447591 0.974084
-1.454064 0.975020
-1.460555 0.975889
-1.467499 0.976454
-1.467009 0.976896
-1.473761 0.977606
-1.473475 0.977856
-1.480021 0.978688
-1.481444 0.978916
-1.479964 0.978734
-1.409410 0.967619
-1.415856 0.968650
-1.422270 0.969800
-1.428729 0.970780
-1.435204 0.971707
-1.441718 0.972490
-1.448224 0.973307
-1.454967 0.973851
-1.454695 0.974249
-1.461232 0.975118
-1.464582 0.975845
-1.461156 0.975223
-1.076942 0.948263
-1.083683 0.948227
-1.090410 0.948245
-1.097382 0.947939
-1.100825 0.948337
-1.097127 0.948297
-1.070956 0.947033
-1.077689 0.947030
-1.084880 0.946516
-1.084350 0.947285
-1.091132 0.947257
-1.092027 0.947355
-1.091062 0.947358
-1.058286 0.945689
-1.065012 0.945708
-1.071679 0.945942
-1.082323 0.946185
-1.078363 0.946111
-0.851154 0.962846
-0.857415 0.964017
-0.805699 0.956858
-0.812227 0.957595
-0.818741 0.958381
-0.826088 0.957519
-0.825274 0.959100
-0.832357 0.958940
-0.831783 0.959905
-0.838625 0.960345
-0.838253 0.960854
-0.844890 0.961595
-0.850594 0.962735
-0.844725 0.961791
-0.793416 0.954108
-0.800075 0.954371
-0.806765 0.954523
-0.813552 0.954698
-0.813362 0.955008
-0.819818 0.956053
-0.821280 0.956390
-0.819795 0.956085
-0.635228 0.963265
-0.642002 0.963115
-0.649339 0.962152
-0.648789 0.962914
-0.655585 0.962689
-0.655628 0.962691
-0.655581 0.962694
-0.629096 0.962562
-0.635843 0.962504
-0.643094 0.961707
-0.648117 0.962045
-0.642645 0.962252
-0.622972 0.961875
-0.629743 0.961733
-0.640814 0.961500
-0.636514 0.961591
-1.833045 0.992125
-1.839778 0.992122
-1.826914 0.991419
-1.833554 0.991754
-1.840177 0.992149
-1.814325 0.989777
-1.820957 0.990142
-1.827544 0.990663
-1.834092 0.991325
-1.840696 0.991785
-1.252157 0.949044
-1.258728 0.949625
-1.265219 0.950497
-1.271571 0.951867
-1.277825 0.953596
-1.283925 0.955878
-1.290027 0.958157
-1.297546 0.956723
-1.296206 0.960150
-1.303817 0.958267
-1.302446 0.961928
-1.310075 0.959228
-1.312652 0.959415
-1.309583 0.960468
-1.239654 0.947086
-1.246351 0.947210
-1.252955 0.947668
-1.259448 0.948528
-1.266188 0.949011
-1.265852 0.949714
-1.272460 0.950544
-1.272198 0.951103
-1.278732 0.952169
-1.278495 0.952674
-1.285007 0.953796
-1.284727 0.954477
-1.291277 0.955293
-1.295152 0.956165
-1.291081 0.955839
-0.945877 0.961154
-0.952623 0.961105
-0.960037 0.958858
-0.960832 0.958867
-0.959874 0.959227
-0.946241 0.961340
-0.953806 0.959032
-0.955695 0.958886
-0.953381 0.959865
-0.717176 0.960289
-0.716549 0.961313
-0.723426 0.960994
-0.723326 0.961150
-0.697015 0.960386
-0.703766 0.960317
-0.710927 0.959693
-0.715949 0.960169
-0.710469 0.960418
-0.684284 0.959251
-0.691096 0.958961
-0.697766 0.959182
-0.704677 0.959053
-0.707510 0.959326
-0.704425 0.959449
-0.245032 0.936561
-0.252457 0.934382
-0.253622 0.934389
-0.252276 0.934707
-0.302666 0.948232
-0.238612 0.936903
-0.246222 0.934338
-0.248637 0.934417
-0.245823 0.935171
-0.296421 0.947775
-0.301016 0.948222
-0.302266 0.950144
-0.390544 0.972973
-0.396813 0.974430
-0.403087 0.976124
-0.409367 0.977956
-0.415640 0.979574
-0.421917 0.981371
-0.428176 0.982429
-0.232257 0.937059
-0.242902 0.934297
-0.239469 0.935327
-0.290176 0.947343
-0.293548 0.947621
-0.296030 0.949847
-0.384298 0.972471
-0.388885 0.972733
-0.382862 0.972518
-1.665873 0.987633
-1.639190 0.987178
-1.645979 0.986973
-1.652651 0.987189
-1.659624 0.986986
-1.663795 0.987477
-1.659309 0.987454
-1.633006 0.986683
-1.639828 0.986359
-1.646557 0.986367
-1.653373 0.986251
-1.654368 0.986343
-1.653300 0.986328
-1.626808 0.986283
-1.633583 0.986127
-1.640335 0.986055
-1.647128 0.985866
-1.647299 0.985879
-1.647114 0.985883
-1.178106 0.947584
-1.184841 0.947571
-1.192025 0.947050
-1.191568 0.947594
-1.198275 0.947726
-1.198529 0.947752
-1.198256 0.947749
-1.172009 0.946754
-1.178780 0.946613
-1.185776 0.946399
-1.190011 0.946842
-1.185468 0.946773
-1.159182 0.945974
-1.165925 0.945931
-1.172686 0.945825
-1.179523 0.945665
-1.180914 0.945829
-1.179429 0.945786
-0.911006 0.965010
-0.890530 0.966553
-0.897695 0.964987
-0.904761 0.964496
-0.904462 0.964859
-0.911026 0.965811
-0.912002 0.965752
-0.910951 0.965736
-0.884452 0.965686
-0.891248 0.965454
-0.899183 0.963740
-0.898414 0.963887
-0.904794 0.965863
-0.911064 0.967373
-0.917341 0.969126
-0.910233 0.971351
-0.921007 0.970886
-0.916890 0.971620
-0.442093 0.955716
-0.449214 0.954956
-0.453812 0.955578
-0.448886 0.955492
-0.435348 0.957240
-0.442958 0.954101
-0.443169 0.954123
-0.442936 0.954149
-0.429569 0.955326
-0.437360 0.953992
-0.436596 0.954259
-0.040983 0.944141
-0.047581 0.944626
-0.054189 0.945069
-0.060770 0.945618
-0.074048 0.946713
-0.041198 0.944828
-0.047865 0.945062
-0.054473 0.945510
-0.061549 0.945435
-0.061096 0.945902
-0.067801 0.946153
-0.068752 0.946264
-0.067742 0.946210
-0.147783 0.967105
-0.148854 0.969358
-0.168207 0.973413
-0.170688 0.973150
-0.034772 0.945233
-0.041511 0.945211
-0.048269 0.945113
-0.059684 0.945254
-0.054959 0.945266
-0.147728 0.968434
-0.149408 0.969406
-0.161972 0.973354
-0.167317 0.973595
-0.152318 0.971027
-0.155711 0.972254
-0.159429 0.972897
-0.160309 0.979585
0.483134 0.914851
0.476366 0.914719
0.469333 0.914178
0.466688 0.914377
0.469597 0.914584
0.489335 0.914417
0.482540 0.914184
0.475578 0.913742
0.473847 0.913844
0.475747 0.913964
0.870969 0.903956
0.864158 0.903670
0.857040 0.902952
0.854245 0.903071
0.857326 0.903307
0.877240 0.903756
0.870425 0.903459
0.863279 0.902718
0.860257 0.902822
0.863585 0.903065
0.883501 0.903574
0.876684 0.903267
0.866259 0.902628
0.869851 0.902899
1.305700 0.893701
1.298294 0.892479
1.295713 0.892050
1.298645 0.892534
1.325066 0.892208
1.318578 0.893089
1.312064 0.893873
1.298874 0.892587
1.305275 0.893667
1.561712 0.893631
1.581740 0.893840
1.575014 0.893861
1.567961 0.892969
1.566652 0.893068
1.568082 0.893140
1.587986 0.893594
1.581199 0.893395
1.574202 0.892690
1.573233 0.892716
1.574300 0.892790
1.743339 0.918309
1.730937 0.915620
1.736283 0.917139
1.742978 0.918485
1.735467 0.916911
1.733556 0.916280
1.735807 0.916897
1.735893 0.917061
1.742605 0.918662
-1.800194 0.989203
-1.806818 0.989593
-1.813334 0.990370
-1.819825 0.991241
-1.826671 0.991693
-1.831337 0.992137
-1.826409 0.991778
-1.787491 0.987929
-1.794144 0.988212
-1.800711 0.988805
-1.807231 0.989572
-1.814163 0.990029
-1.813732 0.990405
-1.820421 0.990966
-1.823385 0.991379
-1.820261 0.991138
-1.774847 0.986489
-1.781510 0.986737
-1.788154 0.987052
-1.794712 0.987679
-1.801202 0.988552
-1.811701 0.989686
-1.807722 0.989313
-1.357365 0.957522
-1.324548 0.955038
-1.331450 0.954421
-1.338064 0.954848
-1.344848 0.955450
-1.344588 0.955599
-1.351107 0.956487
-1.352358 0.956711
-1.351068 0.956510
-1.318467 0.954181
-1.325335 0.953692
-1.332331 0.953455
-1.332033 0.953811
-1.338590 0.954507
-1.339171 0.954599
-1.338567 0.954524
-0.771185 0.958485
-0.778734 0.956610
-0.778003 0.958171
-0.784989 0.957509
-0.786880 0.957776
-0.784813 0.957891
-0.758414 0.957448
-0.766227 0.955053
-0.765267 0.957008
-0.772481 0.955828
-0.776105 0.956271
-0.772111 0.956603
-0.752401 0.956363
-0.766220 0.955051
-0.759304 0.955747
-0.433261 0.963635
-0.434364 0.963629
-0.420759 0.962200
-0.427015 0.963115
-0.427687 0.963207
-0.414502 0.961254
-0.415748 0.961450
-1.519345 0.981723
-1.486547 0.979269
-1.493184 0.979614
-1.499784 0.980087
-1.506844 0.980309
-1.506367 0.980627
-1.513095 0.981013
-1.515530 0.981315
-1.512966 0.981106
-1.467587 0.976311
-1.474115 0.977044
-1.480649 0.977757
-1.487132 0.978654
-1.493707 0.979223
-1.500588 0.979398
-1.506291 0.980247
-1.500283 0.979786
-1.056704 0.948417
-1.063478 0.948263
-1.070592 0.947683
-1.075704 0.948300
-1.070198 0.948306
-1.043909 0.947466
-1.050718 0.947187
-1.058085 0.946084
-1.057457 0.947163
-1.064339 0.946884
-1.066059 0.947096
-1.064208 0.947093
-1.038048 0.945844
-1.044801 0.945765
-1.055694 0.945753
-1.051523 0.945797
-0.791628 0.957589
-0.798350 0.957625
-0.805530 0.957158
-0.804963 0.958056
-0.811793 0.958382
-0.811469 0.958874
-0.818059 0.959681
-0.778986 0.956088
-0.785781 0.955859
-0.793008 0.954890
-0.792515 0.955850
-0.799268 0.955968
-0.801866 0.956476
-0.799157 0.956175
-0.766228 0.955051
-0.773073 0.954643
-0.779885 0.954354
-0.786752 0.954017
-0.787913 0.954186
-0.786655 0.954216
0.905226 0.906122
0.898087 0.905063
0.896423 0.905124
0.898271 0.905313
0.918453 0.906731
0.911515 0.905983
0.904325 0.904857
0.902268 0.904919
0.904552 0.905150
0.924710 0.906528
0.917780 0.905814
0.908187 0.904744
0.910838 0.905051
1.826618 0.937840
1.829305 0.938525
1.825807 0.939419
1.829464 0.940592
-1.357598 0.957237
-1.364114 0.958019
-1.370552 0.959083
-1.376997 0.960121
-1.383369 0.961416
-1.389696 0.962884
-1.396006 0.964408
-1.402346 0.965829
-1.408707 0.967167
-1.415066 0.968518
-1.421438 0.969821
-1.427819 0.971085
-1.434388 0.972614
-1.434204 0.972341
-1.440643 0.973482
-1.441210 0.973562
-1.440626 0.973460
-1.345202 0.954875
-1.351753 0.955526
-1.358242 0.956406
-1.364709 0.957361
-1.371132 0.958473
-1.377532 0.959674
-1.383855 0.961144
-1.390119 0.962835
-1.396392 0.964494
-1.402670 0.966130
-1.409332 0.967706
-1.408995 0.967602
-1.415598 0.968989
-1.415341 0.968994
-1.421864 0.970306
-1.421708 0.970314
-1.428128 0.971544
-1.429606 0.971837
-1.428099 0.971547
-1.384240 0.961307
-1.384233 0.961313
-1.390516 0.962978
-1.390499 0.962989
-1.396789 0.964592
-1.396786 0.964594
-1.403063 0.966255
-1.403903 0.966455
-1.403056 0.966260
-0.931822 0.963296
-0.944413 0.961124
-0.938935 0.961917
-0.942857 0.962083
-0.938741 0.964111
-0.696649 0.961212
-0.676377 0.961984
-0.684140 0.959546
-0.683220 0.961585
-0.690394 0.960364
-0.692841 0.960663
-0.690123 0.960964
-0.670335 0.961004
-0.682732 0.959382
-0.677326 0.960067
-0.230355 0.940948
-0.238221 0.937631
-0.241062 0.937666
-0.237711 0.938693
-0.224064 0.940818
-0.231986 0.937575
-0.235874 0.937637
-0.231288 0.939041
-0.301000 0.955653
-0.303576 0.955484
-0.305590 0.962466
-0.388835 0.978683
-0.217816 0.940584
-0.230345 0.937566
-0.224960 0.939097
-0.294757 0.955327
-0.299682 0.955814
-0.299733 0.960782
-0.382583 0.977964
-0.383904 0.978005
-0.382274 0.978750
-0.293969 0.958814
-0.376354 0.978155
-0.379364 0.978174
-0.374905 0.982540
0.228023 0.917370
0.221291 0.917370
0.214604 0.917533
0.207647 0.917775
0.203414 0.917933
0.207926 0.917729
0.234230 0.916942
0.227527 0.917050
0.220847 0.917237
0.213891 0.917390
0.209429 0.917684
0.214162 0.917405
0.119784 0.941976
0.115665 0.942408
0.114173 0.945312
0.240369 0.916324
0.233708 0.916577
0.227050 0.916845
0.216343 0.917250
0.220378 0.917061
0.126016 0.942058
0.122689 0.941901
0.120857 0.946609
0.075040 0.954457
0.127453 0.942038
0.126522 0.944275
0.073561 0.956215
0.537188 0.915316
0.557288 0.915226
0.550624 0.915470
0.538158 0.915293
0.543884 0.915441
0.563545 0.914998
0.556882 0.915245
0.550214 0.915471
0.543422 0.915302
0.543281 0.915297
0.543434 0.915299
-1.766959 0.987669
-1.773681 0.987705
-1.780306 0.988089
-1.787335 0.988159
-1.786924 0.988502
-1.793588 0.988989
-1.795163 0.989183
-1.793500 0.989065
-1.754301 0.986235
-1.761008 0.986321
-1.767698 0.986473
-1.774826 0.986518
-1.774299 0.986945
-1.781081 0.987344
-1.785245 0.987913
-1.780857 0.987577
-1.748288 0.985165
-1.754978 0.985313
-1.761620 0.985639
-1.774546 0.986487
-1.768241 0.986037
-1.251887 0.949586
-1.258152 0.950871
-1.264421 0.952310
-1.283247 0.957396
-1.289526 0.959265
-1.295802 0.961019
-1.302077 0.962684
-1.218938 0.947457
-1.225652 0.947521
-1.232315 0.947768
-1.239370 0.947571
-1.238928 0.948199
-1.245627 0.948513
-1.247541 0.948836
-1.245526 0.948680
-1.212874 0.946555
-1.219571 0.946682
-1.226247 0.946880
-1.233117 0.946791
-1.235805 0.947123
-1.232924 0.947075
-0.995035 0.952334
-1.002757 0.949594
-1.002045 0.951323
-1.009013 0.950528
-1.009463 0.950595
-1.008970 0.950627
-0.990251 0.948013
-0.989088 0.950964
-0.996502 0.948723
-0.998098 0.948936
-0.996271 0.949333
-0.976164 0.950527
-0.988448 0.947782
-0.983424 0.948622
-0.535913 0.957253
-0.542492 0.957802
-0.549036 0.958482
-0.555599 0.959096
-0.562678 0.958960
-0.562193 0.959591
-0.568932 0.959821
-0.570693 0.960053
-0.568822 0.959963
-0.529789 0.956529
-0.536379 0.957045
-0.542951 0.957619
-0.550171 0.957361
-0.549569 0.958031
-0.556424 0.958143
-0.560157 0.958616
-0.556198 0.958403
-0.523682 0.955796
-0.530279 0.956284
-0.536902 0.956674
-0.550073 0.957348
-0.543542 0.957002
-0.165333 0.959605
-0.171587 0.960486
-0.173007 0.960579
-0.159077 0.958757
-0.162341 0.959122
-0.164715 0.962167
-0.138836 0.959913
-0.144927 0.962225
-0.152121 0.960557
0.637949 0.914787
0.631543 0.915970
0.625255 0.917574
0.618956 0.919140
0.612282 0.919346
0.605013 0.917633
0.604140 0.917656
0.605166 0.917962
0.644143 0.914336
0.637760 0.915595
0.631468 0.917185
0.625194 0.918837
0.618688 0.919654
0.611241 0.917861
0.609053 0.917714
0.611693 0.918700
0.624904 0.919318
0.618147 0.919228
1.090254 0.892862
1.123154 0.890852
1.116513 0.891182
1.109825 0.891341
1.102764 0.891062
1.103162 0.891590
1.096509 0.891944
1.096067 0.891995
1.096533 0.891962
1.002381 0.917390
0.977284 0.924025
1.135812 0.889441
1.129147 0.889683
1.122421 0.889702
1.115737 0.889873
1.109021 0.890120
1.107873 0.890250
1.109084 0.890157
1.008607 0.917678
1.005112 0.917320
1.002910 0.920016
0.997202 0.923717
0.989798 0.922078
0.990607 0.924213
0.983540 0.923069
0.982694 0.923231
0.983622 0.923298
1.008842 0.917705
1.008602 0.917878
1.008642 0.917901
1.002315 0.920101
1.002915 0.921527
0.996050 0.921316
0.993945 0.921626
0.996380 0.922236
1.624962 0.903701
1.625441 0.903913
1.632909 0.908470
1.626592 0.904973
1.632203 0.907406
1.800142 0.928981
1.792487 0.926815
1.790484 0.926272
1.792863 0.927000
1.792932 0.926964
1.799877 0.929482
1.795859 0.927576
1.799426 0.929363
-1.546147 0.982471
-1.519628 0.981358
-1.526338 0.981435
-1.533027 0.981590
-1.539899 0.981879
-1.544287 0.982312
-1.539672 0.981905
-1.506886 0.980248
-1.513612 0.980266
-1.520235 0.980660
-1.526877 0.980984
-1.533648 0.981199
-1.536092 0.981515
-1.533523 0.981292
-1.103851 0.948328
-1.110595 0.948283
-1.117294 0.948400
-1.124173 0.948282
-1.126423 0.948500
-1.123995 0.948515
-1.097807 0.947308
-1.104528 0.947348
-1.111672 0.946912
-1.111215 0.947510
-1.117924 0.947645
-1.118242 0.947680
-1.117899 0.947681
-1.085071 0.946198
-1.091795 0.946224
-1.098496 0.946336
-1.105419 0.946131
-1.108794 0.946576
-1.105176 0.946523
-0.662351 0.962556
-0.676127 0.962392
-0.682385 0.963350
-0.649438 0.962028
-0.656169 0.962030
-0.662905 0.962014
-0.669877 0.961686
-0.672936 0.962001
-0.669620 0.962077
-0.643264 0.961525
-0.649943 0.961712
-0.656752 0.961435
-0.663629 0.961130
-0.664730 0.961218
-0.663531 0.961266
-0.223987 0.940963
-0.229391 0.941178
-0.217747 0.940714
-0.223471 0.940952
-0.216849 0.942568
-0.305554 0.962607
-0.305610 0.962611
-0.380861 0.983110
-0.217290 0.940704
-0.210612 0.942287
-0.299316 0.962376
-0.299618 0.962377
-0.374634 0.983336
-0.377597 0.982930
-0.373590 0.985810
-0.295309 0.962632
-0.297915 0.968860
-0.374189 0.983390
-0.371852 0.984174
-0.366934 0.988539
0.254693 0.916439
0.248058 0.916790
0.241416 0.917115
0.234447 0.917143
0.230433 0.917395
0.234743 0.917330
0.267498 0.915534
0.260828 0.915755
0.254182 0.916065
0.247564 0.916474
0.240692 0.916656
0.237262 0.916934
0.240928 0.916823
0.115212 0.949601
0.077561 0.959748
0.273624 0.914869
0.266925 0.914988
0.260282 0.915304
0.253649 0.915662
0.246942 0.916031
0.245344 0.916193
0.247042 0.916110
0.121452 0.949313
0.119692 0.949273
0.116373 0.954732
0.085403 0.964457
0.075967 0.960800
0.077885 0.961612
0.124658 0.949344
0.122178 0.952890
0.075293 0.962337
0.078289 0.964561
0.078036 0.965178
0.638104 0.914655
0.670966 0.912471
0.664362 0.912933
0.657733 0.913304
0.651057 0.913508
0.644352 0.914005
0.642370 0.914162
0.644436 0.913907
0.677101 0.911810
0.670485 0.912224
0.663841 0.912543
0.657212 0.912910
0.650598 0.913505
0.649746 0.913579
0.650636 0.913473
1.123313 0.891090
1.143739 0.892261
1.135821 0.889453
1.136931 0.891985
1.129567 0.890242
1.125915 0.890712
1.129972 0.891161
1.149747 0.891145
1.135952 0.889436
1.142832 0.890480
1.448128 0.897537
1.441165 0.896704
1.433987 0.895377
1.432964 0.895382
1.434134 0.895618
1.447550 0.896952
1.440219 0.895444
1.438216 0.895370
1.440515 0.895855
-1.639083 0.987351
-1.619041 0.987012
-1.625738 0.987139
-1.632839 0.986934
-1.638072 0.987281
-1.632446 0.987225
-1.606073 0.986704
-1.612824 0.986634
-1.619544 0.986680
-1.626596 0.986551
-1.631175 0.986814
-1.626269 0.986702
-1.600001 0.985850
-1.606659 0.986120
-1.613342 0.986293
-1.624458 0.986443
-1.620065 0.986322
-1.151013 0.948182
-1.157808 0.947954
-1.164595 0.947759
-1.171487 0.947511
-1.173317 0.947691
-1.171340 0.947710
-1.144905 0.947395
-1.151660 0.947312
-1.158990 0.946298
-1.158453 0.947094
-1.165240 0.946933
-1.165451 0.946953
-1.165222 0.946958
-1.138833 0.946527
-1.145614 0.946351
-1.156851 0.946072
-1.152388 0.946199
-0.890492 0.966447
-0.851175 0.962808
-0.857660 0.963701
-0.864262 0.964168
-0.870830 0.964760
-0.877360 0.965494
-0.884250 0.966059
-0.890178 0.966585
-0.883873 0.966282
-0.826198 0.957273
-0.832616 0.958402
-0.839041 0.959511
-0.845662 0.959911
-0.852904 0.958851
-0.852368 0.960002
-0.859178 0.960494
-0.858740 0.961301
-0.865452 0.962155
-0.865032 0.962886
-0.871719 0.963526
-0.871421 0.964121
-0.877984 0.964778
-0.878680 0.964920
-0.877960 0.964818
-0.575436 0.960391
-0.581999 0.961003
-0.588578 0.961557
-0.595754 0.961355
-0.595176 0.962038
-0.602008 0.962208
-0.605565 0.962664
-0.601785 0.962482
-0.562817 0.958811
-0.569393 0.959371
-0.575960 0.959969
-0.582543 0.960502
-0.589498 0.960500
-0.595302 0.961293
-0.589166 0.960898
-0.550176 0.957355
-0.556776 0.957833
-0.563332 0.958465
-0.569920 0.958986
-0.576534 0.959408
-0.583246 0.959737
-0.584850 0.959924
-0.583145 0.959845
-0.167033 0.953590
-0.173288 0.954451
-0.175233 0.954578
-0.160790 0.953208
-0.165484 0.953371
0.362065 0.915221
0.355484 0.915767
0.348894 0.916278
0.342274 0.916683
0.335363 0.916436
0.333841 0.916473
0.335500 0.916534
0.368311 0.914947
0.361737 0.915516
0.355149 0.916032
0.348531 0.916447
0.341599 0.916345
0.339361 0.916364
0.341798 0.916438
0.374567 0.914755
0.367973 0.915251
0.361373 0.915727
0.354775 0.916205
0.344955 0.916282
0.348070 0.916303
0.891398 0.904801
0.884541 0.904348
0.877562 0.904090
0.874975 0.904193
0.877813 0.904360
0.897676 0.904630
0.890828 0.904209
0.883801 0.903848
0.880990 0.903943
0.884067 0.904102
0.903939 0.904452
0.897084 0.904007
0.887098 0.903719
0.890314 0.903866
1.351918 0.890097
1.345659 0.891163
1.371987 0.889979
1.365227 0.889875
1.358173 0.889245
1.354634 0.889689
1.358466 0.889768
1.378237 0.889745
1.371423 0.889450
1.364418 0.888816
1.363198 0.888812
1.364542 0.888910
1.602748 0.896167
1.616704 0.898554
1.608989 0.895849
1.605698 0.895946
1.609525 0.896941
1.610886 0.895956
1.616183 0.898178
-0.040967 0.944132
-0.027266 0.945055
-0.040699 0.944119
-0.034230 0.944218
-0.020959 0.944987
-0.027983 0.943930
-0.034754 0.944945
-0.035517 0.944090
-0.034685 0.944038
-0.147694 0.974883
-0.151040 0.974557
-0.021599 0.944188
-0.028501 0.944156
-0.034256 0.945139
-0.028305 0.944282
-0.147493 0.974955
-0.147702 0.975193
-0.147666 0.975120
-0.153229 0.979345
-0.162692 0.978961
-0.159513 0.980962
-0.149498 0.976859
-0.154022 0.978774
-0.153318 0.980522
-0.160279 0.979708
-0.160300 0.979702
-0.160256 0.979777
0.442564 0.913661
0.462759 0.914197
0.455978 0.914021
0.448808 0.913206
0.445112 0.913479
0.449185 0.913800
0.468911 0.913587
0.462114 0.913354
0.455053 0.912755
0.452268 0.912947
0.455329 0.913160
0.830149 0.902405
0.823456 0.902542
0.816820 0.902891
0.809718 0.902517
0.804246 0.903081
0.810138 0.903072
0.836322 0.901849
0.829612 0.901931
0.822976 0.902276
0.815965 0.901999
0.812209 0.902318
0.816283 0.902418
0.842519 0.901438
0.835784 0.901423
0.829135 0.901728
0.819746 0.901719
0.822426 0.901807
1.277804 0.890030
1.291664 0.891632
1.278315 0.890050
1.284674 0.890701
1.298225 0.892518
1.291230 0.891567
1.284023 0.890672
1.282181 0.890405
1.284244 0.890651
1.632926 0.908476
1.659589 0.907575
1.653093 0.908425
1.646606 0.909311
1.633018 0.908502
1.639889 0.909364
1.665884 0.907489
1.659284 0.907966
1.652713 0.908543
1.645420 0.907456
1.646020 0.908683
1.639164 0.908294
1.638814 0.908334
1.639193 0.908339
1.803689 0.929381
1.814547 0.933849
1.804858 0.930405
1.807035 0.931025
1.814395 0.934797
1.806684 0.931710
1.806295 0.931404
1.806775 0.931592
0.069085 0.928466
0.068636 0.928456
0.069186 0.928691
0.018863 0.942877
0.013708 0.942945
0.012737 0.943653
0.007079 0.947539
0.075316 0.928605
0.072940 0.928685
0.075994 0.930457
0.019011 0.942887
0.018883 0.943004
0.013300 0.947157
0.007524 0.950612
0.001522 0.953246
-0.004943 0.954210
-0.012526 0.951839
-0.014262 0.951656
-0.012099 0.952674
0.020867 0.943783
0.019195 0.945643
0.013534 0.949507
0.007646 0.952552
0.001468 0.954550
-0.010568 0.952055
-0.005178 0.954858
0.394899 0.912237
0.388237 0.912494
0.381680 0.913123
0.375185 0.913978
0.368418 0.914833
0.364357 0.915012
0.368638 0.914646
0.401168 0.912047
0.394525 0.912372
0.387928 0.912855
0.381423 0.913675
0.374658 0.914641
0.370430 0.914760
0.374886 0.914379
0.387695 0.913544
0.376366 0.914593
0.381139 0.914179
0.803420 0.903123
0.796781 0.903457
0.776653 0.904473
0.809540 0.902374
0.802883 0.902647
0.796280 0.903111
0.789154 0.903087
0.789657 0.903505
0.782905 0.903729
0.780983 0.903963
0.783021 0.903851
0.815680 0.901756
0.809024 0.902028
0.802404 0.902431
0.789782 0.903028
0.795773 0.902794
1.236783 0.886905
1.257134 0.888484
1.250245 0.887914
1.243022 0.886644
1.241026 0.886709
1.243280 0.887071
1.263450 0.888490
1.256542 0.887852
1.249260 0.886506
1.246935 0.886531
1.249557 0.886942
1.541172 0.893198
1.534913 0.894281
1.561372 0.893216
1.554726 0.893523
1.547420 0.892624
1.541184 0.893197
1.547963 0.893413
1.567542 0.892696
1.560842 0.892811
1.549297 0.892440
1.554035 0.892539
1.708218 0.913020
1.700737 0.911376
1.697932 0.911147
1.701211 0.912028
1.714729 0.913710
1.701818 0.911480
1.707802 0.913005
1.879669 0.949718
1.886879 0.951973
1.877912 0.950665
1.879864 0.950950
1.873350 0.953178
1.887243 0.954769
1.880334 0.954127
1.873258 0.953240
1.873363 0.953265
1.887384 0.956796
1.880602 0.956614
1.870372 0.955389
1.873729 0.956103
-0.202490 0.945804
-0.209745 0.943961
-0.209963 0.943976
-0.209711 0.944034
-0.303880 0.969675
-0.308556 0.969980
-0.196280 0.945422
-0.203503 0.943652
-0.203512 0.943653
-0.203502 0.943655
-0.302283 0.969661
-0.303439 0.971715
-0.370845 0.987738
-0.365701 0.989994
-0.297656 0.970101
-0.298491 0.970042
-0.302397 0.976981
-0.358742 0.992291
-0.366681 0.988655
-0.367143 0.988114
-0.366526 0.988490
-0.365999 0.989206
-0.358931 0.993130
0.328758 0.916496
0.322035 0.916529
0.314832 0.915698
0.311226 0.915849
0.315214 0.916204
0.335055 0.916399
0.328300 0.916316
0.321068 0.915595
0.317303 0.915593
0.321468 0.915953
0.341353 0.916353
0.334632 0.916394
0.322612 0.915587
0.327784 0.915972
0.704237 0.910559
0.737029 0.907937
0.730478 0.908587
0.723905 0.909164
0.717296 0.909606
0.710488 0.909848
0.707508 0.910160
0.710685 0.910042
0.749680 0.906507
0.743131 0.907161
0.736531 0.907638
0.729944 0.908160
0.723357 0.908683
0.716740 0.909102
0.716707 0.909106
0.716742 0.909104
1.170642 0.891286
1.222499 0.884957
1.215818 0.885141
1.209315 0.885964
1.202894 0.887088
1.196450 0.888128
1.189997 0.889138
1.183146 0.889758
1.183504 0.889999
1.176895 0.890448
1.176873 0.890451
1.176896 0.890449
1.228730 0.884659
1.222029 0.884770
1.215476 0.885413
1.209040 0.886482
1.202604 0.887548
1.196130 0.888480
1.189396 0.889083
1.185944 0.889430
1.189593 0.889180
1.448247 0.897677
1.462241 0.899886
1.449287 0.897665
1.455251 0.898955
1.468592 0.900008
1.461665 0.899299
1.454479 0.897699
1.454363 0.897696
1.454498 0.897730
1.680246 0.908986
1.694171 0.910914
1.681214 0.908968
1.687207 0.910076
1.700631 0.911417
1.693711 0.910738
1.686479 0.909038
1.686161 0.909024
1.686530 0.909115
1.901168 0.954961
1.892160 0.953496
1.894170 0.953998
1.901311 0.956952
1.890026 0.955404
1.894380 0.956234
1.901518 0.959218
1.888838 0.957104
1.894503 0.958191
0.422039 0.912640
0.442329 0.913347
0.435559 0.913213
0.428281 0.912269
0.423738 0.912527
0.428742 0.912905
0.448492 0.912778
0.441727 0.912658
0.434521 0.912031
0.430250 0.912165
0.434948 0.912487
0.850461 0.902824
0.843665 0.902596
0.836513 0.902030
0.831816 0.902397
0.836921 0.902549
0.856725 0.902603
0.849927 0.902366
0.842755 0.901676
0.838734 0.901912
0.843127 0.902120
0.862981 0.902402
0.856197 0.902213
0.845211 0.901592
0.849374 0.901883
1.351761 0.889864
1.345209 0.890514
1.338703 0.891332
1.332250 0.892341
1.325083 0.892231
1.325790 0.893319
1.318820 0.893425
1.319283 0.894133
1.312568 0.894196
1.312553 0.894197
1.312569 0.894197
1.357821 0.888950
1.351198 0.889342
1.344607 0.889850
1.338077 0.890575
1.331346 0.891042
1.325583 0.892135
1.331570 0.891385
1.582241 0.894452
1.602432 0.895634
1.595577 0.895188
1.588484 0.894040
1.587819 0.894074
1.588566 0.894179
1.608730 0.895577
1.601835 0.894986
1.594723 0.893819
1.593982 0.893831
1.594811 0.893932
1.729098 0.915497
1.722217 0.914959
1.715000 0.913515
1.714264 0.913428
1.715131 0.913677
1.728792 0.915873
1.721216 0.914319
1.717839 0.913840
1.721762 0.914796
1.735419 0.917021
1.728470 0.916239
0.201260 0.917964
0.194554 0.918056
0.187950 0.918520
0.181373 0.919081
0.174580 0.919854
0.174782 0.919589
0.124384 0.933205
0.207524 0.917743
0.200826 0.917863
0.194211 0.918285
0.187634 0.918847
0.180817 0.919713
0.176407 0.919803
0.181051 0.919382
0.125359 0.933260
0.124514 0.934019
0.119037 0.938557
0.076463 0.946160
0.213715 0.917307
0.207053 0.917557
0.200457 0.918049
0.193882 0.918613
0.182162 0.919668
0.187305 0.919171
0.130603 0.933826
0.127117 0.934155
0.124801 0.936542
0.076539 0.947478
0.074118 0.949424
0.075525 0.953080
0.131191 0.936837
0.074105 0.949945
0.074021 0.949519
0.584221 0.915245
0.577516 0.915342
0.570857 0.915609
0.563974 0.915214
0.563352 0.915237
0.564030 0.915263
0.590378 0.914658
0.583733 0.914973
0.577052 0.915155
0.570213 0.914953
0.569604 0.914944
0.570270 0.914972
1.090015 0.892732
1.083561 0.893737
1.077138 0.894855
1.070715 0.895968
1.064307 0.897140
1.057913 0.898360
1.051532 0.899631
1.045184 0.901018
1.038855 0.902476
1.032506 0.903860
1.026146 0.905206
1.019853 0.906794
1.013748 0.909061
0.969304 0.919820
0.963040 0.921089
1.102581 0.890985
1.096138 0.892025
1.089709 0.893116
1.083304 0.894297
1.076894 0.895461
1.070496 0.896665
1.064125 0.897967
1.057760 0.899293
1.051406 0.900654
1.045073 0.902097
1.038754 0.903588
1.032435 0.905077
1.026168 0.906754
1.020036 0.908923
1.014103 0.911810
1.008333 0.915285
0.981826 0.917609
0.975567 0.918612
0.974266 0.918866
0.975985 0.920024
1.057644 0.900402
1.051294 0.901777
1.044990 0.903318
1.038719 0.904982
1.032486 0.906778
1.026324 0.908834
1.020283 0.911325
1.014364 0.914261
0.988077 0.916893
0.985980 0.917146
0.988824 0.919266
1.413480 0.893649
1.427238 0.895023
1.419718 0.893443
1.414888 0.893562
1.420325 0.894370
1.433557 0.895040
1.420620 0.893426
1.426650 0.894403
1.616997 0.898919
1.618839 0.899068
1.624818 0.903553
1.621003 0.899869
1.624426 0.903633
1.785929 0.926269
1.775179 0.923720
1.778837 0.924962
1.792447 0.926961
1.785643 0.926700
1.778229 0.924478
1.777758 0.924380
1.778335 0.924616
1.792155 0.927420
1.780492 0.925046
1.785205 0.926634
0.961331 0.915344
0.973840 0.913700
0.967588 0.914443
0.964276 0.914913
0.968607 0.917687
0.974268 0.913653
0.981297 0.916393
1.392968 0.892114
1.413347 0.893482
1.406513 0.893111
1.399211 0.891729
1.396516 0.891819
1.399561 0.892316
1.419632 0.893372
1.412817 0.893072
1.402234 0.891688
1.405887 0.892354
1.836921 0.941590
1.844248 0.943872
1.836873 0.941723
1.836926 0.941740
1.844631 0.946744
1.835409 0.943469
1.837178 0.944141
1.844750 0.948705
0.737315 0.908043
0.776440 0.904395
0.769877 0.905006
0.763314 0.905617
0.756729 0.906145
0.749819 0.906525
0.750160 0.906731
0.743568 0.907259
0.743433 0.907275
0.743576 0.907264
0.789120 0.903076
0.782520 0.903555
0.775941 0.904102
0.769363 0.904657
0.762793 0.905239
0.756074 0.905731
0.753019 0.906125
0.756229 0.905844
1.222513 0.884974
1.216266 0.885569
1.236321 0.886250
1.228754 0.884679
1.222666 0.884964
1.229375 0.885477
1.242607 0.886151
1.229017 0.884672
1.235625 0.885247
1.483008 0.901897
1.541171 0.893197
1.534627 0.893874
1.528121 0.894691
1.521637 0.895584
1.514347 0.894954
1.515152 0.896475
1.508078 0.896339
1.508718 0.897554
1.501807 0.897874
1.502349 0.898864
1.495535 0.899463
1.496011 0.900286
1.489266 0.900907
1.483522 0.901811
1.489627 0.901544
1.547300 0.892527
1.540732 0.893118
1.534117 0.893539
1.527471 0.893848
1.520604 0.894003
1.515860 0.894663
1.520857 0.894271
1.865425 0.946860
1.872828 0.949849
1.864291 0.947667
1.865554 0.947888
1.859663 0.950240
1.866069 0.951231
1.859097 0.950623
1.866487 0.954261
1.856930 0.952352
1.859387 0.952937
1.757517 0.920895
1.745013 0.918496
1.750462 0.919725
1.757168 0.921111
1.747303 0.919239
1.750134 0.920019
1.763751 0.922094
1.756844 0.921457
1.749704 0.920146
1.749474 0.920061
1.749746 0.920137
1.659733 0.907507
1.680165 0.908952
1.673354 0.908667
1.665969 0.907443
1.661881 0.907478
1.666437 0.907993
1.679730 0.908870
1.667074 0.907471
1.672843 0.908308
1.814723 0.933425
1.815587 0.934162
1.821932 0.936204
1.815991 0.935427
1.821928 0.937690
