0.288079 0.816662
0.286244 0.816323
0.287290 0.812351
0.279950 0.814943
0.274959 0.808161
0.091740 0.763854
0.089779 0.763078
0.278308 0.814563
0.273651 0.813660
0.274328 0.810894
0.268349 0.808117
0.093970 0.764779
0.397777 0.758519
0.396200 0.758122
0.396441 0.757215
0.389915 0.756592
0.365075 0.749682
0.364932 0.749245
0.843251 0.873029
0.831061 0.876128
0.835963 0.875068
0.811909 0.870951
0.810608 0.869235
0.754399 0.853021
0.748327 0.850583
0.488214 0.783481
0.490883 0.781822
0.385607 0.755761
0.383613 0.755354
0.377331 0.753775
0.371064 0.751966
0.367473 0.750863
0.365689 0.746858
1.324704 1.010158
0.829986 0.876361
0.835959 0.875473
0.829048 0.876168
0.822762 0.874671
0.816495 0.872863
0.814847 0.872271
0.811032 0.868070
0.755431 0.849627
0.487017 0.783728
0.491321 0.780645
1.625824 1.092124
1.623445 1.091293
1.626921 1.087944
1.330930 1.012588
1.328042 1.011466
0.836573 0.873652
0.829983 0.873124
0.823838 0.870953
0.817450 0.869680
0.811188 0.867937
1.628919 1.093297
1.332485 1.013221
1.332389 1.007384
1.632036 1.094841
1.631483 1.094552
1.632359 1.093546
0.539205 0.702450
0.685274 0.742225
0.684416 0.738337
0.536205 0.701948
0.532886 0.701479
1.687294 1.013974
1.323400 0.915519
1.322564 0.914966
1.019794 0.833144
1.022878 0.831545
0.685717 0.742899
0.684551 0.738263
1.837856 1.054952
1.831564 1.053530
1.764266 1.034850
1.762562 1.034654
1.763028 1.032744
1.686288 1.013774
1.687631 1.012789
1.680989 1.012758
1.323742 0.915805
1.323969 0.913570
1.019460 0.833612
1.023024 0.831434
1.933411 1.075291
1.926964 1.074230
1.920760 1.072276
1.914783 1.069488
1.831183 1.053447
1.831678 1.053124
1.825269 1.052140
1.818981 1.050678
1.759910 1.034189
1.756246 1.033633
1.757126 1.030063
1.679646 1.012504
1.681631 1.010474
1.323946 0.916426
1.324287 0.912835
1.939738 1.077198
1.931883 1.081735
1.932546 1.078885
1.925624 1.079797
1.926053 1.077995
1.919349 1.078092
1.919821 1.076142
1.913068 1.076533
1.913790 1.073554
1.908184 1.069399
1.818188 1.050487
1.819297 1.049534
1.812694 1.049207
1.806414 1.047622
1.800136 1.045969
1.793859 1.044330
1.755057 1.033436
1.751087 1.027931
1.675301 1.011897
1.674666 1.011877
1.945729 1.080384
1.932381 1.081910
1.938649 1.081651
1.910249 1.075934
1.907166 1.073595
1.901958 1.067978
0.553854 0.598590
0.549340 0.597045
0.612579 0.614663
0.618035 0.610399
0.610293 0.614319
0.560101 0.600728
0.557042 0.599661
1.121489 0.752698
1.119715 0.747344
1.053067 0.734212
1.121189 0.753182
1.119616 0.748148
1.051461 0.734355
2.297949 1.071785
2.296414 1.071245
2.298731 1.068814
2.160582 1.034533
2.160142 1.033556
2.056829 1.006493
2.304188 1.074027
2.302100 1.073297
2.305527 1.068967
2.159977 1.034899
2.159887 1.034946
2.159922 1.034765
2.057296 1.007160
2.310427 1.076293
2.308290 1.075523
2.159149 1.035245
2.057950 1.007920
2.060908 1.003045
3.000627 0.764083
2.992976 0.767816
2.993496 0.765547
2.986728 0.765717
2.986817 0.765341
2.980458 0.763964
2.979435 0.763683
2.980467 0.763924
2.993309 0.767960
3.000021 0.766713
3.610763 0.624510
3.610627 0.624408
3.611598 0.621385
3.472726 0.587301
3.471320 0.586764
3.611684 0.625238
3.476813 0.588817
3.558721 0.144346
0.287957 0.809836
0.275417 0.806337
0.087194 0.755433
0.284130 0.808882
0.281673 0.808304
0.279626 0.807665
0.281877 0.807483
0.270678 0.805246
0.269124 0.804919
0.269335 0.804074
0.093423 0.757863
0.089210 0.756214
0.266900 0.804773
0.093877 0.758047
0.761768 0.850679
0.498285 0.779000
0.394610 0.750949
0.391616 0.750296
0.392596 0.746571
0.360973 0.741859
0.360384 0.741192
0.355076 0.735933
0.907396 0.884817
0.900348 0.885972
0.893928 0.884812
0.887838 0.882438
0.881898 0.879512
0.876037 0.876294
0.870060 0.873504
0.863803 0.871745
0.857176 0.871349
0.843895 0.872882
0.850375 0.871594
0.843311 0.873043
0.806222 0.862700
0.806703 0.858815
0.769644 0.846480
0.761684 0.850663
0.761791 0.850600
0.749191 0.847742
0.744732 0.846082
0.743336 0.844163
0.738352 0.837717
0.496448 0.778994
0.498806 0.777443
0.386691 0.749344
0.385312 0.749068
0.386704 0.743875
0.379029 0.747537
0.372756 0.745829
0.366489 0.744020
0.361827 0.742629
0.360387 0.741586
0.354797 0.737371
1.627543 1.085573
1.326401 1.003907
1.325497 1.003549
0.907434 0.885065
0.900586 0.885485
0.894350 0.883645
0.888215 0.881438
0.882198 0.878799
0.876188 0.876131
0.850806 0.870402
0.843015 0.873171
0.843373 0.872973
0.807299 0.863522
0.806712 0.859178
0.801060 0.855193
0.755616 0.849561
0.762924 0.846836
0.755459 0.849531
0.754771 0.849333
0.749411 0.846993
0.743978 0.842208
0.494214 0.778965
0.499326 0.775977
1.628741 1.086011
1.328908 1.004989
0.901164 0.883793
0.894701 0.882791
0.888427 0.881097
0.882207 0.879206
0.876010 0.877228
0.869866 0.875055
0.857502 0.870989
0.850912 0.870458
0.839966 0.872922
0.843930 0.871365
0.806129 0.863786
0.805902 0.862610
1.633767 1.088034
1.632970 1.087680
1.634104 1.086692
1.332612 1.006611
1.332314 1.006467
1.636136 1.089101
1.641655 1.084120
0.559822 0.687668
0.678256 0.720193
0.676743 0.716995
0.558177 0.687752
0.556821 0.687494
0.557621 0.684468
0.550543 0.685862
0.544259 0.684343
1.723767 1.003581
1.717486 1.001984
1.327408 0.896132
1.329849 0.891524
1.191762 0.854427
1.185376 0.853145
1.030832 0.815993
0.677796 0.720638
0.676505 0.718309
1.962144 1.068630
1.875869 1.038804
1.865897 1.042175
1.868394 1.041534
1.861778 1.041199
1.855487 1.039744
1.747179 1.010088
1.742794 1.008044
1.736712 1.005644
1.730508 1.003691
1.724207 1.002094
1.714181 1.001170
1.717746 1.001086
1.711201 1.000454
1.704908 0.999045
1.327305 0.896635
1.329432 0.893460
1.198267 0.855690
1.191564 0.855573
1.185351 0.853651
1.030987 0.816604
2.251640 1.143418
2.244978 1.143153
2.238480 1.142278
2.232085 1.141030
2.225813 1.139325
2.219663 1.137172
2.213640 1.134552
2.207669 1.131738
2.201918 1.128118
1.976201 1.066516
1.968391 1.070741
1.963172 1.068975
1.968977 1.068319
1.906441 1.053645
1.905666 1.053525
1.906156 1.051655
1.852529 1.039079
1.856322 1.036771
1.849196 1.038321
1.842903 1.036941
1.743308 1.009571
1.742537 1.009462
1.742626 1.009061
1.736893 1.005375
1.731000 1.002274
1.724970 0.999679
1.718810 0.997569
1.712477 0.996087
1.702613 0.998577
1.705425 0.997257
1.698600 0.997909
1.328449 0.897534
1.328425 0.897516
1.328471 0.897444
2.264930 1.144466
2.257749 1.146107
2.250689 1.147661
2.251108 1.145763
2.244428 1.145749
2.244669 1.144674
2.238160 1.143958
2.238278 1.143410
2.231892 1.142172
2.231931 1.141983
2.225620 1.140435
2.225631 1.140385
2.219335 1.138901
2.219486 1.138216
2.213565 1.135218
2.207640 1.132234
2.201534 1.129925
2.195440 1.127564
1.982517 1.068469
1.974639 1.072864
1.971151 1.071676
1.975084 1.071041
1.900485 1.052589
1.899349 1.052540
1.900990 1.046303
1.850786 1.032785
1.841211 1.036580
1.843209 1.035885
1.738566 1.008860
1.736546 1.007092
1.730981 1.002788
1.725251 0.999092
1.706328 0.994378
1.696494 0.997500
1.699012 0.996515
2.263994 1.148332
2.256946 1.149638
2.252217 1.148162
2.257159 1.148702
2.215012 1.138113
2.213030 1.137730
2.213157 1.137147
2.207273 1.134014
2.201224 1.131491
2.195199 1.128881
1.979250 1.074447
1.981156 1.073930
0.586417 0.627335
0.580129 0.625840
0.573849 0.624244
0.567580 0.622462
0.561323 0.620512
0.594285 0.623451
0.587226 0.624646
0.580369 0.625099
0.573944 0.623958
0.567799 0.621784
0.562039 0.618199
1.129317 0.774949
1.127211 0.769343
1.050661 0.753696
1.050646 0.753698
1.050677 0.753578
1.129232 0.775477
1.127164 0.769933
1.049124 0.753843
2.292856 1.090522
2.171419 1.057605
2.168598 1.052023
2.045130 1.023473
2.299092 1.092798
2.297318 1.092141
2.170038 1.057749
2.168226 1.053782
2.045470 1.024095
2.305327 1.095146
2.302553 1.094100
2.168156 1.057800
2.167297 1.057834
2.167626 1.056416
2.046065 1.024829
2.049505 1.020220
2.307689 1.096070
0.634177 0.593117
0.629665 0.592187
0.579463 0.578757
0.573210 0.576732
0.571711 0.576235
0.573565 0.575355
1.116061 0.723859
1.058112 0.708198
1.057813 0.702107
0.626018 0.591458
0.581747 0.579503
0.586646 0.577210
1.115735 0.724301
1.056282 0.708242
1.056259 0.708239
1.056280 0.708154
2.337392 1.050435
2.328817 1.053144
2.329951 1.053039
2.141614 1.002677
2.140509 1.002255
2.068880 0.982900
2.337545 1.050269
2.328231 1.053511
2.330015 1.053197
2.147836 1.005242
2.144814 1.003963
2.068721 0.983411
2.337620 1.050424
2.328742 1.054214
2.329981 1.053755
2.148313 1.005495
2.422209 0.957024
2.422420 0.957618
2.422563 0.958237
2.469488 0.875298
2.472652 0.873945
2.479940 0.872315
2.472056 0.876593
2.471626 0.876415
2.472137 0.876247
2.868263 0.855465
2.805531 0.838361
2.802336 0.837180
2.644682 0.794574
2.642394 0.794433
2.868634 0.855618
2.811763 0.840763
2.807686 0.839152
2.806638 0.834446
2.642203 0.794451
2.872514 0.857233
2.812163 0.840937
2.811898 0.840314
2.802287 0.756091
2.801146 0.754677
2.793134 0.753617
2.795350 0.751219
2.931442 0.791511
2.933271 0.789314
2.800901 0.756243
2.800832 0.756229
2.800841 0.756197
2.794549 0.754696
2.791665 0.753748
2.794873 0.753373
2.932554 0.792421
2.932474 0.792351
2.932608 0.792188
3.720637 0.890578
3.110275 0.725194
3.112648 0.723560
3.720606 0.891056
3.720464 0.890607
3.715215 0.885804
3.709605 0.881662
3.108000 0.725143
3.113291 0.721629
3.715345 0.885723
3.715796 0.884511
3.447608 0.630086
3.441000 0.629618
3.435115 0.626489
3.429281 0.623174
3.336874 0.604135
3.340821 0.601721
3.601623 0.676200
3.448135 0.628541
3.441506 0.628153
3.435232 0.626458
3.429050 0.624425
3.422982 0.621969
3.416891 0.619599
3.337513 0.604854
3.340788 0.602260
3.603013 0.677140
3.612467 0.618166
3.468171 0.579010
3.612648 0.618241
3.613039 0.616078
3.550655 0.597807
3.543794 0.598271
3.537483 0.596711
3.532578 0.589976
3.474404 0.581380
3.469708 0.579617
3.469011 0.576062
3.613724 0.619081
3.551213 0.596184
3.544401 0.596471
3.537987 0.595289
3.532340 0.591289
0.270842 0.798359
0.088890 0.749205
0.268992 0.798078
0.095119 0.751656
0.090686 0.749902
0.266585 0.797979
0.095275 0.751719
0.707532 0.802232
0.530939 0.754224
0.948511 0.867586
0.952972 0.865775
0.945905 0.867362
0.713758 0.804697
0.709796 0.803079
0.707996 0.800700
0.702842 0.794879
0.529994 0.754507
1.322340 0.969312
1.321555 0.968913
0.953538 0.864094
0.945569 0.867324
0.945960 0.867200
0.713910 0.804756
0.713790 0.804597
0.708750 0.798358
1.656070 1.059829
1.323708 0.970029
1.322971 0.967252
0.943320 0.867300
0.946332 0.866279
1.657041 1.060632
1.325798 0.971173
1.659163 1.061786
1.263437 0.838237
1.140893 0.804933
1.138782 0.801133
1.041037 0.777946
1.313391 0.852067
1.302707 0.842673
1.295618 0.843978
1.288824 0.844195
1.282537 0.842546
1.276282 0.840782
1.269684 0.840346
1.268766 0.840009
1.269743 0.840064
1.140744 0.805423
1.138785 0.801525
1.039961 0.778199
2.286052 1.115722
2.022535 1.044536
2.021532 1.043952
2.022856 1.043122
1.312443 0.852368
1.308404 0.846920
1.302033 0.845582
1.295351 0.845387
1.288758 0.844867
1.282399 0.843488
1.275924 0.842607
1.275062 0.842273
1.275979 0.842328
2.287862 1.116438
2.181780 1.087771
2.180413 1.083304
2.023275 1.044942
2.292275 1.118207
2.291929 1.118070
2.292574 1.117071
2.181112 1.088134
2.180060 1.085014
2.024954 1.045957
2.030146 1.041894
2.296368 1.119839
2.180076 1.088437
2.179554 1.087325
0.633091 0.579219
0.589164 0.567461
0.630069 0.578579
0.626790 0.577950
0.627331 0.575763
0.621960 0.570738
0.595416 0.569511
0.590390 0.567858
0.596266 0.566159
1.114181 0.709923
1.047651 0.691944
1.047123 0.692069
1.047249 0.691408
0.624528 0.577642
0.621225 0.573876
0.615589 0.569834
0.609116 0.568871
0.599887 0.570988
0.601998 0.570282
1.114202 0.710468
1.046893 0.692289
2.071688 0.969718
2.070908 0.964972
2.348220 1.044960
2.352859 1.043073
2.145006 0.990238
2.144256 0.989842
2.146271 0.985434
2.071209 0.970105
2.070793 0.965783
2.347569 1.045315
2.353018 1.042891
2.145903 0.990840
2.070839 0.970567
2.070688 0.966603
2.347545 1.045879
2.352906 1.043741
2.410726 0.994206
2.411528 0.994939
2.411687 0.995541
2.428650 0.911778
2.429673 0.908613
2.428695 0.912353
2.429022 0.911438
2.523346 0.835812
2.523581 0.836215
2.524099 0.836922
2.806083 0.811147
2.881331 0.832125
2.878441 0.830892
2.882673 0.826846
2.807080 0.811606
2.807113 0.807491
2.744783 0.789022
2.738183 0.788526
2.731486 0.788387
2.719651 0.787981
2.724747 0.788405
2.714917 0.786702
2.711943 0.786129
2.712043 0.785585
2.706129 0.782566
2.700166 0.779725
2.694183 0.776959
2.687855 0.775460
2.680570 0.777688
2.681064 0.775668
2.674305 0.775850
2.673120 0.775408
2.674539 0.774896
2.881933 0.832369
2.809065 0.812685
2.744839 0.789238
2.738231 0.788775
2.731579 0.788471
2.718640 0.788263
2.724868 0.788382
2.707477 0.785248
2.705704 0.784556
2.699679 0.781946
2.693577 0.779617
2.686817 0.779840
2.686270 0.779522
2.686880 0.779477
3.002856 0.763298
3.008716 0.759095
3.005697 0.764596
3.007838 0.762729
3.212355 0.678340
3.356653 0.717448
3.350365 0.715970
3.344075 0.714512
3.206198 0.676751
3.206076 0.676720
3.206104 0.676613
3.199787 0.675244
3.610164 0.786436
3.450713 0.743717
3.447769 0.742554
3.377046 0.717120
3.343596 0.714409
3.344949 0.711315
3.337778 0.713212
3.195549 0.674419
3.200956 0.671189
3.193485 0.674017
3.611837 0.787428
3.451474 0.744119
3.619265 0.593066
3.594176 0.586171
3.462410 0.550699
3.620502 0.593513
3.591620 0.585710
3.587858 0.585194
3.515127 0.565044
3.513159 0.562293
3.463063 0.550981
3.462817 0.549281
3.622578 0.594646
0.184293 0.869462
0.178006 0.867971
0.140366 0.857711
0.204619 0.869183
0.197909 0.869095
0.191251 0.868811
0.184627 0.868403
0.177073 0.867742
0.178044 0.867844
0.171719 0.866474
0.165437 0.864899
0.159159 0.863261
0.152888 0.861520
0.146623 0.859683
0.143227 0.858596
0.140604 0.856918
0.135309 0.851621
0.198297 0.868087
0.191752 0.867388
0.185213 0.866665
0.178705 0.865835
0.172239 0.864847
0.165840 0.863606
0.159491 0.862193
0.153300 0.860190
0.147257 0.857645
0.141458 0.854201
0.272546 0.792024
0.090594 0.742870
0.088390 0.742044
0.270229 0.791700
0.096823 0.745307
0.093157 0.743859
0.311813 0.796866
0.267577 0.791539
0.266205 0.791404
0.693808 0.778336
0.692920 0.777859
0.533224 0.734701
0.977572 0.855299
0.983725 0.851724
0.976094 0.855421
0.695158 0.778993
0.694318 0.776677
0.532147 0.734962
1.666240 1.042087
1.316073 0.947292
0.983782 0.851926
0.976029 0.855424
0.976107 0.855389
1.664270 1.041907
1.321123 0.949465
1.319167 0.948676
1.666175 1.043111
1.665381 1.042758
0.560510 0.681139
0.558541 0.680905
0.559383 0.677579
1.179655 0.849182
1.030582 0.808690
0.673841 0.712289
0.671963 0.709797
0.666695 0.704401
0.555147 0.680225
0.552240 0.679649
0.552878 0.677142
1.330523 0.890261
1.212249 0.853385
1.205394 0.853826
1.198457 0.854587
1.198370 0.854548
1.198465 0.854543
1.180604 0.849747
1.179811 0.848836
1.029942 0.809041
0.672260 0.712438
0.671581 0.711645
1.976391 1.065761
1.907958 1.046828
1.907393 1.046831
1.907481 1.046393
1.902215 1.040985
1.876790 1.038404
1.883345 1.036071
1.876033 1.038217
1.869744 1.036716
1.863458 1.035212
1.331008 0.890926
1.212009 0.854685
1.200642 0.855713
1.205089 0.855368
1.181820 0.850630
1.180099 0.848196
1.029960 0.809621
1.030210 0.804994
2.264965 1.144321
2.265874 1.140602
2.258721 1.142174
2.258086 1.141960
2.258816 1.141789
2.198698 1.125910
2.195972 1.125330
2.196332 1.123886
2.190481 1.120632
2.184921 1.116307
1.982629 1.068022
1.977391 1.066105
1.983393 1.064831
1.905789 1.046758
1.901062 1.046033
1.901694 1.043287
1.896145 1.038923
1.860082 1.034408
1.863982 1.033367
1.857166 1.033803
1.719117 0.996816
1.712849 0.995012
1.331648 0.891681
2.265142 1.144388
2.272416 1.141695
2.191844 1.124584
2.189928 1.123064
2.184735 1.117387
1.983134 1.068204
1.989862 1.066225
1.901012 1.046023
1.895289 1.042496
1.889935 1.037419
1.851335 1.032606
1.857931 1.031278
1.850866 1.032535
1.721493 0.997543
1.719177 0.996660
1.709777 0.994380
1.713027 0.994508
2.271196 1.146723
2.270147 1.146296
2.271447 1.145687
2.191803 1.125137
2.189990 1.123263
1.996670 1.066409
1.988865 1.070368
1.988638 1.070276
1.988913 1.070169
0.557274 0.585715
0.627568 0.604759
0.626275 0.604594
0.563521 0.587834
0.557936 0.585940
1.057684 0.721510
0.623317 0.604146
0.619962 0.603529
0.569774 0.589882
0.566408 0.588775
0.570807 0.585929
1.117206 0.738119
1.116447 0.734582
1.055374 0.721415
2.307630 1.060813
2.150777 1.018407
1.116961 0.738629
1.116296 0.735585
2.307856 1.060907
2.315338 1.057253
2.151060 1.018532
2.150846 1.018186
2.146020 1.011158
2.063550 0.994884
2.313855 1.063272
2.311809 1.062497
2.314532 1.060612
2.152429 1.019439
2.151290 1.016960
2.064162 0.995596
2.316128 1.064224
2.152801 1.020118
2.151513 1.016583
2.426037 0.944632
2.426524 0.945776
2.426301 0.945248
2.484916 0.866041
2.489302 0.862228
2.487996 0.867559
2.487362 0.867248
2.488272 0.866435
2.838079 0.867335
2.635219 0.812156
2.638243 0.809363
2.851554 0.867434
2.844339 0.869247
2.843143 0.868864
2.844396 0.868993
2.831832 0.865808
2.831794 0.865801
2.831795 0.865794
2.825775 0.863167
2.820312 0.858483
2.631772 0.811760
2.631006 0.811810
2.858164 0.868319
2.847330 0.870554
2.851014 0.869843
2.828921 0.865582
2.825816 0.863442
2.820489 0.858266
2.729500 0.756562
2.733882 0.754380
2.726745 0.755985
2.721215 0.754322
2.720582 0.753755
2.715762 0.746704
2.914945 0.807228
2.914805 0.807152
2.915002 0.806992
2.917099 0.808322
3.087723 0.740946
3.075721 0.742708
3.080643 0.742219
3.073901 0.742343
3.081235 0.740459
3.070723 0.741906
3.074287 0.741241
3.067584 0.741368
3.442777 0.747688
3.348666 0.722238
3.214519 0.685714
3.210638 0.684885
3.211996 0.679721
3.204370 0.683088
3.198098 0.681348
3.191812 0.679848
3.185524 0.678382
3.610423 0.793219
3.444605 0.748411
3.343346 0.721052
3.342372 0.720850
3.343381 0.717090
3.192978 0.675763
3.184134 0.678045
3.185674 0.677856
3.179239 0.676866
3.612119 0.794420
3.611786 0.794124
3.446350 0.749442
3.450103 0.746112
3.337154 0.719957
3.599884 0.702582
3.333107 0.630638
3.332365 0.630300
3.601119 0.703459
0.245084 0.872694
0.251708 0.869379
0.244132 0.872604
0.131174 0.842476
0.128310 0.841143
0.125923 0.836588
0.240899 0.872116
0.244614 0.871119
0.131228 0.842498
0.131187 0.842436
0.126593 0.834558
0.274241 0.785815
0.092303 0.736449
0.091668 0.736216
0.092821 0.734495
0.326000 0.793801
0.319322 0.793594
0.311837 0.796756
0.313387 0.790648
0.272184 0.785516
0.098533 0.738842
0.096529 0.738060
0.099984 0.733319
0.344568 0.800246
0.338102 0.799257
0.331699 0.798037
0.325279 0.796878
0.312186 0.796878
0.318633 0.796552
0.311633 0.796730
0.268587 0.785104
0.267910 0.785020
1.373781 1.077739
1.367148 1.077363
1.361079 1.074911
1.373074 1.080732
1.366846 1.078867
1.361000 1.075596
1.379715 1.081503
1.372679 1.082613
1.366627 1.080102
1.361032 1.075909
0.055714 0.672552
0.018060 0.662517
0.011800 0.660606
0.403331 0.766736
0.400769 0.766173
0.401745 0.762481
0.394502 0.764378
0.388228 0.762690
0.381934 0.761287
0.375651 0.759721
0.369390 0.757834
0.367265 0.756987
0.051420 0.671639
0.049421 0.671158
0.049472 0.670927
0.043146 0.669478
0.043222 0.669142
0.036872 0.667783
0.036960 0.667402
0.030597 0.666091
0.030708 0.665625
0.024327 0.664348
0.022848 0.663920
0.024375 0.664145
0.828905 0.876255
0.822162 0.876291
0.815923 0.874464
0.479979 0.787967
0.482950 0.786233
0.382821 0.758168
0.375876 0.758938
0.370151 0.755226
0.828980 0.876374
0.822376 0.875890
0.816332 0.873349
0.479936 0.788522
0.483068 0.786234
1.624117 1.098520
1.619232 1.096869
1.523231 1.070924
1.518646 1.065068
1.512615 1.062476
1.503108 1.065486
1.505531 1.063766
1.329242 1.018676
1.327801 1.018113
1.626074 1.099240
1.522162 1.071166
1.518478 1.066089
1.512587 1.062979
1.503214 1.066048
1.505434 1.064523
1.331775 1.019738
1.627745 1.100251
1.520444 1.071272
1.518147 1.067747
1.512697 1.063015
1.503032 1.066571
1.505433 1.064968
0.555688 0.666308
0.650800 0.692114
0.649792 0.691883
0.649835 0.691693
0.643498 0.690497
0.643762 0.689256
0.637588 0.687189
0.631380 0.685250
0.625142 0.683419
0.618787 0.682026
0.612129 0.681993
0.612356 0.680908
0.605872 0.680012
0.605935 0.679753
0.599591 0.678420
0.599893 0.677201
0.594182 0.673428
0.588331 0.670176
0.554534 0.666097
0.549386 0.665054
1.226972 0.848508
1.033321 0.796002
0.640222 0.689787
0.637203 0.689127
0.637305 0.688632
0.631120 0.686611
0.624886 0.684766
0.614676 0.682886
0.618529 0.683376
0.612105 0.682380
0.593293 0.677111
0.593293 0.677111
0.593293 0.677111
0.587707 0.672884
0.582311 0.667958
0.547106 0.664636
1.331760 0.877167
1.227889 0.849100
1.234397 0.846223
1.170456 0.834018
1.168308 0.833001
1.164802 0.829707
1.159284 0.825230
1.032780 0.796388
1.032429 0.796671
1.998606 1.058381
1.331474 0.877633
1.227656 0.849593
1.234437 0.846504
1.170857 0.834254
1.170537 0.833819
1.164823 0.830065
1.159068 0.826458
2.277109 1.133674
2.182676 1.108152
1.998810 1.058468
2.006279 1.054952
2.280894 1.135450
2.279617 1.134875
2.281835 1.131814
2.182571 1.108658
2.004817 1.061144
2.002560 1.060033
2.005420 1.058533
2.283029 1.136359
2.183702 1.109535
0.608635 0.619911
0.552162 0.604739
0.549367 0.603767
1.054068 0.740791
0.604574 0.619211
0.609630 0.616548
0.602321 0.618863
0.558410 0.606865
0.556799 0.606305
1.123946 0.760073
1.123382 0.758640
1.052177 0.740683
1.123675 0.760560
1.123255 0.759536
1.050633 0.740838
2.296243 1.078156
2.163567 1.042054
2.053268 1.012245
2.302484 1.080363
2.299297 1.079251
2.162620 1.042323
2.053706 1.012901
2.308725 1.082611
2.305761 1.081548
2.161683 1.042637
2.159622 1.036307
2.054290 1.013637
1.044276 0.677405
1.108947 0.695081
1.107697 0.692004
1.044250 0.677810
1.043981 0.677526
1.110777 0.696126
1.108331 0.690091
1.044667 0.678273
1.045006 0.675294
2.147862 0.976877
2.070067 0.955850
2.388326 1.036464
2.380544 1.040485
2.378846 1.039809
2.380782 1.039444
2.148409 0.977625
2.148156 0.977472
2.069126 0.956121
2.068039 0.951131
2.386767 1.043018
2.382701 1.041384
2.387666 1.039298
2.149255 0.978329
2.149816 0.972812
2.068950 0.956643
2.067775 0.952541
2.386956 1.043107
2.457387 0.880560
2.449134 0.883225
2.450039 0.882817
2.457088 0.882064
2.449833 0.884072
2.449492 0.883856
2.449906 0.883709
2.463838 0.882457
2.452145 0.885153
2.456579 0.884384
2.802675 0.823826
2.871686 0.842552
2.871086 0.842332
2.872227 0.840516
2.802777 0.823870
2.659437 0.785135
2.666201 0.780802
2.658349 0.785148
2.877904 0.845135
2.875238 0.843980
2.808883 0.826606
2.806610 0.825440
2.665737 0.782932
2.656177 0.784810
2.658448 0.784976
2.645776 0.782175
2.878706 0.845492
2.699318 0.707856
2.667944 0.699424
2.696794 0.707441
2.693003 0.706802
2.686734 0.705012
2.680470 0.703159
2.682112 0.697013
2.674204 0.701337
2.674161 0.701324
2.674285 0.701034
2.946438 0.775428
2.947816 0.776374
2.951446 0.772431
3.380298 0.779543
3.373489 0.779814
3.367232 0.778055
3.361537 0.774227
3.130590 0.717260
3.134885 0.716076
3.127995 0.716927
3.705174 0.873573
3.698917 0.871594
3.692644 0.869883
3.686356 0.868407
3.667560 0.862900
3.667475 0.862860
3.662322 0.857377
3.656589 0.853690
3.379797 0.781789
3.373042 0.781861
3.366946 0.779514
3.361394 0.775160
3.135309 0.714954
3.126641 0.716764
3.128189 0.716369
3.705292 0.873620
3.705211 0.873450
3.699419 0.869981
3.692947 0.869011
3.685036 0.868149
3.686409 0.868286
3.671791 0.864570
3.668119 0.861245
3.662723 0.856319
3.228827 0.642369
3.310376 0.664652
3.310239 0.664588
3.310465 0.664304
3.272720 0.654660
3.269640 0.653619
3.267627 0.648452
3.224466 0.641414
3.230333 0.636991
3.222533 0.640998
3.603600 0.744388
3.314004 0.666164
3.317895 0.662174
3.276167 0.655947
3.274285 0.649175
3.605194 0.745408
3.605130 0.745371
3.458329 0.623533
3.463992 0.619346
3.603076 0.663170
3.460854 0.624751
3.462908 0.623742
3.604088 0.664018
3.557703 0.596572
3.532601 0.589877
3.614158 0.612020
3.613776 0.611832
3.571804 0.594327
3.564916 0.594891
3.556796 0.596436
3.557839 0.596154
3.532526 0.589878
3.527951 0.582217
3.469847 0.573108
3.468343 0.572537
3.615812 0.612937
3.565194 0.594300
3.552923 0.595955
3.558224 0.595169
3.531794 0.590251
0.122069 0.832223
0.120920 0.829817
0.253411 0.868232
0.252099 0.868118
0.124077 0.833288
0.121588 0.827752
0.250193 0.867918
0.126597 0.834548
0.126580 0.834538
0.094011 0.730039
0.326124 0.793252
0.313575 0.789867
0.275928 0.779726
0.100247 0.732328
0.094968 0.730394
0.352824 0.794224
0.344913 0.798848
0.345888 0.794964
0.338647 0.797037
0.339365 0.794187
0.332382 0.795193
0.327623 0.793784
0.332775 0.793651
0.313168 0.789878
0.313702 0.789489
0.275244 0.779631
0.276414 0.778005
0.100475 0.732417
1.373840 1.077461
0.358576 0.798260
0.351174 0.800780
0.349072 0.800133
0.351338 0.800116
0.311335 0.789942
0.314272 0.787819
0.270569 0.778933
0.277207 0.775517
0.269605 0.778840
1.374116 1.077622
1.381190 1.075252
1.358049 1.073279
1.355322 1.071310
1.350264 1.065139
1.380060 1.079987
1.378584 1.079353
1.380335 1.078795
1.358358 1.073888
1.355440 1.071272
1.425654 1.085933
1.418611 1.087067
1.411388 1.089179
1.412107 1.086222
1.405120 1.087378
1.405815 1.084590
1.398840 1.085790
1.399915 1.081519
1.393526 1.080248
1.386307 1.082121
1.383694 1.081294
1.386496 1.081331
1.359514 1.074764
1.355696 1.070763
0.530651 0.747432
0.967958 0.860186
0.958954 0.863694
0.960426 0.863126
0.702935 0.794604
0.702441 0.794381
0.698303 0.786797
0.530014 0.747803
1.319822 0.961731
1.318853 0.957210
0.955548 0.863310
0.961141 0.860898
0.706549 0.796062
0.703825 0.791702
1.658912 1.053884
1.323987 0.963894
1.321591 0.962748
1.660053 1.054737
1.324363 0.964080
1.324239 0.963032
1.661806 1.055794
1.663642 1.052778
1.302761 0.842434
1.136020 0.796901
1.134121 0.793494
1.043902 0.772007
1.309804 0.844385
1.309029 0.844249
1.304962 0.843077
1.309220 0.843487
1.136397 0.797538
1.134251 0.793424
1.042525 0.772184
2.028873 1.039221
2.031114 1.037512
2.293990 1.111675
2.291683 1.110758
2.179647 1.080482
2.176425 1.073184
2.030482 1.040387
2.030030 1.040056
2.030679 1.039503
2.295715 1.112382
2.178728 1.080781
2.176050 1.074986
2.031312 1.040966
2.300213 1.114211
2.299934 1.114094
2.300577 1.112840
2.177027 1.080907
2.175462 1.077603
1.110415 0.681837
1.109459 0.681795
1.111649 0.677450
1.046797 0.664864
1.048575 0.661722
1.109481 0.682362
1.111599 0.678070
1.046911 0.665466
1.048518 0.662375
2.147939 0.963468
2.069533 0.942278
2.394150 1.030518
2.147694 0.963926
2.067841 0.942353
2.396466 1.031736
2.396280 1.031633
2.396578 1.031285
2.148623 0.964744
2.067120 0.942736
2.398342 1.032769
2.418356 0.969411
2.418787 0.970057
2.418941 0.970671
2.460053 0.879462
2.464910 0.877653
2.464064 0.881468
2.461586 0.880413
2.464571 0.879307
2.465057 0.881934
2.532644 0.824719
2.533622 0.822634
2.531523 0.824940
2.534601 0.819424
2.530282 0.825179
2.898801 0.817053
2.891030 0.820874
2.890965 0.820849
2.891051 0.820792
2.805942 0.797873
2.804124 0.793699
2.798559 0.789390
2.765634 0.786981
2.772897 0.784691
2.897244 0.823548
2.894905 0.822454
2.897990 0.820447
2.806889 0.798681
2.804051 0.794390
2.798435 0.790274
2.786026 0.786372
2.779475 0.785694
2.766790 0.787851
2.772587 0.786262
3.038502 0.748606
3.027446 0.749802
3.031527 0.749491
3.039002 0.747175
3.025237 0.749746
3.031868 0.748644
3.024855 0.749767
3.165172 0.692520
3.168913 0.689575
3.161612 0.691969
3.617467 0.815266
3.614602 0.809517
3.421283 0.762246
3.426101 0.759669
3.353701 0.743984
3.349804 0.743352
3.351137 0.738125
3.160654 0.691830
3.162086 0.690313
3.619560 0.816774
3.618613 0.816099
3.614917 0.808753
3.422683 0.763174
3.425748 0.761383
3.348746 0.743206
3.345033 0.736233
3.619930 0.817028
3.619659 0.816526
3.321767 0.647231
3.600253 0.722823
3.334264 0.651459
3.328009 0.649439
3.325884 0.648680
3.329468 0.643927
3.258984 0.630948
3.252715 0.629174
3.246438 0.627529
3.602261 0.723895
3.335952 0.651972
3.464250 0.618341
3.464912 0.618598
3.603842 0.656666
3.467803 0.619919
3.471675 0.616266
3.603844 0.575384
3.501897 0.547517
3.497842 0.543900
3.492349 0.539328
3.463254 0.537073
3.627423 0.581960
3.601527 0.574965
3.604596 0.572770
3.499328 0.547359
3.497500 0.545563
3.492174 0.540381
3.463507 0.537684
2.846736 0.187459
2.840467 0.185681
0.211086 0.870013
0.244018 0.872895
0.237280 0.872906
0.230741 0.872191
0.224332 0.870990
0.217805 0.870228
0.208171 0.869433
0.211223 0.869663
0.204778 0.868862
0.135763 0.850200
0.133627 0.849291
0.130464 0.844663
0.237488 0.872565
0.230936 0.871891
0.224503 0.870779
0.217988 0.869971
0.211423 0.869348
0.202569 0.868472
0.204875 0.868663
0.198475 0.867660
0.137968 0.851025
0.136094 0.849161
0.352912 0.793873
0.346656 0.791908
0.321554 0.785211
0.101956 0.725907
0.098181 0.724548
0.367030 0.791506
0.359168 0.795854
0.353487 0.794060
0.359873 0.793066
0.329121 0.782311
0.320750 0.785215
0.321645 0.785039
0.280481 0.774335
0.285276 0.770169
0.103761 0.726595
0.373388 0.793321
0.362007 0.796918
0.366027 0.795624
0.318208 0.785091
0.322144 0.783633
0.278995 0.774502
0.285335 0.770390
1.439842 1.082472
1.433252 1.081936
1.426595 1.081653
1.420106 1.080746
1.413926 1.078705
1.407882 1.076163
1.402068 1.072770
1.383686 1.073494
1.389266 1.070315
1.350413 1.064841
1.349655 1.064297
1.345831 1.056658
1.439679 1.083457
1.432928 1.083519
1.425658 1.085917
1.426104 1.083849
1.419413 1.083744
1.419494 1.083387
1.413136 1.082090
1.413313 1.081352
1.406857 1.080464
1.407192 1.079092
1.400576 1.078888
1.401259 1.076143
1.394308 1.077093
1.394830 1.075019
1.388045 1.075224
1.387611 1.075081
1.388123 1.074916
1.350805 1.065137
1.350533 1.064542
1.439561 1.084324
1.425680 1.085926
1.432631 1.085042
1.352454 1.066150
1.351186 1.062573
0.810787 0.843703
0.804522 0.841889
0.798242 0.840274
0.791970 0.838539
0.524920 0.766025
0.389267 0.729364
0.366110 0.723107
0.372396 0.721756
0.365343 0.722991
0.937894 0.871703
0.927312 0.875284
0.930486 0.874184
0.923688 0.874744
0.817030 0.845892
0.811860 0.844082
0.811105 0.842598
0.805319 0.839109
0.798728 0.838579
0.788439 0.837753
0.792408 0.837050
0.785678 0.837115
0.729191 0.822170
0.726246 0.820947
0.723625 0.817543
0.524278 0.766381
0.385844 0.728990
0.384127 0.728729
0.385817 0.722353
0.372482 0.721858
0.361723 0.722475
0.365796 0.721680
0.359027 0.721999
1.325225 0.983394
1.324970 0.983264
0.931319 0.871514
0.923081 0.874669
0.923830 0.874290
0.823275 0.848071
0.818606 0.846448
0.817876 0.842877
0.780527 0.836162
0.786923 0.832865
0.779369 0.835997
0.730320 0.822603
0.729406 0.821476
0.724256 0.815650
1.648070 1.071094
1.327293 0.984418
1.326186 0.980204
0.921695 0.874872
0.924246 0.873201
1.651411 1.072654
1.650918 1.072397
1.652101 1.070022
1.330067 0.985738
1.653448 1.073654
0.622242 0.569554
0.620457 0.569270
0.615935 0.568373
0.616338 0.566644
0.609662 0.566656
0.610204 0.564430
0.603404 0.564701
0.602784 0.564494
0.603493 0.564348
1.113215 0.702949
1.112375 0.699577
1.045150 0.684555
1.044044 0.678405
1.113469 0.703561
1.112605 0.699143
1.044803 0.685017
2.146736 0.983485
2.070743 0.962747
2.373726 1.040632
2.367085 1.040286
2.357752 1.040822
2.360359 1.040259
2.146902 0.983846
2.147592 0.980570
2.070624 0.963237
2.380233 1.041870
2.373443 1.042073
2.367017 1.040937
2.356728 1.041078
2.360386 1.040558
2.147957 0.984686
2.070582 0.963790
2.386727 1.043197
2.379846 1.043734
2.373292 1.043070
2.366844 1.042015
2.357307 1.041807
2.360241 1.041531
2.414601 0.981824
2.415154 0.982498
2.415371 0.983122
2.430532 0.905067
2.430530 0.905054
2.430543 0.905021
2.430691 0.905619
2.431031 0.906277
2.527600 0.830591
2.527128 0.831033
2.883067 0.825304
2.688580 0.772551
2.883995 0.825679
2.807737 0.805571
2.807178 0.804919
2.765526 0.787035
2.758100 0.789585
2.750329 0.789557
2.751379 0.789533
2.889288 0.827824
2.888157 0.827340
2.889627 0.826443
2.807799 0.805635
2.807779 0.805454
2.765289 0.788335
2.758194 0.789660
2.748437 0.789603
2.751478 0.789594
3.020151 0.754544
3.024104 0.752028
3.017273 0.754303
3.024736 0.750111
3.016883 0.754317
3.159994 0.697835
3.159940 0.697827
3.624164 0.824265
3.619101 0.817753
3.412476 0.766579
3.418267 0.763715
3.356654 0.751494
3.354393 0.751086
3.355164 0.748093
3.156248 0.697349
3.153607 0.697077
3.624282 0.824341
3.624192 0.824193
3.619353 0.817218
3.414239 0.767601
3.417853 0.765656
3.351708 0.750714
3.349424 0.744859
3.625278 0.825179
3.624453 0.823668
3.595860 0.580120
3.503264 0.548734
3.461223 0.543239
3.625304 0.588099
3.595690 0.580098
3.595938 0.579853
3.508511 0.556548
3.508016 0.556488
3.508110 0.556088
3.502847 0.550669
3.464088 0.544803
3.462249 0.544052
2.848439 0.181138
2.842167 0.179417
0.118237 0.824473
0.116558 0.821082
0.255455 0.862072
0.253787 0.862042
0.122032 0.826418
0.120484 0.825607
0.117275 0.818836
0.253162 0.862013
0.122698 0.826783
0.122261 0.825720
0.367161 0.790979
0.360906 0.789006
0.335812 0.782183
0.285601 0.768873
0.103670 0.719406
0.102416 0.718979
0.104149 0.717577
0.373398 0.793279
0.367947 0.791255
0.374194 0.789926
0.330474 0.781130
0.336726 0.779103
0.329504 0.781009
0.286510 0.769252
0.109909 0.721672
0.108642 0.721205
0.110468 0.719517
0.373450 0.793301
0.380618 0.791499
0.326989 0.780755
0.329906 0.779851
0.286330 0.769776
1.460358 1.081318
1.453250 1.082693
1.442868 1.082775
1.446389 1.083159
1.397754 1.070582
1.396049 1.070162
1.394582 1.069725
1.396152 1.069756
1.345857 1.056575
1.345772 1.056534
1.453416 1.082476
1.442628 1.083233
1.446547 1.082967
1.347902 1.057641
1.346355 1.055127
1.604590 1.121383
1.598346 1.119579
1.592089 1.117822
1.453470 1.082701
1.442920 1.083874
1.446522 1.083487
1.350109 1.058809
1.347358 1.051881
1.604284 1.122961
1.597797 1.122053
1.591495 1.120460
1.585348 1.118299
0.534098 0.721403
0.689063 0.763388
0.533581 0.721373
1.006190 0.849605
1.004595 0.849558
0.690897 0.764655
0.690142 0.764219
0.532430 0.721624
1.672818 1.030277
1.319910 0.934904
1.003391 0.849397
1.004894 0.848585
1.670029 1.030039
1.669600 1.030148
1.322039 0.936034
1.669571 1.030620
1.669006 1.030320
0.622286 0.610046
0.625717 0.606512
0.555559 0.592220
0.552520 0.591190
0.556931 0.587014
0.618883 0.609656
0.618276 0.609567
0.561808 0.594329
0.560561 0.593904
0.562338 0.592313
1.119119 0.745347
1.054126 0.727788
1.118971 0.745877
2.305900 1.067543
2.301530 1.065912
2.307564 1.061081
2.156601 1.026743
2.155703 1.025104
2.060201 1.000692
2.062393 0.996717
2.306486 1.067770
2.156284 1.027191
2.155643 1.025724
2.061182 1.001865
2.060721 1.001376
2.061736 0.999546
2.312136 1.069858
2.312095 1.069842
2.312166 1.069747
2.155840 1.027645
2.155486 1.026747
2.061495 1.002170
1.106804 0.687790
1.044779 0.671030
1.108660 0.688991
1.107967 0.688660
1.045395 0.671763
2.388540 1.035577
2.148024 0.970206
2.069947 0.949103
2.068562 0.949039
2.069632 0.944867
2.389156 1.035882
2.148321 0.970806
2.067763 0.949042
2.390826 1.036869
2.150075 0.971913
2.149786 0.971765
2.067249 0.949477
2.393269 1.038106
2.395439 1.035922
2.420263 0.963212
2.420559 0.963826
2.420682 0.964436
2.480037 0.871906
2.477800 0.870831
2.480698 0.869114
2.480319 0.872054
2.666348 0.780167
2.874453 0.836527
2.805666 0.817938
2.718168 0.787834
2.666725 0.780392
2.879613 0.838719
2.878101 0.838044
2.880892 0.833803
2.808071 0.819126
2.718174 0.788234
2.711841 0.786754
2.680201 0.779273
2.668720 0.781490
2.673585 0.778837
2.881393 0.839511
2.682176 0.696773
2.675903 0.695063
2.669632 0.693323
2.663369 0.691460
2.950690 0.769343
2.952696 0.766995
2.696229 0.700575
2.694717 0.700285
2.695203 0.698405
2.688444 0.698570
2.682380 0.696834
2.688872 0.696920
2.951924 0.770326
2.951697 0.770138
2.952050 0.769764
2.965988 0.768486
2.953649 0.771244
2.959356 0.768109
3.120065 0.720825
3.127659 0.717883
3.118156 0.720613
3.120466 0.719572
3.709760 0.881347
3.707985 0.880521
3.704387 0.876076
3.698672 0.872320
3.692519 0.870179
3.686216 0.868590
3.679822 0.867337
3.673518 0.865747
3.667551 0.862921
3.115344 0.720419
3.120982 0.718108
3.710645 0.881775
3.709985 0.880664
3.679973 0.867190
3.673648 0.865680
3.714754 0.883468
3.220844 0.647091
3.603553 0.750750
3.304339 0.669707
3.277288 0.662721
3.272679 0.661152
3.271564 0.658753
3.220041 0.646929
3.221334 0.645333
3.214543 0.645828
3.604505 0.751344
3.604052 0.749166
3.307676 0.671163
3.309011 0.670079
3.279089 0.663443
3.277960 0.660433
3.212488 0.645460
3.215866 0.641105
3.606212 0.752370
3.605140 0.745595
3.330241 0.616226
3.328107 0.615195
3.600020 0.689288
3.599715 0.689110
3.330608 0.616406
3.602262 0.690352
0.256115 0.841595
0.108348 0.801864
0.107265 0.801366
0.103715 0.793969
0.253533 0.841420
0.252610 0.841552
0.109996 0.802646
0.108890 0.800124
0.252160 0.841622
0.253085 0.839955
0.105385 0.712901
0.307803 0.761227
0.294812 0.759466
0.111625 0.715129
0.107276 0.713579
0.389033 0.784885
0.381398 0.788261
0.380421 0.787914
0.381587 0.787505
0.339317 0.776808
0.337461 0.776694
0.291401 0.763863
0.294433 0.761253
0.113493 0.715806
-0.018749 0.674589
1.341287 1.048548
0.395237 0.787271
0.385580 0.789870
0.388023 0.789032
0.336266 0.776553
0.337971 0.774959
0.292013 0.764605
0.294313 0.762139
1.461345 1.081055
1.467658 1.079235
1.460463 1.081273
1.341441 1.048650
1.341314 1.048491
1.612043 1.118325
1.604737 1.120757
1.605685 1.116938
1.598462 1.119088
1.599605 1.114528
1.592186 1.117415
1.593588 1.111886
1.467641 1.079689
1.460343 1.081308
1.460476 1.081275
1.344173 1.049924
1.342049 1.046190
1.606748 1.121413
1.611309 1.121442
1.589406 1.116729
1.585903 1.115864
1.586010 1.115412
1.580730 1.110057
1.474504 1.079649
1.467491 1.080675
1.460419 1.081993
1.460185 1.081829
1.460457 1.081775
1.347487 1.051451
1.347225 1.051325
1.608908 1.122583
1.611281 1.122001
1.581125 1.115081
1.579774 1.114026
0.690747 0.770558
0.690017 0.767313
0.533749 0.728131
0.533755 0.722746
1.004173 0.850822
0.997082 0.852140
0.987878 0.851370
0.990575 0.851301
0.692322 0.771517
0.690620 0.765497
0.532620 0.728382
0.532637 0.727287
1.667923 1.036055
1.317577 0.940986
0.997538 0.850871
0.986284 0.851485
0.990804 0.850872
0.984044 0.851237
1.667185 1.035982
1.668996 1.032201
1.322815 0.943324
1.320107 0.942220
1.667875 1.036831
1.667223 1.036546
1.047256 0.766104
1.310761 0.837476
1.133097 0.789398
1.046900 0.766104
1.048234 0.762573
1.133304 0.789994
1.045231 0.766207
2.176506 1.072794
2.035246 1.034229
2.040078 1.029296
2.295698 1.105273
2.294451 1.104792
2.176292 1.072863
2.035929 1.034939
2.039778 1.030798
2.301923 1.107766
2.298867 1.106523
2.175124 1.073099
2.171667 1.066332
2.036766 1.035731
2.039381 1.032692
2.303066 1.108234
1.057356 0.653892
1.114690 0.669785
1.114549 0.666774
1.056252 0.653997
1.057678 0.653004
2.130153 0.945092
2.123872 0.943491
2.117596 0.941828
2.111323 0.940118
2.105052 0.938380
2.098781 0.936645
2.092506 0.934953
2.086227 0.933333
2.079955 0.931606
2.073682 0.929901
1.114983 0.670435
1.115021 0.665477
2.399915 1.018405
2.145598 0.949407
2.142921 0.947781
2.136706 0.945867
2.130332 0.944535
2.123937 0.943286
2.117614 0.941771
2.111365 0.939984
2.105168 0.938006
2.098969 0.936029
2.092707 0.934291
2.086286 0.933136
2.080108 0.931085
2.072821 0.929739
2.073862 0.929287
2.401275 1.019018
2.145169 0.949822
2.143074 0.947615
2.137070 0.944925
2.130804 0.943201
2.124491 0.941652
2.118220 0.939942
2.112032 0.937930
2.105917 0.935652
2.099835 0.933248
2.093729 0.930933
2.087468 0.929191
2.081540 0.926221
2.069744 0.929447
2.075281 0.924472
2.403795 1.020244
2.145171 0.950398
2.143297 0.947238
2.137507 0.943761
2.131278 0.941901
2.125048 0.940046
2.118889 0.937930
2.112824 0.935463
2.069074 0.929851
2.404884 1.021124
2.428193 0.931790
2.428853 0.932520
2.518557 0.841570
2.523180 0.836674
2.520025 0.842529
2.522614 0.839190
2.583235 0.813530
2.576684 0.812853
2.570583 0.810516
2.557085 0.811181
2.563963 0.810095
2.556943 0.811160
2.589563 0.815426
2.581997 0.818613
2.582305 0.817353
2.575724 0.816909
2.575946 0.815970
2.570296 0.811977
2.564038 0.810223
2.554326 0.810969
2.557277 0.810321
2.550618 0.810283
2.587104 0.820404
2.588422 0.820076
2.736429 0.744981
2.800709 0.756286
2.794392 0.754749
2.735615 0.744785
2.730145 0.743423
2.730777 0.741012
2.723874 0.741677
2.721619 0.741003
2.724129 0.740689
2.926439 0.796871
2.800816 0.756286
2.794217 0.755788
2.927823 0.797802
3.097112 0.735062
3.096115 0.735005
3.093534 0.734651
3.096784 0.732804
3.207781 0.670365
3.609289 0.779453
3.446185 0.735013
3.383420 0.718418
3.370871 0.715024
3.364602 0.713245
3.358332 0.711501
3.352055 0.709839
3.205625 0.669883
3.208785 0.666741
3.609410 0.779519
3.609401 0.779065
3.452410 0.737467
3.449627 0.736344
3.390443 0.717383
3.381206 0.717859
3.383472 0.718256
3.377141 0.716804
3.373854 0.715873
3.370985 0.714637
3.365068 0.711626
3.359156 0.708601
3.347011 0.708622
3.353077 0.706187
3.345770 0.708319
3.339477 0.706932
3.202829 0.669679
3.201458 0.669448
3.611577 0.780649
3.610572 0.775166
3.453389 0.737930
3.453472 0.733715
3.328564 0.622157
3.327812 0.621830
3.599688 0.695815
3.599590 0.690796
3.330938 0.623205
3.601716 0.696912
3.528027 0.581887
3.465296 0.564779
3.615851 0.605846
3.613955 0.605168
3.585928 0.591914
3.573729 0.594299
3.578710 0.593691
3.571933 0.593959
3.527775 0.581883
3.523130 0.575168
3.467812 0.565683
3.466429 0.560776
3.618187 0.606872
3.579472 0.591326
3.569113 0.593621
3.572257 0.593093
0.260642 0.836073
0.047324 0.778352
0.041052 0.776628
0.022240 0.771380
0.015968 0.769661
0.267688 0.834944
0.260361 0.836027
0.260680 0.835951
0.103782 0.793755
0.103537 0.793645
0.257267 0.835718
0.261343 0.833902
0.106349 0.794951
0.104722 0.790676
0.255661 0.835861
0.262181 0.831268
-0.002458 0.663650
-0.008716 0.661711
0.468089 0.791060
0.405343 0.774163
0.399074 0.772386
0.394099 0.765840
0.388046 0.763333
0.381197 0.763750
0.374751 0.762691
0.368927 0.759337
0.085369 0.687561
0.084950 0.687409
0.079564 0.684107
0.073678 0.680984
0.067634 0.678443
0.061546 0.676065
0.055526 0.673430
0.016325 0.669405
0.017762 0.663702
0.010062 0.667514
0.010996 0.663815
0.003801 0.665584
0.001118 0.664761
0.004095 0.664424
0.470339 0.792074
0.475137 0.790205
0.330004 0.754622
0.323739 0.752752
0.317467 0.751030
0.087836 0.688756
0.085701 0.686747
0.080041 0.682794
0.073833 0.680855
0.067597 0.679019
0.061307 0.677384
0.055046 0.675641
1.547158 1.083999
1.540883 1.082323
1.327565 1.024597
0.472238 0.793151
0.474802 0.791870
1.622423 1.104712
1.619381 1.103624
1.587197 1.094926
1.584791 1.094346
1.585040 1.093377
1.578498 1.092938
1.579426 1.089248
1.573342 1.086851
1.566733 1.086393
1.559670 1.087923
1.560156 1.085812
1.553399 1.086196
1.547981 1.084326
1.553674 1.084879
1.543516 1.083120
1.540914 1.082267
1.535207 1.078485
1.529375 1.075160
1.523667 1.071379
1.494737 1.069937
1.497578 1.068251
1.328831 1.025103
1.328532 1.021160
1.624363 1.105489
1.574997 1.092151
1.572206 1.091520
1.572429 1.090606
1.565933 1.089795
1.562433 1.088757
1.566040 1.089333
1.547107 1.084788
1.544528 1.083919
1.541015 1.082289
1.535272 1.078641
1.529249 1.076020
1.523459 1.072542
1.494596 1.070430
1.497583 1.068634
1.333791 1.027053
1.333402 1.026886
1.625512 1.106355
1.550995 1.086230
1.547311 1.084336
1.541239 1.081895
1.535064 1.079839
1.528883 1.077803
1.523084 1.074359
1.494325 1.070926
1.497642 1.068853
0.535804 0.715021
0.687966 0.756378
0.687407 0.752126
0.534951 0.715031
1.011433 0.844309
1.013813 0.840123
0.687533 0.756805
0.687412 0.752520
0.532839 0.715028
1.784274 1.053777
1.676336 1.024513
1.678373 1.022083
1.321413 0.928599
1.009532 0.844348
1.810669 1.056087
1.804376 1.054462
1.798157 1.052561
1.791544 1.052118
1.784817 1.052087
1.778801 1.049442
1.773245 1.045104
1.672504 1.023996
1.671294 1.023962
1.322909 0.929561
1.670359 1.023977
0.631796 0.599187
0.627962 0.598510
0.571490 0.583328
0.565237 0.581290
0.563944 0.580850
0.565625 0.579796
1.116438 0.730676
1.058144 0.714921
0.625671 0.598073
0.573510 0.583985
0.578835 0.581169
1.116130 0.731117
1.056193 0.714927
1.054540 0.714852
2.316740 1.056594
2.322825 1.054478
2.146193 1.010581
2.145239 1.010246
2.141304 1.003728
2.066569 0.988987
2.318625 1.057627
2.322694 1.055352
2.148783 1.011745
2.147171 1.007335
2.066873 0.989620
2.321802 1.059133
2.321334 1.058922
2.321956 1.058504
2.150144 1.012694
2.416510 0.975626
2.417009 0.976287
2.417216 0.976913
2.436249 0.893171
2.436464 0.893756
2.437042 0.894487
2.441772 0.889308
2.810015 0.846417
2.640684 0.806919
2.639004 0.806838
2.858569 0.866644
2.856113 0.865657
2.859491 0.863006
2.818249 0.855427
2.815774 0.850397
2.638356 0.806830
2.639546 0.804970
2.860445 0.867388
2.865873 0.864734
2.819077 0.856216
2.815953 0.850174
3.010057 0.758530
3.016234 0.756211
3.012483 0.759719
3.016722 0.754817
3.402908 0.770593
3.159914 0.697916
3.403442 0.770851
3.410530 0.767412
3.359735 0.759040
3.358975 0.758929
3.359489 0.756970
3.152743 0.703113
3.151925 0.703039
3.629948 0.832583
3.629005 0.831267
3.404405 0.771654
3.410127 0.769302
3.354298 0.758120
3.352662 0.757878
3.353389 0.755047
3.630393 0.833267
3.629092 0.831379
3.320049 0.653794
3.257307 0.636847
3.251037 0.635081
3.244761 0.633419
3.601154 0.729782
3.326294 0.655961
3.320328 0.653891
3.269827 0.640711
3.263572 0.638686
3.258001 0.637051
3.257410 0.636481
3.251542 0.633292
3.242323 0.632816
3.245054 0.632385
3.238479 0.631857
3.232192 0.630378
3.602346 0.730723
3.602112 0.730564
3.329462 0.656926
3.333670 0.653687
0.257233 0.848757
0.112908 0.810074
0.110731 0.809016
0.108028 0.802889
0.255009 0.848529
0.113232 0.810228
0.113013 0.809734
0.252544 0.848431
0.252259 0.842990
0.107079 0.706702
0.389390 0.783395
0.340567 0.764575
0.307949 0.761099
0.307845 0.761077
0.301552 0.759662
0.113319 0.708944
0.108668 0.707242
0.107481 0.705304
0.102046 0.700517
0.096183 0.697310
-0.018438 0.673353
-0.017076 0.667988
0.453671 0.794856
0.447143 0.794089
0.440959 0.792067
0.403303 0.781935
0.395635 0.785538
0.392703 0.784521
0.396175 0.783381
0.342212 0.770879
0.340508 0.765179
0.309433 0.755618
0.298891 0.759176
0.301863 0.758693
0.113951 0.709222
0.113484 0.708419
0.108342 0.702557
0.102423 0.699556
-0.004661 0.672313
-0.016083 0.674109
-0.011702 0.673442
1.336713 1.040575
0.453187 0.797063
0.446888 0.795458
0.440852 0.792890
0.409367 0.784838
0.399813 0.787006
0.402259 0.786210
0.340400 0.770963
0.340476 0.765741
0.296926 0.759225
1.612752 1.115521
1.613638 1.112070
1.606483 1.113765
1.607069 1.111461
1.600199 1.112215
1.593919 1.110614
1.482240 1.075134
1.474383 1.077864
1.474800 1.077732
1.337171 1.040782
1.336801 1.040309
1.615632 1.116554
1.619945 1.114024
1.591042 1.109910
1.587637 1.109041
1.587942 1.107875
1.581343 1.107652
1.482088 1.076093
1.474700 1.078561
1.474497 1.078421
1.474743 1.078337
1.342924 1.043280
1.340525 1.042229
1.337727 1.037313
1.617447 1.117595
1.619533 1.115960
1.579709 1.107401
1.576391 1.101237
1.475939 1.079376
1.481814 1.077529
1.344177 1.043795
1.343266 1.042158
1.616397 1.117898
0.584397 0.667453
0.582453 0.667312
0.582836 0.665612
0.577799 0.659360
0.553297 0.659049
0.551098 0.658578
1.154265 0.818522
1.035763 0.789948
0.582433 0.667654
0.581895 0.667324
0.577463 0.661014
0.545723 0.657556
0.544793 0.657389
1.329979 0.869973
1.329650 0.867451
1.324137 0.862953
1.318059 0.860537
1.236532 0.844723
1.242649 0.840637
1.157209 0.823291
1.154071 0.819628
1.148590 0.815012
1.035213 0.790335
2.006591 1.053648
2.005242 1.052978
2.006931 1.052169
1.329062 0.870273
1.329035 0.870133
1.324395 0.862421
1.236123 0.845172
1.242747 0.840703
1.156201 0.823590
1.153836 0.820932
1.148473 0.815887
2.282620 1.128771
2.280731 1.127938
2.183459 1.101650
2.183363 1.097239
2.007656 1.054146
2.014241 1.050431
2.283979 1.129344
2.183438 1.102182
2.183490 1.097179
2.010400 1.055442
2.013516 1.053525
2.288837 1.131406
2.287518 1.130863
2.289672 1.128188
2.183162 1.102682
2.182979 1.099505
0.600666 0.624437
0.556724 0.612899
1.052360 0.747197
0.594830 0.623289
0.601800 0.620583
0.594362 0.623204
0.588062 0.621933
0.562974 0.614991
0.558153 0.613380
0.557428 0.610385
1.126585 0.767499
1.051454 0.747199
1.126543 0.768043
1.049891 0.747343
2.294548 1.084367
2.167471 1.049822
2.164234 1.043293
2.049317 1.017891
2.050295 1.016469
2.300787 1.086607
2.298064 1.085630
2.166395 1.050054
2.163905 1.044899
2.049827 1.018697
2.049695 1.018527
2.049939 1.018183
2.307025 1.088886
2.303978 1.087776
2.164936 1.050222
2.163502 1.046813
2.050270 1.019258
2.309604 1.089881
1.080977 0.641215
1.108771 0.654764
1.105414 0.650819
1.099871 0.646433
1.087325 0.643032
1.080757 0.642419
1.069715 0.644214
1.073941 0.642718
2.407564 1.007292
2.408858 1.008194
2.427525 0.938322
2.428235 0.939322
2.427980 0.938992
2.502046 0.850532
2.507100 0.846285
2.503697 0.851534
2.506393 0.849319
2.556932 0.811192
2.544258 0.814429
2.549650 0.813206
2.542686 0.814193
2.550221 0.811502
2.540805 0.814026
2.543059 0.813077
2.581449 0.820952
2.575287 0.818844
2.906986 0.811599
2.907689 0.811942
2.909465 0.812968
2.914326 0.809897
3.059665 0.745047
3.073790 0.742657
3.066773 0.743697
3.059350 0.744996
3.059705 0.744924
3.067255 0.742335
3.055252 0.744436
3.060201 0.743514
3.053342 0.744139
3.351535 0.736566
3.208522 0.692515
3.202357 0.690416
3.171848 0.687610
3.176888 0.685006
3.169599 0.687183
3.613624 0.807513
3.429458 0.757742
3.434443 0.753746
3.350227 0.736334
3.345225 0.735462
3.346688 0.729710
3.165861 0.686527
3.171141 0.681771
3.163285 0.686149
3.615001 0.808556
3.614728 0.808339
3.440997 0.754838
3.433044 0.759502
3.431128 0.758747
3.433496 0.757656
3.344589 0.735376
3.340531 0.728021
3.615909 0.809237
3.615314 0.807739
3.599510 0.715882
3.329720 0.642981
3.599598 0.715932
3.599586 0.715618
3.335962 0.645208
3.330068 0.643099
3.601877 0.717081
3.601127 0.710349
3.605646 0.643629
3.604690 0.642947
3.473904 0.607775
3.472588 0.607245
3.605920 0.643807
3.476788 0.608930
0.171503 0.867134
0.165033 0.866161
0.158664 0.864816
0.152451 0.862896
0.146382 0.860443
0.315820 0.756475
-0.016706 0.666531
0.453826 0.794163
0.403632 0.780598
0.336691 0.762153
0.334765 0.761140
0.328698 0.758681
0.322462 0.756840
0.315374 0.756392
0.315880 0.756285
0.096212 0.697309
0.095547 0.696984
0.090342 0.694019
0.085309 0.687751
-0.004190 0.670471
-0.002874 0.665291
-0.010449 0.668512
-0.014384 0.667283
-0.009898 0.666356
0.467592 0.793190
0.454966 0.794632
0.460561 0.794281
0.435642 0.789411
0.435025 0.789116
0.428919 0.786802
0.422549 0.785463
0.416180 0.784115
0.409887 0.782608
0.407457 0.781795
0.410392 0.780629
0.337855 0.762991
0.334901 0.761029
0.329088 0.757634
0.323043 0.755097
0.309794 0.755411
0.316734 0.753533
0.309509 0.755351
0.100673 0.698929
0.096180 0.697854
0.096244 0.697514
0.090682 0.693199
1.332137 1.032624
0.467127 0.795331
0.460045 0.796754
0.458279 0.796087
0.460214 0.795987
0.436438 0.790190
0.434950 0.789945
0.435057 0.789432
0.429050 0.786752
0.422851 0.784782
0.414846 0.784359
0.416345 0.783940
0.339964 0.764140
1.620723 1.110993
1.617222 1.109755
1.603310 1.105995
1.601917 1.105660
1.602293 1.104245
1.595639 1.104020
1.596350 1.101327
1.589357 1.102450
1.590513 1.098022
1.547102 1.084284
1.485172 1.074066
1.489820 1.072021
1.332718 1.032867
1.332298 1.032091
1.622223 1.111623
1.583332 1.101115
1.583063 1.101053
1.583113 1.100859
1.576765 1.099735
1.577992 1.094918
1.559582 1.088315
1.553323 1.086564
1.547024 1.084961
1.485532 1.074691
1.489752 1.072668
1.338354 1.035221
1.336391 1.034403
1.333671 1.027452
1.622767 1.112323
1.575042 1.099433
1.570459 1.098580
1.571301 1.095186
1.565445 1.091952
1.559266 1.089906
1.553256 1.087244
1.486131 1.075421
1.489647 1.073490
1.340694 1.036149
1.339003 1.033066
0.537502 0.708770
0.686805 0.749351
0.535957 0.708591
1.321722 0.921481
1.014838 0.838518
1.014257 0.838901
0.687223 0.750013
0.531933 0.708078
0.532148 0.704310
1.823607 1.057852
1.817316 1.056409
1.680947 1.019044
1.679307 1.018768
1.322713 0.922238
1.014240 0.838910
1.014266 0.838877
1.824258 1.055645
1.817236 1.056390
1.817320 1.056393
1.811031 1.054877
1.804756 1.053187
1.798485 1.051451
1.792205 1.049855
1.785916 1.048378
1.779638 1.046760
1.773387 1.044690
1.771845 1.044126
1.767479 1.041538
1.761954 1.037081
1.675691 1.018146
1.672986 1.017791
1.323487 0.923009
1.812099 1.051242
1.805601 1.050368
1.799302 1.048764
1.792872 1.047642
1.786162 1.047552
1.779674 1.046645
1.773611 1.044174
1.767510 1.041840
1.761474 1.039270
1.756008 1.034604
1.671997 1.017712
1.674217 1.013409
1.931836 1.081943
1.925265 1.081340
1.918940 1.079833
1.912842 1.077488
1.131115 0.782149
1.130751 0.781105
1.049143 0.759998
1.048942 0.760031
1.130997 0.782662
1.130690 0.781744
1.047644 0.760150
2.174525 1.065159
2.172855 1.061152
2.040465 1.028926
2.297397 1.098999
2.296244 1.098564
2.173086 1.065286
2.171901 1.065306
2.172331 1.063466
2.040970 1.029590
2.303627 1.101413
2.301104 1.100418
2.171215 1.065335
2.041562 1.030319
2.305634 1.102221
1.112444 0.675889
1.050366 0.659117
1.112445 0.676455
2.148812 0.956990
2.148113 0.953461
2.069787 0.935633
2.398201 1.024907
2.398167 1.024891
2.398255 1.024703
2.147945 0.957282
2.147619 0.955673
2.068552 0.935834
2.401098 1.026225
2.147628 0.957768
2.147422 0.956842
2.067821 0.936218
2.401729 1.026977
2.440700 0.887659
2.442160 0.887034
2.441842 0.888949
2.441290 0.888350
2.441972 0.888126
2.441987 0.889116
2.449424 0.885930
2.535735 0.818840
2.542439 0.814963
2.534787 0.819111
2.534688 0.819158
2.533995 0.819476
2.535001 0.818392
2.899014 0.816149
2.899876 0.816543
2.906798 0.812403
2.797814 0.788964
2.792927 0.785335
2.786035 0.786329
2.786652 0.783642
2.779788 0.784190
2.779312 0.783965
2.779856 0.783863
2.902347 0.817755
2.906243 0.814859
2.796133 0.789069
2.786188 0.786383
2.792646 0.786793
3.045426 0.747803
3.052681 0.745989
3.043791 0.747505
3.045622 0.747185
3.053118 0.744792
3.039931 0.747006
3.046034 0.746080
3.039101 0.746901
3.183863 0.684055
3.434799 0.752325
3.346956 0.728668
3.210915 0.691454
3.208944 0.691058
3.202673 0.689317
3.199937 0.688487
3.197523 0.683418
3.191003 0.682625
3.182073 0.683659
3.184112 0.683200
3.177570 0.682632
3.611257 0.800159
3.610903 0.798338
3.441032 0.754685
3.436117 0.752829
3.442097 0.750362
3.346010 0.728483
3.340647 0.727550
3.171702 0.681396
3.178821 0.678294
3.171273 0.681317
3.612680 0.801075
3.611871 0.795176
3.441154 0.754746
3.340255 0.727500
3.331420 0.636693
3.599913 0.709303
3.332100 0.636938
3.332235 0.633740
3.601171 0.710199
3.601125 0.710169
3.607338 0.637468
3.606161 0.636630
3.475598 0.601577
3.473826 0.600866
3.607370 0.637490
3.478157 0.602592
0.114381 0.816716
0.112230 0.812215
0.256725 0.855704
0.255494 0.855640
0.256194 0.852861
0.117469 0.818252
0.116819 0.817908
0.253983 0.855527
0.355690 0.733553
0.513838 0.771302
0.505402 0.774179
0.506497 0.773533
0.392147 0.743569
0.387017 0.742699
0.353555 0.733140
0.910122 0.884067
0.914874 0.882079
0.870106 0.873563
0.863847 0.871646
0.857547 0.870352
0.805008 0.855657
0.807604 0.855494
0.801079 0.855104
0.770048 0.846210
0.777631 0.841868
0.769738 0.846165
0.738368 0.837667
0.738271 0.837623
0.733536 0.830650
0.513837 0.771697
0.504124 0.774357
0.506734 0.773054
0.386539 0.742594
0.380729 0.741248
0.374451 0.739625
0.350438 0.732844
0.349363 0.732700
1.328092 0.997760
1.326803 0.997188
0.909436 0.884404
0.915112 0.881594
0.907722 0.884215
0.871183 0.874070
0.870087 0.873868
0.870144 0.873590
0.864070 0.871159
0.857519 0.870810
0.857095 0.870264
0.857572 0.870284
0.815136 0.852961
0.807811 0.855135
0.801075 0.855168
0.801042 0.855122
0.801119 0.854977
0.765869 0.845621
0.770791 0.842664
0.763419 0.845190
0.744592 0.840189
0.741109 0.838933
0.739093 0.835399
0.502451 0.774484
0.506975 0.772610
1.635504 1.081171
1.635107 1.081017
1.635665 1.080543
1.329655 0.998479
1.329373 0.993266
0.915468 0.880721
0.904207 0.883562
0.908059 0.883201
0.865340 0.873068
0.858049 0.871099
0.863862 0.872365
1.641717 1.083865
1.639246 1.082665
1.642683 1.079902
1.332779 0.999885
1.641888 1.083947
0.577913 0.658808
0.577350 0.658836
0.572411 0.654401
0.566450 0.651549
0.555744 0.652997
0.559760 0.651389
0.552793 0.652373
1.149486 0.813970
1.148806 0.813935
1.148942 0.813324
1.143538 0.808420
1.038355 0.783935
0.576126 0.659059
0.572370 0.654972
0.566744 0.650894
0.560512 0.649044
0.548388 0.651568
0.553668 0.649445
1.318174 0.860241
1.317529 0.859897
1.313552 0.852337
1.262986 0.840142
1.256467 0.839354
1.244099 0.840056
1.249866 0.838859
1.147640 0.813996
1.143454 0.809127
1.037544 0.784255
2.014566 1.049050
2.013620 1.048528
2.014844 1.047830
1.324423 0.862343
1.324026 0.862204
1.318549 0.859151
1.313389 0.853357
1.269277 0.842206
1.262617 0.841936
1.256223 0.840679
1.243505 0.840458
1.249839 0.839390
1.147195 0.814453
1.143446 0.809604
2.284335 1.122255
2.283872 1.122073
2.284724 1.120779
2.183224 1.094874
2.015629 1.049588
2.022292 1.045587
2.290558 1.124754
2.288141 1.123757
2.183402 1.095462
2.017871 1.050752
2.021701 1.048187
2.292132 1.125402
2.182417 1.095774
1.057998 0.701359
0.633338 0.586176
0.631374 0.585752
0.632104 0.582986
0.587438 0.574164
0.588917 0.568421
0.581186 0.572114
0.580671 0.571944
0.581291 0.571701
1.114849 0.716817
1.114695 0.715840
1.056966 0.701175
1.052490 0.696906
0.625770 0.584684
0.625067 0.584597
0.625465 0.583056
0.590575 0.575181
0.594396 0.573474
1.114672 0.717304
1.114589 0.716631
1.053128 0.700680
1.051669 0.700520
1.052022 0.699044
1.047033 0.692617
2.339314 1.049267
2.345205 1.046461
2.143292 0.996754
2.140841 0.995633
2.070562 0.976642
2.338650 1.049615
2.345334 1.046384
2.143678 0.996948
2.070044 0.977060
2.338238 1.050072
2.345348 1.046771
2.424124 0.950829
2.424351 0.951430
2.424552 0.952069
2.497684 0.856462
2.496526 0.855753
2.498280 0.853966
2.498195 0.856756
2.624650 0.816013
2.630159 0.814332
2.623064 0.815865
2.837871 0.868220
2.630855 0.812171
2.620580 0.815447
2.623238 0.815414
2.843970 0.870986
2.837520 0.869936
2.831538 0.867168
2.691020 0.713811
2.684841 0.711763
2.936654 0.786208
2.937790 0.787080
3.104108 0.730117
3.103912 0.730188
3.104153 0.730045
3.720614 0.890720
3.100749 0.729891
3.104999 0.727355
3.261894 0.644628
3.255628 0.642801
3.249358 0.641049
3.243081 0.639397
3.236799 0.637827
3.318322 0.660524
3.314942 0.659147
3.319970 0.654103
3.268151 0.646596
3.266015 0.645927
3.262850 0.641248
3.231173 0.636514
3.237998 0.633565
3.230510 0.636358
3.224217 0.634971
3.603046 0.737527
3.602155 0.731351
3.320187 0.661127
3.325727 0.658136
3.274395 0.648789
3.274103 0.648685
3.604858 0.738592
3.603958 0.649701
3.472192 0.614230
3.469872 0.613224
3.604671 0.650180
3.473160 0.614658
3.488058 0.530261
3.626053 0.568113
3.619777 0.566452
3.487362 0.530160
3.481753 0.529045
3.483072 0.523888
3.475472 0.527464
3.477047 0.521272
3.469230 0.525266
3.469190 0.525250
3.469249 0.525187
3.626778 0.568366
3.626270 0.567360
3.619343 0.566358
3.619852 0.566197
3.613487 0.565042
0.090070 0.769659
0.285977 0.822808
0.284546 0.822564
0.096298 0.772106
0.091920 0.770368
0.091012 0.766346
0.278691 0.821375
0.278245 0.821302
0.278827 0.819123
0.096357 0.772130
0.096326 0.772010
0.357379 0.727436
0.516000 0.770329
0.521497 0.767892
0.390749 0.736478
0.388727 0.736271
0.389848 0.731887
0.365233 0.723331
0.357124 0.727392
0.357463 0.727145
0.918791 0.879696
0.922939 0.877173
0.815330 0.852177
0.812553 0.850983
0.778108 0.841675
0.785400 0.838058
0.777710 0.841599
0.733781 0.829893
0.732639 0.829388
0.728627 0.823924
0.516050 0.770868
0.521509 0.768246
0.386461 0.735865
0.382425 0.735039
0.353062 0.726844
0.358530 0.723633
0.351056 0.726525
1.326314 0.990341
1.325049 0.983997
0.917360 0.879835
0.821577 0.854315
0.816028 0.852461
0.773347 0.840932
0.779136 0.836738
0.771389 0.840670
0.736038 0.830855
0.734368 0.828002
1.643463 1.076817
1.641279 1.075971
1.644196 1.073928
1.329766 0.991885
1.329315 0.991676
0.916218 0.880099
1.645795 1.077724
1.332248 0.993034
1.330767 0.988569
1.648150 1.078931
1.650500 1.076353
0.540898 0.696262
0.683306 0.734981
0.554577 0.695677
0.548538 0.693115
0.538271 0.695796
0.534580 0.695301
1.695268 1.009393
1.323569 0.908523
1.027196 0.828432
0.683581 0.735614
1.933654 1.074302
1.927386 1.072518
1.921109 1.070872
1.914826 1.069318
1.845829 1.050372
1.839538 1.048925
1.760612 1.027147
1.757983 1.026751
1.758888 1.023183
1.693824 1.009096
1.695694 1.007893
1.688961 1.008199
1.323968 0.909155
1.027141 0.828980
1.947793 1.071925
1.939894 1.076546
1.935977 1.075051
1.940344 1.074557
1.914408 1.069224
1.908528 1.068000
1.909519 1.064073
1.838262 1.048648
1.840317 1.046108
1.833245 1.047543
1.826956 1.046077
1.755298 1.026232
1.751673 1.025633
1.752630 1.021818
1.686932 1.007761
1.689387 1.006716
1.682660 1.006929
1.324241 0.909799
1.953503 1.076109
1.946137 1.078755
1.940536 1.076825
1.946690 1.076400
1.906453 1.067618
1.902217 1.066909
1.903255 1.062752
1.824293 1.045427
1.827662 1.043534
1.820669 1.044593
1.814384 1.043089
1.748991 1.025090
1.746177 1.021217
1.680638 1.006631
1.683545 1.003866
1.966411 1.078624
1.959216 1.080315
1.952395 1.080722
1.949518 1.079831
1.952524 1.080160
1.900993 1.066729
1.094087 0.642535
1.087550 0.641851
1.086782 0.641585
1.087595 0.641646
1.094579 0.644220
1.093088 0.643817
1.093839 0.643845
2.409731 1.001166
2.410291 1.001872
2.428117 0.925058
2.428639 0.925754
2.508384 0.845533
2.514672 0.843208
2.510867 0.846763
2.514290 0.845040
2.622887 0.816311
2.616241 0.815983
2.609744 0.815110
2.603310 0.814002
2.596923 0.812723
2.589998 0.813598
2.587513 0.812691
2.590218 0.812612
2.616495 0.815447
2.609880 0.815011
2.603254 0.814608
2.596221 0.816139
2.592251 0.814504
2.596701 0.813942
2.735914 0.751581
2.734722 0.751359
2.736136 0.746077
2.728435 0.749863
2.722162 0.748144
2.715904 0.746209
2.715461 0.746052
2.716136 0.745327
2.920710 0.802034
2.924053 0.798457
2.921597 0.802828
2.923509 0.800885
3.089582 0.739740
3.095707 0.736344
3.088135 0.739678
3.086616 0.739490
3.088470 0.738614
3.447874 0.728877
3.400362 0.715800
3.404849 0.713542
3.397672 0.715472
3.210757 0.664557
3.209465 0.664319
3.609589 0.772854
3.449852 0.729694
3.449500 0.723106
3.405424 0.711817
3.396651 0.715321
3.397871 0.714832
3.366271 0.707482
3.360003 0.705674
3.353734 0.703901
3.347458 0.702242
3.205618 0.663724
3.203154 0.663243
3.610937 0.774025
3.610450 0.773637
3.452364 0.730947
3.331945 0.609891
3.330525 0.609134
3.332754 0.606631
3.601699 0.683331
3.600626 0.682643
3.332564 0.610226
3.602379 0.683676
3.602617 0.680078
3.624371 0.574122
3.618101 0.572365
3.611814 0.570881
3.490565 0.537740
3.487785 0.531334
3.465901 0.531074
3.630604 0.576483
3.627476 0.575264
3.609469 0.570399
3.612407 0.568808
3.605516 0.569556
3.489380 0.537964
3.486842 0.535221
3.481398 0.530471
3.475376 0.527845
3.467492 0.532151
3.466883 0.531889
3.467796 0.530957
0.099216 0.785657
0.042762 0.770189
0.023934 0.765186
0.017666 0.763398
0.273070 0.832748
0.275429 0.831235
0.268585 0.831941
0.099983 0.785971
0.099451 0.784872
0.266743 0.831567
0.269111 0.830100
0.103291 0.787418
0.100558 0.781214
0.262627 0.831036
0.718367 0.812104
0.528970 0.760405
0.386832 0.721994
0.385837 0.722270
0.386110 0.720853
0.377568 0.719490
0.379898 0.718927
0.938311 0.871543
0.945428 0.868758
0.937960 0.871498
0.812455 0.837916
0.806184 0.836177
0.799907 0.834534
0.793629 0.832900
0.718389 0.812112
0.718372 0.812091
0.713205 0.806317
0.527752 0.760610
0.385524 0.722195
0.379557 0.720677
0.378394 0.720270
0.379678 0.720163
1.323313 0.976102
1.321985 0.970477
0.933680 0.870822
0.938610 0.869464
0.931636 0.870602
0.818712 0.839906
0.815857 0.838996
0.812814 0.836718
0.806617 0.834743
0.800334 0.833080
0.791454 0.832405
0.793925 0.831884
0.787337 0.831499
0.722410 0.813759
0.719135 0.809705
1.653133 1.066017
1.652493 1.065576
1.653873 1.063092
1.326872 0.977945
1.325580 0.977245
0.939001 0.868475
0.930104 0.870437
0.931927 0.869720
1.654129 1.066556
1.327704 0.978394
1.327255 0.976712
1.656578 1.067794
0.542585 0.690206
0.680957 0.727634
0.680765 0.726981
0.556689 0.694061
0.555120 0.693804
0.548852 0.692003
0.544714 0.690826
0.542027 0.690100
0.542884 0.689135
1.703238 1.004874
1.325084 0.902218
1.029700 0.822397
0.681039 0.728220
0.680769 0.727402
1.947895 1.071526
1.910264 1.061152
1.860976 1.044049
1.853809 1.045699
1.847518 1.044260
1.756250 1.019253
1.753410 1.018754
1.754092 1.016041
1.748697 1.011111
1.710925 1.001404
1.702307 1.004675
1.703480 1.004021
1.696936 1.003592
1.324862 0.902686
1.030186 0.823095
1.961946 1.069408
1.954148 1.073549
1.948330 1.071676
1.954654 1.071461
1.907382 1.060612
1.903955 1.059998
1.843448 1.043337
1.848430 1.041035
1.841225 1.042839
1.834933 1.041448
1.750294 1.018168
1.747102 1.017607
1.747732 1.015060
1.694866 1.003194
1.697574 1.001368
1.690626 1.002485
1.325434 0.903415
1.966653 1.077674
1.967837 1.072926
1.960401 1.075607
1.958014 1.074837
1.960641 1.074626
1.901417 1.059549
1.897637 1.059040
1.832006 1.040802
1.835490 1.039510
1.828640 1.040075
1.822353 1.038614
1.743651 1.016940
1.740796 1.016453
1.741465 1.013771
1.688185 1.001962
1.691198 1.000491
2.250590 1.148095
2.244074 1.147288
2.237779 1.145667
2.231499 1.143998
2.225184 1.142452
2.219002 1.140421
1.967995 1.078113
1.973615 1.076898
2.256433 1.151829
1.114036 0.662896
1.110457 0.657042
1.061429 0.648685
1.066387 0.645735
2.404637 1.013214
2.106682 0.933237
2.100417 0.931378
2.094151 0.929526
2.087881 0.927795
2.081613 0.925970
2.075340 0.924271
2.406720 1.014326
2.109533 0.934069
2.106747 0.933045
2.427845 0.918272
2.428460 0.913076
2.427967 0.918864
2.428611 0.912949
2.490855 0.860933
2.493188 0.862112
2.497435 0.857500
2.800975 0.830097
2.650408 0.789225
2.869981 0.848916
2.868357 0.848310
2.800980 0.830099
2.658157 0.785625
2.647011 0.788490
2.650838 0.787777
2.644108 0.787926
2.872115 0.849847
2.807210 0.832426
2.806033 0.831995
2.651689 0.785067
2.641211 0.787476
2.645224 0.784074
2.876192 0.851637
2.875499 0.851332
2.876957 0.848728
2.809946 0.833632
2.974123 0.762485
2.967694 0.761362
2.957017 0.764338
2.960851 0.761763
2.992930 0.768026
2.986191 0.768042
2.979634 0.767389
2.973176 0.766369
2.966155 0.767720
2.966635 0.765659
2.959901 0.765689
2.959749 0.765603
2.959946 0.765490
2.979246 0.769264
2.968562 0.768565
2.972640 0.768790
3.150258 0.708811
3.402788 0.771122
3.394919 0.775398
3.393743 0.774943
3.395230 0.774155
3.359276 0.765629
3.357266 0.765356
3.148401 0.708650
3.151418 0.704792
3.636661 0.841109
3.633907 0.838018
3.397251 0.776430
3.402512 0.772545
3.355219 0.765077
3.146187 0.708630
3.637296 0.841838
3.633909 0.838434
3.219155 0.653213
3.444995 0.714700
3.442352 0.713719
3.439698 0.709208
3.433971 0.705496
3.420580 0.707835
3.427218 0.705565
3.419899 0.707909
3.301947 0.670874
3.294983 0.671718
3.288323 0.671440
3.282498 0.668091
3.276808 0.664246
3.216681 0.652733
3.212853 0.651950
3.605608 0.758354
3.446266 0.715305
3.445486 0.713089
3.439938 0.708722
3.433927 0.706058
3.426963 0.706905
3.419862 0.708519
3.418862 0.707902
3.420009 0.707713
3.301402 0.673300
3.294537 0.673776
3.288291 0.671981
3.282856 0.667197
3.209258 0.651293
3.606998 0.759290
3.347918 0.600335
3.451686 0.628452
3.455478 0.625901
3.426188 0.621560
3.423185 0.621039
3.423421 0.619954
3.416896 0.619583
3.417375 0.617412
3.411176 0.615441
3.405049 0.613204
3.399061 0.610455
3.393069 0.607719
3.386905 0.605621
3.380724 0.603580
3.374463 0.601835
3.367917 0.601141
3.361449 0.600159
3.355029 0.599005
3.347668 0.600339
3.347964 0.600217
3.602388 0.669695
3.449351 0.628352
3.455237 0.627191
3.416708 0.619536
3.410611 0.618053
3.410741 0.617452
3.404664 0.615031
3.398711 0.612155
3.392767 0.609242
3.386735 0.606656
3.380697 0.604094
3.374557 0.601905
3.368150 0.600701
3.361780 0.599359
3.355309 0.598390
3.345632 0.600340
3.348339 0.599259
3.603646 0.670606
3.611295 0.597579
3.598755 0.594084
3.592475 0.592462
3.523468 0.573683
3.617549 0.599597
3.614606 0.598631
3.618542 0.595813
3.587826 0.591396
3.586184 0.591029
3.522014 0.573615
3.518144 0.568732
3.466971 0.558889
3.465758 0.558418
3.620372 0.600755
0.094641 0.777682
0.280442 0.828026
0.283823 0.825124
0.276558 0.827361
0.095860 0.778146
0.094975 0.776555
0.274467 0.826944
0.277896 0.822547
0.270250 0.826230
0.100863 0.780228
0.099866 0.779785
0.694889 0.785106
0.693383 0.779724
0.532036 0.741093
0.969113 0.859726
0.975739 0.856335
0.968143 0.859630
0.698362 0.786619
0.698147 0.786511
0.531140 0.741399
1.319452 0.955263
1.317777 0.954465
0.965819 0.859375
0.968569 0.858345
0.701466 0.787984
0.699352 0.783380
1.661443 1.047855
1.320228 0.955670
1.320055 0.953194
1.664463 1.049589
1.662970 1.048815
1.665488 1.050082
0.666897 0.703517
0.661761 0.697376
0.655892 0.694188
0.557680 0.673660
0.553964 0.672962
0.555168 0.668301
1.175075 0.841290
1.031463 0.802214
0.665195 0.703243
0.661125 0.700113
0.655388 0.696440
0.649434 0.693566
0.643398 0.690996
0.612055 0.682419
0.605559 0.681541
0.599160 0.680303
0.551292 0.672475
0.548504 0.668452
1.890282 1.035301
1.332614 0.884111
1.332385 0.882184
1.226781 0.849467
1.216652 0.852776
1.219439 0.851708
1.175965 0.841782
1.175271 0.840754
1.170282 0.834328
1.030757 0.802551
1.030753 0.802555
2.185142 1.115380
1.897914 1.037399
1.896542 1.037202
1.896682 1.036559
1.889146 1.035029
1.890330 1.035148
1.883991 1.033852
1.877710 1.032270
1.871423 1.030754
1.332766 0.884691
1.332397 0.882546
1.226792 0.849854
1.217570 0.853577
1.219303 0.852629
1.177077 0.842642
1.175488 0.840387
1.030278 0.803001
2.272952 1.139539
2.270522 1.138608
2.273664 1.136715
2.184548 1.115372
1.998554 1.058601
1.990620 1.063169
1.989019 1.062534
1.990926 1.061890
1.892558 1.036472
1.890231 1.036089
1.890345 1.035481
1.884242 1.033157
1.878041 1.031194
1.871249 1.030714
1.871442 1.030694
1.865122 1.029501
2.274563 1.140221
2.185068 1.116546
2.184109 1.115783
1.996844 1.065701
1.993704 1.064350
1.997513 1.062849
1.888468 1.035927
1.884340 1.033225
1.878484 1.029990
1.872106 1.028678
1.863701 1.029239
1.865307 1.028915
2.279162 1.142271
2.277493 1.141572
2.279901 1.139361
2.185220 1.116652
2.185110 1.116444
2.412698 0.988024
2.413303 0.988708
2.413401 0.989297
2.433085 0.899030
2.433320 0.899617
2.433833 0.900327
2.860306 0.859785
2.810122 0.846077
2.809427 0.845811
2.804717 0.841127
2.643905 0.801076
2.866539 0.862141
2.862094 0.860562
2.868089 0.856145
2.813815 0.847519
2.810727 0.844183
2.642576 0.801261
2.640672 0.801087
2.642174 0.795297
2.868182 0.862770
2.815278 0.848483
2.693451 0.713250
2.691317 0.712841
2.685044 0.711135
2.682270 0.710228
2.679691 0.705932
2.674201 0.701346
2.941129 0.780705
2.942950 0.778476
2.942224 0.781621
2.942143 0.781549
2.942278 0.781382
3.142272 0.713572
3.383215 0.778812
3.387771 0.776823
3.360319 0.772625
3.141572 0.713516
3.142466 0.712956
3.656690 0.853575
3.654918 0.852754
3.650840 0.850064
3.645033 0.846643
3.639239 0.843180
3.394383 0.777677
3.386917 0.780436
3.386774 0.780310
3.386959 0.780217
3.359769 0.773016
3.356707 0.767625
3.139342 0.713488
3.143113 0.711018
3.658541 0.854284
3.656789 0.853368
3.650846 0.850460
3.645066 0.846942
3.639312 0.843335
3.217462 0.659399
3.444387 0.716741
3.419786 0.708135
3.409718 0.711613
3.412451 0.710345
3.214219 0.658780
3.211157 0.658169
3.609045 0.765994
3.607200 0.762366
3.449547 0.723034
3.449358 0.722850
3.406819 0.711359
3.412906 0.709068
3.207518 0.657530
3.610032 0.766816
3.607621 0.761245
3.471050 0.593196
3.609043 0.631097
3.608229 0.630475
3.477284 0.595549
3.473319 0.594016
3.472076 0.589575
3.609314 0.631306
3.478198 0.595897
3.477796 0.593741
