0.045373 0.788551
0.049722 0.787226
0.042558 0.789846
0.036346 0.792396
0.044018 0.790243
0.036262 0.792420
0.029972 0.793692
0.023687 0.794534
2.330263 1.006923
2.331369 1.001950
2.323981 1.007185
2.317700 1.007055
2.315959 1.007272
2.311416 1.007642
2.312238 1.004809
2.305137 1.007507
2.306648 1.002357
2.298856 1.007604
2.292568 1.008570
2.291443 1.008675
2.286287 1.008697
2.868773 0.717965
2.863520 0.725066
2.869008 0.722689
2.863188 0.730320
2.869113 0.727714
2.863445 0.735687
3.299045 0.762263
3.292740 0.765957
3.292595 0.766060
3.292818 0.765914
3.286444 0.768393
3.280160 0.769001
3.278864 0.769191
3.515113 0.759955
3.511497 0.760895
3.516100 0.759349
3.508820 0.761921
3.503910 0.764988
3.502517 0.765557
3.496227 0.767122
0.000554 0.796602
-0.005221 0.794518
0.088443 0.755674
0.081883 0.762907
0.088735 0.760279
0.080814 0.766012
0.080153 0.767939
0.081021 0.767575
0.076212 0.772641
0.074484 0.773842
0.958676 1.161422
0.478178 0.735294
0.475415 0.738315
0.474032 0.739923
0.469577 0.744532
0.469093 0.744984
1.190396 1.067421
1.189310 1.067383
1.189399 1.067057
1.183024 1.068317
1.184331 1.063464
1.176736 1.069549
1.174438 1.070151
1.170444 1.071241
1.171660 1.066957
1.164159 1.071975
1.246792 1.084632
1.157964 1.072847
1.157873 1.072865
1.157901 1.072772
1.151592 1.072898
1.259359 1.091834
1.251946 1.094179
1.252185 1.092751
1.258182 1.101024
1.257364 1.099417
1.258436 1.099029
1.259855 1.105115
1.260964 1.110600
1.260212 1.115801
1.258068 1.119063
1.257298 1.120670
0.831737 0.738391
0.825453 0.738821
0.819170 0.739346
0.856775 0.751582
0.850868 0.745217
0.845558 0.742144
0.813713 0.740015
0.820386 0.738292
0.812885 0.740119
0.806596 0.741250
0.863021 0.757073
0.857548 0.752366
0.856967 0.751823
0.894362 0.766695
0.888085 0.766185
0.881808 0.765653
0.875538 0.764131
0.869275 0.761171
0.865717 0.758984
0.863659 0.757171
0.914630 0.768814
0.895890 0.765610
0.889220 0.765445
0.882656 0.765057
0.876707 0.763364
0.927118 0.776189
0.945911 0.784509
0.939498 0.783794
1.341633 0.978813
1.340922 0.984004
1.340463 0.980377
1.340169 0.989203
1.339881 0.986864
1.339761 0.994472
1.627030 1.106672
1.620756 1.105632
1.614479 1.105096
1.608202 1.104600
1.601922 1.104363
1.595644 1.104073
1.591238 1.103868
1.589365 1.103802
1.590215 1.101769
1.583084 1.104009
1.576799 1.104756
1.570513 1.105401
1.568469 1.105572
1.962150 1.033282
1.955943 1.032121
1.949770 1.030889
1.961474 1.039945
1.955349 1.038609
1.949246 1.037233
1.943463 1.035176
1.974684 1.049067
1.973253 1.049040
1.967237 1.047861
1.973572 1.048153
1.937106 1.039596
1.930824 1.038614
1.924592 1.037528
1.918369 1.036425
1.948102 1.053451
1.941831 1.052119
1.943305 1.046013
1.935558 1.050844
1.936470 1.046196
1.929284 1.049670
1.930059 1.045489
1.923013 1.048342
1.923661 1.044753
1.973156 1.064227
1.966894 1.061404
1.960629 1.058917
1.954363 1.056567
1.953130 1.056216
1.949414 1.052623
2.042139 1.080461
2.035863 1.079772
2.010766 1.075916
2.004494 1.074424
1.998225 1.072725
1.991955 1.071057
1.985688 1.068960
1.979420 1.066773
1.974741 1.064993
1.973444 1.064123
1.968209 1.060934
2.050079 1.078574
2.043007 1.079271
2.031744 1.079460
2.036244 1.079303
2.029586 1.079293
2.023310 1.078589
2.017037 1.077411
2.012967 1.076434
2.011299 1.074945
2.005894 1.072099
2.182038 1.007002
2.175752 1.007834
2.175109 1.007999
2.176373 1.006774
2.169459 1.009870
2.163171 1.011178
2.162712 1.011317
2.163773 1.010110
2.156874 1.013771
2.238403 1.032386
2.227273 1.023799
2.151700 1.014895
2.150584 1.015134
2.245196 1.033983
2.240023 1.030614
2.407258 0.906843
2.412068 0.916773
2.411747 0.916155
2.413711 0.921763
2.412555 0.920387
2.413080 0.926966
2.411994 0.928464
2.412343 0.926073
2.409462 0.931710
2.406726 0.936615
2.704632 0.733140
2.697098 0.737354
2.693594 0.739520
2.690793 0.741205
2.686630 0.743716
2.684488 0.744954
2.876871 0.709854
2.870857 0.717043
2.877198 0.714382
2.870061 0.722223
2.869625 0.727482
3.307042 0.755630
3.303157 0.758555
3.300736 0.759589
3.296299 0.762776
3.294430 0.763692
3.610396 0.737503
3.606936 0.740408
3.604526 0.741871
3.607445 0.741152
3.600617 0.746326
3.600427 0.746555
3.600644 0.746528
0.103482 0.747978
0.103116 0.748522
0.100277 0.752767
0.104197 0.750860
0.096784 0.756734
0.096017 0.757413
0.967300 1.147799
0.968628 1.144116
0.961007 1.149565
0.957667 1.150694
1.012853 1.160991
1.004868 1.165897
0.998586 1.166071
0.992307 1.165845
0.986027 1.165630
0.979758 1.163950
0.973487 1.162390
0.967221 1.160226
0.960952 1.158186
0.955947 1.155728
0.955710 1.153360
0.289577 0.727393
0.302088 0.735214
0.295836 0.730738
0.293397 0.728949
0.288661 0.728193
0.289978 0.727479
0.283274 0.731002
0.314609 0.741647
0.308354 0.737644
0.303678 0.735918
0.302188 0.735448
0.296324 0.733589
0.327125 0.748738
0.320865 0.745525
0.317457 0.743446
0.314970 0.742213
0.397328 0.758843
0.383571 0.761186
0.377281 0.762717
0.339633 0.757122
0.333383 0.752464
0.331045 0.750944
0.391397 0.762324
0.384369 0.762920
0.374840 0.763268
0.377492 0.763196
0.370992 0.764122
0.364708 0.764682
0.358426 0.764984
0.340720 0.757822
0.378805 0.765671
0.371886 0.766034
0.365174 0.765960
0.358601 0.765591
1.124175 1.097570
1.116224 1.103448
1.109942 1.103687
1.107045 1.103915
1.103655 1.104713
1.104534 1.101516
1.097371 1.105294
1.091088 1.105670
1.086325 1.105911
1.084804 1.106212
1.085158 1.104930
1.078523 1.106279
1.222692 1.150986
1.216415 1.150414
1.210138 1.149986
1.203859 1.149616
1.197580 1.149383
1.191302 1.149007
1.185026 1.148305
1.199103 1.147071
1.191683 1.148497
1.185023 1.148305
1.185026 1.148304
1.178749 1.147817
1.172471 1.147236
1.166196 1.146437
1.159918 1.146094
1.153643 1.145273
0.662948 0.746107
0.656688 0.742918
0.650418 0.741038
0.644143 0.740238
0.637854 0.741524
0.675454 0.754734
0.669203 0.750009
0.667956 0.749146
0.664146 0.745768
0.687968 0.762103
0.681707 0.758901
0.677422 0.755978
0.676270 0.753920
0.731867 0.772274
0.725589 0.771980
0.719312 0.771459
0.713037 0.770582
0.706765 0.769121
0.700496 0.767364
0.694231 0.764868
0.691362 0.763529
1.314248 1.042024
1.307972 1.041251
1.301694 1.040731
1.295415 1.040487
1.292927 1.040705
1.289130 1.041235
1.282845 1.041963
1.276559 1.042837
1.273908 1.042980
1.270276 1.043239
1.264000 1.042596
1.364192 1.089361
1.364193 1.089364
1.364171 1.089360
1.364192 1.089363
1.357915 1.088844
1.502111 1.129207
1.495838 1.128034
1.489564 1.126889
1.483291 1.125740
1.477013 1.125437
1.470735 1.124882
1.464454 1.125064
1.458175 1.124862
1.451896 1.124597
1.451253 1.124562
1.452114 1.124202
1.445617 1.124292
1.439338 1.124033
1.433061 1.123485
1.039798 0.744205
1.047257 0.743665
1.038221 0.744946
1.040112 0.744516
1.033487 0.749068
1.033065 0.749430
1.033610 0.749231
1.027182 0.753077
1.102439 0.770311
1.096170 0.768421
1.096915 0.763354
1.089897 0.767233
1.090885 0.761813
1.083633 0.764589
1.080786 0.762410
1.084304 0.761460
1.122755 0.771029
1.115867 0.771333
1.108696 0.773985
1.105497 0.771700
1.108945 0.771708
1.127478 0.783531
1.127986 0.779496
1.121204 0.782342
1.121692 0.778524
1.114941 0.779567
1.113066 0.778214
1.115145 0.778095
1.172346 0.796082
1.169675 0.803243
1.196361 0.815348
1.190071 0.816992
1.171253 0.813191
1.168061 0.808282
1.189741 0.817075
1.190151 0.816953
1.183783 0.817919
1.177506 0.817482
1.172096 0.814244
1.171552 0.813460
1.315339 0.870930
1.315586 0.868629
1.310607 0.864843
1.312266 0.873929
1.309745 0.871914
1.309332 0.878770
1.309004 0.879548
1.309082 0.878564
1.307011 0.883730
1.784999 1.088737
1.785958 1.085906
1.778720 1.088392
1.772441 1.088178
1.766163 1.087714
1.759886 1.087202
1.753608 1.086712
1.747332 1.086056
1.741055 1.085478
1.734777 1.085101
1.733471 1.084989
1.728500 1.084666
1.961428 0.999175
1.960456 0.999342
1.955136 1.001046
1.948845 1.002570
2.006883 1.008517
1.948404 1.002709
1.942547 1.005367
2.003287 1.016851
1.938859 1.006515
1.936253 1.007479
1.999501 1.021537
1.998955 1.023816
1.997502 1.026527
2.000088 1.024317
1.994014 1.031298
1.992619 1.032568
2.099193 1.063422
2.097483 1.063834
2.092904 1.064813
2.086612 1.066406
2.083955 1.066965
2.080324 1.067693
2.074042 1.067932
2.067758 1.068523
2.063733 1.069077
2.338269 0.998873
2.339253 0.994297
2.331986 0.999338
2.327443 0.999916
2.325700 1.000110
2.325935 0.999141
2.319416 1.000733
2.320602 0.996132
2.313132 1.001300
2.306849 1.001578
2.304964 1.001636
2.300568 1.001684
2.407863 0.778690
2.412850 0.787679
2.407634 0.784400
2.412456 0.793793
2.412433 0.793819
2.412438 0.793780
2.407604 0.789707
2.409868 0.798685
2.407331 0.795537
2.407683 0.803665
2.938890 0.706665
2.932627 0.703939
2.926359 0.701849
2.920085 0.700749
2.913805 0.700746
2.945143 0.710968
2.939734 0.707229
2.939129 0.706577
2.933698 0.703795
2.957646 0.720060
2.951393 0.715720
2.949154 0.714056
2.963893 0.725408
2.958737 0.720913
2.958055 0.719865
3.026603 0.740521
3.020321 0.740680
2.970141 0.730600
2.966404 0.727470
3.039395 0.743907
3.033569 0.741932
3.027279 0.740954
3.017212 0.740915
3.020633 0.740737
3.014037 0.741108
3.007753 0.741648
3.001473 0.741697
2.995194 0.741443
3.051640 0.753824
3.049624 0.751445
3.046091 0.749234
3.040587 0.746587
3.057862 0.763127
3.054502 0.757527
3.052225 0.755771
3.047024 0.752496
3.058037 0.763404
3.057901 0.763290
3.052999 0.759388
3.064090 0.771364
3.062535 0.769446
3.126799 0.786616
3.120518 0.786666
3.114240 0.786246
3.107964 0.785506
3.101689 0.784757
3.095413 0.783914
3.089141 0.782587
3.082869 0.781219
3.076599 0.779587
3.070334 0.777037
3.068041 0.775658
3.115815 0.784992
3.109612 0.783845
3.537397 0.745601
3.544988 0.744835
3.536388 0.746499
3.537647 0.746108
3.531087 0.750182
3.538958 0.748550
3.530269 0.750814
3.531349 0.750377
3.524775 0.755131
3.524600 0.755235
3.524817 0.755175
0.072563 0.771220
0.064829 0.777396
0.063956 0.778429
0.065158 0.777851
0.060008 0.783108
0.058506 0.784057
0.491457 0.717719
0.490368 0.718844
0.492867 0.715986
0.485668 0.723391
0.485137 0.723944
0.480894 0.727956
1.205293 1.056121
1.199017 1.055386
1.230356 1.065420
1.224092 1.062903
1.225521 1.056725
1.217831 1.059875
1.218385 1.057558
1.211564 1.057793
1.210862 1.057603
1.211606 1.057626
1.197136 1.055394
1.192737 1.055325
1.193299 1.053501
1.186452 1.056085
1.180161 1.057638
1.269683 1.068518
1.242875 1.072104
1.236613 1.069194
1.231872 1.066291
1.237581 1.065016
1.179405 1.057880
1.173869 1.059501
1.274221 1.081143
1.267950 1.079609
1.268315 1.076666
1.261677 1.078371
1.262129 1.075461
1.255409 1.076424
1.255707 1.074764
1.249141 1.074491
1.248746 1.074312
1.249182 1.074288
1.299265 1.093505
1.292989 1.092576
1.286699 1.094085
1.280432 1.092005
1.313127 1.097498
1.306686 1.096842
1.300253 1.096173
1.293779 1.095592
1.286997 1.095665
1.276643 1.094717
1.280798 1.094499
1.274127 1.095972
1.288235 1.098286
1.270562 1.099067
1.274783 1.098194
1.267814 1.101078
1.265736 1.103639
0.916535 0.769875
0.910271 0.767261
0.904000 0.765614
0.969146 0.778451
0.966712 0.780529
0.922788 0.774230
0.916823 0.770058
0.916585 0.769904
0.961897 0.782581
0.967965 0.780650
0.960414 0.783196
0.954126 0.784282
0.947839 0.785453
0.946658 0.785479
0.947932 0.785466
1.356185 0.949473
1.350753 0.956576
1.349415 0.961655
1.348672 0.966848
1.348642 0.966911
1.344889 0.971572
1.342313 0.974660
1.680612 1.108839
1.674337 1.107902
1.668062 1.106964
1.661787 1.106088
1.655511 1.105353
1.649237 1.104440
1.642966 1.102863
1.636695 1.101281
1.630421 1.100251
1.624147 1.099301
1.617869 1.098927
1.611592 1.098415
1.605316 1.097651
1.924190 1.060557
1.917910 1.060467
1.911631 1.060257
1.905352 1.060095
1.904569 1.060076
1.899071 1.060024
1.900525 1.056119
1.892791 1.060025
1.886509 1.060284
1.880226 1.060693
1.876246 1.060877
1.873945 1.060852
2.151765 1.026731
2.151900 1.026279
2.145479 1.027655
2.147072 1.022164
2.139185 1.029785
2.139106 1.029815
2.132887 1.032584
2.195589 1.048903
2.196936 1.041409
2.189871 1.042092
2.129629 1.033614
2.126596 1.034295
2.127695 1.030829
2.120307 1.035537
2.192295 1.048990
2.189310 1.048724
2.187826 1.048268
2.189430 1.048253
2.393923 0.955403
2.392553 0.956451
2.387833 0.959717
2.386242 0.961289
2.381842 0.964074
2.387488 0.962093
2.379938 0.965140
2.373640 0.967888
2.373267 0.968047
2.416977 0.803568
2.416868 0.803715
2.411763 0.800448
2.411039 0.808072
2.410665 0.808571
2.410757 0.807823
2.408795 0.813033
2.406844 0.818061
2.666758 0.762880
2.658786 0.770150
2.658108 0.770624
2.660180 0.767758
2.652478 0.774492
2.651869 0.774941
2.653157 0.773595
3.237456 0.768048
3.231178 0.767754
3.250785 0.769237
3.244297 0.768680
3.237748 0.768254
3.230549 0.767774
3.231225 0.767776
3.224897 0.767852
3.218615 0.768110
3.212331 0.768562
3.206047 0.769154
3.264005 0.775038
3.257742 0.774003
3.219856 0.768502
3.212982 0.768766
3.206020 0.769158
3.206050 0.769156
3.605700 0.739645
3.598980 0.740389
3.592686 0.742544
3.600185 0.742238
3.590756 0.743546
3.592934 0.743309
3.586384 0.746020
3.593755 0.746825
3.583455 0.747705
3.586642 0.747594
3.580086 0.748703
0.028293 0.794491
0.036241 0.792427
0.027322 0.794842
0.028517 0.794513
0.022002 0.796150
0.015713 0.797419
0.012998 0.797857
0.016868 0.795839
0.009426 0.798306
0.003145 0.798546
0.150437 0.747573
0.144165 0.746137
0.137896 0.744375
0.131623 0.743112
0.125350 0.741979
0.119074 0.741182
0.162981 0.750208
0.156709 0.748841
0.154401 0.748376
0.150510 0.747579
0.144470 0.746064
0.138639 0.744116
0.132558 0.742706
0.126487 0.741278
0.113726 0.741853
0.112788 0.742139
0.996923 1.130886
0.989578 1.134103
0.983637 1.136469
0.983282 1.136611
0.976986 1.139081
0.970702 1.139584
0.970480 1.139659
0.970887 1.139301
0.964408 1.141686
1.022631 1.153357
1.020856 1.153809
1.014562 1.155931
0.960736 1.143432
0.958098 1.146355
1.012198 1.156980
1.008272 1.157464
1.001989 1.157930
0.995703 1.158626
0.989423 1.158586
0.983151 1.157322
0.804043 0.744350
0.796930 0.746857
0.790639 0.748524
0.788566 0.749064
0.791821 0.746877
0.784348 0.750170
0.778060 0.751407
1.343453 0.988381
1.343130 0.994291
1.344792 1.003035
1.342549 1.000760
1.342560 1.007979
1.342296 1.006534
1.343149 1.013392
1.345334 1.019071
1.585955 1.113136
1.579671 1.113760
1.575251 1.114391
1.573384 1.114759
1.574196 1.112370
1.567099 1.115608
1.560814 1.116172
1.554533 1.116270
1.553796 1.116275
1.548251 1.116507
1.541972 1.116325
1.945430 1.012848
1.946809 1.007125
1.939143 1.013947
1.938208 1.014167
1.932850 1.015806
1.926560 1.017361
1.925823 1.017489
1.920267 1.019281
1.913982 1.020117
1.989769 1.033087
1.989261 1.033756
1.984745 1.037569
1.982948 1.038910
1.976658 1.040466
1.971482 1.040758
1.977382 1.040035
1.970375 1.040828
1.964095 1.040836
1.957809 1.041478
2.077268 1.073694
2.076935 1.073764
2.070652 1.074209
2.064368 1.074682
2.058082 1.075581
2.056448 1.075638
2.058850 1.074262
2.051799 1.075814
2.045520 1.075635
2.039243 1.075090
2.032968 1.074350
2.026694 1.073312
2.020420 1.072104
2.205920 1.004845
2.199652 1.002737
2.293732 1.023085
2.287447 1.023728
2.218434 1.012316
2.212183 1.007648
2.212127 1.007614
2.283015 1.024277
2.281161 1.024507
2.281599 1.023052
2.274878 1.024998
2.268598 1.024881
2.262320 1.024335
2.256047 1.023327
2.249774 1.022055
2.243502 1.020742
2.237229 1.019453
2.230956 1.018344
2.410976 0.897610
2.409240 0.900573
2.408022 0.902442
2.407336 0.907657
2.407909 0.913087
2.448723 0.732120
2.442908 0.738165
2.449064 0.736609
2.486915 0.747458
2.442609 0.743424
2.449106 0.741761
2.455638 0.747477
2.444654 0.749077
2.448649 0.747985
2.731888 0.731466
2.725612 0.730845
2.719333 0.730478
2.726655 0.729334
2.718820 0.730477
2.719417 0.730378
2.713050 0.730882
2.706764 0.731783
2.700479 0.732598
2.884487 0.702775
2.878815 0.709120
2.885057 0.706777
2.877566 0.714227
2.877278 0.716309
2.876850 0.719442
2.877381 0.719246
3.316467 0.737738
3.328795 0.745455
3.322852 0.743731
3.310475 0.745232
3.316367 0.743171
3.334257 0.753426
3.328708 0.750861
3.322565 0.749571
3.311592 0.750709
3.315807 0.749594
3.308738 0.752451
3.305014 0.754973
3.302433 0.756113
0.222819 0.756159
0.249456 0.757637
0.242922 0.757180
0.236459 0.756571
0.229808 0.756365
0.218488 0.756195
0.223105 0.756268
0.216539 0.756169
0.210257 0.756343
0.203979 0.755877
0.197700 0.755653
0.191423 0.755120
0.185146 0.754582
1.011815 1.127145
1.005539 1.126210
1.024332 1.133940
1.018083 1.129089
1.017021 1.128739
1.012515 1.126391
1.003972 1.126635
1.006099 1.125683
0.999247 1.128091
0.992956 1.129743
1.026150 1.135510
0.992140 1.130054
0.993220 1.129619
0.986656 1.132861
1.029569 1.141366
1.024257 1.145831
0.983961 1.134088
1.024254 1.145835
1.024266 1.145816
1.017970 1.146895
1.012397 1.149288
0.464111 0.751440
0.459392 0.755724
0.459133 0.755933
0.459615 0.755497
0.453419 0.760341
0.453082 0.760545
1.173312 1.081102
1.167738 1.082178
1.167023 1.082367
1.167288 1.081498
1.160738 1.082996
1.162401 1.077530
1.154455 1.083364
1.148176 1.083253
1.141896 1.083141
1.139903 1.083018
1.135616 1.082932
1.136045 1.081437
1.129334 1.083297
1.123053 1.083379
1.256451 1.108502
1.259809 1.123524
1.258516 1.128612
1.254638 1.131696
1.253232 1.133075
1.248341 1.134115
1.242056 1.134884
1.236865 1.135798
1.235770 1.135860
0.811197 0.741986
0.807045 0.742830
0.812663 0.740355
0.804909 0.743256
0.798620 0.744518
0.793242 0.745944
0.792329 0.746223
0.868453 0.761342
1.343386 0.988306
1.342342 0.993434
1.340888 0.998513
1.343358 1.007807
1.341258 1.003898
1.344632 1.009773
1.606501 1.108649
1.600221 1.108538
1.594543 1.108295
1.593942 1.108278
1.594162 1.107728
1.587661 1.108388
1.581376 1.109013
1.575090 1.109856
1.572733 1.110104
1.568806 1.110505
1.569988 1.106996
1.562522 1.111047
1.556240 1.111249
1.096565 0.746542
1.093367 0.748384
1.094424 0.743803
1.087092 0.747611
1.080823 0.745836
1.074547 0.745023
1.068268 0.744723
1.061989 0.744567
1.181071 0.783677
1.181795 0.779855
1.174790 0.783737
1.175825 0.778188
1.171926 0.785190
1.168485 0.787465
1.169157 0.783250
1.166519 0.789639
1.238895 0.803270
1.224880 0.808160
1.164381 0.794635
1.221474 0.809080
1.225694 0.807870
1.218587 0.809945
1.212298 0.811364
1.206577 0.812018
1.213153 0.811104
1.206013 0.812100
1.307683 0.835774
1.313438 0.843118
1.312595 0.850270
1.312540 0.850334
1.312554 0.850231
1.309332 0.855057
1.307490 0.851903
1.307008 0.860015
1.306180 0.862731
1.306562 0.859122
1.814924 1.079664
1.813529 1.079650
1.813704 1.079064
1.807249 1.079538
1.808150 1.076510
1.800968 1.079604
1.794689 1.079350
1.788409 1.079217
1.782129 1.079088
1.778194 1.079066
1.775849 1.079176
1.776635 1.077038
1.769568 1.079242
1.763289 1.079046
1.996204 0.995690
1.989934 0.993928
1.983656 0.993624
1.977379 0.992986
1.971103 0.992329
1.964824 0.992095
2.002438 1.002883
1.998102 0.997598
1.996510 0.996617
1.990666 0.994695
1.984556 0.993344
1.978343 0.992212
1.971997 0.991365
1.964211 0.992170
1.965000 0.991892
1.958536 0.993287
2.003008 1.003696
2.002583 1.003286
1.997091 1.000628
2.007030 1.009660
2.004812 1.014639
2.141231 1.050333
2.134008 1.053761
2.135362 1.048448
2.127731 1.053193
2.121448 1.053362
2.116806 1.053837
2.115164 1.054021
2.115383 1.053114
2.108879 1.054758
2.110314 1.049548
2.102593 1.055678
2.097181 1.056017
2.096309 1.056085
2.096497 1.055485
2.090017 1.057851
2.362284 0.975595
2.357935 0.977214
2.363490 0.975304
2.355989 0.977886
2.349692 0.980541
2.348756 0.981047
2.350007 0.980518
2.343391 0.983806
2.339593 0.984916
2.337097 0.985844
2.413044 0.833028
2.413691 0.841416
2.411692 0.844387
2.412215 0.840025
2.410398 0.846197
2.406840 0.842370
2.407177 0.851013
2.405787 0.849853
2.529745 0.731992
2.515795 0.737534
2.523572 0.735993
2.515069 0.738081
2.516001 0.737746
2.509491 0.741291
2.508066 0.742273
2.510116 0.741162
2.605094 0.764898
2.610644 0.772682
2.628525 0.788031
2.613522 0.780456
2.609714 0.783032
2.610310 0.778613
2.604973 0.775611
2.628104 0.788106
2.629056 0.787033
2.608255 0.784910
2.604512 0.781837
2.622410 0.792494
2.622215 0.792702
2.606690 0.789981
2.604270 0.787612
2.616605 0.796895
2.615903 0.797599
2.608193 0.795560
2.766104 0.726322
2.752412 0.730373
2.746133 0.730228
2.739856 0.729452
2.733580 0.728755
2.731724 0.728662
2.734806 0.726364
2.727301 0.728551
2.721016 0.729401
3.162190 0.776346
3.155322 0.778594
3.149031 0.780254
3.147631 0.780633
3.149443 0.779973
3.142740 0.781916
3.136448 0.783610
3.134113 0.783802
3.372124 0.727103
3.365842 0.727388
3.392364 0.728920
3.386234 0.727600
3.379846 0.726833
3.373224 0.726567
3.364583 0.727727
3.366164 0.727234
3.359543 0.730281
3.417664 0.737755
3.357848 0.731960
3.360357 0.730482
3.353238 0.734245
3.434733 0.758118
3.430083 0.750501
3.440976 0.764048
3.436276 0.760486
3.435130 0.759357
3.472315 0.774061
3.466035 0.774097
3.459762 0.772705
3.453494 0.770837
3.447229 0.768307
3.444977 0.767191
3.441910 0.764526
3.473873 0.773532
3.467007 0.773785
3.460953 0.772314
3.455164 0.770290
3.659505 0.704309
3.653230 0.703336
3.684571 0.713057
3.678314 0.709480
3.672047 0.707341
3.665774 0.705963
3.662458 0.705166
3.659591 0.704502
3.652109 0.703503
3.653298 0.703535
3.646945 0.704078
3.697092 0.719480
3.690831 0.716294
3.686229 0.714298
3.684823 0.713480
3.679314 0.710844
3.673388 0.709106
3.667051 0.708239
3.660726 0.707352
3.709609 0.726458
3.703349 0.723233
3.700931 0.721968
3.697767 0.719885
3.692289 0.717195
3.722122 0.733936
3.715865 0.730315
3.714372 0.729436
3.710478 0.726789
3.728378 0.737918
3.726202 0.736646
3.722835 0.734448
3.717469 0.731534
0.117396 0.741639
0.111101 0.743914
0.156673 0.748830
0.110009 0.745129
0.112309 0.742721
0.106229 0.749849
0.104778 0.750694
0.975287 1.142660
0.969004 1.143091
0.968505 1.143234
0.962714 1.144697
1.012855 1.160985
0.957678 1.146807
0.956400 1.149999
1.012853 1.160986
1.006569 1.161738
1.000287 1.162054
0.994005 1.162276
0.987726 1.162021
0.981454 1.160698
0.975180 1.159577
0.968912 1.157664
0.962645 1.155592
0.956386 1.152256
0.955777 1.151832
0.424631 0.757155
0.451308 0.758834
0.444515 0.758932
0.437843 0.758772
0.431238 0.758467
0.423143 0.757941
0.424716 0.757984
0.418336 0.759416
0.438717 0.762132
0.431945 0.762185
0.425292 0.761984
0.412574 0.761551
0.418655 0.761752
0.412041 0.761644
0.405753 0.762887
1.146305 1.091841
1.144770 1.091965
1.145717 1.089564
1.138486 1.092560
1.132204 1.092833
1.125923 1.092798
1.119643 1.092728
1.118835 1.092717
1.113361 1.092947
1.114643 1.089146
1.107075 1.093824
1.100792 1.094048
1.253391 1.140909
1.251227 1.141302
1.244936 1.142945
1.239730 1.143996
1.238647 1.144030
1.239318 1.142395
1.232367 1.143985
1.226089 1.143719
1.219809 1.143595
1.213528 1.143761
1.207248 1.143566
1.204493 1.143689
1.200967 1.143705
0.658362 0.742935
0.670883 0.749281
0.664626 0.745619
0.661663 0.744274
0.746133 0.767739
0.675001 0.751735
0.743210 0.767971
0.739848 0.768468
0.733566 0.768649
0.727286 0.768454
0.721009 0.767998
0.714734 0.767174
0.708461 0.765906
0.702191 0.764381
1.326030 1.036842
1.322230 1.037855
1.315949 1.037860
1.309670 1.037604
1.303391 1.037338
1.297110 1.037460
1.296995 1.037472
1.297159 1.037386
1.290824 1.038308
1.284540 1.038849
1.535165 1.133063
1.528895 1.131287
1.522626 1.129509
1.516357 1.127671
1.510085 1.126275
1.503812 1.125104
1.497539 1.123936
1.491263 1.123068
1.484987 1.122408
1.478707 1.122338
1.472430 1.121876
1.466149 1.121924
1.459869 1.121800
1.457334 1.121676
1.460418 1.120919
1.453590 1.121545
1.066603 0.743169
1.060319 0.743580
1.054039 0.743564
1.079202 0.747502
1.073698 0.744836
1.067131 0.744452
1.060560 0.744074
1.053966 0.743581
1.054047 0.743577
1.047754 0.744269
1.041461 0.746237
1.097916 0.757361
1.098276 0.755218
1.091636 0.757321
1.092405 0.753340
1.085368 0.755233
1.084012 0.753723
1.085755 0.753134
1.040459 0.746751
1.041689 0.746421
1.122961 0.769476
1.129224 0.772191
1.126364 0.771155
1.129314 0.771433
1.173057 0.792796
1.173923 0.787483
1.171774 0.794373
1.167879 0.791205
1.168007 0.799073
1.167080 0.798145
1.213156 0.811647
1.217742 0.810441
1.210618 0.812161
1.204333 0.812762
1.198046 0.813822
1.168440 0.804467
1.167348 0.802834
1.205910 0.812147
1.196421 0.814261
1.198400 0.813760
1.191755 0.815444
1.185468 0.816502
1.313807 0.859674
1.310780 0.863528
1.311548 0.857608
1.310084 0.864376
1.307305 0.869253
1.799260 1.084677
1.792983 1.084163
1.786705 1.083839
1.782468 1.083632
1.780426 1.083613
1.780892 1.082316
1.774145 1.083744
1.767865 1.083517
1.761587 1.083104
1.755309 1.082701
1.749033 1.082101
1.742756 1.081436
1.988850 0.993351
1.981975 0.994486
1.975693 0.994798
1.969412 0.994858
1.963128 0.995281
2.001876 0.999568
1.961214 0.995564
1.956837 0.996860
1.950547 0.998524
2.006476 1.008157
1.949067 0.998949
2.005052 1.013226
2.003031 1.018216
2.000878 1.023202
2.000632 1.023581
2.000841 1.022728
2.114641 1.057398
2.113468 1.057419
2.107180 1.058553
2.100890 1.059912
2.099497 1.060258
2.094601 1.061269
2.088311 1.062852
2.085415 1.063333
2.082024 1.063938
2.348000 0.983127
2.344264 0.984215
2.341706 0.985188
2.335410 0.987635
2.334036 0.987888
2.335950 0.986957
2.329123 0.988711
2.322832 0.990562
2.417040 0.851166
2.416243 0.853078
2.416386 0.850759
2.411360 0.847080
2.416192 0.860987
2.414886 0.856117
2.410721 0.853681
2.416427 0.861680
2.416183 0.862502
2.416215 0.861583
2.410458 0.859488
2.413857 0.866602
3.034537 0.743961
3.028266 0.742349
3.021990 0.741628
3.040796 0.747286
3.037957 0.745675
3.034808 0.744541
3.028723 0.743144
3.047043 0.752584
3.046896 0.752431
3.141056 0.783346
3.140732 0.783425
3.141165 0.783241
3.134762 0.785504
3.128477 0.786098
3.122200 0.785668
3.129135 0.785361
3.119956 0.785401
3.122297 0.785554
3.115924 0.784853
3.109650 0.783791
3.106704 0.783294
3.411435 0.734590
3.405170 0.732241
3.398901 0.730316
3.392631 0.728625
3.386358 0.727469
3.380083 0.726623
3.373805 0.726258
3.367520 0.726809
3.423948 0.742161
3.417695 0.737783
3.417499 0.737656
3.412460 0.734455
3.426414 0.744390
3.424647 0.742473
3.430175 0.750720
3.429954 0.750265
3.436397 0.759796
3.433466 0.756148
3.492844 0.772101
3.486563 0.772181
3.480280 0.772489
3.448910 0.767419
3.442650 0.764187
3.439521 0.762446
3.474791 0.773401
3.481892 0.770841
3.473994 0.773419
3.467715 0.773131
3.461443 0.771925
3.455173 0.770285
3.455108 0.770263
3.686239 0.714404
3.679975 0.711625
3.673707 0.709650
3.705020 0.723772
3.698761 0.720388
3.692500 0.717387
3.689940 0.716333
3.711278 0.727415
3.705657 0.724171
3.705127 0.723843
0.056844 0.782194
0.053347 0.785925
0.057927 0.784117
0.050530 0.787428
0.045051 0.789914
0.052024 0.787585
0.044232 0.790167
0.037943 0.791450
0.196032 0.754453
0.189754 0.753983
0.183476 0.753584
0.177200 0.753001
0.170924 0.752057
0.164653 0.750684
0.158382 0.749122
0.152112 0.747542
0.145844 0.745706
0.139574 0.743788
0.133304 0.742340
0.216426 0.756124
0.209677 0.756128
0.203201 0.755548
0.196674 0.755079
0.190222 0.754448
0.183755 0.753853
0.177353 0.753117
0.171072 0.752124
0.164967 0.750768
0.158959 0.749210
1.017221 1.130763
0.998746 1.129701
0.997560 1.130008
0.991269 1.131642
1.024570 1.139171
0.987552 1.133198
0.984970 1.134496
0.978674 1.136945
1.027173 1.144882
0.977988 1.136988
0.978802 1.136827
0.972392 1.137223
1.022741 1.149471
1.022559 1.149498
1.024230 1.145894
1.016270 1.150908
1.011451 1.152986
1.009974 1.153203
1.003690 1.153694
0.471439 0.743414
0.467399 0.747806
0.467208 0.748029
0.467880 0.747032
0.462487 0.752594
0.461079 0.754010
1.181311 1.074178
1.178447 1.074699
1.175023 1.075424
1.175988 1.072099
1.168733 1.076933
1.162449 1.077375
1.162241 1.077394
1.156163 1.078196
1.149882 1.078248
1.143603 1.078142
1.137327 1.077458
1.256460 1.108485
1.256458 1.108482
1.256463 1.108477
1.259329 1.114237
1.259909 1.119633
1.258001 1.124642
1.256351 1.125678
1.257490 1.121986
1.251737 1.128973
1.250048 1.129268
1.250736 1.127266
0.839685 0.739639
0.833412 0.738388
0.827135 0.737835
0.852196 0.747401
0.845946 0.742648
0.842159 0.740691
0.839951 0.739722
0.833863 0.738329
0.824291 0.737843
0.827416 0.737698
0.820854 0.737883
0.858445 0.752573
0.852515 0.747671
0.852276 0.747449
0.908596 0.767079
0.902322 0.766055
0.870957 0.760282
0.864698 0.756930
0.860794 0.754323
0.921126 0.772078
0.914865 0.768955
0.910431 0.767587
0.908706 0.767054
0.899098 0.765766
0.902479 0.765945
0.896045 0.765545
0.889767 0.765225
0.883489 0.764660
0.877219 0.763084
0.874459 0.761834
0.952456 0.783644
0.933628 0.781313
0.927378 0.776609
0.925766 0.775360
0.921890 0.772953
0.960102 0.783021
0.948227 0.784280
0.953017 0.783741
0.946169 0.784615
0.939891 0.784132
0.935560 0.782242
0.933799 0.781562
0.928514 0.778466
0.941252 0.785324
1.345680 0.964966
1.348035 0.962908
1.344137 0.970011
1.348621 0.966889
1.341914 0.974963
1.340608 0.979374
1.340317 0.980034
1.660085 1.110456
1.653810 1.109617
1.647537 1.108188
1.641269 1.106235
1.635000 1.104466
1.628727 1.103332
1.622453 1.102379
1.616175 1.101829
1.609898 1.101259
1.603621 1.100722
1.597343 1.100345
1.591066 1.099757
1.589071 1.099656
1.584787 1.099502
1.960768 1.000911
1.953433 1.005361
1.947147 1.006181
1.946676 1.006325
1.940848 1.009108
1.997274 1.024833
1.937394 1.010143
1.934555 1.011117
1.928264 1.012937
1.996970 1.025041
1.997669 1.024237
1.925205 1.013533
1.992791 1.029661
1.990942 1.032976
1.989601 1.034460
1.991469 1.033529
1.984625 1.038556
1.983459 1.038808
1.984869 1.038475
1.978342 1.039037
2.091207 1.068069
2.084918 1.069426
2.080804 1.070351
2.078629 1.070795
2.072348 1.070980
2.066062 1.071620
2.060961 1.072486
2.059775 1.072702
2.053491 1.073392
2.047211 1.073384
2.302697 1.018248
2.301718 1.018319
2.301955 1.017582
2.295436 1.018488
2.289155 1.018538
2.282874 1.018770
2.277061 1.019433
2.276588 1.019497
2.276694 1.019135
2.270305 1.019871
2.271517 1.015820
2.264027 1.019451
2.257754 1.018403
2.407547 0.903426
2.407518 0.908015
2.406986 0.906173
2.408449 0.911710
2.408178 0.910104
2.410030 0.917280
2.408770 0.914104
2.409873 0.922586
2.440281 0.746949
2.440578 0.752298
2.439890 0.756114
2.439871 0.759204
2.439561 0.757457
2.439963 0.757337
2.440225 0.762901
2.675260 0.754977
2.674791 0.755365
2.669840 0.759421
2.668479 0.760381
3.284326 0.769653
3.251667 0.772076
3.245397 0.770436
3.239124 0.769321
3.232849 0.768469
3.226568 0.768472
3.266469 0.774958
3.271370 0.773720
3.264210 0.775039
3.257935 0.774072
3.253335 0.772846
3.251817 0.772254
3.245815 0.770672
3.239641 0.769463
3.233316 0.768574
3.226061 0.768495
3.226611 0.768484
3.572167 0.742894
3.585941 0.743831
3.579218 0.743781
3.569460 0.744016
3.572369 0.743999
3.565875 0.744651
3.559586 0.746001
3.579820 0.747750
3.573159 0.747570
3.566567 0.747244
3.556864 0.747327
3.559895 0.747083
0.263876 0.752423
0.257593 0.752928
0.251311 0.753019
0.247554 0.753079
0.245030 0.753097
0.245651 0.751365
0.238749 0.753153
0.232469 0.753219
1.090478 1.135546
1.090994 1.131717
1.084201 1.135099
1.084910 1.130292
1.021452 1.126177
1.015176 1.125530
1.081205 1.136574
1.077883 1.140910
1.078464 1.134868
1.071609 1.139903
1.072308 1.133608
1.066346 1.131938
1.059075 1.135678
1.059545 1.132053
1.052796 1.135472
1.053607 1.130337
1.033966 1.133523
1.027712 1.129468
1.025356 1.127630
1.128053 1.152652
1.121782 1.151139
1.115511 1.149638
1.109241 1.148083
1.102971 1.146307
1.096701 1.144574
1.090424 1.144117
1.084141 1.144440
1.077879 1.141572
1.071605 1.140576
1.068520 1.139845
1.064624 1.139222
1.065385 1.139224
1.059039 1.141369
1.052767 1.139989
1.049133 1.136750
1.046825 1.135666
1.038111 1.134997
1.040358 1.135075
1.033954 1.135398
1.091669 1.145964
1.084860 1.146096
1.078677 1.144901
1.072402 1.143905
1.066108 1.142951
1.059256 1.143170
1.053048 1.142036
0.507364 0.718644
0.563800 0.732394
0.557535 0.730057
0.551266 0.728279
0.544995 0.726782
0.538722 0.725615
0.532442 0.725443
0.526165 0.724874
0.510439 0.719616
0.507386 0.719074
0.582603 0.738575
0.576334 0.736743
0.570067 0.734722
0.568964 0.734302
0.564011 0.733005
0.557953 0.731537
0.551718 0.730450
0.545389 0.729565
0.538990 0.728829
0.532555 0.728170
0.526203 0.727337
0.596313 0.741292
0.589657 0.741097
0.583277 0.740315
0.577254 0.738774
0.571284 0.737132
0.565146 0.735848
1.221271 1.045776
1.214996 1.044760
1.208719 1.044135
1.271429 1.059213
1.240060 1.053870
1.233801 1.050511
1.235090 1.045482
1.227538 1.047816
1.224264 1.046659
1.227935 1.046350
1.208377 1.044116
1.202441 1.043830
1.203758 1.040400
1.196156 1.044563
1.269613 1.059266
1.265145 1.059789
1.265720 1.057333
1.258866 1.059635
1.259873 1.055411
1.252590 1.058890
1.253710 1.054168
1.246322 1.056784
1.242243 1.054857
1.246890 1.054321
1.329644 1.084849
1.335306 1.082907
1.328866 1.090017
1.335545 1.087625
1.327745 1.092190
1.377900 1.106327
1.325982 1.094860
1.328096 1.094353
1.321426 1.098280
1.384136 1.113272
1.379864 1.108845
1.378925 1.106297
1.329108 1.097464
1.319444 1.099137
1.321665 1.098932
1.315133 1.100229
1.308854 1.100051
1.390381 1.118836
1.385948 1.115120
1.385205 1.112520
1.402893 1.126657
1.396633 1.123454
1.393797 1.121685
1.454312 1.133906
1.440517 1.135989
1.434242 1.135169
1.427967 1.134241
1.421694 1.133085
1.415424 1.131350
1.409156 1.129478
1.409097 1.129452
1.026357 0.752240
1.025508 0.752724
1.019209 0.755582
1.017735 0.756177
1.019443 0.755908
1.094431 0.778469
1.095737 0.771095
1.088168 0.775724
1.089250 0.770536
1.106955 0.784315
1.107821 0.779334
1.125739 0.793420
1.126823 0.787205
1.119473 0.791203
1.120543 0.786203
1.113208 0.788786
1.109531 0.786852
1.113815 0.786163
1.182100 0.819261
1.169559 0.816000
1.163977 0.811531
1.180366 0.819474
1.182266 0.819391
1.175819 0.819329
1.173405 0.818348
1.319863 0.883744
1.314825 0.875475
1.319109 0.884242
1.314156 0.882128
1.314573 0.888809
1.313545 0.889715
1.313671 0.888391
1.308514 0.885017
1.310359 0.893454
1.307934 0.891498
1.357385 0.909206
1.351112 0.907913
1.344835 0.907514
1.338554 0.907539
1.308186 0.898446
1.363629 0.914863
1.361413 0.912265
1.357996 0.910287
1.351760 0.909204
1.345255 0.908692
1.337121 0.908382
1.338730 0.908224
1.332253 0.910745
1.365798 0.918285
1.364672 0.915695
1.369833 0.927018
1.368272 0.924011
1.770740 1.092321
1.764464 1.091646
1.758186 1.091025
1.751909 1.090529
1.745633 1.089913
1.739355 1.089485
1.736803 1.089390
1.733074 1.089394
1.734481 1.085821
1.726796 1.089140
1.720514 1.089292
1.714233 1.089396
1.707951 1.089539
1.280169 0.805185
1.273898 0.803566
1.267621 0.802936
1.261336 0.803828
1.286430 0.808240
1.285973 0.807767
1.280935 0.805190
1.275219 0.803019
1.261313 0.803834
1.261343 0.803820
1.288586 0.813509
1.287328 0.811201
1.291440 0.819301
1.868858 1.070336
1.862581 1.069717
1.856305 1.069014
1.850030 1.068187
1.863651 1.068027
1.856669 1.068529
1.848696 1.068086
1.850153 1.068036
1.843751 1.067924
1.837470 1.067946
1.831192 1.067686
1.824914 1.067207
1.818638 1.066596
1.812359 1.066159
2.167764 1.013104
2.161477 1.014136
2.159909 1.014755
2.155178 1.016913
2.148891 1.017914
2.148068 1.018171
2.149842 1.016286
2.142597 1.020187
2.138402 1.021971
2.412833 0.940041
2.409343 0.944771
2.408534 0.945607
2.409589 0.942405
2.403721 0.949180
2.402224 0.950215
2.398248 0.953640
2.422052 0.771986
2.407928 0.777947
2.407791 0.778535
2.407176 0.783739
2.407052 0.789040
2.406431 0.794281
2.674329 0.755895
2.666809 0.762820
2.666788 0.762835
2.660625 0.767144
2.660479 0.767237
2.891614 0.700479
2.899096 0.700385
2.889846 0.701694
2.892007 0.701117
2.886306 0.706430
2.892933 0.704387
2.885275 0.709695
2.884836 0.711524
2.885399 0.711308
2.961955 0.725917
2.999587 0.742462
2.992919 0.742290
2.986489 0.741611
2.980630 0.739714
3.068319 0.775087
3.079918 0.784368
3.074714 0.781060
3.349846 0.740613
3.347590 0.743400
3.343537 0.745161
3.339873 0.747478
3.337236 0.748270
3.625746 0.721565
3.622937 0.726268
3.622868 0.726413
3.623024 0.726237
3.618429 0.731041
0.080451 0.763559
0.073524 0.770766
0.072822 0.771624
0.069788 0.775476
0.073872 0.773676
0.066495 0.778978
0.065623 0.780146
0.452150 0.758714
0.451416 0.759056
0.445125 0.760691
0.452985 0.760495
0.440253 0.762104
0.445625 0.761791
0.438834 0.762414
0.432544 0.763769
1.159033 1.087696
1.152752 1.087873
1.146471 1.087731
1.145153 1.087741
1.140189 1.088098
1.141574 1.084015
1.133909 1.088031
1.127628 1.088107
1.121347 1.088265
1.115067 1.087972
1.113814 1.088054
1.258443 1.132515
1.253333 1.136982
1.252928 1.137058
1.253292 1.136142
1.246638 1.138597
1.240351 1.139610
1.238341 1.139890
1.234069 1.139954
1.227788 1.139908
1.221507 1.140063
0.782054 0.753314
0.768386 0.758123
0.766087 0.758545
0.769987 0.755498
0.762097 0.759425
0.755810 0.760368
0.749525 0.761081
0.748685 0.761086
1.341311 1.020893
1.338448 1.025724
1.338215 1.026295
1.332785 1.030126
1.331908 1.030417
1.325613 1.032622
1.319338 1.031845
1.564426 1.125763
1.563683 1.125801
1.563835 1.125318
1.557403 1.125865
1.551122 1.125750
1.544842 1.125637
1.538569 1.124501
1.532297 1.123202
1.526024 1.121915
1.519751 1.120693
1.513477 1.119734
1.507201 1.119101
1.500924 1.118478
1.494647 1.117916
1.944722 1.058227
1.938444 1.057721
1.932167 1.057293
1.925888 1.056974
1.919612 1.056306
1.913334 1.055819
1.907055 1.055682
1.900776 1.055403
1.970629 1.064897
1.965107 1.062269
1.899170 1.055334
1.894497 1.055242
1.895372 1.052755
1.888214 1.055546
1.983806 1.070790
2.346939 0.987069
2.339996 0.990765
2.335594 0.992025
2.333705 0.992415
2.334852 0.989287
2.327422 0.992870
2.321133 0.994124
2.318101 0.994539
2.314848 0.994897
2.308565 0.995255
2.421457 0.859569
2.415984 0.856838
2.425869 0.867095
2.421815 0.864022
2.423878 0.872073
2.421545 0.869834
2.416001 0.867290
2.421625 0.877029
2.420690 0.878018
2.420951 0.876343
2.414394 0.880348
2.415377 0.873871
2.507791 0.745073
2.506398 0.745888
2.501491 0.748180
2.495205 0.749152
2.494134 0.749244
2.495353 0.749096
2.488917 0.750298
2.621682 0.788377
2.615305 0.787583
2.609472 0.785631
2.622170 0.792560
2.615132 0.793177
2.609156 0.791540
2.615814 0.796984
2.609479 0.796117
3.357858 0.731671
3.354936 0.735378
3.351546 0.736672
3.347503 0.739503
3.345241 0.740578
3.446882 0.768304
3.638983 0.705051
3.671829 0.707188
3.665696 0.705874
3.646508 0.703627
3.638732 0.705247
3.639042 0.705160
3.690316 0.716169
3.634731 0.709920
3.702968 0.723187
3.715612 0.730226
3.728031 0.737748
-0.011046 0.791453
-0.017297 0.786653
0.020670 0.796872
0.014031 0.798425
0.007745 0.799259
0.001468 0.798815
-0.004793 0.795649
-0.009148 0.792870
-0.010873 0.792180
-0.016394 0.789577
0.008631 0.798986
0.001833 0.799094
-0.003988 0.797134
0.287406 0.732950
0.319177 0.742379
0.280454 0.739961
0.279865 0.740260
0.280223 0.739104
0.273570 0.742474
0.267287 0.743003
0.266621 0.743063
0.261002 0.743674
0.350494 0.757996
1.100222 1.117766
1.100951 1.114398
1.093939 1.118112
1.095441 1.111748
1.087663 1.117413
1.081381 1.117671
1.077394 1.117554
1.075098 1.117947
1.075356 1.116648
1.068808 1.119614
1.062537 1.118068
1.056252 1.118765
1.055169 1.119332
1.181641 1.153740
1.175362 1.153475
1.169084 1.153175
1.162811 1.151839
1.156536 1.150986
1.150259 1.150444
1.143985 1.149432
1.169957 1.151657
1.164032 1.149905
1.157156 1.150179
1.150324 1.150358
1.143589 1.149428
1.144047 1.149358
1.137706 1.149092
1.131432 1.148118
1.125158 1.147186
1.118881 1.146543
1.112605 1.145876
1.106331 1.144856
0.512718 0.711599
0.502752 0.711638
0.505995 0.711550
0.499446 0.712592
0.531887 0.719114
0.525825 0.717646
0.519636 0.716454
0.513354 0.715465
0.506900 0.714841
0.493578 0.715459
0.500214 0.714711
0.493145 0.715676
0.550903 0.726957
0.544795 0.725588
0.538608 0.724391
0.532344 0.723365
0.526113 0.722267
0.519849 0.721248
0.513590 0.720215
0.487076 0.719750
0.486838 0.719938
0.576054 0.736112
0.570010 0.734606
1.225815 1.055243
1.219554 1.052239
1.220972 1.046809
1.213282 1.050869
1.214671 1.045860
1.207009 1.049785
1.208688 1.044238
1.200730 1.049409
1.194448 1.049663
1.269696 1.068444
1.271277 1.059883
1.238336 1.061735
1.239797 1.055059
1.232078 1.058171
1.228409 1.056527
1.232581 1.056057
1.189868 1.050356
1.188162 1.050575
1.188813 1.048720
1.181872 1.052082
1.269353 1.068434
1.263416 1.068374
1.263696 1.066885
1.257138 1.067808
1.257618 1.065452
1.250863 1.066949
1.251422 1.064275
1.244597 1.064761
1.243641 1.064283
1.244723 1.064173
1.321793 1.092790
1.327318 1.090785
1.319773 1.094811
1.315568 1.097079
1.320330 1.096523
1.313473 1.097946
1.307193 1.097773
1.300913 1.097722
1.294632 1.097778
1.282076 1.096941
1.314442 1.099937
1.307852 1.099605
1.301342 1.099102
1.289910 1.098291
1.294856 1.098552
1.288349 1.098277
1.283668 1.097298
1.281888 1.097015
1.282101 1.096991
1.407461 1.132545
1.401199 1.129490
1.394941 1.126106
1.394237 1.125672
1.413730 1.134366
1.411688 1.133786
1.409104 1.129574
1.004884 0.752931
0.991238 0.754394
0.997936 0.753362
0.990743 0.754671
0.984440 0.758146
0.991827 0.757234
0.983888 0.758510
0.984556 0.758348
0.978130 0.762760
0.977985 0.762894
0.978172 0.762825
1.323916 0.900566
1.329926 0.907358
1.323458 0.906760
1.317674 0.904704
1.323902 0.911047
1.317904 0.909459
1.366430 0.935272
1.365315 0.931301
1.366906 0.936860
1.367398 0.942256
1.366668 0.947471
1.366348 0.948256
1.729677 1.096856
1.723395 1.096960
1.717113 1.097206
1.710832 1.097365
1.706043 1.097541
1.704550 1.097610
1.698267 1.097827
1.691988 1.097643
1.685711 1.097148
1.679435 1.096568
1.673158 1.096024
1.136143 0.730710
1.129894 0.729643
1.123263 0.729396
1.112377 0.730679
1.116309 0.729838
1.109382 0.732092
1.148149 0.739115
1.141925 0.737995
1.135718 0.736841
1.129621 0.735456
1.123501 0.734125
1.117185 0.733212
1.104667 0.734743
1.110357 0.733383
1.103076 0.736133
1.166844 0.747651
1.160549 0.746678
1.154257 0.745702
1.148006 0.744643
1.141760 0.743575
1.135493 0.742555
1.129279 0.741425
1.123167 0.740083
1.117083 0.738689
1.098677 0.739120
1.179175 0.755358
1.172969 0.754198
1.166762 0.753041
1.160509 0.751988
1.154221 0.751010
1.147941 0.750021
1.141679 0.748993
1.135396 0.748013
1.129130 0.747002
1.190811 0.766411
1.191138 0.763856
1.184534 0.765966
1.184960 0.762635
1.178250 0.766326
1.178838 0.761299
1.172795 0.759797
1.166711 0.758389
1.160532 0.757184
1.154265 0.756172
1.147964 0.755231
1.175587 0.767375
1.171957 0.768325
1.172276 0.766142
1.166463 0.764165
1.166534 0.771262
1.165654 0.772042
1.165791 0.770847
1.265964 0.800276
1.259676 0.801198
1.285446 0.804726
1.279077 0.803914
1.272492 0.803566
1.266329 0.802315
1.257504 0.801775
1.259829 0.801787
1.253385 0.802932
1.247091 0.805104
1.290983 0.816480
1.289687 0.812268
1.286359 0.807997
1.254083 0.804901
1.246232 0.805286
1.247160 0.805273
1.240800 0.806734
1.291297 0.817824
1.291105 0.817494
1.297190 0.827999
1.294035 0.823575
1.292163 0.820494
1.298315 0.829582
1.297482 0.828766
1.301681 0.835455
1.848337 1.071021
1.842059 1.070638
1.840780 1.070716
1.842557 1.069850
1.835776 1.071020
1.829495 1.071048
1.823216 1.070667
1.816940 1.070115
1.810662 1.069619
1.804381 1.069818
1.802350 1.069865
1.798098 1.070033
2.143753 1.035702
2.144182 1.033574
2.137463 1.037171
2.139167 1.029865
2.133713 1.038151
2.131169 1.039192
2.131957 1.036086
2.124881 1.040400
2.118600 1.040586
2.181333 1.051925
2.178697 1.050712
2.182106 1.049489
2.117138 1.040814
2.112312 1.041717
2.384564 0.961874
2.383025 0.962849
2.385293 0.961515
2.378260 0.965577
2.376403 0.967081
2.379263 0.965220
2.371950 0.970016
2.369605 0.971314
2.365650 0.973233
2.414707 0.819028
2.414821 0.827095
2.413463 0.829209
2.413872 0.826035
2.411935 0.831930
2.408705 0.827913
2.409191 0.836810
2.407112 0.840352
2.407926 0.834818
2.556464 0.732570
2.549930 0.732113
2.543267 0.731932
2.533200 0.731800
2.536602 0.731758
2.530058 0.733295
2.575598 0.740158
2.556780 0.737115
2.550281 0.736588
2.543733 0.736163
2.537195 0.735720
2.525127 0.735805
2.530501 0.735606
2.523757 0.736587
2.517460 0.739080
2.587778 0.748193
2.581870 0.746397
2.515851 0.739661
2.593775 0.755020
2.587922 0.753110
2.605196 0.769492
2.604346 0.764471
2.599567 0.762283
2.593803 0.760190
2.587863 0.758478
2.605282 0.769920
2.605191 0.770274
2.605202 0.769886
2.599601 0.767446
2.593793 0.765460
2.587846 0.763776
2.642792 0.783105
2.636505 0.784171
2.604091 0.775045
2.599483 0.772953
2.630942 0.784662
2.637806 0.782771
2.630217 0.785197
2.602082 0.780061
2.627066 0.789370
2.794949 0.717123
2.780939 0.721878
2.777966 0.722994
2.781705 0.721816
2.774645 0.723836
2.768361 0.724492
2.762081 0.724442
2.832474 0.733892
2.845040 0.741100
2.838656 0.740322
2.832449 0.739172
2.826411 0.737661
2.832630 0.744030
3.210658 0.768175
3.224498 0.767729
3.217679 0.767885
3.209509 0.768290
3.210754 0.768268
3.204376 0.768459
3.198093 0.768892
3.191805 0.770021
3.199098 0.769588
3.190053 0.770472
3.192039 0.770247
3.185518 0.771057
3.523965 0.753700
3.523103 0.754555
3.518200 0.758079
3.516795 0.758974
3.510495 0.761996
3.510193 0.762134
3.510593 0.761974
0.251144 0.757557
0.249607 0.757530
0.249979 0.756515
0.243331 0.756978
0.237054 0.756404
0.230774 0.756086
0.224495 0.755978
0.218215 0.755852
0.211933 0.756120
1.026027 1.130916
1.019771 1.126998
1.013500 1.125478
1.007224 1.124886
1.000929 1.127188
1.089897 1.139283
1.083689 1.138125
1.027493 1.131834
1.026989 1.129551
0.999940 1.127439
1.001167 1.127087
1.102259 1.146924
1.096583 1.144630
1.090101 1.144062
1.083486 1.143778
1.077823 1.141467
1.071549 1.140461
1.058634 1.139230
1.052402 1.138140
1.032255 1.137919
1.032277 1.137891
1.026995 1.142418
1.025954 1.142460
0.783910 0.752214
0.782658 0.752558
0.776368 0.753981
0.770206 0.755323
0.770079 0.755356
0.763791 0.756491
1.346269 1.010749
1.344438 1.012188
1.342253 1.017133
1.341218 1.022280
1.339896 1.025304
1.337659 1.027040
1.341049 1.024939
1.333597 1.028206
1.578011 1.118751
1.577965 1.118760
1.577978 1.118713
1.571675 1.120014
1.565390 1.120769
1.559609 1.121079
1.559108 1.121109
1.559209 1.120783
1.552827 1.121209
1.554308 1.116865
1.546546 1.121181
1.540269 1.120519
1.533995 1.119590
1.527722 1.118426
1.521449 1.117264
1.101401 0.736157
1.099031 0.737731
1.102388 0.735974
1.095088 0.741166
1.093012 0.742075
1.095806 0.740868
1.088786 0.744484
1.082509 0.744120
1.189075 0.776112
1.189966 0.771585
1.182801 0.775014
1.183748 0.770451
1.176520 0.775052
1.177857 0.768619
1.173113 0.776178
1.170224 0.777547
1.170717 0.774694
1.166619 0.780463
1.164642 0.778532
1.253087 0.801778
1.240296 0.802908
1.246127 0.802230
1.239146 0.803350
1.232850 0.805810
1.240381 0.805339
1.230200 0.806593
1.233245 0.806162
1.226556 0.807963
1.220265 0.809635
1.301775 0.831223
1.299533 0.828362
1.296356 0.825916
1.308011 0.838261
1.305634 0.834641
1.302224 0.833022
1.309261 0.840530
1.308153 0.839996
1.302950 0.836725
1.308119 0.845668
1.307960 0.846245
1.308004 0.845558
1.306793 0.850796
1.841388 1.072358
1.834072 1.075454
1.827793 1.075172
1.821516 1.074647
1.815239 1.074217
1.808961 1.073838
1.805038 1.074165
1.802676 1.074393
1.803663 1.071702
1.796395 1.074575
1.790113 1.074744
1.783833 1.074679
1.777552 1.074698
1.991593 0.996553
1.985333 0.993343
1.979060 0.992192
2.004106 1.004017
1.997842 1.001434
1.993077 0.998248
1.991769 0.997621
2.005215 1.005518
2.142014 1.045767
2.142518 1.042359
2.135727 1.046782
2.136826 1.040095
2.132753 1.047200
2.129442 1.047390
2.129748 1.046024
2.123164 1.047052
2.124001 1.043895
2.116882 1.047400
2.118345 1.041580
2.110594 1.048469
2.109783 1.048833
2.104302 1.050233
2.372763 0.970400
2.370262 0.972120
2.365527 0.974537
2.363962 0.975278
2.357667 0.977430
2.355745 0.978297
2.358844 0.976107
2.351367 0.980508
2.416955 0.803778
2.415232 0.814550
2.415637 0.811820
2.413124 0.817613
2.410075 0.814512
2.410363 0.822478
2.408878 0.825982
2.409368 0.821258
2.408325 0.827482
2.569388 0.737740
2.563111 0.737139
2.575649 0.740944
2.573343 0.739664
2.569465 0.738844
2.559747 0.737473
2.563164 0.737892
2.556829 0.737500
2.550544 0.738181
2.544258 0.739130
2.581890 0.747211
2.581385 0.746260
2.575859 0.744828
2.569728 0.743517
2.563543 0.742327
2.557303 0.741255
2.550925 0.740479
2.544413 0.739982
2.584153 0.752016
2.581969 0.751422
2.575935 0.749912
2.569851 0.748513
2.582924 0.757149
2.581874 0.756878
2.650785 0.777227
2.648917 0.778348
2.644485 0.780342
2.639114 0.782099
2.638189 0.782749
2.821494 0.718074
2.815618 0.716205
2.809102 0.715712
2.797104 0.716872
2.802120 0.716215
2.795203 0.717332
2.788911 0.719278
2.826817 0.726343
2.821287 0.723734
2.815596 0.721488
2.803143 0.719282
2.796436 0.719199
2.785873 0.720380
2.789422 0.719761
2.782618 0.721209
2.826687 0.732241
2.826508 0.732802
2.826525 0.732186
2.820716 0.730183
2.814901 0.728206
2.809252 0.725891
2.848596 0.741073
2.851930 0.740793
2.845282 0.743422
2.838995 0.744594
2.826456 0.740941
2.824990 0.737280
2.820515 0.735859
2.814753 0.733781
2.852548 0.744714
2.845583 0.745176
2.837935 0.744673
2.839019 0.744786
2.832713 0.744777
2.828297 0.743137
2.826499 0.742728
3.349255 0.744984
3.341824 0.751126
3.340730 0.751500
3.335538 0.751997
3.329264 0.751000
3.322990 0.750003
3.316708 0.750064
3.621260 0.726659
3.618909 0.729669
3.614932 0.733949
3.614730 0.734308
3.615064 0.734055
3.610458 0.738961
0.103048 0.748077
0.090640 0.755113
0.095990 0.753961
0.089057 0.760167
0.088803 0.760586
0.086527 0.765093
0.959301 1.154576
0.958695 1.154775
0.984334 1.168620
0.978064 1.166955
0.971795 1.165196
0.965528 1.162875
0.959262 1.160649
0.957649 1.159897
0.485036 0.727192
0.483431 0.728765
0.480315 0.731731
0.477113 0.734909
0.475818 0.736336
1.216111 1.066758
1.209846 1.064304
1.203579 1.062231
1.204937 1.057459
1.197305 1.061324
1.198819 1.056113
1.191025 1.061124
1.184739 1.061965
1.228635 1.072711
1.230057 1.066679
1.222373 1.069851
1.218976 1.068126
1.222998 1.067349
1.183102 1.062341
1.178449 1.063493
1.179896 1.058555
1.172158 1.065240
1.247416 1.082205
1.241154 1.079286
1.242179 1.074837
1.234894 1.076140
1.234579 1.075940
1.234961 1.075847
1.169983 1.065570
1.165870 1.066358
1.273785 1.084621
1.267243 1.084180
1.259935 1.088896
1.260641 1.083867
1.253679 1.085048
1.252053 1.084056
1.253838 1.083988
1.292899 1.092252
1.286280 1.091977
1.280198 1.090549
1.273413 1.090631
1.263506 1.091200
1.266507 1.090972
1.273791 1.095050
1.264593 1.096673
1.266480 1.096253
1.264208 1.101922
1.266928 1.100538
1.262902 1.107037
1.260606 1.112009
1.259784 1.112722
0.990600 0.754626
0.979857 0.761763
0.976435 0.766018
0.976042 0.766452
0.974262 0.771491
1.362144 0.939997
1.366137 0.937387
1.361911 0.945259
1.365909 0.943109
1.360937 0.950418
1.366223 0.947695
1.359264 0.955481
1.358336 0.957135
1.709133 1.101118
1.705444 1.101345
1.702850 1.101523
1.696567 1.101829
1.690289 1.101505
1.684013 1.100831
1.677736 1.100164
1.671460 1.099469
1.665183 1.098874
1.658907 1.098210
1.652632 1.097429
1.909927 1.064702
1.908378 1.064601
1.903650 1.064239
1.905028 1.060893
1.897371 1.064036
1.891090 1.063999
1.884809 1.064173
1.878527 1.064302
1.873925 1.064363
1.872246 1.064409
1.865966 1.064345
1.859688 1.064021
1.853411 1.063363
2.208835 1.007171
2.202562 1.006015
2.196286 1.005205
2.190009 1.004729
2.183727 1.004903
2.221352 1.014034
2.215776 1.009084
2.191532 1.003229
2.180652 1.004992
2.184469 1.003900
2.177445 1.005231
2.171154 1.006881
2.224878 1.017419
2.222238 1.014913
2.166070 1.007990
2.164863 1.008425
2.233825 1.028027
2.227571 1.023882
2.226511 1.022981
2.222691 1.019188
2.271458 1.035878
2.271698 1.035027
2.265179 1.035718
2.266214 1.032318
2.258904 1.034865
2.260417 1.030289
2.252633 1.033464
2.253986 1.029616
2.246361 1.031952
2.247197 1.029703
2.240090 1.030513
2.239703 1.030409
2.240217 1.030200
2.415960 0.931336
2.412695 0.936106
2.410245 0.939920
2.411204 0.933733
2.409585 0.940923
2.405285 0.945571
2.403922 0.946727
2.455965 0.730291
2.474759 0.737924
2.462489 0.731535
2.453895 0.730730
2.456098 0.730770
2.481003 0.743682
2.476604 0.739694
2.474925 0.739017
2.468964 0.737334
2.462651 0.736411
2.453479 0.735969
2.456116 0.735958
2.499810 0.749198
2.493528 0.749498
2.487256 0.747935
2.484427 0.746253
2.481282 0.745075
2.475304 0.743437
2.469021 0.742452
2.462504 0.741966
2.455879 0.743850
2.453879 0.741356
2.455997 0.741456
2.488412 0.749506
2.481905 0.749000
2.475553 0.748164
2.468944 0.747875
2.459873 0.747647
2.462232 0.747800
2.768639 0.725397
2.773876 0.724122
2.766676 0.726081
2.760385 0.727555
2.754104 0.727695
2.747828 0.726976
2.741555 0.725939
2.736272 0.725530
2.735277 0.725496
3.204012 0.768257
3.197254 0.768280
3.189242 0.768932
3.190284 0.768759
3.183849 0.770178
3.177555 0.772201
3.184979 0.770910
3.177287 0.772304
3.177613 0.772220
3.171263 0.773879
3.164976 0.775088
3.163601 0.775454
3.406846 0.731948
3.400582 0.729474
3.394311 0.727937
3.388035 0.727238
3.419367 0.738434
3.413108 0.734891
3.407151 0.732099
3.406899 0.731939
3.401319 0.729478
3.425609 0.744480
3.421099 0.739654
3.419762 0.738529
3.426756 0.745891
3.500827 0.767815
3.500179 0.768276
3.501248 0.767473
3.494536 0.769368
3.488253 0.769853
3.482232 0.770725
3.481967 0.770733
0.294160 0.730977
0.287877 0.731342
0.300419 0.734286
0.299455 0.733820
0.295439 0.730204
0.286953 0.731802
0.281573 0.735038
0.331727 0.749304
0.325468 0.745934
0.319210 0.742432
0.318931 0.742262
0.313613 0.739844
0.308060 0.737301
0.279781 0.735969
0.275277 0.737611
0.344248 0.755618
0.337987 0.752698
0.332589 0.749762
0.331803 0.749454
0.326133 0.747152
0.320466 0.744856
0.353772 0.758479
0.356805 0.758931
0.350513 0.758068
0.350008 0.757870
0.344502 0.756375
0.338693 0.754375
0.333121 0.751884
0.370683 0.763328
0.364142 0.762889
0.357681 0.762281
0.351365 0.761365
0.345456 0.759591
1.108229 1.109786
1.109243 1.105868
1.101941 1.110785
1.095659 1.110987
1.093155 1.110884
1.089379 1.110951
1.089878 1.109226
1.083094 1.111740
1.076813 1.111885
1.071033 1.112667
1.070526 1.112861
1.070638 1.112353
1.064244 1.112953
1.202165 1.152572
1.195888 1.152044
1.189611 1.151506
1.183334 1.150880
1.177055 1.150678
1.174494 1.150500
1.177499 1.149963
1.170778 1.150174
1.164504 1.149118
1.158227 1.148647
1.151950 1.147955
1.145675 1.147042
1.139396 1.146861
1.133121 1.146103
0.609396 0.739298
0.603104 0.741122
0.616738 0.740901
0.609907 0.741079
0.602934 0.741173
0.603117 0.741171
0.596812 0.742878
0.590529 0.743332
0.584252 0.742591
0.577986 0.740452
0.610824 0.744383
0.604055 0.744431
0.597311 0.744423
0.590781 0.743965
0.679979 0.760396
1.293589 1.045013
1.235517 1.044043
1.229249 1.042133
1.222979 1.040493
1.216704 1.039683
1.210423 1.039651
1.280481 1.051814
1.279431 1.051987
1.279637 1.051206
1.273146 1.052694
1.274642 1.047460
1.266862 1.053234
1.260584 1.052812
1.254309 1.051902
1.248042 1.049873
1.241779 1.047129
1.237358 1.044876
1.243398 1.042180
1.349533 1.076120
1.340894 1.077460
1.342311 1.077140
1.338045 1.082290
1.342820 1.081267
1.373352 1.097191
1.370035 1.092754
1.368338 1.089633
1.336592 1.087362
1.343003 1.086111
1.335721 1.089078
1.374194 1.098719
1.373764 1.097681
1.343600 1.090099
1.334480 1.092344
1.335983 1.091938
1.379576 1.106112
1.378240 1.104673
1.330496 1.097045
1.329386 1.097690
1.392070 1.116736
1.385820 1.111926
1.384589 1.111003
1.454775 1.132618
1.404587 1.123702
1.398325 1.120798
1.393313 1.117719
1.393176 1.115169
1.452180 1.132494
1.448496 1.132318
1.442219 1.131769
1.435942 1.131229
1.429666 1.130486
1.423391 1.129631
1.417120 1.128125
1.410851 1.126340
1.408991 1.125549
1.011277 0.752049
1.025331 0.752492
1.018319 0.753057
1.006409 0.752929
1.011573 0.753057
1.004987 0.753357
0.998692 0.755674
1.012410 0.756511
1.005692 0.756451
0.996704 0.756686
0.998918 0.756506
0.992380 0.760655
1.094193 0.779623
1.106340 0.787728
1.175324 0.819809
1.319790 0.884510
1.324383 0.897301
1.324912 0.893213
1.319210 0.890970
1.336898 0.904523
1.318112 0.898584
1.318093 0.898598
1.318095 0.898577
1.312965 0.895130
1.361958 0.914265
1.356495 0.908258
1.350423 0.906809
1.344037 0.906039
1.335322 0.906659
1.337213 0.906205
1.330585 0.909520
1.315218 0.903426
1.312366 0.901648
1.363096 0.916440
1.362763 0.914501
1.327926 0.910779
1.331057 0.910183
1.324290 0.911956
1.318021 0.910043
1.316660 0.908980
1.312274 0.907098
1.365055 0.922053
1.368142 0.929476
1.367316 0.927725
1.369953 0.933469
1.371691 0.939082
1.743934 1.093533
1.737656 1.093169
1.735899 1.093142
1.731375 1.093261
1.725095 1.093204
1.718813 1.093377
1.712531 1.093522
1.706464 1.093735
1.706250 1.093744
1.706366 1.093456
1.699969 1.093875
1.693689 1.093793
1.889393 1.067476
1.883111 1.067679
1.876831 1.067631
1.870552 1.067369
1.867159 1.067159
1.871535 1.065608
1.864274 1.067121
1.857994 1.066875
1.851717 1.066241
1.845440 1.065755
1.839164 1.065209
1.832886 1.064575
2.158617 1.018461
2.153478 1.020848
2.147192 1.021768
2.146905 1.021866
2.140899 1.023673
2.136438 1.025508
2.134599 1.026791
2.128306 1.028807
2.403668 0.947769
2.408130 0.945518
2.400549 0.950276
2.398119 0.952169
2.401595 0.950296
2.394233 0.955876
2.393384 0.956723
2.394640 0.955981
2.388910 0.961343
2.387912 0.962227
2.422579 0.771717
2.422200 0.772355
2.415916 0.773028
2.409633 0.773383
2.417561 0.772411
2.408833 0.774806
2.410137 0.773843
2.406808 0.779812
2.684130 0.747200
2.682793 0.748101
2.678047 0.751538
2.676483 0.752805
3.169586 0.774280
3.168477 0.774784
3.169851 0.774387
3.163295 0.775948
3.157006 0.777371
3.154885 0.777918
3.157534 0.777127
3.150714 0.778978
3.551652 0.742600
3.565656 0.743926
3.559001 0.743728
3.548884 0.744604
3.552001 0.744268
3.545349 0.746113
3.552945 0.747511
3.539929 0.748486
3.545956 0.748021
3.539050 0.748923
0.278155 0.745842
0.271868 0.746871
0.268519 0.747243
0.265582 0.747702
0.266961 0.743855
0.259297 0.748260
0.253017 0.748262
0.246735 0.748472
1.092216 1.125657
1.092835 1.122550
1.085941 1.124738
1.086564 1.121529
1.081095 1.118795
1.079891 1.127157
1.079644 1.127342
1.079694 1.127015
1.073360 1.127949
1.073836 1.125121
1.067078 1.128253
1.068105 1.122962
1.060818 1.125083
1.061229 1.123235
1.054532 1.125756
1.055824 1.120396
1.049815 1.127669
1.048235 1.128410
1.048647 1.126564
1.154845 1.153544
1.148568 1.152962
1.142294 1.151833
1.136017 1.151406
1.129743 1.150297
1.123471 1.149094
1.117194 1.148383
1.110917 1.147811
1.104648 1.145969
1.098370 1.145695
1.136732 1.150569
1.130446 1.149585
1.124172 1.148579
1.117572 1.148267
1.111024 1.147842
1.105012 1.146284
1.097106 1.145867
1.098463 1.145868
1.092090 1.145488
1.085812 1.145082
1.079538 1.144104
0.629917 0.738592
0.623625 0.740437
0.656358 0.742742
0.650412 0.741032
0.644082 0.740143
0.637304 0.740211
0.630444 0.740450
0.623290 0.740551
0.623653 0.740542
0.617328 0.743081
0.668888 0.750028
0.631443 0.743594
0.624516 0.743968
0.613642 0.744339
0.617625 0.744271
0.611036 0.744962
0.692541 0.767361
0.686278 0.764496
0.680023 0.760370
0.679908 0.760280
0.711341 0.773755
0.705071 0.772090
0.698804 0.770068
0.693568 0.767780
0.692992 0.766643
1.293715 1.044601
1.292951 1.044621
1.287431 1.045088
1.281145 1.045865
1.274859 1.046725
1.243487 1.041929
1.237222 1.039538
1.230955 1.037385
1.224683 1.035950
1.273813 1.046835
1.268574 1.047457
1.262296 1.047045
1.256021 1.046082
1.249752 1.044307
1.243798 1.042042
1.362562 1.082121
1.356304 1.078677
1.350031 1.077474
1.362821 1.082379
1.362656 1.082134
1.356936 1.079941
1.348050 1.080001
1.350324 1.079653
1.368788 1.090801
1.367166 1.088382
1.363587 1.085385
1.357342 1.084319
1.347000 1.085150
1.350460 1.084607
1.375017 1.098957
1.370695 1.094262
1.369272 1.092885
1.357843 1.088525
1.343954 1.089996
1.350927 1.088880
1.343669 1.090282
1.381256 1.105457
1.376068 1.100444
1.375395 1.099455
1.387506 1.110205
1.382775 1.106845
1.381924 1.105178
1.475314 1.129056
1.469038 1.128454
1.462756 1.128635
1.456476 1.128441
1.406282 1.120706
1.400018 1.117881
1.393761 1.114253
1.392909 1.113793
1.450303 1.128287
1.450197 1.128286
1.450475 1.127678
1.443919 1.127891
1.437641 1.127566
1.431364 1.126922
1.425087 1.126241
1.418815 1.124962
1.412546 1.123273
1.408560 1.121620
0.975550 0.770277
0.974720 0.772225
0.976036 0.767357
0.972978 0.775160
0.969272 0.779886
0.968386 0.780651
1.357346 0.948432
1.356695 0.951667
1.356123 0.953532
1.356926 0.953103
1.354316 0.958555
1.357840 0.956406
1.352675 0.963622
1.350320 0.966752
1.694868 1.105774
1.688588 1.105444
1.682312 1.104791
1.676036 1.104027
1.669761 1.103199
1.663486 1.102381
1.657210 1.101680
1.650934 1.100881
1.644662 1.099636
1.638389 1.098393
1.632115 1.097489
1.625840 1.096519
1.944738 1.016781
1.938945 1.014735
1.956213 1.029105
1.949934 1.028883
1.950333 1.024469
1.944192 1.023165
1.937822 1.022358
1.931816 1.020774
1.926389 1.017964
1.946811 1.030060
1.943626 1.033044
1.943872 1.029072
1.937674 1.027902
1.931329 1.027044
1.925099 1.025946
1.919044 1.024480
1.913326 1.022305
1.983221 1.041238
1.981250 1.042582
1.974960 1.044056
1.968679 1.043959
1.962405 1.042995
1.956132 1.041808
1.949860 1.040614
1.943582 1.040007
1.940077 1.034286
1.937326 1.036255
1.937447 1.033623
1.931051 1.035426
1.931195 1.032574
1.924775 1.034669
1.924917 1.031582
1.918505 1.032894
1.918567 1.030743
1.912275 1.029784
1.906211 1.028344
1.969393 1.042668
1.962593 1.042781
1.956321 1.041769
1.950012 1.040841
1.943579 1.040497
1.943376 1.040138
1.943589 1.040154
1.944618 1.045671
2.076750 1.074040
2.062674 1.077799
2.056388 1.078485
1.999915 1.070369
1.993643 1.068923
1.987374 1.067224
1.981105 1.065415
2.050216 1.078531
2.050107 1.078533
2.043830 1.078129
2.037553 1.077582
2.031276 1.076920
2.025002 1.075883
2.018730 1.074512
2.012460 1.072936
2.006187 1.071622
2.002407 1.070873
2.000035 1.070223
2.315993 1.012156
2.317164 1.008690
2.309711 1.012414
2.303429 1.012559
2.297222 1.013463
2.297143 1.013473
2.297163 1.013409
2.290860 1.013903
2.292386 1.009234
2.284581 1.013690
2.278301 1.013662
2.272018 1.014001
2.426637 0.868146
2.425071 0.876178
2.423036 0.881141
2.418968 0.885256
2.417965 0.885639
2.412662 0.889330
2.414034 0.881962
2.411220 0.889898
2.435120 0.755324
2.439481 0.753117
2.433566 0.760374
2.433801 0.765730
2.439707 0.763137
2.431850 0.769462
2.711369 0.731862
2.706840 0.732450
2.712433 0.730886
2.705081 0.732877
2.698785 0.735328
2.697032 0.736183
2.692487 0.738181
2.912136 0.699822
2.905854 0.699955
2.925573 0.701479
2.919450 0.700147
2.912751 0.700043
2.904746 0.700190
2.905975 0.700103
2.899569 0.700721
2.949715 0.716197
2.943762 0.711097
2.894949 0.703943
2.900452 0.702762
2.955966 0.720855
2.953073 0.718582
2.950751 0.715798
2.968462 0.731042
2.962215 0.725834
2.961559 0.725248
3.006076 0.742050
2.974712 0.736010
2.969462 0.731826
2.968808 0.730921
3.013727 0.741077
3.001567 0.742300
3.006605 0.741880
2.999794 0.742366
2.993514 0.742047
2.987239 0.741304
2.980970 0.739532
2.979347 0.738725
2.975900 0.735444
3.057168 0.759633
3.063401 0.768175
3.062675 0.767505
3.068669 0.775515
3.067389 0.774110
3.063719 0.770504
3.100000 0.786833
3.093724 0.786080
3.087452 0.784738
3.081183 0.783089
3.074915 0.780911
3.074105 0.780496
3.069843 0.777076
3.631709 0.713321
3.630968 0.714472
3.628687 0.718149
3.632553 0.715109
3.625587 0.722992
0.418050 0.757812
0.411275 0.757870
0.401550 0.758369
0.404414 0.758114
0.397815 0.759941
0.412007 0.761540
0.405268 0.761522
0.392461 0.762208
0.398408 0.761762
0.391518 0.762535
0.385226 0.764385
1.130501 1.097102
1.124218 1.097447
1.124032 1.097448
1.117935 1.097904
1.119454 1.093245
1.111652 1.098209
1.105366 1.099035
1.101183 1.099090
1.099084 1.099335
1.099493 1.097898
1.092798 1.100300
1.086513 1.100975
1.239906 1.147936
1.236947 1.148035
1.230668 1.147819
1.224391 1.147350
1.218112 1.146997
1.211832 1.146870
1.205553 1.146653
1.199816 1.146799
1.199272 1.146795
1.192993 1.146512
1.186719 1.145540
1.180442 1.144969
0.760402 0.762490
0.754115 0.763515
0.747829 0.764405
0.745758 0.764482
0.741545 0.764913
0.735263 0.765100
0.728984 0.764998
1.336521 1.029329
1.336520 1.029332
1.330220 1.032461
1.328047 1.033254
1.331556 1.030740
1.323925 1.034626
1.317647 1.034310
1.311366 1.034462
1.305083 1.034642
1.303987 1.034724
1.305453 1.034117
1.298800 1.035197
1.549420 1.130136
1.543140 1.130066
1.536868 1.128570
1.530598 1.126906
1.524328 1.125338
1.518057 1.123859
1.511784 1.122669
1.505509 1.121638
1.499235 1.120707
1.492958 1.120107
1.486681 1.119594
1.480401 1.119467
1.474123 1.119099
1.958952 1.059142
1.952684 1.057157
1.946412 1.055905
1.940133 1.055479
1.933856 1.054951
1.927580 1.054259
1.921307 1.053164
1.915031 1.052286
1.908754 1.051835
1.902478 1.051109
1.977739 1.067759
1.971478 1.064795
1.965213 1.062224
1.964018 1.061846
1.959601 1.059620
1.954238 1.056680
2.015344 1.080097
2.009072 1.078793
2.002802 1.077106
1.996535 1.075035
1.990266 1.073181
1.984002 1.070611
1.982683 1.070155
1.978613 1.067474
2.029373 1.079569
2.022655 1.079509
2.016524 1.078187
2.210519 1.005748
2.204246 1.004588
2.197970 1.003853
2.216768 1.010767
2.210972 1.005972
2.210579 1.005769
2.204401 1.004559
2.197117 1.003750
2.197994 1.003836
2.191695 1.003087
2.185415 1.002874
2.179134 1.003051
2.218948 1.012565
2.217204 1.011270
2.212171 1.007648
2.286584 1.026826
2.279453 1.029779
2.273172 1.029713
2.266891 1.029830
2.260612 1.029584
2.254339 1.028492
2.248066 1.027219
2.241792 1.026130
2.235521 1.024641
2.229255 1.022460
2.222995 1.019231
2.221878 1.018355
2.418553 0.889625
2.417257 0.890948
2.418433 0.886928
2.412932 0.894030
2.410935 0.897380
2.412196 0.891098
2.409603 0.898828
2.430213 0.763505
2.430187 0.763737
2.430228 0.763705
2.427826 0.768653
2.430893 0.767506
2.423880 0.771712
2.417788 0.772369
2.424448 0.772117
2.417595 0.772376
2.809431 0.718712
2.860499 0.726455
2.812933 0.720834
2.809405 0.722854
2.803345 0.719305
2.809587 0.719923
2.803147 0.719311
2.857759 0.733345
2.860550 0.731565
2.857561 0.738617
2.860434 0.737052
2.855728 0.743649
2.860447 0.742283
3.286659 0.769011
3.284762 0.769573
3.278473 0.770811
3.274621 0.772376
3.272180 0.772647
3.265900 0.772662
3.259622 0.772324
