-1.522924 0.977337
-1.529178 0.978078
-1.483704 0.973218
-1.490197 0.974067
-1.496754 0.974694
-1.503256 0.975520
-1.510409 0.975692
-1.509811 0.976152
-1.516667 0.976569
-1.522452 0.977278
-1.516358 0.976809
-1.458565 0.968547
-1.465078 0.969327
-1.471573 0.970170
-1.478029 0.971157
-1.484510 0.972053
-1.490946 0.973108
-1.497882 0.973412
-1.497445 0.973943
-1.504146 0.974579
-1.510136 0.975650
-1.503930 0.974823
-1.100933 0.942359
-1.074241 0.941552
-1.080914 0.941763
-1.088414 0.940467
-1.087569 0.942035
-1.094673 0.941392
-1.100652 0.942316
-1.094274 0.942129
-1.061894 0.939259
-1.068559 0.939495
-1.075895 0.938588
-1.075227 0.939722
-1.082154 0.939528
-1.086269 0.940131
-1.081883 0.939992
-0.829671 0.949581
-0.836254 0.950118
-0.842754 0.950944
-0.849082 0.952393
-0.856413 0.951750
-0.855379 0.953953
-0.862692 0.953548
-0.861864 0.954838
-0.931694 0.970965
-0.804564 0.944765
-0.811186 0.945154
-0.818799 0.943376
-0.817674 0.946029
-0.825067 0.944750
-0.824122 0.947041
-0.831337 0.946156
-0.830644 0.947793
-0.837604 0.947424
-0.837264 0.948192
-0.843870 0.948697
-0.843836 0.948764
-0.850145 0.950395
-0.852146 0.950805
-0.850086 0.950485
-0.862834 0.953597
-0.868997 0.956664
-0.868666 0.956271
-0.873967 0.961398
-0.930935 0.971393
-0.931207 0.973390
-0.869012 0.957392
-0.869453 0.956925
-0.874534 0.961090
-0.925483 0.972318
-0.927097 0.971963
-0.930515 0.977567
-0.924131 0.972804
-0.925116 0.974534
-0.692472 0.958808
-0.700218 0.956565
-0.705375 0.956620
-0.699547 0.957574
-0.679731 0.957906
-0.686144 0.959047
-0.693980 0.956608
-0.699314 0.956596
-0.693030 0.958493
-0.667335 0.955820
-0.673600 0.957489
-0.693229 0.956614
-0.686603 0.959138
-0.391196 0.952649
-0.384940 0.951848
-0.389684 0.952509
-0.384139 0.954094
-0.372432 0.950514
-0.371351 0.953379
-0.378687 0.951224
-0.378732 0.951228
-0.378679 0.951245
-0.143762 0.946463
-0.131251 0.944956
-0.129936 0.948387
-0.137503 0.945593
-0.138888 0.945765
-0.137268 0.946236
-0.117318 0.947088
-0.124994 0.944149
-0.127999 0.944524
-0.124471 0.945580
0.298742 0.912997
0.319045 0.913597
0.312219 0.913260
0.304998 0.912266
0.299853 0.912906
0.305357 0.912790
0.331728 0.912515
0.324861 0.912032
0.317510 0.910716
0.318060 0.911782
0.311253 0.911546
0.310974 0.911584
0.311274 0.911582
0.131958 0.959915
0.129781 0.962454
0.124298 0.966933
0.083628 0.972553
0.086054 0.974633
0.134409 0.960859
0.130242 0.965816
0.124433 0.969117
0.082581 0.974387
0.086276 0.977116
0.130201 0.967415
0.083233 0.975818
0.086060 0.978069
0.621979 0.913425
0.615725 0.914160
0.642239 0.913907
0.634492 0.911868
0.635464 0.913750
0.628233 0.912766
0.623549 0.913243
0.628717 0.913698
0.654663 0.911907
0.647963 0.912024
0.635218 0.911791
0.641260 0.912121
0.978088 0.909631
0.970309 0.907457
0.971174 0.908976
0.964064 0.907737
0.963606 0.907746
0.964134 0.907867
0.984204 0.909119
0.976554 0.907221
0.970806 0.907432
0.977280 0.908426
0.990276 0.908498
0.978066 0.907154
0.983366 0.907861
1.289914 0.891620
1.277321 0.889529
1.282913 0.890652
1.296276 0.891988
1.289394 0.891443
1.282208 0.889853
1.282063 0.889853
1.282230 0.889895
1.302439 0.891686
1.295667 0.891542
1.287332 0.890089
1.288634 0.890463
1.844724 0.953315
1.844832 0.953411
1.852119 0.955825
1.847199 0.954358
1.851677 0.955933
1.858509 0.958032
1.850929 0.955013
1.850869 0.955011
1.850942 0.955039
-1.648914 0.983596
-1.622287 0.983178
-1.629002 0.983238
-1.636411 0.982467
-1.635699 0.983358
-1.642666 0.983142
-1.646108 0.983463
-1.642402 0.983461
-1.603437 0.980063
-1.610130 0.980200
-1.616722 0.980700
-1.623887 0.980351
-1.623250 0.981425
-1.630151 0.981487
-1.636135 0.982431
-1.629793 0.982102
-0.966984 0.941215
-0.965980 0.943553
-0.973238 0.941941
-0.974826 0.942098
-0.973047 0.942350
-0.960736 0.940850
-0.964592 0.941001
-0.960167 0.941966
-0.946814 0.943324
-0.706576 0.956503
-0.714458 0.953414
-0.713619 0.955389
-0.720711 0.954109
-0.720812 0.954118
-0.720700 0.954136
-0.700360 0.956347
-0.708206 0.952812
-0.710570 0.953007
-0.707749 0.953992
-0.902724 1.004504
-0.694116 0.956336
-0.701957 0.952414
-0.702144 0.952421
-0.701916 0.952516
-0.896471 1.003861
-0.899986 1.004075
-0.902398 1.005983
-0.908597 1.007897
-0.920163 1.009354
-0.914933 1.009314
-0.921558 1.009937
-0.927860 1.012896
-0.883973 1.002976
-0.890224 1.003467
-0.892067 1.003570
-0.895872 1.006939
-0.901616 1.010479
-0.907695 1.012816
-0.914091 1.014018
-0.921055 1.013185
-0.927908 1.012932
-0.927855 1.012940
-0.883391 1.002915
-0.883912 1.003292
-0.889513 1.007337
-0.895051 1.011605
-0.901106 1.014026
-0.907580 1.014946
-0.914154 1.015510
-0.920866 1.015582
-0.928192 1.014596
-0.927834 1.014732
-0.260704 0.938093
-0.267193 0.938965
-0.273237 0.941426
-0.368994 0.960679
-0.371298 0.960775
-0.260863 0.939260
-0.267231 0.940562
-0.273282 0.942996
-0.356490 0.959490
-0.362744 0.960200
-0.363634 0.960338
-0.353587 0.959330
-1.649239 0.983079
-1.656195 0.982277
-1.663185 0.981975
-1.665537 0.982008
-1.662983 0.982071
-1.636435 0.982422
-1.643241 0.982154
-1.650691 0.981240
-1.649992 0.982080
-1.656942 0.981769
-1.659569 0.982021
-1.656723 0.982084
-1.630772 0.980344
-1.637330 0.980966
-1.650194 0.981195
-1.643976 0.981271
-1.181316 0.943704
-1.154683 0.942752
-1.161419 0.942739
-1.168072 0.943019
-1.175060 0.942949
-1.180655 0.943628
-1.174716 0.943337
-1.142139 0.941158
-1.148841 0.941264
-1.155490 0.941559
-1.162547 0.941354
-1.162137 0.941861
-1.168805 0.942175
-1.169355 0.942241
-1.168771 0.942213
-1.129559 0.939749
-1.136272 0.939813
-1.142983 0.939887
-1.149652 0.940108
-1.156289 0.940469
-1.156489 0.940500
-1.156276 0.940488
-0.944774 0.948850
-0.951023 0.949352
-0.953018 0.949470
-0.950343 0.951359
-0.938525 0.948439
-0.944626 0.948842
-0.936472 0.948325
-0.585036 0.957670
-0.558518 0.956384
-0.565164 0.956693
-0.571813 0.956987
-0.578779 0.956868
-0.583900 0.957538
-0.578432 0.957389
-0.545884 0.955108
-0.552523 0.955440
-0.559190 0.955670
-0.566269 0.955370
-0.565826 0.956010
-0.572525 0.956166
-0.572759 0.956191
-0.572507 0.956193
-0.533302 0.953704
-0.539966 0.953943
-0.546603 0.954279
-0.553217 0.954698
-0.561499 0.954866
-0.559897 0.954883
-0.158014 0.943935
-0.164270 0.944699
-0.145503 0.942447
-0.144238 0.945376
-0.151757 0.943121
-0.155672 0.943619
-0.151269 0.944305
-0.302345 0.982800
-0.308633 0.985077
-0.131592 0.944185
-0.144513 0.942312
-0.138634 0.943075
-0.309258 0.985324
-0.314924 0.987509
-0.314366 0.988749
-0.321204 0.989456
-0.320414 0.991200
-0.327486 0.991468
-0.326365 0.994006
-0.333761 0.993091
-0.332575 0.995876
-0.340027 0.994374
-0.345857 0.994898
0.319271 0.913847
0.339563 0.914760
0.331775 0.912605
0.332718 0.914354
0.325523 0.913207
0.321944 0.913666
0.325830 0.913792
0.345595 0.913965
0.338030 0.911882
0.332226 0.912562
0.338640 0.913164
0.119931 0.969596
0.118614 0.970694
0.113224 0.975510
0.106892 0.976944
0.090016 0.977422
0.124633 0.971192
0.121596 0.970728
0.118703 0.972705
0.113083 0.976689
0.106785 0.978243
0.100309 0.979159
0.089846 0.979020
0.093832 0.980072
0.125361 0.971355
0.124726 0.971907
0.118888 0.975102
0.112933 0.977879
0.106737 0.979797
0.100288 0.980806
0.090176 0.980527
0.093783 0.981616
0.741507 0.906115
0.734911 0.906600
0.728334 0.907151
0.721184 0.907204
0.721729 0.907607
0.714931 0.907867
0.712022 0.908168
0.715107 0.908003
0.754106 0.904708
0.747545 0.905317
0.740943 0.905782
0.734345 0.906257
0.727438 0.906539
0.722041 0.907107
0.727744 0.906726
0.766653 0.903173
0.760076 0.903727
0.753497 0.904269
0.746934 0.904871
0.740354 0.905410
0.733692 0.905866
0.732379 0.906017
0.733766 0.905926
1.201662 0.888950
1.194982 0.889138
1.188274 0.889218
1.181327 0.888953
1.179850 0.888870
1.181496 0.889055
1.208002 0.889238
1.201379 0.889629
1.194632 0.889571
1.187561 0.889179
1.185046 0.889073
1.187829 0.889315
1.207806 0.890276
1.201040 0.890153
1.190256 0.889323
1.194183 0.889701
1.506275 0.894845
1.539233 0.892534
1.532640 0.893032
1.526047 0.893526
1.519426 0.893926
1.512529 0.894119
1.507726 0.894648
1.512798 0.894297
1.545373 0.892114
1.538802 0.892687
1.532114 0.892844
1.525035 0.892892
1.525446 0.893069
1.518783 0.893394
1.518344 0.893437
1.518807 0.893403
1.551488 0.891654
1.544902 0.892175
1.538250 0.892460
1.527428 0.892683
1.531521 0.892465
-1.689955 0.981254
-1.669852 0.981580
-1.676683 0.981219
-1.683705 0.980778
-1.686728 0.981012
-1.683457 0.981069
-1.663623 0.981484
-1.671206 0.979833
-1.670528 0.980861
-1.677458 0.980397
-1.678740 0.980499
-1.677342 0.980562
-1.650747 0.981131
-1.657730 0.980232
-1.669365 0.979675
-1.664559 0.979879
-1.235293 0.943355
-1.242909 0.941651
-1.242146 0.942920
-1.249162 0.942335
-1.252218 0.942730
-1.248936 0.942707
-1.222413 0.942960
-1.229280 0.942477
-1.236662 0.941351
-1.241662 0.941537
-1.236158 0.941948
-1.216215 0.942789
-1.223061 0.942380
-1.234599 0.941306
-1.229959 0.941782
-1.000013 0.941433
-0.980096 0.941212
-0.987500 0.939847
-0.986916 0.940893
-0.993756 0.940601
-0.994356 0.940668
-0.993702 0.940695
-0.967375 0.940259
-0.974993 0.938556
-0.974294 0.939586
-0.981246 0.939157
-0.983031 0.939288
-0.981093 0.939342
-0.438500 0.951431
-0.412003 0.950726
-0.418718 0.950786
-0.425990 0.949963
-0.425420 0.950890
-0.432246 0.950727
-0.433377 0.950860
-0.432156 0.950873
-0.399361 0.949495
-0.406117 0.949408
-0.412796 0.949595
-0.419739 0.949388
-0.422648 0.949639
-0.419512 0.949652
-0.030293 0.941935
-0.036818 0.942675
-0.043377 0.943292
-0.049959 0.943833
-0.056474 0.944610
-0.062933 0.945586
-0.069663 0.947237
-0.069385 0.946592
-0.075917 0.947960
-0.024379 0.940700
-0.030961 0.941235
-0.037481 0.941993
-0.043994 0.942776
-0.050486 0.943634
-0.057133 0.944802
-0.056908 0.944740
-0.063397 0.945988
-0.069370 0.947198
-0.063271 0.946061
-0.005271 0.938555
-0.011848 0.939108
-0.018408 0.939721
-0.024991 0.940250
-0.031519 0.940977
-0.037966 0.941992
-0.044396 0.943069
-0.050875 0.944016
-0.051392 0.944109
-0.050856 0.944039
0.432713 0.910844
0.459388 0.909953
0.452714 0.910158
0.445947 0.910033
0.438966 0.910206
0.432761 0.910838
0.439274 0.910242
0.465089 0.907983
0.458510 0.908531
0.451951 0.909145
0.445218 0.909601
0.442358 0.909923
0.445372 0.909693
-0.227820 0.933624
-0.234825 0.932646
-0.241560 0.932629
-0.247866 0.934157
-0.254063 0.936077
-0.260612 0.937832
-0.260433 0.937375
-0.266871 0.938762
-0.266795 0.938698
-0.273164 0.941286
-0.272922 0.940869
-0.221565 0.933618
-0.228473 0.932990
-0.235228 0.932900
-0.241567 0.934307
-0.247824 0.936009
-0.258355 0.937791
-0.254192 0.937309
-0.273873 0.941843
-0.278466 0.946811
-0.367301 0.966983
-0.371468 0.967360
-0.215306 0.933674
-0.222079 0.933528
-0.228777 0.933647
-0.235184 0.934803
-0.241505 0.936271
-0.247827 0.937735
-0.254910 0.938500
-0.254361 0.938440
-0.273220 0.943968
-0.273975 0.943469
-0.354797 0.965866
-0.361051 0.966532
-0.364132 0.966997
-0.348540 0.965023
-0.352720 0.965620
-0.353113 0.972213
0.199362 0.918921
0.192879 0.919810
0.186448 0.920890
0.180046 0.922074
0.173638 0.923235
0.167179 0.924215
0.147637 0.926717
0.211989 0.917623
0.205550 0.918668
0.199117 0.919739
0.192716 0.920920
0.186344 0.922209
0.179962 0.923462
0.173527 0.924521
0.167072 0.925515
0.160669 0.926691
0.154313 0.928037
0.148101 0.929899
0.141992 0.932132
0.136295 0.935843
0.086761 0.944033
0.085346 0.946258
0.224460 0.915821
0.218101 0.917149
0.211726 0.918424
0.205351 0.919698
0.198976 0.920973
0.192594 0.922222
0.186233 0.923545
0.179896 0.924957
0.173581 0.926446
0.167384 0.928359
0.161214 0.930367
0.155107 0.932601
0.149022 0.934915
0.142464 0.935537
0.136348 0.937743
0.091094 0.945017
0.089653 0.944842
0.086003 0.950301
0.094434 0.945203
0.091767 0.948569
0.086283 0.953029
0.535334 0.915838
0.555437 0.916441
0.548663 0.916286
0.541565 0.916210
0.538041 0.915990
0.541923 0.916258
0.561877 0.917112
0.555163 0.917172
0.543093 0.916255
0.548255 0.916536
0.991998 0.911232
0.984571 0.909538
0.980964 0.909744
0.985058 0.910488
1.004952 0.911101
0.998083 0.910610
0.990818 0.909194
0.988479 0.909345
0.991151 0.909892
1.011005 0.910415
1.004195 0.910135
0.997064 0.908882
0.996305 0.908917
0.997184 0.909133
1.783871 0.926645
1.776372 0.925363
1.773248 0.924819
1.776882 0.925722
1.790288 0.927211
1.776893 0.925434
1.783378 0.926571
1.796674 0.927715
1.789772 0.927104
1.781560 0.925829
1.782763 0.926113
-1.555991 0.979375
-1.562249 0.980285
-1.522957 0.977286
-1.529695 0.977263
-1.536363 0.977486
-1.543475 0.977608
-1.542924 0.978102
-1.549732 0.978441
-1.554795 0.979198
-1.549496 0.978676
-1.510425 0.975670
-1.517066 0.975993
-1.523750 0.976164
-1.530400 0.976450
-1.537215 0.976689
-1.541600 0.977335
-1.537017 0.976862
-0.943059 0.954131
-0.946195 0.954225
-0.936814 0.953939
-0.939834 0.954119
-0.935131 0.959315
-0.930567 0.953572
-0.931770 0.953616
-0.459031 0.950738
-0.438944 0.950672
-0.445754 0.950393
-0.452779 0.950096
-0.457102 0.950528
-0.452455 0.950500
-0.426290 0.949485
-0.433047 0.949391
-0.440269 0.948697
-0.439807 0.949287
-0.446523 0.949380
-0.446799 0.949417
-0.446506 0.949405
0.079781 0.925733
0.086027 0.925473
0.082289 0.925597
0.086983 0.927980
0.092274 0.925130
0.090088 0.925158
0.093237 0.927992
-1.690279 0.980743
-1.697060 0.980563
-1.704236 0.980020
-1.703768 0.980648
-1.710490 0.980729
-1.710746 0.980756
-1.710471 0.980751
-1.684247 0.979940
-1.690992 0.979893
-1.697983 0.979459
-1.700548 0.979666
-1.697777 0.979701
-1.671424 0.979400
-1.691842 0.979015
-1.691724 0.979019
-0.492092 0.952507
-0.459197 0.950462
-0.465898 0.950572
-0.473314 0.949601
-0.472580 0.950750
-0.479572 0.950500
-0.479248 0.950975
-0.485834 0.951565
-0.486508 0.951680
-0.485800 0.951619
-0.453245 0.949375
-0.460022 0.949215
-0.467054 0.948705
-0.471590 0.949362
-0.466766 0.949170
0.089448 0.936443
0.090820 0.936434
0.089748 0.937897
0.095670 0.937306
0.094170 0.937137
0.090621 0.942727
0.096454 0.941257
0.535070 0.915819
0.528157 0.915173
0.521056 0.914549
0.518797 0.914487
0.521357 0.914922
0.541433 0.916215
0.534492 0.915465
0.527294 0.914606
0.524924 0.914472
0.527599 0.914886
0.957157 0.906985
0.949801 0.905714
0.945972 0.905820
0.950190 0.906140
0.970257 0.907385
0.963330 0.906685
0.956044 0.905542
0.952792 0.905608
0.956374 0.905878
0.976394 0.907003
0.969479 0.906344
0.959734 0.905416
0.962542 0.905608
1.411366 0.892642
1.404510 0.892200
1.397376 0.891583
1.395759 0.891242
1.397571 0.891456
1.417800 0.893272
1.411022 0.893104
1.398947 0.891973
1.404145 0.892581
1.417449 0.893754
1.410655 0.893529
1.402202 0.892736
1.403748 0.892901
-1.816181 0.987905
-1.822804 0.988297
-1.829417 0.988719
-1.836512 0.988493
-1.836055 0.989054
-1.842766 0.989198
-1.842735 0.989240
-1.803581 0.986503
-1.810259 0.986690
-1.816908 0.986988
-1.823997 0.986799
-1.823521 0.987412
-1.830256 0.987703
-1.832494 0.988005
-1.830116 0.987898
-1.791080 0.984794
-1.797767 0.984954
-1.804414 0.985252
-1.811043 0.985618
-1.817740 0.985999
-1.819262 0.986156
-1.817654 0.986048
-1.386036 0.959499
-1.392306 0.960959
-1.309194 0.945565
-1.315711 0.946335
-1.322207 0.947179
-1.328609 0.948355
-1.335017 0.949516
-1.341424 0.950680
-1.348426 0.951319
-1.347846 0.951792
-1.354694 0.952660
-1.354277 0.952867
-1.360963 0.954060
-1.360680 0.954042
-1.367231 0.955414
-1.367051 0.955335
-1.373499 0.956727
-1.373404 0.956696
-1.379768 0.958139
-1.382616 0.958768
-1.379733 0.958139
-1.284011 0.941064
-1.290504 0.941913
-1.296981 0.942827
-1.303529 0.943479
-1.310087 0.944099
-1.316595 0.944899
-1.323057 0.945862
-1.329617 0.947093
-1.329396 0.947265
-1.335887 0.948531
-1.335739 0.948655
-1.342156 0.949932
-1.345967 0.950783
-1.342100 0.949982
-1.047332 0.940948
-1.020827 0.939978
-1.028551 0.937978
-1.027662 0.939610
-1.034812 0.938920
-1.034353 0.939756
-1.041072 0.939919
-1.042261 0.940121
-1.041000 0.940058
-1.008322 0.938259
-1.015199 0.937739
-1.022292 0.937065
-1.027263 0.937782
-1.021946 0.937679
-0.775995 0.948765
-0.755495 0.950051
-0.762406 0.949405
-0.769739 0.947974
-0.774744 0.948609
-0.769270 0.948930
-0.749681 0.948459
-0.757230 0.946533
-0.756591 0.947821
-0.763485 0.947262
-0.763617 0.947275
-0.763471 0.947289
-0.876436 0.977529
-0.880654 0.977857
-0.736960 0.947554
-0.870195 0.977440
-0.871758 0.977097
-0.875117 0.983112
-0.934878 0.993588
-0.868868 0.977951
-0.869727 0.980040
-0.932986 0.996190
-0.934943 0.995183
-0.932863 0.996259
-0.932937 0.996473
-0.611831 0.958179
-0.585116 0.957561
-0.591859 0.957520
-0.599318 0.956503
-0.598513 0.957800
-0.605575 0.957358
-0.610822 0.958042
-0.605166 0.958079
-0.579279 0.956046
-0.586803 0.954848
-0.586002 0.956076
-0.593060 0.955687
-0.598566 0.956401
-0.592659 0.956342
-0.566693 0.954650
-0.573433 0.954619
-0.586142 0.954772
-0.580110 0.954814
-1.783230 0.985373
-1.789884 0.985648
-1.796472 0.986162
-1.803449 0.986665
-1.803014 0.986843
-1.809703 0.987396
-1.812605 0.987783
-1.809564 0.987495
-1.764230 0.982781
-1.770801 0.983358
-1.777319 0.984121
-1.783881 0.984731
-1.790935 0.984991
-1.790451 0.985305
-1.797191 0.985781
-1.801417 0.986419
-1.796998 0.985968
-1.751922 0.980395
-1.758494 0.980962
-1.765026 0.981675
-1.771523 0.982513
-1.777964 0.983549
-1.788843 0.984744
-1.784476 0.984338
-1.214798 0.944436
-1.222392 0.942995
-1.221579 0.944259
-1.228642 0.943534
-1.231015 0.943723
-1.228401 0.943931
-1.202016 0.943688
-1.208743 0.943700
-1.216149 0.942855
-1.222187 0.942979
-1.215540 0.943470
-1.195899 0.943228
-1.202579 0.943412
-1.215513 0.942848
-1.209328 0.943345
-0.935104 0.959399
-0.935045 0.959398
-0.928864 0.959394
-0.928926 0.959394
-0.928710 0.959927
-0.659397 0.956716
-0.666223 0.956380
-0.672998 0.956223
-0.679695 0.957597
-0.679595 0.956703
-0.685948 0.958247
-0.686371 0.958188
-0.685927 0.958141
-0.653369 0.955887
-0.660277 0.955255
-0.667177 0.955737
-0.666922 0.955564
-0.673435 0.956639
-0.676414 0.957144
-0.673402 0.956461
-0.679716 0.958595
-0.640751 0.954602
-0.647517 0.954479
-0.654267 0.954409
-0.660918 0.954850
-0.662764 0.955190
-0.660849 0.954943
-0.677978 0.959156
-0.679739 0.959710
-0.680363 0.959778
-0.679692 0.959776
-0.213650 0.936166
-0.221268 0.934067
-0.225214 0.934097
-0.220729 0.934918
-0.207495 0.935792
-0.215028 0.934038
-0.218911 0.934020
-0.214530 0.934706
-0.277777 0.950767
-0.280291 0.950052
-0.282898 0.955063
-0.365612 0.973532
-0.201365 0.935388
-0.212532 0.933973
-0.208338 0.934524
-0.277181 0.950826
-0.277569 0.951745
-0.359361 0.972995
-0.363850 0.973455
-0.282505 0.959918
-0.346843 0.971150
-0.353106 0.972241
-0.353116 0.972243
-1.622126 0.983484
-1.589257 0.980923
-1.595937 0.981110
-1.603341 0.980264
-1.602516 0.981658
-1.609602 0.981318
-1.609051 0.982360
-1.615865 0.982448
-1.620032 0.983182
-1.615632 0.982900
-1.576915 0.978618
-1.583580 0.978858
-1.590818 0.978265
-1.590195 0.979270
-1.597079 0.979273
-1.602148 0.980086
-1.596782 0.979788
-1.154516 0.943025
-1.127830 0.942496
-1.134571 0.942462
-1.142003 0.941400
-1.141260 0.942613
-1.148260 0.942220
-1.152236 0.942732
-1.147971 0.942684
-1.115243 0.941055
-1.121951 0.941137
-1.129491 0.939866
-1.128679 0.941151
-1.135748 0.940634
-1.140203 0.941157
-1.135419 0.941121
-1.128435 0.939706
-1.122922 0.939410
-0.829587 0.949778
-0.796577 0.947563
-0.804525 0.944854
-0.803308 0.947564
-0.810789 0.946053
-0.809963 0.947839
-0.817057 0.947333
-0.816562 0.948312
-0.823322 0.948567
-0.827732 0.949392
-0.823118 0.948943
-0.879799 0.963784
-0.784046 0.945925
-0.792007 0.943044
-0.790965 0.945252
-0.798265 0.943926
-0.804032 0.944773
-0.797807 0.944857
-0.879210 0.964406
-0.879755 0.964784
-0.932422 0.978322
-0.873592 0.965298
-0.877065 0.965431
-0.930056 0.979846
-0.931937 0.979755
-0.927935 0.980312
-0.929206 0.983984
-0.411707 0.951079
-0.391372 0.952294
-0.399201 0.949758
-0.398380 0.951301
-0.405456 0.950479
-0.408192 0.950812
-0.405226 0.950891
-0.385767 0.949967
-0.392948 0.949131
-0.397399 0.949575
-0.392544 0.949800
-0.030286 0.941943
-0.003536 0.941326
-0.010188 0.941616
-0.017043 0.941172
-0.024028 0.941019
-0.030158 0.941923
-0.023721 0.941365
0.027806 0.934734
0.021408 0.935926
0.014975 0.936993
0.008469 0.937802
0.001904 0.938396
-0.005257 0.938567
-0.004607 0.939188
-0.011516 0.939451
-0.011122 0.939962
-0.017775 0.940364
-0.018476 0.940436
-0.017726 0.940419
-0.004868 0.938502
0.001220 0.937697
0.500558 0.912278
0.514276 0.913670
0.506805 0.911939
0.502814 0.912131
0.507307 0.912820
0.520585 0.913871
0.513046 0.911885
0.510164 0.911801
0.513423 0.912335
0.902153 0.902852
0.895344 0.902573
0.888244 0.901950
0.885415 0.902044
0.888519 0.902239
0.908312 0.902503
0.901486 0.902162
0.894490 0.901657
0.892609 0.901739
0.894670 0.901861
1.349975 0.889742
1.343289 0.889910
1.336569 0.889949
1.329531 0.890173
1.329911 0.890212
1.323277 0.890877
1.320161 0.891400
1.323396 0.890992
1.349713 0.890500
1.342972 0.890466
1.330685 0.890213
1.336189 0.890278
1.356154 0.891202
1.349414 0.891171
1.342620 0.890946
1.335058 0.890685
1.335817 0.890690
1.600160 0.893768
1.592921 0.892356
1.591306 0.892401
1.593108 0.892620
1.606642 0.894573
1.599157 0.892498
1.596924 0.892504
1.599458 0.892949
1.613166 0.895576
1.602080 0.892778
1.605959 0.893872
1.741638 0.919833
1.755747 0.922342
1.741922 0.919937
1.748719 0.921281
1.755339 0.922582
1.747847 0.921307
1.744838 0.920749
1.748292 0.921450
1.761825 0.923449
1.748437 0.921430
1.754878 0.922678
-1.743869 0.981682
-1.750478 0.982118
-1.757069 0.982625
-1.764107 0.982973
-1.763594 0.983368
-1.770368 0.983959
-1.770101 0.984173
-1.776628 0.984965
-1.777109 0.985037
-1.776607 0.984983
-1.731334 0.980061
-1.738015 0.980236
-1.744609 0.980730
-1.751584 0.980898
-1.751178 0.981310
-1.757844 0.981869
-1.761531 0.982532
-1.757718 0.981999
-1.718716 0.978785
-1.725439 0.978812
-1.732142 0.978913
-1.738771 0.979277
-1.745325 0.979987
-1.745932 0.980079
-1.745297 0.980014
-1.288496 0.945648
-1.255654 0.942756
-1.262333 0.942946
-1.269700 0.941975
-1.268914 0.943486
-1.275966 0.943233
-1.275404 0.944355
-1.282231 0.944454
-1.287842 0.945511
-1.281936 0.945067
-1.243036 0.941424
-1.249839 0.941167
-1.257181 0.940106
-1.256592 0.941089
-1.263439 0.940935
-1.265570 0.941252
-1.263306 0.941149
-1.236897 0.941042
-1.243822 0.940352
-1.253112 0.939615
-1.250735 0.939699
-0.728715 0.951090
-0.727633 0.953409
-0.734968 0.951780
-0.738039 0.952086
-0.734593 0.952588
-0.714912 0.952444
-0.722463 0.950522
-0.727953 0.951018
-0.721755 0.952046
-0.885594 0.993250
-0.709020 0.951182
-0.717683 0.949954
-0.716037 0.950162
-0.879359 0.993487
-0.883689 0.993277
-0.885424 0.994428
-0.891273 0.997595
-0.897002 1.001190
-0.928377 1.004963
-0.921765 1.008955
-0.929532 1.005605
-0.878893 0.993605
-0.879288 0.994005
-0.884841 0.998224
-0.890450 1.002248
-0.934035 1.008002
-0.878353 0.999099
-0.933152 1.009368
-0.370703 0.955130
-0.376957 0.955847
-0.378022 0.955996
-0.376630 0.956883
-0.358195 0.953761
-0.364450 0.954517
-0.367698 0.954873
-1.386094 0.959467
-1.392428 0.960896
-1.398811 0.962145
-1.405207 0.963348
-1.411643 0.964407
-1.418149 0.965217
-1.425413 0.964824
-1.424661 0.966003
-1.431680 0.966115
-1.431169 0.966804
-1.437945 0.967368
-1.437642 0.967733
-1.444209 0.968558
-1.446852 0.969032
-1.444113 0.968671
-1.348474 0.951264
-1.354863 0.952485
-1.361203 0.953886
-1.367554 0.955249
-1.373945 0.956467
-1.380344 0.957657
-1.386777 0.958728
-1.393199 0.959836
-1.399648 0.960846
-1.406620 0.961356
-1.406087 0.961891
-1.412884 0.962509
-1.412553 0.962842
-1.419146 0.963579
-1.422523 0.964235
-1.419050 0.963684
-1.400354 0.960109
-1.401151 0.960276
-1.400334 0.960136
-1.020540 0.940575
-1.000497 0.940470
-1.008025 0.938893
-1.007239 0.940431
-1.014284 0.939766
-1.017581 0.940204
-1.013981 0.940391
-0.987922 0.938994
-0.994718 0.938762
-1.001769 0.938107
-1.004974 0.938490
-1.001474 0.938677
-0.755478 0.950086
-0.741590 0.951636
-0.749225 0.949435
-0.755336 0.950072
-0.748518 0.950930
-0.728809 0.950888
-0.736717 0.948078
-0.735755 0.950123
-0.742971 0.948744
-0.745030 0.948949
-0.742729 0.949251
-0.931217 0.998897
-0.722967 0.949451
-0.734678 0.947868
-0.729960 0.948515
-0.874763 0.984759
-0.875797 0.984682
-0.879970 0.989849
-0.932811 0.999584
-0.930334 1.002359
-0.868533 0.985286
-0.871630 0.985189
-0.874194 0.988140
-0.936229 1.002045
-0.934889 1.003303
0.943342 0.905722
0.936471 0.905223
0.929285 0.904291
0.926668 0.904330
0.929550 0.904545
0.949529 0.905473
0.942635 0.904887
0.935527 0.904169
0.933269 0.904178
0.935759 0.904369
0.955713 0.905261
1.828798 0.943562
1.830347 0.944125
1.836550 0.948269
1.835009 0.944903
1.834025 0.944746
1.835368 0.945741
-1.836833 0.987951
-1.843589 0.987860
-1.824335 0.986230
-1.830988 0.986508
-1.837688 0.986619
-1.844535 0.986463
-1.844425 0.986602
-1.288525 0.945578
-1.295153 0.945949
-1.301820 0.946186
-1.309046 0.945818
-1.308390 0.946763
-1.315310 0.947004
-1.321574 0.948167
-1.269941 0.941497
-1.276458 0.942265
-1.283987 0.941109
-1.282973 0.943042
-1.290254 0.942403
-1.289482 0.943835
-1.296522 0.943676
-1.296025 0.944511
-1.302784 0.944762
-1.306288 0.945355
-1.302615 0.945020
-1.257510 0.939545
-1.264195 0.939713
-1.270843 0.940010
-1.283522 0.941023
-1.277444 0.940474
-0.933397 0.965072
-0.856548 0.951454
-0.862698 0.953536
-0.927159 0.965200
-0.932017 0.965141
-0.838538 0.945381
-0.844871 0.946804
-0.851037 0.948824
-0.857314 0.950452
-0.863058 0.953980
-0.869030 0.956698
-0.926482 0.965278
-0.926587 0.967528
-0.638856 0.957962
-0.645582 0.957980
-0.652892 0.956741
-0.656788 0.956988
-0.652407 0.957647
-0.626266 0.956522
-0.633007 0.956490
-0.640383 0.955290
-0.639740 0.956483
-0.646640 0.956121
-0.648005 0.956255
-0.646486 0.956430
-0.613798 0.954702
-0.620527 0.954708
-0.627243 0.954765
-0.634126 0.954489
-0.635887 0.954702
-0.633967 0.954791
-0.199318 0.939284
-0.207016 0.936599
-0.210343 0.936745
-0.206528 0.937566
-0.193251 0.938593
-0.200771 0.936328
-0.203070 0.936411
-0.200449 0.936923
-0.282346 0.958142
-0.284079 0.957577
-0.363904 0.979151
-0.180366 0.938266
-0.187250 0.937716
-0.195961 0.936171
-0.194322 0.936501
-0.280653 0.958256
-0.282385 0.959986
-0.281381 0.962201
-0.357669 0.979358
-0.362000 0.979506
-0.283346 0.960573
-0.287160 0.967346
-0.338883 0.976225
-0.345143 0.977158
-0.351410 0.978445
-0.353028 0.978742
0.245152 0.913975
0.271799 0.913148
0.265122 0.913344
0.257665 0.912365
0.258405 0.913394
0.251410 0.913112
0.246386 0.913813
0.251706 0.913510
0.284402 0.911777
0.277705 0.911903
0.271012 0.912034
0.263922 0.911581
0.258266 0.912289
0.264291 0.912076
0.134673 0.944579
0.133231 0.949002
0.150936 0.943506
0.136499 0.945667
0.079847 0.960467
0.151009 0.943492
0.150385 0.943655
0.150945 0.943544
0.144656 0.945360
0.138378 0.947184
0.138048 0.946870
0.081889 0.962989
0.081112 0.961717
0.595071 0.913734
0.588470 0.914202
0.581823 0.914505
0.575352 0.915440
0.568901 0.916444
0.562099 0.916781
0.560837 0.916566
0.562215 0.916610
0.607534 0.911876
0.600853 0.912055
0.594293 0.912669
0.587809 0.913554
0.581355 0.914544
0.574967 0.915776
0.568336 0.916939
0.565150 0.917024
0.568539 0.916861
-1.743545 0.982228
-1.717265 0.980528
-1.723938 0.980737
-1.731031 0.980541
-1.730603 0.980973
-1.737286 0.981283
-1.738352 0.981438
-1.737233 0.981340
-1.704602 0.979368
-1.711301 0.979482
-1.718522 0.979100
-1.717985 0.979647
-1.724776 0.979822
-1.727376 0.980143
-1.724617 0.980007
-1.705289 0.978656
-1.716527 0.978932
-1.711967 0.978845
-1.181358 0.943657
-1.187991 0.944010
-1.194625 0.944361
-1.201865 0.943884
-1.201314 0.944513
-1.208117 0.944475
-1.209253 0.944569
-1.208025 0.944583
-1.175415 0.942525
-1.182013 0.942999
-1.188607 0.943492
-1.195617 0.943475
-1.200010 0.943717
-1.195267 0.943752
-1.162911 0.940836
-1.169518 0.941281
-1.176107 0.941790
-1.182661 0.942421
-1.189362 0.942813
-1.191148 0.943015
-1.189250 0.942932
-0.959001 0.945140
-0.962289 0.945356
-0.958311 0.946918
-0.946501 0.944176
-0.944824 0.948701
-0.952747 0.944502
-0.952986 0.944497
-0.952699 0.944601
-0.945321 0.944115
-0.939153 0.946647
-0.492383 0.952150
-0.498993 0.952587
-0.505612 0.952991
-0.512651 0.953114
-0.512221 0.953433
-0.518907 0.953861
-0.520763 0.954100
-0.518812 0.953935
-0.473424 0.949430
-0.480048 0.949816
-0.486631 0.950348
-0.493866 0.949981
-0.493183 0.950992
-0.500130 0.951144
-0.499726 0.951667
-0.506393 0.952224
-0.509275 0.952672
-0.506255 0.952389
-0.109006 0.950973
-0.115267 0.952000
-0.069671 0.947251
-0.076114 0.948284
-0.082569 0.949273
-0.089071 0.950093
-0.096490 0.949269
-0.095644 0.950661
-0.102749 0.950168
-0.108458 0.950878
-0.102328 0.950833
-0.057377 0.944794
-0.063877 0.945620
-0.070362 0.946502
-0.076866 0.947317
-0.083396 0.948037
-0.090229 0.948265
-0.095616 0.949119
-0.089948 0.948680
0.642503 0.914425
0.636242 0.915464
0.681529 0.909971
0.674978 0.910616
0.668425 0.911254
0.661938 0.912133
0.655024 0.912478
0.655460 0.913040
0.648764 0.913442
0.646445 0.913793
0.648897 0.913646
0.694140 0.908648
0.687569 0.909226
0.680980 0.909730
0.674413 0.910321
0.667543 0.910597
0.667861 0.910960
0.661283 0.911538
0.661073 0.911569
0.661295 0.911554
1.154110 0.887402
1.147315 0.887173
1.140282 0.886733
1.137173 0.886956
1.140534 0.886998
1.160318 0.887219
1.152778 0.885988
1.153440 0.886691
1.146532 0.886265
1.145559 0.886328
1.146607 0.886330
1.166654 0.887543
1.153054 0.885986
1.159676 0.886662
1.649881 0.904778
1.643637 0.905055
1.663927 0.906882
1.649925 0.904778
1.656994 0.906158
1.663544 0.907231
1.654449 0.905195
1.656407 0.905779
1.804888 0.929904
1.804022 0.929848
1.805161 0.930575
1.811119 0.930320
1.808911 0.930130
1.811878 0.932215
1.813039 0.930658
1.818642 0.934060
-1.450619 0.969481
-1.457122 0.970296
-1.463633 0.971089
-1.483577 0.973435
-1.489843 0.974696
-1.496106 0.975775
-1.425508 0.964663
-1.431955 0.965679
-1.438397 0.966719
-1.444866 0.967659
-1.451358 0.968516
-1.458517 0.968619
-1.457832 0.969439
-1.464781 0.969784
-1.464304 0.970368
-1.471047 0.970973
-1.470773 0.971311
-1.477312 0.972214
-1.480296 0.972795
-1.477222 0.972325
-1.406793 0.961112
-1.413284 0.961972
-1.419802 0.962732
-1.426266 0.963690
-1.432723 0.964670
-1.439171 0.965683
-1.445616 0.966709
-1.452253 0.967476
-1.457384 0.968414
-1.452074 0.967687
-1.074134 0.941750
-1.047651 0.940348
-1.054315 0.940590
-1.061614 0.939756
-1.060958 0.940907
-1.067874 0.940757
-1.072479 0.941486
-1.067596 0.941243
-1.028643 0.937802
-1.035348 0.937897
-1.042049 0.938008
-1.049091 0.937733
-1.048669 0.938407
-1.055353 0.938736
-1.056830 0.938974
-1.055267 0.938881
-0.611904 0.958054
-0.618646 0.958018
-0.626109 0.956795
-0.625366 0.958060
-0.632365 0.957597
-0.635573 0.957977
-0.632075 0.958140
-0.599372 0.956408
-0.606090 0.956456
-0.613593 0.955095
-0.612787 0.956579
-0.619852 0.955982
-0.624079 0.956535
-0.619497 0.956658
-0.586858 0.954756
-0.593575 0.954803
-0.600270 0.954934
-0.611134 0.954768
-0.607018 0.954875
-0.185127 0.941895
-0.192772 0.939540
-0.196966 0.939784
-0.192193 0.940696
-0.180270 0.938451
-0.179203 0.940689
-0.186522 0.939056
-0.188864 0.939230
-0.186212 0.939694
-0.285566 0.964505
-0.286379 0.966725
-0.166422 0.939984
-0.179359 0.938359
-0.173360 0.939245
-0.281998 0.965134
-0.286966 0.967931
-0.285511 0.971521
-0.355956 0.984755
-0.356593 0.984628
-0.287357 0.968136
-0.293258 0.970438
-0.292348 0.972869
-0.298001 0.976725
-0.337190 0.982517
-0.343455 0.983693
-0.349716 0.984725
-0.352760 0.985198
-0.348266 0.989572
-0.317318 0.981620
-0.323386 0.983988
-0.334877 0.982149
-0.329857 0.984923
0.271952 0.913297
0.298668 0.912944
0.291927 0.912911
0.284461 0.911854
0.285151 0.912750
0.278206 0.912553
0.274361 0.913035
0.278446 0.912845
0.304576 0.911704
0.297879 0.911828
0.290719 0.911013
0.285350 0.911746
0.291089 0.911617
0.133865 0.951914
0.136420 0.952217
0.134540 0.955380
0.079635 0.967059
0.139867 0.952913
0.135198 0.959459
0.079108 0.968766
0.080661 0.969971
0.708491 0.908416
0.701897 0.908910
0.681857 0.910192
0.721137 0.907176
0.714537 0.907642
0.707943 0.908136
0.701341 0.908600
0.694365 0.908777
0.694731 0.909033
0.688112 0.909487
0.687816 0.909516
0.688129 0.909498
0.727172 0.906416
0.720574 0.906895
0.713962 0.907319
0.707346 0.907730
0.700621 0.908061
0.698593 0.908306
0.700736 0.908165
1.174689 0.888780
1.167858 0.888426
1.160814 0.887438
1.160266 0.887454
1.160892 0.887585
1.181057 0.889167
1.174170 0.888609
1.167051 0.887507
1.166191 0.887469
1.167191 0.887726
1.187377 0.889437
1.180547 0.889081
1.171460 0.887706
1.173564 0.888182
1.466560 0.897462
1.459723 0.897084
1.452679 0.896038
1.452454 0.896029
1.452710 0.896071
1.479372 0.896816
1.472670 0.896923
1.465166 0.895665
1.465870 0.896674
1.458920 0.895997
1.458489 0.896010
1.458968 0.896064
1.491889 0.895167
1.485342 0.895830
1.478702 0.896154
1.466250 0.895593
1.471937 0.896035
-1.589057 0.981356
-1.556073 0.979228
-1.562801 0.979238
-1.569449 0.979540
-1.576537 0.979347
-1.576044 0.980030
-1.582796 0.980334
-1.586401 0.980925
-1.582619 0.980591
-1.543594 0.977414
-1.550279 0.977579
-1.556889 0.978013
-1.564021 0.977666
-1.563527 0.978348
-1.570278 0.978503
-1.571939 0.978727
-1.570176 0.978648
-1.127725 0.942705
-1.100952 0.942323
-1.107661 0.942405
-1.115213 0.941108
-1.114374 0.942471
-1.121469 0.941931
-1.126389 0.942509
-1.121083 0.942549
-1.088558 0.940191
-1.095268 0.940269
-1.102691 0.939138
-1.101945 0.940463
-1.108951 0.940108
-1.114732 0.941034
-1.108603 0.940729
-0.796519 0.947690
-0.776120 0.948504
-0.784004 0.946015
-0.783008 0.947945
-0.790259 0.946763
-0.795796 0.947578
-0.789845 0.947566
-0.770404 0.946564
-0.777745 0.945105
-0.783531 0.945947
-0.777290 0.946013
-0.878140 0.971697
-0.882570 0.971820
-0.934618 0.986915
-0.871892 0.971333
-0.874836 0.971374
-0.934529 0.986963
-0.934552 0.987230
-0.870074 0.971750
-0.928400 0.988025
-0.931838 0.987849
-0.933749 0.991820
-0.525391 0.954483
-0.531994 0.954945
-0.538643 0.955237
-0.545721 0.955223
-0.545294 0.955527
-0.551974 0.955899
-0.553125 0.956027
-0.551907 0.955951
-0.512822 0.952977
-0.519432 0.953414
-0.526050 0.953819
-0.533210 0.953781
-0.532673 0.954209
-0.539465 0.954466
-0.542770 0.954889
-0.539282 0.954648
-0.513533 0.952182
-0.520104 0.952756
-0.531797 0.953642
-0.526662 0.953371
-0.129518 0.949407
-0.109040 0.950903
-0.117005 0.947824
-0.115706 0.951136
-0.123260 0.948570
-0.125786 0.948874
-0.122805 0.949820
-0.096541 0.949175
-0.103251 0.949251
-0.110748 0.947014
-0.114067 0.947411
-0.110215 0.948414
0.360308 0.916394
0.387016 0.915956
0.380376 0.916282
0.373693 0.916458
0.366543 0.916567
0.361362 0.916432
0.367007 0.916621
0.386853 0.917080
0.380080 0.916928
0.366859 0.916572
0.373332 0.916869
0.922704 0.904130
0.915857 0.903716
0.908766 0.903073
0.906197 0.903146
0.909020 0.903338
0.928907 0.903940
0.922032 0.903423
0.915010 0.902872
0.913114 0.902913
0.915202 0.903070
1.390773 0.891212
1.383969 0.890955
1.376843 0.890984
1.374427 0.890283
1.377103 0.890468
1.397234 0.891938
1.390498 0.891922
1.377232 0.891116
1.383661 0.891544
1.396967 0.892723
1.390198 0.892586
1.380154 0.891965
1.383352 0.892178
1.629268 0.901605
1.621407 0.898287
1.619738 0.898042
1.621793 0.898933
1.623278 0.898678
1.628590 0.900855
1.635081 0.901729
1.627626 0.899297
1.627247 0.899251
1.627705 0.899423
-0.003490 0.941377
0.079496 0.925274
0.072754 0.925232
0.066556 0.927144
0.060269 0.928740
0.053879 0.929966
0.047555 0.931425
0.041312 0.933177
0.035053 0.934871
0.027847 0.934797
0.028779 0.936512
0.021577 0.936214
0.022520 0.938204
0.015308 0.937637
0.016229 0.939785
0.009039 0.938994
0.009795 0.940855
0.002774 0.940219
-0.002651 0.941266
0.003188 0.941303
0.085557 0.924596
0.078655 0.923986
0.072181 0.924908
0.066020 0.926947
0.059199 0.927503
0.059709 0.928452
0.052930 0.928875
0.053295 0.929586
0.046660 0.930356
0.046920 0.930862
0.040388 0.931897
0.040569 0.932225
0.034115 0.933417
0.029919 0.934330
0.034215 0.933576
0.480042 0.910870
0.500254 0.911665
0.492546 0.909745
0.493419 0.911296
0.486293 0.910309
0.483833 0.910557
0.486509 0.910653
0.506293 0.910904
0.493354 0.909664
0.499376 0.910241
0.840946 0.900423
0.861224 0.900912
0.854461 0.900800
0.847191 0.900206
0.841738 0.900392
0.847666 0.900569
0.867402 0.900633
0.860656 0.900585
0.853434 0.900022
0.848628 0.900168
0.853869 0.900381
1.316893 0.891808
1.310346 0.892474
1.303744 0.892939
1.296466 0.892046
1.293208 0.891912
1.296888 0.892490
1.329445 0.890237
1.322847 0.890716
1.316296 0.891358
1.309787 0.892158
1.302710 0.891875
1.298557 0.892074
1.303136 0.892446
1.329129 0.890844
1.322497 0.891201
1.315881 0.891613
1.305956 0.891753
1.309227 0.891892
1.664151 0.906526
1.677962 0.908934
1.666596 0.906954
1.670928 0.907849
1.684472 0.909857
1.677651 0.909536
1.670364 0.907735
1.670044 0.907648
1.670421 0.907753
1.812857 0.934500
1.819085 0.935056
1.815610 0.934910
1.820221 0.937990
1.820917 0.935123
1.826682 0.938740
0.087755 0.930110
0.093992 0.930239
0.090515 0.929980
0.100239 0.929904
0.096119 0.930106
0.094683 0.933169
0.387112 0.915490
0.432710 0.910843
0.426128 0.911374
0.419602 0.912113
0.413141 0.913084
0.406691 0.914091
0.400206 0.914977
0.388664 0.915830
0.393612 0.915471
0.438780 0.910191
0.432246 0.910898
0.425785 0.911866
0.419397 0.913094
0.413009 0.914324
0.406624 0.915562
0.400142 0.916455
0.390991 0.916799
0.393454 0.916610
0.814152 0.900850
0.840876 0.900361
0.834130 0.900307
0.827467 0.900555
0.820402 0.900397
0.815225 0.900788
0.820810 0.900821
0.847056 0.900087
0.840299 0.899998
0.833568 0.899999
0.826652 0.899906
0.823886 0.900100
0.826863 0.900094
1.275834 0.889401
1.268878 0.888595
1.261720 0.887157
1.261448 0.887142
1.261766 0.887229
1.275273 0.889086
1.267949 0.887603
1.266231 0.887459
1.268221 0.887936
1.281570 0.889271
1.271186 0.887782
1.274567 0.888303
1.586220 0.892054
1.579458 0.891947
1.572397 0.891344
1.569840 0.891478
1.572620 0.891563
1.592450 0.891962
1.584894 0.890550
1.585606 0.891556
1.578644 0.890985
1.577397 0.891076
1.578749 0.891109
1.713155 0.913761
1.727323 0.916969
1.714047 0.914153
1.720318 0.915987
1.726983 0.917459
1.716529 0.915088
1.719858 0.916046
1.880658 0.961621
1.870044 0.959894
1.873594 0.960425
1.880490 0.962699
1.873158 0.961714
1.871695 0.961019
1.873373 0.961320
1.873839 0.962059
1.880266 0.963624
-0.170998 0.944290
-0.178520 0.942106
-0.181971 0.942402
-0.178008 0.943289
-0.158267 0.943350
-0.166014 0.940827
-0.165229 0.942524
-0.172268 0.941481
-0.172598 0.941510
-0.172222 0.941584
-0.145598 0.942240
-0.152559 0.941417
-0.159759 0.940105
-0.161985 0.940348
-0.159514 0.940620
-0.286339 0.972798
-0.291527 0.974938
-0.290999 0.975982
-0.297814 0.977177
-0.296927 0.978865
-0.302798 0.981947
-0.308696 0.984941
-0.348008 0.990318
-0.346385 0.994629
-0.354255 0.990683
-0.354899 0.990724
-0.354052 0.991273
-0.302159 0.978517
-0.304094 0.979104
-0.304032 0.979235
-0.310383 0.981490
-0.309758 0.982836
-0.316665 0.983518
-0.315655 0.985826
-0.322943 0.985288
-0.321687 0.988331
-0.329217 0.986942
-0.327683 0.990965
-0.335481 0.988095
-0.334057 0.992248
-0.341750 0.989474
-0.347322 0.990305
-0.340627 0.992825
0.339790 0.915078
0.360204 0.916364
0.353313 0.915793
0.346037 0.914694
0.342060 0.914943
0.346406 0.915161
0.366511 0.916548
0.359559 0.915758
0.352283 0.914404
0.349366 0.914613
0.352592 0.914914
0.780938 0.902675
0.774338 0.903145
0.767745 0.903643
0.761187 0.904268
0.754261 0.904755
0.754640 0.904927
0.748005 0.905508
0.746544 0.905676
0.748084 0.905561
0.793585 0.901451
0.786968 0.901858
0.780352 0.902272
0.773777 0.902835
0.766772 0.903226
0.767231 0.903495
0.760516 0.904006
0.757364 0.904412
0.760680 0.904142
0.786373 0.901477
0.779796 0.902029
0.769075 0.902971
0.773242 0.902664
1.241048 0.885352
1.234495 0.885992
1.227953 0.886675
1.221376 0.887227
1.214725 0.887519
1.208118 0.888617
1.206466 0.888446
1.208220 0.888329
1.240917 0.886583
1.234467 0.887591
1.227916 0.888238
1.221180 0.888220
1.211159 0.888782
1.214503 0.888413
1.240916 0.888322
1.234540 0.889591
1.227875 0.889829
1.220960 0.889174
1.214338 0.889572
1.214316 0.889569
1.214339 0.889567
1.506217 0.894837
1.499751 0.895791
1.493288 0.896757
1.486775 0.897536
1.479446 0.896898
1.480171 0.897995
1.473194 0.897474
1.471570 0.897568
1.473377 0.897771
1.512294 0.894181
1.505765 0.894907
1.499216 0.895562
1.491961 0.895216
1.492638 0.896111
1.485702 0.896128
1.480849 0.896700
1.486048 0.896616
1.524922 0.892938
1.518376 0.893600
1.511793 0.894130
1.505168 0.894513
1.493572 0.894989
1.498509 0.894769
1.698897 0.911451
1.713047 0.914055
1.699125 0.911519
1.706132 0.913395
1.712735 0.914647
1.702130 0.912322
1.705637 0.913334
1.901620 0.966056
1.894543 0.964817
1.886294 0.963736
1.887558 0.963908
1.901494 0.967324
1.894402 0.966036
1.887393 0.965076
1.887327 0.965062
1.887402 0.965072
0.459513 0.910120
0.453258 0.910888
0.479657 0.910220
0.472924 0.910216
0.465771 0.909253
0.461208 0.909937
0.466054 0.909716
0.492445 0.909523
0.485510 0.908797
0.478283 0.907738
0.478693 0.908493
0.472021 0.908762
0.471659 0.908802
0.472059 0.908836
0.861477 0.901176
0.881645 0.901724
0.874887 0.901628
0.867719 0.900993
0.864011 0.901104
0.868064 0.901304
0.887791 0.901331
0.881019 0.901184
0.873964 0.900728
0.871046 0.900843
0.874224 0.900961
1.370327 0.890308
1.363583 0.890267
1.351518 0.889737
1.356760 0.889936
1.376809 0.891112
1.370087 0.891145
1.363291 0.890911
1.356303 0.890748
1.354850 0.890431
1.356443 0.890497
1.376563 0.891970
1.369792 0.891831
1.358010 0.891220
1.362964 0.891485
1.614536 0.897047
1.607174 0.894860
1.606962 0.894845
1.607210 0.894911
1.621108 0.898166
1.613395 0.895732
1.610785 0.895412
1.613893 0.896434
1.614794 0.895980
1.620571 0.897983
1.727397 0.916761
1.741600 0.919889
1.728006 0.917039
1.734506 0.918587
1.741198 0.920154
1.733600 0.918512
1.730634 0.917931
1.734060 0.918697
1.747771 0.921336
1.901681 0.965959
0.245078 0.913882
0.238451 0.914256
0.231857 0.914750
0.225335 0.915502
0.218849 0.916384
0.212051 0.917559
0.212362 0.917259
0.205798 0.918258
0.203999 0.918361
0.205879 0.918152
0.257626 0.912313
0.250963 0.912555
0.244360 0.913016
0.237822 0.913708
0.231318 0.914523
0.224571 0.915694
0.224844 0.915442
0.218309 0.916732
0.214361 0.917221
0.218423 0.916554
0.134367 0.938120
0.161805 0.933234
0.155532 0.934813
0.149261 0.936255
0.142971 0.938665
0.135636 0.939365
0.083897 0.952876
0.081272 0.957472
0.140441 0.939732
0.144240 0.943641
0.135506 0.941017
0.085323 0.954097
0.081675 0.960630
0.595184 0.913891
0.621837 0.913162
0.615051 0.912965
0.607703 0.912071
0.608287 0.912850
0.601444 0.912948
0.597176 0.913603
0.601674 0.913274
0.634424 0.911748
0.627739 0.911915
0.620991 0.911854
0.613963 0.911096
0.610676 0.911671
0.614216 0.911700
1.133888 0.887306
1.127417 0.888237
1.121015 0.889419
1.140044 0.886931
1.133546 0.887770
1.127111 0.888831
1.120726 0.890071
1.114341 0.891313
1.107948 0.892525
1.101557 0.893743
1.095177 0.895008
1.088833 0.896397
1.082526 0.897914
1.076258 0.899581
1.070018 0.901343
1.063801 0.903185
1.057564 0.904962
1.051276 0.906550
1.044939 0.907964
1.038147 0.909201
1.038572 0.909274
1.031885 0.910315
1.032183 0.910503
1.025622 0.911435
1.022379 0.911989
1.025746 0.911561
1.152759 0.885999
1.146200 0.886613
1.139679 0.887364
1.133170 0.888157
1.126714 0.889145
1.120296 0.890266
1.113891 0.891434
1.107473 0.892553
1.100870 0.893777
1.101073 0.893737
1.094601 0.895179
1.094721 0.895096
1.088328 0.896741
1.088421 0.896640
1.082052 0.898470
1.082163 0.898334
1.075773 0.900326
1.075952 0.900198
1.069496 0.902122
1.069746 0.902080
1.063218 0.903895
1.063546 0.903981
1.056943 0.905603
1.057315 0.905773
1.050672 0.907088
1.050973 0.907166
1.044408 0.908230
1.040319 0.908865
1.044538 0.908231
1.445883 0.895732
1.438402 0.894630
1.434125 0.894284
1.438946 0.894992
1.452216 0.895992
1.438697 0.894650
1.445356 0.895533
1.465086 0.895608
1.458389 0.895729
1.451609 0.895554
1.444638 0.894898
1.443936 0.894892
1.444717 0.894981
1.630178 0.901852
1.649877 0.904775
1.642962 0.904116
1.635629 0.902292
1.634612 0.902247
1.635861 0.902793
1.649319 0.904502
1.639801 0.902495
1.642245 0.903279
1.798198 0.929745
1.790639 0.927202
1.789539 0.927097
1.790896 0.927699
1.804524 0.929980
1.796867 0.927798
1.793870 0.927529
1.797559 0.929145
1.810846 0.930251
1.799388 0.927700
1.803785 0.929073
1.019301 0.912591
1.012811 0.913456
1.005080 0.911238
1.006054 0.913365
0.998833 0.911655
0.998608 0.911668
0.998880 0.911777
1.038106 0.909303
1.031741 0.910611
1.025347 0.911824
1.018820 0.912555
1.011329 0.910785
1.006615 0.911137
1.012055 0.912434
1.050512 0.907263
1.044182 0.908702
1.037833 0.910067
1.031404 0.911146
1.024851 0.911783
1.015336 0.910473
1.017957 0.911204
1.431998 0.894218
1.425191 0.893945
1.417888 0.893183
1.414863 0.892784
1.418277 0.893292
1.438377 0.894643
1.431597 0.894469
1.418882 0.893297
1.424729 0.893980
1.437958 0.894880
1.431139 0.894568
1.423154 0.893792
1.424226 0.893918
1.836761 0.948467
1.837215 0.948865
1.844700 0.953358
1.839710 0.949787
1.844086 0.952855
1.842955 0.950653
1.842728 0.950617
1.843036 0.950841
0.781089 0.902733
0.814071 0.900795
0.807401 0.901012
0.800774 0.901391
0.793594 0.901457
0.794173 0.901856
0.787341 0.902116
0.783653 0.902507
0.787576 0.902340
0.820149 0.900154
0.813465 0.900325
0.806848 0.900736
0.799847 0.900832
0.793738 0.901443
0.800234 0.901156
1.254790 0.886354
1.243303 0.885350
1.247847 0.885594
1.261186 0.886847
1.254321 0.886373
1.247181 0.885906
1.247455 0.885888
1.267600 0.887458
1.260704 0.886868
1.254117 0.887384
1.247260 0.887501
1.247414 0.887487
1.565890 0.891573
1.559256 0.891917
1.552570 0.892083
1.545598 0.892036
1.541614 0.892323
1.545857 0.892151
1.572042 0.891197
1.565368 0.891398
1.558098 0.891046
1.558667 0.891507
1.551847 0.891549
1.550031 0.891693
1.551963 0.891606
1.866538 0.959262
1.855805 0.957079
1.859491 0.958124
1.866209 0.959767
1.858924 0.958344
1.857998 0.958067
1.859084 0.958357
1.873024 0.961796
1.861178 0.958841
1.865780 0.959960
1.769777 0.924381
1.757023 0.922525
1.762821 0.923574
1.776316 0.925386
1.769382 0.924660
1.762107 0.923435
1.760356 0.923225
1.762359 0.923614
1.775821 0.925355
1.764547 0.923747
1.768846 0.924486
1.698873 0.911503
1.691979 0.910918
1.684634 0.909409
1.683368 0.909104
1.684851 0.909496
1.698568 0.912125
1.686335 0.909920
1.691600 0.911277
1.820824 0.939210
1.827055 0.939625
1.823033 0.939503
1.828211 0.942504
1.828068 0.939777
