-1.535504 0.695646
-1.538244 0.697069
-1.575895 0.707308
-1.539044 0.697485
-1.568368 0.710245
-1.575926 0.707339
-1.575890 0.707353
-1.543092 0.705269
-1.580741 0.709561
-1.575148 0.711133
-1.679259 1.000000
-1.646290 0.997920
-1.652929 0.998262
-1.659551 0.998666
-1.666750 0.997697
-1.666182 0.999037
-1.673005 0.998864
-1.674540 0.999136
-1.672885 0.999145
-1.634010 0.994634
-1.640570 0.995262
-1.647091 0.996036
-1.654234 0.995282
-1.653646 0.996682
-1.660493 0.996533
-1.663515 0.997103
-1.660286 0.997024
-1.232215 0.959886
-1.238471 0.961109
-1.205639 0.958749
-1.212347 0.958839
-1.219701 0.957497
-1.219046 0.958964
-1.225956 0.958661
-1.230089 0.959458
-1.225708 0.959219
-1.199625 0.957173
-1.206356 0.957180
-1.213449 0.956441
-1.218514 0.957288
-1.213068 0.957258
-0.956295 0.959529
-0.962542 0.960479
-0.935783 0.960795
-0.942727 0.960019
-0.950052 0.958710
-0.955566 0.959431
-0.949532 0.959752
-0.936382 0.959666
-0.948858 0.958571
-0.943312 0.958943
-0.825184 0.970761
-0.805048 0.971110
-0.811833 0.970914
-0.818942 0.969925
-0.821586 0.970295
-0.818695 0.970440
-0.798955 0.969826
-0.805701 0.969773
-0.812695 0.969042
-0.814486 0.969324
-0.812533 0.969411
-0.509899 0.965918
-0.489629 0.966402
-0.496465 0.966023
-0.503651 0.964978
-0.508263 0.965673
-0.503242 0.965858
-0.483253 0.966126
-0.490214 0.965289
-0.497403 0.964010
-0.500802 0.964576
-0.497097 0.964741
-0.477011 0.965406
-0.484071 0.964207
-0.491153 0.963000
-0.491745 0.963100
-0.491095 0.963143
-0.249913 0.956187
-0.236274 0.957329
-0.243669 0.955313
-0.246660 0.955756
-0.243291 0.956288
-0.223210 0.956906
-0.231165 0.953215
-0.230191 0.955998
-0.237420 0.954335
-0.238850 0.954584
-0.237246 0.954820
0.192572 0.923556
0.219179 0.923050
0.212439 0.923022
0.205064 0.921710
0.205710 0.923035
0.198818 0.922620
0.197452 0.922837
0.198941 0.922900
0.225378 0.922150
0.218619 0.922054
0.205153 0.921699
0.211869 0.921992
0.509512 0.926055
0.529898 0.926809
0.523078 0.926488
0.515763 0.925040
0.510009 0.925979
0.516282 0.926253
0.535820 0.924904
0.529079 0.924869
0.522014 0.924027
0.518843 0.924547
0.522305 0.924719
0.851587 0.920892
0.852336 0.923151
0.845328 0.922176
0.845082 0.922211
0.845374 0.922310
0.864086 0.918888
0.865800 0.924179
0.857834 0.919952
0.855518 0.920320
0.858621 0.922543
0.864816 0.918782
1.208983 0.896857
1.202143 0.896467
1.194852 0.895083
1.190617 0.895641
1.195283 0.896000
1.215229 0.896099
1.208391 0.895713
1.201095 0.894302
1.197028 0.894817
1.201533 0.895255
1.221436 0.895247
1.214599 0.894866
1.203799 0.893947
1.207716 0.894317
0.926100 0.968131
0.925013 0.968552
0.925079 0.968643
0.918734 0.970363
0.916977 0.970571
0.918815 0.970360
1.853106 0.939131
1.846042 0.937918
1.838950 0.936680
1.838822 0.936648
1.838972 0.936682
1.852812 0.939103
1.841093 0.936960
1.845714 0.937771
-1.767628 0.997271
-1.740857 0.996774
-1.747650 0.996553
-1.754374 0.996583
-1.761374 0.996124
-1.766689 0.997094
-1.761036 0.996846
-1.734922 0.994901
-1.741688 0.994780
-1.748865 0.993898
-1.748393 0.994880
-1.755119 0.994997
-1.756069 0.995168
-1.755058 0.995127
-1.098242 0.957461
-1.104497 0.958632
-1.078207 0.956978
-1.085731 0.955133
-1.084983 0.956819
-1.091986 0.956283
-1.096962 0.957215
-1.091679 0.956950
-1.065534 0.955143
-1.072318 0.954953
-1.085611 0.955113
-1.079039 0.954998
-0.845706 0.969611
-0.825499 0.970176
-0.832307 0.969903
-0.839467 0.968878
-0.842669 0.969263
-0.839165 0.969442
-0.819326 0.969189
-0.826093 0.969065
-0.833226 0.968170
-0.836575 0.968560
-0.832912 0.968748
-0.329437 0.936684
-0.336228 0.936469
-0.342898 0.936701
-0.349263 0.938040
-0.355429 0.940118
-0.361522 0.942460
-0.367355 0.945751
-0.373206 0.948974
-0.461486 0.970845
-0.468865 0.968501
-0.468974 0.968508
-0.468845 0.968551
-0.323119 0.936234
-0.329928 0.935953
-0.336689 0.935850
-0.343146 0.936855
-0.349378 0.938683
-0.355507 0.940889
-0.361503 0.943580
-0.367194 0.947390
-0.462644 0.968278
-0.465741 0.968539
-0.461932 0.970236
-0.460842 0.968170
-0.455125 0.971579
-1.794425 0.997820
-1.800683 0.999071
-1.767707 0.997066
-1.774455 0.997011
-1.781153 0.997138
-1.788169 0.996631
-1.794143 0.997765
-1.787809 0.997417
-1.761795 0.995111
-1.768496 0.995222
-1.775664 0.994472
-1.775151 0.995509
-1.781915 0.995524
-1.783249 0.995764
-1.781823 0.995725
-1.318873 0.963062
-1.298428 0.964110
-1.305229 0.963860
-1.318361 0.963047
-1.312091 0.963385
-1.292149 0.963495
-1.298859 0.963580
-1.305669 0.963299
-1.312646 0.962692
-1.313765 0.962735
-1.312539 0.962795
-1.057194 0.959643
-1.043241 0.961746
-1.050945 0.958660
-1.055121 0.959368
-1.050307 0.960529
-1.036997 0.961019
-1.044699 0.957801
-1.046762 0.958064
-1.044278 0.959013
-0.710048 0.973728
-0.689842 0.973867
-0.696586 0.973826
-0.703803 0.972867
-0.709280 0.973618
-0.703333 0.973771
-0.683707 0.972741
-0.690426 0.972789
-0.702193 0.972651
-0.697163 0.972774
-0.264161 0.953373
-0.250375 0.954999
-0.257917 0.952496
-0.261504 0.953055
-0.257454 0.953732
-0.244327 0.953547
-0.251668 0.951521
-0.253513 0.951838
-0.251415 0.952244
0.219355 0.923365
0.239497 0.923492
0.232743 0.923416
0.225597 0.922540
0.221448 0.923091
0.225989 0.923333
0.245710 0.922645
0.238969 0.922611
0.231841 0.921725
0.228229 0.922199
0.232184 0.922419
0.583638 0.925852
0.616552 0.923635
0.609923 0.924013
0.603272 0.924306
0.596148 0.923522
0.596597 0.924520
0.589894 0.924657
0.589576 0.924717
0.589914 0.924700
0.629158 0.921560
0.622523 0.921916
0.615891 0.922280
0.609224 0.922521
0.602404 0.922399
0.600444 0.922747
0.602541 0.922702
1.062588 0.903460
1.082663 0.903718
1.075868 0.903491
1.068830 0.902653
1.067020 0.902892
1.069019 0.903063
0.968451 0.929287
0.968278 0.929291
1.088836 0.902728
1.082067 0.902596
1.075074 0.901819
1.073877 0.901986
1.075204 0.902119
0.971602 0.929297
0.970057 0.936144
0.884036 0.952699
0.888022 0.956219
0.973114 0.929834
0.884371 0.953522
0.888232 0.958029
1.393801 0.908165
1.420171 0.906963
1.413388 0.906775
1.406297 0.906236
1.406726 0.907036
1.400047 0.907234
1.400033 0.907235
1.400048 0.907236
1.426372 0.906087
1.419563 0.905805
1.408495 0.905909
1.412864 0.905927
-1.541577 0.704826
-1.542845 0.705638
-1.542613 0.705948
-1.548266 0.709894
-1.554404 0.712068
-1.565229 0.711147
-1.561013 0.712521
-1.567958 0.712802
-1.543843 0.706373
-1.548410 0.710432
-1.554358 0.713298
-1.560879 0.714072
-1.567979 0.712813
-1.567955 0.712819
-1.827479 0.999598
-1.794447 0.997764
-1.801150 0.997874
-1.807863 0.997943
-1.814969 0.997266
-1.814525 0.998200
-1.821223 0.998414
-1.822154 0.998585
-1.821162 0.998548
-1.788579 0.995642
-1.795271 0.995789
-1.802463 0.995098
-1.801891 0.996199
-1.808715 0.996159
-1.811604 0.996673
-1.808532 0.996533
-1.801420 0.994907
-1.795928 0.994471
-1.411796 0.967627
-1.366346 0.961938
-1.372932 0.962472
-1.379460 0.963224
-1.385965 0.964053
-1.392441 0.964997
-1.399289 0.965403
-1.398927 0.965898
-1.405543 0.966543
-1.407713 0.966928
-1.405447 0.966677
-1.360198 0.960848
-1.366814 0.961272
-1.373383 0.961867
-1.379915 0.962604
-1.386777 0.963062
-1.386420 0.963437
-1.393032 0.964201
-1.396816 0.964925
-1.392897 0.964366
-1.131294 0.959186
-1.098320 0.957286
-1.104943 0.957687
-1.111616 0.957903
-1.118790 0.957052
-1.118294 0.958102
-1.125042 0.958109
-1.125649 0.958215
-1.125000 0.958199
-1.085739 0.955114
-1.092358 0.955527
-1.099022 0.955778
-1.105675 0.956069
-1.112536 0.955946
-1.116030 0.956573
-1.112321 0.956386
-0.549493 0.969071
-0.556073 0.969625
-0.562651 0.970191
-0.569801 0.969643
-0.569225 0.970771
-0.576058 0.970837
-0.580823 0.971736
-0.575813 0.971300
-0.536994 0.966556
-0.543588 0.967064
-0.550155 0.967669
-0.557284 0.967151
-0.556716 0.968294
-0.563543 0.968392
-0.569288 0.969541
-0.563276 0.968928
-0.524465 0.964209
-0.531089 0.964606
-0.537683 0.965111
-0.544253 0.965703
-0.551024 0.965878
-0.555525 0.966802
-0.550811 0.966340
-0.169536 0.954907
-0.142903 0.954094
-0.149460 0.954738
-0.156072 0.955179
-0.168938 0.954985
-0.162808 0.955166
-0.143044 0.954634
-0.149609 0.955246
-0.156233 0.955641
-0.167622 0.955552
-0.162974 0.955607
0.320259 0.923075
0.346757 0.921813
0.340035 0.921851
0.333380 0.922136
0.326508 0.922084
0.322850 0.922660
0.326750 0.922510
0.352891 0.920683
0.346156 0.920672
0.339500 0.920951
0.332757 0.921101
0.331111 0.921377
0.332867 0.921313
-0.329114 0.937264
-0.315385 0.938833
-0.322880 0.936664
-0.325949 0.936941
-0.322479 0.937512
-0.373077 0.950159
-0.376338 0.950409
-0.379041 0.952260
-0.384254 0.957819
-0.457079 0.971998
-0.454193 0.972895
-0.308995 0.938644
-0.320726 0.936478
-0.316118 0.937216
-0.371888 0.950136
-0.372870 0.951249
-0.377865 0.957604
-0.446856 0.976132
-0.454664 0.972571
-0.455734 0.972531
-0.454423 0.973077
-0.453130 0.972770
-0.447414 0.975154
0.054010 0.934205
0.099345 0.927992
0.092705 0.928330
0.086124 0.928884
0.079618 0.929711
0.073161 0.930721
0.066527 0.931710
0.066720 0.931791
0.060273 0.932849
0.060063 0.932890
0.060277 0.932847
0.105562 0.927146
0.098912 0.927451
0.092311 0.927927
0.085774 0.928644
0.079036 0.929441
0.079288 0.929546
0.072783 0.930527
0.071427 0.930758
0.072819 0.930511
0.435413 0.925597
0.462012 0.924750
0.455303 0.924837
0.447916 0.923468
0.448592 0.924916
0.441664 0.924523
0.438768 0.925016
0.441892 0.925033
0.468058 0.923301
0.461328 0.923308
0.448212 0.923420
0.454630 0.923433
0.865816 0.924226
0.859573 0.925077
0.859269 0.925088
0.859663 0.925327
0.865865 0.924220
0.872050 0.923695
0.870883 0.923821
1.720419 0.921264
1.734348 0.923371
1.721821 0.921245
1.727403 0.922595
1.740824 0.923494
1.733999 0.923154
1.726630 0.921346
1.725047 0.921313
1.726891 0.921786
-1.699786 0.998992
-1.679683 0.998906
-1.686440 0.998813
-1.693534 0.997890
-1.697461 0.998594
-1.693203 0.998707
-1.667023 0.997005
-1.673724 0.997121
-1.681030 0.995795
-1.680413 0.997279
-1.687283 0.996858
-1.687964 0.996970
-1.687217 0.997016
-1.042946 0.962476
-1.029215 0.963801
-1.036707 0.961746
-1.040866 0.962226
-1.036150 0.963060
-1.022743 0.963905
-1.034981 0.961579
-1.029811 0.962678
-0.582384 0.971894
-0.588938 0.972547
-0.595532 0.973056
-0.602871 0.971828
-0.602175 0.973385
-0.609127 0.973013
-0.608830 0.973669
-0.569824 0.969604
-0.576372 0.970281
-0.582958 0.970812
-0.589590 0.971179
-0.596618 0.970734
-0.602623 0.971782
-0.596222 0.971551
-0.557360 0.967014
-0.563885 0.967771
-0.570449 0.968382
-0.577048 0.968873
-0.583641 0.969384
-0.590363 0.969582
-0.591992 0.969876
-0.590272 0.969753
-0.018644 0.939690
-0.025162 0.940475
-0.031620 0.941481
-0.038043 0.942615
-0.044406 0.943965
-0.050738 0.945435
-0.076596 0.949873
-0.005914 0.938029
-0.012505 0.938548
-0.019023 0.939331
-0.025526 0.940168
-0.031999 0.941116
-0.038423 0.942246
-0.044781 0.943616
-0.051122 0.945047
-0.057479 0.946422
-0.064087 0.947572
-0.063861 0.947704
-0.070343 0.948767
-0.071924 0.949059
-0.070289 0.948820
0.000198 0.936833
-0.006365 0.937454
-0.012887 0.938223
-0.019389 0.939062
-0.025887 0.939921
-0.032328 0.940983
-0.038722 0.942218
-0.045073 0.943613
-0.051561 0.944879
-0.051418 0.945027
-0.057826 0.946273
-0.059025 0.946544
-0.057798 0.946317
-1.570382 0.677207
-1.576680 0.678800
-1.576415 0.680813
-1.827908 0.998502
-1.834665 0.998410
-1.841760 0.997639
-1.841410 0.998362
-1.815237 0.996637
-1.821945 0.996726
-1.829260 0.995659
-1.828638 0.996869
-1.835510 0.996664
-1.837849 0.997019
-1.835335 0.996996
-1.802536 0.994930
-1.809311 0.994773
-1.815995 0.994948
-1.829071 0.995627
-1.822633 0.995293
-0.635936 0.973878
-0.642187 0.974941
-0.602886 0.971801
-0.609473 0.972330
-0.616083 0.972780
-0.622703 0.973190
-0.629682 0.972762
-0.634396 0.973607
-0.629359 0.973469
-0.596848 0.970322
-0.603457 0.970774
-0.610096 0.971118
-0.616740 0.971440
-0.623427 0.971635
-0.623757 0.971694
-0.623405 0.971684
0.053901 0.934154
0.047580 0.935660
0.041249 0.937133
0.034880 0.938462
0.028450 0.939570
0.021940 0.940383
0.014625 0.939188
0.015300 0.940720
0.008376 0.940162
0.007435 0.940294
0.008479 0.940399
0.066396 0.931640
0.060033 0.932990
0.053707 0.934479
0.047388 0.935987
0.041022 0.937330
0.034567 0.938345
0.027999 0.938946
0.020878 0.938106
0.015509 0.939030
0.021322 0.939149
0.078952 0.929403
0.072560 0.930647
0.066240 0.932153
0.059932 0.933702
0.053594 0.935143
0.047208 0.936410
0.040733 0.937347
0.034123 0.937794
0.025257 0.937370
0.027306 0.937486
0.414881 0.924721
0.408630 0.925783
0.435145 0.924983
0.428402 0.924945
0.421131 0.923688
0.415004 0.924701
0.421661 0.924909
0.447892 0.923413
0.441146 0.923365
0.434391 0.923281
0.427383 0.922629
0.424243 0.923158
0.427647 0.923238
0.837345 0.917890
0.836179 0.917921
0.837623 0.918584
0.849848 0.915786
0.851009 0.919325
0.843588 0.917062
0.840273 0.917727
0.844087 0.918631
0.863939 0.918450
0.853072 0.915259
0.856771 0.916857
1.317595 0.900124
1.310600 0.899167
1.303752 0.898748
1.303711 0.898752
1.303756 0.898756
1.324027 0.900049
1.316993 0.898944
1.309986 0.898135
1.309073 0.898210
1.310095 0.898339
1.323445 0.898990
1.313919 0.897854
1.316507 0.898241
-1.545318 0.684927
-1.540166 0.689234
-1.547910 0.686202
-1.549275 0.686891
-1.547484 0.688129
-1.588317 0.697318
-1.528165 0.985706
-1.534850 0.985882
-1.554970 0.987151
-1.561230 0.988462
-1.567493 0.989847
-1.521994 0.984672
-1.528683 0.984829
-1.535326 0.985160
-1.541937 0.985605
-1.548711 0.985901
-1.554544 0.987067
-1.548481 0.986294
-1.515751 0.983943
-1.522448 0.984074
-1.529130 0.984258
-1.535822 0.984405
-1.542458 0.984811
-1.542839 0.984868
-1.542438 0.984831
-1.178626 0.958932
-1.151872 0.958413
-1.158580 0.958500
-1.165276 0.958633
-1.172373 0.957869
-1.177574 0.958757
-1.171982 0.958730
-1.145769 0.957163
-1.152509 0.957136
-1.159253 0.957099
-1.166121 0.956799
-1.167936 0.957107
-1.165987 0.957091
-0.901000 0.964545
-0.887351 0.965569
-0.899765 0.964520
-0.894265 0.964906
-0.880915 0.965545
-0.887851 0.964796
-0.894776 0.964247
-0.895315 0.964259
-0.894721 0.964295
-0.736827 0.973824
-0.710111 0.973603
-0.716859 0.973550
-0.723616 0.973457
-0.730581 0.972896
-0.732824 0.973242
-0.730394 0.973290
-0.703940 0.972610
-0.710704 0.972494
-0.717463 0.972399
-0.724335 0.971987
-0.725046 0.972091
-0.724272 0.972118
-1.366184 0.962241
-1.339526 0.961538
-1.346302 0.961378
-1.353019 0.961432
-1.359936 0.961275
-1.363793 0.961855
-1.359696 0.961638
-1.333168 0.961216
-1.340012 0.960810
-1.346808 0.960575
-1.353692 0.960458
-1.355994 0.960686
-1.353545 0.960557
-0.989595 0.960968
-0.996003 0.962151
-1.002442 0.963224
-1.009002 0.963856
-1.015609 0.964316
-1.022449 0.964302
-1.023851 0.964345
-1.022279 0.964547
-0.977089 0.958524
-0.983640 0.959187
-0.990031 0.960432
-0.996274 0.962221
-1.002561 0.963849
-1.009098 0.964563
-1.019903 0.964215
-1.015817 0.964612
-0.804662 0.971890
-0.784648 0.971848
-0.791395 0.971796
-0.798417 0.970994
-0.800391 0.971298
-0.798234 0.971405
-0.771790 0.970686
-0.778612 0.970358
-0.785357 0.970314
-0.792169 0.970082
-0.792670 0.970161
-0.792122 0.970194
-0.314872 0.940245
-0.390178 0.960768
-0.308636 0.939603
-0.312277 0.939955
-0.307474 0.943149
-0.383918 0.959484
-0.390043 0.960742
-0.390169 0.960812
-0.395669 0.965323
-0.432553 0.978179
-0.439306 0.978100
-0.446657 0.976191
-0.447047 0.975988
-0.446546 0.976245
-0.306672 0.939386
-0.301210 0.942491
-0.377671 0.958581
-0.379272 0.958770
-0.383264 0.962481
-0.432521 0.979313
-0.445774 0.976536
-0.439572 0.978149
-0.374913 0.958558
-0.377172 0.961218
-0.442978 0.976720
-0.439906 0.977987
-1.740835 0.996833
-1.747091 0.998010
-1.720409 0.997694
-1.727296 0.997127
-1.734583 0.995751
-1.740611 0.996792
-1.734117 0.996804
-1.714527 0.995626
-1.721326 0.995385
-1.728332 0.994728
-1.731329 0.995224
-1.728093 0.995256
-1.298351 0.964202
-1.271774 0.963102
-1.278342 0.963705
-1.284971 0.964084
-1.292114 0.963549
-1.297494 0.964139
-1.291712 0.964052
-1.259200 0.960896
-1.265743 0.961586
-1.272251 0.962404
-1.278811 0.963035
-1.291688 0.963502
-1.285455 0.963360
-0.935778 0.960803
-0.921928 0.962221
-0.935737 0.960799
-0.928875 0.961438
-0.915469 0.962280
-0.922467 0.961313
-0.929546 0.960296
-0.930673 0.960377
-0.929417 0.960515
-0.510009 0.965732
-0.516591 0.966288
-0.523142 0.966951
-0.529695 0.967607
-0.536720 0.967122
-0.536297 0.968083
-0.542976 0.968321
-0.543558 0.968440
-0.542945 0.968393
-0.503869 0.964592
-0.510541 0.964815
-0.517140 0.965305
-0.524206 0.964723
-0.523763 0.965703
-0.530462 0.965891
-0.531297 0.966057
-0.530413 0.966007
-0.497843 0.963086
-0.504543 0.963205
-0.511191 0.963513
-0.517951 0.963597
-0.519791 0.963926
-0.517826 0.963866
-0.109762 0.952188
-0.116353 0.952706
-0.122929 0.953280
-0.129604 0.953489
-0.139409 0.953760
-0.136297 0.953632
-0.109884 0.952798
-0.116487 0.953272
-0.123124 0.953619
-0.129828 0.953721
-0.136512 0.953952
-0.136603 0.953932
-0.136505 0.953926
0.388105 0.924676
0.414869 0.924695
0.408070 0.924449
0.400604 0.922688
0.401275 0.924219
0.394354 0.923704
0.392938 0.923930
0.394493 0.924040
0.420878 0.923106
0.414075 0.922846
0.401715 0.922511
0.407317 0.922756
0.789902 0.916407
0.783258 0.916735
0.776632 0.917122
0.770005 0.917508
0.763229 0.917883
0.759106 0.918519
0.763447 0.918146
0.795982 0.915056
0.789314 0.915291
0.782714 0.915777
0.775740 0.915552
0.776161 0.916432
0.769481 0.916799
0.767148 0.917267
0.769599 0.917056
0.808665 0.913279
0.801915 0.913216
0.795283 0.913583
0.788688 0.914080
0.781998 0.914331
0.780727 0.914589
0.782075 0.914518
1.249974 0.899041
1.243250 0.899073
1.235886 0.897667
1.229848 0.898492
1.236472 0.898905
1.256102 0.897853
1.249391 0.897926
1.242132 0.896786
1.236678 0.897555
1.242653 0.897910
1.268895 0.896464
1.262179 0.896523
1.255503 0.896732
1.244278 0.896463
1.248753 0.896664
1.488325 0.908978
1.481594 0.908984
1.474882 0.909060
1.467901 0.908653
1.494614 0.908377
1.487908 0.908472
1.481206 0.908587
1.474135 0.908061
1.470494 0.908407
1.474479 0.908602
1.500740 0.907226
1.494115 0.907619
1.487441 0.907832
1.476107 0.907842
1.480749 0.907979
1.679382 0.918756
1.699585 0.919348
1.692809 0.919185
1.685620 0.918088
1.682270 0.918481
1.685987 0.918859
1.705921 0.918960
1.699130 0.918742
1.688341 0.917792
1.692279 0.918311
-1.553130 0.680345
-1.548650 0.682824
-1.555880 0.681597
-1.588551 0.689817
-1.558442 0.682676
-1.555444 0.683638
-1.587647 0.690476
-1.469977 0.976903
-1.412021 0.967251
-1.418569 0.967929
-1.425072 0.968770
-1.431535 0.969753
-1.437982 0.970801
-1.444438 0.971812
-1.451180 0.972564
-1.450880 0.972876
-1.457443 0.973933
-1.457279 0.974094
-1.463709 0.975398
-1.469851 0.976873
-1.463639 0.975460
-1.399403 0.965194
-1.405959 0.965843
-1.412480 0.966615
-1.418971 0.967496
-1.425457 0.968400
-1.431949 0.969277
-1.438663 0.970106
-1.438424 0.970218
-1.444920 0.971277
-1.447394 0.971770
-1.444862 0.971295
-1.406395 0.965333
-1.412894 0.966183
-1.419369 0.967125
-1.425835 0.968094
-1.435479 0.969536
-1.432316 0.969014
-0.866218 0.968191
-0.845967 0.969189
-0.852823 0.968737
-0.859988 0.967702
-0.862576 0.967916
-0.859711 0.968167
-0.839717 0.968480
-0.846524 0.968210
-0.857565 0.967503
-0.853366 0.967809
-0.475968 0.967118
-0.483137 0.966319
-0.486785 0.966600
-0.482603 0.967477
-0.469526 0.967086
-0.476897 0.965606
-0.481773 0.966157
-0.476347 0.966762
-0.463076 0.967128
-0.475448 0.965409
-0.470163 0.965828
-1.606855 0.994186
-1.613118 0.995572
-1.554993 0.987099
-1.561549 0.987744
-1.568065 0.988537
-1.574556 0.989420
-1.581057 0.990264
-1.588070 0.990199
-1.587517 0.991262
-1.594332 0.991512
-1.593998 0.992185
-1.600594 0.992852
-1.603277 0.993424
-1.600484 0.993084
-1.549105 0.985071
-1.555715 0.985516
-1.562276 0.986146
-1.568783 0.986970
-1.575545 0.987505
-1.575237 0.987985
-1.581806 0.988821
-1.586327 0.989817
-1.581681 0.989040
-1.151834 0.958496
-1.158083 0.959527
-1.131676 0.958408
-1.138376 0.958527
-1.145585 0.957535
-1.151351 0.958417
-1.145102 0.958548
-1.118974 0.956676
-1.125663 0.956833
-1.132346 0.957015
-1.139333 0.956486
-1.142976 0.957105
-1.139070 0.957044
-0.866605 0.967574
-0.873534 0.966857
-0.880496 0.966176
-0.881164 0.966216
-0.880423 0.966282
-0.860232 0.967320
-0.867126 0.966730
-0.876612 0.965926
-0.874025 0.966120
0.830530 0.917261
0.823659 0.916756
0.816832 0.916527
0.816119 0.916614
0.816883 0.916597
0.837030 0.917444
0.829329 0.914600
0.829982 0.916290
0.823069 0.915844
0.821309 0.916129
0.823233 0.916232
0.849475 0.914799
0.842604 0.914289
0.833992 0.913693
0.835700 0.913666
1.817681 0.932682
1.810434 0.931632
1.808805 0.931335
1.810655 0.931607
1.824410 0.933721
1.810943 0.931687
1.817349 0.932521
-1.556473 0.678835
-1.566731 0.677311
-1.563651 0.677199
-1.570122 0.678633
-1.580114 0.680890
-1.582449 0.682323
-1.587717 0.687685
-1.562887 0.681043
-1.576413 0.680813
-1.569846 0.680213
-1.576415 0.680814
-1.576416 0.680813
-1.582302 0.683901
-1.587415 0.689824
-1.469978 0.976901
-1.476329 0.978299
-1.482708 0.979590
-1.489103 0.980825
-1.495513 0.982009
-1.501979 0.982982
-1.508454 0.983928
-1.514961 0.984751
-1.521896 0.984856
-1.527842 0.985712
-1.521539 0.985318
-1.451292 0.972399
-1.457704 0.973574
-1.464058 0.974955
-1.470392 0.976416
-1.476749 0.977789
-1.483121 0.979105
-1.489488 0.980444
-1.495888 0.981661
-1.502342 0.982677
-1.508829 0.983579
-1.515654 0.984079
-1.520643 0.984674
-1.515378 0.984247
-1.438792 0.969953
-1.445257 0.970931
-1.451707 0.971961
-1.458099 0.973206
-1.464439 0.974637
-1.470757 0.976153
-1.477095 0.977595
-1.483432 0.979039
-1.489774 0.980467
-1.496174 0.981679
-1.502641 0.982650
-1.514345 0.983923
-1.509154 0.983451
-0.989349 0.961295
-0.956366 0.959380
-0.963142 0.959223
-0.969849 0.959316
-0.976840 0.958996
-0.976486 0.959662
-0.983095 0.960150
-0.983546 0.960242
-0.983077 0.960182
-0.950179 0.958451
-0.957048 0.957954
-0.963795 0.957895
-0.970585 0.957870
-0.972607 0.958250
-0.970469 0.958110
-0.784137 0.972971
-0.757507 0.972624
-0.764320 0.972328
-0.771640 0.971021
-0.771061 0.972297
-0.777889 0.972009
-0.778444 0.972100
-0.777838 0.972130
-0.751454 0.971195
-0.758253 0.970949
-0.765389 0.970005
-0.769846 0.970729
-0.765038 0.970760
-0.306899 0.944747
-0.401023 0.970207
-0.292812 0.947529
-0.300661 0.944024
-0.304098 0.944437
-0.300087 0.945542
-0.388513 0.967878
-0.394769 0.969054
-0.399286 0.969885
-0.400679 0.971629
-0.406413 0.975285
-0.412388 0.978058
-0.418747 0.979426
-0.430841 0.978325
-0.425597 0.978999
-0.286764 0.946077
-0.294413 0.943129
-0.297503 0.943599
-0.293946 0.944433
-0.382267 0.967001
-0.388200 0.967819
-0.388473 0.968048
-0.393356 0.974817
-0.418396 0.981727
-0.431753 0.979456
-0.425272 0.981204
-0.432444 0.979945
-0.381445 0.966958
-0.382103 0.967799
-0.433540 0.980861
-0.432188 0.981593
0.165504 0.923726
0.158875 0.924105
0.152272 0.924577
0.145692 0.925136
0.138950 0.925375
0.137005 0.925658
0.139081 0.925582
0.171610 0.922484
0.164983 0.922866
0.158401 0.923417
0.151448 0.923470
0.151832 0.924017
0.145198 0.924432
0.144778 0.924495
0.145224 0.924472
0.462204 0.925175
0.482209 0.924751
0.475443 0.924629
0.468455 0.924143
0.464642 0.924769
0.468743 0.924746
0.495139 0.923857
0.488331 0.923577
0.481571 0.923480
0.474704 0.923193
0.473146 0.923424
0.474834 0.923459
-1.539290 0.689986
-1.539923 0.690346
-1.583860 0.702552
-1.542255 0.691679
-1.584144 0.702868
-1.583788 0.703089
-1.587565 0.704724
-1.582521 0.708792
-1.842119 0.996808
-1.829275 0.995625
-1.836045 0.995486
-1.842759 0.995551
-1.339390 0.961762
-1.318933 0.962987
-1.325807 0.962464
-1.333157 0.961233
-1.338086 0.961652
-1.332683 0.961943
-1.319419 0.962253
-1.333067 0.961227
-1.326296 0.961726
-1.077704 0.958188
-1.057498 0.958849
-1.065197 0.955979
-1.064454 0.958028
-1.071452 0.957094
-1.071827 0.957165
-1.071415 0.957197
-1.051650 0.956677
-1.058949 0.955025
-1.062165 0.955514
-1.058553 0.956053
-0.662728 0.974294
-0.636031 0.973689
-0.642710 0.973889
-0.649419 0.973969
-0.656478 0.973287
-0.660696 0.973968
-0.656132 0.974044
-0.630044 0.972026
-0.636708 0.972273
-0.643413 0.972374
-0.650228 0.972299
-0.651942 0.972558
-0.650089 0.972581
-0.208876 0.958671
-0.169587 0.954998
-0.176251 0.955248
-0.182978 0.955264
-0.189672 0.955406
-0.196361 0.956200
-0.196234 0.956028
-0.202627 0.957659
-0.204963 0.957947
-0.202525 0.957645
-0.169709 0.955602
-0.176338 0.955981
-0.183107 0.955845
-0.194940 0.956184
-0.189893 0.955646
0.530038 0.927139
0.556754 0.926536
0.550078 0.926744
0.543386 0.926892
0.536291 0.926022
0.531695 0.926851
0.536659 0.926912
0.569320 0.924312
0.562659 0.924573
0.556007 0.924866
0.549312 0.925002
0.542544 0.924930
0.541999 0.925026
0.542591 0.925047
1.002704 0.906677
1.041847 0.902178
1.035181 0.902419
1.028557 0.902820
1.021983 0.903395
1.015229 0.903939
1.015454 0.904141
1.008973 0.905147
1.006007 0.905863
1.008998 0.905155
1.001017 0.907198
0.996409 0.908899
0.996499 0.908686
0.990120 0.910981
0.990314 0.910691
0.984440 0.913832
0.978835 0.917960
1.048038 0.901251
1.041347 0.901407
1.034729 0.901820
1.028143 0.902357
1.021481 0.902905
1.019117 0.903283
1.021581 0.902981
0.990021 0.911051
0.984376 0.914641
0.978916 0.919292
0.870909 0.942896
0.870622 0.942948
0.870983 0.943138
0.978817 0.920011
0.877138 0.942484
0.877048 0.942154
0.877258 0.942519
1.582561 0.908912
1.570174 0.907546
1.575652 0.908263
1.589026 0.908954
1.582130 0.908353
1.575058 0.907260
1.574482 0.907286
1.575130 0.907376
1.588588 0.908422
1.578684 0.907102
1.581622 0.907569
1.755201 0.924882
1.775338 0.925551
1.768567 0.925407
1.761432 0.924381
1.758997 0.924645
1.761692 0.924889
1.781813 0.925669
1.775024 0.925463
1.767671 0.923728
1.764819 0.924018
1.768029 0.924500
-1.646202 0.998146
-1.652462 0.999456
-1.607037 0.993742
-1.613584 0.994420
-1.620109 0.995181
-1.626610 0.996025
-1.633680 0.995484
-1.633140 0.996770
-1.639942 0.996836
-1.644838 0.997865
-1.639694 0.997419
-1.588138 0.990047
-1.594695 0.990689
-1.601262 0.991293
-1.607822 0.991919
-1.614892 0.991455
-1.614363 0.992621
-1.621154 0.992786
-1.620887 0.993384
-1.627417 0.994140
-1.627666 0.994192
-1.627406 0.994164
-1.205414 0.959247
-1.178703 0.958771
-1.185438 0.958766
-1.192152 0.958833
-1.199163 0.958185
-1.202489 0.958749
-1.198898 0.958780
-1.172689 0.957200
-1.179379 0.957356
-1.186113 0.957352
-1.192912 0.957157
-1.193306 0.957219
-1.192879 0.957226
-0.757360 0.972951
-0.737166 0.973147
-0.743953 0.972947
-0.751110 0.971952
-0.755700 0.972689
-0.750724 0.972806
-0.731067 0.971887
-0.737841 0.971738
-0.744862 0.970987
-0.747246 0.971357
-0.744655 0.971437
-0.292664 0.947893
-0.278698 0.949903
-0.286419 0.947031
-0.291673 0.947783
-0.285739 0.948770
-0.399355 0.977207
-0.405623 0.978731
-0.411893 0.980298
-0.272657 0.948426
-0.280167 0.946004
-0.284238 0.946718
-0.279655 0.947452
-0.386847 0.975016
-0.393094 0.975914
-0.394952 0.976289
-0.398889 0.979202
-0.404747 0.982403
-0.416644 0.982085
-0.411052 0.983966
-0.418195 0.982729
-0.424489 0.984977
-0.386549 0.974978
-0.386795 0.975258
-0.392155 0.980274
-0.397847 0.984074
-0.410489 0.987082
-0.417438 0.986290
-0.425153 0.985283
-0.424341 0.985667
0.165772 0.924197
0.192193 0.922843
0.185514 0.923041
0.178842 0.923261
0.172019 0.923213
0.169700 0.923587
0.172183 0.923529
0.205057 0.921697
0.198298 0.921599
0.191621 0.921803
0.184960 0.922063
0.178269 0.922224
0.178184 0.922237
0.178275 0.922235
0.556830 0.926704
0.550575 0.927867
0.583294 0.925114
0.576692 0.925588
0.569342 0.924359
0.570044 0.925897
0.563086 0.925517
0.558012 0.926485
0.563409 0.926253
0.595882 0.922967
0.589257 0.923362
0.582625 0.923728
0.569672 0.924300
0.576001 0.924125
1.042059 0.902498
1.062171 0.902640
1.055344 0.902293
1.048303 0.901668
1.045021 0.902103
1.048576 0.902161
0.976418 0.920444
0.973493 0.923054
0.968402 0.929061
0.872624 0.948650
1.068355 0.901690
1.061568 0.901495
1.054547 0.900826
1.051836 0.901208
1.054780 0.901289
0.977608 0.921028
0.973861 0.925431
0.878862 0.947960
0.876546 0.948033
0.879260 0.948790
0.977584 0.921983
0.974105 0.927396
0.879821 0.948075
1.352761 0.905777
1.373012 0.906844
1.366132 0.906303
1.358993 0.905211
1.357040 0.905391
1.359228 0.905676
1.379119 0.905622
1.372286 0.905254
1.365237 0.904404
1.363138 0.904695
1.365444 0.904857
-1.720312 0.997953
-1.700023 0.998381
-1.706821 0.998145
-1.714059 0.996839
-1.719447 0.997803
-1.713603 0.997959
-1.694115 0.996411
-1.701557 0.994794
-1.700848 0.996410
-1.707809 0.995838
-1.709908 0.996167
-1.707605 0.996320
-1.271547 0.963469
-1.232331 0.959619
-1.238955 0.960013
-1.245518 0.960635
-1.252036 0.961419
-1.259040 0.961214
-1.258581 0.962106
-1.265296 0.962403
-1.267587 0.962813
-1.265171 0.962627
-1.219784 0.957317
-1.226431 0.957630
-1.233045 0.958062
-1.239629 0.958603
-1.246521 0.958718
-1.246133 0.959437
-1.252780 0.959965
-1.255480 0.960496
-1.252658 0.960195
-0.921501 0.962854
-0.901140 0.964380
-0.908072 0.963651
-0.915279 0.962568
-0.917918 0.962704
-0.914988 0.962982
-0.901626 0.963662
-0.913621 0.962485
-0.908560 0.962927
-0.689512 0.974502
-0.662881 0.973982
-0.669619 0.973963
-0.676329 0.974043
-0.683267 0.973616
-0.685587 0.973952
-0.683067 0.974025
-0.656824 0.972571
-0.663542 0.972624
-0.670263 0.972666
-0.677018 0.972660
-0.677598 0.972746
-0.676971 0.972754
-0.209075 0.958315
-0.215767 0.958462
-0.223167 0.957011
-0.222459 0.958612
-0.229416 0.958001
-0.230956 0.958227
-0.229245 0.958413
-0.196434 0.956349
-0.202840 0.957538
-0.209622 0.957361
-0.216908 0.955761
-0.222640 0.956919
-0.216438 0.957055
0.266672 0.923999
0.293371 0.923545
0.286669 0.923659
0.279964 0.923756
0.272915 0.923180
0.269159 0.923675
0.273240 0.923787
0.299562 0.922619
0.292870 0.922764
0.286152 0.922818
0.279158 0.922386
0.275911 0.922792
0.279435 0.922878
0.790051 0.916656
0.810103 0.916421
0.803340 0.916308
0.796296 0.915741
0.791858 0.916431
0.796629 0.916390
0.816318 0.915561
0.808801 0.913603
0.809425 0.914977
0.802547 0.914712
0.800021 0.915151
0.802718 0.915067
0.829013 0.913830
0.822243 0.913694
0.810644 0.913264
0.815367 0.913168
1.296918 0.898372
1.290200 0.898422
1.283215 0.897984
1.279545 0.898544
1.283512 0.898584
1.303167 0.897624
1.296408 0.897526
1.289460 0.897099
1.286923 0.897462
1.289689 0.897576
1.309517 0.897298
1.302667 0.896865
1.293873 0.896546
1.295895 0.896722
1.548218 0.906417
1.541505 0.906488
1.534795 0.906572
1.527750 0.906354
1.528158 0.906920
1.521502 0.907338
1.520512 0.907484
1.521560 0.907412
1.554471 0.905690
1.547733 0.905670
1.541014 0.905715
1.534001 0.905348
1.528520 0.906235
1.534324 0.905871
1.554008 0.905065
1.547233 0.904910
1.536980 0.904915
1.540484 0.904849
-0.076716 0.949934
-0.083192 0.950874
-0.089768 0.951445
-0.096375 0.951905
-0.108135 0.952070
-0.103036 0.952165
-0.064175 0.947615
-0.070597 0.948752
-0.077100 0.949590
-0.083649 0.950258
-0.090200 0.950922
-0.096715 0.951716
-0.103455 0.952139
-0.106058 0.952438
-0.103262 0.952395
0.367584 0.923504
0.387630 0.923563
0.380080 0.921609
0.380785 0.923150
0.373831 0.922572
0.372045 0.922847
0.374002 0.922967
0.400501 0.922451
0.393663 0.922064
0.380235 0.921584
0.386863 0.921816
0.723674 0.920421
0.717032 0.920759
0.710388 0.921080
0.703356 0.920783
0.703760 0.921465
0.697107 0.921790
0.696808 0.921838
0.697127 0.921826
0.729860 0.919450
0.723208 0.919743
0.716534 0.919959
0.709606 0.919785
0.705157 0.920498
0.709890 0.920281
0.742583 0.917816
0.735938 0.918131
0.729265 0.918351
0.722628 0.918697
0.715856 0.918783
0.713893 0.919106
0.715985 0.919026
1.229622 0.898473
1.222770 0.898040
1.215369 0.896398
1.210446 0.897009
1.215895 0.897515
1.235810 0.897503
1.228997 0.897209
1.221611 0.895618
1.216663 0.896237
1.222140 0.896756
1.241948 0.896398
1.235178 0.896264
1.223349 0.895389
1.228325 0.895824
1.603576 0.911904
1.596625 0.911102
1.589328 0.909495
1.587400 0.909610
1.589585 0.909976
1.603073 0.911085
1.591496 0.909405
1.596142 0.910359
1.609594 0.911380
1.602621 0.910499
1.595548 0.909313
1.595299 0.909328
1.595584 0.909385
1.789216 0.927061
1.781953 0.925565
1.780784 0.925489
1.782101 0.925662
1.796059 0.928526
1.783427 0.925711
1.788850 0.926785
0.001727 0.940324
-0.005897 0.938051
-0.005108 0.939951
-0.012145 0.938995
-0.013441 0.939205
-0.012024 0.939278
0.014573 0.939088
0.007868 0.939188
0.000353 0.937058
-0.005610 0.938007
0.001029 0.938799
0.020616 0.937640
0.013909 0.937736
0.003080 0.936629
0.007028 0.937188
0.293460 0.923700
0.320094 0.922786
0.313447 0.923101
0.306788 0.923371
0.299704 0.922852
0.294616 0.923538
0.300113 0.923578
0.326215 0.921610
0.319602 0.922046
0.312948 0.922333
0.305948 0.922019
0.301607 0.922592
0.306284 0.922581
0.690449 0.922025
0.683827 0.922431
0.677223 0.922899
0.670298 0.922660
0.665970 0.923414
0.670598 0.923297
0.703235 0.920564
0.696558 0.920770
0.689916 0.921098
0.682800 0.920597
0.683324 0.921614
0.676548 0.921611
0.675229 0.921828
0.676647 0.921818
0.709314 0.919252
0.702666 0.919560
0.696035 0.919928
0.684200 0.920371
0.689391 0.920250
1.188407 0.895471
1.181721 0.895641
1.175145 0.896217
1.168568 0.896788
1.161786 0.897195
1.194620 0.894594
1.187905 0.894656
1.181327 0.895221
1.174776 0.895882
1.168033 0.896253
1.164849 0.896749
1.168195 0.896440
1.200824 0.893731
1.194089 0.893722
1.187489 0.894205
1.180924 0.894818
1.174282 0.895291
1.173082 0.895486
1.174347 0.895385
0.951436 0.954688
0.948843 0.957059
0.943054 0.960507
0.936886 0.962574
0.930977 0.965590
0.912229 0.970898
0.904471 0.967938
0.903744 0.967440
0.904711 0.968021
0.960911 0.953655
0.954655 0.954811
0.954459 0.954794
0.949087 0.958993
0.943062 0.961580
0.936675 0.962843
0.930583 0.965184
0.924589 0.967886
0.918490 0.970201
0.904706 0.968082
0.912047 0.971262
0.904453 0.968432
0.949155 0.960326
0.942910 0.962108
0.936468 0.963167
0.930188 0.964821
0.924037 0.966941
0.918018 0.969549
0.911697 0.971054
0.903715 0.969289
0.904580 0.969650
1.447370 0.907733
1.467634 0.908192
1.460831 0.907930
1.453606 0.907108
1.448550 0.907604
1.454082 0.907874
1.473952 0.907742
1.467139 0.907446
1.454082 0.907061
1.460390 0.907385
1.638345 0.916273
1.658730 0.917659
1.651931 0.917418
1.644576 0.915799
1.641407 0.916068
1.645067 0.916934
1.664991 0.917001
1.658181 0.916718
1.646896 0.915535
1.651376 0.916450
1.881242 0.943547
1.869168 0.941873
1.874279 0.942699
1.887842 0.944108
1.881063 0.943934
1.871015 0.942294
1.874043 0.942883
-0.278411 0.950584
-0.264547 0.952412
-0.272167 0.949740
-0.276369 0.950360
-0.271625 0.951147
-0.258565 0.950720
-0.265917 0.948730
-0.268728 0.949239
-0.265569 0.949724
-0.403970 0.986199
-0.391444 0.983473
-0.397703 0.984722
-0.402515 0.985900
-0.405182 0.986613
-0.403920 0.986487
-0.410264 0.988420
0.266475 0.923669
0.259749 0.923693
0.253010 0.923670
0.246133 0.923304
0.245069 0.923446
0.246225 0.923477
0.272682 0.922800
0.265971 0.922881
0.259234 0.922858
0.252374 0.922530
0.251539 0.922637
0.252450 0.922671
0.637225 0.924356
0.630570 0.924638
0.616698 0.923939
0.610442 0.925104
0.643245 0.922768
0.636541 0.922871
0.629207 0.921656
0.629866 0.923083
0.622953 0.922777
0.619181 0.923473
0.623193 0.923297
0.655935 0.921000
0.649222 0.921072
0.642534 0.921236
0.630080 0.921496
0.635811 0.921268
1.083111 0.904596
1.109714 0.904165
1.103048 0.904403
1.096334 0.904475
1.089354 0.903742
1.088246 0.903887
1.089483 0.904040
0.964300 0.937028
0.888566 0.957823
1.122371 0.902268
1.115825 0.902947
1.109206 0.903360
1.102483 0.903397
1.095600 0.902859
1.095509 0.902871
1.095611 0.902885
0.970115 0.936428
0.969933 0.936409
0.889528 0.957900
0.896353 0.962071
0.971594 0.936898
0.971660 0.943065
0.888940 0.958965
0.896322 0.962994
0.888509 0.959361
0.887602 0.960274
0.889079 0.962210
1.373265 0.907380
1.393222 0.906894
1.386465 0.906802
1.379512 0.906451
1.376096 0.906965
1.379789 0.907008
1.406127 0.905910
1.399354 0.905762
1.392587 0.905634
1.385762 0.905458
1.384376 0.905687
1.385871 0.905696
1.624079 0.913974
1.620172 0.914189
1.637972 0.915605
1.624356 0.913957
1.631149 0.915277
1.644321 0.915271
1.637449 0.914762
1.630307 0.913603
1.628774 0.913712
1.630544 0.914133
1.887972 0.943360
1.901740 0.944646
1.894818 0.943952
1.887954 0.943852
1.887358 0.943680
1.888016 0.943699
1.901634 0.945304
1.888989 0.944157
1.894667 0.944446
0.347059 0.922453
0.367141 0.922495
0.360316 0.922159
0.353304 0.921557
0.350311 0.921988
0.353568 0.922102
0.380065 0.921574
0.373221 0.921164
0.366423 0.920928
0.359553 0.920618
0.357965 0.920869
0.359687 0.920912
0.756858 0.918674
0.750253 0.919141
0.743592 0.919403
0.736935 0.919677
0.730167 0.919863
0.728031 0.920158
0.730294 0.920012
0.762998 0.917537
0.756351 0.917848
0.749706 0.918168
0.742662 0.917951
0.743088 0.918589
0.736411 0.918985
0.734818 0.919239
0.736508 0.919143
0.775440 0.914874
0.768830 0.915321
0.762261 0.915919
0.755723 0.916630
0.744026 0.917724
0.749177 0.917309
1.276763 0.898526
1.270090 0.898743
1.263440 0.899047
1.256419 0.898512
1.252468 0.899114
1.256754 0.899214
1.282897 0.897358
1.276210 0.897525
1.268919 0.896512
1.269557 0.897815
1.262669 0.897508
1.260534 0.897846
1.262843 0.897881
1.289043 0.896286
1.282325 0.896338
1.269220 0.896466
1.275643 0.896521
1.514945 0.907847
1.508298 0.908158
1.501649 0.908462
1.494684 0.908469
1.490058 0.908958
1.495008 0.908800
1.527703 0.906275
1.521098 0.906745
1.514480 0.907161
1.507858 0.907569
1.500930 0.907544
1.495719 0.908333
1.501250 0.908024
1.533790 0.904991
1.527150 0.905328
1.520496 0.905614
1.513892 0.906084
1.507185 0.906429
1.504790 0.906846
1.507304 0.906613
1.658851 0.917856
1.679154 0.918493
1.672446 0.918579
1.665090 0.917185
1.660143 0.917728
1.665679 0.918451
1.685383 0.917715
1.678631 0.917641
1.666193 0.917044
1.671909 0.917678
0.132431 0.925880
0.125816 0.926315
0.119233 0.926858
0.112631 0.927337
0.105881 0.927555
0.104057 0.927798
0.106006 0.927729
0.138608 0.924895
0.132016 0.925411
0.125458 0.926047
0.118866 0.926561
0.112124 0.926740
0.110705 0.926931
0.112221 0.926879
0.482742 0.925911
0.509465 0.925946
0.502604 0.925474
0.495235 0.924057
0.495805 0.925234
0.488988 0.924971
0.488637 0.925024
0.489020 0.925040
0.515478 0.924372
0.508695 0.924191
0.496306 0.923902
0.501928 0.924062
1.002674 0.906648
0.869215 0.936587
1.015076 0.903811
1.008681 0.905046
1.002432 0.906813
0.996315 0.909060
0.990110 0.910991
0.869443 0.936595
0.870062 0.939766
0.875439 0.936306
0.875086 0.936018
1.338506 0.903124
1.336723 0.903267
1.338742 0.903602
1.352213 0.904642
1.344734 0.902720
1.341366 0.902913
1.345191 0.903585
1.358571 0.904341
1.345885 0.902641
1.351598 0.903461
1.568660 0.907311
1.561782 0.906781
1.554547 0.905820
1.549305 0.906455
1.554960 0.906453
1.568183 0.906590
1.555284 0.905750
1.561322 0.906120
1.574621 0.906585
1.567705 0.905916
1.560780 0.905310
1.560277 0.905357
1.560832 0.905402
1.754930 0.924778
1.748225 0.924880
1.740899 0.923558
1.738177 0.923541
1.741294 0.924154
1.761168 0.924032
1.754461 0.924125
1.741856 0.923487
1.747738 0.924156
0.867518 0.930322
0.863715 0.930572
0.868201 0.930262
0.872440 0.930065
1.331662 0.902328
1.324251 0.900496
1.321290 0.900722
1.324640 0.901269
1.338102 0.902281
1.325908 0.900377
1.331084 0.901233
1.344582 0.902426
1.337541 0.901299
1.330476 0.900187
1.330066 0.900204
1.330532 0.900286
1.831912 0.935484
1.824696 0.934035
1.823962 0.933952
1.824807 0.934122
1.838676 0.936651
1.826649 0.934155
1.831554 0.935223
0.663905 0.923440
0.657187 0.923493
0.650533 0.923780
0.643498 0.923298
0.637539 0.924347
0.643905 0.924163
0.669921 0.921840
0.663238 0.922019
0.656003 0.921134
0.656576 0.922277
0.649751 0.922191
0.647281 0.922630
0.649921 0.922560
0.682696 0.920390
0.675967 0.920397
0.669301 0.920643
0.656944 0.920986
0.662648 0.920933
1.109893 0.904437
1.161651 0.897131
1.155179 0.898082
1.148726 0.899106
1.142294 0.900204
1.135902 0.901448
1.129449 0.902471
1.122396 0.902309
1.122960 0.903363
1.116142 0.903445
1.113042 0.903927
1.116377 0.903911
0.965555 0.943872
1.167801 0.896066
1.161318 0.896978
1.154871 0.898019
1.148446 0.899146
1.142021 0.900268
1.135558 0.901251
1.122953 0.902205
1.128971 0.901780
0.967493 0.943728
0.966200 0.946661
0.960048 0.948784
0.954222 0.952102
0.897146 0.962533
0.971774 0.943709
0.971547 0.943570
0.966755 0.949746
0.960597 0.951844
0.954632 0.954652
0.897067 0.963458
0.904407 0.967939
0.896481 0.963887
0.893559 0.965341
0.896941 0.966335
1.420591 0.907801
1.447250 0.907510
1.440399 0.907078
1.433669 0.907082
1.426834 0.906957
1.425255 0.907163
1.426974 0.907221
1.453559 0.907028
1.446680 0.906490
1.439915 0.906371
1.433079 0.906126
1.432176 0.906248
1.433162 0.906296
1.867244 0.941592
1.853915 0.939282
1.860243 0.940612
1.866948 0.941557
1.855855 0.939680
1.859937 0.940541
1.699912 0.919715
1.720262 0.921102
1.713421 0.920703
1.706141 0.919259
1.703590 0.919450
1.706470 0.919905
1.719916 0.920898
1.708395 0.919099
1.712953 0.920056
1.603590 0.911926
1.617557 0.913792
1.603686 0.911926
1.610672 0.913236
1.624041 0.913902
1.617149 0.913320
1.609809 0.911763
1.607352 0.911834
1.610188 0.912484
1.623531 0.913105
1.611418 0.911684
1.616686 0.912692
1.803497 0.930048
1.796198 0.928480
1.795442 0.928239
1.796314 0.928399
1.810353 0.931557
1.797040 0.928737
1.803197 0.930008
