0.330863 0.850541
0.324500 0.849208
0.214913 0.727674
0.201648 0.729430
0.208886 0.725151
0.265210 0.747838
0.233550 0.739540
0.232318 0.739990
0.226034 0.738861
0.221606 0.736411
0.220256 0.734257
0.215075 0.728731
0.203064 0.731556
0.208435 0.728388
0.263675 0.749209
0.263670 0.749222
0.263681 0.749169
0.233293 0.737478
0.226535 0.737553
0.538489 0.824730
0.538110 0.826404
1.355032 1.053115
1.357048 1.055073
1.355970 1.051102
1.532811 1.102910
1.538503 1.098352
1.530634 1.103014
1.361211 1.059720
1.359323 1.057441
1.356396 1.051240
1.571631 1.114827
1.568965 1.111428
1.563575 1.106636
1.526750 1.103063
1.524332 1.102814
1.518041 1.102069
1.361253 1.059756
1.361218 1.059722
1.762698 1.168004
1.570338 1.116250
1.568711 1.113970
1.563574 1.108286
1.515205 1.101821
1.511734 1.102163
1.776479 1.167290
1.763849 1.168720
1.769459 1.168298
1.569222 1.117755
1.568427 1.116648
1.563346 1.110773
1.783057 1.169488
1.775994 1.170645
1.768929 1.171909
1.768698 1.171748
1.768957 1.171715
1.782459 1.173275
1.775154 1.176156
1.772852 1.174624
1.775453 1.174229
0.331517 0.668202
0.325244 0.666444
0.333923 0.669775
0.339453 0.664806
0.321086 0.666412
0.318933 0.666725
0.336820 0.672322
0.338688 0.669196
0.317498 0.667273
0.536376 0.726348
0.535730 0.727957
0.684362 0.762371
0.678080 0.760755
0.895988 0.826694
0.889712 0.825154
0.883442 0.823313
0.897638 0.821689
0.891077 0.821065
1.416531 0.974271
1.413920 0.972157
1.417034 0.974725
1.417721 0.970338
1.420408 0.977398
2.031164 1.147593
2.028930 1.145633
2.031919 1.143631
2.031887 1.148171
2.034681 1.150699
2.038442 1.147701
0.836211 0.699402
0.835457 0.699987
0.973448 0.738232
0.970255 0.736288
0.968608 0.730460
0.834613 0.700785
1.073813 0.765652
1.073109 0.765003
0.975067 0.739322
0.974424 0.735385
1.206546 0.797919
1.076242 0.767590
1.219689 0.800715
1.213442 0.798974
1.301381 0.830099
1.301102 0.831817
1.301234 0.825466
2.098383 1.053037
2.099031 1.054967
2.099760 1.056955
2.640932 0.697954
2.634669 0.695692
2.628394 0.694107
2.987481 0.785699
2.979679 0.789717
2.902608 0.769263
2.898087 0.769795
2.898885 0.765363
2.887543 0.765316
2.892476 0.764198
2.879266 0.764790
2.872994 0.763054
2.975644 0.790162
2.980569 0.787945
2.973343 0.791287
2.897027 0.769586
2.889275 0.767560
2.892060 0.767342
2.881033 0.765406
2.879837 0.762909
2.870401 0.762626
2.981254 0.787185
2.973196 0.791315
2.973366 0.791265
3.200495 0.852606
3.199833 0.854203
3.199124 0.855098
3.369962 0.900534
3.372281 0.902917
0.142882 0.796591
0.136599 0.795449
0.130327 0.793688
0.143894 0.793482
0.136634 0.795346
0.130478 0.793281
0.125281 0.787807
0.351070 0.850551
0.344257 0.850822
0.334052 0.850741
0.337496 0.850907
0.331017 0.850573
0.324722 0.850008
0.321241 0.847381
0.318657 0.846032
0.313150 0.841656
0.345102 0.849453
0.338117 0.850332
0.331275 0.850708
0.324729 0.850033
0.318724 0.847433
0.313209 0.843096
0.236115 0.731979
0.241751 0.728061
0.265854 0.741520
0.265390 0.742010
0.235870 0.733666
0.264362 0.742917
0.236094 0.735529
0.536794 0.809673
0.538288 0.818191
0.536705 0.811613
0.536945 0.819626
0.535973 0.815877
1.352337 1.045605
1.351439 1.041634
1.354120 1.047821
1.351694 1.042353
1.558151 1.100355
1.539180 1.098087
1.546553 1.093679
1.538618 1.098009
1.532326 1.097330
1.355452 1.049955
1.351952 1.043105
1.562943 1.106063
1.558327 1.101344
1.528240 1.096969
1.526029 1.096797
1.519733 1.096340
1.563217 1.107909
1.558414 1.102689
1.518996 1.096340
1.790509 1.165307
1.783185 1.168643
1.780441 1.166581
1.783516 1.166220
1.562061 1.109417
1.797122 1.167379
1.783972 1.169267
1.790158 1.168190
1.803610 1.169929
1.796770 1.170302
1.789406 1.173100
1.787807 1.172065
1.789637 1.171706
0.593767 0.721887
0.563870 0.706837
0.557467 0.705649
0.551112 0.704292
0.544943 0.702273
0.515871 0.699760
0.512696 0.697168
0.506922 0.693748
0.501278 0.689864
0.694131 0.749336
0.607408 0.725506
0.606310 0.725441
0.606377 0.724993
0.600040 0.723591
0.598551 0.723186
0.600050 0.723540
0.593307 0.721811
0.587475 0.721181
0.587923 0.718753
0.581944 0.716061
0.575776 0.714044
0.569501 0.712403
0.563067 0.711327
0.556100 0.713158
0.556633 0.710256
0.549840 0.710777
0.550056 0.709690
0.543572 0.708835
0.543606 0.708670
0.537287 0.707765
0.537739 0.705585
0.513857 0.701017
0.512345 0.700072
0.506532 0.696803
0.500648 0.693777
0.706638 0.754830
0.700385 0.752075
0.697362 0.750839
0.701396 0.748067
0.583283 0.720984
0.581311 0.719982
0.707414 0.755251
0.921740 0.813163
0.919915 0.813000
0.875992 0.801725
0.874149 0.800686
0.913723 0.812826
0.913613 0.812818
0.907327 0.811804
0.901047 0.810524
0.894769 0.809020
0.888499 0.807155
0.882237 0.804915
0.880392 0.804105
1.416940 0.951739
1.418683 0.953941
1.421608 0.957039
1.420698 0.956254
2.044065 1.128389
2.045728 1.130579
2.050438 1.125689
2.047121 1.132732
2.049658 1.130122
0.826295 0.716265
0.824488 0.717550
0.824065 0.717651
0.970819 0.757650
1.068662 0.786714
1.067711 0.784801
1.069323 0.782821
0.974567 0.761219
0.972315 0.759821
1.068728 0.786843
1.297762 0.848615
1.419927 0.883345
1.413660 0.881355
1.407385 0.879754
1.401113 0.878042
1.394837 0.876433
1.388562 0.874862
1.382287 0.873245
1.376016 0.871437
1.369723 0.870795
1.296709 0.850091
1.421998 0.884681
1.420097 0.883477
1.414090 0.880883
1.408047 0.878419
1.401940 0.876182
1.395730 0.874311
1.389610 0.872120
1.383819 0.868760
1.369282 0.870873
1.369949 0.870172
1.295678 0.851621
1.421264 0.886271
1.419872 0.886228
1.420023 0.885397
1.414211 0.882116
1.408409 0.878799
1.402544 0.875708
2.089260 1.071858
2.090017 1.073824
2.092149 1.069917
2.090615 1.075786
2.091347 1.074443
0.930457 0.696410
0.862077 0.678479
0.868667 0.675346
0.861108 0.678868
0.936361 0.700538
0.934678 0.699268
0.860086 0.679754
0.861381 0.678969
1.086895 0.742372
1.080634 0.740019
1.074374 0.737673
1.074190 0.737585
1.074705 0.736458
0.938283 0.702015
1.187244 0.770623
1.180987 0.768078
1.174721 0.766025
1.168443 0.764562
1.162174 0.762666
1.160786 0.762036
1.099409 0.747453
1.093155 0.744750
1.089861 0.743461
1.193501 0.773183
1.187990 0.770933
1.188217 0.767274
1.256217 0.790961
1.249944 0.789268
2.129480 1.028076
2.123018 1.027100
2.111870 1.028871
2.116303 1.027022
2.129439 1.029855
2.123005 1.028784
2.112468 1.030790
2.116328 1.028570
2.321400 1.087305
2.322819 1.086437
2.277176 1.075707
2.273850 1.068922
2.129619 1.030887
2.123165 1.029887
2.112932 1.032710
2.116493 1.029656
2.318657 1.088337
2.323620 1.085217
2.316153 1.089450
2.277999 1.077691
2.316117 1.089461
2.316163 1.089435
2.278363 1.079590
2.418718 0.989036
2.419080 0.990887
2.419448 0.992780
2.459854 0.897471
2.453684 0.902123
2.460015 0.898516
2.453512 0.903864
2.460208 0.899501
2.635335 0.819778
2.634887 0.819358
2.637828 0.821894
2.585185 0.721475
2.587328 0.720165
2.662085 0.743824
2.660924 0.743080
2.584141 0.722970
2.587659 0.720633
2.668319 0.747646
2.665657 0.746096
2.934381 0.820019
2.931766 0.820183
2.928477 0.820252
3.210085 0.897547
3.208745 0.893377
3.347494 0.935323
3.353121 0.932578
3.345729 0.935520
3.339447 0.934309
3.318595 0.927744
3.314877 0.924840
3.309080 0.921494
3.302721 0.920154
3.295530 0.922723
3.293679 0.921213
3.295873 0.920552
3.209634 0.899205
3.208546 0.895735
3.346362 0.934288
3.334745 0.933739
3.339705 0.934005
3.333153 0.933697
3.326864 0.932864
3.320590 0.931226
3.319024 0.929624
3.314783 0.926815
3.308718 0.924429
3.297893 0.924095
3.302139 0.923872
3.340450 0.933038
3.333370 0.934255
3.326978 0.933036
3.320667 0.931527
3.075842 0.741567
3.221987 0.781625
3.076960 0.743659
3.387309 0.827681
3.220374 0.782972
3.394780 0.825795
3.387284 0.828982
3.385693 0.828042
3.387665 0.827142
3.393528 0.832192
3.391771 0.831411
3.393900 0.830574
3.439678 0.653535
3.472624 0.657303
3.466280 0.655909
3.459970 0.654391
3.453363 0.653931
3.445922 0.656733
3.445282 0.656245
3.446153 0.655613
3.602730 0.700237
3.600239 0.698622
3.555255 0.686824
3.553097 0.684189
3.459959 0.656103
3.449095 0.659036
3.452931 0.657137
3.715622 0.732094
3.709368 0.729343
3.704005 0.724123
3.608963 0.704072
3.604732 0.701552
3.555804 0.688750
3.553484 0.684476
3.721874 0.734878
3.716952 0.732716
3.715959 0.731148
3.710937 0.725054
3.609838 0.704693
3.722879 0.732164
0.008211 0.745697
0.001606 0.745231
-0.004873 0.744313
-0.011057 0.742348
-0.017168 0.740123
0.150858 0.792020
0.119497 0.783328
0.001983 0.745530
-0.004464 0.744502
-0.010686 0.742671
0.146176 0.791498
0.144563 0.791406
0.138276 0.790458
0.132001 0.788860
0.125741 0.786499
0.124312 0.785768
0.309211 0.830087
0.353956 0.849471
0.359416 0.844818
0.351539 0.849451
0.311029 0.838217
0.308894 0.832835
0.346165 0.849195
0.352898 0.845689
0.345239 0.849174
0.311129 0.840028
0.308965 0.834254
0.286491 0.711885
0.280231 0.709517
0.273959 0.707765
0.267664 0.707221
0.290368 0.713761
0.287966 0.707437
0.275621 0.703435
0.266202 0.707432
0.268115 0.706165
0.290832 0.715680
0.535900 0.781627
0.534404 0.782996
1.404562 1.018776
1.397329 1.020547
1.390354 1.021536
1.390377 1.021309
1.384062 1.020827
1.384456 1.018406
1.378957 1.014003
1.346422 1.010733
1.344343 1.009315
1.341487 1.003513
1.391627 1.023465
1.397220 1.022553
1.390308 1.023928
1.381979 1.020939
1.378247 1.018159
1.372509 1.014611
1.366854 1.010770
1.358933 1.015939
1.352670 1.013709
1.350028 1.012572
1.347192 1.008828
1.397605 1.022850
1.385364 1.023615
1.390473 1.024254
1.384014 1.023372
1.381283 1.022549
1.377802 1.021409
1.371454 1.020682
1.371667 1.019274
1.362926 1.017749
1.365563 1.017029
1.528280 1.063232
1.522006 1.061595
1.523469 1.055996
1.515708 1.061212
1.530729 1.065251
1.528992 1.061987
1.514699 1.061061
1.937435 1.169841
1.930408 1.170879
1.923452 1.171968
1.922939 1.171499
1.923504 1.171476
1.937101 1.172664
1.925444 1.173914
1.930118 1.173544
1.943840 1.174323
1.936797 1.175407
1.929643 1.177993
1.928065 1.176391
1.929825 1.176244
0.459776 0.641272
0.523341 0.659292
0.522478 0.659757
0.522660 0.658469
0.517640 0.652362
0.458646 0.642337
0.460036 0.641611
0.520935 0.660428
0.517128 0.655836
0.811004 0.739809
0.810616 0.739855
0.811275 0.738986
0.937514 0.770820
0.892510 0.764206
0.889708 0.762337
0.893309 0.760312
0.805556 0.740289
0.804689 0.740343
1.013128 0.791022
1.006846 0.789402
0.937365 0.776582
0.936412 0.776674
0.936772 0.775076
0.893817 0.765178
0.900192 0.761438
1.049315 0.807913
1.048825 0.807551
1.044096 0.802297
1.032034 0.803151
1.037710 0.801050
1.030470 0.804148
0.933074 0.777250
0.931179 0.772685
1.050398 0.809740
1.050359 0.805641
1.038075 0.801422
1.030032 0.804415
1.030643 0.803890
1.337831 0.888493
1.300395 0.876333
1.425651 0.912466
1.345522 0.885167
1.337329 0.888434
1.337873 0.888413
1.331543 0.887575
1.301843 0.879134
1.300518 0.877518
1.426641 0.913598
1.425611 0.914560
1.426708 0.909518
1.338578 0.887553
1.325342 0.887069
1.331883 0.887405
1.325248 0.887057
1.306425 0.882148
1.305829 0.881965
1.300372 0.879698
1.425046 0.914953
2.073744 1.095491
2.074732 1.097519
2.075734 1.099585
2.079349 1.094801
0.885020 0.669771
0.890389 0.668341
0.883361 0.669943
0.933522 0.684730
0.932984 0.684091
0.881413 0.670583
0.883690 0.669840
1.077776 0.725237
1.071864 0.722254
1.071688 0.721602
0.934714 0.686327
0.934008 0.684202
1.171853 0.751783
1.165586 0.749784
1.162690 0.747814
1.090293 0.730213
1.084037 0.727625
1.080595 0.726294
1.184372 0.756577
1.178114 0.754107
1.172998 0.752269
1.093546 0.731482
1.187336 0.757818
1.185512 0.752972
2.263198 1.056534
2.231828 1.048264
2.225545 1.047089
2.194182 1.038490
2.192263 1.036976
2.188986 1.032069
2.158111 1.022077
2.149389 1.025731
2.150474 1.025281
2.265536 1.057931
2.263677 1.055558
2.258468 1.050122
2.239232 1.046661
2.232390 1.047034
2.219877 1.045961
2.225759 1.046659
2.219264 1.045848
2.212982 1.044579
2.206700 1.043352
2.200426 1.041669
2.196361 1.039799
2.194402 1.038390
2.189364 1.032355
2.158025 1.024030
2.147841 1.027093
2.150713 1.026073
2.334124 1.077661
2.339961 1.073380
2.269411 1.061352
2.268744 1.060530
2.264331 1.054866
2.226843 1.044459
2.220162 1.044261
2.213709 1.043255
2.207340 1.041949
2.201105 1.040171
2.195448 1.036339
2.176535 1.031740
2.169965 1.031150
2.163795 1.029140
2.157504 1.027558
2.145312 1.028239
2.150839 1.027306
2.332447 1.078989
2.332126 1.079212
2.270426 1.062763
2.269650 1.061572
2.264696 1.055245
2.329982 1.080149
2.332778 1.078290
1.101135 0.661158
1.126665 0.668238
1.126223 0.668202
1.126267 0.667969
1.119938 0.667092
1.120304 0.665215
1.113657 0.665784
1.114221 0.662894
1.107391 0.663716
1.103472 0.662158
1.107724 0.662043
2.399420 1.025766
2.399724 1.026481
2.401926 1.028832
2.404021 1.031191
2.427864 0.944028
2.427083 0.942316
2.429355 0.937319
2.427980 0.944304
2.428386 0.946205
2.533213 0.867569
2.536050 0.864415
2.534975 0.870911
2.533356 0.869369
2.535645 0.867495
2.535745 0.871800
2.623327 0.789566
2.621143 0.788054
2.617944 0.783880
2.800206 0.832101
2.792701 0.835441
2.786411 0.834617
2.764127 0.827291
2.761323 0.827584
2.761662 0.825427
2.755944 0.821797
2.750091 0.818652
2.625142 0.790882
2.623705 0.789006
2.794065 0.831601
2.784966 0.834504
2.786780 0.833552
2.759511 0.827837
2.755689 0.824341
2.749924 0.820893
2.744178 0.817377
2.783513 0.835916
2.787352 0.833189
2.757854 0.829210
2.988325 0.785253
2.994971 0.783013
2.987651 0.785330
2.995553 0.782577
2.983796 0.785817
2.988340 0.784267
2.981481 0.787014
2.981313 0.787049
3.202371 0.846611
3.371109 0.892604
3.201646 0.848204
3.372379 0.894682
3.374987 0.897152
3.186561 0.694923
3.187699 0.689998
3.081221 0.666366
3.343374 0.738196
3.299447 0.727061
3.183680 0.694973
3.180254 0.695005
3.181411 0.690035
3.343697 0.738668
3.305691 0.730350
3.299470 0.727073
3.449964 0.769850
3.444849 0.766938
3.450948 0.764891
3.434960 0.764344
3.432659 0.758055
3.343710 0.740434
3.343328 0.740621
3.306401 0.730674
3.306080 0.729097
3.470782 0.775486
3.468767 0.775763
3.462483 0.774653
3.456216 0.772649
3.450761 0.770242
3.457191 0.768274
3.434986 0.766113
3.432442 0.760477
0.014586 0.746625
0.028714 0.744654
0.021820 0.745213
0.010192 0.745863
0.014870 0.745973
0.008295 0.745839
-0.016821 0.740264
-0.023085 0.738123
0.152547 0.786442
0.121172 0.778421
0.115640 0.775258
0.115152 0.774283
0.015492 0.745399
0.002313 0.745565
0.008538 0.746172
0.001977 0.746508
-0.010564 0.742820
-0.014247 0.741233
-0.016735 0.740232
-0.022854 0.738044
0.151111 0.786306
0.154041 0.781352
0.146250 0.786029
0.139963 0.785013
0.133688 0.783450
0.127422 0.781348
0.121376 0.778518
0.121223 0.778283
0.308799 0.829398
0.140515 0.783209
0.133921 0.782706
0.359746 0.844500
0.359520 0.844527
0.307726 0.830870
0.354290 0.844846
0.353209 0.844851
0.308043 0.832753
0.536365 0.760538
0.536224 0.760693
0.536342 0.760096
0.534917 0.761914
1.408015 1.005766
1.401746 1.003848
1.395808 1.001603
1.395195 1.001442
1.395575 1.001195
1.389188 1.001046
1.341857 0.987450
1.339742 0.984125
1.414261 1.008872
1.412326 1.007674
1.387009 1.001041
1.389928 0.998938
1.382894 1.000433
1.376612 0.999241
1.340312 0.988811
1.338955 0.989966
1.339501 0.986627
1.415265 1.010219
1.414210 1.011592
1.371259 0.998707
1.377773 0.995923
1.370313 0.998854
1.338947 0.990410
1.338698 0.990196
1.973327 1.160369
1.980136 1.161726
1.968720 1.164037
1.972979 1.163218
1.979720 1.164848
1.972422 1.167697
1.971186 1.166454
1.972605 1.166192
1.986515 1.166317
1.973646 1.168901
1.979361 1.167797
0.564134 0.705557
0.557864 0.703696
0.551593 0.701922
0.545315 0.700440
0.503880 0.688384
0.501393 0.689085
0.501759 0.686525
0.496170 0.682442
0.596917 0.714525
0.595494 0.714315
0.595637 0.713657
0.589214 0.712976
0.589653 0.710976
0.582942 0.711235
0.583272 0.709712
0.576670 0.709518
0.576922 0.708336
0.570400 0.707618
0.569645 0.707370
0.570437 0.707440
0.542453 0.700240
0.539021 0.699827
0.540564 0.693890
0.500481 0.689246
0.495756 0.685551
0.490286 0.681050
0.702099 0.745164
0.703656 0.738405
0.534213 0.699870
0.708348 0.748138
0.703894 0.746066
0.710055 0.741235
0.927905 0.807684
0.871456 0.791928
0.870982 0.791621
0.711859 0.749944
0.716138 0.745227
0.924005 0.807266
0.921612 0.807024
0.877685 0.795937
0.874938 0.794411
0.916653 0.807118
0.915307 0.807055
0.881114 0.797825
1.418377 0.945622
1.419869 0.947770
1.421448 0.949980
2.050534 1.125163
2.049223 1.123252
2.051220 1.121270
2.050765 1.125418
2.052466 1.127660
0.926721 0.709394
0.846902 0.687476
0.852936 0.683379
0.932963 0.712681
0.929860 0.710973
0.846176 0.689056
1.072320 0.744946
0.945472 0.718005
0.939217 0.715391
0.938205 0.714931
1.183857 0.782221
1.177596 0.779929
1.166016 0.772724
1.096011 0.759652
1.089744 0.757584
1.083474 0.755733
1.077216 0.753209
1.076798 0.752997
1.077545 0.751946
1.284206 0.810441
1.266543 0.800162
1.260833 0.796510
1.235879 0.796451
1.241172 0.794557
1.234031 0.796391
1.202639 0.789302
1.196375 0.787079
1.190115 0.784676
1.188216 0.783954
1.097013 0.760079
1.296722 0.815463
1.290463 0.813034
1.287239 0.811663
1.284369 0.810261
1.278659 0.806609
1.272991 0.802813
1.228218 0.796203
1.235630 0.791947
1.227729 0.796149
1.221440 0.795349
1.215159 0.794078
1.208895 0.791871
1.204005 0.789867
1.203104 0.787842
1.298471 0.816381
1.296842 0.815461
1.290804 0.812984
1.284912 0.809987
1.279262 0.806129
2.103529 1.039669
2.104197 1.041587
2.284174 1.090524
2.282241 1.087007
2.104865 1.043542
2.106825 1.040060
2.301055 1.096693
2.307655 1.094074
2.300227 1.097258
2.284441 1.092340
2.282318 1.088357
2.308154 1.093955
2.298716 1.097855
2.300456 1.097368
2.284232 1.094065
2.282294 1.090100
2.296791 1.099163
2.421974 0.976912
2.422368 0.978794
2.470853 0.891899
2.475446 0.889924
2.469617 0.893334
2.475781 0.890370
2.468276 0.894638
2.468110 0.894744
2.468317 0.894628
2.624399 0.837821
2.624532 0.839634
2.631729 0.835612
2.562880 0.737208
2.562446 0.736727
2.563094 0.736107
2.675763 0.769547
2.669510 0.766804
2.668189 0.766198
2.566104 0.739472
2.570676 0.734771
2.700824 0.778036
2.694557 0.775988
2.688288 0.774018
2.682023 0.771907
2.679086 0.770828
2.676642 0.766807
2.921956 0.830337
2.913582 0.834037
2.914226 0.833874
2.907838 0.833971
2.863915 0.822636
2.857658 0.820090
2.915484 0.831020
2.906030 0.833806
2.908041 0.833533
2.901544 0.833339
2.895259 0.832285
2.888980 0.830898
2.882707 0.829197
2.876435 0.827432
2.870165 0.825597
2.864294 0.822881
2.863966 0.822590
2.855459 0.820570
2.858118 0.819436
2.902429 0.831217
2.895631 0.831435
2.889123 0.830625
3.268440 0.934062
3.272600 0.931450
3.223391 0.922248
3.221833 0.920332
3.271587 0.937246
3.270587 0.936378
3.271845 0.935767
3.223924 0.924163
3.221983 0.921452
3.273146 0.938842
3.278925 0.936217
3.028710 0.755158
3.029557 0.754202
3.204862 0.804670
3.028750 0.756934
3.029798 0.754988
3.203390 0.804451
3.205206 0.803601
3.198560 0.804473
3.380477 0.853891
3.197706 0.804733
3.199129 0.802900
3.381081 0.854534
3.386682 0.859166
3.384258 0.857138
3.079237 0.672327
3.297759 0.732630
3.186823 0.702280
3.184835 0.702432
3.185591 0.699119
3.078474 0.673923
3.337048 0.743418
3.343237 0.739046
3.335363 0.744600
3.310267 0.737957
3.304011 0.735373
3.299849 0.733659
3.181169 0.702586
3.179307 0.699177
3.443241 0.768347
3.435737 0.771567
3.343205 0.740789
3.335121 0.744664
3.335395 0.744602
3.329069 0.744018
3.322793 0.742462
3.316528 0.740376
3.311845 0.738570
3.310526 0.737227
3.462547 0.779812
3.468244 0.776879
3.460793 0.780250
3.448228 0.777834
3.449790 0.770640
3.441982 0.774725
3.442162 0.773805
3.436335 0.770576
3.456750 0.780079
3.454493 0.780006
3.448423 0.777903
3.455048 0.777556
3.438237 0.775240
3.436200 0.772726
3.451645 0.685906
3.450996 0.685443
3.454799 0.688218
3.453048 0.682305
0.035107 0.745472
0.073390 0.753478
0.067252 0.751347
0.061587 0.747534
0.055307 0.745910
0.048524 0.746074
0.042152 0.744777
0.030200 0.744619
0.035566 0.744244
0.028820 0.744505
0.022523 0.744068
0.160544 0.780782
0.116596 0.770782
0.111660 0.767724
0.110744 0.765998
0.105089 0.762152
0.098914 0.760157
0.092824 0.757855
0.086644 0.755878
0.080170 0.754948
0.073639 0.754214
0.067452 0.752262
0.061632 0.749005
0.049077 0.745747
0.042651 0.744644
0.036163 0.743762
0.029475 0.743591
0.021430 0.744093
0.022636 0.743955
0.154359 0.780675
0.154240 0.780679
0.147940 0.780368
0.122844 0.773787
0.116623 0.770797
0.116603 0.770761
0.111691 0.764285
0.080423 0.755723
0.367514 0.839074
0.307165 0.822477
0.305825 0.818156
0.299904 0.815261
0.293927 0.812560
0.143922 0.779748
0.437968 0.852954
0.431910 0.850537
0.406775 0.844093
0.400292 0.843195
0.393737 0.842546
0.387168 0.841950
0.380798 0.840647
0.374637 0.838600
0.364258 0.839196
0.368301 0.837174
0.361204 0.839301
0.305235 0.823740
0.304737 0.824490
0.304894 0.823115
0.299358 0.818852
0.293602 0.815371
0.394062 0.843043
0.387505 0.842406
0.381117 0.841167
0.374970 0.839079
0.368920 0.836642
0.357631 0.839248
0.362824 0.834368
0.354900 0.839185
1.441184 1.136272
1.435034 1.134182
1.441573 1.136521
0.200463 0.731157
0.193017 0.734007
0.266293 0.754615
0.231790 0.741152
0.225057 0.741138
0.200391 0.733034
0.187691 0.734010
0.193914 0.732111
0.186706 0.734250
0.265460 0.756152
0.199609 0.737480
0.193362 0.735748
0.185012 0.735111
0.536111 0.830598
0.535612 0.832226
0.533266 0.833419
1.359588 1.061812
1.360549 1.062479
1.359867 1.061205
1.522642 1.108389
1.365801 1.066676
1.362829 1.064837
1.360525 1.060499
1.577727 1.122918
1.573923 1.117755
1.522318 1.108387
1.522914 1.107498
1.516346 1.107924
1.367740 1.067919
1.366299 1.065591
1.576958 1.124465
1.573723 1.120095
1.512281 1.107530
1.510044 1.107770
1.762546 1.168925
1.755484 1.170089
1.748433 1.171701
1.746975 1.170785
1.748594 1.170636
1.575707 1.125922
1.573427 1.122808
1.507444 1.108075
1.761882 1.172916
1.754664 1.175646
1.752095 1.173880
1.754940 1.173649
1.768332 1.175597
1.756599 1.176845
1.761326 1.176551
0.474924 0.660543
0.542568 0.685548
0.542459 0.685560
0.542477 0.685458
0.537581 0.678910
0.481729 0.669599
0.479696 0.670294
0.480002 0.668065
0.474613 0.663277
0.711799 0.733202
0.539560 0.686521
0.536899 0.682978
0.478530 0.670562
0.793327 0.756451
0.757242 0.739494
0.718042 0.736487
0.712631 0.733628
0.719049 0.731570
0.874857 0.779598
0.792872 0.756414
0.793451 0.756087
0.787037 0.755670
0.780757 0.754357
0.774499 0.751785
0.773866 0.751433
0.769275 0.746236
0.719191 0.737114
0.725276 0.735023
0.933497 0.795037
0.931306 0.795382
0.874991 0.779692
0.781546 0.752169
0.775367 0.750192
0.769692 0.746427
1.044199 0.827157
1.027808 0.821511
1.025389 0.821556
1.026071 0.818500
0.927355 0.795176
0.925003 0.795244
0.881088 0.783505
0.879597 0.782677
0.881917 0.780159
1.043963 0.827491
1.044216 0.827460
1.022636 0.821905
1.019063 0.822646
0.921879 0.795547
1.039742 0.828174
1.044979 0.826414
1.018890 0.822723
1.420534 0.931799
1.422118 0.933627
1.423021 0.935642
2.058399 1.110940
2.061251 1.107933
2.060219 1.114046
2.059598 1.112998
2.060581 1.111937
2.061123 1.115176
2.062478 1.117343
0.832311 0.704864
0.834839 0.701456
0.971759 0.743791
0.970416 0.742821
0.830818 0.706260
1.073029 0.771475
1.072957 0.768271
0.977983 0.748100
0.974171 0.745562
1.074236 0.773543
1.075795 0.775752
1.299308 0.836040
1.299577 0.837890
2.095055 1.058655
2.095880 1.060623
2.096717 1.062629
0.918149 0.665031
0.911877 0.663228
0.905593 0.662082
0.924399 0.667875
0.921793 0.666433
0.918628 0.663739
0.912579 0.661293
0.904962 0.662020
0.905688 0.661839
0.899296 0.661664
1.068673 0.707350
0.925984 0.669296
0.924702 0.667735
0.919570 0.662036
0.897527 0.661852
0.899764 0.660607
1.162735 0.734636
1.074902 0.711358
1.069391 0.708627
1.069046 0.707035
1.168982 0.737700
1.163508 0.735050
1.162949 0.734069
1.158131 0.727252
1.081163 0.713681
1.079955 0.713177
1.175231 0.740732
1.171478 0.738920
1.169633 0.735916
2.347210 1.066373
2.348534 1.065229
2.346286 1.067877
2.348966 1.065309
2.253985 1.044416
2.247702 1.043233
2.345028 1.069331
2.349350 1.065608
2.442977 0.912290
2.442903 0.914037
2.443585 0.916023
2.632862 0.802713
2.638713 0.808686
2.636926 0.806920
2.633821 0.800929
2.639409 0.809363
2.638964 0.808257
2.611783 0.703437
2.654657 0.721115
2.652293 0.719604
2.649792 0.713631
2.605835 0.707431
2.604462 0.708032
2.656755 0.722547
2.655548 0.718773
2.855353 0.777755
2.849086 0.775748
2.842803 0.774571
2.943672 0.801242
2.943181 0.801256
2.944405 0.796773
2.857832 0.778753
2.840952 0.774335
2.843847 0.771096
2.836504 0.774281
2.938829 0.801741
3.202941 0.874461
3.201527 0.869495
3.202754 0.876186
3.201301 0.871952
3.361054 0.919413
3.360586 0.921077
3.085578 0.729389
3.227649 0.769118
3.228327 0.766028
3.089612 0.733257
3.088682 0.731974
3.090237 0.730075
3.227125 0.770000
3.399409 0.816917
3.224922 0.771220
3.399299 0.818640
3.401258 0.820951
3.178003 0.649865
3.171721 0.648604
3.165439 0.647395
3.166905 0.640896
3.160871 0.638393
3.099300 0.628669
3.161064 0.646617
3.159154 0.646345
3.159340 0.645466
3.152864 0.645501
3.153678 0.641653
3.147896 0.638261
3.098727 0.630307
3.327001 0.691866
3.329247 0.689701
3.362413 0.702898
3.326109 0.693391
3.329546 0.690272
3.451657 0.728045
3.362226 0.704641
3.450141 0.729441
3.719035 0.795355
3.711093 0.800753
3.709043 0.799024
3.711660 0.797629
3.712687 0.801730
3.718295 0.799615
3.714086 0.803892
3.717951 0.802509
3.499529 0.656936
3.543416 0.670081
3.540645 0.668270
3.537616 0.665743
3.531728 0.662724
3.525530 0.660810
3.519186 0.659411
3.512630 0.658771
3.501960 0.658128
3.506041 0.658247
3.687677 0.710186
3.612394 0.690153
3.608522 0.687813
3.613345 0.685543
3.544958 0.671165
3.543626 0.669968
3.537986 0.666074
3.531853 0.663934
3.525406 0.662907
3.518877 0.662170
3.512351 0.661422
3.505160 0.660756
3.505797 0.660775
3.693929 0.713046
3.688387 0.710502
3.687768 0.709985
3.682627 0.704311
3.613337 0.690854
3.620089 0.687174
3.700185 0.715672
3.698049 0.714816
3.694397 0.712028
3.689228 0.706467
0.055585 0.746555
0.163025 0.774704
0.162242 0.774715
0.163312 0.770709
0.105748 0.761354
0.099478 0.759513
0.093207 0.757616
0.086930 0.756165
0.061836 0.749470
0.055586 0.746556
0.055584 0.746556
0.055585 0.746556
0.049291 0.746024
0.300231 0.813109
0.293938 0.812458
0.282477 0.803740
0.156015 0.774630
0.155938 0.774632
0.156033 0.774278
0.112010 0.763625
0.107001 0.761809
0.105811 0.761248
0.099646 0.759224
0.093416 0.757426
0.085354 0.756152
0.087003 0.756278
0.293836 0.812498
0.288118 0.809260
0.282418 0.805575
0.440200 0.852618
0.445045 0.851738
0.438184 0.853375
0.431932 0.850598
0.431685 0.850384
0.426248 0.846714
0.419790 0.845721
0.408697 0.844357
0.413245 0.845042
0.406825 0.844555
0.400534 0.843830
0.291413 0.813651
0.288055 0.811151
0.282162 0.808160
0.276208 0.805386
0.445113 0.853132
0.438264 0.853533
0.432262 0.850923
0.426151 0.848702
0.419626 0.847949
0.413197 0.846857
0.406886 0.845349
0.399597 0.843753
0.400554 0.843909
0.394242 0.843069
0.362884 0.834212
1.447983 1.135799
1.429159 1.131007
1.422906 1.128217
1.417582 1.122759
1.349255 1.102207
1.447564 1.135954
1.448022 1.135908
1.435414 1.133639
1.430016 1.131353
1.429201 1.130972
1.423488 1.127327
1.418202 1.122168
1.443314 1.136604
1.448286 1.136605
1.441665 1.136445
1.440480 1.135862
1.435770 1.133206
1.430176 1.129147
1.448688 1.136849
1.442217 1.135907
1.436451 1.132463
1.650184 1.190148
1.643759 1.189042
0.281902 0.704858
0.294430 0.709237
0.288170 0.706819
0.286415 0.706246
0.275732 0.703451
0.282225 0.703906
0.275624 0.703427
0.534603 0.774798
0.533682 0.776332
0.533876 0.772146
1.379523 1.011207
1.341874 1.001562
1.404907 1.018707
1.404601 1.018741
1.375674 1.011041
1.373220 1.011074
1.366926 1.010463
1.341841 1.003287
1.341190 1.002003
1.402540 1.019842
1.405356 1.017579
1.366286 1.010351
1.360640 1.009440
1.354356 1.008294
1.348090 1.006226
1.343222 1.004316
1.342058 1.003135
1.523713 1.055071
1.400312 1.021055
1.524072 1.055228
1.523026 1.054955
1.523944 1.054309
1.517425 1.054173
1.518885 1.048355
1.951587 1.167426
1.939634 1.169388
1.944521 1.168599
1.951235 1.170312
1.943919 1.173680
1.942045 1.171781
1.944169 1.171486
1.957980 1.171953
1.944426 1.174199
1.950925 1.173084
0.467758 0.636375
0.475651 0.632359
0.467617 0.636449
0.467786 0.636378
0.516940 0.651125
0.466370 0.637881
0.468055 0.637052
0.514838 0.652362
0.814224 0.734310
0.812689 0.734522
1.000860 0.786634
0.934994 0.767725
0.932442 0.764888
0.900480 0.759988
0.897374 0.757859
0.901202 0.756201
0.809265 0.734784
0.806375 0.734970
1.046419 0.792410
1.039803 0.791983
1.017831 0.791189
1.019999 0.790541
1.013397 0.790493
1.007124 0.788821
1.001595 0.786932
1.000925 0.786500
0.995308 0.782514
0.933925 0.769200
0.931826 0.769478
0.932292 0.767059
0.927043 0.761774
0.901496 0.760713
0.907711 0.758657
1.044723 0.801067
1.045837 0.796111
1.039518 0.794627
1.014825 0.786626
1.008567 0.784927
1.048201 0.802696
1.052613 0.797645
1.040619 0.800714
1.038846 0.798688
1.297582 0.869778
1.296319 0.866862
1.346861 0.884446
1.353769 0.879792
1.345785 0.885093
1.297765 0.871585
1.296354 0.868373
1.426674 0.907121
1.344803 0.885687
1.346048 0.884947
1.298464 0.873571
1.423955 0.908194
2.077133 1.088151
2.078110 1.090150
2.080756 1.086466
2.079552 1.093599
2.078929 1.092141
2.080094 1.090474
2.079920 1.094214
1.147343 0.715815
1.065783 0.694290
1.063834 0.692444
1.147638 0.716163
1.147415 0.715813
1.142731 0.708510
1.072026 0.697568
1.066734 0.694971
1.066801 0.691075
1.149722 0.718481
1.147803 0.716078
2.357438 1.056072
2.358027 1.055413
2.355856 1.057422
2.358672 1.054760
2.355993 1.059258
2.358338 1.057619
2.413875 1.002490
2.414057 1.004312
2.447566 0.907005
2.451922 0.903339
2.447631 0.908798
2.451908 0.905044
2.541114 0.856666
2.542119 0.858714
2.601682 0.768049
2.571770 0.753184
2.683223 0.790598
2.676951 0.788869
2.670685 0.786811
2.602167 0.768353
2.601765 0.767914
2.596537 0.762550
2.731669 0.804058
2.728356 0.798496
2.607914 0.771840
2.607279 0.771462
2.602678 0.766320
2.835286 0.827122
2.827455 0.832253
2.828220 0.828292
2.821196 0.829821
2.816761 0.828114
2.821482 0.828300
2.784935 0.814518
2.733363 0.806542
2.732787 0.806103
2.728521 0.799542
2.829129 0.833109
2.834472 0.831642
2.736746 0.808937
2.733936 0.805916
2.830947 0.835379
2.834164 0.834407
3.016576 0.773190
3.018810 0.770094
3.206023 0.825394
3.016656 0.774989
3.018498 0.772860
3.204447 0.825941
3.375362 0.873093
3.200678 0.826730
3.199691 0.826784
3.199889 0.825791
3.377433 0.874792
3.379635 0.877148
3.192290 0.723808
3.079357 0.694077
3.077952 0.693206
3.189248 0.724129
3.185973 0.724365
3.187296 0.718650
3.085608 0.697010
3.085607 0.697010
3.183945 0.724534
3.443164 0.794387
3.443276 0.793817
3.436866 0.793990
3.418043 0.789052
3.413829 0.786505
3.419364 0.783014
3.405495 0.785789
3.447015 0.796958
3.436140 0.794111
3.432271 0.786669
3.418698 0.789544
3.425296 0.787515
3.405746 0.786155
3.405489 0.786094
3.405455 0.786079
3.405495 0.786067
3.448072 0.799032
3.434658 0.795527
3.346185 0.676599
3.459087 0.707900
3.348994 0.678168
3.344017 0.676864
3.346538 0.676115
3.459778 0.708959
3.459615 0.706833
3.349935 0.680207
3.342848 0.678355
3.346729 0.677111
3.460070 0.710816
3.460207 0.706391
3.676842 0.700091
3.673208 0.698287
3.671459 0.694487
3.634240 0.683102
3.627458 0.683266
3.620381 0.684943
3.619474 0.684198
3.620526 0.683961
3.683090 0.703151
3.680772 0.702025
3.634468 0.683957
3.621961 0.686639
3.627449 0.684964
0.163947 0.768380
0.163509 0.768341
0.157643 0.768297
0.278982 0.800365
0.277246 0.798384
0.156178 0.768198
0.276942 0.801592
0.276812 0.801611
0.276829 0.801502
0.272164 0.794142
0.471413 0.853795
0.465402 0.851214
0.460260 0.845539
0.450459 0.848818
0.452987 0.847448
0.472119 0.852915
0.466048 0.850557
0.450977 0.850722
0.452840 0.849610
1.355601 1.103416
1.343941 1.098810
1.455958 1.131300
1.414600 1.119079
1.412623 1.116431
1.352290 1.102740
1.349323 1.101991
1.349209 1.101932
1.349372 1.101790
1.455409 1.131523
1.456381 1.130135
1.424548 1.125163
1.418302 1.122032
1.417598 1.121615
1.412949 1.116896
1.645702 1.177207
1.639273 1.176111
1.455197 1.133237
1.430798 1.128082
1.424882 1.125304
1.424580 1.125096
1.418925 1.121254
1.413180 1.117739
1.651577 1.181888
1.644733 1.182270
1.638564 1.180250
1.633099 1.175729
1.453290 1.134542
1.432865 1.129205
1.657816 1.185297
1.650321 1.189378
1.650851 1.186108
1.644065 1.186794
1.644182 1.185871
1.638281 1.182904
1.632757 1.178596
1.670717 1.189001
1.664085 1.188632
1.651295 1.189938
1.657201 1.189152
1.641419 1.187357
1.638084 1.185274
1.632362 1.181676
0.280240 0.724078
0.284582 0.719469
0.253881 0.717168
0.251695 0.717263
0.280145 0.725825
0.284562 0.721198
0.248494 0.717548
0.252568 0.715205
0.535859 0.796341
0.535432 0.790547
0.534819 0.797851
0.534493 0.795543
1.349298 1.024524
1.348345 1.023347
1.350968 1.025780
1.350254 1.021882
1.353890 1.028326
1.537397 1.080407
1.531129 1.078465
1.531896 1.075581
1.524838 1.077699
1.525716 1.073609
1.520163 1.069408
1.832243 1.159738
1.890209 1.170097
1.883737 1.169158
1.877277 1.168172
1.870843 1.167097
1.864422 1.165977
1.858012 1.164812
1.851596 1.163675
1.845170 1.162567
1.838474 1.163583
1.834892 1.161392
1.838681 1.161686
1.902793 1.174889
1.896337 1.173891
1.889849 1.173008
1.883364 1.172116
1.876921 1.171071
1.870521 1.169877
1.864131 1.168646
1.857716 1.167503
1.851272 1.166465
1.844723 1.166552
1.840940 1.164747
1.844842 1.165371
1.909111 1.178035
1.902533 1.177474
1.896056 1.176550
1.889572 1.175652
1.883105 1.174700
1.876667 1.173639
1.870249 1.172505
1.863833 1.171373
1.857400 1.170294
1.850979 1.169222
1.850797 1.169127
1.850983 1.169161
0.928981 0.675304
0.923987 0.668640
0.894774 0.665837
0.898161 0.664654
0.891316 0.666404
0.931237 0.677150
0.929736 0.673782
0.890742 0.666549
0.891432 0.666269
1.079471 0.719391
1.073214 0.716883
1.070560 0.715420
0.931987 0.679147
1.173548 0.745916
1.167298 0.743014
1.165333 0.742015
1.085729 0.721911
1.080807 0.719873
1.080368 0.716327
1.179802 0.748606
1.173637 0.745958
1.173585 0.745804
2.252343 1.047441
2.246061 1.046247
2.187491 1.029232
2.183966 1.025959
2.178148 1.022690
2.171869 1.021063
2.159054 1.021777
2.165278 1.020547
2.258601 1.049929
2.256986 1.049201
2.252722 1.046599
2.245396 1.046163
2.246126 1.046101
2.239770 1.045465
2.233482 1.044606
2.189577 1.032300
2.187976 1.031123
2.183682 1.028607
2.177024 1.029328
2.177455 1.026796
2.170757 1.027242
2.171062 1.025577
2.164484 1.025554
2.160486 1.023927
2.164738 1.024114
2.340566 1.072863
2.340124 1.073477
2.262051 1.052299
2.259260 1.048952
2.253714 1.044725
2.247160 1.044075
2.240344 1.044358
2.231518 1.044309
2.233603 1.044374
2.227192 1.043745
2.220905 1.042785
2.192331 1.034061
2.189769 1.032585
2.183275 1.032165
2.181313 1.031182
2.183425 1.031195
2.339223 1.074286
2.340411 1.073426
2.264216 1.054671
2.337109 1.075546
2.407563 1.013812
2.407902 1.015657
2.410576 1.010642
2.408549 1.017620
2.409724 1.015338
2.429596 0.936183
2.429708 0.936513
2.430468 0.938477
2.430886 0.940392
2.537709 0.862259
2.538559 0.864254
2.612511 0.778445
2.609890 0.776871
2.606926 0.773525
2.733114 0.805540
2.618735 0.782708
2.614633 0.779865
2.612927 0.777770
2.607802 0.772043
2.814835 0.827982
2.802273 0.830806
2.808116 0.827918
2.800668 0.831325
2.745029 0.815794
2.744188 0.817189
2.744318 0.815226
2.738696 0.811264
2.733257 0.806653
2.618797 0.782754
2.618748 0.782691
2.827267 0.833308
2.820716 0.832648
2.814420 0.831086
2.807948 0.830145
2.796693 0.831095
2.800996 0.830908
2.794370 0.830927
2.744177 0.817759
2.744134 0.817339
2.739044 0.811688
2.826973 0.836015
2.820495 0.835101
2.814270 0.833287
2.807959 0.831778
2.801420 0.831079
2.790923 0.831385
2.794854 0.830472
3.009857 0.778844
3.009193 0.777742
3.010049 0.777300
3.010393 0.779825
3.206353 0.832930
3.205403 0.828490
3.373659 0.879378
3.204981 0.834332
3.204261 0.834738
3.204627 0.832886
3.375065 0.880658
3.376806 0.882882
3.083927 0.702118
3.081455 0.700607
3.079018 0.694817
3.191449 0.731193
3.190565 0.731235
3.190940 0.729647
3.090169 0.705457
3.086881 0.703810
3.085607 0.697010
3.185979 0.731535
3.184249 0.731832
3.185034 0.728346
3.441439 0.801830
3.411573 0.786769
3.405480 0.784476
3.393052 0.787545
3.398591 0.785022
3.442130 0.802162
3.440184 0.801652
3.436548 0.795409
3.417978 0.789581
3.410037 0.795263
3.411541 0.788516
3.403766 0.793401
3.397507 0.790959
3.395654 0.789990
3.397970 0.788865
3.444458 0.804555
3.436914 0.802583
3.435953 0.799189
3.411113 0.795838
3.417259 0.793816
0.165647 0.762183
0.164077 0.762004
0.159348 0.761904
0.273771 0.792510
0.272240 0.793729
0.273098 0.789169
0.155573 0.761571
0.272051 0.793839
0.487109 0.845883
0.477775 0.849491
0.479641 0.848484
0.460403 0.846199
0.487133 0.847445
0.476085 0.850816
0.479928 0.849111
0.472918 0.851276
0.466649 0.849415
0.461096 0.846895
0.460070 0.846627
0.460496 0.846347
1.407496 1.110430
1.401235 1.108047
1.376969 1.097857
1.371183 1.094473
1.359160 1.096309
1.364667 1.093689
1.357314 1.096664
1.351047 1.094624
1.348585 1.093535
1.351704 1.091873
1.470230 1.127253
1.463942 1.126335
1.408072 1.110876
1.407623 1.110248
1.401863 1.106773
1.395847 1.104210
1.390100 1.100691
1.645844 1.176538
1.459643 1.126147
1.457634 1.126412
1.408575 1.112770
1.407657 1.111761
1.402288 1.106903
1.659761 1.175119
1.652096 1.179298
1.646805 1.176969
1.652770 1.176027
1.636647 1.174304
1.633269 1.174648
1.633608 1.172298
1.628184 1.167626
1.456003 1.126972
1.410304 1.115020
1.408043 1.112063
1.665669 1.179683
1.658340 1.182481
1.655677 1.181037
1.658706 1.180490
1.632517 1.174969
1.627864 1.170391
1.454982 1.128519
1.678473 1.183709
1.670841 1.188293
1.671500 1.184547
1.664589 1.185478
1.663549 1.184870
1.664705 1.184755
1.630720 1.176279
1.627396 1.173714
1.621954 1.169117
1.691068 1.188498
1.684090 1.189358
1.677095 1.191042
1.672924 1.189124
1.677362 1.189325
0.535279 0.747274
0.534601 0.748882
0.534969 0.742684
1.398883 0.989342
1.339532 0.972121
1.411407 0.993891
1.405142 0.991750
1.399552 0.989601
1.406533 0.986167
1.398524 0.989331
1.392578 0.989294
1.394234 0.981993
1.336859 0.973170
1.336129 0.973530
1.336648 0.971177
1.417656 0.996874
1.414603 0.995305
1.391350 0.989217
1.386280 0.988933
1.387660 0.983063
1.333555 0.974097
1.419135 0.998286
1.383427 0.988953
2.002280 1.153220
1.994703 1.157263
1.993187 1.155731
1.994965 1.155281
1.995542 1.158096
2.001856 1.156348
2.008674 1.157716
1.998152 1.160560
2.001384 1.159681
2.000653 1.163027
2.000937 1.162955
0.925013 0.715918
0.840741 0.692351
0.844537 0.689295
0.944208 0.719785
0.938168 0.717302
0.931953 0.715446
0.840404 0.694021
0.844711 0.690315
0.968886 0.729832
0.967087 0.728972
0.963127 0.725997
0.957123 0.723393
0.951031 0.721104
0.944969 0.718706
0.939102 0.715618
1.200972 0.793692
1.075513 0.759561
1.074403 0.758854
0.975124 0.733356
0.972727 0.732238
0.969459 0.729099
0.963597 0.726002
1.227846 0.800838
1.233505 0.797868
1.226058 0.800833
1.207229 0.796197
1.201501 0.793925
1.201047 0.793512
1.195335 0.789865
1.189771 0.785692
1.095760 0.760691
1.088972 0.760873
1.081753 0.762986
1.080355 0.762193
1.082323 0.760565
1.305271 0.822881
1.302035 0.819311
1.296180 0.816169
1.290302 0.813117
1.220133 0.800565
1.227562 0.796677
1.219758 0.800508
1.213484 0.798857
1.213236 0.798760
1.208200 0.793669
1.302143 0.823818
1.301257 0.825315
1.301759 0.821925
1.301234 0.825386
2.101370 1.047331
2.101986 1.049263
2.300081 1.097056
2.292964 1.098409
2.286910 1.095982
2.102708 1.051259
2.293163 1.099342
2.286826 1.097925
2.293347 1.100374
2.286676 1.100138
0.913542 0.658920
0.907260 0.657702
1.064977 0.695920
0.919798 0.661539
0.917930 0.660717
0.914004 0.657886
0.906288 0.657675
0.907457 0.657217
1.153509 0.724195
1.152319 0.722336
1.076594 0.705682
1.070338 0.703051
1.067704 0.701702
1.164400 0.730369
1.158154 0.727209
1.158023 0.727131
1.152945 0.721740
1.078325 0.706282
1.165416 0.730867
1.164589 0.729913
2.352355 1.061229
2.351247 1.062694
2.350540 1.064302
2.416530 0.994955
2.416742 0.996756
2.416945 0.998595
2.462260 0.896136
2.467758 0.893310
2.461538 0.897698
2.467989 0.894117
2.460632 0.899256
2.460291 0.899688
2.627925 0.796106
2.628388 0.796442
2.628014 0.795991
2.622909 0.790182
2.773411 0.831566
2.767343 0.829184
2.634149 0.800377
2.632644 0.799320
2.628754 0.794996
2.779815 0.834363
2.773225 0.833843
2.766990 0.832060
2.761150 0.828877
2.779646 0.836627
2.772873 0.836757
2.766693 0.834781
2.760927 0.831337
2.638565 0.704022
2.614599 0.701487
2.619899 0.698528
2.612454 0.702634
2.650092 0.712855
2.649010 0.712258
2.645128 0.706265
2.612384 0.702667
2.612478 0.702596
2.654222 0.715415
2.944885 0.794967
2.857053 0.771617
2.850779 0.769939
2.958962 0.792911
2.952013 0.793668
2.944694 0.795021
2.944937 0.794877
2.863310 0.774162
2.861682 0.773285
2.858142 0.768179
2.845957 0.769172
2.851644 0.767331
2.844492 0.768996
2.940559 0.795720
2.945974 0.792853
3.200885 0.867437
3.362336 0.911513
3.366699 0.906611
3.200186 0.869042
3.364215 0.913760
3.365628 0.912051
3.364631 0.915666
3.365204 0.915228
3.081543 0.734821
3.081873 0.734217
3.081659 0.736622
3.081651 0.736609
3.081663 0.736595
3.225332 0.776014
3.223121 0.777217
3.396967 0.824511
3.398979 0.826824
3.176285 0.656915
3.097452 0.634674
3.173961 0.656480
3.169998 0.655964
3.170599 0.653343
3.163709 0.655053
3.165046 0.649130
3.095319 0.635885
3.158713 0.654274
3.157422 0.654108
3.157610 0.653283
3.360872 0.708980
3.320194 0.698322
3.320671 0.697871
3.447961 0.733561
3.445945 0.734328
3.361657 0.710962
3.320486 0.700226
3.320470 0.700195
3.320496 0.700167
3.445403 0.734672
3.446240 0.733733
3.703130 0.804644
3.705267 0.806268
3.710627 0.802927
3.705793 0.808193
3.710336 0.805627
3.443611 0.668784
3.443536 0.664926
3.569674 0.697120
3.448755 0.672809
3.446817 0.671384
3.724773 0.747464
3.594303 0.706983
3.587852 0.705965
3.581742 0.703736
3.575688 0.701312
3.569640 0.698864
3.600534 0.710439
3.594221 0.708932
3.587960 0.707251
3.581708 0.705531
0.173648 0.756323
0.174138 0.754539
0.167346 0.756103
0.165422 0.755875
0.161048 0.755709
0.271631 0.785465
0.271121 0.787126
0.507187 0.846351
0.500224 0.847154
0.489582 0.846099
0.493654 0.846563
0.507340 0.847452
0.500281 0.848600
0.488564 0.847607
0.493625 0.848315
0.487170 0.848209
1.384102 1.097537
1.377828 1.095903
1.371562 1.093832
1.365285 1.092284
1.359023 1.090037
1.357976 1.089506
1.360311 1.085214
1.497830 1.124857
1.488323 1.125435
1.491089 1.124871
1.484463 1.125176
1.478180 1.124009
1.471907 1.122263
1.465626 1.120981
1.396607 1.103119
1.390357 1.100128
1.388198 1.099180
1.384862 1.095361
1.378500 1.094030
1.372855 1.090149
1.498468 1.124200
1.491575 1.124757
1.485216 1.123418
1.478869 1.122031
1.472782 1.119720
1.463550 1.120687
1.466443 1.118309
1.459331 1.120440
1.402847 1.106549
1.396808 1.103213
1.396639 1.103040
1.391661 1.096800
1.686716 1.175084
1.680157 1.174455
1.673653 1.173629
1.666345 1.176400
1.662482 1.174590
1.666808 1.174017
1.625455 1.164877
1.622739 1.163029
1.617171 1.158871
1.491989 1.124942
1.485961 1.122424
1.456857 1.120723
1.403000 1.106644
1.402889 1.106451
1.692800 1.179025
1.686115 1.178843
1.678853 1.181853
1.679474 1.178500
1.672598 1.179172
1.671682 1.178747
1.672714 1.178589
1.623089 1.166018
1.622403 1.166105
1.622469 1.165624
1.616864 1.161601
1.611400 1.157079
1.699078 1.182303
1.691366 1.186989
1.692176 1.182890
1.685108 1.184503
1.681935 1.183206
1.685501 1.182674
1.619592 1.166898
1.616504 1.164555
1.611080 1.159895
1.705566 1.184865
1.693200 1.187957
1.698330 1.186635
0.535591 0.753844
0.534376 0.755295
1.409712 0.999750
1.403440 0.998013
1.397168 0.996255
1.398694 0.990093
1.338650 0.980122
1.415961 1.002714
1.414142 1.001665
1.393171 0.996172
1.390868 0.995963
1.392031 0.991463
1.384581 0.994967
1.338029 0.981738
1.335527 0.976817
1.417585 1.004352
1.380062 0.994539
1.987703 1.157152
1.980471 1.159251
1.979993 1.158763
1.980549 1.158637
1.994539 1.158413
1.982420 1.161142
1.987320 1.160131
1.994059 1.161772
1.986663 1.165234
1.985078 1.163614
1.986909 1.163243
1.987493 1.166054
1.993662 1.164860
0.476005 0.632156
0.483381 0.628824
0.475723 0.632369
0.514382 0.643972
0.513321 0.644697
0.513738 0.642284
0.474430 0.633515
0.476046 0.632598
0.902228 0.751320
0.817470 0.728674
0.814372 0.729239
1.027665 0.786626
0.990008 0.777405
0.978950 0.767193
0.928352 0.759492
0.927288 0.759833
0.927427 0.758764
0.921746 0.755009
0.915660 0.752694
0.908465 0.754945
0.906223 0.753691
0.908974 0.752516
0.813222 0.729349
0.815158 0.726831
1.060625 0.789802
1.046686 0.792267
1.053478 0.791265
1.037837 0.789946
1.034223 0.787867
1.027025 0.787110
1.027746 0.786943
1.021347 0.787304
1.002523 0.782457
0.996259 0.780258
0.990024 0.777412
0.990010 0.777399
0.984672 0.772429
0.925007 0.760390
0.920975 0.760241
0.921337 0.758117
0.914712 0.758022
0.913715 0.757437
0.914835 0.757281
1.052683 0.797369
1.048379 0.794469
1.053244 0.793727
1.037064 0.791508
1.034272 0.789332
1.028223 0.786890
1.020270 0.787112
1.021420 0.787127
1.015067 0.785995
1.008792 0.784342
1.002825 0.782549
1.002538 0.782415
0.996736 0.779099
0.991173 0.774934
1.052737 0.797415
1.296017 0.862878
1.428482 0.899359
1.353792 0.879778
1.361476 0.876340
1.353774 0.879784
1.295684 0.864564
1.426552 0.900606
1.351538 0.880977
1.354485 0.878916
1.422863 0.901440
1.422722 0.901465
1.422816 0.901074
2.081336 1.083048
2.081208 1.082726
2.081453 1.082367
2.082301 1.084764
2.083231 1.086794
1.141007 0.699705
1.139479 0.694487
1.069180 0.682156
1.065872 0.680006
1.138854 0.700895
1.138171 0.701570
1.138431 0.699848
1.071484 0.683273
2.368639 1.044291
2.375407 1.039891
2.367828 1.045822
2.375221 1.042176
2.368349 1.047740
2.374864 1.045104
2.423487 0.962584
2.424236 0.964541
2.424890 0.966512
2.526164 0.872212
2.527256 0.871737
2.524941 0.873645
2.527412 0.872815
2.534712 0.872486
2.526986 0.876195
2.526521 0.875856
2.527062 0.875723
2.601043 0.847262
2.592231 0.848855
2.593939 0.848571
2.601075 0.848778
2.590676 0.850202
2.594070 0.849732
2.601105 0.850348
2.588047 0.851315
2.594169 0.851052
2.577826 0.726037
2.579135 0.725352
2.666637 0.752810
2.661441 0.749706
2.661181 0.746637
2.577698 0.727760
2.579190 0.726783
2.672879 0.756161
2.666685 0.752840
2.666667 0.752718
2.930084 0.825370
2.930040 0.825369
2.930101 0.825322
2.924655 0.825726
2.923768 0.825897
3.212678 0.904716
3.212458 0.904134
3.345510 0.935689
3.339167 0.934288
3.332977 0.932343
3.326591 0.931097
3.320379 0.929230
3.284075 0.925181
3.288299 0.923530
3.212539 0.906441
3.212377 0.906055
3.333096 0.933552
3.326614 0.932649
3.320447 0.930625
3.295280 0.924308
3.287532 0.928471
3.286471 0.927580
3.287764 0.927077
3.213446 0.908484
3.212631 0.906831
3.065023 0.747854
3.056829 0.749553
3.057807 0.749562
3.051447 0.749230
3.045170 0.747781
3.038898 0.746038
3.214544 0.793629
3.065036 0.749464
3.058185 0.749871
3.051696 0.748992
3.045430 0.747323
3.036229 0.745946
3.039263 0.745305
3.212967 0.793990
3.215723 0.790152
3.383875 0.841696
3.381089 0.839815
3.210688 0.795188
3.385334 0.842680
3.387603 0.845071
3.085757 0.659309
3.186548 0.687484
3.181980 0.687576
3.183551 0.680786
3.083587 0.660509
3.301157 0.720450
3.298361 0.718550
3.302502 0.714580
3.179790 0.687477
3.175679 0.687311
3.176781 0.682554
3.432883 0.756566
3.348943 0.733554
3.352714 0.729289
3.302574 0.721404
3.474404 0.768198
3.465842 0.759829
3.457949 0.764774
3.455149 0.763148
3.458487 0.762031
3.432422 0.757189
3.349495 0.735473
3.352171 0.732875
3.306134 0.724136
3.471595 0.769218
3.470472 0.769402
3.471096 0.766742
3.464201 0.767628
3.462343 0.766796
3.464521 0.766166
3.431808 0.758807
3.447086 0.677304
3.448442 0.678288
3.447782 0.675413
3.453310 0.681575
3.452730 0.681208
0.185038 0.738734
0.182412 0.739109
0.186411 0.734838
0.267436 0.763149
0.267077 0.761035
0.179853 0.740229
0.178702 0.740362
0.529996 0.835474
0.266758 0.764764
0.266507 0.765094
0.266626 0.764302
0.530006 0.835489
0.529995 0.835505
0.527726 0.836640
0.530290 0.836062
0.526545 0.838129
0.530824 0.835837
1.364143 1.070570
1.362221 1.069408
1.370370 1.074737
1.367730 1.072602
1.365104 1.068170
1.578823 1.124295
1.517569 1.113631
1.514655 1.113570
1.389154 1.081675
1.382881 1.079997
1.376616 1.077846
1.371299 1.075320
1.370591 1.074264
1.727929 1.171967
1.585458 1.133177
1.583867 1.131938
1.578597 1.126718
1.509847 1.113370
1.508350 1.113572
1.390308 1.082105
1.389346 1.081116
1.741558 1.171700
1.728953 1.172549
1.734635 1.172363
1.585380 1.134927
1.583811 1.133776
1.578346 1.129259
1.505628 1.114066
1.747950 1.174551
1.740938 1.175533
1.734164 1.175673
1.734141 1.175660
1.734165 1.175658
1.583713 1.136297
1.583580 1.136427
1.583599 1.136207
1.578130 1.131712
1.754419 1.177155
1.747357 1.178312
1.740397 1.179461
1.739438 1.178829
1.740499 1.178742
1.744134 1.181870
1.746912 1.181575
0.322630 0.678362
0.315504 0.680500
0.316331 0.676813
0.536750 0.733049
0.535599 0.740875
0.535016 0.742415
0.535894 0.737722
0.534974 0.742512
1.406861 0.984666
1.394307 0.981659
1.389282 0.974028
1.383469 0.970738
1.340002 0.965751
1.337856 0.965989
1.413113 0.987451
1.408137 0.985362
1.414791 0.980755
1.393919 0.981636
1.388004 0.981518
1.388589 0.978110
1.382936 0.974255
1.334918 0.966181
1.339341 0.961609
1.419348 0.991131
1.416274 0.989264
1.386745 0.981537
1.382450 0.977646
1.331883 0.967193
1.420378 0.992144
2.004926 1.152318
2.009676 1.150873
2.016490 1.152225
2.008917 1.156197
2.007200 1.154667
2.009218 1.154126
2.010114 1.157216
2.015992 1.155650
0.928429 0.702795
0.854032 0.682856
0.860914 0.678960
0.853130 0.683549
0.934665 0.706409
0.932851 0.705271
0.852573 0.684257
0.853290 0.683772
1.160490 0.767967
1.078927 0.746508
1.072674 0.743767
1.072393 0.743604
0.937918 0.708385
1.254569 0.794371
1.248288 0.793078
1.185543 0.776771
1.179284 0.774368
1.173014 0.772516
1.166743 0.770700
1.162593 0.769000
1.161304 0.765517
1.097709 0.753609
1.091452 0.751040
1.085188 0.748892
1.083346 0.748232
1.085757 0.746704
1.267083 0.799405
1.260834 0.796508
1.260817 0.796501
1.254983 0.793352
1.247209 0.792932
1.248401 0.792801
1.241995 0.792415
1.198063 0.781616
1.191804 0.779130
1.185543 0.776771
1.098614 0.754028
1.273333 0.802319
1.269274 0.800474
1.267316 0.799039
1.261737 0.794929
1.256021 0.791302
1.249692 0.789856
1.236036 0.791773
1.242780 0.790478
1.235702 0.791733
1.229413 0.790936
1.199781 0.782292
1.277012 0.804299
1.273810 0.801579
2.106559 1.033970
2.108261 1.031668
2.107501 1.036420
2.107306 1.035918
2.107686 1.035342
2.313629 1.091760
2.314735 1.091238
2.280357 1.083030
2.278046 1.077959
2.108542 1.038031
2.310559 1.092698
2.315470 1.090240
2.280786 1.084900
2.278310 1.078656
2.308285 1.093885
2.308179 1.093959
2.280945 1.086733
2.278443 1.079863
2.410803 1.008556
2.410762 1.008162
2.410866 1.007974
2.410931 1.009971
2.411504 1.011924
2.435589 0.923337
2.435831 0.925145
2.436522 0.927112
2.633431 0.826279
2.631898 0.833955
2.631628 0.833231
2.632079 0.832707
2.632429 0.835228
2.999106 0.781587
3.002527 0.780097
3.009732 0.780069
2.995934 0.782516
3.002557 0.781623
2.995593 0.782532
3.206073 0.839350
3.204761 0.840754
3.372525 0.886482
3.203245 0.842153
3.202533 0.842385
3.203070 0.840090
3.374259 0.888693
3.376022 0.890954
3.084874 0.707992
3.083202 0.703897
3.192388 0.737930
3.188851 0.738089
3.088484 0.710762
3.088323 0.710661
3.186769 0.738216
3.389572 0.793459
3.388632 0.792879
3.390085 0.791322
3.441368 0.802222
3.395803 0.797359
3.393124 0.795806
3.440972 0.805283
3.409847 0.796208
3.402058 0.799978
3.401719 0.799850
3.402178 0.799517
3.143785 0.626333
3.137496 0.625488
3.112397 0.619029
3.136216 0.625374
3.131204 0.624702
3.131473 0.623154
3.124929 0.623125
3.125173 0.621599
3.118659 0.621286
3.118885 0.620008
3.112395 0.619144
3.112356 0.619125
3.112398 0.619120
3.359162 0.687319
3.356998 0.687862
3.357442 0.685252
3.351971 0.680749
3.336390 0.681349
3.339110 0.678575
3.459508 0.715377
3.356072 0.688282
3.351959 0.682454
3.335619 0.682932
3.339326 0.679473
3.458476 0.716872
0.175349 0.750136
0.175027 0.750149
0.176186 0.747245
0.169042 0.750225
0.270536 0.776938
0.269803 0.775303
0.168381 0.750172
0.169294 0.749438
0.162742 0.749954
0.270289 0.778634
0.269761 0.777091
0.510477 0.845088
0.514932 0.842760
0.509553 0.846625
0.515023 0.844095
1.360732 1.083442
1.366991 1.085863
1.361296 1.083887
1.504126 1.123088
1.505254 1.122404
1.385775 1.092853
1.379501 1.091124
1.373237 1.088973
1.372303 1.088535
1.612027 1.151590
1.606438 1.147505
1.499993 1.123752
1.498678 1.124085
1.479842 1.119840
1.473574 1.117887
1.467309 1.115703
1.461019 1.114956
1.392023 1.095848
1.390394 1.095062
1.707219 1.174042
1.700581 1.173691
1.693136 1.177161
1.688476 1.174916
1.693586 1.174610
1.613233 1.155185
1.611571 1.155813
1.611764 1.154141
1.606173 1.150067
1.600607 1.145906
1.495871 1.124456
1.499356 1.122702
1.492372 1.124086
1.486100 1.122343
1.483530 1.121228
1.480078 1.119396
1.474134 1.116585
1.468190 1.113772
1.459591 1.114968
1.461345 1.114157
1.713511 1.177240
1.706760 1.177293
1.699375 1.180638
1.695539 1.178513
1.699848 1.177918
1.610496 1.156243
1.605844 1.152888
1.600246 1.148847
1.719852 1.180300
1.712938 1.180929
1.705605 1.184628
1.701446 1.181837
1.706102 1.181281
1.608379 1.157499
1.605612 1.155397
1.719204 1.184279
1.705895 1.184808
1.712416 1.184462
0.473138 0.659108
0.469447 0.656053
0.463779 0.652254
0.536423 0.677446
0.532455 0.673178
0.471035 0.660321
0.469096 0.658946
0.463420 0.655180
0.457841 0.651074
0.751146 0.736876
0.533035 0.678341
0.531856 0.676967
0.526798 0.671017
0.763661 0.741856
0.757407 0.739178
0.754740 0.738182
0.751384 0.736364
0.745640 0.732831
0.739671 0.730100
0.733204 0.729141
0.726033 0.731107
0.724395 0.730225
0.726266 0.729860
0.797491 0.751138
0.795011 0.751171
0.788718 0.750520
0.765706 0.742813
0.763966 0.741162
0.758323 0.737279
0.752423 0.734309
0.746280 0.732203
0.739746 0.731485
0.729266 0.733276
0.732807 0.732201
0.934708 0.788861
0.933006 0.789203
0.882809 0.776241
0.880479 0.774645
0.883632 0.772406
0.787638 0.750350
0.788944 0.749821
0.768233 0.745279
1.048553 0.820461
1.024806 0.814230
0.929619 0.789291
0.926694 0.789608
0.884781 0.777562
0.890474 0.773697
1.048554 0.822212
1.021760 0.815196
1.020782 0.815484
1.047274 0.823675
1.316472 0.892654
1.310614 0.889528
1.422716 0.925550
1.424184 0.927684
1.424227 0.929486
2.063754 1.105852
2.064951 1.107917
2.066057 1.109993
2.069369 1.106306
0.829145 0.710521
0.827678 0.711909
0.972436 0.751589
1.072236 0.779501
0.974483 0.753918
0.977299 0.750775
1.072793 0.781435
1.298119 0.842217
1.377699 0.866197
1.298018 0.843956
1.396486 0.873016
1.390226 0.870653
1.383963 0.868333
1.382498 0.867856
1.375843 0.866115
1.378059 0.865293
1.371403 0.865737
1.398926 0.873962
1.396650 0.872719
2.091877 1.064316
2.093919 1.060359
2.092696 1.066999
2.092426 1.066201
2.093099 1.064894
2.093329 1.068216
1.080526 0.662942
1.072623 0.667622
1.071613 0.666782
1.072998 0.665754
1.136457 0.685532
1.135326 0.686082
1.135742 0.683817
1.092956 0.668296
1.085128 0.673237
1.086115 0.668665
1.078871 0.670670
1.077583 0.670117
1.079081 0.669721
1.133593 0.686572
2.384770 1.035538
2.390894 1.032724
2.389687 1.039425
2.387969 1.038134
2.390036 1.037407
2.391780 1.040925
2.396706 1.039313
2.422595 0.968842
2.423264 0.970767
2.423613 0.972648
2.512663 0.875733
2.499975 0.880070
2.505659 0.878298
2.499369 0.881695
2.505639 0.880029
2.586905 0.849633
2.580027 0.850136
2.573596 0.849049
2.567355 0.847284
2.561248 0.845044
2.555005 0.843288
2.548114 0.844642
2.547274 0.843554
2.548305 0.843157
2.587072 0.850664
2.580060 0.851642
2.573552 0.850826
2.567260 0.849247
2.560911 0.847874
2.550147 0.846069
2.554650 0.846182
2.548069 0.847046
2.587347 0.851356
2.580326 0.852365
2.573734 0.851857
2.567429 0.850322
2.561126 0.848785
2.547850 0.847277
2.667819 0.772449
2.561169 0.743914
2.559935 0.742556
2.705432 0.783974
2.699155 0.782479
2.680337 0.777333
2.674074 0.775037
2.668466 0.772760
2.668300 0.770867
2.563240 0.745194
2.711693 0.786306
2.708099 0.784902
2.705575 0.783678
2.697540 0.782136
2.699221 0.782320
2.692877 0.781043
2.686603 0.779371
2.684822 0.778805
2.681121 0.774826
2.893595 0.836484
2.887314 0.835212
2.881043 0.833407
2.874777 0.831337
2.868515 0.829051
2.866298 0.828125
2.862915 0.824684
2.857216 0.820995
2.848002 0.823326
2.850151 0.822161
2.715458 0.788619
2.712117 0.786034
2.706592 0.781740
2.900930 0.834866
2.894017 0.835494
2.887467 0.834830
2.881332 0.832692
2.875324 0.830101
2.869360 0.827356
2.848031 0.825100
2.850471 0.822669
3.257973 0.937809
3.264629 0.935848
3.231543 0.930874
3.226785 0.926683
3.263599 0.942458
3.259177 0.939871
3.264202 0.938993
3.232248 0.933213
3.232065 0.932770
3.226834 0.928147
3.264297 0.942999
3.271106 0.940057
3.232887 0.934787
3.232301 0.934332
3.025218 0.760734
3.024821 0.762383
3.203319 0.810923
3.203159 0.810985
3.203603 0.809304
3.024311 0.764054
3.198485 0.811414
3.196838 0.811737
3.197898 0.807271
3.378764 0.860697
3.378231 0.860276
3.379606 0.857439
3.381657 0.862934
3.384389 0.865452
3.385735 0.862914
3.077808 0.684927
3.191949 0.716605
3.187698 0.716902
3.075370 0.686053
3.076211 0.680860
3.186830 0.717014
3.419785 0.780779
3.449797 0.789447
3.451553 0.788330
3.439129 0.786649
3.438583 0.786912
3.438933 0.785293
3.432284 0.786612
3.433997 0.778886
3.426025 0.784154
3.420827 0.781851
3.426687 0.780927
3.448600 0.790894
3.455252 0.696776
3.458576 0.702159
3.460080 0.704351
3.673949 0.687201
3.667684 0.685096
3.661412 0.683274
3.655134 0.681844
3.674619 0.687469
3.674049 0.686934
3.668197 0.683794
0.177427 0.744289
0.177040 0.744463
0.268211 0.769838
0.174366 0.745264
0.178057 0.742242
0.268054 0.771573
0.529992 0.835496
0.522996 0.836422
0.518744 0.840770
0.523089 0.837707
0.518529 0.842501
0.523070 0.839443
1.368694 1.079553
1.367878 1.079125
1.600783 1.143280
1.511146 1.118437
1.513615 1.116621
1.506666 1.118817
1.387460 1.087466
1.381194 1.085408
1.374934 1.082979
1.374151 1.082541
1.601357 1.143836
1.600763 1.144260
1.600831 1.143482
1.595197 1.139558
1.589466 1.135978
1.506071 1.118861
1.507157 1.117260
1.393714 1.090188
1.389528 1.088367
1.727809 1.172685
1.720858 1.173451
1.713650 1.176373
1.709229 1.173868
1.714041 1.173733
1.599838 1.145193
1.595111 1.141498
1.589429 1.137749
1.502822 1.119803
1.500343 1.119778
1.727146 1.176666
1.719885 1.180086
1.714909 1.177105
1.720320 1.176984
1.597430 1.146353
1.594824 1.144184
1.589190 1.140270
1.733487 1.179724
1.720191 1.180267
1.726600 1.180256
1.739882 1.182619
1.732929 1.183382
1.726121 1.183797
1.725638 1.183501
1.726166 1.183480
0.330878 0.671345
0.323515 0.674076
0.323941 0.672056
0.317230 0.673022
0.536787 0.732567
0.329751 0.677762
0.328785 0.676691
0.330023 0.676037
0.315380 0.673186
0.536750 0.732935
0.536024 0.734508
1.383490 0.970585
1.345847 0.960645
1.414826 0.980601
1.383129 0.970571
1.377556 0.967806
1.371367 0.965856
1.365072 0.964285
1.358914 0.962224
1.352773 0.960111
1.345278 0.960646
1.345954 0.960405
1.414866 0.980640
1.379336 0.971332
1.377417 0.969930
1.371482 0.967083
1.365365 0.964880
1.359183 0.962913
1.353046 0.960786
1.339895 0.961008
1.346695 0.959415
1.339530 0.961229
1.421045 0.985230
1.418641 0.983409
1.377424 0.972629
1.377182 0.972431
1.371492 0.968720
1.365563 0.965860
2.024210 1.147095
2.016939 1.149248
2.016539 1.148873
2.017021 1.148704
2.030989 1.148579
2.019918 1.151517
2.023720 1.150469
2.030432 1.152218
2.023145 1.154448
2.022636 1.154020
2.023242 1.153827
0.508799 0.634165
0.509001 0.634320
0.508829 0.634153
0.502701 0.631989
0.496740 0.629225
0.486217 0.628345
0.490422 0.627739
0.483678 0.628844
0.510010 0.636351
0.509009 0.635153
0.502965 0.632697
0.497010 0.629923
0.490790 0.628091
0.482918 0.629265
0.483846 0.628829
0.822390 0.722486
0.820792 0.723062
0.823650 0.718929
0.979169 0.767489
0.977656 0.765932
0.973936 0.761062
0.817085 0.723891
1.061019 0.789535
1.060709 0.790078
0.985410 0.770874
0.979991 0.768304
0.979371 0.767330
0.974092 0.762152
1.068643 0.786887
1.060675 0.791876
1.059822 0.790987
1.060848 0.790645
0.988375 0.772306
1.394234 0.878013
1.387831 0.876823
1.381476 0.875464
1.375422 0.873034
1.367584 0.875158
1.368231 0.874653
1.296183 0.856435
1.428182 0.892789
1.425580 0.887940
1.363050 0.875721
1.361738 0.875851
1.295117 0.857943
1.426412 0.894092
1.424438 0.894449
1.425144 0.891131
1.358745 0.876393
1.362977 0.872688
2.085595 1.077385
2.086428 1.079363
2.087150 1.081348
1.142770 0.707990
1.063729 0.685929
1.142740 0.709545
1.142651 0.708370
1.067470 0.688835
1.067045 0.688580
1.067848 0.687358
1.142819 0.710205
1.142752 0.710101
2.367078 1.045563
2.362010 1.050782
2.367370 1.046139
2.361228 1.052351
2.367216 1.048339
2.362765 1.054562
2.366498 1.052575
2.439276 0.917811
2.442518 0.912832
2.439230 0.919554
2.442501 0.914528
2.439908 0.921528
2.441919 0.918272
2.543149 0.848964
2.543917 0.850917
2.547783 0.846648
2.543945 0.852721
2.590830 0.758773
2.584572 0.756342
2.578308 0.754184
2.572027 0.752871
2.565740 0.751866
2.559473 0.749859
2.557965 0.748530
2.697473 0.787695
2.691189 0.786545
2.684912 0.785018
2.678643 0.783095
2.672379 0.780939
2.667579 0.779020
2.597081 0.761620
2.591307 0.759021
2.590883 0.758699
2.584966 0.755787
2.578905 0.753389
2.572623 0.751774
2.566172 0.750756
2.835460 0.826212
2.726507 0.796212
2.722862 0.794071
2.717088 0.790646
2.711440 0.786776
2.692393 0.782645
2.686110 0.781033
2.599180 0.762872
2.597436 0.761019
2.591787 0.757157
2.868212 0.829813
2.836545 0.826811
2.842759 0.824500
2.788193 0.814135
2.785255 0.813617
2.783177 0.812820
2.786405 0.809295
2.728776 0.799463
2.727452 0.798228
2.723008 0.795198
2.717555 0.790640
2.839544 0.829356
2.842283 0.827826
2.841078 0.831561
2.841850 0.831041
3.257293 0.937985
3.250307 0.938874
3.243851 0.937875
3.237705 0.935772
3.232160 0.931528
3.257130 0.940183
3.250180 0.940943
3.243751 0.939846
3.237662 0.937549
3.232222 0.932937
3.263452 0.943312
3.256695 0.943387
3.250011 0.943202
3.243695 0.941707
3.237704 0.939064
3.020288 0.767677
3.020771 0.769595
3.201482 0.818679
3.201428 0.818689
3.201463 0.818539
3.377064 0.866848
3.376323 0.866268
3.195178 0.818823
3.195119 0.818890
3.195170 0.818632
3.379539 0.868860
3.381812 0.871246
3.078052 0.678501
3.076491 0.679799
3.189466 0.709460
3.189424 0.709463
3.189439 0.709395
3.076488 0.679923
3.076367 0.679841
3.076999 0.678062
3.327416 0.747724
3.321126 0.746895
3.314854 0.745099
3.308591 0.742857
3.304895 0.741475
3.302857 0.738908
3.184481 0.709923
3.183109 0.709963
3.183630 0.707740
3.328239 0.746095
3.321655 0.745554
3.315766 0.742542
3.455428 0.784433
3.460317 0.781112
3.452807 0.785393
3.452199 0.785361
3.453133 0.784352
3.448204 0.777936
3.440241 0.783043
3.440851 0.780124
3.456200 0.694652
3.453873 0.692687
3.451416 0.686448
3.456746 0.695200
3.456507 0.693937
0.243659 0.727465
0.242028 0.727480
0.268667 0.735775
0.274776 0.732025
0.267081 0.736384
0.241980 0.730043
0.239396 0.728111
0.265612 0.736776
0.536725 0.809547
0.536541 0.811252
0.534589 0.812543
1.349635 1.038404
1.552868 1.095100
1.350693 1.040443
1.553101 1.095247
1.548263 1.093978
1.552900 1.095064
1.546590 1.093585
1.540299 1.092827
1.534015 1.091718
1.351628 1.042485
1.552919 1.096953
1.552846 1.096881
1.547451 1.092114
1.541564 1.089093
1.530367 1.091047
1.527731 1.090612
1.521430 1.090351
1.554605 1.099183
1.553150 1.097466
1.548079 1.091552
1.520944 1.090381
1.522601 1.086345
1.811339 1.163098
1.804448 1.163646
1.797449 1.164986
1.796730 1.164362
1.797539 1.164262
1.817690 1.166106
1.810850 1.166475
1.803667 1.169539
1.800255 1.167051
1.804032 1.166765
1.823879 1.169722
1.816874 1.170673
1.809920 1.172406
1.804692 1.170009
1.810183 1.170515
0.527790 0.664191
0.459181 0.648959
0.458038 0.649399
0.458782 0.646069
0.528806 0.668966
0.527013 0.669600
0.527350 0.667377
0.522206 0.661721
0.456645 0.650086
0.803006 0.745595
0.884547 0.768186
0.882677 0.766985
0.885170 0.765308
0.801454 0.745694
0.804062 0.742310
0.796697 0.745822
0.752785 0.733928
0.936674 0.782887
0.934705 0.783194
0.890774 0.772289
0.887292 0.769948
0.891983 0.766666
0.794278 0.745619
1.049746 0.814281
1.049205 0.808085
1.026932 0.808299
1.030050 0.804337
0.932272 0.783511
0.891875 0.772949
1.050162 0.816154
1.025277 0.809642
1.323588 0.891053
1.331187 0.888234
1.322656 0.891076
1.323823 0.890465
1.317285 0.890940
1.311018 0.888926
1.308385 0.887334
1.305610 0.883366
1.425046 0.919669
1.325238 0.887077
1.317757 0.889723
1.311549 0.887848
1.306407 0.882185
1.425312 0.921499
1.425161 0.916659
1.424315 0.923041
1.424171 0.921853
2.068687 1.100653
2.070671 1.098379
2.069898 1.103119
2.069675 1.102673
2.070045 1.102237
2.071049 1.104828
0.931841 0.689943
0.883081 0.670376
0.932744 0.690517
0.932909 0.686452
0.871271 0.674406
0.876219 0.672446
0.869071 0.674970
1.076078 0.731317
0.935308 0.692954
1.088597 0.736115
1.082337 0.733728
1.077679 0.732012
1.182682 0.762197
1.176422 0.759862
1.170149 0.758123
1.170941 0.755195
1.163872 0.756599
1.162306 0.755950
1.164843 0.752928
1.094856 0.738598
1.093386 0.737910
1.195193 0.767476
1.188939 0.764776
1.188525 0.764598
2.205038 1.047500
2.193623 1.039542
2.143022 1.027831
2.133328 1.028009
2.136197 1.028147
2.271313 1.065940
2.268625 1.061927
2.219218 1.045965
2.212556 1.045699
2.205875 1.045501
2.199705 1.043486
2.143292 1.028504
2.132488 1.029552
2.136302 1.029407
2.327947 1.082531
2.331349 1.080052
2.273988 1.069012
2.273496 1.068256
2.269270 1.061256
2.143743 1.028581
2.130288 1.030778
2.136555 1.030185
2.129686 1.031038
2.325664 1.083692
2.332012 1.079332
2.324138 1.084451
2.274846 1.070390
2.274226 1.069239
2.323075 1.084810
2.324453 1.083924
2.420439 0.982997
2.420909 0.984888
2.421506 0.986850
2.490786 0.884147
2.498149 0.881048
2.490552 0.884413
2.498283 0.882229
2.488866 0.885421
2.490763 0.885010
2.623833 0.838079
2.614388 0.841685
2.616341 0.840768
2.623755 0.840003
2.615012 0.843617
2.616141 0.843121
2.657541 0.734533
2.592335 0.716861
2.595623 0.714616
2.663764 0.738852
2.660102 0.736379
2.658946 0.730626
2.590933 0.718275
2.596147 0.714418
2.664452 0.739310
2.664135 0.737795
2.939767 0.814324
2.938129 0.814516
2.933454 0.814700
2.847316 0.784374
2.932122 0.814735
3.207995 0.888769
3.207741 0.890449
3.354952 0.930787
3.353692 0.931646
3.207207 0.892099
3.352413 0.931886
3.354312 0.929980
3.347378 0.932108
3.346087 0.932041
3.068837 0.746215
3.073049 0.743270
3.219294 0.787410
3.069312 0.748127
3.072684 0.746233
3.216875 0.788533
3.216210 0.789235
3.385567 0.835990
3.383828 0.834041
3.385937 0.836359
3.160890 0.638311
3.160602 0.638255
3.154605 0.637248
3.155119 0.634892
3.148318 0.636227
3.149252 0.631797
3.143328 0.628906
3.137435 0.625906
3.104391 0.625179
3.102225 0.622953
3.105097 0.621128
3.143361 0.635508
3.142029 0.635354
3.142175 0.634654
3.136613 0.630492
3.130788 0.627256
3.361574 0.695525
3.360795 0.694240
3.332143 0.686723
3.458451 0.721592
3.455642 0.722488
3.361884 0.696279
3.361723 0.695618
3.356785 0.689232
3.331410 0.688303
3.455462 0.722560
3.455827 0.721945
3.719090 0.795054
3.666016 0.689525
3.659753 0.687330
3.647209 0.683796
3.640924 0.682668
3.678524 0.694939
3.672272 0.692067
3.668931 0.690674
3.666447 0.688348
3.660543 0.685388
3.654196 0.684005
3.647756 0.682950
3.638953 0.682817
3.641124 0.682578
3.678617 0.694985
3.678563 0.694819
3.635747 0.683776
3.641705 0.682186
0.250012 0.722509
0.276339 0.729545
0.249125 0.722409
0.250387 0.721295
0.243712 0.722228
0.275574 0.731104
0.275066 0.731314
0.242105 0.722346
0.244240 0.720851
0.536179 0.802912
0.535530 0.804509
1.347608 1.030165
1.349774 1.031952
1.351362 1.034140
1.535710 1.085842
1.351417 1.035964
1.541974 1.088064
1.537619 1.086467
1.533296 1.085336
1.536270 1.083973
1.529429 1.084572
1.811731 1.160386
1.547213 1.090781
1.542981 1.085742
1.523420 1.084562
1.523437 1.083383
1.832047 1.161324
1.825247 1.161552
1.817956 1.164545
1.814723 1.162592
1.818329 1.162193
1.838365 1.164454
1.831635 1.164428
1.824196 1.168049
1.819847 1.165702
1.824705 1.165117
1.844531 1.168152
1.837897 1.167790
1.826020 1.169117
1.831021 1.168283
0.339476 0.664465
0.329180 0.660299
0.334377 0.657275
0.326940 0.660474
0.339525 0.664759
0.339510 0.664604
0.333962 0.660382
0.325461 0.661077
0.327180 0.660543
0.535599 0.719659
0.534529 0.716989
0.529244 0.711827
0.684417 0.762023
0.685315 0.757345
0.678149 0.760098
0.678468 0.757739
0.672791 0.753969
0.666874 0.751052
0.660266 0.750596
0.653782 0.749701
0.647624 0.747639
0.641589 0.745147
0.635664 0.742265
0.535258 0.721364
0.534786 0.717748
0.684828 0.762290
0.691711 0.760194
0.677228 0.760302
0.672396 0.757020
0.666087 0.755502
0.659303 0.756411
0.659528 0.754870
0.653287 0.753113
0.647270 0.750561
0.641218 0.748127
0.635172 0.745680
0.629257 0.742767
0.910230 0.824190
0.903949 0.822891
0.885123 0.818125
0.878865 0.815662
0.875097 0.813911
0.897879 0.821635
0.905215 0.818698
0.897669 0.821592
0.891392 0.820095
0.888025 0.819054
0.885510 0.816909
1.416323 0.966296
1.418220 0.968688
1.417995 0.968497
1.421432 0.971197
2.035460 1.140857
2.039113 1.144442
2.038030 1.143302
2.039764 1.141334
2.040229 1.145682
1.080622 0.661857
1.131815 0.672198
1.100949 0.662176
1.093125 0.667489
1.094285 0.661920
1.086865 0.665129
1.081158 0.662796
1.087451 0.662269
1.132759 0.678081
1.130750 0.678389
1.131145 0.676216
1.125326 0.672955
1.119227 0.670692
1.113033 0.668763
1.105650 0.671999
1.106417 0.668338
1.099387 0.669789
1.095460 0.668320
1.099710 0.668233
2.393583 1.031359
2.399249 1.026966
2.397668 1.034621
2.396596 1.033914
2.398043 1.032892
2.400185 1.036653
2.424466 0.956188
2.424561 0.956376
2.425012 0.954394
2.425283 0.958338
2.513636 0.875419
2.519862 0.874084
2.512798 0.875864
2.520085 0.874910
2.511354 0.876567
2.512979 0.876224
2.519892 0.877263
2.512733 0.879259
2.511839 0.878485
2.512855 0.878328
2.605183 0.845761
2.608583 0.844404
2.605195 0.847524
2.608481 0.846396
2.605099 0.849306
2.571395 0.728926
2.664954 0.758043
2.570832 0.733879
2.569844 0.732183
2.571107 0.731569
2.671196 0.761360
2.667483 0.759529
2.571218 0.734341
2.677446 0.764283
2.675492 0.763418
2.922670 0.829928
2.922107 0.830013
2.917166 0.830243
2.923359 0.826980
2.915796 0.830309
2.909499 0.829871
3.217353 0.912434
3.217014 0.911896
3.275650 0.929462
3.280650 0.926777
3.216997 0.914089
3.216898 0.913931
3.279562 0.932761
3.278437 0.931954
3.279885 0.931135
3.218143 0.916179
3.217160 0.914660
3.282111 0.934719
3.286951 0.931645
3.051136 0.749329
3.044590 0.748654
3.034049 0.750069
3.038045 0.747972
3.031719 0.751237
3.209094 0.799459
3.206534 0.799975
3.382171 0.848012
3.203696 0.799828
3.207168 0.798278
3.382706 0.848474
3.386083 0.851142
3.089636 0.653187
3.183704 0.680130
3.087863 0.653372
3.183082 0.680084
3.177405 0.679838
3.178897 0.673377
3.086337 0.654757
3.353047 0.727608
3.303718 0.713462
3.174263 0.679560
3.171813 0.676280
3.465943 0.759269
3.353534 0.728271
3.306191 0.715873
3.472408 0.761184
3.472209 0.761295
3.470234 0.760614
3.472351 0.760640
3.432408 0.750701
3.436010 0.746141
3.354583 0.730333
3.431485 0.752254
3.569680 0.697079
3.444220 0.663001
3.443172 0.662178
3.569546 0.697062
3.563950 0.693514
3.558316 0.689588
3.446490 0.664824
3.720197 0.739763
3.601007 0.707549
3.599616 0.706694
3.601445 0.705535
3.569501 0.698807
3.563764 0.695807
3.558184 0.691704
3.720623 0.738519
3.606524 0.710293
3.607543 0.709470
0.284791 0.717991
0.273902 0.707918
0.259681 0.712152
0.285386 0.718939
0.259548 0.712169
0.259716 0.712073
0.285228 0.720682
0.255859 0.713006
0.535649 0.789440
0.536395 0.785496
0.535428 0.789744
0.534113 0.791196
1.347216 1.016558
1.345764 1.012260
1.390194 1.023583
1.383907 1.021988
1.350970 1.019814
1.350019 1.019049
1.383973 1.023413
1.357218 1.022895
1.356783 1.022612
1.357379 1.022162
1.532836 1.071938
1.526568 1.069987
1.520283 1.068868
1.533630 1.072477
1.533098 1.071315
1.519700 1.068835
1.515568 1.061813
1.890409 1.168522
1.916587 1.172120
1.909714 1.172604
1.902917 1.173834
1.903084 1.172225
1.896664 1.171134
1.896445 1.171042
1.896669 1.171083
1.923183 1.174245
1.916192 1.175151
1.909149 1.177683
1.904905 1.175016
1.909356 1.175506
1.922842 1.177118
1.909472 1.178000
1.915871 1.177949
0.343053 0.657444
0.341189 0.657668
0.338458 0.656239
0.341385 0.656310
0.530010 0.709956
0.529340 0.710769
0.529483 0.709347
0.523994 0.704906
0.518223 0.701471
0.636831 0.739714
0.635981 0.739815
0.636074 0.739183
0.630137 0.736334
0.624017 0.734140
0.617970 0.731684
0.612224 0.728164
0.593722 0.722089
0.528951 0.711439
0.523987 0.706572
0.518149 0.703383
0.692405 0.756866
0.689466 0.755257
0.693418 0.752479
0.632052 0.740213
0.629669 0.740119
0.629867 0.738922
0.623966 0.735954
0.618062 0.732999
0.612198 0.729902
0.605778 0.728778
0.598681 0.730058
0.592221 0.729077
0.586911 0.724014
0.874304 0.807208
0.706463 0.755655
0.698647 0.760189
0.696386 0.758840
0.699073 0.757976
0.919554 0.819082
0.918218 0.819016
0.911922 0.818477
0.880550 0.810347
0.874322 0.807217
0.874319 0.807158
0.907042 0.817554
0.913525 0.813112
0.905640 0.817299
0.899357 0.816045
0.893080 0.814565
0.886810 0.812736
0.882233 0.811060
0.881209 0.808257
1.417997 0.960246
1.419919 0.962603
1.419812 0.962495
2.038534 1.133431
2.041981 1.130181
2.040851 1.136319
2.040283 1.135636
2.041133 1.134821
2.042437 1.137979
2.044126 1.140234
1.067229 0.672124
1.138829 0.692641
1.070893 0.675358
1.069329 0.674432
1.071659 0.672157
1.136226 0.693731
1.134710 0.689146
2.375807 1.039678
2.383188 1.036174
2.376637 1.041647
2.382628 1.039793
2.389336 1.041559
2.378506 1.043924
2.382198 1.042984
2.426146 0.951033
2.425911 0.950245
2.427250 0.946437
2.426434 0.952165
2.490500 0.884295
2.480377 0.887906
2.482965 0.887138
2.478386 0.889153
2.483330 0.887482
2.637033 0.813798
2.636569 0.813311
2.639097 0.815751
2.633008 0.699798
2.626740 0.697840
2.639264 0.702382
2.633201 0.699874
2.633029 0.699749
2.624769 0.697663
2.626977 0.697311
2.620437 0.697707
2.645514 0.705259
2.643628 0.704368
2.640039 0.700410
2.634527 0.696068
2.628229 0.694508
2.619186 0.697972
2.620745 0.697163
2.965414 0.793441
2.897343 0.770847
2.890855 0.769963
2.972788 0.791656
2.960876 0.792778
2.965720 0.792837
2.959123 0.792678
2.952823 0.792375
2.891645 0.768813
2.879143 0.765369
2.872467 0.765156
2.865012 0.767935
2.858738 0.766317
2.966220 0.792721
2.959507 0.792638
2.952269 0.792312
2.952849 0.792359
3.200281 0.859040
3.366824 0.905738
3.199617 0.860624
3.366964 0.906235
3.199105 0.862292
3.368249 0.908337
3.369340 0.910429
3.086811 0.715543
3.218528 0.752140
3.212255 0.750440
3.199711 0.746934
3.194474 0.741050
3.093038 0.719645
3.089861 0.717541
3.088361 0.711146
3.194177 0.746636
3.193410 0.746630
3.193489 0.746173
3.188237 0.740894
3.094183 0.720473
3.400401 0.803880
3.394134 0.801846
3.190186 0.747386
3.187699 0.744481
3.400863 0.804318
3.400643 0.803313
3.394956 0.799579
3.400908 0.806109
3.401835 0.800734
3.095630 0.640689
3.093027 0.641394
3.181687 0.664997
3.180856 0.664899
3.181049 0.664098
3.174561 0.664285
3.175970 0.658200
3.092220 0.641550
3.094011 0.638238
3.169839 0.663654
3.168272 0.663467
3.168544 0.662296
3.163162 0.657486
3.358369 0.714814
3.315121 0.703475
3.441807 0.738436
3.445300 0.735424
3.360129 0.717036
3.315783 0.705436
3.440836 0.739950
3.701413 0.811639
3.721267 0.813002
3.709529 0.813871
3.714506 0.813089
3.702344 0.811988
3.720187 0.819137
3.720843 0.816153
3.713915 0.817378
3.710077 0.815785
3.714266 0.815587
3.706495 0.814849
3.472726 0.656774
3.466454 0.655038
3.460182 0.653284
3.453919 0.651046
3.447658 0.648727
3.548005 0.677114
3.542991 0.670589
3.499388 0.657950
3.492714 0.657729
3.486089 0.657332
3.473874 0.657253
3.479416 0.657104
3.472708 0.657708
3.466427 0.656461
3.698530 0.719394
3.604441 0.693549
3.603409 0.692961
3.604988 0.691305
3.550158 0.679005
3.548548 0.676414
3.499185 0.660334
3.492535 0.660027
3.486005 0.659296
3.479490 0.658508
3.472865 0.658110
3.463599 0.656361
3.466519 0.656729
3.704786 0.722018
3.700161 0.720076
3.698725 0.718936
3.693163 0.714758
3.610673 0.697392
3.608412 0.696038
3.611850 0.692508
3.552318 0.681371
3.717293 0.727475
3.711039 0.724781
3.710319 0.724500
3.705542 0.720289
3.699953 0.716219
0.534900 0.768390
0.534481 0.769087
0.534935 0.766724
0.534025 0.769952
1.381214 1.005535
1.343628 0.994405
1.343593 0.994415
1.343606 0.994354
1.411891 1.014048
1.376899 1.004875
1.381859 1.003675
1.374927 1.004550
1.368635 1.003873
1.341318 0.995554
1.410329 1.015403
1.413436 1.012806
1.406245 1.015539
1.365787 1.003747
1.370006 0.999580
1.362330 1.003845
1.340528 0.997141
1.338814 0.990743
1.519137 1.047358
1.404946 1.015799
1.406669 1.014591
1.520281 1.047766
1.518670 1.047345
1.519364 1.046660
1.965822 1.164715
1.954523 1.166803
1.958706 1.166068
1.965448 1.167686
1.958176 1.170380
1.957044 1.169230
1.958333 1.169032
1.972219 1.169237
1.959390 1.171642
1.965117 1.170532
0.540730 0.693240
0.492558 0.678922
0.490549 0.679460
0.490828 0.677479
0.485317 0.673120
0.703827 0.737581
0.540576 0.693265
0.488991 0.679764
0.484866 0.676377
0.479492 0.671549
0.710064 0.741192
0.704531 0.737996
0.711644 0.733948
0.785920 0.758916
0.779844 0.756566
0.774423 0.751888
0.716306 0.744511
0.710095 0.741210
0.717824 0.737562
0.929604 0.801580
0.873150 0.786088
0.872144 0.785434
0.874663 0.780343
0.716936 0.744805
0.925801 0.801252
0.923308 0.801109
0.879384 0.789895
0.876454 0.788329
1.037349 0.827930
1.030604 0.827958
1.024701 0.824995
0.919137 0.801297
0.917001 0.801211
1.037620 0.828620
1.030266 0.830814
1.023624 0.831128
1.023805 0.829838
1.018986 0.823033
1.418828 0.938270
1.420129 0.939592
1.421373 0.941685
1.422382 0.943758
2.054730 1.118208
2.056000 1.120311
2.059837 1.116230
2.057238 1.122440
2.059148 1.120357
2.403755 1.019307
2.404389 1.021219
2.405599 1.023319
2.432626 0.930790
2.433370 0.932760
2.633646 0.825390
2.633814 0.825568
2.634020 0.824180
2.636214 0.827950
2.637401 0.830060
2.654546 0.726686
2.653724 0.723610
2.599281 0.712196
2.604056 0.708585
2.659213 0.729870
2.658713 0.729535
2.597431 0.713504
2.944087 0.807842
2.941469 0.808041
2.854837 0.779912
2.847343 0.784146
2.847747 0.781169
2.841071 0.782346
2.842123 0.777217
2.939290 0.808339
2.935151 0.808743
2.847506 0.784331
2.847340 0.784318
2.934233 0.808821
3.205493 0.881620
3.205134 0.880631
3.205058 0.883266
3.204942 0.882946
3.358349 0.925190
3.205013 0.885058
3.204905 0.884756
3.356691 0.926531
3.355367 0.926854
3.091344 0.725402
3.088482 0.723663
3.227042 0.761740
3.223645 0.758717
3.218158 0.754268
3.212081 0.751922
3.205617 0.750953
3.199366 0.749227
3.092902 0.726605
3.225041 0.762975
3.223441 0.761078
3.217532 0.758139
3.211837 0.754441
3.205328 0.753635
3.198858 0.752687
3.192981 0.749638
3.401130 0.810876
3.400172 0.812391
3.091332 0.647251
3.179130 0.672362
3.089914 0.647425
3.177848 0.672229
3.172835 0.671799
3.173899 0.667201
3.089052 0.649001
3.309368 0.708454
3.311530 0.706423
3.436971 0.743660
3.357366 0.722792
3.310810 0.710939
3.310434 0.710508
3.311005 0.709937
3.436563 0.745308
3.436259 0.745578
3.358551 0.724903
3.707458 0.814198
3.707479 0.815768
