-0.021339 0.804656
1.389677 1.224749
1.381855 1.229953
1.382639 1.225751
1.375584 1.228183
1.376035 1.225300
1.370124 1.222541
1.395515 1.230431
1.388115 1.232769
1.387617 1.232509
1.388148 1.232526
1.372465 1.228775
1.369276 1.229505
1.369558 1.227110
1.364084 1.222905
1.402241 1.233175
1.394337 1.238610
1.391942 1.236394
1.394731 1.235744
1.366660 1.230177
1.362973 1.230344
1.363306 1.228210
1.396124 1.240266
1.401389 1.238737
1.360005 1.231404
1.357477 1.227941
1.396782 1.243299
0.120810 0.754195
0.115161 0.752801
0.119013 0.752837
0.112462 0.753948
0.172183 0.769667
0.175840 0.768249
0.168904 0.770043
0.121331 0.757134
0.119115 0.755195
0.111542 0.754727
0.112604 0.754440
0.163633 0.770375
0.169971 0.768058
0.162606 0.770455
0.156312 0.770570
0.121142 0.759944
0.119149 0.757830
1.479380 1.161779
1.473104 1.160349
1.491906 1.166768
1.485646 1.164014
1.482470 1.162850
1.479702 1.161003
1.471282 1.160090
1.473239 1.160084
1.466810 1.160522
1.529519 1.178669
1.530585 1.173760
1.523260 1.175891
1.523421 1.175180
1.516986 1.174355
1.517313 1.173080
1.510699 1.173806
1.504426 1.172161
1.498161 1.169894
1.496556 1.169128
1.493210 1.163591
1.487136 1.161381
1.480574 1.160794
1.473894 1.160600
1.464216 1.161167
1.467183 1.160507
1.460492 1.162689
1.579677 1.194001
1.578268 1.192077
1.581054 1.187902
1.535761 1.182861
1.533409 1.181024
1.536484 1.179252
1.480884 1.162497
1.474353 1.161808
1.467896 1.160875
1.459834 1.162943
1.460805 1.162047
1.581020 1.195570
1.542001 1.187388
1.539577 1.185379
1.543096 1.182394
1.723922 1.234591
1.717644 1.233350
1.711364 1.232277
1.705082 1.231342
1.629789 1.213151
1.623526 1.210647
1.617255 1.208815
1.610980 1.207376
1.604700 1.206356
1.598418 1.205417
1.592150 1.203393
1.585898 1.199984
1.585212 1.199441
1.586266 1.198402
1.544435 1.189436
1.762896 1.241179
1.756154 1.241190
1.749729 1.240149
1.743505 1.238432
1.737329 1.236556
1.731068 1.234971
1.724709 1.233706
1.718287 1.232650
1.711795 1.231830
1.700943 1.230743
1.705262 1.231149
1.698800 1.230466
1.692518 1.229643
1.686235 1.228822
1.679951 1.228059
1.636042 1.216527
1.630157 1.213335
1.629858 1.213007
1.624609 1.208072
1.712914 1.230827
1.706364 1.230200
1.699799 1.229626
1.693238 1.229037
1.686683 1.228425
1.676631 1.227604
1.680102 1.227907
1.673669 1.227187
1.667390 1.226092
1.661114 1.224733
1.654840 1.223122
1.648569 1.221344
1.642301 1.219285
1.641618 1.219015
0.197036 0.673860
0.196070 0.676458
0.512686 0.767533
0.518927 0.771817
0.514604 0.768989
0.520074 0.766312
0.601121 0.790827
0.525173 0.775736
0.522371 0.773726
0.525903 0.772044
0.644738 0.805349
0.638690 0.803046
0.632802 0.800213
0.626741 0.797955
0.620789 0.795336
0.608332 0.791945
0.597478 0.795035
0.600902 0.794246
0.526363 0.777571
0.707043 0.827283
0.652004 0.811284
0.650765 0.810408
0.644746 0.808012
0.638244 0.807228
0.632158 0.805061
0.626282 0.802197
0.620503 0.799010
0.614591 0.796269
0.608074 0.795537
0.598097 0.798034
0.600766 0.797427
0.705885 0.827373
0.700739 0.828281
0.650956 0.813871
0.650636 0.813562
0.644655 0.811050
0.638108 0.810413
0.632116 0.807942
0.699425 0.828630
1.371693 1.025432
1.371494 1.025141
1.371807 1.024820
1.327744 1.017123
1.377906 1.032073
1.374238 1.028628
1.340265 1.022465
1.334010 1.019352
1.328338 1.017344
1.327294 1.017087
1.327989 1.016382
1.492315 1.055249
1.478401 1.057110
1.485413 1.055799
1.478289 1.057139
1.384146 1.036569
1.378378 1.032488
1.342746 1.023747
1.548822 1.071729
1.474414 1.058939
1.479166 1.056856
1.471965 1.059739
1.384632 1.036894
1.551049 1.080631
1.479766 1.057600
1.469844 1.060663
1.472405 1.059664
1.553446 1.086803
1.551598 1.083596
1.553585 1.086944
1.553489 1.086763
1.981064 1.209093
1.987523 1.205809
1.979880 1.209318
1.974870 1.210392
1.981126 1.207382
1.973571 1.210699
1.969521 1.211932
1.974528 1.209661
1.967255 1.212644
0.565181 0.664201
0.558912 0.662232
0.552631 0.661275
0.571440 0.667081
0.566692 0.664937
0.551751 0.661255
0.553590 0.658269
0.546343 0.660896
0.540049 0.661011
0.577688 0.670779
0.576730 0.670231
0.539401 0.661069
0.845884 0.747802
0.841553 0.749547
0.841240 0.752331
1.325871 0.891393
1.323870 0.891649
1.324022 0.890427
1.318676 0.885781
1.321284 0.893068
1.318189 0.890101
1.321422 0.895947
1.318394 0.892158
2.115562 1.128171
2.113913 1.128259
2.115046 1.124008
2.107624 1.127933
2.101344 1.126926
2.085178 1.120674
2.095851 1.126121
2.095062 1.125984
2.095336 1.125017
2.088783 1.124834
2.087494 1.124064
2.089517 1.121964
2.295746 1.182845
2.292777 1.183079
2.289442 1.183819
2.287383 1.184573
2.283134 1.185171
2.280620 1.185767
2.579310 0.723030
2.577587 0.723515
2.578557 0.719409
2.677921 0.752690
2.671645 0.751307
2.574193 0.724584
2.571271 0.725483
2.684755 0.752621
2.678173 0.752096
2.670616 0.751149
2.671745 0.751063
2.665362 0.750513
2.659083 0.749280
2.652809 0.747746
2.646532 0.746491
2.640240 0.746435
2.741049 0.769804
2.735622 0.765433
2.704271 0.762253
2.710873 0.758095
2.702968 0.763002
2.660760 0.745504
2.654150 0.745077
2.647413 0.745072
2.640074 0.746475
2.640283 0.746367
2.746856 0.776323
2.746609 0.775499
2.741712 0.770293
2.700194 0.764092
2.704610 0.759258
2.872293 0.811217
2.747640 0.778601
2.747016 0.777791
2.871127 0.811806
2.868700 0.814040
3.718908 0.721580
3.723167 0.719719
3.719129 0.724447
3.723105 0.722626
3.719637 0.727431
-0.020390 0.803546
-0.020970 0.803952
-0.019456 0.801131
1.389851 1.223886
1.396104 1.227194
1.390988 1.224460
1.396814 1.223419
1.366699 1.218468
1.364742 1.218728
1.365073 1.216915
1.402332 1.232601
1.398811 1.229192
1.403171 1.227375
1.362182 1.220174
1.359508 1.215715
1.402874 1.233020
1.409745 1.230633
1.359027 1.222248
1.358404 1.222618
1.358587 1.221508
1.416498 1.233322
1.408556 1.238471
1.407174 1.236928
1.408875 1.236256
0.183174 0.765519
0.181115 0.765787
0.183602 0.764832
0.176872 0.766287
0.172991 0.766618
0.177740 0.764637
0.170572 0.766927
1.531245 1.170709
1.524980 1.168346
1.518695 1.167754
1.581400 1.186210
1.582367 1.180843
1.537491 1.174568
1.533868 1.172247
1.516802 1.168042
1.512396 1.168315
1.506124 1.166603
1.499853 1.164705
1.493584 1.162757
1.487307 1.161426
1.581667 1.186838
1.543727 1.179372
1.541323 1.176906
1.495030 1.160281
1.482518 1.162460
1.487994 1.161268
1.481004 1.162340
1.474724 1.161360
1.587614 1.192810
1.585097 1.190509
1.589004 1.186579
1.545407 1.180758
1.769530 1.240581
1.618941 1.204219
1.612671 1.202361
1.606396 1.200904
1.600120 1.199539
1.593857 1.197053
1.590577 1.194707
1.765704 1.240628
1.770099 1.239631
1.763234 1.240757
1.756947 1.240307
1.750669 1.239110
1.744395 1.237509
1.738124 1.235754
1.731850 1.234209
1.725573 1.232875
1.719294 1.231702
1.625205 1.206677
1.621458 1.205153
1.619290 1.203369
1.764424 1.238789
1.757473 1.239493
1.750981 1.238674
1.744691 1.237185
1.738465 1.235484
1.732175 1.233992
1.725829 1.232692
1.715733 1.231153
1.719422 1.231593
1.713013 1.230745
1.706731 1.229950
1.700446 1.229231
1.739662 1.234256
1.733293 1.233031
1.726896 1.231903
0.198317 0.653143
0.198011 0.654029
0.199254 0.648979
0.536595 0.755898
0.534734 0.752911
0.537182 0.751522
0.536894 0.756276
0.723346 0.807833
0.725042 0.807199
0.723499 0.810677
0.724955 0.810178
0.719041 0.812434
0.725703 0.810432
0.718404 0.812538
1.385339 1.007513
1.385947 1.010481
1.385809 1.013300
1.539830 1.055788
1.533562 1.053771
1.527279 1.052925
1.520998 1.052035
1.546071 1.060211
1.543201 1.057668
1.540342 1.055092
1.534345 1.052629
1.527757 1.052129
1.519274 1.051785
1.521104 1.051848
1.514714 1.051194
1.508429 1.050648
1.547288 1.061522
1.546873 1.058517
2.010111 1.195185
2.010051 1.195198
2.010136 1.195131
2.003803 1.196445
2.141804 1.233042
2.003731 1.196464
2.003832 1.196384
2.166877 1.241198
2.160611 1.238915
2.154341 1.237067
2.148069 1.235320
2.144406 1.233939
2.141966 1.232743
2.136348 1.229005
2.130940 1.224574
1.997852 1.197873
1.997492 1.197997
2.210773 1.253961
2.204493 1.252868
2.198206 1.252350
2.173127 1.244677
2.170371 1.243141
2.167044 1.241677
2.160994 1.239380
2.154989 1.236940
2.149223 1.233702
2.205421 1.251208
2.195797 1.252219
2.198446 1.251995
2.191916 1.252146
2.185638 1.250940
2.179373 1.248607
2.177344 1.247675
2.173416 1.245594
2.167510 1.242827
2.161626 1.239990
2.199724 1.250461
2.192943 1.250604
2.186457 1.249765
2.180153 1.248323
2.174051 1.246214
2.168228 1.243180
0.422102 0.643266
0.403291 0.637705
0.397015 0.636296
0.390736 0.635116
0.384455 0.634220
0.378170 0.633532
0.423737 0.645123
0.422062 0.646617
0.422345 0.643849
0.416606 0.640525
0.410370 0.638854
0.404375 0.636387
0.385831 0.630844
0.375640 0.633296
0.378577 0.632553
0.371886 0.632824
0.534965 0.677091
0.421204 0.647343
0.572566 0.690081
0.531744 0.677362
0.528669 0.677401
0.572783 0.690288
0.522935 0.678037
0.522368 0.678097
0.576977 0.694164
0.824885 0.758331
0.816283 0.761543
0.817322 0.761078
0.824989 0.760694
0.816414 0.764390
0.817279 0.763921
0.815106 0.766928
1.341723 0.919144
1.338416 0.921142
1.337495 0.921813
1.338284 0.918331
1.335193 0.923203
2.094480 1.144015
2.089966 1.143124
2.083686 1.142082
2.080700 1.140613
2.276552 1.200119
2.275537 1.202685
2.272978 1.204901
2.271701 1.205980
0.847908 0.720384
0.846690 0.720886
0.843231 0.714302
0.846399 0.723671
0.988761 0.761516
0.986456 0.758825
0.980984 0.754609
1.055217 0.780709
1.054841 0.780934
1.054929 0.780334
1.048548 0.780923
1.042271 0.779627
1.035994 0.778294
1.029724 0.776432
1.023445 0.775290
0.992100 0.765445
0.991891 0.765108
0.987294 0.758755
1.086158 0.793149
1.079897 0.790515
1.073626 0.788664
1.067348 0.787465
1.061059 0.787165
1.043597 0.775903
1.036633 0.776652
1.030228 0.775546
1.021420 0.775214
1.023579 0.775249
0.993941 0.768474
1.098668 0.799371
1.092418 0.795815
1.090994 0.795156
1.092844 0.794109
1.058901 0.787276
1.099333 0.800066
1.315591 0.858930
1.313860 0.861316
1.312955 0.863946
2.083148 1.089030
2.127046 1.101654
2.089376 1.094397
2.085879 1.090922
2.122285 1.102705
2.120731 1.103556
2.101900 1.099596
2.095633 1.097473
2.090000 1.094755
2.117300 1.104309
2.114426 1.104539
2.108158 1.102525
2.106047 1.101543
2.328229 1.161900
2.327687 1.162181
2.328170 1.160173
2.324356 1.163747
2.321369 1.164265
2.315078 1.164051
2.313827 1.163993
2.316495 1.159591
2.308782 1.164425
1.361618 0.738422
1.361574 0.738515
1.361598 0.738338
1.334704 0.731784
1.337585 0.728540
1.360654 0.740998
1.356814 0.734539
1.344331 0.731246
1.335592 0.734839
1.336851 0.733703
1.359387 0.743547
2.399645 1.050452
2.399269 1.053177
2.399613 1.056112
2.448340 0.960527
2.447438 0.963123
2.447251 0.965932
2.554576 0.843275
2.547227 0.845316
2.523095 0.841023
2.521660 0.841069
2.515369 0.840993
2.509085 0.840298
2.540914 0.848226
2.540450 0.848494
2.508242 0.840191
2.509636 0.838565
2.502798 0.839883
2.496516 0.838939
2.629756 0.872931
2.537901 0.850332
2.541466 0.847487
2.629914 0.875787
2.628931 0.878402
2.582785 0.768773
2.579844 0.769156
2.580611 0.765536
2.575182 0.769714
2.573541 0.769941
2.574003 0.767802
2.667599 0.797711
2.661334 0.795363
2.655063 0.793527
2.656357 0.787952
2.648791 0.791873
2.649503 0.788340
2.642509 0.790981
2.643184 0.786943
2.636979 0.785173
2.630925 0.782898
2.673845 0.801612
2.668973 0.798456
2.639225 0.791153
2.636428 0.789735
2.675174 0.802844
2.586224 0.643840
2.583870 0.645672
2.583397 0.645976
2.707197 0.679280
2.709266 0.683837
2.708840 0.682498
2.709754 0.685583
2.942978 0.742712
2.980470 0.755183
2.973780 0.755024
2.967456 0.753640
2.961444 0.751223
2.955484 0.748630
2.933709 0.749153
2.935685 0.747247
2.974131 0.756561
2.967523 0.756125
2.961385 0.754134
2.955301 0.751963
2.932505 0.751701
2.936034 0.748820
3.056653 0.785073
3.061463 0.782566
3.131392 0.806309
3.137271 0.802085
3.056845 0.787947
3.061481 0.785221
3.131441 0.809129
3.254807 0.844204
3.132835 0.812321
3.336330 0.867718
3.279860 0.854013
3.273590 0.852197
3.267319 0.850357
3.261055 0.847919
3.257127 0.845722
3.255919 0.841409
3.333244 0.867295
3.330048 0.866827
3.330839 0.863883
3.323769 0.865768
3.317489 0.864576
3.311213 0.863261
3.304940 0.861639
3.298669 0.859829
3.292400 0.857848
3.293700 0.852930
3.286130 0.855889
3.282185 0.854714
3.286704 0.853786
3.460147 0.703605
3.459408 0.697795
3.458719 0.706066
3.458456 0.703669
3.459856 0.709206
-0.014678 0.796069
-0.011264 0.790849
-0.016281 0.798492
-0.019058 0.800672
1.363349 1.208762
1.404091 1.221897
1.403515 1.221468
1.404232 1.221149
1.362287 1.211305
1.360159 1.212112
1.360947 1.208214
1.410321 1.227124
1.408652 1.225544
1.410812 1.224370
1.358217 1.213140
1.416543 1.233020
1.413171 1.229491
1.417378 1.227660
1.355070 1.215233
1.354360 1.213187
1.416764 1.233235
1.423787 1.231501
0.198815 0.734148
0.197987 0.734732
0.198439 0.732474
0.196057 0.736305
0.455077 0.810694
0.498965 0.824100
0.499504 0.820468
0.492687 0.822836
0.491567 0.820357
0.492908 0.819994
0.454447 0.811201
0.540358 0.835191
0.544280 0.831120
0.473846 0.819775
0.467574 0.818143
0.461283 0.817991
0.453483 0.813801
0.538399 0.837518
0.536551 0.838282
0.480096 0.823410
0.479656 0.823091
0.534950 0.839522
0.537145 0.837881
1.309124 1.066807
1.353455 1.080542
1.310422 1.069945
1.354304 1.083574
1.311626 1.073091
1.354803 1.086551
1.589973 1.151075
1.589351 1.149925
1.591378 1.153233
1.590959 1.149531
1.596175 1.158626
1.594669 1.156878
1.598420 1.160661
1.891977 1.241367
1.898556 1.238194
1.890935 1.241844
1.898872 1.239846
1.887191 1.243004
1.891571 1.241718
1.884766 1.245253
1.891843 1.243546
1.884601 1.245323
0.287837 0.633126
0.283630 0.634914
0.283533 0.634997
0.443191 0.679843
0.441329 0.675778
0.516860 0.696223
0.441216 0.682181
0.440273 0.683149
0.440560 0.681048
0.565710 0.717958
0.511498 0.702301
0.509245 0.703862
0.566161 0.718583
0.508270 0.704366
0.568319 0.721965
0.792205 0.785530
0.792371 0.788406
1.338123 0.948179
1.337368 0.946510
1.337201 0.950769
1.336997 0.950444
1.337399 0.953669
1.337034 0.953055
2.065806 1.158746
2.058031 1.163316
2.052909 1.163684
2.058988 1.161689
2.051732 1.163861
2.139533 1.188645
2.138222 1.187526
2.047219 1.165109
2.053092 1.161600
2.045420 1.165470
2.145767 1.193543
2.142684 1.191431
2.146549 1.189642
2.041897 1.166662
2.046728 1.163107
2.152002 1.198340
2.148788 1.195764
2.152755 1.194129
2.103328 1.179266
2.097065 1.177693
2.090320 1.177716
2.083550 1.177820
2.265655 1.227357
2.264911 1.228299
2.153838 1.199860
2.159597 1.196524
2.263475 1.229643
2.260640 1.231798
2.258567 1.232641
0.826271 0.697650
0.802791 0.683796
0.857613 0.707737
0.845054 0.705494
0.838797 0.702503
0.832512 0.701960
0.833700 0.695752
0.826243 0.699955
0.824285 0.697586
0.826604 0.696947
0.807438 0.693810
0.806951 0.693315
0.865140 0.705948
0.853871 0.707691
0.858164 0.706742
0.851309 0.708611
0.845173 0.705550
0.845092 0.705396
0.819939 0.700879
0.813678 0.698285
0.812019 0.697405
0.958430 0.734574
0.952658 0.731349
0.946798 0.728423
0.940830 0.725858
0.864963 0.709275
0.858201 0.709350
0.851729 0.708469
0.957969 0.738966
0.957921 0.738979
0.957925 0.738946
0.951618 0.739896
0.952069 0.736009
0.946061 0.733583
0.939932 0.731561
0.933978 0.728956
1.058272 0.766704
1.058907 0.764392
1.051968 0.767669
0.947485 0.739245
0.945338 0.738859
0.945371 0.738616
1.083307 0.778090
1.077031 0.776578
1.051778 0.767711
1.095833 0.782982
1.089572 0.780346
1.085052 0.778733
1.075148 0.776301
1.070749 0.775736
1.071962 0.771223
1.047800 0.769593
1.099363 0.785111
1.235483 0.815454
1.229127 0.814180
1.317049 0.844328
1.316664 0.839517
1.241697 0.819924
1.235071 0.819551
1.228753 0.818159
1.316807 0.847078
1.315863 0.849697
2.093978 1.073875
2.086564 1.076128
2.086564 1.076128
2.086564 1.076128
2.136915 1.091348
2.136723 1.091387
2.130422 1.091989
2.092794 1.081300
2.091580 1.080181
2.093150 1.079331
2.128356 1.092063
2.124123 1.092606
2.117835 1.092229
2.105289 1.088967
2.099029 1.086222
2.095584 1.084012
2.113218 1.091209
2.111559 1.090848
2.110893 1.090639
2.111735 1.090223
2.331102 1.149322
2.338446 1.148380
2.329082 1.149949
2.331517 1.149016
2.327469 1.152382
2.331789 1.150823
2.324762 1.153329
2.332462 1.151337
2.321986 1.153898
2.325254 1.152895
1.170726 0.720526
1.139490 0.712344
1.126826 0.714199
1.132565 0.712966
1.125538 0.714948
1.178862 0.729833
1.176695 0.725780
1.133004 0.714234
1.123293 0.716168
1.125892 0.715471
1.181949 0.733585
1.181735 0.733376
1.314325 0.768845
1.313665 0.769472
1.355953 0.781911
1.311893 0.771056
1.315080 0.766703
1.355595 0.784641
1.310472 0.773564
1.355719 0.787534
2.372689 1.085893
2.368553 1.079524
2.368798 1.087738
2.368443 1.082588
2.369060 1.090639
2.366966 1.092420
2.368377 1.085538
2.365022 1.092517
2.418064 1.004027
2.421859 1.000731
2.420636 1.007969
2.420183 1.007370
2.420812 1.006917
2.422875 1.010885
2.428525 1.006423
2.465175 0.907409
2.504347 0.911818
2.464858 0.907559
2.510727 0.915716
2.504125 0.915262
2.498012 0.913189
2.460731 0.909389
2.458851 0.910077
2.459579 0.906561
2.503993 0.918448
2.553584 0.821779
2.547297 0.821379
2.541009 0.820932
2.626063 0.842096
2.559824 0.826242
2.559556 0.825723
2.548253 0.819484
2.538712 0.820606
2.541205 0.820509
2.534726 0.820175
2.628791 0.847267
2.627430 0.845250
2.630060 0.848754
2.579304 0.716316
2.578005 0.716626
2.573253 0.718298
2.572987 0.718377
2.573203 0.717523
2.729777 0.762338
2.723509 0.760271
2.717236 0.758602
2.689504 0.749727
2.692985 0.747646
2.685869 0.750610
2.679594 0.749063
2.673318 0.747715
2.667038 0.746708
2.736033 0.765315
2.730556 0.762655
2.729840 0.762250
2.723889 0.759625
2.711492 0.757962
2.717758 0.757609
2.710951 0.757991
2.699731 0.750340
2.692852 0.750808
2.686323 0.750115
2.680262 0.747865
2.673797 0.746960
2.660761 0.745504
2.667216 0.746439
2.660760 0.745504
2.738718 0.767499
2.736531 0.765124
2.731112 0.760751
2.704714 0.759157
2.704644 0.759178
2.704671 0.759055
2.874279 0.803704
2.874006 0.804226
2.874792 0.801043
2.872247 0.806010
2.872388 0.808894
2.875178 0.805195
3.356611 0.792166
3.355168 0.792314
3.356860 0.786189
3.418860 0.806817
3.413086 0.803603
3.349699 0.793280
3.348862 0.793430
3.470164 0.825775
3.421798 0.813851
3.418715 0.809997
3.413065 0.806384
3.469977 0.828537
3.421347 0.816586
3.418727 0.812698
3.470167 0.831431
-0.011252 0.790835
-0.011260 0.790843
-0.012519 0.793359
-0.010161 0.789905
1.362168 1.202389
1.361904 1.202574
1.362312 1.200976
1.412059 1.218116
1.410993 1.217232
1.412472 1.216144
1.359384 1.204524
1.418297 1.222712
1.416788 1.221479
1.418741 1.220409
1.356253 1.206605
1.355558 1.207015
1.356023 1.204919
1.432440 1.222403
1.424540 1.226919
1.422937 1.225835
1.424828 1.225298
1.428380 1.230040
1.431286 1.228982
0.198293 0.705129
0.197056 0.712682
0.196848 0.712826
0.196958 0.712275
0.194068 0.714810
0.463117 0.792304
0.561357 0.819326
0.461345 0.794720
0.561330 0.822132
0.560502 0.823139
0.559007 0.824417
0.560845 0.823576
1.313297 1.042852
1.381940 1.065456
1.356852 1.058542
1.355480 1.057198
1.312446 1.046586
1.425831 1.078505
1.419548 1.077721
1.413271 1.076436
1.406996 1.074966
1.400724 1.073278
1.394456 1.071145
1.388194 1.068638
1.385795 1.067474
1.383076 1.062691
1.359180 1.060916
1.312908 1.049766
1.312829 1.049514
1.427410 1.074827
1.420485 1.075446
1.413903 1.074928
1.407551 1.073642
1.401349 1.071858
1.395502 1.068895
1.363048 1.066552
1.361645 1.064357
1.314136 1.052700
1.363872 1.067770
1.576556 1.122101
1.578875 1.126300
1.577110 1.122936
1.582509 1.131957
1.580864 1.129618
1.577820 1.123298
1.583658 1.133161
1.582929 1.131448
1.936893 1.231404
1.940797 1.229477
1.933973 1.233489
1.933680 1.233606
1.929230 1.235157
1.935170 1.231195
1.927363 1.235661
1.923845 1.236700
1.928472 1.233814
0.231863 0.649886
0.225824 0.647550
0.219933 0.644728
0.202153 0.645197
0.199723 0.647253
0.238598 0.652585
0.232355 0.650941
0.199598 0.647399
0.200114 0.646124
0.475650 0.726544
0.482521 0.726209
0.475691 0.726515
0.469971 0.723119
0.464696 0.718249
0.545910 0.742204
0.477148 0.724374
0.542531 0.748760
0.545497 0.746276
0.543426 0.751828
0.545147 0.750177
0.759071 0.806074
0.752168 0.806623
0.745554 0.806211
0.739318 0.804534
0.732066 0.803900
0.732836 0.803679
0.758958 0.809144
0.752293 0.808901
0.745935 0.807635
0.739597 0.806306
0.731584 0.806603
0.732866 0.806282
0.759064 0.811532
0.752401 0.811280
0.746096 0.809843
0.730018 0.809083
1.388514 1.002218
1.388394 1.005023
1.388537 1.007927
1.541492 1.053227
1.535221 1.051449
1.528940 1.050416
1.545502 1.055039
2.025280 1.186892
2.018092 1.190336
2.016259 1.190653
2.018893 1.188402
2.011784 1.191640
2.125368 1.220364
2.125078 1.218969
2.010287 1.192016
2.012471 1.190068
2.005472 1.193299
2.143468 1.230177
2.137208 1.227520
2.130951 1.224560
2.130772 1.224495
2.126183 1.217976
2.004772 1.193526
2.005786 1.192641
2.222281 1.249866
2.225813 1.247929
2.218738 1.250413
2.212448 1.250179
2.155980 1.236311
2.149726 1.233095
2.144994 1.230818
2.143691 1.229689
2.138566 1.224329
2.219519 1.249139
2.212051 1.250150
2.212493 1.250096
2.206151 1.250508
2.162233 1.239624
2.156138 1.236400
2.156002 1.236290
2.150678 1.231592
2.219790 1.250960
2.213162 1.250591
2.201136 1.250306
2.206555 1.250154
2.199861 1.250357
2.193573 1.249997
2.187291 1.249109
2.168487 1.242977
2.165877 1.241655
2.162716 1.239115
2.220194 1.252369
0.574828 0.656395
0.568567 0.653781
0.562297 0.651956
0.556016 0.650993
0.847234 0.735982
0.845936 0.738519
1.077948 0.798823
1.071151 0.799016
1.065015 0.797015
1.088971 0.811352
1.090392 0.804981
1.082702 0.809427
1.083373 0.805914
1.076437 0.807091
1.076628 0.805930
1.070168 0.805171
1.070213 0.804860
1.064246 0.802304
1.095233 0.814044
1.095174 0.814008
1.095244 0.813983
1.314766 0.873346
1.314305 0.873575
1.313318 0.876145
1.312885 0.878890
2.117328 1.115432
2.085975 1.106142
2.085733 1.105849
2.114946 1.115859
2.111025 1.116223
2.104746 1.115061
2.098477 1.113142
2.100169 1.106235
2.092217 1.110382
2.091845 1.110172
2.092383 1.109719
2.317990 1.174171
2.317408 1.174192
2.318185 1.173676
2.311695 1.174373
2.305409 1.173756
2.303904 1.173675
2.305985 1.172115
2.299119 1.173498
2.292827 1.173486
2.291786 1.173544
2.294322 1.168831
2.286533 1.173684
2.402000 1.036070
2.401307 1.038716
2.403033 1.041989
2.454474 0.947078
2.453347 0.949614
2.451697 0.952060
2.491452 0.853276
2.485175 0.852029
2.478894 0.851023
2.513539 0.859712
2.517131 0.858472
2.493046 0.848911
2.486165 0.849387
2.477650 0.850860
2.479129 0.850376
2.472611 0.850270
2.466325 0.849645
2.515039 0.862887
2.516877 0.862005
2.462201 0.849901
2.460028 0.850081
2.618214 0.886266
2.605843 0.888076
2.611167 0.887297
2.512743 0.865169
2.517640 0.862204
2.618367 0.888458
2.604732 0.890619
2.611298 0.889560
2.604260 0.891686
2.618438 0.890968
2.611408 0.891931
2.603194 0.893097
2.604345 0.893007
2.587257 0.792593
2.580971 0.791999
2.587210 0.796517
2.580294 0.792003
2.575785 0.786998
2.618554 0.806518
2.612288 0.804283
2.606019 0.802267
2.599744 0.800787
2.593476 0.798736
2.587295 0.796558
2.587133 0.796518
2.587218 0.796510
2.580914 0.796795
2.576258 0.793847
2.574650 0.794385
2.574768 0.793101
2.569537 0.788103
2.662441 0.819945
2.663644 0.813963
2.656162 0.818859
2.657522 0.811919
2.649892 0.816995
2.651423 0.809794
2.643624 0.814914
2.637353 0.813042
2.631083 0.811205
2.624817 0.808970
2.622986 0.808179
2.668696 0.823201
2.666112 0.821627
2.669061 0.821089
2.614655 0.683122
2.615498 0.678068
2.614149 0.683461
2.703138 0.708203
2.611332 0.685623
2.703782 0.711179
2.915832 0.771865
2.916557 0.774857
2.919104 0.778338
3.036810 0.810109
3.116266 0.833590
3.115231 0.832246
3.116774 0.830854
3.036196 0.812801
3.117486 0.835621
3.273039 0.878956
3.120078 0.839117
3.123317 0.836955
3.304388 0.888614
3.298111 0.887230
3.291839 0.885545
3.285571 0.883500
3.279305 0.881248
3.278332 0.880875
3.279612 0.880097
3.353449 0.799685
3.351853 0.799877
3.347153 0.800005
3.427292 0.821280
3.423620 0.816098
3.342985 0.800540
3.340849 0.801025
3.471483 0.834979
3.426905 0.824005
3.423465 0.819328
3.470673 0.837607
3.426647 0.826804
3.465155 0.734766
3.464655 0.730597
3.465762 0.737724
3.467091 0.740904
-0.005631 0.783339
-0.006779 0.785867
-0.008630 0.788265
1.367117 1.194730
1.371254 1.190945
1.363617 1.195711
1.413792 1.209625
1.412909 1.208823
1.414185 1.207753
1.362542 1.196405
1.420027 1.214363
1.417820 1.212839
1.420592 1.211545
1.358813 1.198324
1.357285 1.199042
1.432522 1.221973
1.433992 1.214514
1.426277 1.217942
1.425713 1.217612
1.426379 1.217419
1.354858 1.200219
1.432876 1.222225
1.440188 1.219056
0.111657 0.754901
0.154651 0.773124
0.148365 0.772554
0.129556 0.766733
0.127614 0.764753
0.124212 0.760654
0.108001 0.759921
0.162414 0.770774
0.155255 0.772174
0.146838 0.772308
0.148431 0.772456
0.142083 0.771662
0.135812 0.769919
0.134211 0.769203
0.129823 0.767116
0.124308 0.763060
0.106290 0.762346
1.465130 1.164560
1.496471 1.174859
1.490213 1.171942
1.464732 1.164557
1.465397 1.163760
1.515260 1.182211
1.508995 1.179943
1.502727 1.177882
1.497899 1.175536
1.497223 1.172663
1.460834 1.166402
1.458798 1.167923
1.574924 1.197337
1.527783 1.187470
1.528750 1.182566
1.521525 1.184547
1.517765 1.183243
1.521783 1.183327
1.458046 1.168554
1.577950 1.202032
1.576791 1.200599
1.578746 1.198281
1.534030 1.191318
1.531019 1.189334
1.534865 1.187352
1.457474 1.171282
1.684587 1.230279
1.678304 1.229510
1.672020 1.228741
1.665738 1.227821
1.640642 1.221654
1.634377 1.219240
1.628115 1.216746
1.621843 1.215027
1.615562 1.214112
1.609275 1.213556
1.584183 1.207065
1.580273 1.204285
1.540264 1.196236
1.537988 1.193899
1.541161 1.191557
1.698699 1.230562
1.692146 1.229945
1.685597 1.229317
1.679008 1.228821
1.672432 1.228279
1.660742 1.226914
1.665888 1.227634
1.659459 1.226686
1.653184 1.225209
1.646911 1.223579
1.645531 1.223172
1.640803 1.221416
1.635055 1.218126
1.603851 1.212928
1.602991 1.212823
1.603213 1.211985
1.596714 1.211600
1.598096 1.206608
1.590443 1.209817
1.589362 1.209371
1.590902 1.208120
1.673550 1.227288
1.667087 1.226373
1.660714 1.225163
1.654453 1.223576
1.648277 1.221714
1.642250 1.219356
0.279628 0.647889
0.272151 0.651574
0.265861 0.651277
0.215674 0.638411
0.273448 0.648737
0.265293 0.651428
0.265986 0.651141
0.453993 0.705410
0.505841 0.713178
0.497886 0.718523
0.451822 0.705818
0.448785 0.701223
0.496694 0.719688
0.498272 0.718631
0.450732 0.708389
0.448898 0.703585
0.554286 0.737913
0.553747 0.736559
0.554509 0.736005
0.493607 0.721777
0.554991 0.739705
0.779519 0.803442
0.780142 0.803217
0.777346 0.805733
0.780593 0.804426
1.381987 0.982790
1.356906 0.975307
1.388252 0.985092
1.382522 0.982977
1.380180 0.982398
1.382068 0.982573
1.375709 0.981446
1.374911 0.981098
1.370757 0.975349
1.364360 0.974212
1.357553 0.974438
1.351830 0.971056
1.394471 0.991176
1.393008 0.988363
1.394606 0.991587
1.394461 0.992059
1.393439 0.994166
2.034067 1.179597
2.032659 1.179731
2.034888 1.177321
2.027759 1.180888
2.125182 1.205356
2.026665 1.181079
2.028316 1.179478
2.021447 1.182501
2.124422 1.207968
2.021150 1.182580
2.021603 1.182129
2.134325 1.215086
2.135870 1.208176
2.128060 1.212717
2.124165 1.210733
2.128973 1.208703
2.241631 1.242475
2.248251 1.240520
2.240970 1.242669
2.140578 1.218347
2.138074 1.217002
2.141320 1.215189
2.237136 1.244191
2.241637 1.242811
2.146482 1.221939
2.234688 1.246441
2.241863 1.244795
2.234631 1.246528
0.569738 0.672986
0.548621 0.666561
0.544649 0.666219
0.538358 0.666103
0.575983 0.676991
0.573806 0.675577
0.535997 0.666281
0.532061 0.666463
0.579425 0.679802
0.840518 0.748462
0.833090 0.751469
0.840967 0.749656
0.833033 0.756290
0.832301 0.753337
0.833348 0.752585
0.833057 0.756368
0.840958 0.752427
0.833029 0.756639
1.335571 0.902663
1.334689 0.902993
1.334820 0.902032
1.328389 0.903642
1.329106 0.898620
1.323440 0.895049
1.334634 0.907672
1.328387 0.903786
1.328302 0.903692
1.323256 0.898382
1.335093 0.908217
1.334731 0.907763
2.112207 1.134618
2.105926 1.133548
2.099646 1.132491
2.083460 1.126332
2.093995 1.131733
2.093364 1.131647
2.087078 1.131079
2.083519 1.129153
2.285906 1.187465
2.288539 1.185335
2.283523 1.189688
2.281441 1.190383
2.278893 1.191392
2.275118 1.192884
0.839151 0.686291
0.836618 0.683344
0.804681 0.677794
0.804593 0.678242
0.918887 0.703793
0.912828 0.701525
0.881713 0.699588
0.887093 0.697463
0.836278 0.688400
0.836012 0.688063
0.804563 0.680857
0.804206 0.680526
0.804887 0.679550
0.931991 0.714789
0.930006 0.715048
0.930240 0.713552
0.924684 0.709614
0.918960 0.706239
0.894016 0.699566
0.882060 0.702498
0.886918 0.700757
0.924962 0.715889
0.923699 0.716235
0.923920 0.714873
0.918605 0.710156
1.061677 0.754712
1.060769 0.754960
1.086710 0.766191
1.080440 0.764324
1.057847 0.757093
1.214985 0.798592
1.212870 0.795611
1.276549 0.810639
1.269540 0.811541
1.258819 0.812203
1.262618 0.812155
1.216177 0.801693
1.213066 0.797658
1.326604 0.826159
1.318751 0.831953
1.312493 0.829135
1.310163 0.827666
1.269709 0.813675
1.260946 0.815540
1.262490 0.815277
1.215434 0.804359
1.212712 0.801569
1.319755 0.832841
1.261317 0.818485
1.262510 0.817942
1.320979 0.835990
2.135278 1.068297
2.129179 1.066162
2.102514 1.067445
2.100358 1.064569
2.103381 1.062311
2.140766 1.077335
2.140146 1.077852
2.140506 1.076012
2.103291 1.068101
2.110200 1.064737
2.137633 1.079382
2.133825 1.080166
2.104783 1.071308
2.110144 1.067655
2.130787 1.080554
2.127526 1.080758
2.355567 1.141517
2.353587 1.143843
2.353303 1.144044
2.349932 1.145791
2.346973 1.147276
2.440447 0.973543
2.443012 0.969772
2.441718 0.979223
2.440880 0.976472
2.442593 0.973881
2.441854 0.979570
2.537637 0.830281
2.531344 0.830213
2.557806 0.837424
2.556411 0.838859
2.528556 0.830223
2.525052 0.830204
2.518763 0.829945
2.629629 0.857938
2.554812 0.839520
2.557442 0.836450
2.630350 0.860932
2.629946 0.863688
2.578724 0.745626
2.576653 0.746219
2.572412 0.747198
2.573885 0.740360
2.680570 0.769252
2.672775 0.773955
2.629703 0.762103
2.628865 0.762353
2.629840 0.758671
2.570731 0.747604
2.686862 0.773429
2.677108 0.776598
2.679376 0.775920
2.624623 0.763693
2.760546 0.801138
2.759082 0.799613
2.755524 0.794304
2.678110 0.779684
2.679219 0.779162
2.835794 0.823258
2.766783 0.805831
2.763277 0.803460
2.760955 0.801358
2.849902 0.821994
2.842849 0.823041
2.833782 0.823641
2.835957 0.823555
2.829488 0.824323
2.773037 0.809032
2.771763 0.808396
2.767188 0.805776
2.836797 0.823487
2.824568 0.824219
2.829776 0.824425
2.823199 0.824062
2.816921 0.822816
2.810648 0.821224
2.587467 0.629185
2.587320 0.629830
2.586751 0.631837
2.587803 0.630283
2.689507 0.659953
2.687813 0.658943
2.682147 0.655371
2.676456 0.651887
2.691668 0.663314
2.687998 0.661041
2.682252 0.657754
2.994895 0.750787
2.991714 0.751295
2.996520 0.746618
2.988584 0.752357
3.084302 0.771136
3.072491 0.774018
3.077387 0.771724
2.986851 0.752940
2.989274 0.751030
3.157914 0.800009
3.096738 0.777301
3.090330 0.776198
3.083809 0.775479
3.073793 0.777151
3.076949 0.775880
3.195536 0.811282
3.189248 0.810795
3.182986 0.808253
3.176725 0.805649
3.174696 0.804826
3.170630 0.803196
3.164446 0.801349
3.156157 0.800254
3.158033 0.800263
3.151607 0.801229
3.109390 0.782769
3.102737 0.782485
3.096369 0.781257
3.090101 0.779697
3.083577 0.778989
3.076335 0.781320
3.076072 0.780566
3.076391 0.780470
3.195975 0.811245
3.189391 0.810728
3.183428 0.808152
3.177396 0.805801
3.171270 0.803772
3.165007 0.802193
3.158577 0.801167
3.150408 0.801672
3.151736 0.801506
3.247048 0.828276
3.245667 0.828778
3.246015 0.826816
3.196799 0.811238
3.190510 0.809750
3.339748 0.854633
3.341081 0.849522
3.333466 0.853728
3.327184 0.852806
3.320905 0.851663
3.314631 0.850155
3.308360 0.848375
3.302088 0.846628
3.295814 0.844994
3.289541 0.843400
3.283266 0.841949
3.276986 0.840924
3.243191 0.830170
3.240318 0.826088
3.274150 0.840634
3.277444 0.839793
3.461264 0.778692
3.516493 0.795115
3.465727 0.784505
3.463646 0.782091
3.534742 0.802418
3.534732 0.802420
3.534736 0.802402
3.528436 0.802747
3.522159 0.801335
3.518985 0.798538
3.466651 0.785682
3.459345 0.688445
3.459627 0.691327
3.462622 0.687108
3.580391 0.725348
3.568439 0.718879
3.562906 0.714860
3.460453 0.694391
3.592895 0.732113
3.586644 0.728677
3.585150 0.727877
3.580799 0.725287
3.574876 0.722575
3.569024 0.719634
3.656586 0.748294
3.662824 0.746543
3.617955 0.741430
3.611689 0.739216
3.605422 0.737107
3.599155 0.734905
3.594390 0.732985
3.593031 0.732147
3.587287 0.728849
3.581349 0.726197
3.655893 0.750945
3.662969 0.748769
3.655584 0.751999
3.619510 0.742015
3.618070 0.741244
-0.001775 0.778208
-0.001338 0.777539
-0.002544 0.780846
-0.000801 0.778465
1.377894 1.190579
1.415512 1.202109
1.372788 1.190045
1.379048 1.187425
1.371610 1.189889
1.365306 1.190764
1.421762 1.205638
1.419878 1.204460
1.422406 1.202811
1.364793 1.190892
1.365477 1.190439
1.434257 1.213235
1.435789 1.205822
1.428009 1.209456
1.427455 1.209142
1.428127 1.208892
1.360973 1.192802
1.358970 1.194496
1.454705 1.212862
1.440499 1.217429
1.435403 1.213934
1.441667 1.211405
1.454065 1.217730
1.442304 1.218491
1.447680 1.216558
0.199721 0.726120
0.200061 0.724382
0.197364 0.727721
0.194485 0.729873
0.458731 0.803376
0.456778 0.804804
0.455888 0.805487
0.457810 0.802237
0.545064 0.830269
0.552424 0.826437
0.544567 0.830542
0.454746 0.808064
0.542981 0.832583
0.545816 0.828723
1.309542 1.058575
1.309434 1.058005
1.354675 1.071961
1.310055 1.060960
1.356319 1.075174
1.311481 1.064146
1.357719 1.078355
1.312860 1.067349
1.358961 1.081529
1.588218 1.143565
1.586357 1.139717
1.591640 1.148067
1.590700 1.146999
1.597866 1.153718
1.594491 1.150781
1.592820 1.146086
1.919102 1.237095
1.912538 1.236511
1.900550 1.237402
1.905885 1.236230
1.912806 1.238328
1.898931 1.239827
1.906030 1.238453
1.898881 1.239865
1.906156 1.240768
1.896113 1.241988
1.899211 1.241456
0.291541 0.627888
0.341715 0.641892
0.335442 0.640253
0.329176 0.638020
0.323297 0.634409
0.317745 0.630451
0.311803 0.627804
0.305657 0.625834
0.298961 0.625689
0.291425 0.627932
0.291576 0.627841
0.288196 0.629984
0.292468 0.627614
0.439777 0.672927
0.436806 0.668410
0.517579 0.694910
0.517274 0.695015
0.436833 0.675056
0.435986 0.673875
0.567431 0.710356
0.567017 0.709904
0.567827 0.708703
0.512586 0.696510
0.510955 0.697239
0.569770 0.713409
0.794235 0.777149
0.794827 0.780106
0.800882 0.776344
0.794853 0.782968
1.334692 0.941256
1.333097 0.943700
1.332918 0.941613
2.067094 1.158302
2.073156 1.156703
2.065993 1.160043
2.098939 1.163281
2.073102 1.159567
2.065207 1.160640
2.066045 1.160627
2.059681 1.161672
2.147495 1.185316
2.141239 1.182281
2.140871 1.182098
2.136427 1.175776
2.124046 1.172129
2.117396 1.171838
2.110864 1.171149
2.104424 1.170159
2.098270 1.168215
2.092686 1.164378
2.079759 1.162552
2.073097 1.162298
2.066491 1.161861
2.057507 1.161580
2.059796 1.161712
2.053389 1.161721
2.153751 1.188358
2.153013 1.187904
2.153945 1.187456
2.117096 1.175552
2.110379 1.175483
2.103538 1.177837
2.103880 1.174689
2.097262 1.176361
2.097526 1.173412
2.090998 1.173943
2.091217 1.171991
2.084732 1.171772
2.084910 1.170558
2.078455 1.170478
2.078758 1.168614
2.072753 1.166183
2.066654 1.164067
2.060102 1.163449
2.049970 1.162598
2.053654 1.162488
2.268784 1.219248
2.159975 1.194184
2.158045 1.191981
2.161508 1.187438
2.116771 1.179380
2.106650 1.179370
2.109894 1.179840
2.268287 1.221932
2.266599 1.223469
2.160905 1.195549
2.265713 1.224133
2.263139 1.226366
0.820550 0.669018
0.823614 0.670327
0.819190 0.669240
0.820652 0.669212
1.071377 0.742468
1.071057 0.742531
1.071598 0.741867
1.067117 0.744405
1.203045 0.782315
1.202626 0.780580
1.198451 0.773609
1.203539 0.783622
1.203139 0.783142
1.322193 0.816888
1.322765 0.813813
1.315917 0.815436
1.316715 0.811520
1.309643 0.813834
1.310608 0.809414
1.303371 0.812195
1.304372 0.807741
1.297098 0.810541
1.204544 0.786727
1.203329 0.785252
1.339484 0.822737
1.341551 0.821262
1.293801 0.811496
1.290791 0.811722
1.336521 0.824842
1.334671 0.825829
2.112453 1.052593
2.112244 1.052736
2.112071 1.052498
2.112472 1.051788
2.131007 1.062308
2.124731 1.060935
2.118457 1.059399
2.137264 1.065288
2.133860 1.063492
2.138565 1.060049
2.118126 1.059624
2.140007 1.067854
2.115142 1.061756
2.365629 1.129037
2.363198 1.131246
2.363009 1.131367
2.358986 1.133052
2.356680 1.134419
1.361036 0.753241
1.327243 0.744909
1.360851 0.756009
1.327637 0.747850
1.361265 0.758969
2.388667 1.062707
2.394087 1.059113
2.388930 1.065597
2.393903 1.062441
2.389543 1.068603
2.393740 1.065722
2.444710 0.965716
2.444153 0.968382
2.444516 0.971309
2.468628 0.891387
2.469132 0.889066
2.532545 0.904988
2.525046 0.909434
2.495986 0.900267
2.493673 0.901861
2.495052 0.895197
2.463946 0.892373
2.462315 0.893040
2.462793 0.890427
2.532649 0.907328
2.524689 0.910151
2.525097 0.910036
2.492842 0.902314
2.459722 0.894180
2.456998 0.890031
2.532754 0.909704
2.524088 0.912840
2.525173 0.912500
2.489459 0.904345
2.619741 0.824394
2.621579 0.826028
2.621376 0.820078
2.625961 0.830418
2.625270 0.829757
2.632200 0.834938
2.630739 0.833959
2.632836 0.832236
2.606404 0.702587
2.603230 0.703235
2.599073 0.703623
2.604328 0.700945
2.596932 0.703749
2.699456 0.731142
2.702271 0.734677
2.886566 0.785689
2.892713 0.783543
2.886143 0.788402
2.892754 0.786112
2.887449 0.791582
2.892358 0.790169
3.030085 0.829488
3.030843 0.825305
3.100045 0.844382
3.089591 0.846965
3.092777 0.846148
3.035830 0.836391
3.031852 0.832750
3.100082 0.846967
3.088294 0.849467
3.092821 0.848703
3.085993 0.851251
3.036414 0.836734
3.036045 0.835873
3.092860 0.851321
3.084859 0.851488
3.086054 0.851542
3.128841 0.755712
3.122573 0.753663
3.116297 0.752318
3.110015 0.751363
3.103727 0.751049
3.135088 0.759524
3.134461 0.758922
3.135747 0.756910
3.111254 0.748750
3.102640 0.751113
3.103925 0.750707
3.348350 0.820052
3.348314 0.820048
3.348319 0.820028
3.342030 0.819329
3.343483 0.813691
3.335733 0.819696
3.442374 0.847577
3.437377 0.840306
3.335572 0.819733
3.329439 0.819863
3.456348 0.852289
3.461843 0.851279
3.454903 0.852363
3.448622 0.851305
3.446064 0.849754
3.442627 0.847947
3.437466 0.842697
3.455801 0.851667
3.448975 0.851957
3.442905 0.849741
3.437617 0.844927
3.464643 0.757953
3.465033 0.758578
3.466301 0.761720
3.462943 0.685080
3.461898 0.682993
3.463483 0.681531
3.557025 0.710805
3.546131 0.700709
3.463426 0.686203
3.470713 0.682620
3.563253 0.716159
3.559819 0.712747
3.557406 0.710738
3.551908 0.706611
3.563704 0.716540
3.563309 0.716236
3.557819 0.712096
3.668199 0.745078
3.670234 0.744306
3.666530 0.747504
3.670559 0.745944
0.002361 0.773153
0.001637 0.775822
1.410962 1.192666
1.385866 1.186509
1.423481 1.198252
1.417222 1.195462
1.414763 1.194318
1.381752 1.186176
1.386614 1.184669
1.379579 1.185955
1.373286 1.186039
1.435987 1.204869
1.429736 1.201418
1.427302 1.200213
1.430606 1.197940
1.381209 1.182947
1.371441 1.186465
1.373714 1.185457
1.366970 1.188075
1.454774 1.212532
1.450208 1.202689
1.442241 1.208202
1.437483 1.205544
1.443224 1.203504
1.366748 1.188171
1.367048 1.187957
1.455266 1.212759
1.462252 1.210176
1.454111 1.212475
1.448488 1.211961
1.446359 1.210572
1.448932 1.209659
1.468594 1.214246
1.461013 1.217035
1.461013 1.217035
1.461013 1.217035
0.200855 0.748447
0.199136 0.749190
0.195148 0.751043
0.194528 0.751305
0.194889 0.749714
0.459595 0.818731
0.521937 0.840900
0.515680 0.839298
0.522177 0.842824
0.515767 0.841733
1.314089 1.082993
1.311534 1.079237
1.345922 1.093647
1.349548 1.089977
1.314644 1.085946
1.311928 1.080633
1.346304 1.096570
1.349270 1.093617
1.316863 1.089710
1.316485 1.089245
1.346455 1.099467
1.349049 1.097094
1.589191 1.164848
1.589677 1.167776
1.536304 1.156736
1.530022 1.155929
1.592739 1.173341
1.590841 1.170900
1.594352 1.166096
1.542562 1.159654
1.540524 1.158552
1.536685 1.156223
1.529711 1.155903
1.530061 1.155845
1.593698 1.174465
1.882519 1.246736
1.868695 1.250198
1.876662 1.246484
1.867762 1.250360
1.868894 1.249912
1.862387 1.251532
1.870083 1.248671
1.861706 1.251698
1.862498 1.251485
1.856181 1.253202
1.863642 1.250432
1.856074 1.253237
0.802904 0.683157
0.840514 0.695247
0.802895 0.683862
0.802718 0.683385
0.804012 0.679727
0.879400 0.700647
0.871868 0.704529
0.840507 0.695877
0.839636 0.695294
0.803844 0.686487
0.804011 0.682450
0.947120 0.726129
0.940831 0.725850
0.935813 0.717433
0.879397 0.703358
0.869217 0.705401
0.872110 0.705181
0.843088 0.698980
0.840856 0.697083
0.940812 0.725850
0.934544 0.725402
0.934964 0.722954
0.929317 0.719327
0.870373 0.708545
0.871972 0.708381
1.059977 0.760484
0.929933 0.726022
0.928481 0.724840
1.059256 0.760661
1.053666 0.762023
1.085010 0.772002
1.078737 0.770356
1.072456 0.769400
1.053484 0.762072
1.053855 0.761488
1.097532 0.777255
1.091275 0.774285
1.090632 0.774052
1.071025 0.769244
1.255901 0.812085
1.249358 0.811432
1.242824 0.810753
1.235517 0.815128
1.236102 0.810699
1.229249 0.813104
1.229781 0.809305
1.223668 0.807221
1.218047 0.803499
1.255566 0.815891
1.248826 0.815899
1.241762 0.819178
1.236111 0.815495
1.242142 0.815715
1.226963 0.813244
1.223273 0.811245
1.217993 0.806403
1.317039 0.838772
1.315748 0.837926
1.317910 0.835364
1.255486 0.818889
1.242468 0.819906
1.248538 0.819584
1.223663 0.815296
1.223021 0.814826
1.318782 0.841502
2.094555 1.070471
2.095026 1.067704
2.141766 1.083666
2.096476 1.072495
2.102349 1.068440
2.138544 1.085674
2.138421 1.085699
2.138542 1.085243
2.132122 1.086253
2.098431 1.075804
2.101769 1.073087
2.129472 1.086280
2.125827 1.086455
2.119541 1.085917
2.100740 1.079526
2.100168 1.079089
2.101049 1.078220
2.352761 1.142897
2.343487 1.144619
2.345783 1.143700
2.353213 1.144084
2.342635 1.147216
2.345975 1.145746
2.339029 1.148957
2.346338 1.147263
2.338768 1.149102
2.339070 1.149021
2.334409 1.150903
1.358490 0.767575
1.320101 0.758113
1.358455 0.770382
1.319454 0.760805
1.358532 0.773262
2.370491 1.070313
2.377922 1.068072
2.370358 1.070355
2.370543 1.070209
2.378114 1.070127
2.370454 1.073356
2.370166 1.073112
2.370530 1.072941
2.376668 1.080097
2.374108 1.076916
2.377475 1.074969
2.377010 1.080493
2.384119 1.078034
2.422401 0.996726
2.422544 0.995763
2.423500 0.999291
2.428582 1.006118
2.425988 1.002737
2.429800 0.999444
2.428723 1.006275
2.498930 0.904733
2.466987 0.899196
2.466904 0.899222
2.466933 0.899080
2.517838 0.911770
2.510767 0.914679
2.509036 0.912369
2.510852 0.912592
2.501164 0.910429
2.498227 0.910937
2.498404 0.909168
2.493423 0.903322
2.462639 0.900950
2.460583 0.901566
2.461383 0.897835
2.510999 0.915680
2.517823 0.914528
2.510722 0.918471
2.496570 0.912136
2.492606 0.908768
2.457701 0.902604
2.510721 0.918478
2.510723 0.918478
2.624271 0.835412
2.555255 0.818388
2.624384 0.835605
2.624416 0.835087
2.556442 0.818910
2.553906 0.818288
2.555499 0.817804
2.626416 0.838945
2.598614 0.706746
2.602201 0.705295
2.595265 0.706759
2.588986 0.705633
2.582699 0.705109
2.596544 0.704409
2.589910 0.704062
2.580764 0.705179
2.583155 0.704119
2.576402 0.705495
2.697091 0.736636
2.701821 0.741807
2.700670 0.740338
2.704329 0.744101
2.884982 0.786853
2.879286 0.792780
2.885085 0.789201
2.879402 0.795653
2.884797 0.792893
3.065544 0.846269
3.085443 0.848132
3.078642 0.848342
3.072089 0.847725
3.060615 0.845900
3.065666 0.846672
3.059249 0.846458
3.052958 0.846267
3.046694 0.843955
3.040435 0.841145
3.039428 0.840679
3.034581 0.837991
3.085686 0.850020
3.078828 0.850420
3.072332 0.849614
3.065830 0.848828
3.059334 0.848023
3.053042 0.846541
3.047049 0.844068
3.041266 0.840899
3.079325 0.851513
2.644353 0.615639
2.631802 0.612786
2.645108 0.616278
2.644500 0.615581
2.638520 0.613055
2.628518 0.612187
2.631860 0.612792
2.625495 0.613979
2.648386 0.619905
2.645079 0.616368
2.638831 0.614738
2.632044 0.614903
2.625491 0.614341
2.625409 0.614264
2.625498 0.614260
3.026821 0.731267
3.020544 0.729944
3.014263 0.729019
3.031479 0.733984
3.027037 0.732050
3.020827 0.730298
3.011043 0.728956
3.014470 0.729029
3.007972 0.728877
3.127132 0.762346
3.120876 0.759290
3.114603 0.757602
3.108324 0.756483
3.102043 0.755455
3.095760 0.754696
3.029778 0.736415
3.026961 0.735040
3.133371 0.766805
3.128619 0.763547
3.091179 0.754346
3.096465 0.753100
3.089474 0.754146
3.247071 0.792783
3.241518 0.788825
3.235126 0.787676
3.226594 0.790502
3.227738 0.789840
3.134839 0.767927
3.246407 0.798193
3.246263 0.798212
3.246297 0.798044
3.239978 0.797545
3.240545 0.794766
3.233693 0.796913
3.234494 0.792479
3.227435 0.794013
3.226949 0.793404
3.227559 0.793132
3.352878 0.828279
3.353911 0.823852
3.346591 0.827745
3.341699 0.827301
3.340307 0.827074
3.340480 0.826388
3.334028 0.825938
3.335604 0.820197
3.327740 0.825602
3.454785 0.852346
3.448477 0.850911
3.324522 0.825937
0.008155 0.765236
0.007531 0.765540
0.008480 0.764591
0.006435 0.768090
0.009304 0.764559
1.412655 1.187479
1.406388 1.185416
1.400113 1.183825
1.393833 1.182785
1.431449 1.194569
1.425187 1.191955
1.418921 1.189754
1.414498 1.188171
1.413137 1.186102
1.407567 1.182209
1.401067 1.181418
1.391993 1.182625
1.394095 1.182194
1.387544 1.182537
1.450230 1.202571
1.443967 1.200174
1.437708 1.197372
1.434461 1.195904
1.381512 1.182882
1.388513 1.181071
1.381247 1.182876
1.374945 1.183642
1.470438 1.202640
1.462754 1.207750
1.463680 1.202703
1.456496 1.204826
1.450697 1.202731
1.456809 1.203146
1.373795 1.183858
1.476916 1.206241
1.469001 1.211588
1.465088 1.209118
1.469468 1.208594
0.196673 0.697626
0.194461 0.699944
0.476185 0.779753
0.475211 0.780319
0.476711 0.778775
0.577483 0.804925
0.508925 0.786402
0.502935 0.783918
0.470358 0.781969
0.469866 0.782040
0.573515 0.810168
0.577731 0.806788
0.690582 0.837591
0.684262 0.836195
0.678362 0.833398
0.573593 0.813032
0.577617 0.809904
0.684297 0.838768
0.678128 0.836877
0.678390 0.838750
1.347751 1.039824
1.323580 1.028354
1.372815 1.048692
1.353990 1.044344
1.348960 1.040627
1.348107 1.039122
1.317923 1.032973
1.316347 1.034849
1.379062 1.052489
1.374281 1.049673
1.354716 1.044854
1.354252 1.043788
1.316102 1.035355
1.317366 1.032010
1.444199 1.069717
1.448951 1.067712
1.441777 1.070297
1.385308 1.056517
1.382013 1.054401
1.360224 1.049258
1.359868 1.048958
1.315721 1.038126
1.438036 1.071017
1.442579 1.069197
1.435473 1.071198
1.429187 1.070665
1.422909 1.069418
1.416632 1.068150
1.410359 1.066543
1.404089 1.064608
1.397821 1.062572
1.391558 1.060078
1.389738 1.059151
1.364827 1.053042
1.568967 1.106093
1.568065 1.102796
1.436931 1.068321
1.430075 1.068714
1.423756 1.067323
1.417281 1.066449
1.570975 1.109392
1.568840 1.102911
1.535769 1.103521
1.573409 1.113166
1.573021 1.112728
1.542027 1.106432
1.536387 1.103734
1.543208 1.101256
1.535444 1.103502
1.530432 1.098935
1.576423 1.116424
1.949666 1.221969
1.948890 1.222202
1.949930 1.221495
1.944030 1.223832
1.943349 1.223991
1.939348 1.225539
1.945006 1.220925
1.937029 1.226314
0.566879 0.658637
0.560608 0.656764
0.573138 0.661410
0.568170 0.659227
0.567520 0.656761
0.555589 0.656132
0.561853 0.653206
0.554325 0.655962
0.548036 0.655662
0.579389 0.664937
0.578969 0.664728
0.846681 0.741917
0.845775 0.744527
1.088467 0.814111
1.314600 0.874227
1.316975 0.883116
1.314228 0.878154
1.315786 0.885653
1.314026 0.881550
2.115620 1.121808
2.085568 1.111891
2.085467 1.107612
2.114646 1.121860
2.109324 1.122165
2.103043 1.121161
2.096768 1.119741
2.090502 1.117512
2.087684 1.115216
2.310644 1.176358
2.303727 1.178068
2.297434 1.178096
2.297266 1.178110
2.297532 1.177824
2.291134 1.178765
2.289429 1.179017
2.284834 1.179355
2.280990 1.179815
0.826167 0.670575
0.814134 0.671240
0.819800 0.669337
0.812596 0.671534
0.894113 0.695617
0.832606 0.678600
0.831636 0.677493
0.826621 0.671767
0.809310 0.672869
0.813551 0.670413
0.912897 0.703434
0.908790 0.700185
0.906715 0.699441
0.900631 0.697259
0.894085 0.697940
0.893635 0.696449
0.894157 0.696382
0.831684 0.681220
0.831353 0.681707
0.831424 0.680925
0.913738 0.704225
0.912930 0.703886
0.906717 0.702140
0.895701 0.699795
0.900603 0.700066
1.069684 0.747631
1.068248 0.747916
1.063369 0.749534
1.063368 0.749623
1.063362 0.749535
1.063378 0.749509
1.207627 0.789074
1.202906 0.781218
1.209490 0.791155
1.207964 0.789505
1.326750 0.825556
1.307931 0.820698
1.301670 0.817997
1.295782 0.813915
1.289511 0.812354
1.278270 0.810918
1.282999 0.811602
1.276584 0.811000
1.210168 0.794155
1.208076 0.791853
1.328397 0.826082
1.333263 0.826427
1.326743 0.826202
1.325332 0.825326
1.320466 0.824843
1.320812 0.823005
1.314196 0.823031
1.310981 0.821789
1.314460 0.821720
1.290243 0.812619
1.283215 0.813581
1.274618 0.812839
1.276774 0.812594
1.270262 0.813400
1.333995 0.826693
1.324829 0.828025
1.326974 0.827631
1.324651 0.830847
2.123063 1.064087
2.135590 1.068989
2.129330 1.066260
2.123065 1.064088
2.123063 1.064087
2.117615 1.059785
2.110495 1.062626
2.108809 1.060572
2.111330 1.058274
2.136673 1.070250
2.136380 1.067313
2.112593 1.064325
2.135924 1.072903
2.135540 1.073154
2.111728 1.066963
2.110431 1.068060
2.132230 1.074866
2.358987 1.136280
2.362841 1.131766
2.356195 1.138421
2.354986 1.139701
2.354155 1.140780
1.330142 0.736739
1.361706 0.747326
1.360914 0.743304
1.331164 0.739809
1.361004 0.749990
1.360384 0.747792
1.332248 0.742937
2.396281 1.055706
2.395422 1.058297
2.395697 1.061202
2.396199 1.064193
2.451220 0.955159
2.449930 0.957677
2.545621 0.825136
2.559773 0.829028
2.559188 0.825214
2.553267 0.822493
2.543260 0.824953
2.546011 0.824218
2.539330 0.824952
2.533040 0.824767
2.558824 0.831604
2.559583 0.826608
2.530553 0.824654
2.533806 0.822703
2.526750 0.824520
2.628778 0.851650
2.627837 0.848832
2.558405 0.834353
2.558092 0.834713
2.630525 0.854916
2.578766 0.737857
2.574139 0.739170
2.680764 0.768371
2.636871 0.755413
2.630572 0.755971
2.573488 0.739372
2.694971 0.766171
2.687007 0.772575
2.681978 0.768914
2.687943 0.767134
2.629908 0.756085
2.631448 0.753326
2.751272 0.783331
2.687709 0.773138
2.686972 0.775524
2.625166 0.757783
2.755965 0.794346
2.754770 0.792472
2.751402 0.785600
2.686868 0.775785
2.686988 0.775747
2.856319 0.821858
2.757121 0.795890
2.756256 0.794590
2.850863 0.821777
2.857272 0.819892
2.850026 0.821821
2.843730 0.822174
2.851445 0.819607
2.841287 0.822274
2.844098 0.821625
2.585664 0.637630
2.585595 0.637709
2.585773 0.637025
2.704750 0.671547
2.693496 0.662462
2.583715 0.640009
2.705644 0.672817
2.704923 0.671978
2.699432 0.667828
2.693664 0.664603
2.707689 0.676157
2.705212 0.673743
2.944891 0.743027
2.943017 0.742957
2.982204 0.755028
2.987650 0.753711
2.980624 0.755367
2.954034 0.748088
2.949528 0.746029
2.940947 0.744867
2.943231 0.744560
3.069636 0.775100
2.976303 0.756402
2.981176 0.755543
2.974316 0.756666
2.950593 0.750091
2.949306 0.749501
2.940016 0.747499
2.943156 0.747549
3.065344 0.781140
3.069251 0.779071
3.176657 0.805569
3.151380 0.799980
3.137935 0.801840
3.144505 0.800432
3.137366 0.803355
3.064597 0.783797
3.069197 0.781981
3.144794 0.802184
3.136767 0.804376
3.137469 0.804132
3.250878 0.835297
3.250443 0.834509
3.338038 0.861238
3.331755 0.860414
3.294107 0.851415
3.287836 0.849650
3.281563 0.847908
3.275291 0.846261
3.269014 0.844943
3.262740 0.843394
3.256485 0.840293
3.254694 0.839052
3.250633 0.836578
3.245090 0.832607
3.326900 0.859652
3.325475 0.859414
3.325703 0.858543
3.319198 0.858135
3.319984 0.855155
3.312922 0.856698
3.313751 0.853475
3.306650 0.854979
3.307052 0.853344
3.300379 0.853168
3.299310 0.852862
3.300428 0.852962
3.269772 0.842888
3.263097 0.842678
3.257019 0.840488
3.250744 0.838952
3.464033 0.789816
3.462008 0.787757
3.534871 0.808528
3.533021 0.809105
3.526730 0.808953
3.520456 0.807415
3.517705 0.804294
3.465884 0.791543
3.461885 0.718997
3.461382 0.716358
3.462540 0.721969
3.461580 0.718404
3.464563 0.725322
0.016130 0.760859
0.061268 0.768318
0.013938 0.761041
0.016694 0.759674
0.086689 0.776113
0.080026 0.775857
0.073531 0.775047
0.067274 0.773447
0.061241 0.771101
0.010905 0.763133
0.017694 0.759079
0.080177 0.778077
0.073562 0.777664
0.067227 0.776330
0.061176 0.774053
1.433148 1.188797
1.426883 1.186523
1.420613 1.184539
1.414344 1.182595
1.408072 1.180883
1.401793 1.179780
1.395502 1.179651
1.484790 1.197016
1.478078 1.196929
1.470758 1.200926
1.471653 1.195887
1.464494 1.198617
1.465346 1.194451
1.458228 1.196393
1.459102 1.192807
1.451947 1.195463
1.445670 1.194078
1.439407 1.191586
1.437022 1.190467
1.434394 1.185345
1.393477 1.179767
1.396018 1.178525
1.389210 1.179599
1.491271 1.200589
1.484649 1.200202
1.476996 1.205626
1.472901 1.202129
1.477582 1.201291
1.509980 1.208322
1.503385 1.207847
1.496997 1.206688
1.490593 1.205577
1.477294 1.206066
1.484096 1.204778
0.198592 0.703363
0.198011 0.704025
0.195419 0.706223
0.470884 0.785328
0.468192 0.785606
0.466033 0.786959
0.469685 0.782455
0.567674 0.814802
0.568869 0.813856
0.567725 0.817643
0.568787 0.816841
1.315229 1.038388
1.314663 1.039359
1.377374 1.057342
1.374854 1.055895
1.358540 1.053664
1.355867 1.051212
1.314140 1.040934
1.438051 1.074284
1.440984 1.071811
1.433798 1.074892
1.389870 1.064912
1.383618 1.061405
1.382309 1.060541
1.360058 1.055064
1.359863 1.050251
1.314593 1.045259
1.314233 1.043806
1.428027 1.074620
1.434845 1.072507
1.427509 1.074596
1.421228 1.073667
1.414948 1.072525
1.408673 1.071062
1.402401 1.069342
1.396132 1.067418
1.391592 1.065658
1.390470 1.063229
1.364757 1.060056
1.363614 1.058789
1.573531 1.116097
1.572335 1.113704
1.575731 1.119456
1.573268 1.113305
1.535735 1.103689
1.577951 1.123195
1.577567 1.122753
1.944671 1.227240
1.941669 1.228172
1.940000 1.228904
1.942929 1.225075
1.935743 1.230703
1.935345 1.230822
0.362235 0.640904
0.355954 0.639973
0.349679 0.638470
0.343406 0.636891
0.337133 0.635286
0.330863 0.633339
0.324595 0.631258
0.318327 0.629213
0.312057 0.627305
0.305785 0.625606
0.299497 0.625188
0.356992 0.637101
0.350972 0.634711
0.344911 0.632467
0.338472 0.631472
0.332377 0.629345
0.438329 0.663682
0.437469 0.664172
0.437666 0.662842
0.432400 0.657940
0.434853 0.665655
0.431864 0.662449
0.569145 0.703449
0.519563 0.689324
0.518970 0.689485
0.570291 0.704637
0.513314 0.690641
0.512663 0.690806
0.573367 0.708241
0.801133 0.773616
0.800709 0.772663
0.801247 0.772423
0.801738 0.775745
1.337121 0.932971
1.334271 0.935085
1.334073 0.935332
1.334311 0.934258
1.332231 0.937438
2.112990 1.158690
2.106225 1.158779
2.099058 1.162555
2.099675 1.158150
2.093366 1.156717
2.087357 1.154285
2.077619 1.154815
2.081112 1.152639
2.133600 1.171423
2.131243 1.167908
2.124118 1.171672
2.124906 1.166569
2.117858 1.168943
2.118297 1.166139
2.111591 1.166851
2.111882 1.165062
2.105326 1.164555
2.103481 1.163996
2.105365 1.164324
2.097037 1.162408
2.092752 1.163639
2.093081 1.160353
2.087263 1.157290
2.080225 1.158691
2.079806 1.158164
2.080332 1.157932
2.155473 1.180778
2.149206 1.178573
2.142928 1.177420
2.136660 1.175347
2.134885 1.174548
2.125282 1.172184
2.130700 1.172411
2.124106 1.172696
2.091343 1.163837
2.086468 1.162868
2.084864 1.162245
2.086565 1.162327
2.161696 1.186669
2.158408 1.183166
2.156833 1.177856
2.138128 1.172842
2.131024 1.174058
2.122985 1.174462
2.124185 1.174391
2.271169 1.213755
2.161822 1.186857
2.161790 1.186505
2.123717 1.177514
2.124106 1.177407
2.270638 1.216442
2.268292 1.218301
2.267773 1.218587
2.269612 1.214321
1.084592 0.730904
1.088385 0.728146
1.081052 0.732358
1.080111 0.732632
1.081484 0.731408
1.194226 0.763545
1.194033 0.763189
1.306817 0.796691
1.195362 0.766648
1.194418 0.764615
1.306039 0.796724
1.300513 0.797604
1.301836 0.791050
1.349015 0.810124
1.299444 0.797920
1.347897 0.812674
2.115644 1.041081
2.128171 1.045961
2.121911 1.043215
2.117259 1.041616
2.114779 1.041005
2.116240 1.039230
2.109343 1.041834
2.134411 1.050383
2.131761 1.048013
2.129188 1.043703
2.108971 1.042412
2.135210 1.051714
2.134570 1.050945
2.375725 1.116566
2.372723 1.117933
2.371681 1.118372
2.367598 1.120204
2.366399 1.120587
2.404670 1.021767
2.404807 1.024614
2.410863 1.020306
2.409195 1.029449
2.407471 1.028115
2.409673 1.026991
2.466139 0.913949
2.463453 0.915055
2.464998 0.908219
2.462177 0.915799
2.458312 0.917715
2.467492 0.869202
2.466981 0.869269
2.461192 0.869840
2.556463 0.889958
2.499319 0.880050
2.498813 0.881065
2.459333 0.870212
2.454884 0.871139
2.550700 0.895523
2.556519 0.892456
2.498028 0.882569
2.499775 0.879503
2.550032 0.898197
2.556673 0.894674
2.548927 0.900138
2.579336 0.776804
2.578120 0.776920
2.578430 0.775490
2.571821 0.777503
2.570884 0.777566
2.672146 0.807289
2.665890 0.804202
2.666783 0.800809
2.659620 0.802366
2.659826 0.801539
2.653340 0.801320
2.653926 0.798754
2.647056 0.800552
2.647968 0.796161
2.640770 0.800073
2.642132 0.793165
2.673865 0.808566
2.589500 0.659611
2.587251 0.657234
2.599237 0.666518
2.592977 0.663781
2.590849 0.662768
2.586953 0.660942
2.581640 0.656212
2.705865 0.695520
2.705418 0.693803
2.706240 0.696821
2.706928 0.699852
2.925338 0.759817
2.925288 0.764051
2.924061 0.761740
2.926014 0.759710
2.925936 0.765051
3.044430 0.798976
3.043910 0.796895
3.044644 0.796392
3.124050 0.819459
3.127343 0.815404
3.044648 0.799912
3.125943 0.823364
3.125586 0.822651
3.126321 0.821506
3.263921 0.861798
3.257659 0.859302
3.127081 0.825872
3.320354 0.878558
3.295252 0.872866
3.288984 0.870781
3.282718 0.868605
3.276451 0.866365
3.270186 0.864086
3.268303 0.863439
3.271240 0.860399
3.314318 0.877589
3.314073 0.877549
3.314124 0.877362
3.307796 0.876252
3.308454 0.873804
3.301522 0.874673
3.295855 0.873041
3.302095 0.872542
3.356873 0.786145
3.401898 0.793290
3.396193 0.789846
3.356863 0.786148
3.356882 0.786119
3.469749 0.818871
3.410912 0.802279
3.407722 0.799024
3.352015 0.787794
3.350552 0.788576
3.469879 0.819623
3.469875 0.819140
3.413250 0.807643
3.410354 0.804976
3.407556 0.802298
3.469773 0.822424
3.469834 0.821984
3.465196 0.731006
3.464313 0.728476
3.465366 0.731567
3.465315 0.731104
0.134984 0.769669
0.129267 0.766265
0.104456 0.765123
0.102750 0.767194
0.141888 0.771810
0.135707 0.769957
0.102483 0.767463
0.102975 0.766770
1.494772 1.180590
1.463408 1.172257
1.465004 1.165077
1.501016 1.184556
1.495702 1.181077
1.461867 1.172731
1.519805 1.192044
1.513549 1.189042
1.514745 1.184326
1.507279 1.187169
1.503839 1.185885
1.507840 1.184878
1.459220 1.174901
1.458461 1.169825
1.638986 1.223736
1.626444 1.220136
1.620159 1.219469
1.573253 1.205804
1.526058 1.195356
1.521711 1.193107
1.526939 1.191299
1.457339 1.177292
1.457054 1.177409
1.457472 1.175846
1.684464 1.230408
1.677874 1.229912
1.671267 1.229476
1.664689 1.228942
1.658190 1.228146
1.651839 1.226852
1.645585 1.225235
1.639448 1.223229
1.633484 1.220648
1.627551 1.217969
1.616764 1.219336
1.621053 1.217165
1.613868 1.219343
1.607577 1.219225
1.576226 1.209810
1.575573 1.209192
1.576638 1.208005
1.532297 1.199948
1.530090 1.198011
1.532995 1.196294
1.659423 1.226724
1.653117 1.225284
1.646881 1.223616
1.603404 1.218874
1.601289 1.218810
1.595007 1.217988
1.588734 1.216318
1.582470 1.213879
1.582056 1.213629
1.582656 1.213120
1.534832 1.202044
0.197521 0.688942
0.196872 0.684729
0.195928 0.691385
0.195701 0.691577
0.195846 0.690862
0.502977 0.780533
0.496718 0.777765
0.490444 0.776220
0.484161 0.775335
0.509243 0.782725
0.509283 0.782503
0.502937 0.783859
0.503140 0.780516
0.497142 0.778054
0.490852 0.776565
0.481651 0.775836
0.484482 0.775339
0.477858 0.776228
0.580092 0.802903
0.585933 0.799216
0.511740 0.786077
0.516771 0.782727
0.509196 0.786664
0.502936 0.783920
0.502918 0.783910
0.497267 0.780371
0.491266 0.777926
0.475950 0.777296
0.678556 0.831898
0.579416 0.805555
0.585889 0.802074
0.695175 0.836890
0.698017 0.835268
0.691066 0.838279
0.676610 0.832309
0.672903 0.829137
0.667490 0.824725
0.579570 0.808454
0.690151 0.838463
0.691307 0.837864
0.684756 0.839666
0.673894 0.834466
0.672486 0.833237
0.667113 0.828702
0.681845 0.839281
0.684961 0.839304
0.677066 0.838110
1.368268 1.039105
1.343180 1.032255
1.336927 1.028880
1.327441 1.026439
1.331140 1.025614
1.324372 1.026394
1.374508 1.043534
1.368641 1.039399
1.349427 1.036079
1.345194 1.033618
1.343679 1.031423
1.338535 1.026118
1.320572 1.027555
1.380756 1.047308
1.374788 1.043726
1.355668 1.040369
1.352866 1.038333
1.350537 1.033739
1.318278 1.029836
1.318032 1.030396
1.463981 1.062542
1.452902 1.065784
1.456618 1.064623
1.449732 1.067554
1.387000 1.051336
1.382567 1.048478
1.361907 1.044870
1.359131 1.042727
1.357276 1.036489
1.557796 1.089422
1.457215 1.065347
1.449122 1.067681
1.449809 1.067564
1.443437 1.067758
1.393254 1.054587
1.390358 1.053258
1.566867 1.099492
1.563659 1.095021
1.557731 1.092325
1.438402 1.067914
1.444154 1.066718
1.568870 1.102883
1.568758 1.102778
1.543745 1.099128
1.537485 1.096448
1.531201 1.095657
1.575095 1.108618
1.573016 1.106673
1.544742 1.099739
1.544335 1.097526
1.962796 1.216750
1.964231 1.216067
1.957641 1.217590
1.956140 1.217915
1.958025 1.216978
1.951332 1.218967
1.950232 1.219298
1.951624 1.218574
1.945058 1.220897
1.945018 1.220906
0.847746 0.727217
0.847201 0.723504
0.846498 0.729742
0.846542 0.728414
0.991629 0.764041
1.053132 0.787550
1.046857 0.785989
1.040590 0.783874
1.028708 0.777894
1.022673 0.775547
1.016345 0.774183
1.010038 0.772744
1.003810 0.771049
0.997679 0.769024
0.992077 0.765245
1.078182 0.797511
1.071921 0.794911
1.065642 0.793766
1.016871 0.775146
1.010335 0.774477
1.004016 0.773086
0.997945 0.770871
1.090697 0.803477
1.084438 0.800637
1.079855 0.798478
1.085449 0.796287
1.060955 0.793832
1.059339 0.794631
1.060315 0.790246
1.096956 0.806239
1.093357 0.804645
1.097948 0.802269
1.316476 0.866618
1.315144 0.867702
1.313094 0.870029
2.084931 1.096771
2.120803 1.108417
2.119033 1.109106
2.100191 1.106137
2.093931 1.103399
2.087673 1.100494
2.087318 1.100163
2.088695 1.096860
2.115568 1.109943
2.112727 1.110303
2.106452 1.108828
2.100284 1.106185
2.322331 1.169324
2.319671 1.169880
2.313381 1.169697
2.311448 1.169467
2.307094 1.169202
2.300809 1.168645
2.294746 1.168224
2.294521 1.168218
1.324232 0.750244
1.326164 0.746828
1.359735 0.761803
1.323864 0.752976
1.326010 0.750056
1.360102 0.764731
2.380923 1.066878
2.385704 1.064592
2.379813 1.069417
2.385746 1.067154
2.384654 1.074767
2.382197 1.072849
2.385318 1.071306
2.432314 0.986500
2.433440 0.989606
2.436271 0.993164
2.505700 0.850642
2.499418 0.849732
2.532098 0.853499
2.524121 0.856238
2.524576 0.856116
2.493723 0.848746
2.500418 0.846804
2.493139 0.848655
2.486859 0.847495
2.480581 0.846303
2.474301 0.845310
2.468018 0.844474
2.523215 0.858834
2.524801 0.858062
2.464526 0.844428
2.620357 0.885576
2.626246 0.881959
2.519907 0.860881
2.619283 0.888136
2.618753 0.890869
2.618484 0.891091
2.594572 0.708268
2.587793 0.708403
2.581008 0.710129
2.577892 0.710530
2.574700 0.711430
2.693882 0.743056
2.694706 0.739228
2.700107 0.748662
2.696171 0.745296
2.725170 0.757717
2.718900 0.755880
2.706361 0.751994
2.702135 0.749606
2.875722 0.797168
2.875128 0.797830
2.876075 0.796761
2.875661 0.802244
2.875207 0.800676
2.875969 0.799826
3.059198 0.845770
3.052651 0.845133
3.046366 0.843621
3.040384 0.841105
2.625446 0.611713
2.618695 0.611758
2.606646 0.612873
2.611816 0.612224
2.653456 0.627220
2.650035 0.622285
2.618476 0.615203
2.611237 0.617473
2.610777 0.616722
2.611311 0.616616
2.653756 0.630133
3.006295 0.732689
3.056456 0.747759
3.050305 0.744330
3.044512 0.741175
3.038733 0.737975
3.033011 0.734591
3.004301 0.733361
3.007415 0.730079
3.119155 0.766793
3.112900 0.763679
3.106630 0.761786
3.100351 0.760594
3.094072 0.759497
3.087794 0.758265
3.081516 0.757046
3.075239 0.755763
3.068973 0.753474
3.062714 0.750657
3.062197 0.750439
3.056674 0.748247
3.050617 0.745982
3.044691 0.743284
3.038794 0.740492
3.032885 0.737737
3.000544 0.735291
2.999969 0.735526
3.125413 0.769696
3.120362 0.767584
3.126542 0.765107
3.089223 0.754771
3.082264 0.755500
3.075648 0.755097
3.069579 0.752876
3.063476 0.750770
3.057090 0.749602
3.050778 0.748187
3.219494 0.795562
3.130579 0.772931
3.132411 0.770718
3.249175 0.804952
3.244533 0.806570
3.217710 0.797197
3.219908 0.796169
3.351160 0.835537
3.244359 0.806587
3.238232 0.807194
3.239083 0.802345
3.233272 0.799268
3.226944 0.797909
3.219417 0.802011
3.218186 0.800157
3.219695 0.799599
3.350100 0.835446
3.344877 0.834739
3.345876 0.830856
3.338597 0.833706
3.332319 0.832498
3.326034 0.831798
3.324287 0.831924
3.319743 0.831734
3.463197 0.764207
3.464547 0.767350
3.466689 0.770730
0.055467 0.765045
0.024098 0.757050
0.055639 0.765244
0.055477 0.765158
0.050041 0.760818
0.022867 0.757170
0.024519 0.756054
0.087534 0.775914
0.093948 0.774376
0.086793 0.776494
0.055854 0.768119
0.055409 0.769862
0.055456 0.767933
0.049817 0.764281
0.018163 0.758868
0.017780 0.759280
0.083778 0.777832
0.087041 0.777664
1.467923 1.180490
1.485042 1.195286
1.485598 1.191633
1.478786 1.192234
1.478871 1.191598
1.472510 1.190855
1.472655 1.189859
1.466229 1.189843
1.466700 1.187246
1.459944 1.189178
1.428569 1.181876
1.422300 1.179918
1.416027 1.178276
1.409750 1.176934
1.403468 1.176057
1.504934 1.197252
1.498280 1.196972
1.491271 1.200577
1.487558 1.196837
1.491544 1.196962
1.454639 1.188738
1.453658 1.188685
1.447368 1.188508
1.441094 1.186975
1.434834 1.184162
1.432439 1.183281
1.429147 1.180395
1.423222 1.177692
1.416984 1.176037
1.410507 1.175168
1.402836 1.176015
1.403587 1.175769
1.397183 1.175475
1.599605 1.221275
1.593049 1.220668
1.586676 1.219452
1.580589 1.217279
1.517494 1.203011
1.510064 1.207721
1.510628 1.203438
1.503807 1.204720
1.504042 1.202932
1.497539 1.202685
1.491305 1.200594
1.497658 1.201755
1.448410 1.186299
1.442058 1.185021
1.523496 1.208194
1.516323 1.210549
1.511319 1.208366
1.516569 1.208817
0.280140 0.646076
0.279890 0.646127
0.274690 0.647680
0.273825 0.647970
0.450259 0.696550
0.449433 0.696934
0.449593 0.695836
0.505952 0.713087
0.505872 0.713161
0.447889 0.698783
0.444617 0.692686
0.557922 0.728705
0.503379 0.715267
0.559311 0.731860
0.563710 0.727816
0.561010 0.735135
0.562732 0.733807
0.789565 0.791588
0.786076 0.798983
0.785081 0.801579
1.347143 0.965367
1.346238 0.964553
1.389931 0.980987
1.383669 0.978436
1.377401 0.976348
1.371132 0.974390
1.364854 0.973103
1.358569 0.972485
1.352301 0.970472
1.350050 0.968893
1.346564 0.966158
1.396174 0.985234
1.391623 0.981952
1.390909 0.978262
1.372664 0.971720
1.365878 0.971877
1.359028 0.972249
1.352751 0.970717
1.347037 0.967321
1.396975 0.986116
2.042881 1.173374
2.042062 1.173587
2.037170 1.174768
2.035750 1.175195
2.127397 1.199817
2.130951 1.196709
2.031514 1.176212
2.029438 1.176855
2.136049 1.207260
2.137432 1.200265
2.129792 1.204222
2.128012 1.202781
2.130205 1.201888
2.026058 1.177741
2.253326 1.236481
2.255761 1.235265
2.142297 1.211037
2.136725 1.207761
2.143544 1.205068
2.086922 1.191731
2.252609 1.239105
2.255938 1.237360
2.248921 1.240320
2.144229 1.212465
2.150172 1.208184
2.247869 1.240769
2.249277 1.239816
2.246394 1.243266
2.249813 1.240780
0.398688 0.632735
0.392416 0.631033
0.399904 0.633202
0.398814 0.632477
0.389153 0.630565
0.392718 0.630349
0.536662 0.671552
0.574275 0.683524
0.570602 0.680864
0.533683 0.671769
0.530365 0.671891
0.575957 0.685005
0.825840 0.757819
0.825340 0.760525
0.833025 0.756384
0.825053 0.761093
1.339532 0.912524
1.339232 0.913004
1.339398 0.911921
1.333986 0.907506
1.328375 0.903760
1.337348 0.914820
2.097945 1.138412
2.095738 1.138240
2.091660 1.137742
2.085378 1.136880
2.081376 1.134699
2.279766 1.194021
2.279356 1.194733
2.280078 1.193763
2.277276 1.197051
2.273678 1.199026
2.273413 1.199147
2.273798 1.197693
1.110131 0.720358
1.103303 0.722970
1.110948 0.720338
1.102518 0.723177
1.103448 0.722869
1.097005 0.723419
1.187512 0.746928
1.185812 0.742991
1.188929 0.750105
1.305886 0.781725
1.303952 0.782787
1.353265 0.796210
1.302288 0.783657
1.305139 0.780070
1.352915 0.798945
1.353710 0.802004
2.112736 1.030864
2.106459 1.029526
2.119000 1.033205
2.116360 1.032130
2.112890 1.030717
2.376155 1.103686
2.377104 1.098629
2.374314 1.104058
2.370643 1.105990
2.369830 1.106394
2.370193 1.104613
2.366392 1.107814
2.402327 1.030073
2.403126 1.033102
2.407471 1.037325
2.406985 1.036912
2.407682 1.036342
2.461438 0.927752
2.460030 0.928539
2.458641 0.929892
2.455777 0.932056
2.497130 0.885541
2.465774 0.876576
2.467284 0.870082
2.497129 0.885587
2.497129 0.885588
2.462620 0.877084
2.459470 0.877491
2.460445 0.873116
2.543032 0.899709
2.548534 0.896609
2.495858 0.888093
2.455971 0.878297
2.454186 0.874269
2.542587 0.902424
2.548663 0.898892
2.492717 0.890182
2.541638 0.905052
2.604348 0.805616
2.593117 0.796599
2.586868 0.794964
2.580863 0.792522
2.616861 0.811662
2.610601 0.808910
2.606457 0.807337
2.604729 0.805501
2.598802 0.802799
2.593201 0.799018
2.580694 0.795796
2.635643 0.819732
2.629376 0.817594
2.623117 0.814771
2.621631 0.813900
2.662029 0.822060
2.655919 0.819978
2.649293 0.819605
2.641904 0.822358
2.639660 0.821184
2.642254 0.820601
2.616122 0.690021
2.612925 0.691416
2.614416 0.684361
2.612001 0.691834
2.702143 0.716842
2.703186 0.719940
2.915587 0.771998
2.915398 0.775317
2.907618 0.780131
2.906431 0.778431
2.907889 0.777881
2.909075 0.781924
2.914708 0.780339
3.034683 0.815660
3.108945 0.836779
3.033641 0.818226
3.032993 0.820184
3.109743 0.839781
3.115821 0.836727
3.111614 0.843086
3.115159 0.841659
3.296409 0.893248
3.290134 0.891773
3.283863 0.889910
3.277597 0.887730
3.136797 0.753055
3.130536 0.750290
3.124263 0.748720
3.117980 0.747904
3.137702 0.753666
3.137973 0.749529
3.350031 0.812859
3.343740 0.812701
3.343310 0.812735
3.337439 0.813391
3.436030 0.838397
3.432998 0.832439
3.335886 0.813761
3.466214 0.848643
3.462849 0.850430
3.436312 0.841281
3.432924 0.835397
3.462302 0.850513
3.462994 0.850156
3.437161 0.844343
3.466337 0.752742
3.463986 0.749440
3.466397 0.752842
3.466456 0.752427
3.467904 0.756065
3.491479 0.676338
3.485199 0.675304
3.485630 0.672408
3.478924 0.673816
3.474336 0.671098
3.479349 0.670879
3.535353 0.690984
3.533530 0.688499
3.529739 0.685288
3.524094 0.681643
3.518022 0.679425
3.511695 0.678058
3.505188 0.677287
3.493741 0.678692
3.498454 0.677274
3.491440 0.679616
3.536066 0.691939
3.535459 0.691377
3.530196 0.686477
3.524467 0.683129
3.518095 0.681917
3.511444 0.681625
3.504892 0.681006
3.498525 0.679776
3.488269 0.680205
3.537475 0.695146
3.687446 0.734862
3.692962 0.733243
3.685826 0.736923
3.693183 0.735214
3.685609 0.737229
3.685863 0.737146
0.044619 0.756084
0.038359 0.753405
0.032082 0.752009
0.098890 0.769833
0.101938 0.767515
0.045493 0.756671
0.044755 0.755987
0.039120 0.752320
0.028568 0.752509
0.032710 0.751227
0.025765 0.754137
0.097442 0.772285
0.094741 0.774338
0.045834 0.759609
0.044886 0.758288
0.094585 0.774437
0.094808 0.774255
1.467975 1.180231
1.494491 1.181772
1.467624 1.180232
1.462985 1.174484
1.505564 1.194141
1.499296 1.192083
1.500602 1.186547
1.493035 1.189444
1.492407 1.189144
1.493165 1.188873
1.462179 1.181696
1.461664 1.181808
1.461833 1.181015
1.605922 1.221289
1.575469 1.212433
1.574795 1.211451
1.518080 1.199994
1.519342 1.194152
1.511822 1.196997
1.510440 1.196401
1.512010 1.196130
1.455910 1.182992
1.455354 1.183142
1.430249 1.177790
1.423977 1.175998
1.417704 1.174437
1.613550 1.219714
1.600050 1.221294
1.606576 1.220499
1.599628 1.221303
1.593339 1.221075
1.587058 1.220085
1.580795 1.217645
1.578270 1.215926
1.575784 1.210844
1.524326 1.203859
1.520918 1.201814
1.525019 1.200401
1.451443 1.184766
1.601085 1.219053
1.594262 1.219335
1.587701 1.218745
1.582285 1.214352
1.530560 1.208793
1.527926 1.206394
1.531490 1.204033
0.196487 0.682617
0.510971 0.774540
0.510020 0.773940
0.511284 0.773149
0.517190 0.780780
0.513795 0.777679
0.518178 0.775322
0.587118 0.798556
0.593640 0.795990
0.518166 0.781603
0.524570 0.779212
0.705353 0.832351
0.669507 0.821678
0.667711 0.822704
0.667921 0.820598
0.662095 0.817554
0.656311 0.814374
0.587262 0.801425
0.593519 0.799112
0.702759 0.832677
0.699048 0.833315
0.665404 0.823477
0.661738 0.821443
0.656052 0.817948
0.696416 0.833943
0.692734 0.835116
0.663023 0.825747
0.661619 0.824581
1.369971 1.033106
1.332334 1.023062
1.326055 1.021969
1.376205 1.037999
1.370762 1.033844
1.344849 1.029018
1.338593 1.026000
1.338144 1.025813
1.333446 1.020633
1.323544 1.022222
1.478276 1.057128
1.467447 1.060492
1.470804 1.059577
1.382450 1.041961
1.376227 1.038016
1.351100 1.032482
1.348892 1.031300
1.345765 1.027218
1.320084 1.024233
1.320506 1.021601
1.464191 1.062491
1.471523 1.059866
1.464008 1.062553
1.383520 1.042663
1.556226 1.087987
1.552595 1.084294
1.459823 1.064254
1.464828 1.062444
1.457689 1.064798
1.564297 1.095464
1.558032 1.093135
1.556163 1.090782
1.552736 1.086527
1.570562 1.097724
1.565445 1.095904
1.564343 1.095463
1.558260 1.093288
1.576798 1.102478
1.574799 1.101065
1.971915 1.212774
1.979626 1.209667
1.971605 1.212840
1.971986 1.212677
1.965609 1.213911
1.973298 1.211003
1.965016 1.214031
1.965738 1.213736
1.959299 1.215428
1.966783 1.212995
1.959218 1.215452
1.959316 1.215410
0.376487 0.637878
0.370204 0.637142
0.363920 0.636428
0.427694 0.648474
0.371275 0.634420
0.363281 0.636314
0.363973 0.636293
0.357641 0.635312
0.351368 0.633574
0.345095 0.631935
0.338820 0.630508
0.332547 0.628908
0.429572 0.655454
0.427174 0.652909
0.421945 0.647902
0.529589 0.682911
0.526973 0.682914
0.570856 0.696700
0.569514 0.695558
0.572287 0.691154
0.521151 0.683651
0.520670 0.683737
0.573583 0.699383
0.807541 0.768273
0.809525 0.767295
0.807782 0.771177
0.809549 0.769944
1.338617 0.927260
1.335786 0.928390
1.334024 0.928965
2.125867 1.161856
2.126561 1.158371
2.119605 1.159332
2.117796 1.158646
2.119749 1.158623
2.150889 1.174270
2.144612 1.172991
2.273698 1.205499
2.157146 1.177217
2.155296 1.176343
2.151494 1.173210
2.139954 1.172576
2.145232 1.171631
2.138320 1.172861
2.273484 1.208250
2.160597 1.180511
2.271797 1.210666
2.270121 1.213116
2.269984 1.213191
2.270139 1.212574
1.080729 0.736034
1.079366 0.736886
1.075658 0.737596
1.073050 0.738924
1.071719 0.739491
1.198484 0.773872
1.198381 0.773455
1.317649 0.807016
1.311369 0.805919
1.305089 0.804820
1.306688 0.797338
1.199396 0.776547
1.198737 0.775383
1.345536 0.815349
1.302578 0.804756
1.298789 0.805473
1.300024 0.799785
1.344333 0.817861
1.342671 0.819428
1.296839 0.806189
1.341596 0.820039
1.343239 0.818384
2.115286 1.042405
2.138975 1.058506
2.132721 1.055378
2.126455 1.053140
2.126794 1.051660
2.120184 1.051338
2.120227 1.051089
2.114153 1.048879
2.109226 1.042860
2.139453 1.058807
2.139047 1.058447
2.114345 1.052642
2.113871 1.053057
2.113947 1.052295
2.108985 1.046412
2.142219 1.062352
2.371039 1.122502
2.369334 1.123868
2.365265 1.125690
2.364704 1.126015
2.361291 1.127568
2.436595 0.978674
2.436986 0.981580
2.439990 0.987474
2.437857 0.984637
2.441628 0.979822
2.495411 0.892904
2.466320 0.884069
2.464050 0.884397
2.464742 0.881240
2.535212 0.903862
2.540476 0.901008
2.494820 0.893904
2.459650 0.885253
2.457739 0.885915
2.458280 0.883034
2.534621 0.906527
2.540555 0.903444
2.491418 0.895910
2.533908 0.909201
2.540764 0.905490
2.615180 0.815868
2.614361 0.815368
2.610158 0.809861
2.621424 0.819948
2.621388 0.819905
2.633921 0.827431
2.634922 0.822568
2.627663 0.824402
2.627418 0.824228
2.627744 0.824030
2.611220 0.697581
2.611009 0.697650
2.700075 0.722409
2.606373 0.699369
2.701598 0.725604
2.896292 0.782008
2.900338 0.780584
2.907371 0.782324
2.896399 0.784864
2.900222 0.783687
3.031321 0.823510
3.031308 0.824635
3.031157 0.823679
3.031602 0.822778
3.101466 0.843814
3.107909 0.840630
3.031660 0.826650
3.032206 0.823508
3.101232 0.846589
3.107612 0.844343
3.132224 0.745584
3.354227 0.806540
3.351739 0.806413
3.352778 0.802480
3.345444 0.806482
3.428282 0.823017
3.343350 0.806681
3.339143 0.807288
3.471217 0.840997
3.470877 0.841669
3.471435 0.839084
3.432205 0.831376
3.428190 0.826016
3.469593 0.843404
3.431997 0.834162
3.428151 0.828881
3.467568 0.845756
3.465234 0.743666
3.468017 0.748601
3.466977 0.746925
3.524489 0.683369
3.707827 0.728615
3.698257 0.731448
3.700471 0.730678
3.707601 0.732090
3.698045 0.734227
3.700402 0.733619
0.191145 0.761559
0.189900 0.761876
0.191904 0.759628
0.184840 0.762531
0.181849 0.762742
0.185708 0.760558
1.333255 1.099361
1.327108 1.097391
1.333320 1.101838
1.327362 1.099243
1.340228 1.103998
1.333467 1.104075
1.532953 1.164238
1.526685 1.162198
1.520387 1.162579
1.583704 1.178456
1.539202 1.167839
1.538327 1.167273
1.519583 1.162660
1.520643 1.161992
1.514095 1.162529
1.507821 1.160986
1.501542 1.159847
1.589335 1.185255
1.585416 1.181690
1.545438 1.172545
1.544649 1.171663
1.496489 1.159842
1.495251 1.159820
1.589707 1.185583
1.548669 1.175512
1.777491 1.237273
1.593848 1.189464
1.784938 1.235088
1.776851 1.237297
1.777613 1.237045
1.771191 1.237976
1.853751 1.255465
1.847294 1.254525
1.841409 1.251681
1.785398 1.236268
1.778727 1.236041
1.768111 1.237968
1.771775 1.236752
1.764898 1.238043
1.758611 1.237604
1.752330 1.236616
1.746051 1.235405
1.847820 1.255474
1.841628 1.253659
1.772761 1.236219
1.766161 1.235761
1.759317 1.236110
1.752586 1.236086
1.745931 1.235380
1.746055 1.235400
1.739775 1.234109
0.281843 0.640060
0.280994 0.640326
0.283344 0.635524
0.277730 0.642382
0.445642 0.689333
0.444848 0.690436
0.445062 0.688479
0.509649 0.707917
0.507541 0.710032
0.444032 0.691783
0.563978 0.726377
0.562021 0.723635
0.565338 0.719686
0.507342 0.710185
0.564398 0.727052
0.789882 0.791037
0.789724 0.792344
0.789524 0.793765
0.789927 0.793076
0.788631 0.796405
1.342879 0.958235
1.341789 0.956922
1.385355 0.973749
1.379079 0.972432
1.343213 0.961148
1.341771 0.959695
1.397866 0.980031
1.391619 0.976228
1.389509 0.975372
1.385859 0.972657
1.374891 0.971783
1.379393 0.971751
1.372797 0.971508
1.366508 0.971257
1.344520 0.964333
1.398264 0.980386
1.397982 0.979897
2.046398 1.168157
2.051504 1.164173
2.043749 1.168902
2.041118 1.169672
2.044913 1.166389
2.037433 1.170892
2.137785 1.198388
2.133427 1.195225
2.138730 1.193242
2.036054 1.171275
2.038015 1.169650
2.144027 1.202624
2.139100 1.199443
2.145056 1.197320
2.087556 1.189077
2.260762 1.232231
2.264472 1.228684
2.150260 1.207752
2.145682 1.203907
2.151543 1.200887
2.259445 1.234718
2.256898 1.235799
2.150534 1.207969
2.254713 1.236394
2.257766 1.234005
2.252471 1.238714
0.819559 0.697967
0.813056 0.697182
0.807327 0.693820
0.851803 0.713254
0.849615 0.713993
0.843326 0.713662
0.845035 0.705585
0.838430 0.705138
0.832421 0.702716
0.826147 0.701173
0.819726 0.700119
0.813536 0.698302
0.843317 0.714462
0.842800 0.713872
0.837925 0.709554
0.977951 0.749971
0.975551 0.747570
0.969744 0.744463
0.963772 0.741909
0.981277 0.754392
0.978589 0.752937
0.975519 0.750373
0.969630 0.747551
0.963592 0.745229
0.957559 0.742887
0.951546 0.740483
1.051772 0.773779
1.050251 0.774880
1.051681 0.768707
0.986328 0.757689
0.982269 0.753078
1.094129 0.789168
1.087865 0.786679
1.081598 0.784552
1.082916 0.779592
1.075326 0.782889
1.076619 0.778125
1.069046 0.781882
1.062761 0.781229
1.046222 0.775251
1.043957 0.775056
1.037674 0.774221
1.096562 0.790470
1.315515 0.852831
1.314289 0.855360
2.084846 1.083492
2.081017 1.080843
2.132018 1.096222
2.136586 1.091760
2.128733 1.096894
2.091079 1.088421
2.087363 1.085213
2.125321 1.097381
2.122422 1.098514
2.103593 1.094381
2.097329 1.092034
2.092420 1.089289
2.118949 1.098660
2.116128 1.098666
2.117541 1.093310
2.109859 1.096717
2.107707 1.095900
2.329396 1.155547
2.328304 1.155835
2.324076 1.157609
2.323075 1.157941
2.316953 1.158709
2.316773 1.158758
1.358274 0.724276
1.352300 0.721727
1.345348 0.722435
1.338199 0.724754
1.337702 0.723643
1.338407 0.723115
1.360064 0.731959
1.356972 0.733529
1.357568 0.729312
1.351715 0.726366
1.344425 0.730318
1.341351 0.727352
1.344756 0.727103
1.355422 0.733657
1.345028 0.731108
1.351175 0.730897
2.399983 1.044458
2.400771 1.047485
2.402607 1.050801
2.460072 0.933496
2.458326 0.934750
2.457626 0.935705
2.455581 0.938051
2.477201 0.856212
2.473938 0.856023
2.470913 0.855844
2.464622 0.855697
2.508465 0.867341
2.508553 0.867283
2.462479 0.856023
2.458320 0.856562
2.604177 0.888136
2.597464 0.888052
2.590811 0.887764
2.577610 0.887194
2.584206 0.887324
2.577513 0.887218
2.507082 0.869831
2.509133 0.868070
2.604236 0.890633
2.597556 0.890441
2.591007 0.889810
2.584523 0.888967
2.573531 0.889008
2.577909 0.888555
2.571173 0.891203
2.597680 0.892766
2.591257 0.891719
2.584834 0.890675
2.578206 0.890308
2.571098 0.891271
2.571181 0.891259
2.581572 0.760946
2.578262 0.761577
2.575266 0.762071
2.576132 0.758009
2.656784 0.786057
2.657947 0.779961
2.650524 0.783244
2.651000 0.780658
2.644255 0.781286
2.644515 0.779815
2.637977 0.780077
2.638407 0.777714
2.631697 0.779015
2.632482 0.775006
2.627073 0.770585
2.571212 0.762684
2.568962 0.762979
2.569635 0.759938
2.669296 0.792139
2.663043 0.788831
2.659089 0.787125
2.663711 0.785907
2.625969 0.778986
2.625500 0.778539
2.670086 0.792677
2.670299 0.789145
2.584130 0.652215
2.582146 0.653411
2.583486 0.647346
2.707561 0.690030
2.707043 0.688124
2.707886 0.691168
2.929816 0.754269
2.928806 0.756845
3.049890 0.789487
3.053438 0.786857
3.049776 0.792269
3.053242 0.790204
3.128049 0.814365
3.050285 0.795248
3.053028 0.793656
3.128894 0.817404
3.271888 0.858113
3.265620 0.856049
3.259356 0.853680
3.254906 0.851254
3.328343 0.873073
3.322061 0.872160
3.315781 0.871113
3.309504 0.869855
3.303230 0.868277
3.296959 0.866449
3.290692 0.864324
3.284425 0.862177
3.278157 0.860103
3.273616 0.858673
3.279390 0.855699
3.462917 0.773019
3.532131 0.792889
3.530634 0.790927
3.519925 0.789879
3.524318 0.789521
3.467427 0.778771
3.465323 0.776443
3.530260 0.795248
3.530155 0.795266
3.530175 0.795157
3.523875 0.794284
3.521927 0.793200
3.524179 0.792693
3.472521 0.671182
3.535143 0.689738
3.491317 0.678598
3.484919 0.677469
3.478557 0.676217
3.470916 0.680901
3.468657 0.678587
3.471452 0.677435
3.546185 0.701165
3.545755 0.700395
3.540875 0.695773
3.484954 0.680090
3.472102 0.682284
3.478181 0.680204
3.547840 0.703736
3.546429 0.702428
3.541037 0.697964
3.685542 0.735514
3.676731 0.741108
3.678126 0.740463
3.675555 0.743671
3.678374 0.742376
1.381447 1.232400
1.375268 1.230538
1.387491 1.237410
1.380817 1.237198
1.374674 1.235218
1.369003 1.231669
1.394005 1.240879
1.386986 1.241811
1.380461 1.241103
1.373769 1.243668
1.374196 1.239533
1.368260 1.236867
1.362452 1.233782
1.393841 1.244171
1.386679 1.245575
1.374045 1.243767
1.380144 1.244900
1.373767 1.243808
1.373684 1.243678
0.198705 0.755165
0.194165 0.756859
0.192826 0.757282
1.316360 1.085612
1.339042 1.098029
1.340470 1.097772
1.323594 1.094221
1.321697 1.092968
1.316444 1.088021
1.340234 1.103784
1.339810 1.101035
1.340311 1.100996
1.327689 1.100493
1.325775 1.097583
1.321978 1.094743
1.316779 1.089631
1.340244 1.103989
1.328374 1.101077
1.327724 1.100776
1.322315 1.096368
1.534645 1.159024
1.528367 1.157845
1.586846 1.173152
1.540897 1.162522
1.538873 1.161341
1.535571 1.157171
1.526106 1.158201
1.528840 1.157147
1.522057 1.159315
1.515784 1.157754
1.509512 1.155929
1.503228 1.155229
1.591040 1.179041
1.588440 1.176368
1.547131 1.167431
1.545547 1.165830
1.542420 1.159548
1.522770 1.157673
1.592057 1.180108
1.791746 1.234091
1.860728 1.253965
1.838449 1.246411
1.835870 1.245005
1.829801 1.242770
1.823619 1.240918
1.817419 1.239122
1.811150 1.237559
1.804719 1.236534
1.798201 1.235800
1.789952 1.234449
1.791816 1.234621
1.858798 1.254228
1.861198 1.253104
1.854422 1.254944
1.836400 1.248708
1.835672 1.248352
1.829538 1.246336
1.823330 1.244571
1.817153 1.242703
1.810939 1.240958
1.804596 1.239645
1.798139 1.238712
1.786241 1.236364
1.791811 1.237347
1.785425 1.236438
1.779130 1.236686
1.850749 1.255066
1.854946 1.254186
1.848124 1.255466
1.841846 1.254208
1.837076 1.251704
1.835639 1.251168
1.829401 1.249504
1.823114 1.248008
1.816894 1.246285
1.810670 1.244579
1.804345 1.243206
1.798022 1.241833
1.791820 1.240052
1.785602 1.238327
1.774838 1.236424
1.779254 1.237029
1.772844 1.236157
1.856046 1.253273
1.848687 1.255330
1.842092 1.254854
1.835832 1.253268
1.829460 1.252053
1.823073 1.250888
1.816748 1.249521
1.810494 1.247917
0.197253 0.667844
0.520659 0.763329
0.521387 0.759252
0.526902 0.767547
0.522954 0.764971
0.527923 0.762612
0.620988 0.792904
0.621127 0.791527
0.614998 0.789492
0.608451 0.788906
0.608441 0.788852
0.608453 0.788850
0.528604 0.769202
0.616908 0.793750
0.614671 0.794925
0.610732 0.792231
0.614838 0.792721
0.709742 0.819438
0.708761 0.819930
0.710270 0.814200
0.704829 0.821047
0.702443 0.822133
1.377656 1.020581
1.380574 1.018056
1.498820 1.055259
1.379621 1.025062
1.378486 1.023609
1.380424 1.021268
1.329435 1.012097
1.519295 1.055160
1.512674 1.054769
1.506004 1.054543
1.494903 1.055099
1.499257 1.054575
1.492529 1.055102
1.486234 1.055341
1.381497 1.027204
1.548962 1.071850
1.548733 1.071175
1.493642 1.053535
1.485000 1.055479
1.486443 1.055066
1.550025 1.074309
1.549504 1.072153
1.480826 1.057310
1.487194 1.055314
1.479910 1.057906
1.550161 1.077189
1.550112 1.072870
1.995466 1.203766
2.001999 1.199792
1.994159 1.204013
1.989214 1.205026
1.995684 1.201069
1.987850 1.205303
1.983292 1.206402
1.989256 1.202763
1.981539 1.206886
1.978289 1.208038
1.982513 1.205529
1.125315 0.714669
1.116444 0.717717
1.117810 0.717223
1.184453 0.737293
1.181250 0.733049
1.112744 0.719631
1.118494 0.717658
1.111256 0.720536
1.186499 0.742919
1.184769 0.740180
1.181883 0.733651
1.186952 0.743570
1.186716 0.742717
1.308553 0.776303
1.354504 0.790439
1.306224 0.778568
1.305622 0.779563
1.354552 0.793293
2.373241 1.086366
2.374343 1.095179
2.372491 1.091543
2.371696 1.097345
2.371567 1.097438
2.371637 1.097090
2.367488 1.099164
2.366628 1.094090
2.412217 1.010410
2.410941 1.019777
2.409348 1.016841
2.411607 1.015122
2.411080 1.020094
2.414211 1.023721
2.418215 1.021013
2.466070 0.920015
2.462353 0.921905
2.461737 0.922195
2.462260 0.920033
2.459045 0.923938
2.469205 0.862323
2.503085 0.872094
2.464675 0.862627
2.462908 0.862678
2.463541 0.860107
2.577509 0.887186
2.570821 0.887017
2.559840 0.888893
2.563948 0.887466
2.502588 0.874786
2.457104 0.863613
2.456603 0.863705
2.456829 0.862755
2.571000 0.889121
2.559193 0.891545
2.564052 0.889816
2.501025 0.877257
2.500486 0.877636
2.558082 0.894122
2.564248 0.891904
2.584119 0.784065
2.582696 0.784104
2.583029 0.782621
2.576401 0.784315
2.574117 0.784415
2.570095 0.785392
2.571509 0.778815
2.664174 0.811444
2.657897 0.810134
2.651618 0.808914
2.613977 0.799405
2.670431 0.814399
2.668006 0.813181
2.671084 0.811632
2.647504 0.808147
2.645340 0.807696
2.645478 0.807161
2.639064 0.806408
2.640074 0.802742
2.632787 0.805066
2.673649 0.817432
2.592615 0.661818
2.611196 0.673844
2.610262 0.673061
2.604836 0.668689
2.598967 0.665797
2.592892 0.663596
2.610805 0.676578
2.610057 0.677749
2.610251 0.675809
2.605122 0.670473
2.704856 0.702548
2.705427 0.705527
2.921114 0.767086
2.923578 0.770648
2.923493 0.770502
2.923796 0.769805
3.039351 0.801849
3.039765 0.804770
3.044271 0.800348
3.120072 0.827362
3.039559 0.807581
3.262219 0.867739
3.124202 0.832500
3.122566 0.830812
3.125316 0.827576
3.281010 0.874976
3.274745 0.872700
3.268484 0.870147
3.263941 0.868446
3.317515 0.884460
3.312370 0.883681
3.306091 0.882488
3.299817 0.880982
3.293546 0.879201
3.295179 0.873133
3.287278 0.877093
3.286415 0.876788
3.287490 0.876299
3.389950 0.787461
3.383682 0.785426
3.377409 0.783783
3.371133 0.782434
3.364850 0.781528
3.402461 0.793738
3.396215 0.789852
3.395849 0.789681
3.390550 0.786198
3.384663 0.783363
3.378521 0.781380
3.372172 0.780083
3.362815 0.781543
3.365429 0.780100
3.358548 0.782407
3.466928 0.810014
3.466300 0.805910
3.403093 0.794286
3.402679 0.793390
3.397244 0.789059
3.391422 0.786024
3.357463 0.783084
3.359018 0.781752
3.468626 0.813241
3.466770 0.807051
3.402730 0.797058
3.402599 0.796399
3.469866 0.816395
3.460711 0.712625
3.462328 0.717293
3.461045 0.715544
0.200938 0.740754
0.198199 0.742889
0.196246 0.743988
0.197114 0.739589
0.194716 0.744892
0.459648 0.818301
0.472173 0.823371
0.465903 0.821459
0.459638 0.819135
0.459185 0.818450
0.454513 0.813206
0.513689 0.834694
0.510250 0.832246
0.504515 0.828905
0.498741 0.825693
0.492624 0.823624
0.485733 0.824134
0.479010 0.824084
0.472742 0.822519
0.466490 0.820899
0.459908 0.820381
0.453603 0.818938
0.536099 0.838620
0.526903 0.840756
0.528744 0.840670
0.512161 0.837127
0.510001 0.835775
0.504094 0.833012
0.498109 0.830511
0.492206 0.827737
0.485992 0.825999
0.480036 0.823405
0.523527 0.842767
0.529049 0.842379
0.522274 0.843426
0.510300 0.839522
0.509731 0.839900
0.509761 0.839306
0.503677 0.837138
1.309748 1.073044
1.350001 1.085970
1.349936 1.085754
1.350064 1.085570
1.310231 1.075965
1.350681 1.088748
1.312314 1.080203
1.311543 1.079122
1.350925 1.091649
1.314033 1.082598
1.589016 1.153316
1.590704 1.159140
1.594462 1.165557
1.592722 1.162458
1.594616 1.165774
1.884364 1.245572
1.890585 1.242309
1.882962 1.245959
1.876667 1.246481
1.883968 1.244594
1.876663 1.246483
1.884569 1.245321
1.871899 1.248146
1.877299 1.247085
1.870348 1.248423
1.866091 1.249589
1.870968 1.248484
0.197850 0.659099
0.197239 0.661783
0.197337 0.658081
0.528634 0.759005
0.526250 0.756898
0.529160 0.755797
0.530502 0.760762
0.536494 0.756525
0.533794 0.764429
0.535301 0.763228
0.710475 0.813008
0.717872 0.811326
0.710161 0.813463
0.710512 0.813394
0.718323 0.812555
0.707088 0.815548
0.711246 0.813678
1.382040 1.012782
1.382612 1.015727
1.525615 1.055702
1.382760 1.018602
1.544421 1.061756
1.543000 1.060884
1.538948 1.057034
1.532881 1.054796
1.519759 1.055148
1.526090 1.054973
1.519330 1.055091
1.513050 1.054059
1.506766 1.053352
1.500477 1.053039
1.385332 1.022103
1.547807 1.064870
1.545567 1.060125
1.514450 1.051568
1.507666 1.051718
1.499541 1.052994
1.500596 1.052818
1.494179 1.053501
1.548788 1.067943
1.492351 1.054093
1.494568 1.053209
1.550097 1.071127
2.002674 1.199460
2.002135 1.199563
1.996395 1.200724
1.995827 1.200853
2.147838 1.235636
1.990600 1.202143
1.997397 1.198110
1.989516 1.202457
2.178474 1.248498
2.172950 1.244448
2.191477 1.252761
2.185028 1.251800
2.179212 1.248730
1.095346 0.725770
1.091274 0.726476
1.096176 0.724644
1.089041 0.726806
1.189768 0.752266
1.084969 0.727777
1.191338 0.756760
1.190108 0.753824
1.302246 0.789059
1.192843 0.759978
1.301204 0.789456
1.351545 0.804674
1.297837 0.791472
1.351082 0.807403
2.123603 1.038174
2.117337 1.035856
2.111058 1.034711
2.129834 1.043355
2.127812 1.040986
2.124222 1.037821
2.118787 1.033501
2.107312 1.035956
2.106239 1.030426
2.375299 1.110378
2.374437 1.110941
2.375016 1.108269
2.372276 1.112450
2.368743 1.114434
2.368100 1.114683
2.368415 1.113253
2.413335 1.008943
2.414470 1.012030
2.418890 1.017658
2.416575 1.015388
2.419746 1.013189
2.456627 0.940459
2.456111 0.941402
2.454624 0.943867
2.529648 0.835749
2.555300 0.842886
2.554731 0.843008
2.548431 0.843653
2.525908 0.835639
2.523355 0.835718
2.517064 0.835562
2.547583 0.843801
2.548596 0.843449
2.512211 0.835114
2.510777 0.835163
2.630349 0.867000
2.630428 0.865334
2.543903 0.845760
2.630352 0.869836
2.629906 0.871195
2.630313 0.868437
2.576053 0.731108
2.575865 0.731163
2.575951 0.730779
2.695013 0.765629
2.670780 0.754284
2.663663 0.756153
2.657388 0.754699
2.651118 0.752864
2.644844 0.751221
2.638562 0.750309
2.571248 0.732768
2.569549 0.733195
2.570311 0.729861
2.695259 0.766109
2.702621 0.763133
2.694999 0.766816
2.632943 0.750774
2.632261 0.751062
2.751074 0.782675
2.746783 0.775838
2.694409 0.768724
2.695251 0.767944
2.751408 0.785609
2.751392 0.785575
2.867619 0.817022
2.864283 0.818366
2.753197 0.788882
2.862697 0.818623
2.864784 0.817324
2.857979 0.819381
2.854354 0.819436
2.858313 0.819179
2.604822 0.613077
2.596693 0.616499
2.597139 0.616226
2.654729 0.629092
2.604315 0.617471
2.596996 0.619600
2.596919 0.619373
2.597017 0.619331
2.661708 0.638143
2.660055 0.636491
2.654857 0.631376
2.661615 0.640979
3.004594 0.738616
3.003464 0.739229
3.111190 0.770361
3.092379 0.764735
3.086098 0.763776
3.079823 0.762205
3.073561 0.759695
3.072211 0.758986
3.067981 0.755472
3.062661 0.750747
2.999819 0.741161
2.998261 0.741999
3.123692 0.777251
3.117445 0.773483
3.115181 0.772384
3.118405 0.769763
3.123761 0.777315
3.123691 0.777385
3.208665 0.801043
3.212179 0.799465
3.121644 0.779653
3.124020 0.778948
3.246853 0.813266
3.242809 0.814284
3.244500 0.806732
3.208973 0.803948
3.212053 0.802601
3.349450 0.842274
3.350961 0.836362
3.343168 0.841338
3.336885 0.840463
3.240992 0.814668
3.237903 0.809009
3.330950 0.839619
3.330604 0.839567
3.330653 0.839375
3.324324 0.838520
3.325289 0.834806
3.318041 0.837695
3.311759 0.836863
3.462351 0.794197
3.461952 0.793824
3.531319 0.815128
3.525030 0.814814
3.518758 0.813116
3.515246 0.809769
3.466210 0.797684
3.468134 0.801008
3.459339 0.697326
3.457649 0.699748
3.604721 0.735390
3.598616 0.733277
3.592578 0.730942
3.586571 0.728506
3.655471 0.748592
3.648348 0.749876
3.641583 0.749962
3.635292 0.748472
3.629152 0.746476
3.623074 0.744280
3.617099 0.741736
3.611036 0.739489
3.604974 0.737241
3.598940 0.734900
3.655539 0.751068
3.648418 0.752336
3.641948 0.751447
3.635917 0.749097
3.629956 0.746515
3.623983 0.743978
1.373763 1.243718
0.198536 0.719117
0.195707 0.721256
0.195112 0.721710
0.195427 0.720090
0.460694 0.797779
0.560240 0.820160
0.458881 0.800164
0.458454 0.800997
0.553008 0.826151
0.560265 0.822766
0.552539 0.826442
0.547947 0.827749
0.553164 0.826701
0.546222 0.828548
1.311223 1.054278
1.310882 1.052277
1.393219 1.073803
1.387788 1.069444
1.357265 1.066519
1.311431 1.055231
1.312345 1.051413
1.359145 1.069802
1.312807 1.058418
1.361330 1.073928
1.360771 1.073054
1.362141 1.070532
1.582835 1.133355
1.581398 1.131098
1.587077 1.139818
1.585011 1.136703
1.582010 1.131761
1.587328 1.140112
1.587151 1.139792
1.593307 1.145072
1.592134 1.144159
1.933174 1.232431
1.933611 1.233656
1.922592 1.236759
1.926143 1.236086
1.919415 1.237693
1.926923 1.236201
1.916797 1.238160
1.919672 1.237905
1.913101 1.239529
1.920392 1.238255
1.912460 1.239952
1.913176 1.239840
0.214005 0.641657
0.207728 0.640333
0.251617 0.653662
0.245338 0.652516
0.226518 0.647780
0.220267 0.644288
0.216962 0.642771
0.214428 0.640617
0.207220 0.640371
0.207882 0.639975
0.258595 0.653307
0.251759 0.653633
0.244792 0.652447
0.245358 0.652514
0.239051 0.652126
0.232780 0.650281
0.227059 0.648090
0.226560 0.647810
0.221274 0.642990
0.201994 0.641942
0.489896 0.724074
0.459401 0.710748
0.453498 0.707962
0.489873 0.724082
0.489900 0.724072
0.483592 0.724972
0.471042 0.722016
0.464793 0.718355
0.463556 0.717599
0.459014 0.714731
0.453153 0.711818
0.547667 0.741137
0.490940 0.723329
0.480274 0.724553
0.483731 0.724888
0.477308 0.724311
0.473354 0.722854
0.471117 0.722030
0.465281 0.719040
0.548872 0.744256
0.553974 0.740499
0.773037 0.804441
0.763025 0.805455
0.766178 0.804843
0.773147 0.806777
0.763751 0.808451
0.766042 0.807997
0.762464 0.810993
0.766099 0.810549
1.375459 0.982140
1.391097 0.993970
1.391641 0.996920
1.394188 0.992479
1.390605 0.999515
2.027661 1.184580
2.026079 1.184961
2.021628 1.185904
2.019770 1.186400
2.124811 1.214142
2.015763 1.187307
2.013458 1.188067
2.132629 1.220536
2.126372 1.217467
2.125944 1.217234
2.240858 1.242698
2.229748 1.245624
2.233666 1.244212
2.226700 1.247120
2.145138 1.226927
2.138884 1.223667
2.137074 1.222810
2.234219 1.245067
2.225607 1.247419
2.226838 1.247203
2.151389 1.230436
2.147512 1.228232
2.146645 1.222631
2.234622 1.246458
2.223176 1.249665
2.227233 1.248619
2.221350 1.252090
1.146081 0.712095
1.171137 0.721631
1.167343 0.718109
1.165199 0.716489
1.159021 0.714620
1.152490 0.713931
1.145437 0.712709
1.146122 0.712695
1.139772 0.713411
1.177380 0.725848
1.171480 0.721949
1.171183 0.721701
1.165412 0.718491
1.159104 0.717065
1.152643 0.716141
1.146394 0.714520
1.138544 0.713864
1.139901 0.713709
1.177948 0.726402
1.316837 0.763382
1.357060 0.776106
1.315605 0.765910
1.315322 0.767262
1.356959 0.778921
2.368769 1.077946
2.370370 1.070789
2.367480 1.078525
2.367571 1.081368
2.368903 1.081059
2.376544 1.080803
2.363417 1.083203
2.368913 1.083759
2.427312 0.991346
2.431950 0.986870
2.430327 0.996562
2.428592 0.994476
2.431282 0.991796
2.431482 0.998034
2.519964 0.846644
2.513675 0.846303
2.507391 0.845539
2.533928 0.852578
2.540328 0.848533
2.532460 0.854034
2.503217 0.845015
2.501107 0.844844
2.494824 0.844012
2.488547 0.842779
2.482269 0.841451
2.475990 0.840365
2.531496 0.854810
2.532751 0.854041
2.627205 0.881188
2.626504 0.882955
2.625970 0.883722
2.627072 0.881935
2.580420 0.753228
2.576994 0.753923
2.578014 0.749047
2.658521 0.777101
2.636739 0.769920
2.633437 0.769884
2.633849 0.767765
2.627140 0.770257
2.574265 0.754527
2.570687 0.755181
2.571814 0.749967
2.672080 0.777778
2.664774 0.780386
2.662902 0.779172
2.665031 0.778811
2.626858 0.770297
2.760201 0.801178
2.669169 0.783542
2.671457 0.782560
2.803267 0.817535
2.796887 0.816340
2.790530 0.815067
2.784293 0.813394
2.778243 0.811101
2.772190 0.808815
2.766279 0.806063
2.829185 0.823668
2.822654 0.822975
2.816329 0.821600
2.810092 0.819934
2.803805 0.818430
2.797447 0.817168
2.791080 0.815935
2.784829 0.814318
2.778826 0.811871
2.772929 0.809082
2.823141 0.824082
2.816780 0.822832
2.810524 0.821234
2.804255 0.819679
2.590867 0.623948
2.672812 0.646954
2.670838 0.645460
2.665369 0.641231
2.590329 0.626668
2.673192 0.649869
2.670841 0.648154
2.665359 0.643987
3.084385 0.770630
3.078125 0.767939
2.996659 0.746443
2.996577 0.746485
3.110536 0.773532
3.103932 0.773088
3.096910 0.775685
3.097560 0.771865
3.090644 0.773403
3.085768 0.771210
3.091187 0.770647
2.992288 0.748229
3.123677 0.777345
3.116744 0.777995
3.109413 0.782545
3.110258 0.777154
3.103168 0.778572
3.101920 0.778006
3.103268 0.777989
3.203029 0.805734
3.203674 0.805355
3.109686 0.782764
3.116445 0.781718
3.109409 0.782892
3.247889 0.819597
3.247406 0.819734
3.247698 0.818517
3.201168 0.808089
3.203881 0.807361
3.347739 0.848913
3.341457 0.848069
3.242291 0.821040
3.241093 0.821445
3.241775 0.818512
3.199568 0.810554
3.203955 0.809856
3.339478 0.847789
3.335175 0.847158
3.335915 0.844282
3.328894 0.846187
3.322614 0.845151
3.316337 0.843808
3.310062 0.842310
3.303787 0.840935
3.297509 0.839708
3.291230 0.838475
3.462178 0.794510
3.385345 0.782816
3.379076 0.780748
3.372801 0.779274
3.465634 0.803614
3.391601 0.785818
3.389404 0.784872
3.386134 0.781216
3.466849 0.807816
3.466609 0.806684
3.709391 0.728118
3.715320 0.726107
3.710533 0.731242
3.715109 0.729538
