0.333645 0.865732
0.327367 0.866191
0.321090 0.866766
0.314803 0.866154
0.341590 0.864975
0.334879 0.865056
0.328289 0.865417
0.321773 0.865952
0.313158 0.865706
0.315002 0.865893
0.308512 0.864719
0.302230 0.864621
0.295954 0.865315
0.714995 0.850733
0.708717 0.851394
0.735471 0.850482
0.728854 0.850781
0.722218 0.851036
0.715555 0.851226
0.702841 0.852029
0.708977 0.851614
0.702441 0.852067
0.696165 0.852951
0.689889 0.853701
0.683611 0.854288
0.677338 0.855532
0.671064 0.856695
0.664791 0.857964
0.658518 0.859277
0.652244 0.860347
1.083813 0.840597
1.039893 0.848071
1.033624 0.849837
1.027355 0.851882
1.021088 0.854018
1.014820 0.855946
1.008550 0.857683
1.080757 0.840410
1.077530 0.840253
1.071250 0.840532
1.064975 0.841421
1.058701 0.842653
1.052431 0.844372
1.046163 0.846348
1.045175 0.846634
1.040522 0.849050
0.110309 1.402959
0.103142 1.395504
0.102537 1.395048
0.096383 1.391613
0.096233 1.391602
0.089952 1.391692
0.083675 1.392404
0.077396 1.392730
0.071119 1.393351
0.064840 1.393919
0.058567 1.395135
0.052286 1.395105
0.047992 1.395063
0.046004 1.395116
0.039723 1.395298
1.374014 0.845833
1.367737 0.846431
1.330090 0.852917
1.388061 0.846491
1.381014 0.845795
1.374340 0.845959
1.365872 0.846610
1.367804 0.846444
1.361458 0.846960
1.355184 0.848106
1.348912 0.849396
1.342638 0.850502
1.336364 0.851747
1.334684 0.852059
1.328960 0.853065
1.330110 0.852912
1.323815 0.853751
1.317535 0.854035
1.684729 0.850991
1.685100 0.852023
1.678452 0.851607
1.679806 0.855387
1.672171 0.851582
1.665888 0.851370
1.659604 0.851115
1.657216 0.850922
1.660593 0.852831
1.653318 0.850368
2.018764 0.835924
2.012480 0.835488
2.019846 0.836211
2.008716 0.835411
2.012833 0.835586
2.006198 0.835437
1.999919 0.835828
1.993640 0.836229
1.987362 0.836717
1.981086 0.837446
1.974809 0.838148
2.225790 0.864667
2.233551 0.866767
2.225600 0.864448
2.225828 0.864506
2.219494 0.862445
2.215116 0.861215
2.220494 0.862816
2.213200 0.860583
2.206899 0.857693
2.270287 0.848153
2.206821 0.857642
2.206932 0.857708
2.289918 0.841769
2.282865 0.841057
2.276549 0.842053
2.270450 0.843556
2.264539 0.845501
2.413338 0.859237
2.407055 0.859058
2.400778 0.859632
2.394500 0.860286
2.388223 0.860862
2.381948 0.861927
2.375675 0.863151
2.408188 0.860071
2.401717 0.860711
2.395115 0.861046
2.388345 0.860986
2.382013 0.861955
2.374295 0.863145
2.375768 0.863124
2.369393 0.863043
2.703525 0.862536
2.723394 0.860801
2.716787 0.861120
2.710376 0.861894
2.700468 0.862166
2.703729 0.862122
2.697239 0.861868
2.690948 0.860481
2.704849 0.859758
2.698223 0.860038
2.687077 0.859451
2.691356 0.859754
2.684658 0.859155
2.678375 0.858875
2.672091 0.858630
2.907063 0.869678
2.905456 0.869621
2.907730 0.870892
2.900781 0.869487
2.894496 0.869114
2.888212 0.868706
2.882475 0.868596
2.881930 0.868596
2.875650 0.868728
3.117574 0.919546
3.112709 0.918918
3.111286 0.918717
3.105000 0.918019
3.098714 0.917304
3.094419 0.917073
3.092430 0.916895
3.086142 0.915940
3.417097 0.934361
3.403495 0.933424
3.410060 0.933686
3.403221 0.933362
3.396929 0.931780
3.404420 0.931296
3.392249 0.930338
3.397478 0.930838
3.390635 0.929919
3.384349 0.929189
3.620008 0.982602
3.634202 0.982764
3.627311 0.982425
3.617012 0.981632
3.620331 0.981880
3.613714 0.980667
3.607418 0.978408
3.621536 0.979720
3.614498 0.979036
3.607201 0.978290
3.607450 0.978330
3.601533 0.974255
3.608368 0.975538
3.601107 0.974011
3.768871 1.017579
3.762570 1.014642
3.770015 1.015482
3.761462 1.014023
3.762773 1.014318
3.756266 1.011196
0.024755 0.870422
0.050277 0.862059
0.044310 0.863858
0.038254 0.865459
0.031984 0.866564
0.025778 0.867817
0.360436 0.864743
0.354154 0.864652
0.347874 0.864836
0.362033 0.865459
0.355074 0.864957
0.341626 0.864978
0.348310 0.864914
0.341594 0.864973
0.335309 0.864593
0.329027 0.864550
0.322747 0.864738
0.789111 0.851428
0.783328 0.850710
0.782824 0.850583
0.776538 0.849914
0.770257 0.849844
0.763975 0.849955
0.757697 0.850412
0.745148 0.852463
0.771301 0.850429
0.764396 0.850054
0.753268 0.850939
0.757807 0.850421
0.751420 0.851173
0.748056 0.851860
1.166202 0.871176
1.163146 0.871454
1.156868 0.871924
1.150588 0.872011
1.144303 0.871640
1.194458 0.857201
1.188449 0.862833
1.183018 0.865875
1.177029 0.867634
1.170915 0.869106
1.164643 0.870212
1.158193 0.870901
1.151679 0.871444
1.138129 0.871024
1.144936 0.871448
1.138017 0.871014
1.131732 0.870487
1.213263 0.851155
1.206988 0.852065
1.200719 0.854097
1.196849 0.855711
1.195577 0.858740
1.583812 0.849747
1.577526 0.849044
1.585001 0.849567
1.573390 0.848569
1.578006 0.848986
1.571239 0.848238
1.564949 0.847021
1.558662 0.846317
1.558001 0.846247
1.558747 0.846332
2.133937 0.840182
2.132800 0.840030
2.134662 0.841516
2.127651 0.839439
2.121364 0.838775
2.115078 0.838109
2.122669 0.840042
2.114879 0.838101
2.115112 0.838146
2.108798 0.838319
2.102518 0.838445
2.096236 0.838574
2.392809 0.857335
2.386537 0.858776
2.380271 0.860988
2.374003 0.863223
2.367729 0.864316
2.361443 0.863461
2.369064 0.863221
2.356827 0.861942
2.362023 0.862529
2.355147 0.861262
2.348848 0.858685
2.348235 0.858436
2.348924 0.858514
2.763364 0.856965
2.757084 0.857065
2.750805 0.857429
2.783863 0.855261
2.777206 0.855466
2.770480 0.855510
2.763935 0.855976
2.757405 0.856477
2.745184 0.857789
2.750963 0.857183
2.744527 0.857842
2.738243 0.857695
2.731962 0.857650
2.725677 0.857141
2.758708 0.854578
2.752290 0.855347
3.074770 0.904744
3.068484 0.903917
3.068001 0.903885
3.068683 0.904267
3.062199 0.903423
3.055914 0.902823
3.050838 0.901855
3.049623 0.901593
0.395088 0.868869
0.388142 0.868408
0.381158 0.867854
0.374687 0.867018
0.368399 0.866144
0.362575 0.865566
0.369205 0.866452
0.362113 0.865460
0.355828 0.864864
0.349545 0.864622
0.782670 0.850438
0.769006 0.848976
0.775344 0.849095
0.768578 0.848988
0.762298 0.849150
0.756020 0.849680
0.749743 0.850416
0.743469 0.851292
0.737192 0.852064
0.730915 0.852777
0.724639 0.853520
0.718363 0.854399
0.751372 0.851151
1.163013 0.871395
1.156393 0.871684
1.149482 0.871302
1.142623 0.870451
1.136340 0.870134
1.130054 0.869386
1.138000 0.871002
1.126365 0.868823
1.130705 0.869717
1.123767 0.868520
1.117476 0.867338
1.114963 0.865801
1.563277 0.847046
1.570945 0.848249
1.560464 0.846582
1.563699 0.847085
1.556989 0.845930
1.550701 0.844935
1.544456 0.844347
1.551547 0.845261
1.544414 0.844343
1.538131 0.843983
1.913328 0.848383
1.907054 0.849438
1.900779 0.850343
1.894503 0.851205
1.888228 0.852328
1.881955 0.853483
1.875682 0.854730
1.869407 0.855711
1.863127 0.855980
2.156195 0.850804
2.163639 0.851119
2.153328 0.849977
2.156615 0.850472
2.149900 0.848700
2.143607 0.846921
2.157641 0.847905
2.150743 0.847545
2.143007 0.846732
2.143697 0.846842
2.137308 0.844253
2.522232 0.863909
2.520764 0.863832
2.522584 0.864397
2.515950 0.863823
2.509668 0.863850
2.503386 0.863760
2.497105 0.863750
2.505060 0.865783
2.492905 0.863667
2.497804 0.864584
2.490824 0.863790
2.484545 0.864268
2.899737 0.868005
2.892809 0.866713
2.886526 0.866519
2.880243 0.866448
2.873963 0.866521
2.881840 0.868480
2.869237 0.866650
2.874609 0.867342
2.867683 0.866703
2.861402 0.866766
2.855120 0.866690
3.131848 0.925463
3.130052 0.925197
3.125560 0.924540
3.119271 0.923345
3.114828 0.922792
3.112984 0.922555
3.106699 0.921979
3.100412 0.921254
3.095941 0.921093
3.458549 0.942507
3.465869 0.942941
3.456743 0.941910
3.458755 0.942086
3.452251 0.940027
3.459729 0.939394
3.448074 0.938376
3.452724 0.938786
3.445954 0.937625
3.439661 0.935893
3.437211 0.935266
3.439930 0.935485
3.718133 1.005443
3.725854 1.006879
3.716773 1.004841
3.718405 1.005250
3.711834 1.002860
3.708558 1.001210
3.712645 1.002565
3.705528 0.999196
3.701986 0.997324
3.706258 0.998454
3.699225 0.995993
0.280057 0.866832
0.273769 0.865847
0.267487 0.865803
0.287965 0.865764
0.281063 0.865399
0.274418 0.865631
0.263141 0.865951
0.267778 0.865878
0.261207 0.865950
0.254926 0.866015
0.248644 0.865878
0.242370 0.867081
0.236096 0.868188
0.741788 0.849973
0.768548 0.848978
0.761795 0.848962
0.755154 0.849204
0.748594 0.849633
0.736200 0.850453
0.742080 0.850165
0.735510 0.850513
0.729232 0.851082
0.722954 0.851651
0.716677 0.852225
0.710399 0.852794
0.704119 0.853164
0.697841 0.853698
0.691564 0.854235
1.107830 0.864055
1.107369 0.863661
1.108259 0.864579
1.104952 0.859019
1.101500 0.856810
1.098237 0.855157
1.095200 0.853970
0.089475 1.449156
0.083206 1.451115
0.076942 1.453834
0.070670 1.455171
0.108260 1.440273
0.102001 1.443736
0.095739 1.446647
0.095408 1.446825
0.109637 1.439301
1.549026 0.844625
1.556413 0.845832
1.548150 0.844496
1.549156 0.844648
1.542739 0.843764
1.536455 0.843286
1.530172 0.843000
1.544410 0.844341
1.537360 0.843630
1.527811 0.842998
1.530380 0.843079
1.523889 0.843018
1.517610 0.843372
1.839199 0.845670
1.837439 0.844905
1.832898 0.842874
1.829055 0.841330
1.826601 0.840497
2.113398 0.836786
2.107115 0.836627
2.100834 0.836605
2.108072 0.837459
2.098987 0.836626
2.101029 0.836763
2.094555 0.836971
2.088277 0.837518
2.082001 0.838265
2.075721 0.838726
2.643674 0.866301
2.637395 0.866768
2.631121 0.867903
2.624845 0.868685
2.618572 0.869991
2.612297 0.870904
2.606019 0.871614
2.599740 0.871867
2.676644 0.861882
2.669991 0.862098
2.663369 0.862382
2.656956 0.863153
2.650536 0.863907
2.644356 0.865220
2.637917 0.865930
2.631694 0.867148
2.625379 0.868152
2.619222 0.869527
2.612952 0.870643
2.606613 0.871595
2.596118 0.871924
2.599999 0.871904
2.593459 0.872010
2.956125 0.881219
2.949841 0.880822
2.944870 0.880519
2.943558 0.880416
2.937276 0.880345
2.930992 0.879969
2.924710 0.880037
2.918946 0.880048
3.195164 0.939901
3.188876 0.938874
3.182591 0.938269
3.202927 0.938276
3.196274 0.938492
3.189497 0.938417
3.180971 0.938322
3.182678 0.938245
3.176309 0.938324
3.170028 0.938380
3.163750 0.938908
3.157472 0.939431
3.183981 0.936352
3.177399 0.936736
3.170816 0.937118
3.499622 0.948644
3.506985 0.949412
3.498087 0.948239
3.499855 0.948521
3.493328 0.946599
3.487037 0.945250
3.494130 0.945923
3.486698 0.945167
3.487079 0.945208
3.480744 0.943471
3.476449 0.941938
3.481402 0.942765
3.474448 0.941298
0.805029 0.860337
0.797090 0.855308
0.790803 0.854333
0.788731 0.854009
0.792116 0.856725
0.784510 0.852804
0.778221 0.851623
0.775374 0.851329
2.790159 0.856364
2.797448 0.855480
2.783948 0.855264
2.790558 0.855144
2.783869 0.855252
2.777586 0.854901
2.771300 0.854238
2.765020 0.854406
2.784911 0.852750
2.778297 0.853060
2.771659 0.853310
2.759577 0.854503
2.765187 0.853953
2.758739 0.854543
3.060514 0.901563
3.057939 0.901406
3.061016 0.902126
3.054229 0.901018
3.047939 0.899722
3.042847 0.898986
3.049233 0.901143
3.041652 0.898816
3.035366 0.898183
3.029080 0.897633
3.341654 0.930578
3.335358 0.928416
3.349440 0.928922
3.342652 0.928824
3.332902 0.927961
3.335577 0.928058
3.329068 0.927019
3.322775 0.925466
3.336719 0.925775
3.329810 0.925392
3.319593 0.925260
3.322936 0.925090
3.316491 0.925106
3.654411 0.987686
3.640538 0.984603
3.634524 0.982814
3.641290 0.983557
3.634244 0.982723
3.627955 0.981551
3.635519 0.980870
3.622662 0.979842
3.628537 0.980317
3.621660 0.979476
3.615363 0.977226
3.613683 0.976403
3.615570 0.976612
0.121040 0.881446
0.114756 0.881043
0.122101 0.882141
0.114282 0.880827
0.114863 0.880994
0.108448 0.876963
0.108313 0.876822
0.108512 0.876951
0.102147 0.874073
0.098178 0.873586
0.197381 0.854073
0.522799 0.867819
0.515797 0.867228
0.502375 0.864108
0.496089 0.863663
0.464721 0.869520
0.458457 0.872077
0.452188 0.873914
0.445912 0.874951
0.503916 0.865994
0.495262 0.863616
0.496270 0.863896
0.489803 0.862972
0.483523 0.863142
0.477249 0.864276
0.470982 0.866492
0.466487 0.868666
0.464910 0.869429
0.874646 0.870426
0.868375 0.871984
0.862103 0.873268
0.855827 0.874227
0.849550 0.874869
0.924811 0.857432
0.918542 0.859214
0.912269 0.860554
0.905998 0.862069
0.899727 0.863724
0.893458 0.865481
0.887189 0.867298
0.880917 0.868902
0.875872 0.870118
0.874700 0.870461
0.868689 0.872175
0.862480 0.873428
0.856117 0.874324
0.848186 0.874981
0.849608 0.874880
0.843272 0.875475
0.925404 0.857915
0.919533 0.859945
0.913489 0.861578
0.053478 1.384010
0.047201 1.384632
0.040924 1.385336
0.034645 1.385844
1.287370 0.850406
1.281084 0.849849
1.288572 0.850423
1.275990 0.849567
1.281559 0.849800
1.274801 0.849515
1.268519 0.849552
1.262238 0.849517
1.255957 0.849701
1.249677 0.849893
1.664199 0.848843
1.657916 0.848632
1.651634 0.848429
1.648266 0.848228
1.652328 0.849271
1.645348 0.847895
1.639062 0.847219
1.632775 0.846407
1.630551 0.846319
2.184008 0.856405
2.170438 0.851995
2.177710 0.852468
2.169163 0.851453
2.170583 0.851579
2.164139 0.849355
2.171524 0.848823
2.160150 0.847992
2.164554 0.848299
2.157843 0.847168
2.610625 0.870923
2.604346 0.871280
2.617561 0.870631
2.611025 0.871115
2.604275 0.871281
2.604351 0.871284
2.598066 0.871435
2.591783 0.871452
2.585503 0.871603
2.579223 0.871739
2.593286 0.871979
2.586578 0.872067
2.573475 0.871629
2.579877 0.872170
2.572941 0.871652
2.566663 0.872140
2.998915 0.893957
3.013092 0.895515
3.006054 0.894837
2.998775 0.893948
2.998933 0.893968
2.992629 0.893183
2.986343 0.892522
2.980061 0.892540
2.994283 0.893892
2.987234 0.893177
2.978411 0.892461
2.980338 0.892823
2.973775 0.891919
2.967495 0.892055
0.141575 0.884217
0.135291 0.883780
0.129004 0.883043
0.136818 0.884998
0.126683 0.882904
0.129366 0.883350
0.122718 0.882221
0.116425 0.880474
0.185407 0.863436
0.115081 0.879907
0.116928 0.880869
0.197918 0.855750
0.191658 0.858958
0.187220 0.862236
0.210893 0.853054
0.210463 0.853006
0.210668 0.853599
0.204185 0.853625
0.200683 0.854829
0.204810 0.855657
0.568500 0.859360
0.549679 0.862664
0.543408 0.864222
0.537138 0.865889
0.530863 0.867041
0.524586 0.867638
0.588479 0.858729
0.581741 0.858745
0.575077 0.858935
0.567674 0.859469
0.568518 0.859367
0.562224 0.860102
0.555950 0.861232
0.551029 0.862367
0.549704 0.862665
0.543618 0.864200
0.537551 0.865781
0.531295 0.866925
0.519120 0.867961
0.524848 0.867625
0.518306 0.867974
0.512023 0.867664
1.017708 0.848557
1.011435 0.849850
1.005162 0.850977
0.998885 0.851683
0.992608 0.852482
1.024107 0.847197
1.018592 0.850045
1.012849 0.852373
1.000087 0.854075
0.989308 0.852940
0.992875 0.852985
0.986333 0.853342
0.980052 0.853429
0.973771 0.853541
0.967493 0.854187
1.063157 0.838920
0.100321 1.442439
0.094053 1.444396
0.087784 1.446416
0.081515 1.448233
0.075251 1.450869
0.068979 1.452133
0.062703 1.453099
0.056428 1.454063
0.050151 1.454825
0.112834 1.435026
0.106585 1.439735
0.104452 1.440949
0.101027 1.443342
0.095667 1.446595
0.113855 1.434268
0.113077 1.435025
0.115841 1.428898
1.541919 0.843513
1.528496 0.842484
1.522215 0.842572
1.515936 0.842937
1.509657 0.843419
1.503380 0.843992
1.497103 0.844598
1.523579 0.842948
1.516962 0.843248
1.510372 0.843612
1.503822 0.844070
1.491221 0.845158
1.497296 0.844585
1.490825 0.845187
1.484549 0.845896
2.597579 0.871220
2.585214 0.870372
2.590641 0.870774
2.583824 0.870395
2.577543 0.870519
2.571262 0.870571
2.564982 0.870783
2.558701 0.870859
2.552423 0.871443
2.546149 0.872463
2.572897 0.871620
2.566166 0.871652
2.559341 0.871464
2.552780 0.871898
2.543242 0.872672
2.546576 0.873169
2.539870 0.872987
3.053623 0.900631
3.039974 0.898013
3.033688 0.897227
3.041422 0.898653
3.030646 0.896867
3.034128 0.897372
3.027402 0.896479
3.021120 0.896462
3.014830 0.895289
3.012513 0.895021
3.015191 0.895471
3.321130 0.929386
3.314848 0.929349
3.308566 0.929160
3.328717 0.927790
3.321870 0.927555
3.315319 0.928006
3.305721 0.928464
3.308768 0.928459
3.302274 0.927708
3.295982 0.926127
3.316328 0.925412
3.309748 0.925799
3.302977 0.925739
3.293477 0.925576
3.296170 0.925593
3.289687 0.924074
3.613292 0.981203
3.603714 0.979723
3.606120 0.980218
3.599456 0.977239
3.596406 0.975927
3.599902 0.976461
3.593157 0.974535
3.601017 0.974113
3.588039 0.972350
3.593869 0.973170
3.586858 0.971880
3.580559 0.969302
0.300561 0.864943
0.294284 0.865561
0.307795 0.864818
0.300898 0.864465
0.288807 0.865713
0.294520 0.865317
0.288003 0.865737
0.281718 0.865123
0.275439 0.865543
0.269160 0.865925
0.636357 0.863203
0.630074 0.863064
0.623789 0.862527
0.669047 0.857854
0.662849 0.859120
0.656673 0.860438
0.650397 0.861529
0.643958 0.862240
0.637426 0.862735
0.630728 0.862846
0.623314 0.862477
0.623843 0.862524
0.617501 0.861637
0.611217 0.861249
0.604935 0.861157
0.612013 0.861464
0.601974 0.861198
0.605171 0.861237
1.095245 0.847183
1.091802 0.845831
1.085512 0.844532
1.083175 0.844231
1.079225 0.843736
1.072942 0.843574
1.066664 0.844156
1.060391 0.845287
0.114532 1.412109
0.112739 1.407352
0.112238 1.406319
0.109938 1.402788
0.105910 1.399440
0.104724 1.398661
0.099617 1.397809
0.093336 1.397821
0.087061 1.398803
0.080785 1.399564
0.074513 1.400992
1.408800 0.851108
1.402503 0.848814
1.402207 0.848749
1.402578 0.848873
1.396214 0.847772
1.389930 0.847383
1.383647 0.847024
1.390826 0.848001
1.383345 0.847030
1.383672 0.847039
1.771358 0.844060
1.765089 0.846031
1.758817 0.847310
1.752535 0.847388
1.790163 0.838245
1.783894 0.839999
1.777625 0.841972
1.773208 0.843394
1.771515 0.844086
1.765715 0.846278
1.759606 0.847763
1.749152 0.847589
1.752789 0.847594
1.746257 0.847883
1.739980 0.848552
1.733700 0.848757
1.727422 0.849157
1.809503 0.833355
1.803451 0.834958
1.797336 0.836415
1.791218 0.837872
1.785256 0.839698
2.059814 0.838533
2.053536 0.839007
2.047255 0.839072
2.040971 0.838818
2.061438 0.838820
2.054914 0.839338
2.048170 0.839340
2.039087 0.838602
2.041238 0.838903
2.034687 0.838337
2.028402 0.837909
2.243414 0.871521
2.324958 0.854180
2.319489 0.850670
2.318650 0.850203
2.312347 0.847081
2.311856 0.846968
2.306065 0.846900
2.515061 0.862600
2.507981 0.861539
2.501700 0.861478
2.495419 0.861652
2.489138 0.861727
2.482856 0.861628
2.490503 0.863276
2.480514 0.861569
2.483260 0.862110
2.476575 0.861760
2.470298 0.862362
2.464016 0.862360
0.084512 0.865550
0.080593 0.863873
0.078212 0.862777
0.071919 0.861026
0.069978 0.860680
0.072827 0.862477
0.065630 0.860015
0.059349 0.860033
0.053073 0.860899
0.409331 0.870611
0.396095 0.869015
0.402189 0.869693
0.395215 0.868967
0.388933 0.868767
0.382648 0.868241
0.376364 0.867798
0.383610 0.868591
0.375190 0.867617
0.376545 0.867842
0.370074 0.866512
0.811370 0.861942
0.805107 0.860444
0.805077 0.860437
0.805275 0.860907
0.798785 0.858785
0.792977 0.857531
0.792494 0.857357
1.122086 0.867234
1.115804 0.867187
1.123273 0.868117
1.113244 0.866868
1.116256 0.867485
1.109508 0.864975
1.108240 0.862701
1.110083 0.863868
1.103192 0.859868
0.095241 1.432696
0.088971 1.434551
0.082699 1.435961
0.076429 1.437565
0.073163 1.438726
0.114024 1.423585
0.107767 1.427235
0.116904 1.420987
0.116764 1.415945
0.114552 1.411278
0.113936 1.410318
0.114931 1.413689
0.111234 1.406820
0.107606 1.403062
0.107086 1.402524
0.101310 1.400968
1.416783 0.855692
1.416472 0.855556
1.416909 0.855795
1.410482 0.852731
1.408610 0.851885
1.411958 0.855036
1.404184 0.850218
1.859748 0.850614
1.858477 0.850537
1.860167 0.851291
1.853465 0.850433
1.847182 0.850151
1.840894 0.849241
1.839427 0.848810
1.841756 0.850580
1.834598 0.847037
2.190989 0.857129
2.198459 0.858626
2.190788 0.856983
2.191024 0.857030
2.184682 0.853319
2.192027 0.854393
2.184260 0.853063
2.184757 0.853170
2.178376 0.849586
2.185774 0.850610
2.177543 0.849212
2.178496 0.849356
2.433864 0.860695
2.427582 0.860636
2.421300 0.860466
2.415017 0.860296
2.428884 0.861143
2.421976 0.860767
2.414766 0.860310
2.415035 0.860308
2.408738 0.860712
2.402463 0.861695
2.396187 0.862557
2.389910 0.863102
2.810691 0.858869
2.804398 0.856917
2.812221 0.858468
2.802647 0.856242
2.804716 0.856693
2.798102 0.854883
2.791810 0.853395
2.799297 0.854855
2.791097 0.853233
2.791914 0.853354
0.105720 0.878092
0.107148 0.878751
0.101719 0.873722
0.100467 0.872950
0.094173 0.871037
0.091252 0.870517
0.095122 0.872247
0.087882 0.869513
0.430019 0.876738
0.449842 0.875685
0.443827 0.877372
0.437243 0.877744
0.429692 0.876692
0.430071 0.876758
0.423725 0.874909
0.417976 0.873677
0.424747 0.875093
0.417434 0.873557
0.411145 0.872416
0.404861 0.871930
0.481571 0.861088
0.401754 0.871508
0.837058 0.873473
0.840265 0.873792
0.833634 0.873527
0.827352 0.873321
0.821066 0.872608
0.817435 0.871838
0.814772 0.870819
0.808474 0.868410
0.808444 0.868398
1.189887 0.862938
1.183624 0.865638
1.177354 0.867433
1.171083 0.868972
1.164808 0.870063
1.158531 0.870629
1.152253 0.871159
1.233777 0.850773
1.227498 0.851225
1.221220 0.851682
1.214941 0.852165
1.208668 0.853321
1.202404 0.855925
1.196147 0.859625
1.194912 0.860291
1.190325 0.862225
1.184423 0.864203
1.178358 0.865802
1.247968 0.850116
1.241381 0.850484
1.234807 0.850885
1.228250 0.851322
1.221712 0.851807
1.215167 0.852275
1.208941 0.853490
1.203398 0.856309
1.616880 0.848092
1.610602 0.848601
1.604322 0.848928
1.598043 0.849278
1.591764 0.849637
1.630714 0.846064
1.624268 0.846760
1.617873 0.847576
1.611371 0.848140
1.604823 0.848604
1.598307 0.849138
1.591611 0.849635
1.591774 0.849632
1.585482 0.849507
1.579196 0.848902
1.946374 0.843297
1.940109 0.845734
1.933840 0.847693
1.927571 0.849542
1.921298 0.850807
1.915024 0.851864
1.908748 0.852817
1.902471 0.853445
1.896192 0.853902
1.889916 0.854688
1.883642 0.855744
1.965180 0.837482
1.958905 0.838604
1.952636 0.840494
1.948163 0.842553
1.946779 0.843812
1.973101 0.837308
1.966735 0.838191
2.240051 0.868509
2.234318 0.867158
2.233760 0.867071
2.233960 0.867720
2.227467 0.865314
2.271754 0.855583
2.271370 0.855312
2.271460 0.855852
2.266392 0.859739
2.223289 0.864046
2.221168 0.862895
2.222062 0.866490
2.310321 0.847138
2.296421 0.844062
2.266364 0.851458
2.265058 0.850760
2.265314 0.852268
2.260291 0.856293
2.291275 0.842056
2.297581 0.843905
2.290124 0.841703
2.283836 0.840882
2.277555 0.840905
2.271275 0.841059
2.264998 0.841759
2.260539 0.847441
2.259135 0.848643
2.285347 0.841906
2.278246 0.841070
2.271467 0.840991
2.265020 0.841691
2.697034 0.862239
2.690182 0.861992
2.678094 0.861831
2.683344 0.861778
2.676722 0.861726
2.670436 0.861057
2.664152 0.860679
2.657875 0.861250
2.651596 0.861857
2.645324 0.863234
2.639047 0.863817
2.632777 0.865583
2.626505 0.866975
2.684453 0.859383
2.677787 0.859570
2.671092 0.859685
2.664498 0.860041
2.658090 0.860831
2.651695 0.861650
2.645479 0.862893
2.639092 0.863733
2.970392 0.886000
2.967912 0.885797
2.972022 0.889158
2.964106 0.885301
2.957822 0.884789
2.951539 0.884540
2.947113 0.884386
2.945254 0.884241
2.938972 0.884177
3.288057 0.930411
3.301997 0.928398
3.295192 0.928260
3.282880 0.928208
3.288443 0.928252
3.281759 0.927856
3.275468 0.926413
3.289372 0.925469
3.282550 0.925288
3.269879 0.925451
3.275802 0.925283
3.269179 0.925262
3.262892 0.924529
3.558561 0.964760
3.563828 0.966040
3.556666 0.964306
3.550378 0.963337
3.545484 0.961985
3.551552 0.963905
3.544085 0.961546
3.537789 0.959416
3.536150 0.958598
3.538219 0.959338
0.163774 0.885857
0.157499 0.886932
0.176296 0.879750
0.170037 0.883109
0.167801 0.884217
0.164334 0.886248
0.151530 0.887075
0.158139 0.887538
0.151219 0.887076
0.144936 0.886942
0.238997 0.862595
0.232717 0.862897
0.188808 0.872036
0.182552 0.876004
0.181290 0.876814
0.177935 0.881573
0.239948 0.863903
0.232089 0.862886
0.232900 0.863202
0.226429 0.861873
0.220147 0.861789
0.213873 0.862852
0.207599 0.864069
0.201331 0.866197
0.195068 0.868845
0.193748 0.869595
0.615827 0.861243
0.609544 0.860913
0.616704 0.861607
0.608247 0.860866
0.609690 0.860984
0.603257 0.860264
0.596974 0.859904
0.590692 0.859861
0.584412 0.860009
0.598278 0.860890
0.591296 0.860335
0.584379 0.860010
0.584414 0.860011
0.578130 0.859920
1.006855 0.854243
1.057015 0.840490
1.050744 0.842063
1.044474 0.843728
1.038203 0.845390
1.031934 0.847285
1.025667 0.849366
1.019399 0.851277
1.013127 0.852845
1.009542 0.853654
1.004221 0.854588
1.007218 0.854976
1.000579 0.855060
0.994302 0.855740
0.988024 0.856241
1.069561 0.837903
1.063287 0.839076
1.060893 0.839638
1.057203 0.840750
1.051518 0.843213
1.046055 0.846205
0.103201 1.433787
0.096936 1.436167
0.090666 1.437917
0.084394 1.439374
0.078125 1.441267
0.074195 1.442777
0.115715 1.426319
0.109458 1.430101
0.107054 1.431992
0.116939 1.425210
0.116556 1.427396
0.117641 1.420037
0.115648 1.416317
0.115198 1.415426
0.112605 1.410856
1.449866 0.856200
1.443597 0.858138
1.437330 0.860185
1.431051 0.860601
1.424759 0.859008
1.462749 0.852606
1.456602 0.853989
1.450449 0.855361
1.444352 0.856868
1.438190 0.858226
1.431965 0.859440
1.423608 0.858556
1.425038 0.859014
1.418467 0.857309
1.501609 0.843889
1.495254 0.844792
1.488947 0.845806
1.482664 0.846878
1.476466 0.848148
1.470284 0.849461
1.412475 0.855487
1.412172 0.855335
1.831196 0.838235
1.828345 0.837196
1.824898 0.835810
1.818604 0.833926
1.818457 0.833891
1.812318 0.833255
2.373716 0.863320
2.367494 0.864529
2.360822 0.864699
2.351438 0.863696
2.353843 0.864159
2.347199 0.862126
2.354972 0.861814
2.341530 0.860363
2.347996 0.861275
2.340904 0.860046
2.334715 0.856529
2.341902 0.857863
2.334598 0.856484
2.730306 0.860050
2.724025 0.859967
2.717740 0.859612
2.711459 0.859644
2.744509 0.857862
2.737885 0.858147
2.731338 0.858607
2.724714 0.858893
2.718046 0.859071
2.710749 0.859562
2.711503 0.859544
2.705175 0.859263
2.698892 0.859097
0.077258 0.862056
0.070241 0.860254
0.063956 0.859571
0.057675 0.859695
0.051400 0.860838
0.045130 0.862524
0.038860 0.864155
0.032585 0.865020
0.026313 0.866412
0.064736 0.859331
0.057998 0.859348
0.051711 0.860417
0.045562 0.861813
0.039372 0.863114
0.033006 0.864005
0.026729 0.865106
0.524433 0.867829
0.529456 0.867615
0.522915 0.867777
0.516630 0.867259
0.510345 0.866569
0.562096 0.860113
0.555843 0.861255
0.518245 0.867958
0.504727 0.866217
0.511169 0.867184
0.504059 0.866134
0.497773 0.865456
0.491489 0.864954
0.907682 0.863857
0.901412 0.865782
0.895142 0.867445
0.888872 0.869107
0.882600 0.870511
0.876328 0.871988
0.870056 0.873379
0.970394 0.848571
0.964119 0.849409
0.957846 0.850849
0.951573 0.852082
0.945301 0.853417
0.939031 0.855126
0.932761 0.856744
0.926491 0.858584
0.920221 0.860372
0.913950 0.861938
0.908363 0.863646
0.907733 0.863888
0.901914 0.866058
0.895936 0.867862
0.971301 0.849874
0.964720 0.850258
0.958639 0.851799
0.952314 0.852777
0.946100 0.854017
0.940132 0.855837
0.934205 0.857754
0.077623 1.386425
0.081170 1.387999
0.074010 1.386383
0.067728 1.386362
0.061446 1.386238
0.055171 1.387168
0.048894 1.387872
0.042618 1.388637
0.036340 1.389221
0.037596 1.391510
1.328198 0.853436
1.321593 0.853763
1.314791 0.853631
1.307902 0.852762
1.301614 0.851984
1.295328 0.851256
1.302788 0.852115
1.292479 0.850934
1.295684 0.851275
1.289042 0.850453
1.282757 0.849910
1.276473 0.849580
1.694406 0.858715
1.688132 0.859776
1.738305 0.848037
1.732022 0.847861
1.725745 0.848508
1.719475 0.850206
1.713204 0.851674
1.706934 0.853632
1.700673 0.856615
1.699482 0.857073
1.694782 0.858853
1.682499 0.860055
1.688498 0.859934
1.681852 0.860097
1.675569 0.859764
1.777343 0.841964
1.746135 0.847808
1.739593 0.848282
1.732788 0.848142
1.726265 0.848662
1.720139 0.850109
1.713863 0.851207
1.707792 0.852789
2.092878 0.836222
2.086599 0.836688
2.080323 0.837458
2.074045 0.837946
2.067766 0.838314
2.094287 0.836771
2.087688 0.837111
2.081242 0.837809
2.074649 0.838165
2.062951 0.838680
2.067996 0.838383
2.061487 0.838832
2.055210 0.839412
2.048930 0.839568
2.332936 0.857890
2.340796 0.860214
2.332365 0.857720
2.333050 0.857891
2.326630 0.854190
2.334572 0.856487
2.325744 0.853830
2.326829 0.854148
2.320330 0.851451
3.586007 0.973505
3.592551 0.975054
3.585195 0.973183
3.578897 0.970727
3.586651 0.972063
3.577009 0.970021
3.579239 0.970505
3.572599 0.968202
3.568550 0.966478
3.573339 0.967546
3.566300 0.965610
0.168355 0.881452
0.162091 0.884170
0.155815 0.885000
0.149535 0.885166
0.143254 0.885309
0.180861 0.872976
0.174609 0.877346
0.171969 0.879246
0.169535 0.882643
0.151188 0.887056
0.137794 0.885215
0.144109 0.886275
0.136972 0.885092
0.130682 0.884075
0.187111 0.868294
0.181476 0.872529
0.181495 0.874116
0.218448 0.857602
0.212168 0.857942
0.205894 0.859111
0.199628 0.861318
0.193368 0.864529
0.191575 0.865713
0.595298 0.859271
0.602547 0.860063
0.593273 0.859243
0.595512 0.859394
0.589014 0.858845
0.582733 0.858877
0.576452 0.859126
0.570174 0.859633
0.563898 0.860376
0.557623 0.861269
0.551349 0.862508
0.545076 0.863877
0.577534 0.859694
0.570908 0.859976
0.564423 0.860585
0.558010 0.861367
0.990913 0.848977
0.984640 0.850104
0.978362 0.850625
0.928171 0.859803
0.986059 0.852819
0.978209 0.850632
0.978389 0.850670
0.972082 0.850945
0.965806 0.851711
0.959531 0.852746
0.953255 0.853560
0.946980 0.854626
0.940709 0.856196
0.934439 0.857897
0.931243 0.858877
0.110635 1.403494
0.110546 1.403338
0.107429 1.398984
0.104219 1.396490
0.101430 1.394977
0.097925 1.394608
0.091643 1.394563
0.085367 1.395360
0.079089 1.395977
0.072816 1.397275
0.066540 1.398062
0.060264 1.398870
1.394538 0.847062
1.389687 0.846695
1.395147 0.847281
1.388254 0.846558
1.381968 0.846105
1.375688 0.846216
1.369408 0.846500
1.363130 0.846965
1.356855 0.848023
1.350582 0.849301
1.376780 0.846692
1.370059 0.846748
1.363455 0.847082
1.357144 0.848102
1.779297 0.841987
1.773032 0.844451
1.766766 0.846762
1.760495 0.848417
1.754219 0.849124
1.747939 0.849376
1.823199 0.831835
1.816916 0.831570
1.810638 0.831994
1.804369 0.833856
1.798099 0.835725
1.791830 0.837581
1.785563 0.839607
1.781306 0.841176
1.779482 0.841969
1.773779 0.844418
1.811097 0.832084
1.804900 0.833366
1.798832 0.834956
2.219055 0.864444
2.205248 0.860756
2.212905 0.860847
2.202542 0.859165
2.205760 0.859918
2.198940 0.856761
2.196582 0.855165
2.199397 0.855853
2.192630 0.852494
2.454382 0.861043
2.448102 0.861153
2.441822 0.861388
2.435541 0.861401
2.449367 0.861722
2.442582 0.861629
2.433191 0.861341
2.435773 0.861479
2.429256 0.860971
2.422974 0.860966
2.416696 0.861519
2.834029 0.860074
2.838237 0.861192
2.831213 0.859701
2.824930 0.859561
2.818651 0.859862
2.813137 0.858661
2.812361 0.858536
2.806067 0.856661
3.089040 0.909940
3.087788 0.909733
3.090476 0.912852
3.082749 0.908508
3.076462 0.907571
3.073287 0.907212
3.070175 0.906889
3.063889 0.906250
3.382371 0.932051
3.375404 0.931538
3.368544 0.931275
3.362169 0.930462
3.355881 0.929355
3.369882 0.929404
3.363022 0.929136
3.351826 0.928903
3.356173 0.928892
3.349594 0.928627
3.343305 0.927607
3.357388 0.926795
3.350671 0.926862
3.339156 0.926097
3.343847 0.926675
3.337009 0.925378
0.171719 0.884616
0.165454 0.887116
0.259532 0.865494
0.253249 0.865276
0.246963 0.864582
0.261075 0.865974
0.254316 0.865943
0.246453 0.864618
0.247002 0.864621
0.240683 0.864780
0.234404 0.865310
0.228124 0.865320
0.221848 0.866239
0.215576 0.867615
0.209300 0.868507
0.681942 0.854639
0.675670 0.856061
0.669397 0.857521
0.663126 0.858883
0.656854 0.860311
0.650580 0.861409
0.644302 0.862008
0.638023 0.862358
0.631741 0.862405
0.625459 0.862223
0.702426 0.852064
0.696066 0.852959
0.689667 0.853764
0.683203 0.854420
0.676984 0.855649
0.670751 0.856844
0.664547 0.858110
0.658344 0.859381
0.652048 0.860441
0.645632 0.861214
1.103909 0.854972
1.099801 0.852701
1.096523 0.851194
1.093501 0.849937
1.087210 0.848567
1.085127 0.848162
1.080920 0.847279
0.048458 1.451684
0.042186 1.452790
0.035911 1.454005
0.104897 1.437237
0.098630 1.439579
0.092361 1.441397
0.086090 1.442976
0.079822 1.444876
0.074808 1.446920
0.074474 1.449286
0.068707 1.451575
0.062101 1.451904
0.055643 1.452577
0.048824 1.452405
0.042535 1.453476
0.036688 1.455586
0.111151 1.433265
0.107295 1.436190
0.105893 1.438943
0.117385 1.426115
0.116194 1.429588
0.117902 1.424253
0.117363 1.422915
0.117621 1.424926
0.116013 1.419561
1.464067 0.851066
1.457796 0.852795
1.451525 0.854300
1.445255 0.855986
1.438983 0.857414
1.432712 0.859106
1.426437 0.860058
1.501707 0.843845
1.495432 0.844697
1.489156 0.845648
1.482882 0.846664
1.476609 0.847998
1.470337 0.849409
1.468081 0.849982
1.464183 0.850966
1.458110 0.852537
1.451976 0.853971
1.445898 0.855537
1.490811 0.845194
1.484409 0.845999
1.478145 0.847133
1.886543 0.850261
1.880271 0.851593
1.873998 0.852816
1.867721 0.853594
1.886886 0.850681
1.880815 0.852246
1.874618 0.853518
1.865856 0.853483
1.868068 0.853972
1.861439 0.853453
1.855154 0.852960
1.848869 0.852362
1.845268 0.852062
1.842582 0.851720
2.148792 0.847978
2.141926 0.845555
2.136529 0.843611
2.135629 0.843299
2.129338 0.841755
2.124554 0.840675
2.130327 0.842187
2.123048 0.840450
2.583704 0.870334
2.576834 0.870046
2.563301 0.869415
2.557020 0.869396
2.550739 0.869622
2.544460 0.869922
2.538180 0.870089
2.534038 0.870011
2.539365 0.872076
2.531898 0.870001
2.525614 0.869850
2.941864 0.877155
2.940030 0.877128
2.942791 0.878961
2.935581 0.877038
2.929297 0.876566
2.923015 0.876525
2.916733 0.876360
2.915698 0.876331
2.917944 0.878995
2.910450 0.876149
2.904166 0.875875
3.437537 0.939816
3.423759 0.936645
3.431678 0.936896
3.419875 0.934805
3.424398 0.935653
3.417458 0.933737
3.411164 0.931842
3.418432 0.932520
3.409645 0.931553
3.411313 0.931644
3.404875 0.930623
3.696885 0.997294
3.689592 0.994877
3.683499 0.992046
3.690872 0.994022
3.683292 0.991946
3.676996 0.989862
3.684957 0.991019
3.673772 0.988708
3.677565 0.989503
3.670701 0.987729
3.664408 0.986226
0.094695 0.870714
0.100017 0.872877
0.092492 0.869594
0.086197 0.867483
0.085526 0.867254
0.086560 0.867990
0.079898 0.864976
0.074978 0.864081
0.073609 0.863825
0.415746 0.871135
0.410058 0.870814
0.417232 0.873297
0.409462 0.870763
0.403179 0.870477
0.396894 0.869902
0.390610 0.869713
0.397970 0.870633
0.388823 0.869498
0.390878 0.869818
0.384322 0.868721
0.819365 0.868307
0.817066 0.867655
0.813071 0.866361
0.806777 0.864504
0.806611 0.864437
0.800482 0.862513
0.102292 1.395034
0.088265 1.389394
0.096189 1.391538
0.085866 1.389213
0.088610 1.389605
0.081984 1.389448
0.075701 1.389376
0.069422 1.389631
0.063143 1.389985
0.056870 1.391280
0.050590 1.391658
0.044311 1.392023
0.039822 1.392220
0.045338 1.393844
0.038032 1.392363
1.328422 0.853440
1.322144 0.853831
1.315861 0.853791
1.309575 0.853033
1.361276 0.846950
1.355032 0.848109
1.348843 0.849403
1.342573 0.850512
1.336357 0.851748
1.323723 0.853751
1.317084 0.854000
1.306896 0.852669
1.309980 0.853160
1.303288 0.852142
1.297001 0.851377
1.692706 0.854398
1.686433 0.855663
1.680155 0.856340
1.711517 0.849477
1.705243 0.850594
1.698975 0.852567
1.696278 0.853386
1.679663 0.856286
1.681351 0.858995
1.673870 0.855789
1.667585 0.855207
1.662483 0.854281
2.039295 0.838137
2.033011 0.837700
2.026726 0.837150
2.034154 0.838111
2.024820 0.836844
2.027041 0.837255
2.020439 0.836434
2.014155 0.836074
2.007874 0.836023
2.481179 0.860760
2.474895 0.860613
2.468617 0.861083
2.462339 0.861508
2.456060 0.861891
2.476154 0.861268
2.469555 0.861611
2.462937 0.861907
2.454466 0.861873
2.456233 0.862004
2.449773 0.861228
2.443490 0.860900
2.851754 0.863373
2.845470 0.862947
2.853308 0.864858
2.843059 0.862728
2.845987 0.863519
2.839185 0.862557
2.832906 0.862878
2.826627 0.863241
2.820339 0.862256
2.819099 0.861889
2.821092 0.863449
3.103305 0.914466
3.097019 0.913817
3.091046 0.913401
3.090734 0.913365
3.084444 0.912015
3.078158 0.911297
3.075582 0.911086
3.071872 0.910711
3.451685 0.941336
3.441674 0.940304
3.444624 0.940607
3.438009 0.938976
3.445698 0.938132
3.432012 0.936931
3.438707 0.937557
3.431714 0.936838
3.425415 0.934259
3.432947 0.934926
3.423376 0.933415
3.425736 0.933831
3.419118 0.931955
3.703861 0.999935
3.700329 0.998407
3.704684 0.999734
3.697560 0.996920
3.692885 0.994655
3.698573 0.996253
3.691258 0.993878
3.684958 0.991019
3.692596 0.993121
3.684957 0.991019
0.463057 0.870639
0.456792 0.873028
0.450525 0.875261
0.444254 0.876818
0.437973 0.876851
0.431687 0.876189
0.488119 0.860975
0.475568 0.862945
0.469308 0.866132
0.465150 0.869685
0.463356 0.870753
0.457613 0.873083
0.451555 0.874689
0.445178 0.875550
0.438566 0.875862
0.429591 0.875905
0.431873 0.875982
0.425400 0.875334
0.484617 0.861234
0.488466 0.861434
0.481840 0.861372
0.477330 0.862503
0.475644 0.862988
0.470186 0.865987
0.872964 0.868813
0.866692 0.870430
0.860422 0.872091
0.854149 0.873326
0.847875 0.874336
0.841599 0.875218
0.835320 0.875566
0.829039 0.875662
0.822758 0.875798
0.886385 0.866264
0.880640 0.868586
0.843069 0.875364
0.836503 0.875786
0.829824 0.875941
0.820691 0.875543
0.823139 0.876081
0.032953 1.382717
1.260567 0.849737
1.254287 0.849906
1.274696 0.849527
1.267982 0.849599
1.261234 0.849594
1.248666 0.850094
1.254596 0.849843
1.248007 0.850113
1.241728 0.850504
1.235449 0.850930
1.229171 0.851447
1.222894 0.852165
1.216619 0.853072
1.643668 0.846580
1.637385 0.846332
1.644859 0.847585
1.635173 0.846269
1.637638 0.846481
1.631102 0.846137
1.624823 0.846602
1.618546 0.847274
1.612268 0.847754
1.605988 0.848016
1.626153 0.846224
1.941796 0.848046
1.935530 0.850405
1.929264 0.852696
1.922993 0.854405
1.916721 0.855793
1.910447 0.856871
1.904169 0.857358
1.991965 0.835662
1.985686 0.835989
1.979408 0.836590
1.960584 0.839649
1.954317 0.841949
1.948056 0.844903
1.942404 0.847805
1.941901 0.848160
1.936849 0.852131
2.005996 0.835374
1.999359 0.835625
1.992713 0.835856
1.986076 0.836109
1.974372 0.837164
1.979560 0.836641
1.973131 0.837322
1.966856 0.838251
1.961769 0.839371
1.960624 0.839671
1.955057 0.842435
2.260558 0.867144
2.254292 0.869443
2.248022 0.871327
2.241747 0.872203
2.235465 0.872143
2.261722 0.866618
2.260637 0.867010
2.254756 0.869020
2.248866 0.871015
2.242838 0.872692
2.232764 0.871684
2.236168 0.872870
2.229175 0.870861
2.264349 0.861108
2.260498 0.858244
2.260849 0.862542
2.255090 0.864851
2.249348 0.867209
2.312486 0.847658
2.318394 0.850212
2.310676 0.847063
2.304383 0.845376
2.259226 0.856977
2.254755 0.859135
2.301428 0.844530
2.305201 0.845945
2.298091 0.843958
2.291804 0.843008
2.542774 0.867756
2.536490 0.867542
2.530206 0.867048
2.528055 0.866799
2.531142 0.868616
2.523921 0.866581
2.517638 0.866268
2.511355 0.866048
2.505134 0.865801
2.505072 0.865803
2.927605 0.873506
2.921323 0.873396
2.915038 0.872996
2.911288 0.872842
2.908755 0.872731
2.902472 0.872529
2.896188 0.872104
2.889904 0.871828
3.160377 0.934497
3.154097 0.934599
3.153784 0.934587
3.154241 0.934866
3.147812 0.934147
3.141526 0.933490
3.135243 0.933260
3.133686 0.933049
3.128955 0.932340
3.122667 0.931295
3.584983 0.973147
3.570929 0.968476
3.567848 0.967374
3.571597 0.968416
3.564632 0.966227
3.558342 0.964977
3.565837 0.965765
3.555067 0.964570
3.558719 0.964893
3.552055 0.964058
2.984656 0.890369
2.978372 0.889891
2.972204 0.889287
2.972086 0.889268
2.965801 0.888696
2.959518 0.888619
2.953237 0.888665
3.274410 0.931976
3.261263 0.930884
3.254975 0.929924
3.281664 0.928172
3.274948 0.928240
3.268195 0.928225
3.261668 0.928734
3.252035 0.929350
3.255120 0.929193
3.248686 0.928780
3.242401 0.928322
3.236124 0.928947
3.229855 0.930846
3.223575 0.931146
3.269134 0.925466
3.262614 0.925992
3.255933 0.926142
3.249239 0.926266
3.242742 0.926848
3.236379 0.927748
3.529590 0.956280
3.535828 0.958702
3.528139 0.955713
3.521841 0.953142
3.520878 0.952738
3.522110 0.953207
3.515538 0.949884
3.513410 0.949014
3.516013 0.949776
3.509240 0.947651
3.019445 0.896090
3.026917 0.896292
3.013653 0.895590
3.020151 0.896243
3.013160 0.895516
3.006874 0.894729
3.000587 0.894016
3.008006 0.894437
2.994525 0.893905
3.001028 0.893890
2.994305 0.893897
2.988020 0.893440
3.174625 0.936480
3.168347 0.936851
3.162069 0.937431
3.175787 0.937907
3.168872 0.937513
3.161678 0.937446
3.162123 0.937504
3.155788 0.937539
3.149505 0.937401
3.143221 0.936974
3.136940 0.936947
3.136284 0.936876
3.137313 0.937644
3.527759 0.955638
3.513871 0.950637
3.511506 0.950132
3.514240 0.950592
3.507578 0.948894
3.501286 0.947282
3.508480 0.947928
3.500430 0.947022
3.501403 0.947151
3.494992 0.945476
3.760919 1.017785
3.768832 1.017665
3.756696 1.015643
3.761618 1.016577
3.754615 1.014425
3.749854 1.011791
3.755384 1.012809
3.748311 1.010996
3.742035 1.008141
3.749233 1.009270
3.742010 1.008127
2.872283 0.865227
2.866002 0.865373
2.859720 0.865371
2.867552 0.866613
2.854239 0.865019
2.860615 0.866165
2.853436 0.864929
2.847154 0.864773
2.840876 0.865270
2.834599 0.865960
2.828317 0.866051
3.139831 0.929910
3.133546 0.929462
3.131545 0.929167
3.127259 0.928516
3.120969 0.927367
3.116270 0.926810
3.114682 0.926633
3.492644 0.947446
3.479084 0.945261
3.472793 0.943811
3.479980 0.944384
3.471677 0.943544
3.472923 0.943659
3.466495 0.941409
3.474129 0.941526
3.463500 0.939936
3.466945 0.940495
3.460195 0.938558
3.739504 1.012229
3.732398 1.010024
3.727252 1.007245
3.733346 1.008612
3.726094 1.006697
3.719798 1.004499
3.727495 1.005739
3.717934 1.003824
3.720142 1.004319
3.713498 1.001668
3.711013 1.000019
3.714066 1.000954
3.228229 0.937591
3.221953 0.938552
3.215672 0.938594
3.209391 0.938623
3.261008 0.932183
3.254431 0.932571
3.247852 0.932956
3.241345 0.933509
3.234946 0.934309
3.228717 0.935505
3.222439 0.936589
3.215997 0.937296
3.206024 0.938192
3.209549 0.937989
3.203104 0.937805
3.196820 0.937412
3.190534 0.936785
3.248505 0.929496
3.241980 0.930009
3.235634 0.930939
3.229499 0.932365
3.223178 0.933359
3.216701 0.933987
3.210242 0.934660
3.203690 0.935113
3.197228 0.935780
3.187699 0.936385
3.190679 0.936240
3.556194 0.963985
3.542405 0.960331
3.537323 0.959163
3.543700 0.961322
3.536114 0.958804
3.529814 0.956155
3.528625 0.955642
3.530131 0.956188
3.523512 0.953083
3.521367 0.951902
3.403197 0.933412
3.396283 0.933022
3.386021 0.932238
3.389262 0.932387
3.382693 0.931620
3.376402 0.930170
3.390463 0.930208
3.383714 0.930197
3.372618 0.929518
3.376749 0.929687
3.370113 0.929022
3.363823 0.927642
3.371098 0.927311
3.359277 0.926838
3.364191 0.926929
3.357533 0.926547
3.675335 0.991509
3.683248 0.991979
3.670953 0.989997
3.675972 0.990748
3.669038 0.989184
3.662742 0.986950
3.670121 0.987865
3.661388 0.986614
3.662895 0.986743
3.656451 0.985549
3.650157 0.983703
3.657440 0.984829
3.649871 0.983613
3.650197 0.983660
3.668693 0.989512
3.657393 0.988131
3.661491 0.988455
3.654791 0.987345
3.648494 0.984912
3.655790 0.985905
3.647883 0.984724
3.648573 0.984807
3.642199 0.982856
3.638098 0.981403
3.642813 0.982159
3.635900 0.980351
3.746662 1.014346
3.754267 1.015172
3.744940 1.013461
3.746954 1.013857
3.740356 1.010758
3.748058 1.011453
3.738087 1.009595
3.740711 1.010050
3.734055 1.007819
3.742006 1.008137
3.729279 1.006104
3.734786 1.007022
3.727757 1.005361
