-1.390524 0.837217
-1.396791 0.836477
-1.403060 0.836279
-1.409330 0.836032
-1.415600 0.835902
-1.421872 0.836070
-1.428147 0.836821
-1.434434 0.839596
-1.389976 0.837398
-1.390284 0.837741
-1.437110 0.841499
-1.440738 0.845495
-1.443439 0.848157
-1.447055 0.853913
-1.447396 0.854605
-1.446740 0.854984
-1.453359 0.859965
-1.454830 0.861361
-1.452650 0.862147
-1.459668 0.866572
-1.465030 0.868362
-1.459146 0.868564
-1.465950 0.868679
-1.466425 0.868484
-1.040388 0.819792
-1.046653 0.818592
-1.052921 0.818025
-1.059189 0.817593
-1.027874 0.824906
-1.034128 0.821753
-1.038255 0.820445
-1.033093 0.821377
-1.026979 0.825596
-1.019982 0.827150
-1.014313 0.832031
-0.868356 0.844590
-0.804216 0.840887
-0.862101 0.847507
-0.868356 0.844590
-0.817282 0.847488
-0.823138 0.848544
-0.830775 0.852847
-0.829196 0.849358
-0.837051 0.853738
-0.835540 0.849815
-0.843322 0.853770
-0.842078 0.850029
-0.849588 0.852930
-0.848678 0.850167
-0.855849 0.850904
-0.858263 0.849802
-0.855514 0.850004
-0.348296 0.820669
-0.354569 0.820979
-0.360838 0.820711
-0.367113 0.821521
-0.373396 0.823617
-0.343355 0.821742
-0.376127 0.824555
-0.379680 0.825783
-0.379292 0.825349
-0.385962 0.827898
-0.392247 0.830287
-0.398530 0.832538
-0.398877 0.832655
-0.404814 0.834827
-0.411096 0.836795
-0.054761 0.832376
-0.010864 0.832508
-0.009438 0.832674
-0.017146 0.834498
-0.023426 0.836153
-0.029704 0.837467
-0.035979 0.838002
-0.042248 0.837641
-0.048504 0.834975
-0.049997 0.834301
-0.034412 0.841171
0.295267 0.834381
0.301504 0.840479
0.296885 0.836122
0.307753 0.844541
0.303177 0.841680
0.314010 0.847363
0.313097 0.846946
0.604326 0.822322
0.616832 0.828866
0.618260 0.825272
0.610577 0.825875
0.607729 0.824289
0.611066 0.824648
0.629345 0.834188
0.623085 0.832005
0.618115 0.829488
0.623962 0.830137
0.630262 0.834566
0.636766 0.835530
0.927486 0.837664
0.921236 0.833660
0.920123 0.832937
0.921780 0.833528
0.933739 0.841002
0.928452 0.838314
0.939993 0.844077
0.938930 0.843531
0.940619 0.844213
1.217720 0.827672
1.223961 0.832999
1.218748 0.828284
1.224637 0.833867
1.224228 0.834270
1.230180 0.842404
1.227635 0.839715
1.225256 0.841727
1.242701 0.846587
1.236436 0.845477
1.235542 0.845155
1.231166 0.846868
1.256615 0.851321
1.250152 0.851621
1.244096 0.852426
1.537605 0.816745
1.531329 0.817628
1.525057 0.817750
1.518788 0.817232
1.512519 0.816949
1.506245 0.817408
1.543861 0.819424
1.543308 0.819082
1.538408 0.820591
1.532744 0.821907
1.544908 0.826498
1.470360 0.843765
1.468458 0.846556
1.465561 0.850286
1.462143 0.854434
1.459598 0.856912
1.455837 0.860771
1.453161 0.863581
1.449529 0.867434
1.445965 0.870316
1.443234 0.871870
1.443727 0.871178
1.436949 0.874431
1.430673 0.875110
1.706400 0.808265
1.712662 0.809924
1.709665 0.808367
1.704576 0.808811
1.707380 0.809900
1.700114 0.810969
1.693821 0.814812
1.713841 0.814120
1.713068 0.814761
1.691843 0.816033
1.687524 0.819712
1.714444 0.820190
1.713262 0.821166
1.683078 0.822906
1.681225 0.824743
1.674928 0.829492
1.714102 0.826347
1.713061 0.827082
1.674468 0.829767
1.675251 0.830140
1.668622 0.835723
1.666546 0.836566
1.669108 0.837007
1.662329 0.839635
1.656044 0.842171
1.649770 0.842822
1.643490 0.844223
1.663717 0.844837
1.656839 0.844620
1.788678 0.981174
1.782413 0.980076
1.776144 0.979639
1.769878 0.978688
1.813742 0.984825
1.807475 0.984160
1.801209 0.983236
1.802669 0.982430
1.794946 0.981742
1.791516 0.981452
1.795224 0.981499
1.816189 0.985453
1.820772 0.986064
-1.634926 0.840423
-1.636264 0.842406
-1.639038 0.846884
-1.604979 0.855186
-1.636346 0.857281
-1.639300 0.853008
-1.610123 0.856604
-1.604045 0.857326
-1.611260 0.857034
-1.617539 0.858560
-1.623817 0.859770
-1.630091 0.860079
-1.633993 0.858653
-1.628680 0.860082
-1.395100 0.839950
-1.401372 0.840075
-1.407643 0.840173
-1.382571 0.842455
-1.388830 0.840284
-1.393988 0.840012
-1.394943 0.840310
-1.400908 0.841255
-1.376329 0.847732
-1.379830 0.844902
-1.032414 0.821086
-1.019904 0.827046
-1.026156 0.823609
-1.030084 0.822026
-1.025316 0.822739
-1.013655 0.830953
-1.019641 0.827223
-1.012116 0.828611
-1.011718 0.832663
-1.006037 0.833973
-1.000311 0.838928
-0.669927 0.838249
-0.668698 0.836431
-0.676189 0.836609
-0.675603 0.836183
-0.682461 0.836898
-0.681548 0.837145
-0.688748 0.839611
-0.695032 0.841879
-0.701311 0.843315
-0.655929 0.841790
-0.665167 0.840644
-0.663390 0.840858
-0.693502 0.845153
-0.707359 0.844280
-0.701081 0.844045
-0.707587 0.844312
-0.713874 0.847014
-0.720159 0.849596
-0.726434 0.850261
-0.719695 0.852117
-0.346596 0.822532
-0.352860 0.821269
-0.359124 0.819973
-0.365398 0.820378
-0.334082 0.827676
-0.340338 0.824938
-0.342854 0.823948
-0.313709 0.829640
-0.327819 0.829319
-0.329727 0.828948
-0.332469 0.831336
0.044469 0.826285
0.038206 0.824842
0.031938 0.824381
0.083670 0.825518
0.077085 0.825669
0.069538 0.829326
0.070548 0.825884
0.063271 0.828579
0.064000 0.826082
0.057003 0.827874
0.057473 0.826308
0.050733 0.827566
0.046083 0.826681
0.051038 0.826650
0.518913 0.804067
0.512643 0.803848
0.506370 0.804145
0.500096 0.804672
0.493822 0.805226
0.487548 0.805862
0.481275 0.805880
0.475006 0.805677
0.890821 0.822180
0.877950 0.829021
0.864241 0.831262
0.857961 0.832835
0.851681 0.834602
0.845400 0.836119
0.839129 0.836152
0.832856 0.836482
0.826577 0.837980
0.865376 0.836231
0.858732 0.836308
0.852111 0.836414
0.845495 0.836528
0.839417 0.837311
0.833733 0.838601
0.826405 0.838049
0.820283 0.842004
0.821047 0.839530
0.813999 0.844432
0.807725 0.845013
0.801449 0.845833
0.797757 0.846670
0.795169 0.847487
1.370485 0.831560
1.364223 0.829878
1.357952 0.829870
1.351676 0.830622
1.345400 0.831521
1.339124 0.832466
1.376740 0.834401
1.372516 0.832440
1.710975 0.805741
1.711906 0.805912
1.709222 0.806141
1.711743 0.806944
1.704693 0.807725
1.705826 0.807931
1.698406 0.810636
1.692121 0.813239
1.691095 0.813815
1.685824 0.817864
1.681763 0.820737
1.679525 0.822889
1.673229 0.827392
1.672808 0.827627
1.666928 0.832765
1.662368 0.834644
1.660640 0.835898
1.654352 0.838914
1.648075 0.839964
1.641796 0.841432
1.635521 0.842071
1.629245 0.842837
1.624360 0.844072
1.622965 0.844578
1.616679 0.847256
1.610390 0.850533
1.817170 0.983336
1.842233 0.987426
1.835964 0.986914
1.829699 0.985921
1.823435 0.984427
1.818880 0.983659
1.824179 0.984199
1.854756 0.991069
1.848494 0.989118
1.843004 0.987659
1.849692 0.988671
1.868743 0.993497
1.859828 0.992345
1.861280 0.992563
-1.250172 0.817797
-1.256444 0.817851
-1.262721 0.818951
-1.217524 0.817223
-1.223641 0.817950
-1.230141 0.818208
-1.237639 0.819315
-1.236589 0.818530
-1.243907 0.818835
-1.248365 0.818161
-1.243256 0.818581
-1.264112 0.819521
-1.269005 0.821402
-1.275294 0.824597
-1.279055 0.826935
-1.281587 0.828419
-1.287829 0.833809
-1.287888 0.833853
-1.294189 0.839419
-1.295442 0.840582
-1.293765 0.841018
-1.300492 0.845278
-1.303093 0.847358
-1.299683 0.848172
-1.306793 0.850568
-1.312143 0.854257
-1.305270 0.855749
-1.313088 0.854799
-1.319374 0.857548
-1.325654 0.859282
-1.331927 0.859428
-1.324649 0.862847
-0.751888 0.814151
-0.758154 0.813056
-0.764431 0.814206
-0.745631 0.816783
-0.750986 0.814489
-0.750439 0.816396
-0.767849 0.815954
-0.770725 0.818493
-0.777012 0.821347
-0.739379 0.820176
-0.739911 0.819667
-0.779035 0.823040
-0.732060 0.826545
-0.782409 0.829441
-0.783336 0.830883
-0.782533 0.830531
-0.788584 0.836088
-0.789639 0.836690
-0.789189 0.836747
-0.795912 0.837069
-0.795775 0.836901
-0.802185 0.837379
-0.802158 0.837314
-0.808471 0.840154
-0.814748 0.841102
-0.268252 0.815456
-0.344906 0.826088
-0.287809 0.822323
-0.301011 0.826871
-0.307291 0.828465
-0.313570 0.829733
-0.338651 0.829112
-0.344382 0.826380
-0.314110 0.829858
-0.319852 0.831669
-0.326126 0.832333
-0.332393 0.831490
-0.332558 0.831447
0.023950 0.825500
0.017678 0.825735
0.011399 0.827134
0.044344 0.826668
0.036473 0.828939
0.037501 0.826498
0.030215 0.826710
0.026934 0.826062
0.030568 0.826214
0.009917 0.827547
0.005119 0.828851
0.005730 0.828747
-0.001164 0.830928
-0.007449 0.833421
0.056189 0.830883
0.049637 0.831075
0.042733 0.831241
0.041887 0.830905
0.042831 0.830953
0.454496 0.803146
0.492112 0.805174
0.485841 0.805164
0.479572 0.804747
0.473303 0.804374
0.467036 0.803801
0.460766 0.803375
0.455891 0.803173
0.832520 0.837075
0.826565 0.838019
0.831480 0.841959
0.825743 0.843153
0.819850 0.844169
0.813786 0.844978
0.807427 0.845419
0.799719 0.849672
0.801233 0.846071
0.793443 0.850387
0.819130 0.849441
0.812920 0.850055
0.805965 0.854093
0.802484 0.850077
0.806254 0.850106
0.791401 0.851032
0.787159 0.852775
0.787604 0.851952
0.780868 0.856343
0.777596 0.858343
0.774575 0.860336
0.775313 0.859529
0.768278 0.864816
0.767449 0.865337
0.761981 0.869555
0.757761 0.872291
0.755687 0.873774
0.756216 0.873132
0.749395 0.877557
0.745745 0.879448
0.743106 0.880664
0.743497 0.880168
0.736828 0.882011
0.737550 0.881141
0.730558 0.881836
0.726707 0.881126
1.206388 0.815138
1.200112 0.816035
1.207755 0.818110
1.197166 0.817195
1.193825 0.818837
1.187533 0.822646
1.184873 0.824369
1.181238 0.827122
1.174947 0.830698
1.173447 0.831471
1.168653 0.834691
1.162365 0.837728
1.124716 0.841823
1.159066 0.838827
1.156081 0.840171
1.156659 0.839803
1.149800 0.841949
1.151148 0.841321
1.143522 0.843025
1.137250 0.843230
1.130983 0.842601
1.124783 0.841828
1.392666 0.841091
1.386404 0.839315
1.380143 0.837492
1.405189 0.844509
1.398924 0.843320
1.393465 0.841288
1.394278 0.843416
1.408244 0.846130
1.405673 0.847006
1.400175 0.848526
1.406599 0.852397
1.405549 0.853019
1.405954 0.859691
1.834133 0.802584
1.827862 0.802395
1.865480 0.804195
1.859208 0.804464
1.852936 0.804355
1.846668 0.803850
1.847872 0.803273
1.840398 0.803634
1.835975 0.802698
1.841102 0.803193
1.813704 0.810763
1.814358 0.816804
1.813985 0.822942
1.812939 0.829145
1.811232 0.835409
1.808838 0.840851
1.808645 0.841751
1.809588 0.842677
1.807764 0.847951
1.806248 0.854210
1.803437 0.861867
1.791141 0.881763
1.670376 0.930859
1.664122 0.927844
1.663707 0.927703
1.689163 0.935732
1.682907 0.932846
1.676634 0.933305
1.674944 0.932816
1.670873 0.933865
1.695423 0.937833
1.693862 0.937300
1.689455 0.938080
1.683931 0.939563
1.678079 0.940647
1.696361 0.944492
1.690550 0.945610
1.709343 0.950132
-1.667051 0.835551
-1.768681 0.870357
-1.754589 0.874346
-1.762445 0.876614
-1.765693 0.873195
-1.761820 0.873676
-1.737390 0.882054
-1.743667 0.883174
-1.742271 0.879099
-1.749938 0.883270
-1.748820 0.879300
-1.756201 0.881515
-1.760293 0.878831
-1.755509 0.879323
-1.089401 0.817050
-1.095677 0.817966
-1.101955 0.819093
-1.102118 0.819151
-1.108237 0.821071
-1.106781 0.821503
-1.114517 0.822860
-1.120798 0.824620
-1.127082 0.827000
-1.129346 0.827624
-1.133362 0.828549
-1.139639 0.829509
-1.145917 0.830793
-1.152198 0.832681
-0.690452 0.838612
-0.696729 0.839582
-0.703002 0.839826
-0.709269 0.839146
-0.715548 0.840509
-0.721818 0.840463
-0.728087 0.840055
-0.734364 0.841062
-0.740635 0.841055
-0.707597 0.844288
-0.714795 0.843667
-0.721192 0.844061
-0.727308 0.844815
-0.733649 0.845285
-0.433294 0.830355
-0.439545 0.826830
-0.441454 0.825680
-0.381759 0.828433
-0.408227 0.833753
-0.414498 0.833529
-0.420767 0.833235
-0.427030 0.831790
-0.431608 0.830921
-0.433008 0.831435
0.022233 0.827026
0.023562 0.825840
0.015964 0.826509
0.016980 0.825997
0.009687 0.827452
0.011195 0.827161
0.003408 0.828914
-0.002872 0.830627
-0.009155 0.832763
-0.010240 0.833121
-0.015440 0.835167
-0.013834 0.835606
-0.021726 0.837828
-0.028011 0.840371
-0.040551 0.840130
-0.033243 0.841239
-0.034287 0.841403
-0.034705 0.841367
-0.034173 0.841477
0.451083 0.801999
0.444808 0.802661
0.438532 0.803499
0.432255 0.804711
0.425977 0.805825
0.419699 0.807070
0.413421 0.808347
0.413222 0.808409
0.407138 0.810557
0.408045 0.810088
0.400852 0.813105
0.394566 0.815895
0.393724 0.816224
0.388281 0.818325
0.381993 0.821557
0.378089 0.823707
0.375703 0.824966
0.358359 0.837649
0.356810 0.839236
0.351227 0.844377
0.350508 0.845003
0.344210 0.849850
0.342471 0.851251
0.337907 0.855575
0.331621 0.858231
0.799499 0.850048
0.793200 0.850555
0.785438 0.854821
0.805860 0.855792
0.799110 0.855738
0.783752 0.855560
0.779153 0.857266
0.779885 0.856845
0.772860 0.861182
0.770493 0.862814
0.766559 0.866592
0.768010 0.864930
0.760272 0.869574
0.759617 0.869866
0.753977 0.874005
0.716326 0.878065
0.710063 0.876783
0.750599 0.876761
0.747681 0.878357
0.748502 0.878021
0.741396 0.880833
0.735121 0.881636
0.728852 0.881289
0.722586 0.880149
0.719725 0.879427
0.723657 0.880529
1.088328 0.824021
1.082072 0.821290
1.080238 0.820508
1.100837 0.830074
1.094585 0.826797
1.091960 0.825582
1.107093 0.832935
1.102374 0.830801
1.362518 0.828975
1.356244 0.829503
1.349966 0.830603
1.343688 0.831982
1.337411 0.833109
1.336463 0.833280
1.331132 0.834426
1.331449 0.834137
1.324855 0.835389
1.325353 0.834914
1.318577 0.836694
1.319519 0.836031
1.312299 0.838088
1.306017 0.839903
1.300666 0.842522
1.299727 0.843211
1.293432 0.847699
1.291056 0.849470
1.287130 0.853352
1.283441 0.856242
1.280831 0.858319
1.274540 0.861780
1.271302 0.863415
1.268252 0.865003
1.842159 0.897686
1.835894 0.896362
1.829632 0.894722
1.828505 0.894243
1.873503 0.899814
1.874483 0.897631
1.867236 0.899145
1.867948 0.897847
1.860964 0.899123
1.861535 0.898214
1.854692 0.899342
1.855137 0.898603
1.848424 0.898724
1.847772 0.898653
1.848471 0.898655
1.741398 0.974327
1.735134 0.973071
1.728867 0.972326
1.766460 0.978473
1.760195 0.977342
1.753931 0.976104
1.747664 0.975076
1.744897 0.974826
1.772725 0.979514
1.768482 0.978908
1.774186 0.980351
-1.847629 0.816954
-1.835117 0.822499
-1.841372 0.819441
-1.845779 0.817562
-1.828871 0.827140
-1.834722 0.822705
-1.834540 0.823467
-1.827701 0.828222
-1.532468 0.835531
-1.538741 0.836130
-1.545016 0.836594
-1.551290 0.837123
-1.557566 0.838031
-1.563839 0.838460
-1.565525 0.838935
-1.570121 0.840313
-1.569496 0.840125
-1.576407 0.843037
-1.582697 0.846423
-1.582919 0.846565
-1.582546 0.846740
-1.589004 0.852952
-1.581618 0.854069
-1.589247 0.853225
-1.588935 0.853292
-1.574836 0.860311
-1.581911 0.859845
-1.589728 0.859373
-1.588953 0.859422
-1.595343 0.865198
-1.581495 0.866524
-1.588556 0.866078
-1.598640 0.866259
-1.595245 0.866102
-1.601624 0.866919
-1.607902 0.868319
-1.614180 0.869503
-1.620447 0.868746
-1.621123 0.868239
-1.600146 0.874544
-1.606702 0.874739
-1.613032 0.875223
-1.380869 0.844007
-1.387135 0.842977
-1.374621 0.848141
-1.376365 0.846875
-1.373493 0.848144
-1.368381 0.853802
-1.369971 0.852434
-1.367281 0.853666
-1.362137 0.858700
-1.362963 0.857959
-1.361513 0.858653
-1.011931 0.828300
-1.018182 0.824675
-1.005686 0.833235
-1.011293 0.828786
-1.004514 0.829750
-0.960378 0.832374
-0.991705 0.835125
-0.999434 0.836728
-1.004039 0.834263
-0.998747 0.834706
-0.973270 0.839190
-0.979719 0.839507
-0.986209 0.839774
-0.993180 0.839816
-0.993852 0.839509
-0.993097 0.839552
0.083813 0.825082
0.085344 0.821472
0.077546 0.824294
0.078771 0.821642
0.071278 0.823608
0.072129 0.821728
0.065012 0.822768
0.065468 0.821789
0.058744 0.822165
0.058859 0.821914
0.097554 0.826104
0.090072 0.827246
0.085480 0.825549
0.090620 0.825820
1.850209 0.988403
1.843949 0.986400
1.837681 0.985567
1.868994 0.993404
1.862730 0.992184
1.856468 0.990538
1.852195 0.989142
1.857542 0.990115
1.875264 0.993781
1.871666 0.993576
1.875650 0.993744
-1.811305 0.846232
-1.811694 0.845904
-1.810968 0.846298
-1.805067 0.852269
-1.805922 0.851500
-1.804512 0.852121
-1.798825 0.857693
-1.799633 0.857067
-1.798433 0.857483
-1.792585 0.863184
-1.793254 0.862643
-1.792192 0.863065
-1.505664 0.833977
-1.511935 0.833897
-1.518206 0.833816
-1.516713 0.832855
-1.524477 0.833756
-1.523515 0.832737
-1.530749 0.833892
-1.530076 0.832923
-1.537021 0.834049
-1.536576 0.833187
-1.543296 0.834752
-1.542851 0.833741
-1.549574 0.835912
-1.555852 0.837278
-1.574789 0.859531
-1.576857 0.854447
-1.574398 0.854727
-1.574462 0.860336
-1.567720 0.860830
-1.574795 0.860752
-1.567071 0.867805
-1.578685 0.866812
-1.574216 0.867248
-1.581111 0.868818
-1.587400 0.872124
-1.593680 0.873864
-1.573373 0.874468
-1.580333 0.874148
-1.587114 0.874054
-1.596075 0.874443
-1.593608 0.874327
-1.599962 0.875672
-1.606242 0.877368
-1.585896 0.881754
-1.592431 0.881976
-1.598941 0.882230
-1.184035 0.816733
-1.190304 0.816298
-1.196571 0.815731
-1.202837 0.814806
-1.209106 0.814211
-1.208545 0.813900
-1.215378 0.814480
-1.215067 0.814137
-1.221654 0.815329
-1.221222 0.814843
-1.227928 0.815923
-1.183747 0.817520
-1.188736 0.819656
-0.923565 0.828305
-0.917320 0.832981
-0.920392 0.830029
-0.904816 0.840060
-0.911074 0.837372
-0.914269 0.835595
-0.910236 0.836362
-0.878108 0.840747
-0.884565 0.841059
-0.892279 0.840884
-0.890982 0.841421
-0.898551 0.841071
-0.902649 0.840705
-0.897967 0.841075
-0.535931 0.833930
-0.542204 0.834251
-0.548476 0.834543
-0.554750 0.835129
-0.533664 0.834520
-0.528355 0.835790
-0.559004 0.836688
-0.561035 0.837583
-0.567319 0.839839
-0.570729 0.843819
-0.573637 0.848398
-0.572828 0.845063
-0.574379 0.850249
-0.579003 0.851890
-0.584662 0.853229
-0.605049 0.858535
-0.579672 0.856823
-0.579956 0.857143
-0.579915 0.856896
-0.586253 0.861772
-0.585689 0.858069
-0.592531 0.862863
-0.591779 0.858853
-0.598795 0.861653
-0.603843 0.858928
-0.597961 0.859523
-0.173269 0.819423
-0.179549 0.821132
-0.185831 0.823129
-0.216594 0.820588
-0.166703 0.822791
-0.189138 0.824294
-0.192116 0.825419
-0.191772 0.824974
-0.198401 0.827925
-0.197415 0.826317
-0.204682 0.829736
-0.203197 0.827501
-0.210955 0.830171
-0.215403 0.826581
0.249258 0.803819
0.263153 0.805016
0.256306 0.804843
0.247440 0.804576
0.249628 0.804880
0.242972 0.806563
0.236679 0.810652
0.235180 0.811745
0.237039 0.812069
0.230374 0.816779
0.229232 0.818380
0.230729 0.818730
0.224065 0.823805
0.222565 0.825075
0.224395 0.825363
0.217767 0.828551
0.212261 0.832078
0.218835 0.832951
0.211473 0.832700
0.206210 0.838721
0.205162 0.839842
0.198871 0.843603
0.193845 0.845899
0.192583 0.846385
0.186305 0.847784
0.180028 0.848791
0.173755 0.849212
0.167480 0.849979
0.161198 0.851707
0.154917 0.853520
0.148644 0.853897
0.142378 0.853138
0.574123 0.820313
0.567853 0.819911
0.561577 0.820775
0.549026 0.822464
0.542766 0.820380
0.539218 0.817285
0.574314 0.820356
0.581293 0.820946
0.556504 0.821882
0.555297 0.822417
0.550597 0.822393
0.555408 0.822123
0.907030 0.825447
0.913297 0.826183
0.908584 0.825539
0.906223 0.825747
0.907601 0.826408
0.900744 0.827966
0.894450 0.832122
0.925786 0.835806
0.919538 0.831665
0.918205 0.830812
0.893414 0.832977
0.894925 0.833498
0.888150 0.837516
0.926429 0.836228
0.885611 0.839766
0.881848 0.843116
0.877491 0.846582
0.875549 0.848082
0.869261 0.851136
0.862979 0.853185
1.400591 0.851159
1.399383 0.849176
1.402099 0.855045
1.401311 0.856118
1.406787 0.864944
1.404524 0.860948
1.413027 0.870504
1.407932 0.866777
1.815396 0.891863
1.827904 0.898030
1.821652 0.894611
1.816881 0.892950
1.822408 0.893477
1.846700 0.901204
1.840433 0.900456
1.841686 0.898557
1.834166 0.899692
1.828062 0.898084
1.834880 0.898434
1.720916 0.966733
1.714653 0.965318
1.745971 0.972164
1.739705 0.971283
1.733442 0.969886
1.727174 0.969044
1.724303 0.968223
1.752234 0.973666
1.746626 0.972402
1.746427 0.973029
1.765607 0.978033
-1.210825 0.816026
-1.217099 0.816571
-1.223376 0.817593
-1.229648 0.817677
-1.235922 0.818066
-1.242194 0.818254
-1.248464 0.818093
-1.254740 0.818899
-1.261022 0.820843
-1.262635 0.821702
-1.286208 0.839298
-1.289417 0.842365
-1.292513 0.845418
-1.296622 0.849100
-1.298815 0.851157
-1.304722 0.855916
-1.305114 0.856223
-1.311406 0.859901
-0.878026 0.840823
-0.884299 0.841174
-0.890571 0.841338
-0.896837 0.840166
-0.903096 0.838039
-0.905279 0.837112
-0.902687 0.837435
-0.871756 0.840992
-0.877740 0.840824
-0.857735 0.853401
-0.527960 0.835886
-0.534222 0.834260
-0.540495 0.834332
-0.546771 0.835328
-0.553050 0.836788
-0.515437 0.839244
-0.521695 0.836864
-0.526284 0.836133
-0.558781 0.838967
-0.559334 0.839175
-0.559020 0.839418
-0.565616 0.841122
-0.169875 0.824229
-0.163634 0.829637
-0.166069 0.826860
-0.157409 0.837875
-0.161305 0.832549
-0.151159 0.841791
-0.157048 0.838295
-0.136947 0.844918
-0.147062 0.843569
-0.144223 0.844213
0.273145 0.814006
0.266874 0.814124
0.279398 0.817380
0.275420 0.815082
0.285641 0.822615
0.283254 0.820510
0.291891 0.826452
0.291288 0.825941
0.695845 0.870442
0.720894 0.876998
0.714632 0.875389
0.708366 0.874472
0.702101 0.873103
0.700766 0.872681
0.727161 0.877736
0.721055 0.877037
0.720950 0.877121
1.794919 0.883428
1.807421 0.890860
1.808809 0.887101
1.801168 0.887447
1.796989 0.886288
1.801637 0.886506
1.813667 0.895312
1.807938 0.891436
1.815129 0.892749
1.827882 0.898069
1.819926 0.897524
1.817386 0.896741
1.820263 0.896934
1.706700 0.960110
1.700439 0.958376
1.731758 0.965090
1.725492 0.964140
1.719230 0.962502
1.712964 0.961604
1.710338 0.961040
1.707806 0.962780
1.738020 0.966683
1.732272 0.965258
1.731854 0.965422
1.726374 0.966953
-1.855595 0.814334
-1.861863 0.813561
-1.868132 0.813266
-1.836816 0.820478
-1.843073 0.817899
-1.849332 0.815798
-1.850005 0.815638
-1.848954 0.816052
-1.836535 0.820609
-1.645904 0.833162
-1.645231 0.831503
-1.652176 0.833404
-1.651597 0.831936
-1.658448 0.833347
-1.658097 0.832200
-1.664738 0.836765
-1.641542 0.836419
-1.638880 0.837213
-1.666154 0.838547
-1.642068 0.842590
-1.645985 0.847813
-1.658517 0.845827
-1.664790 0.846247
-1.667322 0.844759
-1.671078 0.849265
-1.670417 0.845890
-1.648391 0.849256
-1.645320 0.849879
-1.653766 0.849712
-1.669781 0.851086
-1.663764 0.851973
-1.672201 0.851295
-1.677396 0.857788
-1.676231 0.853176
-1.654467 0.855901
-1.658588 0.858725
-1.664855 0.858066
-1.667816 0.857037
-1.664410 0.857326
-1.677441 0.857864
-1.682109 0.860382
-1.680124 0.864214
-1.683720 0.867374
-1.683101 0.865277
-1.688491 0.866944
-1.688701 0.871072
-1.690015 0.871638
-1.689836 0.871402
-1.696293 0.873028
-1.695782 0.872357
-1.702570 0.874062
-1.701933 0.873060
-1.708847 0.875214
-1.708123 0.873719
-1.715124 0.876187
-1.714435 0.874224
-1.721398 0.876860
-1.720764 0.874710
-1.727660 0.875082
-1.728885 0.874583
-1.727542 0.874621
-1.062606 0.816937
-1.068875 0.816661
-1.075146 0.816704
-1.081418 0.816823
-1.087693 0.817360
-1.093969 0.818251
-1.100246 0.819477
-1.106529 0.821561
-1.048932 0.818351
-1.107659 0.821922
-1.112812 0.823593
-1.119094 0.825617
-0.742250 0.823813
-0.741444 0.824355
-0.742100 0.824623
-0.723493 0.834003
-0.729759 0.833031
-0.736028 0.832688
-0.739503 0.830283
-0.741901 0.831021
-0.710961 0.836028
-0.717229 0.835393
-0.719770 0.834686
-0.723004 0.835623
-0.728829 0.836733
-0.735230 0.837122
-0.741278 0.837962
-0.362093 0.821701
-0.368119 0.822540
-0.375119 0.825899
-0.373673 0.823975
-0.381402 0.828033
-0.385824 0.829243
-0.387682 0.829709
-0.387548 0.829566
-0.393967 0.832128
-0.393006 0.831126
-0.400249 0.834100
-0.398569 0.832576
-0.406525 0.835004
-0.412799 0.835590
-0.419074 0.836250
-0.425343 0.835803
-0.431613 0.835636
-0.083186 0.817965
-0.070680 0.824453
-0.076932 0.820953
-0.078710 0.820002
-0.058162 0.828941
-0.064426 0.827740
-0.069410 0.825303
-0.050941 0.831110
0.405274 0.812756
0.391891 0.818969
0.386379 0.820445
0.373242 0.826958
0.365976 0.831556
0.364466 0.832560
0.359679 0.836074
0.361136 0.834751
0.303200 0.842958
0.355885 0.839417
0.353378 0.841515
0.354485 0.840984
0.347083 0.845803
0.309453 0.846518
0.304561 0.843861
0.345933 0.846391
0.340793 0.849359
0.334510 0.851294
0.328233 0.852498
0.321963 0.852174
0.315706 0.849621
0.314759 0.849069
0.316904 0.850502
0.639042 0.833210
0.645283 0.838659
0.644575 0.837872
0.645882 0.838567
0.651510 0.846504
0.648908 0.843602
0.657753 0.851875
0.653631 0.849312
1.058175 0.812903
1.051895 0.814487
1.045648 0.816657
1.045612 0.816672
1.039327 0.819351
1.033043 0.821505
1.026762 0.823219
1.020484 0.824641
1.019029 0.825070
1.021225 0.825881
1.014202 0.826566
1.007921 0.828392
1.001639 0.830191
0.996641 0.833135
0.995348 0.833931
0.989053 0.838157
0.982771 0.840290
0.976496 0.840740
1.316384 0.838244
1.310453 0.839203
1.296651 0.844893
1.290012 0.847719
1.291427 0.846733
1.283726 0.850455
1.233531 0.854951
1.280355 0.851946
1.277439 0.853297
1.271155 0.855779
1.264872 0.857614
1.258597 0.858440
1.252324 0.858757
1.246056 0.858281
1.239790 0.857386
1.235705 0.855821
1.266055 0.860882
1.259388 0.860934
1.253259 0.861664
1.612933 0.840015
1.592745 0.845643
1.548829 0.848971
1.542575 0.845675
1.591487 0.846209
1.593553 0.847102
1.586455 0.849095
1.580173 0.851066
1.573892 0.852742
1.567616 0.853632
1.561349 0.852920
1.555088 0.851041
1.551272 0.849673
1.549184 0.850349
1.574807 0.854978
1.568163 0.855056
1.562513 0.856387
1.838682 0.804890
1.832416 0.803871
1.833936 0.802612
1.826145 0.803868
1.827237 0.802623
1.819872 0.804164
1.820659 0.802787
1.813589 0.806317
1.814902 0.804002
1.812291 0.808582
1.811964 0.814726
1.811680 0.820872
1.810442 0.827104
1.675115 0.898690
1.676203 0.899882
1.675163 0.900051
1.675943 0.906005
1.675128 0.906151
1.669292 0.907266
1.681291 0.915893
1.676539 0.912058
1.675115 0.912283
1.669422 0.913575
1.687524 0.922831
1.682798 0.917628
1.681391 0.917897
1.675158 0.918493
1.669418 0.919717
1.663747 0.921042
1.693785 0.924650
1.688425 0.923268
1.687560 0.923394
1.681712 0.924461
1.675316 0.924850
1.669659 0.926173
1.664081 0.927613
1.694380 0.929705
1.688399 0.930601
1.682732 0.931898
1.676447 0.932428
1.695306 0.937018
-1.653884 0.832932
-1.660151 0.832084
-1.666441 0.835680
-1.667088 0.836354
-1.671386 0.842846
-1.672775 0.847005
-1.666184 0.848964
-1.673440 0.849148
-1.677454 0.857788
-1.697994 0.871490
-1.704275 0.873318
-1.710557 0.875319
-1.734479 0.874326
-1.741925 0.877452
-1.741285 0.874202
-1.748189 0.876010
-1.752737 0.874371
-1.747898 0.874324
-1.715738 0.877257
-1.716841 0.877636
-1.716667 0.877566
-1.723123 0.879376
-1.722430 0.878744
-1.729396 0.879820
-1.728927 0.879009
-1.735663 0.879132
-1.736410 0.879039
-1.735623 0.879024
-1.366671 0.853632
-1.372223 0.848823
-1.360426 0.858637
-1.365652 0.854343
-1.333673 0.859910
-1.354183 0.863689
-1.359034 0.859876
-1.341449 0.864753
-1.347926 0.866155
-1.349804 0.865204
-1.347623 0.865410
-0.933231 0.823587
-0.939492 0.821801
-0.939052 0.821544
-0.945766 0.822324
-0.945423 0.821969
-0.952042 0.823202
-0.951670 0.822556
-0.958319 0.824338
-0.957863 0.823215
-0.964599 0.825878
-0.970878 0.827443
-0.926992 0.829419
-0.930332 0.826326
-0.647709 0.840971
-0.646541 0.839016
-0.653964 0.838128
-0.654010 0.838104
-0.653955 0.838112
-0.641461 0.845282
-0.644028 0.843339
-0.640802 0.843930
-0.635215 0.849867
-0.636941 0.848847
-0.634737 0.849283
-0.621497 0.855237
-0.261607 0.814480
-0.267883 0.815441
-0.270969 0.816170
-0.274164 0.817180
-0.273667 0.817056
-0.280446 0.819229
-0.279311 0.818390
-0.286730 0.821677
-0.291976 0.824094
-0.293018 0.824634
-0.292786 0.824472
-0.299310 0.828299
-0.305594 0.830683
-0.311871 0.831876
-0.312203 0.831963
-0.311777 0.832054
-0.318158 0.834670
-0.324436 0.835763
-0.330701 0.834718
-0.333614 0.833849
0.085545 0.820981
0.098066 0.824962
0.099324 0.822191
0.091806 0.822854
0.087689 0.821533
0.092289 0.821773
0.110581 0.829902
0.112263 0.827730
0.104324 0.827379
0.102098 0.826382
0.104750 0.826713
0.116841 0.831816
0.115976 0.831318
0.117087 0.831541
0.131029 0.838365
0.471600 0.803050
0.465333 0.802293
0.459064 0.802057
0.452792 0.802119
0.454220 0.802942
0.446518 0.802606
0.447609 0.803067
0.440243 0.803356
0.433965 0.804617
0.427687 0.805857
0.653220 0.846634
0.652366 0.845600
0.653596 0.845999
0.659451 0.853835
0.656334 0.851355
0.660835 0.852821
0.678229 0.860291
0.671961 0.859755
0.665699 0.858059
0.663258 0.856865
0.685634 0.862579
1.102536 0.832143
1.096282 0.829071
1.093377 0.827766
1.115049 0.837500
1.108791 0.834919
1.104189 0.832916
1.121308 0.839613
1.116410 0.837974
1.509126 0.811985
1.502851 0.812848
1.496570 0.814599
1.490284 0.817254
1.486166 0.819470
1.483991 0.821346
1.484657 0.820477
1.478662 0.826235
1.477676 0.829144
1.478500 0.827328
1.475765 0.832607
1.471681 0.839082
1.471348 0.839432
1.471679 0.839515
1.467483 0.845567
1.402250 0.860566
1.408475 0.868862
1.404007 0.863285
1.414720 0.873550
1.408584 0.868988
1.435076 0.874871
1.427250 0.875823
1.420978 0.875945
1.416845 0.874389
1.422603 0.876054
1.709616 0.816781
1.710073 0.822843
1.708662 0.823829
1.710043 0.828953
1.708734 0.830067
1.709669 0.835099
1.708607 0.836058
1.670287 0.843891
1.709905 0.841199
1.708614 0.842225
1.667769 0.844877
1.710507 0.847273
1.708605 0.848376
1.708633 0.854578
1.708967 0.861161
1.709055 0.867445
-1.825487 0.833440
-1.819247 0.839251
-1.820316 0.838249
-1.813012 0.845664
-1.814776 0.843872
-1.806779 0.852579
-1.809601 0.849543
-1.804110 0.855202
-0.937776 0.820639
-0.931520 0.823468
-0.933261 0.822748
-0.925277 0.828614
-0.925652 0.828187
-0.925038 0.828454
-0.912788 0.838303
-0.919040 0.834823
-0.920447 0.833855
-0.918353 0.834583
-0.905397 0.840178
-0.567861 0.842873
-0.625517 0.848513
-0.568543 0.848201
-0.573760 0.850044
-0.613018 0.856251
-0.619271 0.852977
-0.620670 0.851997
-0.618777 0.852494
-0.574459 0.855346
-0.600508 0.862238
-0.606764 0.859576
-0.611016 0.857261
-0.605351 0.858653
-0.580641 0.862165
-0.586507 0.863205
-0.600059 0.862439
-0.592834 0.863680
-0.214259 0.809057
-0.220526 0.808367
-0.226800 0.808808
-0.233080 0.810357
-0.239358 0.811792
-0.213097 0.809595
-0.213923 0.810116
-0.239883 0.811911
-0.245639 0.813619
-0.251918 0.814802
-0.258195 0.815847
-0.212614 0.817913
-0.212677 0.823997
0.126531 0.832108
0.121380 0.829295
0.132778 0.836476
0.130433 0.834598
0.133583 0.835399
0.151552 0.843607
0.145283 0.843267
0.139024 0.841039
0.137902 0.840062
0.158451 0.845269
0.152481 0.846177
0.146632 0.847245
0.520618 0.804991
0.514352 0.804016
0.515348 0.803909
0.508082 0.803920
0.501806 0.804652
0.526869 0.808517
0.526086 0.807736
0.527384 0.808307
0.529646 0.813552
0.903658 0.816710
0.897373 0.819336
0.892152 0.822413
0.891081 0.822956
0.884791 0.826358
0.880513 0.829532
0.886138 0.830861
0.878496 0.830814
0.872202 0.834891
0.868870 0.836652
0.872720 0.837020
0.865913 0.838259
0.859630 0.840224
0.853348 0.842218
0.847066 0.844287
0.840795 0.844251
0.834541 0.841099
0.832182 0.839848
0.860822 0.845081
0.853987 0.844921
0.847188 0.844806
0.841091 0.845576
1.201806 0.818870
1.220603 0.822029
1.214340 0.820338
1.208077 0.818925
1.204674 0.818809
1.200908 0.819135
1.202208 0.819564
1.195523 0.821098
1.189234 0.824199
1.222253 0.825625
1.184375 0.826687
1.182944 0.827632
1.183839 0.827945
1.176653 0.831225
1.228153 0.830790
1.170452 0.834013
1.170367 0.834072
1.170399 0.834060
1.164075 0.837687
1.157792 0.839869
1.151513 0.841355
1.526746 0.821461
1.539266 0.825464
1.533009 0.823021
1.531315 0.822399
1.545512 0.830231
1.542073 0.827566
1.539661 0.828324
1.534512 0.830310
1.551753 0.835627
1.548742 0.833114
1.546059 0.834094
1.540897 0.836042
1.552598 0.840051
1.875240 0.894715
1.875680 0.892980
1.868969 0.894707
1.869364 0.893476
1.862697 0.895038
1.863081 0.894019
1.856424 0.895315
1.774430 0.980438
1.768166 0.979114
1.761899 0.978353
1.755630 0.978044
1.749362 0.977386
1.746858 0.976968
1.793231 0.982608
1.786962 0.982239
1.788419 0.981376
1.780697 0.981133
1.775309 0.980579
1.781297 0.980855
-1.797108 0.856445
-1.801197 0.853397
-1.790870 0.862327
-1.794594 0.858914
-1.789496 0.860310
-1.784628 0.867654
-1.788566 0.864498
-1.783144 0.866002
-1.778382 0.872214
-1.781536 0.870013
-1.777296 0.871073
-1.445767 0.827173
-1.452042 0.827776
-1.458315 0.828334
-1.464588 0.828555
-1.470862 0.829133
-1.477138 0.830016
-1.483418 0.831773
-1.444422 0.830980
-1.450998 0.831143
-1.456921 0.832124
-1.486864 0.832840
-1.489701 0.833743
-1.489303 0.833592
-1.495975 0.834225
-1.495567 0.834160
-1.502246 0.834350
-1.503239 0.834285
-1.502128 0.834349
-1.463007 0.845223
-1.096163 0.818004
-1.102003 0.819077
-1.116219 0.821401
-1.122498 0.822768
-1.128781 0.824858
-1.131235 0.825514
-1.135060 0.826308
-1.141335 0.827131
-1.147611 0.827946
-1.153890 0.829268
-1.160171 0.831171
-1.166449 0.832464
-1.172724 0.833181
-1.178996 0.833275
-0.759854 0.811507
-0.766131 0.812467
-0.768998 0.813777
-0.772423 0.816308
-0.778083 0.820678
-0.778722 0.821189
-0.778352 0.821189
-0.782718 0.827198
-0.785039 0.829694
-0.789235 0.833879
-0.791342 0.835460
-0.797630 0.838470
-0.803914 0.840721
-0.805919 0.841430
-0.810203 0.843927
-0.809594 0.842545
-0.816484 0.845898
-0.815496 0.843562
-0.822764 0.847548
-0.821617 0.844311
-0.829043 0.848886
-0.827824 0.844952
-0.835315 0.849135
-0.841584 0.848581
-0.847852 0.848010
-0.442900 0.815035
-0.449169 0.814486
-0.455448 0.816032
-0.442661 0.815109
-0.442808 0.815244
-0.455741 0.816231
-0.461749 0.821336
-0.460812 0.817900
-0.466522 0.819173
-0.435077 0.822681
-0.463621 0.823028
-0.468048 0.826468
-0.467512 0.824062
-0.473348 0.825167
-0.472711 0.829930
-0.474349 0.831919
-0.474153 0.830303
-0.479598 0.831898
-0.476972 0.836415
-0.480667 0.840271
-0.480184 0.837311
-0.485656 0.838874
-0.512050 0.845234
-0.483384 0.843086
-0.486967 0.845672
-0.486553 0.843894
-0.493253 0.848363
-0.492284 0.845125
-0.499526 0.848656
-0.498147 0.846201
-0.505791 0.847502
-0.511394 0.845519
-0.084884 0.815902
-0.091162 0.816960
-0.078628 0.818482
-0.079677 0.817805
-0.095720 0.819192
-0.097449 0.819873
-0.096984 0.819929
-0.103735 0.822604
-0.072387 0.824020
-0.073452 0.823400
-0.071541 0.824348
-0.108038 0.826376
-0.110036 0.828082
-0.109491 0.827234
-0.115028 0.833095
-0.116342 0.834222
-0.116012 0.833620
-0.122639 0.838913
-0.125793 0.840143
-0.128923 0.841330
-0.128659 0.840746
-0.135199 0.842152
-0.134840 0.841418
-0.141471 0.842177
-0.143202 0.841678
-0.141246 0.841806
0.281089 0.820831
0.287330 0.826343
0.283029 0.822827
0.293572 0.831503
0.289698 0.828345
0.299813 0.837178
0.296623 0.833860
0.302317 0.839496
0.313512 0.846252
0.661990 0.853171
0.679925 0.862893
0.673661 0.861626
0.667402 0.859251
0.666692 0.858854
0.667728 0.859201
0.692460 0.864209
0.686191 0.863686
0.684015 0.863460
0.706161 0.869253
1.074116 0.816823
1.067849 0.815877
1.061576 0.816389
1.055293 0.818501
1.086631 0.821654
1.080375 0.819020
1.078622 0.818346
1.092888 0.824357
1.090913 0.823409
1.652655 0.836659
1.646379 0.837550
1.640099 0.839177
1.633823 0.839860
1.627548 0.840685
1.622232 0.841958
1.621268 0.842272
1.614983 0.844761
1.608693 0.848008
1.603538 0.849697
1.602410 0.850176
1.596123 0.853203
1.589833 0.856681
1.588629 0.857109
1.590615 0.858004
1.583548 0.859043
1.577263 0.861542
1.570986 0.862647
-1.782907 0.865637
-1.776661 0.870335
-1.782249 0.866240
-1.775436 0.867277
-1.770413 0.874517
-1.774632 0.871682
-1.769428 0.872534
-1.764167 0.879069
-1.766681 0.877115
-1.763245 0.878030
-1.743795 0.883366
-1.750159 0.883790
-1.757205 0.883371
-1.425248 0.828057
-1.431521 0.828453
-1.437801 0.829983
-1.462896 0.831713
-1.469163 0.831056
-1.418375 0.830012
-1.423686 0.831743
-1.441560 0.831187
-1.437181 0.831645
-1.444084 0.832012
-1.450367 0.834297
-1.456642 0.834961
-1.458504 0.832656
-1.462469 0.833593
-1.449534 0.839136
-1.456353 0.838996
-1.462956 0.842650
-1.462886 0.839216
-1.468844 0.840164
-1.462656 0.845242
-1.456003 0.845593
-1.462972 0.845486
-1.463517 0.845316
-1.468827 0.846339
-1.455129 0.852850
-1.462082 0.852541
-1.467896 0.853669
-0.933769 0.825931
-0.940457 0.825954
-0.946795 0.826411
-0.953787 0.829587
-0.952979 0.827060
-0.960065 0.830979
-0.959152 0.827728
-0.965183 0.828582
-0.971241 0.829407
-0.977532 0.829940
-0.991440 0.834267
-0.997696 0.831419
-1.000254 0.830130
-0.965315 0.833193
-0.966353 0.833853
-0.966278 0.833370
-0.972636 0.835938
-0.972288 0.834239
-0.978908 0.836178
-0.978569 0.834775
-0.985179 0.836219
-0.988803 0.835222
-0.984916 0.835229
-0.668202 0.835495
-0.674471 0.835156
-0.680753 0.837082
-0.655691 0.841312
-0.661945 0.838207
-0.665479 0.836807
-0.661349 0.837242
-0.682049 0.838262
-0.687053 0.842398
-0.649439 0.844675
-0.654330 0.841960
-0.648538 0.842639
-0.693051 0.845334
-0.693342 0.845451
-0.699625 0.847607
-0.642703 0.847729
-0.171571 0.821527
-0.177843 0.821722
-0.184120 0.822785
-0.190396 0.823772
-0.196678 0.825470
-0.165330 0.827159
-0.167404 0.824686
-0.163021 0.830432
0.276069 0.801083
0.269782 0.803996
0.276669 0.805142
0.266916 0.805156
0.270055 0.805257
0.263498 0.806189
0.257219 0.807638
0.250941 0.808904
0.244649 0.812618
0.243792 0.813261
0.244847 0.813439
0.238352 0.817252
0.235744 0.820073
0.239009 0.820690
0.232045 0.823727
0.229376 0.826740
0.233533 0.828399
0.225736 0.830726
0.221970 0.833496
0.219440 0.835203
0.213152 0.838286
0.209562 0.840683
0.206857 0.842578
0.200566 0.846113
0.195880 0.847983
0.194282 0.848573
0.195099 0.849150
0.188004 0.849805
0.181729 0.850391
0.175460 0.850004
0.175628 0.849982
0.169186 0.850668
0.582104 0.820073
0.583686 0.817804
0.575841 0.818678
0.576703 0.817451
0.569571 0.818478
0.570144 0.817643
0.563296 0.819303
0.557021 0.819778
0.594612 0.826579
0.596188 0.822793
0.588362 0.822699
0.586218 0.821586
0.588756 0.821884
0.595155 0.826951
0.602155 0.828030
1.025070 0.820060
1.018794 0.820980
1.012516 0.822116
1.006302 0.823898
1.013354 0.824416
1.006235 0.823914
0.999942 0.827867
0.997215 0.830798
0.993636 0.834400
0.989537 0.837579
0.987338 0.839105
0.988088 0.838696
0.981051 0.841875
0.982699 0.840369
0.974769 0.843944
0.976432 0.840933
0.968493 0.844956
0.962224 0.844563
0.955961 0.842888
0.950825 0.840964
1.343217 0.832076
1.337358 0.833134
1.329417 0.835442
1.323139 0.836626
1.316862 0.837814
1.310583 0.839059
1.308891 0.839508
1.304300 0.841173
1.304782 0.840500
1.298015 0.843742
1.291728 0.846597
1.290793 0.847189
1.285430 0.851339
1.281850 0.854078
1.279133 0.856081
1.272843 0.859494
1.247742 0.862602
1.268543 0.861347
1.266557 0.862258
1.260279 0.863455
1.254006 0.863794
1.249792 0.862995
1.625851 0.838413
1.619573 0.839536
1.616048 0.840229
1.620831 0.841493
1.613294 0.840918
1.607003 0.844483
1.600720 0.846707
1.596680 0.848011
1.602104 0.849405
1.594436 0.849060
1.588144 0.852751
1.581861 0.854837
1.556766 0.856874
1.579576 0.855605
1.582444 0.856144
1.575577 0.857203
1.569300 0.858404
1.563030 0.858055
1.559875 0.857330
-1.827180 0.830432
-1.833424 0.825582
-1.834310 0.824966
-1.827168 0.830442
-1.827153 0.830478
-1.820944 0.836981
-1.821737 0.836086
-1.814715 0.844553
-1.817048 0.841809
-1.516490 0.832686
-1.522757 0.831841
-1.472043 0.829998
-1.478861 0.832415
-1.478027 0.830893
-1.485138 0.833450
-1.483771 0.832100
-1.491413 0.834127
-1.497685 0.834226
-1.503955 0.834053
-1.510223 0.833503
-1.514521 0.832963
-1.509345 0.833697
-1.562301 0.861581
-1.565673 0.867976
-1.566863 0.869619
-1.571516 0.874593
-1.566069 0.875229
-1.573168 0.875882
-1.579462 0.879837
-1.572110 0.882229
-1.583670 0.881765
-1.579173 0.881774
-1.585747 0.882702
-1.592030 0.884568
-1.186941 0.826792
-1.143030 0.824512
-1.149305 0.824990
-1.155579 0.825589
-1.161857 0.826869
-1.168132 0.827615
-1.174409 0.828425
-1.180682 0.828790
-1.183795 0.827792
-1.186086 0.829174
-0.876325 0.842318
-0.882590 0.841245
-0.888855 0.840203
-0.863808 0.847067
-0.870058 0.843249
-0.873135 0.842699
-0.868356 0.844589
-0.862649 0.847906
-0.837166 0.853952
-0.843548 0.854353
-0.850183 0.854442
-0.857575 0.853851
-0.857755 0.853615
-0.857528 0.853655
-0.443014 0.814990
-0.449732 0.814976
-0.455490 0.816154
-0.456454 0.821132
-0.461973 0.822598
-0.468688 0.828758
-0.526260 0.837617
-0.532522 0.835901
-0.474825 0.835632
-0.513741 0.841916
-0.519995 0.838788
-0.523406 0.838164
-0.481066 0.842379
-0.501230 0.847607
-0.507486 0.844902
-0.510987 0.843199
-0.494086 0.849037
-0.086367 0.816435
-0.092877 0.817958
-0.092153 0.817572
-0.099163 0.820646
-0.103408 0.823709
-0.105461 0.825343
-0.104987 0.824460
-0.109623 0.830365
-0.111771 0.832439
-0.111233 0.831199
-0.155695 0.837197
-0.158240 0.834588
-0.116644 0.837091
-0.118073 0.838184
-0.117758 0.837593
-0.124366 0.842235
-0.122877 0.839575
-0.136924 0.844873
-0.143188 0.843572
-0.149448 0.841702
-0.152348 0.840169
-0.148564 0.841025
-0.130011 0.844354
-0.130651 0.844616
-0.135666 0.844838
-0.130575 0.844502
0.277717 0.812148
0.271454 0.810711
0.265179 0.811523
0.258902 0.812620
0.252622 0.814003
0.283971 0.815341
0.278417 0.812545
0.277891 0.812824
0.251404 0.814886
0.246317 0.820209
0.284801 0.819242
0.245007 0.821552
0.247572 0.823046
0.240020 0.824893
0.291711 0.825665
0.234252 0.828600
0.233727 0.828955
0.227425 0.834372
0.226259 0.835406
0.221128 0.839194
0.214843 0.841651
0.211736 0.842786
0.208559 0.844011
0.202271 0.846961
0.195985 0.849707
0.624817 0.828152
0.637323 0.834681
0.631070 0.831460
0.629943 0.830747
0.631338 0.830982
0.643580 0.837355
0.640643 0.835928
0.649826 0.841909
0.649171 0.841324
1.072416 0.815025
1.066149 0.814234
1.059876 0.814687
1.053595 0.816400
1.078675 0.817150
1.076302 0.816286
1.047430 0.818774
1.047310 0.818836
1.041021 0.822115
1.034736 0.824616
1.028456 0.826351
1.026141 0.826748
1.028950 0.827177
1.022176 0.827663
1.015896 0.829344
1.529643 0.813266
1.523367 0.814101
1.517094 0.814437
1.510824 0.814239
1.504551 0.814541
1.498274 0.815606
1.491993 0.817398
1.485707 0.820195
1.543727 0.818866
1.483120 0.822019
1.479397 0.827298
1.478249 0.828550
1.476914 0.834774
1.473059 0.839366
1.471867 0.841324
1.467083 0.847853
1.466738 0.848367
1.466987 0.848192
1.462039 0.854405
1.460422 0.856511
1.461275 0.855603
1.456267 0.861020
1.454113 0.863368
1.454973 0.862270
1.449726 0.867703
1.447810 0.869117
1.448577 0.868819
1.441519 0.872744
1.435236 0.874911
1.422687 0.876058
1.416428 0.874066
1.412009 0.870997
1.432722 0.875286
1.428959 0.875909
1.424782 0.875976
1.429141 0.875839
1.705574 0.837755
1.705843 0.843832
1.704103 0.845012
1.705682 0.849952
1.703958 0.850970
1.705819 0.856051
1.703866 0.857004
1.707037 0.862065
1.703920 0.863229
1.706944 0.868197
1.703755 0.869184
1.705984 0.874408
1.703554 0.875103
1.698091 0.876649
1.703508 0.881218
1.697904 0.882580
1.697644 0.888427
1.692127 0.889903
1.878681 0.994124
-1.644167 0.828325
-1.637935 0.835294
-1.639935 0.832446
-1.637437 0.832881
-1.636865 0.838283
-1.637965 0.840803
-1.640041 0.844672
-1.656823 0.848767
-1.675656 0.852272
-1.643226 0.851063
-1.651696 0.851796
-1.660986 0.852607
-1.656321 0.852903
-1.677261 0.854042
-1.681969 0.860009
-1.611493 0.856411
-1.618255 0.856343
-1.638061 0.858260
-1.640184 0.856923
-1.637109 0.857913
-1.656215 0.858301
-1.656877 0.858609
-1.657364 0.858401
-1.656826 0.858421
-1.682464 0.860601
-1.688275 0.866336
-1.690617 0.867420
-1.694562 0.869208
-1.194875 0.818000
-1.201131 0.815293
-1.202095 0.814890
-1.169816 0.822720
-1.176089 0.823153
-1.182360 0.823076
-1.188614 0.820054
-1.188950 0.819840
-1.193555 0.822054
-1.149584 0.824465
-1.155813 0.825055
-1.162490 0.825093
-1.168731 0.825671
-1.175099 0.826094
-1.181306 0.826723
-0.756458 0.815733
-0.743936 0.819429
-0.750193 0.816796
-0.750440 0.816730
-0.737691 0.824237
-0.739345 0.821870
-0.731441 0.828020
-0.733037 0.827447
-0.736843 0.828931
-0.447470 0.816659
-0.453735 0.815491
-0.460009 0.815964
-0.441215 0.819462
-0.444897 0.817571
-0.446994 0.818411
-0.428713 0.826943
-0.434964 0.823051
-0.435255 0.822848
-0.439944 0.824993
-0.426729 0.828248
-0.428053 0.829241
-0.488870 0.839750
-0.491509 0.842016
-0.497799 0.845574
-0.068975 0.825507
-0.056462 0.830654
-0.062723 0.828873
-0.065889 0.827286
-0.037667 0.834064
-0.043938 0.834059
-0.050200 0.832368
-0.051063 0.832105
0.425106 0.806228
0.417982 0.808412
0.419269 0.807312
0.411703 0.809953
0.413396 0.808359
0.405417 0.812501
0.404388 0.813018
0.399130 0.815352
0.399890 0.814403
0.392846 0.817698
0.394463 0.816022
0.386561 0.820217
0.385429 0.820766
0.380275 0.823018
0.381220 0.822390
0.373986 0.826110
0.370337 0.828187
0.367695 0.829810
0.368374 0.829264
0.361398 0.834490
0.360779 0.835129
0.355093 0.840661
0.353833 0.841845
0.348791 0.846037
0.317409 0.850936
0.344412 0.848775
0.342497 0.850270
0.343305 0.849953
0.336206 0.854024
0.329926 0.855537
0.323660 0.854528
0.317719 0.851118
0.681627 0.864305
0.675368 0.862048
0.700412 0.869457
0.694150 0.867778
0.687886 0.866401
0.685179 0.865640
0.712945 0.871186
0.706676 0.870699
0.703465 0.870169
0.701335 0.871594
1.174339 0.830596
1.116749 0.839156
1.110491 0.836833
1.161808 0.837858
1.148089 0.842042
1.141816 0.842522
1.135544 0.842562
1.129277 0.841865
1.123010 0.841001
1.119658 0.839966
1.124699 0.841814
1.372186 0.833233
1.365926 0.830989
1.384702 0.837825
1.378440 0.836338
1.374636 0.834531
1.397222 0.841858
1.390961 0.840124
1.389445 0.839365
1.392275 0.840868
1.875165 0.805354
1.868897 0.804724
1.810718 0.852260
1.808034 0.858596
1.805867 0.862311
1.804350 0.865023
1.799546 0.871481
1.799498 0.871553
1.795274 0.878030
1.793217 0.882040
1.794634 0.879984
1.793191 0.886770
1.791719 0.884451
1.794451 0.885896
1.805688 0.894968
1.807293 0.891325
1.799433 0.892099
1.796802 0.890129
1.800011 0.890607
1.813117 0.896391
1.698756 0.953595
1.692493 0.952065
1.686232 0.950087
1.717549 0.957218
1.711283 0.956260
1.705021 0.954663
1.698880 0.953638
1.698776 0.953676
1.693684 0.955733
1.723814 0.958490
1.720291 0.957910
1.717969 0.958671
1.712489 0.960206
-1.863574 0.813935
-1.869846 0.814036
-1.857305 0.814143
-1.858593 0.814118
-1.857174 0.814169
-1.538994 0.836317
-1.545324 0.836783
-1.551642 0.837265
-1.559281 0.838837
-1.557716 0.838056
-1.565551 0.838797
-1.564126 0.838429
-1.571830 0.840109
-1.578114 0.842296
-1.583078 0.844292
-1.584399 0.844976
-1.583056 0.846090
-1.590692 0.849007
-1.593917 0.851344
-1.596996 0.854992
-1.628381 0.860033
-1.601262 0.858096
-1.596257 0.858673
-1.603294 0.859741
-1.609578 0.862074
-1.615857 0.863403
-1.622124 0.862831
-1.627263 0.860361
-1.601789 0.866309
-1.608374 0.866464
-1.614909 0.866681
-1.620730 0.867811
-1.250718 0.817643
-1.258148 0.817021
-1.257765 0.817225
-1.264423 0.817403
-1.264060 0.817733
-1.270701 0.818806
-1.276983 0.820825
-1.283270 0.823754
-1.285274 0.825194
-1.282419 0.826097
-1.289569 0.828614
-1.293094 0.831986
-1.287916 0.833780
-1.295872 0.834465
-1.300381 0.838732
-1.302176 0.840377
-1.308356 0.845538
-1.308476 0.845654
-1.314776 0.850769
-1.317230 0.852421
-1.313644 0.853635
-1.321066 0.854281
-1.327350 0.856615
-1.333639 0.859828
-1.334128 0.859995
-1.339924 0.862208
-1.339455 0.861076
-1.346201 0.863392
-1.345452 0.861979
-1.352466 0.862277
-1.353264 0.861665
-1.352187 0.861944
-0.639732 0.841752
-0.633489 0.846806
-0.635788 0.844914
-0.632869 0.845485
-0.620990 0.854839
-0.627243 0.851459
-0.628917 0.850421
-0.626785 0.850843
-0.614735 0.857628
-0.619085 0.855692
-0.613565 0.856757
-0.600697 0.862245
-0.228502 0.807412
-0.234531 0.809180
-0.234783 0.809277
-0.234691 0.809315
-0.241063 0.810942
-0.239508 0.811676
-0.247347 0.813094
-0.253625 0.814405
-0.259901 0.815371
-0.266178 0.816324
-0.272454 0.817222
-0.278731 0.818229
-0.283181 0.819512
-0.285013 0.820178
-0.284776 0.819973
-0.291302 0.823426
-0.295386 0.826690
-0.297602 0.828790
-0.303899 0.833302
-0.304814 0.833622
-0.310187 0.836404
-0.316476 0.839675
0.112304 0.827652
0.106051 0.824142
0.118557 0.830899
0.112526 0.827760
0.120050 0.829104
0.131058 0.838335
0.124813 0.833629
0.123791 0.832895
0.125114 0.833177
0.131167 0.838390
0.583829 0.817629
0.596344 0.822481
0.590087 0.819880
0.584745 0.817902
0.602591 0.827008
0.597063 0.822923
0.603699 0.823808
0.616656 0.829384
0.608840 0.831001
0.604574 0.828389
0.609532 0.828864
0.629225 0.834499
0.622220 0.834132
0.998871 0.829262
0.949627 0.840970
0.941702 0.844241
0.942808 0.840827
0.935454 0.840027
0.935416 0.840004
0.935462 0.840011
0.980032 0.843184
0.974404 0.844520
0.966770 0.847206
0.968322 0.845304
0.960498 0.847298
0.961829 0.845573
0.954229 0.847011
0.955194 0.845665
0.947961 0.846504
0.944134 0.845347
0.948577 0.845780
1.225613 0.843620
1.224537 0.842291
1.238109 0.852038
1.231852 0.849465
1.229541 0.847949
1.256921 0.852367
1.250645 0.853241
1.244373 0.853358
1.242360 0.852947
1.238745 0.854123
1.815402 0.806062
1.811866 0.808615
1.812616 0.807271
1.700169 0.858851
1.700148 0.864950
1.698992 0.865487
1.698670 0.871183
1.698640 0.871297
1.698646 0.871193
1.692861 0.872370
1.693679 0.877726
1.692480 0.878030
1.686745 0.879270
1.692802 0.883914
1.692287 0.886121
1.692360 0.884034
1.686584 0.885211
1.680839 0.886443
1.692244 0.894031
1.690767 0.890204
1.686438 0.891179
1.680817 0.892558
1.692841 0.896146
1.692299 0.896281
1.686505 0.897422
1.681049 0.899001
1.694989 0.902090
1.692429 0.902612
1.686431 0.903491
1.680936 0.905010
1.692688 0.909103
1.686705 0.909996
1.681061 0.911324
1.693095 0.915777
1.687210 0.916790
1.693544 0.922504
-1.863921 0.814120
-1.429832 0.832090
-1.404753 0.833263
-1.411022 0.832777
-1.417291 0.832268
-1.423560 0.831987
-1.425243 0.832048
-1.430936 0.832543
-1.429631 0.832702
-1.436116 0.834515
-1.442413 0.838995
-1.443506 0.839749
-1.442083 0.840075
-1.448722 0.846027
-1.448972 0.846334
-1.448620 0.846443
-1.471475 0.848316
-1.454552 0.852931
-1.455033 0.853245
-1.461327 0.857369
-1.467594 0.856585
-1.468954 0.854191
-1.460844 0.860257
-1.467096 0.860835
-1.465998 0.868381
-1.048362 0.818497
-1.054628 0.817633
-1.060897 0.817216
-1.067168 0.817003
-1.073439 0.817129
-1.079712 0.817393
-1.042098 0.819780
-1.046535 0.818895
-1.041035 0.819826
-1.028333 0.825111
-0.218837 0.812178
-0.225105 0.811546
-0.231380 0.812280
-0.218402 0.812329
-0.218731 0.812504
-0.212662 0.817939
-0.186359 0.823363
-0.212646 0.826712
-0.212798 0.824067
-0.206401 0.831364
-0.211777 0.830103
-0.205893 0.830261
0.211290 0.831916
0.136516 0.836377
0.140705 0.846174
0.139143 0.842242
0.192256 0.845600
0.172060 0.846353
0.165783 0.847451
0.159507 0.848336
0.153234 0.848776
0.146963 0.848556
0.142936 0.848017
0.140955 0.848542
0.528579 0.808626
0.529802 0.809699
0.534803 0.817047
0.533850 0.815454
0.535269 0.815944
0.574095 0.820339
0.567375 0.820323
0.561226 0.821014
0.547298 0.825722
0.548994 0.822490
0.541040 0.823287
0.538554 0.821164
0.541701 0.821756
0.911610 0.821998
0.905340 0.821781
0.899057 0.823861
0.917851 0.827477
0.913052 0.822874
0.912545 0.824171
0.898606 0.824118
0.899255 0.824328
0.892767 0.827469
0.918551 0.829464
0.887463 0.831198
0.886471 0.831885
0.880173 0.836703
0.878274 0.838109
0.880695 0.838611
0.873875 0.841569
0.867586 0.844920
0.875037 0.846092
0.866532 0.845241
0.867686 0.845277
0.861304 0.846952
0.855022 0.848880
0.848743 0.850167
0.842471 0.850342
1.216032 0.823706
1.209766 0.822600
1.203498 0.822134
1.197219 0.823561
1.222292 0.825722
1.222213 0.825680
1.228525 0.832628
1.227695 0.831329
1.229399 0.838500
1.236277 0.844881
1.547164 0.840573
1.540918 0.836170
1.540802 0.836079
1.559676 0.846215
1.553416 0.844001
1.548901 0.841481
1.547428 0.841970
1.542245 0.843909
1.561398 0.846529
1.559856 0.846901
1.554522 0.848613
1.848381 0.803380
1.873458 0.804706
1.867189 0.804311
1.860920 0.804009
1.861850 0.803990
1.854651 0.803531
1.853868 0.803433
1.854787 0.803536
1.815380 0.831230
1.813804 0.837470
1.811149 0.843808
1.810522 0.845317
1.809554 0.850058
1.807409 0.856358
1.804159 0.862088
1.803788 0.862788
1.800386 0.869201
1.797830 0.872743
1.799498 0.871489
1.795801 0.875718
1.791509 0.881798
1.791489 0.885463
1.791114 0.882244
1.672041 0.939044
1.684559 0.943548
1.678298 0.941644
1.676821 0.941061
1.703345 0.948470
1.697080 0.947211
1.690813 0.946578
1.688959 0.946104
1.685349 0.947510
1.709603 0.950956
1.708064 0.950584
1.704145 0.951996
1.723355 0.957041
1.802924 0.982237
1.796664 0.980215
1.821720 0.985548
1.815456 0.984229
1.816934 0.983510
1.809189 0.983502
1.804317 0.982628
1.809873 0.983061
1.840518 0.988441
1.842086 0.987544
1.834248 0.987991
1.835321 0.987473
1.827981 0.987279
1.826060 0.986855
1.828338 0.987129
1.858182 0.989779
1.876975 0.993499
1.870708 0.992810
1.864445 0.991390
1.861368 0.990642
1.865156 0.991274
