1.467374 1.155978
1.474966 1.152751
1.467399 1.154721
1.475019 1.151165
1.348074 1.122087
1.345426 1.122473
1.342762 1.118142
1.468850 1.153877
1.474469 1.151794
1.348446 1.122004
1.348187 1.121479
1.350039 1.121195
1.349233 1.116318
0.243491 0.817613
0.240970 0.817812
0.244248 0.815825
0.244932 0.817588
0.251122 0.813902
0.046260 0.763796
0.042655 0.762158
0.044039 0.757902
0.036371 0.760140
0.037505 0.757182
0.031359 0.755066
0.011291 0.754146
0.010610 0.754380
0.012131 0.751560
0.035863 0.759783
0.037690 0.755111
0.012520 0.753606
1.604559 1.105154
1.602311 1.104103
1.599583 1.102557
1.596382 1.100465
1.595975 1.100129
1.596463 1.098613
1.296322 1.019857
1.296370 1.013725
1.298081 1.019048
1.297974 1.017786
1.296260 1.011337
0.423352 0.775266
0.410315 0.775485
0.416549 0.775529
0.423306 0.774025
0.413928 0.775160
0.416300 0.775015
0.423338 0.772550
0.414871 0.774183
0.416210 0.773986
2.052776 1.132567
2.027681 1.125994
2.051988 1.132266
2.052953 1.131825
2.046485 1.130236
2.040204 1.128310
2.033936 1.126889
2.028619 1.126094
2.035051 1.123522
1.701299 1.034951
1.695035 1.033696
1.688764 1.032189
1.682496 1.030745
1.681406 1.030505
1.713808 1.036803
1.707554 1.035891
1.705527 1.035593
1.715401 1.036967
1.314376 0.928384
1.315057 0.927301
1.319816 0.921799
0.969115 0.833306
0.973232 0.832562
0.971218 0.832593
0.803832 0.787867
0.797547 0.785771
0.974635 0.826739
0.794034 0.784478
0.791256 0.783468
0.784962 0.781097
0.782287 0.780118
0.778670 0.778773
0.779676 0.775555
0.635371 0.741273
0.634370 0.740820
0.628071 0.738206
0.621794 0.736444
0.615534 0.735333
0.635866 0.734201
0.628369 0.736971
0.621872 0.736122
0.616186 0.732331
0.515104 0.707146
0.508852 0.706308
0.516268 0.707243
0.515751 0.704568
2.360117 1.108101
2.360250 1.106844
2.360186 1.105572
2.251389 1.076796
2.170822 1.055512
2.174553 1.054307
2.360099 1.104330
2.255507 1.076151
2.253744 1.076165
2.256236 1.074039
2.173946 1.054690
2.173248 1.054870
2.174141 1.054384
2.263435 1.070992
2.175559 1.054239
2.181200 1.051824
1.941761 0.991748
1.936546 0.991046
1.960543 0.995232
1.954279 0.993962
1.948016 0.992698
1.946896 0.992493
1.942868 0.987060
1.803681 0.953442
1.797418 0.952187
1.791143 0.950503
1.973070 0.997765
1.966806 0.996463
1.965776 0.996248
1.960949 0.993349
1.955178 0.989863
1.809934 0.954290
1.804485 0.953577
1.803803 0.952916
1.798273 0.948561
1.787632 0.949123
1.791990 0.946939
1.784838 0.947690
1.759730 0.940646
1.753477 0.939784
1.751592 0.939604
1.754723 0.935623
1.816180 0.954944
1.813077 0.954595
1.810514 0.951600
1.805343 0.945939
1.783029 0.946643
1.786217 0.942062
1.778531 0.944791
1.772249 0.942840
1.765984 0.941523
1.761460 0.940937
1.306523 0.816873
1.301904 0.814369
1.301575 0.814192
1.301902 0.813108
1.298998 0.812365
1.046594 0.744337
1.048160 0.743503
0.623743 0.626631
0.621366 0.626847
0.557862 0.610071
0.554733 0.608570
0.624892 0.626543
0.624879 0.622074
0.552299 0.607323
0.555263 0.605980
0.548424 0.605599
3.009396 0.785056
3.009889 0.783925
2.764971 0.717908
2.761882 0.716160
2.760764 0.715521
2.762745 0.712654
2.646475 0.685316
2.647969 0.684434
2.649799 0.681436
3.607549 0.634398
3.605382 0.633099
3.567746 0.623485
3.603116 0.631961
3.573983 0.623724
3.570174 0.623245
3.513154 0.608172
3.511778 0.605780
3.513935 0.607123
3.511972 0.603686
3.423359 0.582229
3.419087 0.582033
3.424869 0.577790
3.310422 0.552322
3.425040 0.582366
3.430919 0.578878
3.309227 0.551721
3.304777 0.548077
3.299271 0.543637
3.253932 0.536516
3.305456 0.549479
3.304308 0.548395
3.298885 0.543640
3.253908 0.535610
3.253611 0.535753
3.506338 0.510128
3.503957 0.507949
3.498202 0.504416
3.487325 0.505107
3.491698 0.503590
3.484730 0.504214
3.478432 0.501646
3.506517 0.508926
3.504409 0.504921
3.477773 0.501314
3.479112 0.499005
1.489253 1.149772
1.477796 1.152134
1.482022 1.151581
1.488847 1.149842
1.477322 1.150739
1.482006 1.150237
1.343499 1.114320
1.340711 1.114630
1.338506 1.109179
1.495624 1.148313
1.488664 1.149144
1.479869 1.150181
1.481804 1.149606
1.344102 1.114249
1.343742 1.113186
1.349717 1.113896
1.348763 1.114244
0.251462 0.813066
0.248816 0.813288
0.252634 0.809837
0.252606 0.813011
0.257391 0.813051
0.257768 0.812854
0.038066 0.753888
0.031800 0.752512
0.028862 0.752604
0.038420 0.753852
0.038110 0.753585
0.032149 0.750795
0.026628 0.746402
0.015820 0.747874
0.020907 0.742739
0.032754 0.747236
0.026578 0.745217
0.017203 0.747008
0.020160 0.744080
1.604063 1.098427
1.604021 1.098407
1.604033 1.098373
1.600001 1.096066
1.597692 1.094652
1.598616 1.092191
1.596325 1.093840
1.296477 1.012936
1.296378 1.013275
1.296795 1.012103
1.296434 1.011327
1.296942 1.010236
1.296197 1.010703
0.428204 0.773613
0.428423 0.772389
0.430855 0.771063
0.428415 0.771156
0.430770 0.770005
1.965562 1.088355
1.970742 1.086827
1.907227 1.071875
1.977622 1.084872
1.967684 1.087627
1.970148 1.087559
1.963659 1.085482
1.957386 1.083828
1.944838 1.080551
1.938576 1.079326
1.932304 1.077759
1.926031 1.076134
1.919760 1.074607
1.913491 1.073164
1.910980 1.072642
1.907506 1.070619
1.901507 1.067963
1.895884 1.063950
1.838172 1.052131
1.831909 1.050936
1.787979 1.038894
1.977511 1.083887
1.970237 1.085852
1.963698 1.085153
1.953907 1.082730
1.957453 1.083384
1.951100 1.081739
1.949050 1.081445
1.944934 1.079962
1.938979 1.077142
1.932977 1.074494
1.926966 1.071882
1.921117 1.068681
1.852199 1.050079
1.844427 1.053063
1.838268 1.052147
1.844918 1.052070
1.787739 1.038797
1.782631 1.033847
1.776506 1.031651
1.769892 1.031223
1.763385 1.030412
1.757554 1.027149
1.706389 1.016353
1.700126 1.015095
1.957786 1.080830
1.951356 1.079732
1.945341 1.077130
1.939912 1.072401
1.846543 1.053080
1.851645 1.050698
1.783909 1.036509
1.781649 1.035104
1.782432 1.033155
1.718904 1.018408
1.712648 1.017412
1.710077 1.016991
1.780832 1.034455
1.725148 1.018911
1.721026 1.018624
1.323542 0.910526
1.323045 0.910884
1.324125 0.909881
1.324347 0.908699
0.976947 0.814294
0.978896 0.812655
0.978306 0.813352
0.978161 0.813368
0.978371 0.813177
0.771234 0.757638
0.769518 0.756919
0.764931 0.754886
0.652002 0.725241
0.761796 0.753635
0.760037 0.747751
0.667121 0.728581
0.658238 0.725470
0.654724 0.725304
0.653131 0.720426
0.644034 0.722478
0.646748 0.719163
0.601765 0.710327
0.595505 0.709205
0.592635 0.708900
0.669116 0.727874
0.660151 0.725500
0.658841 0.722753
0.653403 0.718057
0.641428 0.720541
0.646976 0.716948
0.626841 0.716199
0.614288 0.712730
0.608024 0.711448
0.603519 0.710506
0.602151 0.708610
0.597031 0.702769
0.497669 0.682522
0.501334 0.682096
0.500909 0.682113
2.354497 1.126405
2.354850 1.125227
2.244214 1.095824
2.244025 1.095931
2.354857 1.123994
2.245739 1.095114
2.119603 1.058272
2.112420 1.059577
2.109548 1.059118
2.112594 1.059278
2.095832 1.055496
2.093599 1.054667
2.093699 1.054570
2.087307 1.052318
2.087703 1.051905
2.037108 1.038839
2.248290 1.094556
2.126251 1.057167
2.118664 1.060115
2.117835 1.060029
2.118783 1.059832
2.082771 1.050758
2.081014 1.049973
2.081079 1.050093
2.074902 1.048082
2.068768 1.045916
2.062699 1.043513
2.056531 1.041473
2.050320 1.039585
2.043983 1.038155
2.036311 1.038480
2.037185 1.038395
2.030798 1.035811
2.132719 1.056746
2.124906 1.060597
2.124466 1.060547
2.125022 1.060251
2.080974 1.048483
2.077544 1.048123
2.074845 1.046907
2.068804 1.044397
2.062710 1.042084
2.056537 1.040059
2.050298 1.038272
2.044032 1.036581
2.037507 1.035833
2.030505 1.035676
2.030824 1.035652
1.961749 1.016351
1.955485 1.015068
1.949217 1.013636
1.950915 1.008093
1.942949 1.012171
1.944607 1.006558
1.936677 1.010601
1.937922 1.006387
1.930407 1.009081
1.928869 1.008808
1.930757 1.007957
1.873918 0.993407
1.867651 0.992005
1.861386 0.990683
2.069237 1.041476
2.063039 1.039538
2.056766 1.037870
2.050348 1.036731
2.043844 1.035902
2.037438 1.034720
2.025626 1.033155
2.031023 1.033569
2.024481 1.032589
1.962828 1.016527
1.892702 0.996914
1.886444 0.995829
1.880182 0.994630
1.879615 0.994514
1.874497 0.990871
1.868513 0.988164
1.862352 0.986091
1.856359 0.983420
1.782405 0.968829
1.779779 0.967472
1.742121 0.957030
1.894186 0.997128
1.892913 0.995950
1.887576 0.990891
1.777245 0.966183
1.773473 0.964611
1.748368 0.957669
1.742955 0.957117
1.769509 0.962894
1.767166 0.961752
1.754620 0.958529
1.751476 0.958119
1.309373 0.837420
1.309064 0.837262
1.309250 0.836667
1.304897 0.834984
1.302738 0.833711
1.304243 0.829028
1.022052 0.758939
1.026619 0.758538
1.024928 0.758418
1.027287 0.756476
0.612411 0.644789
0.607944 0.644383
0.614582 0.644869
0.526274 0.621518
0.532034 0.618370
0.524540 0.620325
0.523168 0.619441
0.524927 0.618343
2.362096 1.080938
2.360707 1.079285
2.274884 1.056195
2.274406 1.056481
2.275551 1.054237
2.358783 1.077528
2.357607 1.072617
2.276337 1.055714
2.200456 1.035656
2.278794 1.055126
2.202521 1.034937
2.204717 1.034293
2.206806 1.030840
1.917983 0.957171
1.917116 0.956323
1.917407 0.955952
1.779079 0.919664
1.915346 0.955224
1.910807 0.953400
1.911983 0.949826
1.791596 0.921761
1.785338 0.920684
1.783939 0.920466
1.893427 0.942524
1.797852 0.922746
1.797179 0.922714
1.320922 0.793139
1.328452 0.790090
1.319106 0.792512
1.321079 0.792411
1.314625 0.790576
1.321940 0.787891
1.311760 0.789301
1.314910 0.788969
1.109034 0.728594
1.102861 0.726572
1.073620 0.725085
1.076503 0.724508
1.069873 0.723634
1.063583 0.721385
1.115207 0.729218
1.108976 0.727399
1.077669 0.718869
1.070728 0.719629
1.062247 0.720796
1.063821 0.720263
1.058619 0.718604
1.065125 0.714168
0.617977 0.598307
0.611723 0.597396
0.618176 0.598325
0.618017 0.598128
0.612543 0.593568
0.606523 0.590988
0.600229 0.589401
0.594090 0.587255
0.582296 0.588841
0.587500 0.586739
0.580319 0.587846
0.619283 0.592171
0.577256 0.586257
0.581283 0.583488
2.410181 0.969714
2.413476 0.964931
2.411980 0.968658
2.411470 0.968798
2.412351 0.967616
2.438929 0.882359
2.438912 0.881068
2.442726 0.879127
2.439573 0.880003
2.442552 0.878386
2.589809 0.792980
2.591928 0.792274
2.594867 0.787115
2.988289 0.820359
2.991473 0.816397
2.952582 0.810543
2.951668 0.810685
2.987986 0.819019
2.991032 0.816600
2.954498 0.810158
2.953214 0.807265
2.922292 0.801641
2.929013 0.797383
2.776861 0.762441
2.764309 0.758975
2.922881 0.800559
2.772666 0.760818
2.770565 0.759965
2.768110 0.759614
2.771492 0.756938
2.707827 0.743509
2.638787 0.724351
2.714046 0.743091
2.710911 0.743222
2.714800 0.741420
2.638462 0.724075
2.714730 0.743002
2.721763 0.739212
2.636837 0.722377
3.139665 0.740088
3.133036 0.739718
3.126623 0.738564
3.120303 0.737074
3.075493 0.728163
3.050382 0.720978
3.146090 0.739796
3.139405 0.739625
3.132875 0.738895
3.126531 0.737490
3.120184 0.736092
3.113792 0.734861
3.107469 0.733378
3.101283 0.731399
3.095115 0.729357
3.088908 0.727454
3.082617 0.725860
3.076288 0.724397
3.070380 0.721414
3.050504 0.720758
3.058020 0.717417
3.113705 0.733820
3.107569 0.731653
3.101468 0.729363
3.095350 0.727133
3.089162 0.725156
3.083045 0.722928
3.076999 0.720439
3.052459 0.720020
3.057884 0.716514
3.723641 0.720425
3.723555 0.720420
3.573031 0.679474
3.573323 0.679433
3.575182 0.678682
3.265462 0.593123
3.262434 0.593439
3.610443 0.628567
3.607075 0.626737
3.605327 0.625937
3.581943 0.618764
3.575685 0.617703
3.573184 0.617436
3.577344 0.612130
3.509218 0.600535
3.425086 0.577174
3.509537 0.599349
3.507639 0.594984
3.431328 0.577615
3.425636 0.577165
3.432268 0.577666
3.297004 0.541896
3.293662 0.539573
3.294004 0.539835
3.293254 0.539500
3.293338 0.539343
3.287445 0.536299
3.281457 0.533601
3.275531 0.530680
3.269686 0.527462
3.255596 0.529102
3.254069 0.529269
3.256352 0.526994
3.498964 0.500897
3.492696 0.499473
3.486416 0.497605
3.501716 0.501042
3.499539 0.498168
3.493787 0.494613
3.481616 0.495723
3.487490 0.493036
3.480119 0.495075
1.491442 1.149139
1.496776 1.146906
1.495787 1.148355
1.494703 1.148731
1.496001 1.148313
1.338940 1.107147
1.337944 1.107303
1.496517 1.147978
1.503720 1.143364
1.345165 1.106938
1.341510 1.106960
1.339879 1.102787
1.345976 1.106895
1.345482 1.105501
0.259423 0.808178
0.259279 0.808171
0.259511 0.807894
0.264669 0.808365
0.266235 0.806555
0.020944 0.742833
1.606187 1.064037
1.601469 1.063463
1.612434 1.064675
1.609844 1.064387
1.607390 1.058994
1.618676 1.065149
1.617384 1.065132
1.306979 0.981795
1.304917 0.980267
1.304459 0.979848
1.305234 0.978791
1.303463 0.978345
1.305976 0.974725
0.873486 0.853136
0.867002 0.852235
0.860747 0.850506
0.702397 0.813407
0.696127 0.811915
0.708648 0.814241
0.707110 0.814331
0.703130 0.810390
0.691354 0.810161
0.697674 0.805763
0.689835 0.809612
0.478096 0.746247
0.470186 0.749508
0.468549 0.749988
0.470607 0.748989
0.471369 0.749469
0.477092 0.748486
2.333058 1.148425
2.339289 1.144600
2.333404 1.147233
2.339228 1.143400
2.249988 1.124440
2.248707 1.124851
2.245324 1.117778
2.333314 1.145961
2.339229 1.142012
2.250604 1.124076
2.250345 1.122565
2.252255 1.123275
2.251377 1.117450
2.003885 1.057599
2.005683 1.056384
2.003780 1.056286
2.005707 1.054881
2.002074 1.054587
2.006271 1.051456
1.791152 0.998822
1.722819 0.979826
1.786083 0.996197
1.785548 0.995913
1.786190 0.993747
1.735329 0.981698
1.729079 0.980947
1.727209 0.980638
1.780839 0.993565
1.779230 0.992621
1.741572 0.982219
1.736485 0.981825
1.335372 0.871971
1.333653 0.870612
1.334280 0.869338
1.327376 0.868824
1.328405 0.866233
1.322385 0.863656
1.324485 0.867841
1.321089 0.866714
1.321289 0.866241
1.316008 0.860977
1.013603 0.783457
1.019842 0.783787
1.015852 0.783695
1.015157 0.777433
1.022865 0.784311
0.740618 0.708403
0.737450 0.707051
0.737703 0.706701
0.731160 0.704804
0.731598 0.704434
0.724893 0.703408
0.725255 0.703027
0.718621 0.701855
0.712347 0.700186
0.706070 0.698417
0.693522 0.695115
0.701802 0.696866
0.699779 0.696108
0.696152 0.695372
0.699959 0.695701
0.599366 0.668572
0.593119 0.667960
0.605622 0.669590
0.599773 0.668626
0.599471 0.668132
0.507738 0.644305
0.506131 0.642604
2.359868 1.066344
2.358803 1.065581
2.278268 1.043411
2.355209 1.063365
2.353533 1.062401
2.354620 1.059033
2.277642 1.042853
2.273563 1.035633
2.211544 1.025389
2.216127 1.024224
2.209229 1.024302
2.351049 1.061035
2.273577 1.040522
2.271942 1.039829
2.272225 1.039094
2.266973 1.033721
2.209182 1.022543
2.207168 1.022954
2.209677 1.021792
2.266291 1.037375
2.265720 1.036918
2.260192 1.032549
2.254442 1.028984
2.210522 1.022602
1.913184 0.942702
1.896847 0.932893
1.883606 0.934889
1.889640 0.934613
1.882866 0.934012
1.851504 0.926061
1.788742 0.908714
1.911251 0.940923
1.907934 0.939549
1.909281 0.935213
1.901656 0.937770
1.902731 0.934552
1.895372 0.935767
1.896032 0.934434
1.889482 0.933775
1.881758 0.933122
1.882907 0.933206
1.876547 0.930707
1.870276 0.929140
1.863997 0.927294
1.857726 0.925728
1.854161 0.925825
1.851815 0.923900
1.846901 0.917312
1.794992 0.909436
1.789969 0.908862
1.891940 0.934582
1.889089 0.933772
1.889203 0.933422
1.882816 0.932153
1.882834 0.932106
1.876539 0.930420
1.876602 0.930288
1.870539 0.927858
1.864129 0.926692
1.857829 0.925125
1.852303 0.920747
1.801240 0.910121
1.798532 0.909855
1.337665 0.784221
1.337262 0.782568
1.336871 0.782730
1.336829 0.782679
1.336850 0.782645
1.332180 0.775169
1.335359 0.781101
1.331884 0.774872
1.119571 0.724027
1.123423 0.723106
1.120588 0.723017
0.596228 0.577540
2.399223 1.007701
2.398980 1.006383
2.430150 0.927548
2.430212 0.927528
2.430205 0.927306
2.433519 0.927134
2.435778 0.926509
2.505722 0.844958
2.506078 0.844735
2.513137 0.842132
2.509454 0.844388
2.512428 0.843332
2.851179 0.837371
2.851793 0.837092
2.788414 0.819875
2.787521 0.820106
2.852059 0.835924
2.789447 0.819348
2.788880 0.817300
2.714660 0.793519
2.701556 0.796108
2.707515 0.795017
2.700546 0.795504
2.682863 0.791169
2.681906 0.790242
2.647917 0.781940
2.708126 0.791410
2.697739 0.793841
2.700964 0.792969
2.685364 0.790566
2.682356 0.787210
2.644236 0.779685
2.644052 0.779581
2.641069 0.777615
3.011389 0.778984
3.011741 0.777807
2.764371 0.709869
2.763564 0.709415
2.650621 0.679256
2.758509 0.707087
2.758451 0.702441
2.651658 0.678804
3.591581 0.794984
3.597193 0.792550
3.592018 0.793826
3.597780 0.789013
3.561666 0.785798
3.562470 0.784776
3.224098 0.692750
3.225486 0.691882
3.226169 0.690786
3.613861 0.601847
3.613554 0.601704
3.614489 0.599504
3.607553 0.598921
3.601281 0.597342
3.595028 0.596476
3.593445 0.596395
3.507149 0.571701
3.505292 0.571815
3.508888 0.571505
3.446734 0.555059
0.174224 0.877223
0.166711 0.879037
0.161474 0.878571
0.167171 0.878387
0.180664 0.876860
0.172952 0.879419
0.168116 0.879044
0.173502 0.878423
0.115406 0.865109
0.110640 0.862276
0.105048 0.858147
0.174129 0.879403
0.179882 0.878335
0.113368 0.863314
0.110465 0.861517
0.104899 0.857289
1.500822 1.145020
1.505212 1.140738
1.503747 1.143377
1.503030 1.144328
1.504201 1.142991
1.503812 1.143296
1.503732 1.142846
1.340599 1.099488
1.338825 1.099648
1.336019 1.092385
1.342635 1.099400
1.341142 1.096826
1.341998 1.092361
0.261140 0.802738
0.267374 0.802869
0.263535 0.802692
0.269085 0.802920
1.598721 1.041858
1.625341 1.042744
1.619022 1.041251
1.612862 1.039179
1.606184 1.038982
1.598707 1.041309
1.597611 1.041355
1.598908 1.040954
1.604945 1.041574
1.602745 1.041435
1.662547 1.051535
1.607866 1.041554
1.328843 0.967116
1.330698 0.966977
1.334116 0.966626
1.328766 0.964225
0.895778 0.847037
0.889514 0.845815
0.845585 0.833809
0.833034 0.830425
0.934638 0.852463
0.927121 0.854315
0.927840 0.852699
0.920862 0.853185
0.921192 0.852396
0.914588 0.851588
0.914889 0.850841
0.908311 0.849787
0.908836 0.848379
0.902040 0.848258
0.897167 0.847292
0.902458 0.847099
0.844418 0.833356
0.839296 0.831553
0.833310 0.830424
0.840109 0.829105
0.941073 0.852163
0.929186 0.854520
0.933880 0.853839
0.784450 0.816226
0.784042 0.811310
0.782847 0.814549
0.782770 0.814437
0.782809 0.814396
0.501268 0.738841
0.503724 0.738207
0.508253 0.733137
0.507278 0.735312
1.977945 1.084122
1.979046 1.084029
1.915162 1.065930
1.908888 1.064338
1.902613 1.062629
1.896350 1.061391
1.892616 1.061196
1.890501 1.059071
1.852433 1.049843
1.979422 1.082874
1.977877 1.081580
1.933954 1.069804
1.927690 1.068519
1.921427 1.067285
1.916335 1.066183
1.915230 1.065616
1.909017 1.063735
1.902687 1.062283
1.896698 1.059586
1.890925 1.056112
1.884995 1.053207
1.878913 1.050852
1.872921 1.048172
1.853447 1.049557
1.859781 1.047000
1.777100 1.028324
1.770831 1.026819
1.764557 1.025198
1.758293 1.023950
1.708084 1.010076
1.978136 1.080273
1.937079 1.070439
1.934308 1.068306
1.928512 1.064906
1.922653 1.061738
1.916632 1.059162
1.910440 1.057199
1.904131 1.055665
1.856218 1.049031
1.859683 1.045960
1.778067 1.028359
1.777589 1.026311
1.720601 1.012187
1.714344 1.011150
1.710466 1.010495
1.856262 1.047823
1.778064 1.027111
1.777049 1.026402
1.777718 1.024460
1.726845 1.012722
1.722420 1.012386
1.728813 1.012851
1.326181 0.903823
1.325700 0.902445
0.982870 0.809258
0.987317 0.806536
0.994023 0.805242
0.986278 0.808815
0.985920 0.808811
0.986385 0.808527
0.768127 0.749951
0.766642 0.749235
0.768157 0.744107
0.760345 0.746721
0.759734 0.746476
0.672167 0.723312
0.672574 0.723150
0.670949 0.721745
0.673002 0.720224
0.609702 0.704515
0.603441 0.703366
0.597179 0.702149
0.596667 0.702086
0.500494 0.676672
0.503024 0.675647
0.502127 0.675827
2.362285 1.094182
2.361693 1.092756
2.261849 1.066360
2.266548 1.062457
2.192369 1.048011
2.189913 1.046546
2.360934 1.091321
2.360473 1.086640
2.265188 1.065874
2.264858 1.065890
2.265380 1.065289
2.189886 1.045542
2.188617 1.045728
2.190278 1.044699
2.271426 1.066226
2.270676 1.066204
2.271915 1.064645
2.191803 1.045318
1.932598 0.975738
1.938837 0.976022
1.933582 0.975772
1.932754 0.974926
1.927465 0.969700
1.945091 0.976954
1.939440 0.976056
1.938917 0.975590
1.933328 0.971448
1.927642 0.967654
1.769406 0.930210
1.763149 0.929192
1.945730 0.973941
1.939819 0.970962
1.933751 0.968552
1.927683 0.966142
1.800752 0.937520
1.794482 0.936060
1.788201 0.934139
1.781933 0.932695
1.775671 0.931467
1.775452 0.931427
1.775753 0.931187
1.807003 0.938356
1.805783 0.938218
1.801666 0.933496
1.304980 0.802206
1.304455 0.801838
1.305670 0.799456
1.302091 0.799959
1.053947 0.733375
1.052616 0.732730
1.054341 0.731627
1.050159 0.730811
0.620885 0.613402
0.620520 0.613425
0.570672 0.599376
0.624414 0.613189
0.569020 0.598534
0.571175 0.597107
0.564362 0.596372
0.564784 0.594505
2.418806 0.958795
2.421653 0.958083
2.421163 0.958147
2.421949 0.957222
2.424304 0.957751
2.453987 0.871849
2.458804 0.869657
2.454670 0.870776
2.458635 0.868884
2.563200 0.806338
2.564759 0.806160
2.570378 0.804068
2.577009 0.803053
2.569422 0.806040
2.569106 0.806064
2.569492 0.805902
2.967789 0.829031
2.961481 0.827494
2.904235 0.817948
2.967812 0.827572
2.961461 0.826188
2.903877 0.816588
2.911397 0.812433
2.903523 0.815715
2.690157 0.757632
2.686701 0.757902
2.691169 0.755274
2.690391 0.757614
2.650374 0.747027
2.647321 0.742000
2.651591 0.746120
2.647482 0.740046
3.026446 0.742085
3.027120 0.740986
3.032712 0.735939
3.032619 0.734915
3.585074 0.799862
3.589499 0.796038
3.564587 0.794451
3.563748 0.791777
3.585917 0.798819
3.589146 0.795910
3.563779 0.792962
3.563328 0.791889
3.563456 0.790068
3.217917 0.698259
3.219112 0.698037
3.660422 0.731712
3.661214 0.731621
3.711742 0.739186
3.705747 0.736512
3.664173 0.731138
3.559974 0.702800
3.556745 0.702734
3.561984 0.702857
3.258721 0.619649
3.257192 0.619733
3.261474 0.619622
3.517432 0.534145
3.517376 0.533911
3.479658 0.523512
3.518874 0.533256
3.517273 0.532366
3.518108 0.529855
3.477413 0.522287
0.188943 0.872246
0.190874 0.871854
0.196765 0.867305
0.093624 0.846161
0.193926 0.871419
0.195677 0.869873
0.093505 0.844845
0.089677 0.839257
0.093608 0.843635
0.089591 0.838194
1.506286 1.139865
1.507920 1.139017
1.508737 1.137988
1.336038 1.092276
1.335980 1.092295
1.338153 1.091605
1.336718 1.088454
1.341111 1.091162
1.337336 1.084851
0.269081 0.797062
0.266884 0.796977
0.272265 0.797150
1.600628 1.110830
1.600201 1.110599
1.600976 1.109438
1.596671 1.108393
1.594595 1.106604
1.594278 1.106336
1.299334 1.026136
1.296980 1.026629
1.299754 1.026098
1.299515 1.025313
1.301836 1.025424
1.300054 1.022002
0.409826 0.775497
0.402893 0.776222
0.396434 0.775232
0.409440 0.775480
0.402686 0.775562
0.396439 0.773804
0.390424 0.771203
0.384227 0.769264
0.377809 0.768128
0.364461 0.768683
0.371036 0.768280
0.364209 0.768557
0.357910 0.765981
0.402588 0.774560
0.396472 0.772322
0.390396 0.769943
0.384112 0.768315
0.377705 0.767135
0.371284 0.766005
0.364744 0.765312
0.357067 0.765486
0.358032 0.765235
2.309217 1.155984
2.302258 1.156804
2.290392 1.156946
2.295409 1.157228
2.288856 1.156123
2.282578 1.154348
2.276306 1.152786
2.270039 1.151368
2.267887 1.151003
2.263943 1.149289
2.258265 1.145472
2.302457 1.154677
2.295608 1.155103
2.289012 1.154607
2.282724 1.153001
2.276613 1.150751
2.270492 1.148537
2.264389 1.146254
2.258505 1.143185
2.302683 1.152487
2.295943 1.152512
2.289305 1.152171
2.282949 1.150812
2.276815 1.148641
2.270811 1.145997
2.265016 1.142600
2.259039 1.139859
1.987627 1.073940
1.989041 1.073469
1.988800 1.072139
1.987552 1.071089
1.780497 1.016018
1.986525 1.070308
1.988034 1.068779
1.899669 1.046193
1.893403 1.044804
1.887128 1.043132
1.880849 1.041297
1.874575 1.039625
1.868296 1.037805
1.781354 1.016026
1.780476 1.015232
1.723993 0.999725
1.717733 0.998632
1.711473 0.997513
1.710839 0.997402
1.901203 1.046498
1.899902 1.045234
1.893906 1.042564
1.887512 1.041334
1.881152 1.039983
1.874967 1.038002
1.868173 1.037747
1.868319 1.037694
1.779364 1.014237
1.781306 1.011447
1.730239 1.000323
1.724948 0.999843
1.775982 1.012118
1.731860 1.000431
1.331162 0.891939
1.329829 0.890319
1.328550 0.888791
1.328675 0.888303
1.008503 0.801690
1.002241 0.800504
0.998743 0.800255
1.003059 0.798285
1.009317 0.801784
0.770052 0.737446
0.767646 0.736628
0.763767 0.735341
0.757483 0.733322
0.752915 0.731456
0.751182 0.730688
0.751731 0.729044
0.682998 0.712975
0.682162 0.712240
0.747243 0.728727
0.745869 0.724522
0.680612 0.711081
0.600567 0.689529
0.599388 0.689599
0.606816 0.690237
0.605685 0.690019
0.504594 0.663270
0.505359 0.662233
2.358714 1.114325
2.358860 1.113078
2.247775 1.083728
2.358862 1.111832
2.248057 1.082518
2.167176 1.056642
2.160468 1.056556
2.154056 1.055400
2.147824 1.053589
2.141532 1.051997
2.134635 1.052129
2.134321 1.052469
2.134693 1.052385
2.249878 1.081752
2.166683 1.057017
2.159689 1.057159
2.159957 1.056995
2.153425 1.055853
2.153589 1.055676
2.147141 1.053825
2.147478 1.053425
2.140858 1.051833
2.135880 1.051594
2.141345 1.051257
2.173532 1.055219
2.162047 1.057273
2.166278 1.057115
1.965148 1.004116
1.958897 1.003321
1.952623 1.001663
1.946352 1.000146
1.945122 0.999906
1.940676 0.996415
1.971398 1.004884
1.966265 1.004220
1.965303 1.003341
1.959648 0.999441
1.953701 0.996595
1.947856 0.993378
1.814536 0.963069
1.808276 0.961961
1.745524 0.944968
1.977655 1.005901
1.976357 1.005665
1.972206 1.001361
1.966678 0.996993
1.883529 0.980518
1.877262 0.979091
1.870984 0.977282
1.864699 0.975229
1.858418 0.973319
1.816836 0.963444
1.814777 0.961933
1.809221 0.957676
1.783606 0.954660
1.783155 0.954395
1.751771 0.945612
1.747787 0.945195
1.884346 0.976833
1.878377 0.974061
1.871829 0.973393
1.865074 0.973477
1.855403 0.972416
1.858523 0.972820
1.852138 0.971466
1.820765 0.963092
1.820345 0.963130
1.815611 0.957531
1.780040 0.952460
1.776833 0.950947
1.770545 0.948838
1.764278 0.947426
1.758025 0.946510
1.757237 0.946425
1.758640 0.944418
1.307651 0.823766
1.306178 0.823025
1.307107 0.820051
1.302946 0.821251
1.299854 0.819499
1.299145 0.819019
1.036303 0.748431
1.042547 0.748963
1.036635 0.748306
1.043603 0.746136
1.043722 0.748940
0.622051 0.632998
0.619910 0.633065
0.547261 0.613866
0.554187 0.611287
0.546775 0.613651
0.541713 0.611130
0.547789 0.608673
0.540463 0.610528
2.358422 1.052284
2.356964 1.051392
2.269109 1.027552
2.354427 1.049947
2.350638 1.047789
2.266107 1.026607
2.262828 1.025623
2.263114 1.024715
2.256554 1.023957
2.256720 1.023493
2.250276 1.022203
2.250435 1.021875
2.243998 1.020353
2.244175 1.020169
2.237729 1.018888
2.236832 1.018876
2.237788 1.018921
2.350267 1.047602
1.844449 0.910057
1.843641 0.904740
1.798394 0.897324
1.848550 0.909219
1.846604 0.909359
1.804637 0.897810
1.802373 0.897661
1.849477 0.905222
1.810880 0.898334
1.809142 0.898212
1.319265 0.764871
1.316384 0.759234
1.317797 0.763225
1.315670 0.760428
1.309888 0.756984
1.303544 0.755575
1.297381 0.753513
1.291565 0.750192
1.284831 0.748838
1.278935 0.745806
1.126815 0.710614
1.124941 0.710959
1.127760 0.708114
1.129328 0.710877
2.435035 0.894522
2.434128 0.893013
2.433654 0.891665
2.830967 0.846071
2.835849 0.845061
2.813448 0.841445
2.810317 0.840007
2.843179 0.841484
2.829580 0.844427
2.835731 0.844078
2.810995 0.839512
2.810118 0.838951
2.810187 0.839065
2.804249 0.836187
2.798300 0.833346
2.792725 0.829156
2.615597 0.786715
2.843115 0.840354
2.829453 0.843165
2.835734 0.842711
2.808147 0.837521
2.804248 0.834817
2.798491 0.831282
2.639256 0.792846
2.615822 0.786657
2.615677 0.786292
2.599373 0.782313
2.636309 0.790802
2.619710 0.786410
2.616280 0.782702
2.610867 0.777921
2.600184 0.781244
2.603890 0.778809
2.616006 0.782340
2.610564 0.777654
2.602493 0.780626
2.603109 0.780279
3.001590 0.803506
3.001141 0.803963
3.002176 0.802953
3.002285 0.801749
2.788900 0.745315
2.788207 0.744754
2.787568 0.744964
2.752427 0.734389
2.751961 0.733021
2.752186 0.726531
2.638781 0.703077
2.638445 0.701742
3.154190 0.736206
3.154105 0.736222
3.154210 0.736177
3.156610 0.735602
3.161429 0.733000
3.161125 0.732742
3.634209 0.765366
3.549848 0.742118
3.632851 0.763740
3.556083 0.742269
3.551256 0.742163
3.550548 0.739222
3.556714 0.742355
3.556298 0.741399
3.242324 0.657406
3.243060 0.656880
3.244271 0.655961
3.727040 0.708225
3.578842 0.667693
3.584194 0.663296
3.581092 0.667023
3.583586 0.664098
3.263199 0.580440
3.263155 0.578328
3.264459 0.579517
3.263680 0.575032
3.608769 0.620438
3.577395 0.611992
3.607689 0.619956
3.602459 0.617429
3.583645 0.612755
3.577486 0.611971
3.603305 0.614262
3.589908 0.613986
3.589414 0.613888
3.591466 0.608364
3.506781 0.592013
3.433043 0.572113
3.430888 0.571955
3.436557 0.572189
3.263586 0.525258
3.264575 0.525443
3.263583 0.525116
3.263141 0.525063
3.263636 0.524994
3.494352 0.491741
3.488084 0.490306
0.196898 0.867039
0.197256 0.866939
0.199804 0.866363
0.204708 0.861530
0.088230 0.836848
0.085316 0.830667
0.088043 0.835549
0.085336 0.829207
1.527563 1.132935
1.520794 1.133068
1.513095 1.135068
1.513606 1.134719
1.521076 1.130627
1.513019 1.133762
1.513637 1.133189
1.521236 1.128664
1.513401 1.132113
1.513263 1.132576
1.513481 1.132373
1.332931 1.084891
1.332004 1.082548
1.521170 1.127552
1.334636 1.084069
1.332549 1.079160
1.336473 1.083320
1.332932 1.076402
0.270791 0.791314
0.270417 0.791311
0.271643 0.788335
0.277024 0.791450
0.275355 0.791357
0.278133 0.787815
1.601617 1.056489
1.614114 1.057853
1.607861 1.056975
1.606041 1.056780
1.603171 1.049892
1.620356 1.058342
1.615391 1.057995
1.614510 1.056201
1.609222 1.050964
1.615649 1.050713
1.312647 0.976696
1.312992 0.976490
1.310956 0.974962
1.313311 0.973917
1.308959 0.973188
1.313575 0.971580
0.873523 0.853031
0.867253 0.851537
0.868851 0.846907
0.860979 0.849880
0.862445 0.845727
0.856307 0.843577
0.824871 0.835527
0.817794 0.836778
0.811341 0.835768
0.805157 0.833785
0.799216 0.830919
0.893838 0.852568
0.887133 0.852470
0.879788 0.854368
0.874144 0.853169
0.880208 0.853169
0.854800 0.848046
0.854700 0.848016
0.854703 0.848004
0.848415 0.845986
0.848872 0.844739
0.843461 0.839946
0.818020 0.834555
0.811568 0.833540
0.805254 0.832026
0.799094 0.829952
0.793404 0.826172
0.824976 0.832385
0.818377 0.831903
0.811956 0.830774
0.805553 0.829581
0.799224 0.828118
0.793454 0.824626
0.704072 0.806415
0.697811 0.805221
0.691516 0.802781
0.478186 0.746097
0.698823 0.800237
0.692084 0.800264
0.478616 0.746049
0.486056 0.741801
0.492058 0.743039
0.484423 0.746310
0.484407 0.746311
0.484427 0.746298
2.340490 1.143793
2.340488 1.142503
2.245423 1.117072
2.245110 1.117304
2.340346 1.141212
2.246903 1.116494
2.246537 1.111970
2.340260 1.139972
2.251632 1.116234
2.250999 1.116331
2.246638 1.110221
2.011353 1.052976
2.011075 1.051612
2.013702 1.050304
2.008905 1.049786
2.014312 1.046707
2.006862 1.048618
1.787257 0.990194
1.724516 0.973644
1.785838 0.989531
1.737026 0.975507
1.730775 0.974722
1.728301 0.974328
1.781452 0.987116
1.780938 0.986832
1.781378 0.985399
1.774644 0.984439
1.743272 0.976099
1.738016 0.975623
1.769734 0.977442
1.744892 0.976215
1.322841 0.862609
1.320464 0.861431
1.316534 0.859667
1.317486 0.857020
1.313545 0.858337
1.310233 0.857011
1.311322 0.853555
1.304005 0.854326
1.021554 0.778148
1.015291 0.776914
1.015148 0.776907
1.027806 0.778981
1.027582 0.778948
0.594799 0.661142
0.607309 0.663000
0.601050 0.661920
0.597701 0.661474
0.608550 0.663111
0.608783 0.657405
0.508411 0.636601
2.360352 1.038788
2.358620 1.037852
2.360815 1.036586
2.355394 1.035739
2.361683 1.032047
2.354018 1.034867
2.351880 1.033589
2.354538 1.032191
1.844104 0.896775
1.845681 0.895575
1.845065 0.895741
1.808032 0.885442
1.805754 0.885350
1.847308 0.895093
1.847042 0.889628
1.814272 0.885841
1.811614 0.885643
1.280860 0.740758
1.278152 0.739527
1.281754 0.736952
1.274553 0.737813
1.273346 0.737008
1.275190 0.734964
1.136490 0.700154
1.135966 0.700673
1.136682 0.700184
1.137007 0.699686
2.403879 0.982537
2.404710 0.981472
2.406375 0.980670
2.436365 0.888276
2.435774 0.886842
2.435506 0.885539
2.521667 0.836009
2.522339 0.835830
2.523806 0.834964
2.857283 0.825340
2.862081 0.821778
2.858758 0.824473
2.861885 0.821097
2.787437 0.805605
2.749431 0.789492
2.742384 0.790632
2.735926 0.789643
2.729025 0.789303
2.728005 0.789898
2.729260 0.789399
2.660003 0.770857
2.787989 0.804514
2.748862 0.790161
2.741960 0.790775
2.730815 0.789376
2.735547 0.789619
2.666241 0.771171
2.661050 0.770924
2.656502 0.769722
2.660176 0.770000
2.666641 0.771160
2.653881 0.767781
2.661145 0.765107
3.018305 0.759730
3.018138 0.758438
2.768671 0.691469
2.762398 0.689840
2.770342 0.691643
2.768663 0.691153
2.768746 0.690906
2.762389 0.689483
2.762480 0.689221
2.756111 0.687665
2.756403 0.686851
2.749827 0.685621
2.750547 0.683680
2.743542 0.683545
2.674520 0.665079
2.740827 0.682572
2.737251 0.681299
2.737633 0.680278
2.730957 0.678908
2.732133 0.675810
2.674681 0.665083
2.681792 0.663078
2.725405 0.674439
2.719800 0.670342
2.688375 0.662230
2.676607 0.664340
2.681289 0.663518
3.196639 0.713174
3.201442 0.709981
3.198557 0.712421
3.200769 0.711024
3.645410 0.747245
3.650320 0.743591
3.548642 0.721011
3.646522 0.746300
3.649871 0.743842
3.554891 0.721688
3.549766 0.720692
3.549172 0.718413
3.250319 0.639002
3.250947 0.637894
3.584894 0.662696
3.585573 0.661600
3.548332 0.644095
3.541995 0.642664
3.366190 0.595269
3.359943 0.593507
3.262616 0.573690
3.262940 0.572504
3.617248 0.589240
3.610966 0.587254
3.510531 0.558841
3.510873 0.558813
3.455818 0.544260
3.461927 0.539684
3.455262 0.542860
2.853278 0.191896
0.180962 0.876352
0.177788 0.876284
0.181529 0.875144
0.182405 0.876219
0.188356 0.873381
0.101801 0.854916
0.099741 0.852984
0.094554 0.847391
0.187184 0.876083
0.186598 0.876092
0.187329 0.875739
0.101148 0.853471
0.099645 0.851927
0.094509 0.846142
0.100783 0.852150
0.099582 0.850797
0.094510 0.844775
1.547709 1.133112
1.540859 1.133543
1.530608 1.133098
1.534144 1.133482
1.527700 1.131245
1.554412 1.131797
1.547408 1.132786
1.540635 1.132932
1.534052 1.132393
1.526994 1.130854
1.527715 1.130962
1.554159 1.131332
1.547397 1.131444
1.540749 1.131140
1.534171 1.130579
1.522919 1.128522
1.527881 1.128978
1.329734 1.077451
1.327957 1.072827
1.522629 1.127227
1.527985 1.127252
1.331284 1.076579
1.328308 1.070135
1.332492 1.075654
0.272494 0.785378
0.278738 0.785865
0.272993 0.785393
0.273093 0.783082
0.284995 0.786892
0.281591 0.786398
0.285346 0.786068
1.602784 1.076081
1.598255 1.075805
1.609032 1.076799
1.604772 1.076252
1.612462 1.077053
1.303358 0.994033
1.302227 0.992470
1.302838 0.987475
1.301676 0.991100
1.301730 0.990135
0.694363 0.817771
0.687978 0.816509
0.450569 0.758435
0.455208 0.755998
0.452326 0.757648
0.454750 0.756269
2.358298 1.058848
2.355253 1.057043
2.273684 1.035293
2.354291 1.056516
2.273087 1.035049
2.267385 1.032712
2.268811 1.028463
2.231040 1.018980
2.222039 1.021565
2.223797 1.020828
2.217183 1.019117
2.349978 1.054138
2.348930 1.053593
2.350232 1.049164
2.264372 1.031478
2.261091 1.030330
2.261441 1.029373
2.254803 1.028161
2.255520 1.026432
2.249560 1.023636
2.243566 1.020962
2.237366 1.019033
2.230835 1.018304
2.224123 1.018233
2.216762 1.018887
2.217254 1.018731
2.250718 1.026634
2.248509 1.025771
2.248666 1.025510
2.242797 1.022376
2.236768 1.019828
2.230534 1.018022
2.223866 1.017789
2.217145 1.017673
2.216990 1.017702
2.217170 1.017657
1.911192 0.935578
1.909653 0.934203
1.910004 0.933999
1.903381 0.932609
1.899306 0.932439
1.903925 0.931637
1.846903 0.917302
1.846898 0.917304
1.796692 0.903362
1.792755 0.903002
1.849856 0.916828
1.847804 0.912649
1.802938 0.903956
1.800385 0.903739
1.807936 0.904507
1.332260 0.775122
1.330225 0.774369
1.326115 0.772756
1.320735 0.767856
1.327814 0.772488
1.326034 0.771672
1.320560 0.767110
1.125116 0.716784
1.122070 0.716803
1.128515 0.717276
2.401686 0.995152
2.402951 0.994217
2.404259 0.993337
2.431824 0.920488
2.429702 0.920796
2.432730 0.920319
2.432386 0.918000
2.435058 0.919703
2.433118 0.913973
2.513709 0.841057
2.515915 0.840733
2.521368 0.836700
2.518047 0.840050
2.520636 0.837973
2.854616 0.831236
2.785573 0.812995
2.855904 0.830329
2.786075 0.811849
2.715488 0.793189
2.721873 0.791774
2.714782 0.792288
2.678570 0.783439
2.677650 0.781280
2.652046 0.775922
2.787296 0.810945
2.728903 0.789300
2.721685 0.791065
2.712987 0.791267
2.714845 0.791456
2.679287 0.782350
2.677755 0.779484
2.671927 0.776208
2.665691 0.774408
2.647272 0.773884
2.653563 0.769568
2.645739 0.773031
2.678159 0.776657
2.672004 0.774560
2.653671 0.767799
2.643900 0.771751
2.646400 0.769753
3.016202 0.765776
3.015447 0.764338
2.779536 0.701473
2.774197 0.699261
2.773239 0.698927
2.774013 0.696212
2.766952 0.696806
2.760671 0.694864
2.754387 0.692817
2.660283 0.668291
2.753760 0.692604
2.748098 0.690669
2.748857 0.688401
2.743249 0.684325
2.674488 0.665152
2.662838 0.668554
2.667245 0.667006
2.674140 0.665029
2.666508 0.668099
2.666046 0.668156
2.666632 0.667846
3.189371 0.717853
3.193193 0.715473
3.190556 0.716913
3.192731 0.715761
3.615977 0.595749
3.615554 0.595508
3.609258 0.593014
3.602992 0.591646
3.508843 0.565399
3.510230 0.565250
3.450669 0.549498
3.453349 0.546368
3.450367 0.548178
3.453534 0.544316
2.854970 0.185523
0.204836 0.861249
0.203001 0.861856
0.205665 0.859453
0.205129 0.861163
0.084618 0.829292
0.084838 0.828089
1.562192 1.129425
1.554496 1.131792
1.552358 1.132245
1.554811 1.131770
1.555197 1.131707
1.561480 1.130578
1.568484 1.128208
1.557663 1.131109
1.561055 1.130737
1.326746 1.070067
1.328525 1.068235
1.327631 1.069010
1.328707 1.068042
1.328600 1.067696
1.323579 1.060134
0.319300 0.786395
0.313232 0.783994
0.294579 0.778409
0.286724 0.781906
0.287732 0.778828
0.280449 0.780211
0.281451 0.777196
0.274186 0.778957
0.273416 0.778909
0.300547 0.779770
0.292976 0.782739
0.292720 0.782735
0.293029 0.782620
1.683649 1.049832
1.677380 1.048352
1.671107 1.046760
1.664848 1.045696
1.663749 1.045630
1.665197 1.044684
1.652280 1.041616
1.646010 1.040089
1.639743 1.038727
1.633469 1.037086
1.627187 1.035109
1.620905 1.033153
1.614629 1.031429
1.696178 1.052417
1.697842 1.046957
1.689914 1.051177
1.687461 1.050633
1.690188 1.050301
1.657836 1.042795
1.652253 1.040591
1.652490 1.040538
1.646355 1.038372
1.640464 1.035323
1.634731 1.031705
1.628097 1.031345
1.621130 1.032198
1.614055 1.031219
1.614737 1.030972
1.650546 1.039631
1.646335 1.037073
1.640902 1.032359
1.611734 1.029355
1.615926 1.025278
1.322048 0.951494
1.320082 0.949392
1.320479 0.949803
1.319802 0.948995
1.320605 0.948603
1.319901 0.947271
0.957158 0.844039
0.949346 0.847210
0.947612 0.847423
0.950054 0.845389
0.951488 0.847200
0.956640 0.844532
0.785015 0.803178
0.782380 0.801207
0.779862 0.799364
0.780759 0.796054
0.513493 0.727582
0.512590 0.726099
2.361534 1.100582
2.361287 1.099255
2.257240 1.071324
2.256186 1.071463
2.257731 1.070008
2.189609 1.048543
2.180189 1.051390
2.182311 1.050597
2.360936 1.097936
2.263458 1.070920
2.259421 1.071059
2.181918 1.050173
2.180636 1.050221
2.182303 1.049202
2.263528 1.070925
2.184648 1.050034
2.189343 1.046704
1.937188 0.984076
1.949683 0.985376
1.943435 0.984717
1.941695 0.984516
1.938034 0.980188
1.755188 0.934083
1.955945 0.986563
1.949691 0.985377
1.949684 0.985372
1.944424 0.980032
1.799087 0.944949
1.792815 0.943357
1.761439 0.934868
1.756074 0.934191
1.811594 0.946725
1.805343 0.945939
1.805343 0.945939
1.800020 0.940832
1.787123 0.941119
1.793974 0.938344
1.786519 0.940879
1.780231 0.938723
1.773959 0.937151
1.767696 0.935889
1.766975 0.935790
1.767959 0.935038
1.812018 0.944798
1.806848 0.939127
1.303289 0.808610
1.302346 0.807882
1.299739 0.805949
1.050196 0.738688
1.049068 0.737131
0.621476 0.620275
0.620653 0.614374
0.562695 0.603721
0.625425 0.619879
0.624953 0.619944
0.561643 0.603188
0.562959 0.602488
0.556389 0.600868
2.359636 1.046009
2.358666 1.045410
2.355623 1.043661
2.352338 1.041694
2.351770 1.041390
2.352803 1.039836
1.844007 0.902656
1.843451 0.903198
1.800095 0.891290
1.844696 0.902248
1.844836 0.899001
1.806334 0.891630
1.804156 0.891529
1.848676 0.902069
1.812575 0.892074
1.810261 0.891896
1.312697 0.756539
1.310548 0.755747
1.310814 0.755028
1.304277 0.754234
1.304368 0.753993
1.297996 0.752315
1.298413 0.751184
1.291703 0.749919
1.288993 0.748997
1.285415 0.747755
1.285833 0.746569
1.279126 0.745535
1.280290 0.742257
1.276606 0.744484
1.273895 0.739661
1.129983 0.705691
1.134764 0.705290
1.132707 0.705159
1.135897 0.701638
2.406706 0.975397
2.408272 0.974561
2.446240 0.876402
2.450951 0.873719
2.446720 0.875282
2.450724 0.873162
2.843197 0.841473
2.841741 0.842319
2.844035 0.839796
2.843305 0.841452
2.850803 0.838248
2.792981 0.827327
2.791469 0.827748
2.788215 0.821110
2.843509 0.840274
2.850659 0.837402
2.794058 0.827178
2.793180 0.826122
2.700424 0.796313
2.693941 0.795413
2.687348 0.794911
2.641450 0.786828
2.642995 0.784879
2.693869 0.794287
2.687457 0.793123
2.640500 0.785303
2.643965 0.779955
3.005626 0.797261
3.005551 0.795999
2.754699 0.728390
2.760008 0.723967
2.752202 0.726487
2.752178 0.726466
2.752213 0.726430
2.640928 0.697045
2.641200 0.695859
3.146193 0.739762
3.143096 0.739910
3.146666 0.739116
3.064627 0.718111
3.146823 0.739621
3.153627 0.736876
3.070879 0.718902
3.066229 0.718312
3.063140 0.717497
3.064835 0.717111
3.077129 0.719683
3.075647 0.719547
3.071231 0.716942
3.060811 0.715620
3.065347 0.713866
3.629742 0.770908
3.629691 0.770770
3.629774 0.770654
3.548160 0.748665
3.627893 0.769037
3.630811 0.765506
3.566935 0.751819
3.560660 0.750183
3.554401 0.749075
3.551843 0.748920
3.569238 0.752286
3.567206 0.750671
3.561047 0.748592
3.240606 0.662838
3.240613 0.662836
3.714006 0.732437
3.707733 0.730788
3.720247 0.732822
3.714470 0.732494
3.707099 0.730547
3.701431 0.728067
3.703045 0.723305
3.670065 0.719993
3.720826 0.732914
3.699561 0.727286
3.696068 0.722785
3.671867 0.719960
3.684114 0.715946
3.677200 0.716610
3.569613 0.690969
3.568265 0.691303
3.258161 0.606793
3.262092 0.606393
3.261580 0.606426
3.481342 0.516825
3.516984 0.526147
3.514301 0.519250
3.480989 0.516630
3.481662 0.515549
3.476280 0.509283
1.385004 1.161619
1.378242 1.161731
1.371638 1.161264
1.365444 1.159315
1.359681 1.155808
1.385104 1.159866
1.378326 1.160034
1.371760 1.159430
1.365634 1.157232
1.359921 1.153537
1.378647 1.157512
1.372192 1.156505
1.366034 1.154424
0.217723 0.845953
0.222447 0.844939
0.220446 0.845393
0.071867 0.805088
0.222942 0.844822
0.070690 0.804532
0.065574 0.802716
0.066155 0.801124
0.060731 0.796385
0.061394 0.800823
0.059949 0.797830
1.563757 1.128660
1.568714 1.127890
1.566952 1.128212
1.569078 1.127443
1.569531 1.127640
1.570675 1.126725
1.576189 1.123331
1.324459 1.061570
1.324124 1.060906
1.319094 1.054741
1.324062 1.060204
1.323939 1.060070
1.323965 1.060088
1.318366 1.055981
1.313042 1.050873
1.321625 1.058334
1.317992 1.055978
1.312674 1.050844
0.326088 0.786505
0.324778 0.785876
0.326372 0.785166
0.319786 0.783814
0.313517 0.782345
0.310201 0.782026
0.307525 0.780285
0.300978 0.779362
0.297889 0.778775
0.301080 0.779243
0.320363 0.781145
0.314173 0.779180
0.304525 0.779251
0.307666 0.778366
0.321357 0.776184
0.315079 0.774537
1.644343 1.047478
1.638069 1.045815
1.631790 1.043948
1.658003 1.046353
1.651226 1.046520
1.644671 1.045877
1.638607 1.043461
1.628648 1.042956
1.632123 1.042563
1.625509 1.042015
1.619232 1.040298
1.612961 1.038732
1.606672 1.036497
1.688193 1.056486
1.681927 1.055110
1.683272 1.050967
1.675657 1.053618
1.676683 1.050451
1.669384 1.052012
1.670375 1.048914
1.663108 1.050262
1.663978 1.047700
1.658408 1.043484
1.606635 1.035132
1.604937 1.035410
1.607199 1.033894
1.659206 1.048539
1.657238 1.046367
1.652012 1.040902
1.608188 1.035027
1.335120 0.961545
1.331166 0.958009
1.325152 0.955410
1.333500 0.959854
1.330464 0.958066
1.330825 0.957846
1.324764 0.955413
1.329311 0.957524
1.324562 0.954791
0.935141 0.851626
0.941377 0.851811
0.939440 0.851865
0.941685 0.851319
0.784511 0.809897
0.942762 0.851502
0.948856 0.848348
0.783868 0.809472
0.781652 0.807623
0.508345 0.733035
0.508531 0.732873
0.510237 0.732090
2.345675 1.137273
2.348588 1.133879
2.345920 1.136079
2.348307 1.133502
2.246274 1.109725
2.346234 1.134939
2.348104 1.132883
2.247055 1.108371
2.245853 1.108358
2.248530 1.102002
2.019118 1.047136
2.022329 1.043438
1.889383 1.012150
1.883109 1.010500
2.110308 1.064791
2.103562 1.064841
2.097275 1.063227
2.091631 1.059278
2.016700 1.045239
2.014832 1.044038
1.909732 1.010958
1.903006 1.010938
1.896294 1.010865
1.889650 1.010549
1.883965 1.006757
2.013412 1.043149
2.015398 1.041415
1.941055 1.018042
1.934712 1.016631
1.928507 1.014716
1.922210 1.013138
1.915775 1.012062
1.909275 1.011221
1.903251 1.008657
1.784460 0.982566
1.782659 0.981532
1.783551 0.978917
1.738724 0.969317
1.732473 0.968545
1.729928 0.968162
1.909273 1.009877
1.778259 0.979663
1.776361 0.978987
1.777067 0.976620
1.770063 0.976453
1.744971 0.969989
1.739490 0.969407
1.769294 0.976064
1.747334 0.970247
1.315467 0.853514
1.311954 0.851712
1.313508 0.847049
1.309871 0.850758
1.305650 0.848939
1.303982 0.847967
1.023251 0.771931
1.016983 0.770511
1.014922 0.770248
1.025489 0.771783
1.024251 0.767481
0.596498 0.654980
0.602748 0.655715
0.599146 0.655255
0.514907 0.632405
0.609000 0.656589
0.608811 0.656565
0.609728 0.653975
0.512760 0.631147
0.515655 0.628937
0.510304 0.629261
2.374683 1.028896
2.376935 1.026963
2.372446 1.027036
2.370012 1.025162
2.369942 1.025100
1.849088 0.883682
1.849176 0.883625
1.849083 0.883519
1.850624 0.878033
1.811427 0.873136
1.809228 0.873073
1.812777 0.868822
1.846952 0.881777
1.842755 0.879794
1.844192 0.875547
1.823930 0.874720
1.817669 0.873555
1.814923 0.873303
1.818838 0.869842
1.290882 0.729690
1.290515 0.729497
1.290938 0.728072
1.286018 0.727141
1.284198 0.726222
1.285679 0.721335
1.216405 0.704021
1.202794 0.705132
1.209464 0.704779
1.202644 0.705052
1.196350 0.702637
1.190077 0.701020
1.183816 0.699862
1.181898 0.699611
1.177707 0.697890
1.171714 0.695217
1.165658 0.692768
1.153855 0.692206
1.159255 0.691577
1.152429 0.690937
1.216389 0.702693
1.209645 0.702739
1.202968 0.702539
1.196508 0.701553
1.190243 0.699859
1.184099 0.697727
1.177987 0.695480
1.171905 0.693118
1.165706 0.691187
1.159289 0.690046
1.151699 0.690357
1.152510 0.690217
2.426393 0.947607
2.428685 0.946927
2.430123 0.946065
2.497760 0.849868
2.495810 0.849907
2.498153 0.849055
2.499323 0.849553
2.505580 0.845123
2.501164 0.848807
2.504748 0.846772
2.539287 0.819994
2.538474 0.820298
2.539615 0.819379
2.540667 0.819601
2.542948 0.818978
2.546563 0.815827
2.980485 0.824896
2.982586 0.824200
2.952426 0.817483
2.951965 0.813195
2.917062 0.808143
2.980028 0.823523
2.982619 0.822694
2.957121 0.817025
2.955937 0.817147
2.917441 0.806962
2.920700 0.803111
2.768880 0.766578
2.917930 0.805861
2.920360 0.802980
2.769551 0.763971
2.699858 0.748150
2.699750 0.748157
2.699886 0.748089
2.706071 0.747472
2.702923 0.747714
2.706933 0.745537
2.641742 0.731540
2.638667 0.724577
2.713820 0.743612
2.641280 0.730162
2.638207 0.724848
3.039954 0.731171
3.040983 0.730361
3.039689 0.729863
3.040962 0.729067
3.611479 0.789576
3.602751 0.791338
3.604320 0.791120
3.612023 0.786191
3.598095 0.788827
3.604929 0.787503
3.597848 0.788689
3.560492 0.778885
3.560603 0.777365
3.605350 0.784612
3.594340 0.786603
3.598569 0.784788
3.564024 0.778573
3.227570 0.686969
3.227448 0.687035
3.227683 0.686672
3.229114 0.686229
3.712285 0.737736
3.713774 0.733204
3.706005 0.735839
3.707553 0.731355
3.664460 0.725882
3.714843 0.737941
3.720071 0.733391
3.704804 0.735283
3.701027 0.729211
3.668339 0.725097
3.667296 0.725356
3.669085 0.722982
3.561689 0.697290
3.561078 0.697281
3.562132 0.695855
3.565555 0.697193
3.260409 0.613112
3.257768 0.613285
3.261769 0.613087
3.261614 0.608315
3.610469 0.614335
3.608978 0.613694
3.591607 0.607859
3.585355 0.607021
3.583179 0.606876
3.586457 0.603503
3.604682 0.611317
3.604154 0.611130
3.597875 0.609321
3.591711 0.607881
3.505340 0.585027
3.504895 0.580528
3.440979 0.566245
3.439768 0.566429
3.442415 0.561596
1.405387 1.160940
1.398484 1.161560
1.388970 1.161660
1.391733 1.161632
1.357326 1.153298
1.354568 1.149946
1.405309 1.159832
1.398544 1.159953
1.386966 1.159870
1.391835 1.159871
1.385206 1.158536
1.360117 1.152202
1.358789 1.152416
1.354812 1.147653
1.411681 1.159782
1.405168 1.158989
1.398495 1.158776
1.391838 1.158500
1.384260 1.157927
1.385238 1.158025
1.366359 1.152678
1.362823 1.152249
1.360372 1.150538
1.355222 1.144795
0.224157 0.839194
0.222960 0.839453
0.225501 0.838885
0.060030 0.795115
0.056085 0.788834
0.058836 0.793536
0.055859 0.788248
1.594666 1.115736
1.592632 1.114433
1.591558 1.113645
1.593063 1.112314
1.591402 1.112371
1.593872 1.108016
1.297689 1.034316
1.299430 1.033876
1.298330 1.031004
1.303888 1.033131
1.302970 1.033557
0.343698 0.770134
0.364188 0.768695
0.357641 0.768030
0.350696 0.768796
0.342911 0.769588
0.343776 0.769481
0.351064 0.766091
0.338254 0.767116
0.344173 0.766671
0.337375 0.766647
2.032168 1.133956
1.666559 1.040038
1.697890 1.046802
1.691631 1.045682
1.685366 1.044366
1.679095 1.042883
1.672826 1.041397
1.671802 1.041160
1.673060 1.040586
1.704146 1.047786
1.698018 1.046818
1.635137 1.029760
1.628861 1.028049
1.622568 1.025710
1.708078 1.048256
1.711956 1.043240
1.638299 1.029776
1.635720 1.026738
1.629955 1.023230
1.620696 1.025117
1.622720 1.025053
1.630495 1.019919
1.623653 1.020319
1.317497 0.943697
1.316760 0.942215
1.315821 0.939027
1.317779 0.941242
1.316172 0.936374
0.957352 0.843970
0.958126 0.843601
0.965102 0.839646
0.960185 0.842891
0.964477 0.840521
0.786878 0.797074
0.784619 0.795194
0.781638 0.793172
0.781559 0.793130
0.781729 0.792534
0.511748 0.720974
0.512332 0.720676
0.512179 0.718911
0.512530 0.719471
2.362443 1.087625
2.362255 1.082966
2.361488 1.086096
2.361021 1.085489
2.361386 1.084702
2.268258 1.061455
2.197879 1.041798
2.360140 1.084498
2.273145 1.060830
2.271021 1.060913
2.274360 1.057142
2.197056 1.041358
2.198808 1.038183
2.275534 1.060875
2.197838 1.040265
2.197795 1.040294
2.197869 1.040199
1.924670 0.966821
1.922274 0.964126
1.925553 0.965776
1.922273 0.962714
1.777376 0.925609
1.771116 0.924491
1.925055 0.964407
1.922019 0.962263
1.916734 0.957013
1.796162 0.929183
1.789898 0.927951
1.783637 0.926758
1.781108 0.926320
1.797475 0.929405
1.797143 0.925479
1.308510 0.796311
1.314107 0.793279
1.306653 0.795083
1.305944 0.794369
1.307379 0.791869
1.069323 0.726131
1.059613 0.727982
1.062355 0.726987
1.055613 0.725932
1.054603 0.725379
1.055900 0.724574
1.056733 0.720195
0.622554 0.606135
0.622714 0.606131
0.622609 0.605885
0.575418 0.593623
0.579705 0.590593
0.572338 0.592023
0.570248 0.591015
0.572920 0.589409
2.402477 0.988763
2.403787 0.987833
2.405269 0.986990
2.431959 0.906909
2.431269 0.905474
2.577412 0.802220
2.575253 0.802332
2.577845 0.801405
2.579027 0.802079
2.585051 0.798299
3.013773 0.773019
3.013912 0.771775
3.013231 0.770366
2.771559 0.705765
2.767953 0.704213
2.773021 0.699804
2.765258 0.703074
2.758963 0.700688
2.758006 0.700340
2.754234 0.693316
2.655892 0.673319
2.659833 0.669468
2.658538 0.672678
2.658246 0.672704
2.658673 0.672303
3.181439 0.722357
3.185129 0.720302
3.182219 0.721317
3.184851 0.719930
3.640404 0.752525
3.641731 0.750322
3.553209 0.728467
3.548205 0.728162
3.640880 0.751420
3.641177 0.750964
3.554495 0.728549
3.553714 0.726351
3.247689 0.644903
3.248022 0.643729
0.214530 0.851488
0.214115 0.851596
0.214882 0.850455
0.216765 0.851024
0.077580 0.814241
0.221921 0.846575
0.077637 0.812972
0.076792 0.811367
0.071769 0.805174
0.076469 0.811427
0.076402 0.811387
0.076415 0.811362
0.070855 0.807113
0.065055 0.803729
1.584581 1.120056
1.575727 1.123930
1.576979 1.123207
1.576673 1.122899
1.576647 1.122915
1.576682 1.122892
1.578140 1.122087
1.584582 1.117297
1.317458 1.053122
1.313095 1.050788
1.313560 1.050403
1.307960 1.046304
1.312844 1.050629
1.307819 1.045405
1.311348 1.048998
1.307921 1.043663
0.330144 0.780697
0.327746 0.778820
0.327593 0.778747
0.327793 0.778616
0.322068 0.776058
0.328997 0.772886
2.310703 1.155714
2.316392 1.154376
2.309357 1.154194
2.316514 1.152525
2.309205 1.154042
2.309372 1.154013
2.255238 1.139775
2.253404 1.137276
2.316597 1.150850
2.307610 1.152378
2.309484 1.152235
2.265379 1.140417
2.259122 1.139395
2.258642 1.139417
2.254020 1.133650
2.268681 1.140854
2.265581 1.139199
2.259879 1.135458
1.993183 1.067965
1.996909 1.063777
1.993363 1.066740
1.996570 1.063598
1.991190 1.064930
1.989222 1.063902
1.785741 1.010586
1.725689 0.993475
1.719429 0.992348
1.713168 0.991211
1.782689 1.008510
1.782151 1.008227
1.731935 0.994115
1.725983 0.993514
1.726397 0.990865
1.778012 1.006041
1.733408 0.994229
1.333653 0.886000
1.331988 0.884284
1.330713 0.882716
1.010215 0.796064
1.007476 0.795965
1.012289 0.795963
0.752915 0.725841
0.748845 0.723776
0.746600 0.722588
0.747543 0.719824
0.685515 0.707044
0.683842 0.705430
0.744481 0.721380
0.741823 0.714778
0.683673 0.705283
0.684118 0.704319
0.602257 0.683049
0.599995 0.683161
0.608508 0.683826
0.604921 0.683204
0.603697 0.677218
0.504938 0.656760
0.505502 0.655658
2.357276 1.120541
2.357514 1.119326
2.245895 1.088973
2.245055 1.089606
2.247389 1.084505
2.357427 1.118062
2.246316 1.088661
2.126654 1.056243
2.124580 1.056492
2.127160 1.055289
2.248473 1.087991
2.132885 1.056308
2.128448 1.056232
2.134347 1.052223
1.950930 1.008042
1.944656 1.006396
1.938387 1.004942
2.159373 1.057742
2.152830 1.057057
2.146733 1.054755
2.133782 1.056401
2.140635 1.052451
1.963460 1.010638
1.957202 1.009611
1.951512 1.008191
1.950999 1.007790
1.944986 1.005183
1.850524 0.980754
1.969705 1.011214
1.967401 1.011128
1.881856 0.987572
1.875591 0.986257
1.869319 0.984692
1.863042 0.982943
1.856770 0.981362
1.852009 0.980616
1.850671 0.979638
1.844895 0.976172
1.838674 0.974324
1.832283 0.973092
1.825893 0.971851
1.819540 0.970485
1.813498 0.967982
1.807612 0.964924
1.783037 0.962401
1.781476 0.961292
1.743820 0.950921
1.888111 0.988557
1.884808 0.988034
1.882420 0.985170
1.876704 0.981485
1.870339 0.980157
1.863681 0.979884
1.857269 0.978724
1.851110 0.976649
1.845002 0.974386
1.838810 0.972428
1.832602 0.970529
1.826387 0.968656
1.820408 0.965926
1.780486 0.960436
1.782641 0.956415
1.775156 0.957905
1.750067 0.951557
1.744880 0.951026
1.852052 0.971873
1.845594 0.970878
1.839112 0.969971
1.832737 0.968675
1.826530 0.966769
1.820718 0.963432
1.774414 0.957581
1.775408 0.956848
1.768853 0.955206
1.762581 0.953597
1.756321 0.952441
1.753811 0.952128
1.310782 0.831902
1.308393 0.830560
1.304459 0.828358
1.304151 0.828177
1.028355 0.753848
1.030468 0.753278
1.036218 0.748504
1.042280 0.749563
1.034565 0.753108
1.034440 0.753095
1.034608 0.752976
0.614120 0.639095
0.620353 0.639173
0.617540 0.639044
0.546719 0.613954
0.535220 0.617283
0.539577 0.615435
0.532509 0.615749
0.540272 0.611518
0.531194 0.614955
0.532841 0.614053
2.387109 1.018984
2.393656 1.015171
2.385938 1.018050
2.393871 1.012973
2.384357 1.016976
2.386184 1.016436
2.381497 1.014978
2.386542 1.013765
1.849088 0.870407
1.846202 0.869424
1.846598 0.868236
1.839925 0.867642
1.840537 0.865808
1.833651 0.865985
1.834030 0.864995
1.827385 0.864611
1.281352 0.713490
1.278935 0.712055
1.275570 0.709173
1.269608 0.706384
1.263415 0.704430
1.257032 0.703170
1.250519 0.702372
1.239394 0.701603
1.243947 0.701795
1.276422 0.710154
1.275260 0.708926
1.269638 0.704899
1.263636 0.702246
1.257413 0.700402
1.250946 0.699441
1.237557 0.699861
1.244278 0.699208
2.423387 0.953308
2.423229 0.953367
2.423567 0.952766
2.425595 0.952714
2.427818 0.952067
2.481839 0.859739
2.488078 0.860095
2.483063 0.859733
2.489402 0.856364
2.488954 0.860023
2.495818 0.854751
2.532066 0.825203
2.534564 0.824593
2.538874 0.820655
2.903412 0.818375
2.896348 0.819575
2.890065 0.817951
2.883874 0.815991
2.875865 0.817052
2.876991 0.816541
2.788914 0.792911
2.763822 0.786495
2.903486 0.816712
2.896733 0.816784
2.890526 0.814880
2.884207 0.813386
2.875711 0.815743
2.877001 0.815107
2.786697 0.792207
2.782632 0.790945
2.781812 0.790916
2.782753 0.790712
2.663401 0.758611
2.679239 0.762530
2.683075 0.760205
2.660366 0.757544
2.657355 0.755836
2.651582 0.752366
2.690069 0.757867
2.682173 0.761685
2.679871 0.761439
2.682742 0.760024
2.658334 0.755739
2.657247 0.754827
2.651931 0.749692
3.022246 0.747573
3.023683 0.745667
3.022339 0.746329
3.023498 0.744940
2.728126 0.666674
2.722775 0.664592
2.721832 0.664251
2.722016 0.663687
2.715547 0.662205
2.716465 0.659413
2.709270 0.660403
2.710319 0.657289
2.703002 0.658971
2.699720 0.658501
2.703564 0.657373
3.573739 0.804352
3.567421 0.802852
3.203647 0.708428
3.209725 0.704369
3.205919 0.707759
3.208998 0.705596
3.651987 0.742382
3.656976 0.742152
3.655760 0.742133
3.657317 0.741251
3.556569 0.714803
3.550320 0.714056
3.549231 0.713948
3.551457 0.710136
3.557552 0.714908
3.557459 0.711398
3.255320 0.631817
3.253894 0.632067
3.595664 0.651058
3.594002 0.649471
3.556388 0.640643
3.556229 0.640635
3.556420 0.640561
3.533961 0.634754
3.531262 0.632929
3.531702 0.632563
3.593805 0.649333
3.594174 0.648751
3.559703 0.640301
3.530901 0.632676
3.526043 0.627271
3.386932 0.593832
3.400937 0.591327
3.393181 0.594573
3.390417 0.594262
3.393604 0.593503
3.340507 0.581069
3.336707 0.579397
3.337340 0.577842
3.332129 0.572338
3.333641 0.577999
3.331050 0.574850
3.261099 0.558805
3.517835 0.540848
3.519699 0.540085
3.474571 0.528140
0.160380 0.878598
0.153812 0.878008
0.147386 0.876895
0.166554 0.879203
0.159804 0.879270
0.153253 0.878615
0.146892 0.877269
0.140618 0.875610
0.134438 0.873610
0.128351 0.871273
0.122321 0.868732
0.116405 0.865775
0.172791 0.879638
0.165967 0.879973
0.159239 0.879959
0.152766 0.879018
0.146459 0.877474
0.140222 0.875677
0.134086 0.873517
0.128073 0.870908
0.122070 0.868261
0.116145 0.865330
1.585311 1.119863
1.592177 1.116923
1.584656 1.118766
1.584625 1.117628
1.584479 1.118379
1.584700 1.118228
1.584718 1.117215
1.304302 1.043052
1.302561 1.041484
1.305011 1.041953
1.302897 1.038849
1.306274 1.041042
1.303654 1.034721
0.334441 0.775237
0.332246 0.773372
0.336551 0.771270
0.330142 0.771582
0.337259 0.767333
2.038536 1.135663
2.025980 1.132014
2.019720 1.130927
2.045969 1.132738
2.033699 1.134033
2.039020 1.133525
2.032251 1.133561
2.026882 1.132232
1.674531 1.035537
1.699596 1.040962
1.693336 1.039805
1.687068 1.038390
1.680799 1.036923
1.680131 1.036763
1.712104 1.042738
1.705852 1.041894
1.702381 1.041367
1.712291 1.042756
1.314744 0.935080
1.315480 0.934022
0.965320 0.839306
0.965881 0.839050
0.967353 0.838178
0.789581 0.790522
0.787841 0.789442
0.790584 0.786206
0.783263 0.787210
0.626409 0.745740
0.782243 0.786718
0.634021 0.742291
0.626634 0.744663
0.620605 0.742120
0.615147 0.737507
0.513412 0.713529
0.510966 0.713717
0.508495 0.707879
0.514350 0.713344
2.350368 1.131913
2.350861 1.130779
2.244588 1.102679
2.243957 1.096929
2.351032 1.129595
2.245525 1.101663
2.105868 1.059254
2.099577 1.057661
2.248724 1.101178
2.248324 1.101179
2.110671 1.063836
2.111544 1.061671
2.104412 1.062750
2.104763 1.061847
2.098140 1.061133
2.098459 1.060298
2.091846 1.058741
2.092716 1.056711
2.087041 1.052886
2.024416 1.041936
2.029986 1.040086
2.022845 1.041044
1.909893 1.010580
1.878522 1.002251
2.116925 1.064766
2.113134 1.064159
2.117457 1.063274
2.090745 1.058229
2.086271 1.054302
2.080735 1.049956
2.021187 1.039818
2.023444 1.038002
1.941229 1.017535
1.934957 1.015951
1.928682 1.014248
1.922409 1.012620
1.923519 1.009789
1.916143 1.011289
1.911051 1.010699
1.916570 1.010578
1.897313 1.006042
1.891048 1.004722
1.884784 1.003466
1.880171 1.002542
1.878695 1.001463
1.872830 0.998328
1.866874 0.995518
1.784384 0.976398
2.018901 1.037987
2.024327 1.033438
1.960032 1.021822
1.961446 1.017330
1.953767 1.020475
1.954270 1.018944
1.947499 1.019036
1.946102 1.018709
1.947573 1.018817
1.903564 1.006832
1.899786 1.006454
1.897464 1.005226
1.891623 1.001997
1.885908 0.998310
1.880142 0.994810
1.782508 0.975451
1.778073 0.973337
1.740422 0.963162
1.734171 0.962411
1.905144 1.006644
1.903764 1.005436
1.898395 1.000487
1.775907 0.972433
1.771775 0.970801
1.746670 0.963830
1.741169 0.963247
1.768252 0.969173
1.752922 0.964676
1.749491 0.964205
1.313387 0.846369
1.309659 0.844097
1.307350 0.842861
1.305195 0.841675
1.018674 0.764106
1.015962 0.763927
1.019686 0.761033
1.024922 0.764771
1.022958 0.764504
0.610700 0.650509
0.604450 0.649750
0.602553 0.649556
0.605595 0.645946
0.611067 0.650550
0.518960 0.626185
0.524063 0.622861
0.516560 0.624556
0.515865 0.624120
0.516769 0.623520
2.368332 1.034583
2.365939 1.033185
2.368752 1.032219
2.362964 1.031135
2.369322 1.028756
2.361993 1.030467
2.369925 1.025210
2.359728 1.029053
2.362420 1.028013
1.847309 0.889732
1.847973 0.887635
1.809728 0.879234
1.807280 0.879155
1.846959 0.888389
1.815967 0.879590
1.812856 0.879363
1.283932 0.734454
1.290327 0.730281
1.282536 0.733737
1.278590 0.731785
1.283441 0.729452
1.276220 0.730553
1.202635 0.705131
1.196139 0.704277
1.189879 0.702564
1.183753 0.700375
1.152262 0.692523
1.143183 0.695982
1.144888 0.694847
1.142937 0.694647
1.144981 0.693108
2.433561 0.900731
2.432558 0.899206
2.527017 0.830467
2.531060 0.825980
2.529583 0.829378
2.528665 0.829641
2.530053 0.828232
2.864688 0.820697
2.869600 0.818926
2.749575 0.789261
2.864803 0.819464
2.869516 0.817835
2.790145 0.799718
2.788848 0.793017
2.775784 0.791575
2.768770 0.792592
2.762656 0.790357
2.751118 0.789405
2.756818 0.787117
2.789227 0.798228
2.788081 0.794413
2.782186 0.791378
2.775453 0.791383
2.768876 0.790820
2.762752 0.788615
2.755800 0.789062
2.755210 0.789223
2.755924 0.788961
2.675332 0.763868
2.667964 0.765927
2.668138 0.765543
2.662951 0.759949
2.674198 0.766087
2.671074 0.765722
2.674988 0.763733
2.663448 0.763702
2.662022 0.761923
3.019952 0.753565
3.020314 0.752402
2.732704 0.674540
2.728785 0.672782
2.726402 0.671836
2.726986 0.670068
2.720110 0.669520
2.696350 0.659116
2.688752 0.661710
2.686957 0.661727
2.689049 0.661176
2.716364 0.668256
2.713823 0.667404
2.714109 0.666564
2.708294 0.663237
2.702055 0.661449
2.694995 0.662202
2.692051 0.661818
2.695345 0.661369
3.575399 0.803905
3.581085 0.802125
3.573944 0.802679
3.567670 0.801041
3.566263 0.801490
3.581024 0.800951
3.574039 0.801874
3.567873 0.799818
3.210714 0.703699
3.212827 0.702980
3.217490 0.699212
3.658707 0.737178
3.657695 0.737290
3.659410 0.735050
3.552027 0.708251
3.660680 0.736824
3.552471 0.708204
3.558257 0.708297
3.557574 0.708300
3.558653 0.707067
3.257027 0.625950
3.256083 0.626042
3.600158 0.645643
3.603357 0.641233
3.561543 0.635441
3.597230 0.643625
3.564326 0.634904
3.564270 0.634898
3.564394 0.634670
3.523709 0.624166
3.521205 0.620404
3.401172 0.590743
3.332150 0.572290
3.402439 0.590837
3.408508 0.588286
3.332043 0.572236
3.326784 0.569573
3.325836 0.569143
3.326017 0.568686
3.320865 0.562957
3.259376 0.551748
3.257916 0.547124
3.259290 0.550478
3.257552 0.547057
0.208807 0.856791
0.212781 0.855778
0.211265 0.856177
0.213466 0.854184
0.081283 0.821815
0.081141 0.821406
0.081979 0.820726
0.081393 0.819091
0.081520 0.817275
1.597192 1.088722
1.596108 1.087174
1.597698 1.086371
1.599805 1.085132
1.297588 1.006999
1.297498 1.005686
1.299307 1.001666
1.297527 1.004443
1.299458 0.999736
0.436425 0.767900
0.438840 0.766519
0.437572 0.766966
0.438443 0.766589
2.331262 1.149288
2.323022 1.152371
2.323756 1.152089
2.331141 1.148310
2.322772 1.151026
2.323730 1.150773
2.250806 1.132003
2.249594 1.126694
2.331106 1.147056
2.322932 1.149823
2.323645 1.149704
2.254531 1.131027
2.252340 1.131142
2.256611 1.131041
2.255058 1.128522
1.998016 1.062645
1.998641 1.061531
1.997214 1.060118
1.996857 1.059818
1.997373 1.059317
1.788954 1.004838
1.721123 0.986071
1.784880 1.002483
1.783846 1.001937
1.733633 0.987894
1.727383 0.987208
1.726645 0.987088
1.779772 0.999894
1.739874 0.988384
1.734913 0.988018
1.336446 0.880142
1.334405 0.878318
1.333216 0.876765
1.333069 0.872349
1.327014 0.869891
1.011915 0.790014
1.010003 0.790037
1.014583 0.789963
1.016129 0.789142
1.019460 0.784869
0.773432 0.724519
0.767155 0.722745
0.746169 0.716468
0.742011 0.714290
0.743358 0.710598
0.741186 0.713895
0.736953 0.708019
0.731098 0.704839
0.724781 0.703335
0.718439 0.701921
0.712099 0.700501
0.705813 0.698883
0.687051 0.699571
0.693382 0.695137
0.598002 0.676037
0.597783 0.675659
0.692708 0.696221
0.603939 0.676273
0.603564 0.676236
0.505626 0.650344
0.505499 0.649046
2.359717 1.072422
2.358136 1.071235
2.359208 1.068199
2.278029 1.050842
2.356925 1.070426
2.278488 1.049679
2.278037 1.043815
2.202505 1.029599
2.208781 1.026448
2.353519 1.068305
2.352505 1.065349
2.278868 1.048533
2.277445 1.044577
2.207482 1.028624
2.203731 1.028650
2.208488 1.028677
1.915079 0.949802
1.912531 0.948197
1.913789 0.944669
1.882823 0.934921
1.876084 0.934944
1.869433 0.934654
1.863099 0.933212
1.857111 0.930519
1.910947 0.947451
1.906226 0.945385
1.899946 0.943517
1.893669 0.941718
1.876325 0.932660
1.869695 0.932289
1.863267 0.931189
1.857323 0.928337
1.793292 0.915544
1.787039 0.914660
1.786837 0.914633
1.787252 0.913917
1.892498 0.941345
1.799544 0.916331
1.797075 0.916077
1.330987 0.789052
1.336633 0.784843
1.328864 0.787473
1.336821 0.782750
1.327961 0.786980
1.329029 0.786592
1.329475 0.783621
1.115497 0.729381
1.114517 0.729289
1.115603 0.729181
1.102940 0.725709
1.098582 0.725081
1.096723 0.724421
1.084112 0.720533
1.117408 0.728782
1.105499 0.725631
1.103120 0.724223
1.097101 0.721641
1.090932 0.719598
1.079745 0.718819
1.084466 0.718633
1.077818 0.718112
1.071531 0.715959
1.097284 0.719614
1.091066 0.717750
1.084776 0.716143
1.078524 0.714401
1.065956 0.713933
1.072141 0.713134
1.065238 0.713625
0.613380 0.589658
0.607112 0.588275
0.600839 0.586645
0.594568 0.585099
0.588288 0.583202
0.617029 0.590177
0.613886 0.587321
0.607974 0.584344
0.601785 0.582375
0.595628 0.580290
0.584331 0.581518
0.589045 0.579749
2.413738 0.964779
2.414071 0.964143
2.416072 0.963407
2.419125 0.962994
2.420291 0.961882
2.481607 0.860215
2.473835 0.863045
2.471779 0.863351
2.474333 0.862178
2.487800 0.860768
2.480082 0.863695
2.476144 0.863241
2.480482 0.862895
2.562896 0.806786
2.555200 0.809787
2.554353 0.810012
2.555415 0.809502
2.557869 0.809701
2.562090 0.808334
2.992566 0.814890
2.948010 0.802916
2.993777 0.813944
2.954231 0.802555
2.950580 0.802516
2.948561 0.799729
2.942917 0.795786
2.929928 0.797057
2.936294 0.795395
2.929148 0.796426
2.784824 0.757586
2.778549 0.755892
2.772275 0.754268
2.766001 0.752599
2.955279 0.802526
2.954459 0.801387
2.949190 0.796074
2.936907 0.791788
2.928240 0.795364
2.929480 0.794313
2.785831 0.753770
2.742246 0.739539
2.735931 0.738031
2.729356 0.737463
2.722022 0.738699
2.719564 0.738907
2.722394 0.738297
2.638500 0.717490
2.735991 0.736442
2.723049 0.738591
2.729077 0.737102
2.636220 0.715607
2.634143 0.713973
3.045907 0.726142
3.050317 0.720933
3.046501 0.725054
3.049573 0.722246
3.637630 0.759673
3.637015 0.758234
3.551527 0.735220
3.548757 0.734904
3.557765 0.735543
3.555488 0.735420
3.245290 0.650869
3.245915 0.649783
3.590371 0.656263
3.593264 0.653414
3.548385 0.644030
3.549395 0.641622
3.542121 0.642723
3.542633 0.641735
3.536784 0.638535
3.549136 0.644114
3.555533 0.642398
3.539740 0.641626
3.536331 0.638789
3.531195 0.632998
3.366408 0.594876
3.360132 0.593143
3.386534 0.594730
3.378930 0.597238
3.379735 0.594973
3.372670 0.596080
3.371010 0.595735
3.372799 0.595715
3.354548 0.591380
3.353848 0.591157
3.353892 0.591040
3.347558 0.588901
3.348246 0.587108
3.342654 0.582978
3.341965 0.586818
3.341371 0.586258
3.336110 0.580919
3.262285 0.565722
3.261261 0.559395
3.516276 0.547035
3.518328 0.546337
3.468489 0.533139
3.470568 0.531365
1.467340 1.155995
1.457781 1.160044
1.459636 1.159512
1.467291 1.154775
1.457277 1.158650
1.459632 1.158135
1.349223 1.130076
1.347328 1.125985
1.466921 1.154761
1.456878 1.157320
1.459553 1.157065
1.350844 1.129246
1.351933 1.128312
0.235519 0.822136
0.233290 0.822380
0.236173 0.820689
0.236722 0.822023
0.243139 0.818439
0.047259 0.771059
0.043697 0.769718
0.040971 0.768849
0.034680 0.766581
0.006241 0.759822
0.033277 0.765708
0.009556 0.758944
0.008416 0.759128
0.010184 0.757209
1.596306 1.081889
1.601066 1.081533
1.599050 1.081345
1.601920 1.078819
1.605475 1.081817
1.607831 1.080434
1.300274 0.999818
1.300023 0.998494
0.443141 0.763072
0.447233 0.760500
0.444795 0.762266
0.446671 0.761158
2.060747 1.127994
2.060672 1.127963
2.054449 1.125438
2.048173 1.123730
2.049396 1.120330
2.041912 1.122569
2.038746 1.122172
2.042332 1.121534
1.943179 1.089129
1.936329 1.089554
1.929756 1.088983
1.923262 1.088117
1.916806 1.087118
1.816981 1.055726
1.810633 1.054335
1.804829 1.050975
1.702997 1.028831
1.696732 1.027509
1.690461 1.025971
1.829836 1.056549
1.822690 1.058051
1.816135 1.057410
1.810060 1.055025
1.804144 1.052070
1.798292 1.048878
1.792405 1.045811
1.715509 1.030727
1.709254 1.029817
1.707910 1.029620
1.797759 1.049459
1.791845 1.046487
1.786034 1.043144
1.717593 1.030936
1.316142 0.922252
1.320099 0.921047
1.318104 0.921499
1.321710 0.916289
1.320507 0.920909
0.971243 0.827272
0.974007 0.826724
0.805523 0.781462
0.799237 0.779346
0.974140 0.825531
0.797748 0.778859
0.792950 0.777184
0.786669 0.775232
0.780388 0.773316
0.776962 0.772100
0.774097 0.771017
0.774771 0.768930
0.656231 0.735000
0.640530 0.736040
0.610943 0.726935
0.636660 0.733735
0.636034 0.733347
0.629742 0.731035
0.623467 0.729340
0.617194 0.727722
0.610943 0.726935
0.610943 0.726935
0.606140 0.719947
0.510526 0.699237
0.504263 0.697997
0.637702 0.726177
0.630841 0.726644
0.624357 0.725745
0.617869 0.724859
0.612593 0.719574
0.516784 0.700292
0.511925 0.699490
0.510731 0.698365
0.505112 0.694335
0.499390 0.690673
0.519384 0.700231
0.517858 0.695563
0.511449 0.694390
2.394631 1.014375
2.393957 1.012911
2.393891 1.012784
2.392839 1.011369
2.394044 1.010970
2.430442 0.940789
2.432988 0.940000
2.432676 0.940129
2.490548 0.855114
2.496012 0.854168
2.492690 0.854403
2.497071 0.851561
2.496236 0.854115
2.544586 0.815317
2.547231 0.814418
2.546707 0.814593
2.547409 0.814121
2.549117 0.813998
2.554712 0.810679
2.955491 0.825710
2.970229 0.828787
2.975048 0.827123
2.959185 0.825868
2.955982 0.823030
2.911524 0.812286
2.910445 0.812991
2.912011 0.811614
2.969992 0.827478
2.975086 0.825603
2.967969 0.826425
2.960018 0.824837
2.956762 0.818810
2.911867 0.812094
2.693453 0.753089
2.698109 0.752357
2.696038 0.752501
2.698716 0.750920
2.645879 0.739235
2.642944 0.733469
2.646358 0.738119
2.642881 0.732315
3.032743 0.736284
3.032802 0.735884
3.032955 0.734695
3.614898 0.787950
3.612475 0.786025
3.612086 0.785536
3.561881 0.771843
3.560466 0.772277
3.610646 0.784307
3.612238 0.784045
3.562915 0.771668
3.562843 0.767859
3.231463 0.681495
3.232321 0.680465
3.721946 0.726730
3.717131 0.726599
3.702755 0.722803
3.696859 0.720433
3.723479 0.721034
3.691735 0.718609
3.690565 0.718033
3.690739 0.717696
3.684273 0.715699
3.684919 0.714392
3.678023 0.714930
3.677909 0.714953
3.678063 0.714845
3.571322 0.685239
3.570959 0.685411
3.572369 0.681744
3.572903 0.684693
3.263776 0.599730
3.261962 0.599919
3.512227 0.552641
3.512456 0.552627
3.462434 0.539409
3.462008 0.538388
3.461862 0.537995
3.462061 0.537802
1.432121 1.161639
1.425292 1.161993
1.418675 1.161576
1.409434 1.160468
1.412206 1.160624
1.351655 1.145203
1.350625 1.139849
1.432223 1.159882
1.425199 1.160939
1.418532 1.160707
1.412022 1.159821
1.411759 1.159822
1.412035 1.159853
1.353024 1.144285
1.432262 1.158384
1.425087 1.159996
1.416443 1.159838
1.418350 1.160009
1.355503 1.142993
1.354342 1.143391
0.225862 0.833298
0.225189 0.833439
0.226879 0.829966
0.227963 0.832925
0.055661 0.787364
0.054769 0.785852
0.051296 0.780386
0.051403 0.783735
0.050271 0.782739
0.044508 0.779227
0.038368 0.777073
0.032885 0.772540
-0.018012 0.761805
1.604495 1.070461
1.602847 1.070422
1.610734 1.070790
1.608027 1.070509
1.616979 1.071348
1.615782 1.071320
1.305419 0.987979
1.303215 0.986249
1.303001 0.986068
1.302123 0.984603
0.694417 0.817646
0.688144 0.816013
0.694762 0.817673
0.702069 0.814237
0.687729 0.815811
0.688857 0.813322
0.459218 0.754120
0.463057 0.751954
0.470056 0.749593
0.460540 0.753212
0.462685 0.751910
2.062446 1.121901
2.061245 1.121518
2.056164 1.119944
2.054121 1.119637
2.056338 1.119571
1.963465 1.088799
1.956470 1.089752
1.943477 1.089119
1.949773 1.089626
1.943201 1.089027
1.936917 1.086992
1.930639 1.085163
1.924361 1.083369
1.918086 1.081673
1.911815 1.080163
1.963393 1.087639
1.956823 1.087055
1.950296 1.086314
1.944181 1.084077
1.938065 1.081846
1.931701 1.080512
1.925289 1.079355
1.919106 1.077366
1.913223 1.074291
1.817662 1.053750
1.811393 1.052295
1.805111 1.050320
1.951021 1.082298
1.838164 1.052149
1.830174 1.055649
1.831334 1.052504
1.823924 1.054925
1.823582 1.054867
1.823957 1.054843
1.802220 1.049221
1.798818 1.047915
1.799127 1.047242
1.792527 1.045617
1.793445 1.043441
1.787948 1.038971
1.704695 1.022620
1.698429 1.021314
1.692158 1.019775
1.844050 1.053826
1.836422 1.056381
1.832212 1.055896
1.837008 1.054955
1.790686 1.044907
1.786227 1.042998
1.786886 1.041413
1.717207 1.024591
1.710952 1.023643
1.709324 1.023392
1.784803 1.042121
1.781344 1.035733
1.723449 1.025091
1.719437 1.024813
1.321825 0.915949
1.319512 0.916544
1.321944 0.915909
1.323109 0.914984
0.972913 0.819830
0.800939 0.773314
0.974856 0.819106
0.796830 0.772018
0.794655 0.771283
0.795392 0.768793
0.788378 0.769535
0.789057 0.767356
0.782105 0.767904
0.782535 0.766595
0.775815 0.765621
0.772600 0.764339
0.769516 0.763021
0.770545 0.759846
0.656574 0.732901
0.600106 0.717952
0.764020 0.760838
0.763218 0.760507
0.763537 0.759479
0.663910 0.730153
0.657200 0.730077
0.641589 0.728434
0.606362 0.718938
0.604182 0.718547
0.600713 0.715222
0.594512 0.713299
0.663063 0.731863
0.637709 0.726169
0.637704 0.726159
0.625146 0.722525
0.612607 0.719512
0.612536 0.719503
0.607529 0.713524
0.505916 0.690151
0.499663 0.689291
0.498521 0.689345
0.506720 0.690263
0.506018 0.689671
0.501115 0.683034
2.380210 1.023759
2.385513 1.020276
2.377956 1.022172
2.377418 1.021746
2.378161 1.021118
2.375099 1.019895
2.378982 1.016767
1.850763 0.877446
1.844482 0.874719
1.819388 0.868192
1.814022 0.867743
1.841903 0.873833
1.838194 0.872550
1.838435 0.872013
1.831912 0.870601
1.832611 0.868719
1.825644 0.869155
1.821492 0.868435
1.826200 0.867554
1.291036 0.723135
1.285909 0.720575
1.285522 0.720402
1.280769 0.714727
1.237284 0.701547
1.230432 0.701983
1.221078 0.703364
1.223433 0.702947
1.237354 0.699904
1.230225 0.701345
1.222420 0.702465
1.223208 0.702377
2.430729 0.934264
2.434676 0.933503
2.433875 0.933836
2.462718 0.867556
2.466702 0.865433
2.473609 0.863407
2.463500 0.866504
2.466417 0.865076
2.828703 0.846561
2.822218 0.845663
2.816199 0.843086
2.828876 0.844524
2.822198 0.844330
2.815888 0.842800
2.828845 0.843278
2.822132 0.843210
2.815649 0.842306
2.809861 0.838876
2.633558 0.794675
2.627022 0.793969
2.621003 0.791384
2.595046 0.786740
2.594436 0.787605
2.595484 0.786288
2.634073 0.791415
2.627796 0.789766
2.621536 0.788053
2.595196 0.786531
3.007759 0.791223
3.008070 0.790054
2.760628 0.723357
2.760204 0.723129
2.756620 0.721033
2.643455 0.691114
2.644322 0.690075
3.173609 0.726889
3.177118 0.724935
3.174359 0.725849
3.176881 0.724422
3.624231 0.775928
3.558993 0.757488
3.552731 0.756249
3.546471 0.755143
3.622918 0.774331
3.577787 0.761381
3.571519 0.759993
3.565251 0.758552
3.559474 0.757541
3.559074 0.757113
3.553543 0.752758
3.572703 0.755155
3.236376 0.669600
3.238893 0.668436
3.238018 0.668755
3.240597 0.662868
3.725339 0.714279
3.725293 0.714274
3.725478 0.713785
3.574726 0.673223
3.574759 0.673212
3.577548 0.672696
3.262944 0.586972
3.265537 0.586416
3.612166 0.608133
3.611101 0.607655
3.593314 0.602065
3.588588 0.601707
3.607061 0.605334
3.605851 0.604925
3.607097 0.600501
3.599575 0.603213
3.597174 0.602716
3.600650 0.599463
3.505458 0.578160
3.504804 0.578284
3.442693 0.560677
3.507811 0.577833
3.442905 0.560652
1.452282 1.163193
1.445575 1.163104
1.452345 1.161537
1.445613 1.161539
1.436980 1.161147
1.439023 1.161025
1.350991 1.137561
1.349869 1.138136
1.452428 1.159847
1.445701 1.159831
1.435348 1.159456
1.439153 1.159162
1.351312 1.137230
1.351165 1.136476
1.452581 1.157936
1.445863 1.157888
1.434474 1.158000
1.439245 1.157475
1.351633 1.136064
1.351510 1.133840
1.352200 1.129987
0.227574 0.827719
0.228179 0.827629
0.230988 0.827115
0.235069 0.823291
0.051856 0.779649
0.049109 0.777750
0.045539 0.776342
0.046773 0.772383
0.039261 0.774570
0.032971 0.772329
0.002311 0.762739
-0.004027 0.761314
-0.010368 0.759898
-0.017200 0.759882
-0.017008 0.759567
0.032687 0.772163
0.001585 0.763467
0.001812 0.763159
-0.004698 0.761485
-0.004466 0.761509
-0.010953 0.760544
-0.011253 0.760531
-0.010928 0.760531
1.603289 1.049314
1.602894 1.049348
1.598493 1.042454
1.609520 1.049390
1.607438 1.049283
1.604457 1.043831
1.614683 1.049975
1.610368 1.045447
1.328613 0.967259
1.320575 0.970903
1.320922 0.970732
1.328477 0.966362
1.320816 0.969553
1.320622 0.969665
1.320848 0.969617
0.868982 0.846543
0.862710 0.844981
0.856434 0.843218
0.894046 0.851975
0.895644 0.847398
0.887781 0.850619
0.888816 0.847746
0.881517 0.849356
0.882033 0.847932
0.875251 0.847982
0.871514 0.847114
0.875406 0.847549
0.854036 0.842494
0.850152 0.841268
0.850430 0.840482
0.843858 0.838867
0.845347 0.834511
0.826284 0.835163
0.832989 0.830507
0.825031 0.833702
0.926852 0.854912
0.920115 0.854931
0.913755 0.853581
0.907448 0.852038
0.900310 0.853217
0.896175 0.852390
0.900721 0.852018
0.841826 0.838003
0.837563 0.836445
0.838191 0.834642
0.831276 0.834290
0.832198 0.831965
0.825005 0.832750
0.824878 0.833519
0.825053 0.833462
0.792017 0.824828
0.788107 0.820971
0.792419 0.823695
0.787989 0.820028
0.500266 0.739100
0.492409 0.742334
0.486860 0.741631
0.493397 0.739600
0.495867 0.742735
0.499316 0.741129
2.288771 1.156889
2.282436 1.155452
2.276105 1.154001
2.269933 1.151974
1.984934 1.078983
1.986601 1.076728
1.872940 1.048175
1.984871 1.077707
1.986615 1.075285
1.898003 1.053528
1.891736 1.052137
1.885468 1.050701
1.879199 1.049243
1.872937 1.048065
1.872300 1.047940
1.865562 1.046158
1.866799 1.045966
1.772522 1.020446
1.766248 1.018781
1.759987 1.017619
1.709779 1.003808
1.982674 1.075902
1.916816 1.058163
1.910547 1.056702
1.904274 1.055051
1.899800 1.053956
1.898067 1.053244
1.892157 1.050261
1.886051 1.047994
1.879797 1.046257
1.873505 1.044662
1.863340 1.044308
1.867142 1.043327
1.860324 1.042335
1.774672 1.020860
1.779749 1.018486
1.722297 1.005964
1.716039 1.004903
1.710874 1.004006
1.710900 0.999649
1.860265 1.042268
1.860350 1.042182
1.776491 1.020085
1.728541 1.006528
1.723764 1.006135
1.730340 1.006642
1.328603 0.897862
1.327624 0.896345
1.326862 0.895344
0.994259 0.804625
0.991155 0.804849
0.995268 0.802122
1.008279 0.802365
1.000507 0.805324
0.995661 0.804779
1.001321 0.803184
0.768350 0.743445
0.768098 0.743344
0.762057 0.741024
0.756347 0.738971
0.755765 0.738748
0.755921 0.738261
0.677828 0.718208
0.681698 0.714486
0.675933 0.716453
0.605124 0.696635
0.598873 0.695824
0.597927 0.695815
0.606992 0.696980
0.606124 0.692839
0.504705 0.668883
0.503690 0.669635
2.401148 1.001609
2.401539 1.000452
2.430184 0.914329
2.431202 0.913311
2.432298 0.912359
2.585382 0.797627
2.583994 0.798042
2.585920 0.796541
2.586182 0.797363
2.997593 0.809621
2.997940 0.808437
3.001116 0.804444
2.943384 0.793191
2.997310 0.807046
3.001043 0.803347
2.945542 0.793333
2.939103 0.791628
2.943610 0.791897
2.787065 0.751426
2.786508 0.750909
2.786000 0.751145
2.746822 0.739510
2.749331 0.738259
2.742541 0.737481
2.749826 0.735095
2.740712 0.736655
2.742732 0.736410
2.636919 0.709187
2.635839 0.707722
2.635795 0.707654
2.635923 0.707354
3.166017 0.731486
3.169023 0.729877
3.166791 0.730460
3.168792 0.729345
3.620095 0.782454
3.618865 0.781111
3.620695 0.779159
3.559789 0.765501
3.557781 0.763206
3.551915 0.760073
3.618787 0.779850
3.620973 0.776775
3.563562 0.765023
3.562182 0.764865
3.234280 0.675642
3.235408 0.674673
3.604145 0.640097
3.603698 0.639769
3.566035 0.629125
3.563425 0.629343
3.600571 0.637897
3.572281 0.629741
3.567271 0.629083
3.518237 0.616115
3.516461 0.613200
3.409156 0.586733
3.518484 0.614942
3.516583 0.611381
3.415385 0.586708
3.411701 0.586682
3.416490 0.583755
3.321280 0.562062
3.422928 0.583450
3.319102 0.560935
3.314964 0.558828
3.315711 0.557241
3.310268 0.552568
3.257177 0.544570
3.309663 0.553391
3.256130 0.543029
3.253756 0.536408
3.514020 0.518759
3.509399 0.512622
3.484678 0.511005
3.483032 0.510337
3.476731 0.507735
3.476285 0.507532
