1.078342 0.797492
1.072069 0.797159
1.046974 0.797303
1.040710 0.795449
1.084601 0.800215
1.079676 0.797878
1.078567 0.797965
1.067273 0.798079
1.072824 0.798231
1.065790 0.798323
1.059513 0.799016
1.053242 0.798503
1.052082 0.798345
1.085648 0.804593
1.091894 0.810974
1.421939 0.830048
1.415654 0.832003
1.415194 0.832278
1.415821 0.832320
1.409360 0.835979
1.403266 0.838952
1.403071 0.839028
1.396787 0.841143
1.390503 0.842963
1.384219 0.845028
1.381617 0.845809
1.377935 0.847015
1.371652 0.848815
1.365368 0.850708
1.650641 0.812322
1.664516 0.814004
1.645827 0.813888
1.644354 0.814727
1.645188 0.814160
1.638066 0.817642
1.631782 0.819758
1.629376 0.820637
1.625493 0.822746
1.619207 0.825045
1.612926 0.826468
1.607370 0.827508
1.606646 0.827745
1.600363 0.829468
2.101614 0.807456
2.095331 0.809142
2.092456 0.809741
2.089050 0.810528
2.082771 0.811731
2.076496 0.812017
2.070222 0.812075
2.063950 0.811804
2.057678 0.811448
2.051407 0.810977
2.451730 0.792733
2.445458 0.792491
2.439173 0.794475
2.432881 0.798097
2.465503 0.798574
2.440779 0.799119
2.431829 0.798731
2.433146 0.798796
2.426589 0.801650
2.420298 0.805088
2.419671 0.805421
2.420586 0.805504
2.414005 0.808956
2.409465 0.812083
2.407704 0.814128
2.401407 0.818491
2.401619 0.818783
2.789220 0.793360
2.782955 0.791803
2.776686 0.790744
2.770415 0.790311
2.764140 0.790631
2.757862 0.791375
2.801743 0.797975
2.795483 0.795304
2.791097 0.793868
2.796503 0.794103
2.822053 0.800320
2.815346 0.800292
3.066872 0.788892
3.060604 0.787592
3.054335 0.786870
3.073118 0.794003
3.068185 0.789305
3.067032 0.789383
3.074562 0.795665
3.073331 0.795761
3.067856 0.796145
3.085591 0.808292
3.079345 0.802959
3.078300 0.802077
3.074086 0.802494
3.091847 0.811652
3.085820 0.808430
3.085625 0.808444
3.080531 0.808920
3.098521 0.814837
3.093025 0.815170
3.396447 0.777891
3.390188 0.774887
3.383920 0.773938
3.402702 0.781321
3.396513 0.777934
3.396468 0.777942
3.415205 0.789786
3.408959 0.784458
3.408507 0.784199
3.403897 0.784693
3.421451 0.795323
3.416132 0.790552
3.415493 0.790654
3.423151 0.796922
3.422085 0.797135
3.667493 0.837242
3.661230 0.835133
3.698829 0.843372
3.692565 0.841523
3.686297 0.840499
3.680029 0.839376
3.673760 0.838506
3.672209 0.838167
3.668108 0.838467
3.705080 0.847858
3.699948 0.844165
3.699343 0.844338
3.694217 0.844812
0.159146 0.832195
0.165395 0.836819
0.160658 0.833080
0.171635 0.843347
0.168132 0.839415
0.172472 0.839618
0.217051 0.845554
0.210795 0.845659
0.204472 0.845748
0.196694 0.850148
0.198036 0.845804
0.190425 0.849340
0.191370 0.845790
0.184151 0.849373
0.184887 0.845834
0.177885 0.847936
0.174760 0.845773
0.178312 0.845849
0.882756 0.805939
0.876468 0.808797
0.845097 0.809379
0.838832 0.807588
0.873365 0.809925
0.877393 0.810152
0.870182 0.811094
0.863901 0.812338
0.857625 0.813003
0.851355 0.812294
0.847319 0.810371
0.845528 0.810558
0.858939 0.817094
0.852705 0.817228
1.080015 0.802753
1.073756 0.799949
1.067486 0.799084
1.061209 0.799760
1.086257 0.808750
1.082917 0.804843
1.080456 0.805039
1.092498 0.815052
1.088367 0.811227
1.086556 0.811359
1.081229 0.811781
1.098746 0.820102
1.094929 0.817598
1.092854 0.817749
1.087526 0.818156
1.105165 0.823969
1.099576 0.824269
1.094109 0.824628
1.448752 0.826489
1.442474 0.827531
1.436195 0.828352
1.429913 0.830035
1.423627 0.832425
1.423024 0.832690
1.423837 0.832746
1.417339 0.835277
1.411049 0.838267
1.407806 0.839439
1.404764 0.840468
1.398481 0.842251
1.748603 0.826519
1.754855 0.830578
1.750449 0.828397
1.755463 0.828515
1.767350 0.840660
1.761102 0.835795
1.759361 0.834702
1.761708 0.834869
1.773602 0.844868
1.767857 0.841026
1.806140 0.847247
1.799887 0.847352
1.792405 0.848327
1.793296 0.847360
1.786133 0.848025
1.786640 0.847349
1.779862 0.847414
1.779547 0.847306
1.779932 0.847321
2.128467 0.796342
2.127416 0.796751
2.122178 0.799243
2.115890 0.802029
2.112222 0.803473
2.109603 0.804557
2.111201 0.804026
2.103317 0.807064
2.097032 0.809220
2.092912 0.810288
2.090750 0.810928
2.084468 0.812318
2.078194 0.812496
2.539807 0.786045
2.525832 0.794768
2.526986 0.792661
2.519544 0.797365
2.515029 0.798973
2.513259 0.799743
2.513742 0.799148
2.506975 0.801816
2.500688 0.804325
2.497661 0.805746
2.494394 0.808033
2.495233 0.806076
2.488724 0.812383
2.488096 0.812861
2.488244 0.812442
2.481799 0.817358
2.475699 0.819102
2.475517 0.819157
2.475100 0.819114
2.475547 0.819116
2.950039 0.784061
2.943769 0.783547
2.937495 0.783509
2.931223 0.783239
2.924949 0.783525
2.918671 0.784106
2.912395 0.784650
2.906113 0.786333
2.963401 0.788051
2.957546 0.788275
3.333773 0.789967
3.321556 0.796440
3.320534 0.797147
3.314239 0.801054
3.310692 0.803091
3.307947 0.804673
3.301662 0.806911
3.295381 0.808312
3.289328 0.809935
3.289099 0.810001
3.289198 0.809972
3.282814 0.812056
3.276527 0.814615
3.271962 0.816734
3.270238 0.817582
0.472878 0.800977
0.466612 0.799457
0.460330 0.800954
0.479135 0.804123
0.473686 0.801415
0.457986 0.801684
0.461635 0.802071
0.454048 0.802649
0.447765 0.804383
0.441483 0.806114
0.435198 0.808247
0.485385 0.808469
0.484442 0.807725
0.485981 0.807881
0.434769 0.808594
0.435252 0.808604
1.205957 0.814275
1.199680 0.815086
1.193401 0.815830
1.187127 0.816079
1.180850 0.816656
1.174574 0.817296
1.168294 0.818470
1.176011 0.818924
1.167930 0.818567
1.168450 0.818612
1.162010 0.820341
1.155724 0.822781
1.660307 0.814225
1.654035 0.813683
1.711975 0.814341
1.697927 0.818224
1.699631 0.814617
1.691648 0.819440
1.666565 0.817207
1.662787 0.814711
1.688482 0.820738
1.685358 0.822611
1.685915 0.820957
1.679072 0.824832
1.680337 0.821293
1.672803 0.823975
1.669031 0.821072
1.674035 0.821402
2.155271 0.794670
2.149005 0.793096
2.142731 0.793214
2.136452 0.794405
2.130172 0.795589
2.125649 0.797323
2.123884 0.798287
2.117594 0.801471
2.111307 0.804000
2.111157 0.804065
2.105018 0.807034
2.461343 0.804852
2.455093 0.800345
2.498967 0.808050
2.499952 0.805469
2.461996 0.805814
2.461539 0.805894
2.494444 0.811735
2.492669 0.812919
2.493087 0.811884
2.486378 0.816254
2.473822 0.818009
2.467572 0.813323
2.466786 0.812201
2.480410 0.818441
2.480092 0.818576
2.478700 0.818469
2.480207 0.818480
2.475337 0.819044
2.929531 0.781561
2.923256 0.781835
2.916978 0.782708
2.910699 0.783763
2.904416 0.785613
2.898133 0.787365
2.894475 0.788397
2.891850 0.789212
2.885562 0.792007
2.879275 0.794627
2.878099 0.795183
3.293688 0.806610
3.287402 0.809128
3.286848 0.809426
3.288787 0.809840
3.281112 0.812224
3.274821 0.815651
3.273949 0.816118
3.268532 0.818449
3.262243 0.821491
3.259911 0.822839
3.255953 0.824674
3.249666 0.827352
3.243494 0.829621
3.243381 0.829657
3.243476 0.829655
3.631126 0.817177
3.624862 0.815434
3.618585 0.815898
3.612307 0.816841
3.637384 0.820258
3.632235 0.817751
3.606183 0.818200
3.606026 0.818258
3.606056 0.818212
3.599735 0.821696
3.594341 0.824896
3.593442 0.825411
3.593607 0.824968
3.587148 0.829262
0.070967 0.797199
0.066854 0.793621
0.083471 0.805604
0.077216 0.802020
0.074669 0.799943
0.089726 0.809149
0.084727 0.806235
0.102231 0.817315
0.095980 0.812914
0.095503 0.812527
0.108479 0.822232
0.104262 0.818866
0.433645 0.779812
0.427376 0.778862
0.421101 0.779270
0.446159 0.786356
0.439903 0.782734
0.438628 0.782030
0.452403 0.792001
0.449417 0.788320
0.446934 0.788622
0.441403 0.788986
0.458655 0.795991
0.456302 0.794687
0.452832 0.794883
0.447150 0.795178
0.441094 0.795367
0.434853 0.795499
0.453732 0.801652
0.447211 0.801685
0.440861 0.801775
0.434605 0.801899
0.428302 0.802011
0.428481 0.808557
0.788176 0.795469
0.781903 0.795341
0.775627 0.795854
0.769352 0.796249
0.795237 0.796356
0.765391 0.796594
0.763074 0.796809
0.763363 0.796724
0.756799 0.797186
0.757290 0.796903
0.750525 0.797360
0.750962 0.797003
0.744248 0.797997
0.737969 0.798891
1.322830 0.811176
1.316567 0.809060
1.310293 0.809154
1.335352 0.815894
1.329090 0.813758
1.326165 0.812701
1.323066 0.812840
1.341593 0.822251
1.338517 0.818967
1.335684 0.819127
1.329803 0.819361
1.324324 0.819747
1.347836 0.828259
1.344047 0.825358
1.341911 0.825496
1.336341 0.825821
1.348297 0.831917
1.342641 0.832207
1.355108 0.838465
1.349377 0.838731
1.728077 0.827407
1.746880 0.830751
1.748131 0.828277
1.740610 0.830157
1.741551 0.828294
1.734341 0.829219
1.730624 0.828172
1.734888 0.828283
1.759394 0.837035
1.753134 0.834450
1.752579 0.834255
1.753252 0.834281
1.765648 0.841118
1.764827 0.840535
1.766769 0.840855
2.010441 0.796162
2.029225 0.803159
2.022963 0.800891
2.016702 0.798438
2.013179 0.797048
2.048029 0.806213
2.041759 0.805644
2.035491 0.804687
2.029408 0.803228
2.029261 0.803243
2.023841 0.803635
2.061918 0.809597
2.459679 0.797718
2.453414 0.795903
2.447138 0.796479
2.465927 0.802654
2.462255 0.798765
2.460037 0.798921
2.454711 0.799343
2.441281 0.799134
2.448037 0.799328
2.440849 0.799402
2.434558 0.802885
2.428275 0.804601
2.472163 0.809786
2.467618 0.805157
2.466154 0.805256
2.473523 0.811545
2.472371 0.811629
2.467313 0.812102
2.480006 0.818420
2.875883 0.792621
2.869603 0.793920
2.868346 0.794211
2.870231 0.794379
2.863320 0.795510
2.857041 0.796586
2.850763 0.797598
2.844483 0.798871
2.838211 0.798393
2.831939 0.798112
2.845614 0.801474
3.232106 0.777451
3.229745 0.783969
3.229365 0.784856
3.225689 0.796993
3.224776 0.803483
3.222978 0.806856
3.220589 0.810038
3.266837 0.817490
3.260548 0.820519
3.257830 0.822323
3.254256 0.824092
3.247966 0.826970
3.241682 0.829069
3.241679 0.829070
3.241687 0.829071
3.235406 0.829542
3.229126 0.830842
3.222834 0.834488
3.222229 0.835896
3.217609 0.842458
3.216513 0.843493
3.216907 0.842610
3.210211 0.848900
3.209999 0.849076
3.538261 0.804197
3.532008 0.800322
3.532442 0.798527
3.525732 0.800611
3.538860 0.804731
3.544492 0.812424
3.543746 0.811120
3.544969 0.811256
3.550712 0.822591
3.547211 0.817538
3.556947 0.830081
3.551603 0.823942
3.563195 0.835196
3.557158 0.830332
3.570712 0.836982
0.276661 0.793656
0.263100 0.798661
0.260016 0.800096
0.256804 0.802832
0.258269 0.800586
0.254289 0.806665
0.252496 0.813173
0.250462 0.816095
0.247900 0.819726
0.244156 0.822364
0.245723 0.820272
0.239771 0.826339
0.237846 0.829390
0.238959 0.826714
0.235680 0.832884
0.231525 0.838467
0.233081 0.833447
0.228056 0.839492
0.225242 0.840178
0.225447 0.839605
0.218969 0.840063
0.219098 0.839693
0.212695 0.840293
0.212894 0.839833
0.206419 0.840569
0.206763 0.840002
0.200147 0.840260
0.602310 0.795449
0.596047 0.793317
0.589776 0.792888
0.603051 0.796055
0.608537 0.804392
0.607540 0.802450
0.621028 0.815112
0.614774 0.811521
0.612334 0.808842
0.627300 0.815737
0.621743 0.815164
0.621044 0.815180
0.633950 0.821576
0.628033 0.821781
0.622286 0.822050
0.647700 0.828217
0.641238 0.828262
0.635154 0.828421
0.936442 0.787717
0.931563 0.790608
0.930148 0.791435
0.923862 0.793930
0.917575 0.796544
0.925389 0.797692
0.915649 0.797348
0.917865 0.797406
0.911288 0.799131
0.905000 0.801686
0.900016 0.804100
0.905846 0.804290
0.898711 0.804755
0.892422 0.807750
0.886885 0.810820
0.886130 0.811227
1.081654 0.814568
1.087899 0.820219
1.085460 0.818329
1.125508 0.826534
1.119225 0.828266
1.112943 0.829720
1.106672 0.829183
1.100407 0.827696
1.094149 0.824806
1.093869 0.824646
1.088733 0.825046
1.114197 0.831184
1.107873 0.831280
1.101870 0.831488
1.475590 0.818210
1.469328 0.816168
1.470319 0.813321
1.464499 0.813577
1.463938 0.819592
1.463034 0.819999
1.463182 0.819651
1.456741 0.823585
1.450657 0.826294
1.450453 0.826357
1.450523 0.826319
1.444171 0.828025
1.437888 0.829951
1.431601 0.832585
1.430454 0.833135
1.432153 0.833301
1.425315 0.834885
2.558981 0.779424
2.559113 0.779398
2.552699 0.780983
2.553698 0.779753
2.546417 0.782735
2.540129 0.785315
2.538566 0.786167
2.533838 0.788692
2.534779 0.786543
2.527549 0.791643
2.524954 0.792880
2.521259 0.794913
2.522074 0.793214
2.514971 0.797665
2.510088 0.799629
2.508684 0.800159
2.509085 0.799792
2.502398 0.802594
0.040837 0.784329
0.034562 0.784672
0.028284 0.785570
0.025952 0.786144
0.029204 0.786392
0.022000 0.787526
0.015718 0.788915
0.009447 0.788608
0.003178 0.787740
0.009331 0.810809
0.003070 0.808577
0.034394 0.816858
0.028122 0.816744
0.021854 0.815699
0.015588 0.814109
0.011007 0.812309
0.034907 0.818557
0.029222 0.818837
0.041410 0.825016
0.035993 0.825372
0.041735 0.831600
0.041397 0.837994
0.035723 0.838267
0.028825 0.844673
0.025378 0.850950
0.021654 0.854163
0.022462 0.851239
0.015835 0.857578
0.015360 0.857814
0.015467 0.857616
0.009076 0.859901
0.010748 0.858204
0.002797 0.861096
0.340646 0.792633
0.346897 0.796743
0.344531 0.794954
0.353139 0.802870
0.351607 0.801295
0.353822 0.801490
0.384466 0.810703
0.386144 0.807713
0.359379 0.809361
0.357752 0.807659
0.360046 0.807841
0.379839 0.813770
0.378172 0.814744
0.378544 0.813903
0.371886 0.817203
0.372857 0.814188
0.365626 0.814533
0.365041 0.814010
0.365781 0.814046
0.707724 0.808168
0.705826 0.808920
0.701435 0.811077
0.695146 0.814134
0.691815 0.815624
0.688856 0.817353
0.682563 0.821102
0.680809 0.822288
0.683281 0.822487
0.676266 0.825519
0.672063 0.828918
0.677766 0.829342
0.669965 0.830801
0.663829 0.835543
0.663666 0.835672
0.657378 0.838599
0.651094 0.840419
0.963270 0.781337
0.956996 0.781504
0.950715 0.782773
0.946199 0.784425
0.944429 0.785135
0.938134 0.789264
0.935729 0.791083
0.931836 0.794020
0.926099 0.797731
0.925542 0.798058
0.919249 0.801493
0.912961 0.804452
0.912961 0.804453
0.912961 0.804453
1.259663 0.792105
1.259438 0.792210
1.253375 0.794907
1.247085 0.798024
1.245463 0.798911
1.240794 0.801427
1.234506 0.804257
1.231811 0.805620
1.228214 0.807532
1.221924 0.810896
1.218484 0.812335
1.215636 0.813532
1.209351 0.815819
1.203068 0.817473
1.538924 0.805255
1.532663 0.802942
1.545172 0.810077
1.542645 0.807516
1.548069 0.813892
1.545752 0.814141
1.557641 0.825201
1.551384 0.821952
1.550043 0.820333
1.545926 0.820686
1.570176 0.827577
1.563907 0.826680
1.563333 0.826588
1.558073 0.826816
1.552143 0.827036
1.546572 0.827389
1.940471 0.802410
1.934472 0.809084
1.933768 0.815366
1.927165 0.821859
1.920921 0.828241
1.920209 0.828857
1.920640 0.828375
1.914507 0.834821
1.913902 0.835283
1.914217 0.834922
1.907610 0.838779
1.901323 0.841322
1.900869 0.841521
1.895037 0.843798
1.888758 0.844829
1.882484 0.844879
1.876210 0.844863
1.869949 0.842447
1.869547 0.842087
2.232756 0.800281
2.230762 0.798327
2.233002 0.798369
2.235305 0.804712
2.232811 0.811232
2.232698 0.811398
2.228626 0.817785
2.226369 0.822092
2.225206 0.824324
2.226314 0.832661
2.225197 0.830797
2.263920 0.839439
2.257648 0.839174
2.251375 0.839041
2.245097 0.839852
2.238827 0.839254
2.232562 0.837676
2.231260 0.837157
2.636325 0.812074
2.630077 0.807180
2.629438 0.806841
2.630260 0.806890
2.642562 0.819188
2.637339 0.813165
2.642773 0.819543
2.645177 0.825977
2.648738 0.837820
2.647313 0.832418
2.649525 0.832630
2.649035 0.838866
2.650371 0.845323
2.651604 0.851782
2.656203 0.852109
2.651469 0.858263
2.654865 0.865983
2.653464 0.864712
2.662528 0.871486
3.030891 0.794933
3.024084 0.797218
3.025315 0.795242
3.017808 0.797701
3.011529 0.798760
3.005248 0.799995
2.998974 0.800173
2.992698 0.800569
2.986418 0.801885
2.980147 0.801377
2.986491 0.802025
2.980353 0.802190
3.388495 0.773415
3.382229 0.772090
3.375956 0.771889
3.369679 0.772526
3.363392 0.775134
3.401008 0.779878
3.394748 0.777451
3.394663 0.777410
3.395689 0.777694
3.358574 0.778052
3.357100 0.778771
3.408572 0.784074
0.027859 0.785980
0.014018 0.788995
0.007750 0.787976
0.001481 0.787006
0.007632 0.810644
0.001364 0.809568
0.011999 0.811760
0.332667 0.793395
0.326403 0.791434
0.320139 0.789775
0.345181 0.799730
0.338928 0.795871
0.335710 0.794528
0.339554 0.794669
0.351428 0.804792
0.346665 0.800817
0.357667 0.811459
0.353713 0.807181
0.359767 0.813568
1.232804 0.804258
1.230756 0.805101
1.226517 0.807035
1.220227 0.810122
1.216021 0.811814
1.213940 0.812680
1.207655 0.814840
1.201375 0.816060
1.195095 0.817298
1.188818 0.817959
1.182540 0.818737
1.189503 0.819002
1.179936 0.818939
1.182673 0.818935
1.610566 0.826683
1.596963 0.829215
1.590686 0.829761
1.584412 0.829985
1.578138 0.829823
1.571865 0.829741
1.565592 0.829623
1.559318 0.829827
1.553045 0.829712
1.967479 0.796081
1.960780 0.796057
1.953441 0.797363
1.954031 0.796018
1.947165 0.797938
1.947816 0.796139
1.940878 0.800591
1.942072 0.796415
1.938484 0.802568
1.934563 0.808492
1.935338 0.802866
1.934040 0.809120
1.929410 0.809582
1.930049 0.815665
1.928244 0.817376
1.928570 0.815796
1.924529 0.822238
1.921926 0.825708
1.922706 0.822529
1.920101 0.828792
1.915615 0.832858
1.911931 0.835413
1.909322 0.836736
1.910115 0.835721
1.903035 0.839356
1.896951 0.842167
1.896745 0.842256
1.896833 0.842200
1.890463 0.844046
2.317528 0.836240
2.315621 0.836829
2.311245 0.837868
2.311772 0.837051
2.304962 0.839681
2.306226 0.837383
2.298680 0.841408
2.292403 0.842067
2.286126 0.842674
2.279848 0.843406
2.273575 0.843433
2.267302 0.843345
2.754458 0.791858
2.748180 0.792636
2.741903 0.793204
2.739877 0.793635
2.735623 0.794516
2.729338 0.796749
2.723055 0.798550
2.716774 0.799915
2.715988 0.800527
2.710939 0.807095
2.710459 0.807816
2.710656 0.807169
2.707388 0.813636
2.704126 0.819338
2.703380 0.820185
2.701484 0.826695
2.698982 0.833215
2.697769 0.835408
2.697930 0.833288
2.696045 0.839744
2.694411 0.846249
2.691417 0.850449
2.691827 0.846438
2.689450 0.852816
2.685109 0.856998
2.682962 0.859415
3.215193 0.770291
3.227729 0.772379
3.221464 0.770608
3.221153 0.770583
3.210604 0.770784
3.208915 0.771050
3.233098 0.776845
3.232043 0.783339
3.230237 0.789848
3.228547 0.790185
3.230337 0.796323
3.228470 0.796646
3.230281 0.802802
3.228466 0.803130
3.202448 0.808230
3.200244 0.803348
3.227956 0.809319
3.227525 0.811538
3.227707 0.809378
3.221236 0.814544
3.222535 0.809846
3.208689 0.814629
3.203261 0.809762
3.216946 0.815986
3.214950 0.816883
3.213532 0.816047
3.215404 0.816166
3.239989 0.827732
3.233720 0.826763
3.228168 0.828751
3.235011 0.829055
3.227432 0.829382
3.225193 0.835278
3.221098 0.841063
3.222608 0.835814
3.220691 0.841830
3.214791 0.847599
3.213812 0.848424
3.208494 0.852144
3.210140 0.849049
3.204151 0.855069
3.202198 0.856317
3.202920 0.855336
3.195908 0.859417
3.189630 0.860328
3.183358 0.860133
0.231137 0.839316
0.223520 0.844107
0.217243 0.845127
0.210968 0.845170
0.204695 0.845055
0.198425 0.844499
0.192158 0.843314
0.185890 0.842223
0.179626 0.840268
0.178856 0.839810
0.179815 0.839858
0.600619 0.793485
0.594355 0.791692
0.588082 0.791707
0.581798 0.793774
0.602786 0.795503
0.576745 0.795953
0.575509 0.796516
0.575979 0.796131
0.569222 0.799203
0.562936 0.801595
0.606829 0.805840
0.605114 0.801945
0.608898 0.808367
0.627046 0.815003
0.816635 0.802644
0.810370 0.801025
0.804102 0.799811
0.797835 0.798675
0.791566 0.797824
0.786995 0.797369
0.829167 0.805551
0.822899 0.804458
0.818589 0.803270
1.330728 0.825992
1.336973 0.831313
1.330976 0.826148
1.330751 0.826161
1.343223 0.835907
1.338132 0.832488
1.337112 0.832557
1.394991 0.838524
1.368280 0.843189
1.362006 0.843135
1.355741 0.841444
1.349479 0.839223
1.348322 0.838783
1.343638 0.839011
1.338231 0.839420
1.369321 0.845246
1.362779 0.845268
1.356699 0.845437
1.350781 0.845665
1.713874 0.818664
1.707613 0.816167
1.705507 0.815102
1.732655 0.826380
1.726393 0.824233
1.720134 0.821352
1.720001 0.821306
1.745168 0.832926
1.738914 0.829087
1.735093 0.827526
1.733299 0.827765
1.746096 0.833832
2.055987 0.809480
2.049715 0.809218
2.043445 0.808508
2.037179 0.806995
2.030909 0.806374
2.074802 0.810686
2.068527 0.810876
2.062256 0.810334
2.058130 0.809767
2.056379 0.809927
2.050708 0.810236
2.398027 0.814357
2.391739 0.817153
2.389597 0.817784
2.385455 0.819085
2.379176 0.820329
2.372896 0.821241
2.366618 0.822305
2.360338 0.823452
2.354667 0.824869
2.354057 0.825057
2.354302 0.824963
2.347773 0.826985
2.797193 0.793418
2.790928 0.791914
2.784661 0.790695
2.822254 0.799979
2.815985 0.799149
2.809720 0.797571
2.803456 0.795578
2.799840 0.794271
2.804500 0.794541
3.120292 0.821557
3.114026 0.820066
3.107754 0.819854
3.101481 0.819548
3.095212 0.818679
3.126534 0.827652
3.120653 0.821892
3.126954 0.828264
3.132758 0.837295
3.131141 0.834675
3.135742 0.841084
3.145990 0.847629
3.140460 0.847948
3.509592 0.823538
3.445201 0.828700
3.441655 0.824192
3.502489 0.829889
3.497079 0.830242
3.446314 0.830575
3.445313 0.830637
3.495862 0.836375
3.482770 0.842566
3.476496 0.842797
3.463948 0.842686
3.457684 0.840858
3.451429 0.837484
3.450736 0.836967
3.470969 0.843091
3.470219 0.843131
3.469822 0.843110
3.464148 0.843272
3.458329 0.843528
3.746152 0.842301
3.742598 0.844538
3.739859 0.846072
3.740813 0.844880
3.733572 0.848490
3.727290 0.850174
3.721011 0.851199
3.714738 0.851205
3.708468 0.850423
0.111863 0.825789
0.118114 0.829984
0.112591 0.826318
0.143167 0.837840
0.144734 0.832731
0.136906 0.835532
0.137837 0.832643
0.130639 0.834298
0.131146 0.832622
0.124374 0.832641
0.124234 0.832578
0.124393 0.832582
0.157171 0.838965
0.149425 0.840908
0.145038 0.838705
0.150038 0.838811
0.163607 0.845400
0.169870 0.851788
0.474582 0.800396
0.468311 0.799808
0.487094 0.807059
0.480841 0.803172
0.477963 0.801901
0.481850 0.802179
0.462368 0.802196
0.462024 0.802330
0.493338 0.812766
0.488507 0.808191
0.499578 0.819177
0.495034 0.814559
0.505826 0.824137
0.501558 0.820935
0.507513 0.821365
0.519423 0.827461
0.789872 0.796567
0.783599 0.796180
0.777326 0.796249
0.771053 0.796143
0.764778 0.796399
0.808676 0.799732
0.802410 0.798303
0.796142 0.797155
0.791335 0.796704
0.790262 0.796852
1.159108 0.817776
1.152337 0.819983
1.146051 0.822276
1.139768 0.824218
1.138931 0.824427
1.140149 0.824529
1.133483 0.826356
1.127200 0.827974
1.120918 0.829618
1.115846 0.831303
1.114634 0.831719
1.108359 0.832166
1.102085 0.832048
1.099784 0.831606
1.523004 0.799706
1.529272 0.800826
1.525936 0.800215
1.520884 0.800295
1.516720 0.801605
1.517291 0.800537
1.510431 0.804645
1.511935 0.800948
1.504149 0.806200
1.501890 0.807096
1.497861 0.809149
1.498579 0.807401
1.491571 0.812157
1.485291 0.813456
1.479026 0.811737
1.846071 0.833771
1.845161 0.834353
1.839779 0.837375
1.833490 0.840269
1.831029 0.841056
1.827207 0.842143
1.828522 0.841530
1.820930 0.842909
1.822617 0.841769
1.814654 0.843233
1.816057 0.841793
1.808379 0.843564
1.809509 0.841821
1.802106 0.843380
1.795837 0.842532
1.793701 0.841725
2.156969 0.795222
2.150703 0.793705
2.144430 0.793541
2.138152 0.794433
2.131873 0.795562
2.163223 0.798904
2.161122 0.797267
2.169460 0.805927
2.167778 0.803636
2.189924 0.810276
2.183501 0.810335
2.175701 0.812288
2.173921 0.810019
2.176514 0.810224
2.196067 0.816630
2.560685 0.778890
2.554412 0.778554
2.573202 0.784630
2.566946 0.781263
2.563047 0.779825
2.562357 0.780412
2.550056 0.780053
2.548129 0.780463
2.548597 0.780244
2.541845 0.782560
2.535558 0.785044
2.579456 0.788287
2.575537 0.786098
2.574133 0.786418
2.586743 0.792719
2.902714 0.785685
2.896433 0.787145
2.892922 0.787866
2.890153 0.788555
2.883866 0.790918
2.877581 0.793117
2.873020 0.794682
2.871296 0.795278
2.865010 0.797816
2.858729 0.799352
2.852450 0.800111
3.121997 0.820974
3.128234 0.827879
3.123370 0.822424
3.128835 0.828795
3.134450 0.838882
3.132648 0.835200
3.136032 0.841616
3.159478 0.851654
3.153208 0.851128
3.146940 0.849858
3.140674 0.848473
3.140087 0.848023
3.167022 0.854464
3.154879 0.854800
3.546215 0.807987
3.548149 0.811625
3.552433 0.818977
3.551749 0.818030
3.552850 0.818156
3.603945 0.824048
3.558664 0.826983
3.556275 0.824421
3.560092 0.824848
3.597414 0.830562
3.571162 0.836329
3.564908 0.832694
3.562381 0.830787
3.565872 0.831047
3.583699 0.838491
3.584272 0.837079
3.577425 0.838506
3.573223 0.837082
3.578040 0.837195
0.318420 0.793170
0.312155 0.791529
0.313639 0.788387
0.305891 0.789735
0.306639 0.788262
0.299621 0.788985
0.300162 0.788315
0.293340 0.790402
0.337208 0.799530
0.330946 0.797242
0.332209 0.794439
0.324684 0.795136
0.321706 0.794211
0.325075 0.794280
0.338982 0.800415
0.344686 0.800694
0.680877 0.818129
0.674589 0.821045
0.673265 0.821872
0.674943 0.821956
0.668294 0.825038
0.662640 0.828524
0.669428 0.828782
0.662000 0.828987
0.655711 0.831955
0.649426 0.834150
0.663632 0.835535
0.656561 0.835391
0.644768 0.835309
0.649745 0.835330
0.643144 0.835799
0.636867 0.836430
0.630594 0.836167
0.628633 0.835610
1.524709 0.798939
1.518440 0.798027
1.512154 0.800385
1.543493 0.806008
1.537233 0.803338
1.530968 0.801712
1.527910 0.800728
1.510097 0.801061
1.549748 0.809667
1.545346 0.806910
1.544110 0.807128
1.550594 0.813576
1.556603 0.819887
1.551149 0.820234
1.563867 0.826567
1.862088 0.820658
1.855810 0.821565
1.863991 0.822173
1.854833 0.822344
1.849511 0.826485
1.868296 0.833383
1.867463 0.828585
1.846669 0.828975
1.868551 0.835042
1.868413 0.835087
1.901197 0.841475
1.893333 0.844376
1.887057 0.844748
1.880786 0.844371
1.874518 0.843315
1.871062 0.841476
1.869677 0.841986
2.218102 0.804309
2.211444 0.804299
2.204228 0.806301
2.204561 0.804217
2.197965 0.804270
2.197975 0.804229
2.191688 0.805133
2.191910 0.804412
2.185407 0.806575
2.179133 0.806467
2.224202 0.810634
2.217357 0.810565
2.210463 0.813981
2.209181 0.810509
2.210604 0.810525
2.224194 0.817120
2.211994 0.816941
2.217083 0.816972
2.213684 0.823393
2.217277 0.823519
2.216651 0.830333
2.216125 0.829834
2.216801 0.829869
2.595355 0.797946
2.589088 0.796617
2.582824 0.794849
2.580385 0.793626
2.614145 0.803822
2.607883 0.801601
2.601619 0.799838
2.601200 0.799713
2.601916 0.799800
2.620399 0.807545
2.617719 0.805915
2.621807 0.806293
2.640695 0.825473
2.951719 0.788222
2.945449 0.787522
2.939179 0.786729
2.932911 0.785780
2.976789 0.792917
2.970525 0.790921
2.964256 0.790104
2.957987 0.789346
2.953323 0.788491
2.951864 0.788566
2.946031 0.788825
2.978025 0.794952
3.354096 0.777008
3.353706 0.777199
3.347414 0.780670
3.343627 0.783652
3.341116 0.785428
3.335203 0.790270
3.334815 0.790548
3.335830 0.790593
3.328521 0.794547
3.325036 0.796920
3.322225 0.798946
3.315932 0.802638
3.314215 0.803588
3.309640 0.806264
3.303354 0.808591
3.297076 0.809473
3.632830 0.816561
3.626566 0.814747
3.620293 0.814711
3.645345 0.822947
3.639086 0.820061
3.635932 0.818240
3.664133 0.829185
3.657868 0.827509
3.651605 0.825391
3.649101 0.824489
3.646562 0.824940
3.664796 0.830923
0.050507 0.785581
0.044234 0.785372
0.063023 0.791443
0.056768 0.788007
0.053667 0.786794
0.069267 0.797047
0.065262 0.793058
0.075513 0.802570
0.072185 0.799416
0.081769 0.805993
0.081273 0.805748
0.082194 0.805864
0.431189 0.781375
0.424639 0.781393
0.417676 0.783703
0.418891 0.781649
0.411389 0.786233
0.408259 0.787923
0.405095 0.790280
0.405792 0.788181
0.399385 0.794546
0.398796 0.795105
0.398955 0.794603
0.392683 0.801136
0.392490 0.801351
0.392553 0.801159
0.386184 0.807623
0.387747 0.801750
0.361101 0.805369
0.386019 0.807728
0.379894 0.810675
0.380717 0.808101
0.373614 0.812057
0.367350 0.810079
0.364542 0.808122
0.367885 0.808247
0.734560 0.800442
0.728282 0.801105
0.722001 0.802627
0.721775 0.802712
0.715710 0.805920
0.709422 0.808899
0.708213 0.809420
0.703131 0.812150
0.696840 0.815352
0.695490 0.816123
0.690544 0.819782
0.686578 0.822764
0.684246 0.824546
0.678458 0.829393
0.677945 0.829847
0.979205 0.783948
0.972935 0.783265
0.966665 0.782655
1.010552 0.788057
1.004282 0.787399
0.998010 0.786963
0.991739 0.786552
0.985472 0.785118
0.984210 0.784886
1.327451 0.801862
1.321185 0.800509
1.314912 0.800133
1.308611 0.805547
1.333943 0.805630
1.328129 0.805864
1.321971 0.806005
1.315633 0.806094
1.308296 0.805974
1.308682 0.805990
1.302324 0.808088
1.296041 0.809875
1.289764 0.810557
1.283497 0.809313
1.334947 0.812413
1.328909 0.812591
1.341260 0.818814
1.658614 0.812548
1.652340 0.812673
1.646060 0.813971
1.664876 0.814764
1.664226 0.814121
1.644563 0.814460
1.639772 0.816724
1.633484 0.819394
1.691190 0.820557
1.671088 0.826687
1.667428 0.820549
1.629212 0.821222
1.627194 0.822566
1.671408 0.826967
1.678314 0.827149
2.000766 0.796025
1.994497 0.795127
1.995900 0.790192
1.988230 0.793650
1.989107 0.790138
1.981966 0.791925
1.982476 0.790137
1.975696 0.791350
1.976118 0.790225
1.969423 0.791158
1.969750 0.790313
1.963149 0.791218
1.963483 0.790437
2.015011 0.796443
2.007034 0.796937
2.001724 0.796128
2.007583 0.796202
2.371186 0.823143
2.364908 0.824109
2.364741 0.824135
2.358628 0.825220
2.359334 0.824447
2.352346 0.826692
2.346065 0.828247
2.339782 0.830168
2.335281 0.831114
2.333501 0.831517
2.333812 0.831247
2.327223 0.832417
2.320947 0.832819
2.774980 0.791680
2.768710 0.791170
2.762434 0.791318
2.756159 0.791751
2.749880 0.792882
2.743601 0.793873
2.788912 0.793808
2.742127 0.794158
2.737320 0.795175
2.731037 0.796957
3.205496 0.774331
3.202337 0.776275
3.199894 0.776528
3.200465 0.782785
3.199389 0.782867
3.194498 0.783401
3.200555 0.789264
3.199540 0.789401
3.201056 0.795737
3.199756 0.795954
3.200485 0.802663
3.206092 0.808854
3.136149 0.839123
3.137048 0.842187
3.161164 0.854434
3.148619 0.854090
3.142363 0.850880
3.139991 0.848603
3.179974 0.856620
3.173702 0.856455
3.167434 0.855251
3.163269 0.854659
3.155242 0.854797
3.161529 0.854808
3.154889 0.854824
3.154703 0.854806
3.536532 0.809775
3.538145 0.804705
3.530268 0.807669
3.531145 0.804586
3.523994 0.807902
3.524849 0.804691
3.517708 0.810209
3.519046 0.804967
3.542767 0.817023
3.537775 0.810677
3.516260 0.811038
3.511414 0.814197
3.512181 0.811372
3.542811 0.817080
3.505908 0.817700
3.505119 0.818263
3.505302 0.817775
3.498818 0.823414
3.550142 0.823789
3.498048 0.824321
3.556837 0.830304
3.493156 0.830887
3.492502 0.831769
3.487763 0.837465
3.486193 0.838665
0.048812 0.784329
0.042539 0.784186
0.036259 0.785474
0.061327 0.790505
0.055073 0.786840
0.053725 0.786225
0.031805 0.786610
0.037473 0.786936
0.029976 0.787251
0.023685 0.790483
0.017397 0.793349
0.064107 0.792539
0.017094 0.793364
0.017399 0.793359
0.011034 0.810567
0.023537 0.818972
0.017275 0.816751
0.011996 0.812880
0.029803 0.820631
0.024354 0.819120
0.023592 0.819153
0.036046 0.826511
0.035543 0.825398
0.030293 0.825663
0.024597 0.825975
0.037690 0.831839
0.036003 0.834740
0.036237 0.831935
0.030591 0.832246
0.024952 0.832580
0.033474 0.838388
0.029697 0.840914
0.030166 0.838596
0.024605 0.838946
0.024794 0.845014
0.023394 0.846517
0.023659 0.845121
0.018481 0.845604
0.019094 0.851591
0.017084 0.853511
0.017496 0.851757
0.010787 0.858153
0.010598 0.858220
0.004501 0.860362
0.005207 0.858569
-0.001776 0.860959
0.431940 0.780727
0.425667 0.780309
0.419391 0.781034
0.438202 0.782811
0.434303 0.781553
0.416712 0.781849
0.413106 0.783115
0.413749 0.782120
0.406816 0.786222
0.402626 0.788580
0.400521 0.790481
0.401060 0.788798
0.394386 0.795210
0.394222 0.795397
0.394266 0.795228
0.387918 0.801098
0.768826 0.796369
0.761371 0.797477
0.755094 0.798100
0.748818 0.798473
0.742541 0.799129
0.736263 0.799949
0.729983 0.801176
0.723701 0.802901
0.722732 0.803259
0.717410 0.806097
0.711120 0.809272
0.709606 0.809983
1.018518 0.789576
1.012251 0.788307
1.005981 0.787680
0.999710 0.787055
0.993439 0.786662
1.037311 0.794950
1.031047 0.793065
1.024782 0.791550
1.023738 0.791240
1.051086 0.797668
1.522722 0.800181
1.509559 0.806690
1.502425 0.810569
1.503824 0.806956
1.471053 0.811319
1.464780 0.811376
1.465367 0.807382
1.497873 0.813097
1.496134 0.814038
1.496476 0.813223
1.489851 0.815831
1.491018 0.813582
1.483577 0.816040
1.485103 0.813814
1.477312 0.814292
1.474900 0.813480
1.477886 0.813620
1.463512 0.813689
1.459001 0.820248
1.458459 0.820551
1.458609 0.820308
1.452161 0.825242
1.769064 0.838246
1.819220 0.844434
1.812940 0.845845
1.806662 0.846700
1.800387 0.846773
1.794117 0.846097
1.787852 0.844599
1.789019 0.841619
1.781585 0.843296
1.782174 0.841547
1.775316 0.842391
1.773636 0.841504
1.775645 0.841580
2.290699 0.842684
2.284427 0.842343
2.278153 0.842369
2.271880 0.842350
2.265606 0.842287
2.259336 0.841652
2.253065 0.841100
2.246792 0.841052
2.240524 0.839834
2.721151 0.799828
2.714455 0.812786
2.647086 0.820054
2.650492 0.827636
2.650124 0.826469
2.650630 0.826505
2.708300 0.832388
2.652599 0.832895
2.657947 0.833224
2.702298 0.839058
2.653574 0.839351
2.657581 0.839584
2.702081 0.845484
2.656664 0.847330
2.656212 0.845779
2.656791 0.845808
2.657454 0.852232
2.656624 0.854963
2.695470 0.858465
2.655173 0.858749
2.683979 0.864755
2.681661 0.866075
2.682574 0.865054
2.675365 0.870241
2.656558 0.867655
2.654379 0.865239
2.672935 0.871406
2.669080 0.872369
2.669822 0.871691
2.662809 0.871908
2.662226 0.871581
2.663180 0.871684
3.058133 0.788671
3.050913 0.790529
3.052161 0.788865
3.044636 0.791365
3.046332 0.789115
3.038359 0.792085
3.032081 0.792941
3.025799 0.794464
3.021460 0.795468
3.019517 0.795945
3.019880 0.795620
3.013235 0.797626
3.006953 0.799280
3.000674 0.800474
3.437321 0.810443
3.431055 0.809061
3.424797 0.805841
3.456113 0.815991
3.449849 0.814008
3.443591 0.811135
3.440249 0.810677
3.437381 0.810749
3.431491 0.810993
3.456850 0.816871
3.456210 0.816914
3.450078 0.817062
3.444301 0.817331
3.438423 0.817580
3.462340 0.824910
3.461325 0.823280
3.456745 0.823564
3.450471 0.823672
3.444891 0.824012
3.464457 0.829712
3.462661 0.829846
3.456954 0.830118
3.450869 0.830286
3.462965 0.836424
3.457125 0.836658
3.451339 0.836924
3.470209 0.843100
3.741572 0.843656
3.737991 0.845193
3.735285 0.846263
0.144897 0.832250
0.138633 0.830520
0.132366 0.829318
0.157415 0.838037
0.158866 0.833017
0.151158 0.834796
0.146386 0.832755
0.151742 0.832854
0.163652 0.845140
0.158593 0.839018
0.164792 0.839276
0.169891 0.851695
0.163851 0.845409
0.171212 0.845700
0.189781 0.851810
0.183660 0.851951
0.170003 0.851792
0.177157 0.851984
0.610235 0.804910
0.616453 0.815608
0.613243 0.809408
0.616601 0.815817
0.616498 0.815835
0.654036 0.826932
0.628939 0.827378
0.622680 0.824450
0.620575 0.822217
0.617305 0.822594
0.661849 0.828488
0.648414 0.828223
0.654546 0.828285
0.647755 0.828433
0.641476 0.829366
0.635206 0.828687
0.634134 0.828456
0.629164 0.828617
0.623338 0.828876
0.643001 0.835292
0.636601 0.835364
0.630438 0.835519
0.977508 0.783354
0.971237 0.782532
0.964967 0.781937
0.958693 0.782020
0.952414 0.783234
0.983774 0.784674
0.982253 0.784371
0.947812 0.784971
0.946128 0.785707
0.939828 0.790503
0.938577 0.791622
1.275588 0.796741
1.269327 0.794483
1.263057 0.793588
1.320846 0.799177
1.308927 0.798951
1.314715 0.799321
1.306940 0.799901
1.300647 0.803332
1.294365 0.805154
1.288093 0.804780
1.281836 0.801619
1.278887 0.799448
1.276200 0.799714
1.301435 0.805798
1.294528 0.805710
1.288370 0.805851
1.282715 0.806163
1.623790 0.823043
1.617505 0.825162
1.611225 0.826526
1.608484 0.826920
1.604945 0.827725
1.598665 0.828909
1.592387 0.829754
1.586109 0.830525
1.579833 0.831039
1.573558 0.831377
1.967699 0.795484
1.961429 0.794841
1.955160 0.794083
1.948885 0.794266
1.942605 0.795329
2.000731 0.796133
1.994218 0.796163
1.987616 0.796166
1.980222 0.800232
1.980886 0.796132
1.973968 0.796555
1.971944 0.796077
1.974082 0.796078
1.938863 0.796657
1.936316 0.798361
1.930068 0.803301
1.930017 0.803413
1.930027 0.803305
1.927148 0.809829
2.364895 0.824130
2.344354 0.830206
2.343408 0.830432
2.338073 0.831819
2.339111 0.830824
2.331794 0.832700
2.325515 0.833757
2.319238 0.834389
2.312962 0.834879
2.306680 0.836364
2.303057 0.837595
2.300396 0.838467
2.300778 0.837771
2.294119 0.839199
2.727637 0.796556
2.721348 0.799592
2.720944 0.799891
2.716492 0.800423
2.715540 0.806455
2.715033 0.807547
2.715157 0.806499
2.713354 0.812970
2.709769 0.813365
2.710698 0.819492
2.709171 0.819667
2.704035 0.820142
2.708956 0.825999
2.708658 0.827232
2.708741 0.826027
2.703715 0.826524
2.707341 0.832505
2.702323 0.838914
2.703243 0.832859
2.702223 0.839067
2.697363 0.839586
2.701491 0.845558
2.697068 0.845977
2.660858 0.846289
2.699390 0.852070
2.695954 0.857180
2.696614 0.852320
2.691163 0.852698
2.661340 0.852751
2.658310 0.857772
2.694755 0.858625
2.689659 0.861365
2.690277 0.858898
2.683370 0.864343
2.684736 0.859252
2.657294 0.859303
2.682049 0.865318
2.677076 0.868367
2.678034 0.865713
2.670793 0.870214
2.664518 0.870261
2.658264 0.866622
2.657532 0.865770
2.658576 0.865861
3.074757 0.806000
3.087258 0.814886
3.081004 0.811083
3.078336 0.809131
3.118597 0.820568
3.112332 0.818866
3.106061 0.818227
3.099791 0.817584
3.093524 0.816290
3.089127 0.815404
3.087495 0.815517
3.119735 0.821378
3.536310 0.810634
3.529605 0.810607
3.523449 0.810742
3.517556 0.810965
3.542752 0.817077
3.515956 0.819926
3.516408 0.817107
3.509667 0.822988
3.510731 0.817390
3.508425 0.823579
3.503379 0.825754
3.503870 0.823805
3.497082 0.830226
3.498633 0.824247
3.497069 0.830242
3.491377 0.836817
3.490772 0.837334
3.490959 0.836883
3.484478 0.841227
3.478193 0.843417
3.477795 0.843530
3.471910 0.845197
3.465632 0.846059
3.459359 0.845889
0.091423 0.810052
0.103923 0.818967
0.097674 0.814246
0.096315 0.813080
0.110170 0.824357
0.104444 0.819407
0.104562 0.819624
0.116413 0.830122
0.111687 0.825758
0.128919 0.838051
0.122661 0.835064
0.118870 0.832117
0.142875 0.838651
0.135736 0.838499
0.488804 0.805356
0.495051 0.810332
0.493342 0.808680
0.495754 0.808882
0.507542 0.821317
0.501294 0.816406
0.499842 0.815034
0.501846 0.815186
0.540506 0.821333
0.526332 0.827202
0.520061 0.826550
0.513798 0.824544
0.507641 0.821372
0.515017 0.821644
0.818332 0.803290
0.812066 0.802043
0.849667 0.809650
0.843405 0.807448
0.837136 0.806652
0.830867 0.805863
0.824599 0.804763
0.820362 0.803808
0.855937 0.810578
0.850513 0.809763
0.849774 0.809808
1.273916 0.791155
1.267643 0.790931
1.261362 0.792554
1.280172 0.794385
1.276891 0.792455
1.274516 0.792686
1.268709 0.792945
1.260985 0.792721
1.262021 0.792925
1.255074 0.795264
1.248784 0.798302
1.281297 0.799224
1.246700 0.799453
1.242494 0.801587
1.236204 0.804774
1.233743 0.806173
1.724750 0.812955
1.718484 0.811467
1.712199 0.813768
1.699647 0.814581
1.725041 0.814292
1.719025 0.814471
1.708621 0.814467
1.712435 0.814480
1.705920 0.814800
1.700667 0.814604
1.698906 0.814636
1.693370 0.815180
1.693620 0.814815
1.687088 0.816879
1.687820 0.815094
1.680803 0.819186
1.674527 0.819571
1.738195 0.820763
1.731912 0.820858
1.725825 0.821014
1.720121 0.821300
1.738466 0.827331
1.996227 0.789497
1.989960 0.788254
2.015012 0.796443
2.008744 0.795237
2.002486 0.792270
1.998593 0.790254
2.027540 0.800037
2.021278 0.797900
2.015013 0.796443
2.015012 0.796443
2.034089 0.802709
2.445169 0.791941
2.426490 0.798285
2.424901 0.799405
2.418606 0.803464
2.415661 0.804935
2.412314 0.806896
2.406019 0.810931
2.405208 0.811586
2.406618 0.811760
2.399721 0.815668
2.393438 0.817649
2.388756 0.818352
2.387158 0.818631
2.387747 0.818576
2.380882 0.819270
2.374605 0.820007
2.805166 0.793938
2.869218 0.794080
2.849062 0.797545
2.842786 0.798004
2.836513 0.797976
2.830238 0.798275
2.823963 0.798507
2.817695 0.797349
2.811430 0.795717
2.807874 0.794711
3.226030 0.771922
3.219764 0.770611
3.213491 0.770487
3.213933 0.770285
3.207209 0.772067
3.200922 0.774670
3.232567 0.776408
3.197806 0.776901
3.194606 0.782769
3.232867 0.782985
3.194598 0.784425
3.194340 0.783439
3.232590 0.789396
3.196288 0.789879
3.195676 0.790279
3.198090 0.796323
3.200770 0.803796
3.200176 0.802762
3.219542 0.813256
3.213258 0.815256
3.207001 0.811926
3.204384 0.809169
3.213885 0.815690
3.226642 0.835021
3.220947 0.841779
3.214522 0.848327
3.206877 0.854485
3.206780 0.854539
3.206815 0.854496
3.200493 0.857085
3.194212 0.858577
3.187937 0.858863
3.181663 0.858849
3.175389 0.859042
3.169121 0.857916
3.162855 0.856544
3.156583 0.856113
3.630733 0.817654
3.616868 0.819225
3.617545 0.817667
3.610585 0.820908
3.611743 0.817913
3.604301 0.823036
3.601984 0.824188
3.598005 0.827455
3.598756 0.824482
3.566625 0.829544
3.594024 0.830799
3.591707 0.831940
3.592028 0.830937
3.585420 0.834571
3.586598 0.831325
3.579144 0.835074
3.572880 0.833264
3.569105 0.831248
3.573747 0.831466
0.304177 0.792090
0.297909 0.790914
0.291635 0.791158
0.285359 0.791551
0.279081 0.792623
0.272796 0.794495
0.317882 0.794105
0.310442 0.793939
0.310223 0.793866
0.310484 0.793874
0.272724 0.794516
0.272929 0.794558
0.266512 0.796804
0.590983 0.788690
0.592888 0.788726
0.586390 0.789873
0.580094 0.794263
0.578061 0.795372
0.573802 0.797689
0.567515 0.800149
0.563281 0.802096
0.561227 0.803066
0.561961 0.802366
0.554931 0.807334
0.553098 0.808752
0.548626 0.813430
0.545418 0.815368
0.542334 0.816916
0.542783 0.815573
0.536056 0.817977
0.929530 0.790452
0.909603 0.795894
0.907337 0.796949
0.910299 0.797118
0.903314 0.798974
0.897023 0.802243
0.894060 0.803642
0.898236 0.803970
0.890734 0.805250
0.884446 0.807902
0.879813 0.810363
0.885915 0.810762
0.878155 0.811278
0.871869 0.813717
0.865584 0.815922
0.862016 0.817164
0.865976 0.817231
0.859299 0.818107
1.179157 0.815234
1.172879 0.815925
1.166599 0.817175
1.163201 0.818086
1.160316 0.819004
1.154029 0.821648
1.147743 0.823931
1.144283 0.824891
1.141459 0.826026
1.135177 0.827618
1.128898 0.828768
1.866657 0.821384
1.860390 0.820122
1.866908 0.821570
1.866745 0.821599
1.858114 0.821712
1.854091 0.825075
1.855479 0.822217
1.870341 0.827996
1.867983 0.828464
1.851178 0.828307
1.847783 0.831782
1.848801 0.828686
1.871242 0.834463
1.843912 0.834910
1.841485 0.836453
1.842230 0.835192
1.835195 0.839486
1.828912 0.841278
1.822636 0.841751
1.816365 0.841398
1.873393 0.841080
2.158665 0.796196
2.164917 0.800191
2.162284 0.797823
2.189960 0.810156
2.183687 0.810081
2.177417 0.809322
2.171161 0.806128
2.168682 0.804176
2.203778 0.810462
2.196208 0.815199
2.190265 0.810282
2.196838 0.810365
2.210339 0.816934
2.197262 0.816652
2.203244 0.816793
2.209770 0.823258
2.568632 0.783922
2.562377 0.780429
2.562348 0.780419
2.581138 0.792002
2.574885 0.787975
2.573080 0.786690
2.599926 0.798230
2.593664 0.796002
2.587400 0.794289
2.583610 0.792981
2.581876 0.793260
2.602092 0.799162
2.601413 0.799641
3.077720 0.788539
3.071452 0.787317
3.065178 0.787313
3.058903 0.787674
3.052627 0.788220
3.046349 0.789093
3.077979 0.788593
3.077752 0.788607
3.072322 0.788957
3.046141 0.789124
3.040069 0.790080
3.040826 0.789490
3.033791 0.791037
3.027510 0.792573
3.078559 0.795332
3.079143 0.801995
3.410629 0.790667
3.404376 0.786525
3.416867 0.797370
3.411174 0.791200
3.410756 0.791255
3.429382 0.803551
3.423124 0.800626
3.417158 0.797565
3.416912 0.797585
3.441928 0.803940
3.435649 0.804748
3.430603 0.803809
3.429463 0.803854
3.424234 0.804299
3.449392 0.810365
3.443506 0.810590
3.462127 0.823201
3.687978 0.844186
3.681710 0.843203
3.745301 0.844235
3.731863 0.850047
3.713038 0.850826
3.706772 0.849378
3.700513 0.846723
3.694249 0.844878
3.693891 0.844829
3.728975 0.850709
3.725582 0.851540
3.726299 0.850972
3.719308 0.851612
3.713910 0.850951
3.720685 0.851286
0.289928 0.792439
0.283655 0.792258
0.277376 0.793130
0.274744 0.793907
0.271092 0.795243
0.272767 0.794504
0.264807 0.797439
0.258518 0.800397
0.258220 0.800670
0.254750 0.807208
0.252286 0.813727
0.252174 0.813863
0.245868 0.820075
0.245641 0.820324
0.246511 0.820534
0.239564 0.826084
0.238552 0.826930
0.233255 0.832992
0.231918 0.833530
0.226968 0.835445
0.559515 0.805252
0.556150 0.808156
0.553210 0.811360
0.554275 0.808515
0.549817 0.814736
0.546905 0.817369
0.547927 0.815089
0.540611 0.821206
0.515520 0.820531
0.509260 0.817837
0.539885 0.821375
0.534329 0.822771
0.534727 0.821591
0.528054 0.823142
0.528506 0.821720
0.521786 0.822159
0.520214 0.821719
0.521924 0.821735
1.020218 0.789844
1.013950 0.788757
1.045273 0.797337
1.039010 0.795417
1.032746 0.793522
1.026480 0.791979
1.025833 0.791767
1.057815 0.798297
1.051544 0.797890
1.050316 0.797820
1.395643 0.838546
1.403009 0.838936
1.395098 0.838754
1.388810 0.841431
1.382525 0.843620
1.376244 0.845156
1.344879 0.844542
1.375251 0.845353
1.376501 0.845417
1.369963 0.846460
1.363684 0.847514
1.357410 0.847710
1.351141 0.846852
1.347961 0.845847
2.226105 0.798277
2.218497 0.802369
2.219538 0.798300
2.212229 0.801352
2.205959 0.800448
2.232197 0.804582
2.224757 0.804992
2.223967 0.804334
2.224832 0.804343
2.227431 0.810750
2.232637 0.811214
2.226189 0.817248
2.224679 0.819984
2.222189 0.823794
2.224610 0.833229
2.222327 0.830268
2.243404 0.838428
2.237131 0.838405
2.230865 0.836774
2.230412 0.836611
2.603321 0.799581
2.622109 0.805994
2.615852 0.802638
2.609588 0.800892
2.606116 0.800210
2.628363 0.809653
2.622719 0.806376
2.634607 0.815401
2.632004 0.812694
2.635802 0.813016
2.640829 0.825311
2.637638 0.819081
2.642416 0.819501
2.640910 0.825510
2.643848 0.831946
2.972209 0.794316
2.965935 0.794401
2.959665 0.793651
2.953399 0.792286
2.997271 0.800702
2.991003 0.799559
2.984731 0.799061
2.978474 0.796007
2.975944 0.795136
2.972767 0.795384
2.966377 0.795464
2.999877 0.801223
3.004027 0.801305
3.380526 0.772321
3.374255 0.771823
3.367981 0.771967
3.361695 0.774353
3.356613 0.777502
3.355402 0.778102
3.349110 0.781635
3.345588 0.784174
3.342813 0.786158
3.336516 0.790640
3.336262 0.790821
3.330220 0.794954
3.326499 0.797482
3.323924 0.799343
3.640779 0.821604
3.659551 0.831096
3.653289 0.828537
3.647031 0.825664
3.645895 0.825118
3.684623 0.835439
3.678352 0.834726
3.672081 0.834242
3.665812 0.833474
3.660139 0.831331
3.659671 0.831382
3.691210 0.837404
3.685398 0.837636
3.679520 0.837862
3.673610 0.838089
