0.074917 0.723781
0.072895 0.725090
0.070212 0.726731
0.066577 0.729021
1.352525 1.153620
1.357762 1.162427
1.357250 1.161750
1.363983 1.170085
1.360477 1.166420
1.370217 1.176225
1.365075 1.171406
1.364617 1.169293
1.370549 1.176597
1.370345 1.176145
1.685152 1.264376
1.678742 1.263404
1.671970 1.263494
1.663181 1.264092
1.665147 1.263735
1.678910 1.266766
1.672228 1.266595
1.660205 1.267401
1.665472 1.266638
1.672592 1.269409
1.659471 1.271221
1.665631 1.270052
1.658545 1.272375
1.666247 1.272160
1.656983 1.274684
1.658825 1.274139
1.652223 1.276674
0.308718 0.661096
0.297410 0.666963
0.302208 0.664290
0.370972 0.683909
0.364730 0.682447
0.359039 0.679376
0.295063 0.670459
0.294711 0.670840
0.402856 0.693100
0.371486 0.686277
0.364975 0.685607
0.464000 0.721011
0.457799 0.717588
0.452520 0.713299
0.502973 0.727337
0.496241 0.727309
0.489584 0.727063
0.482994 0.726619
0.476525 0.726482
0.476559 0.725726
0.470244 0.725949
0.470284 0.724363
0.464115 0.722689
0.457965 0.720961
0.452023 0.718632
0.446457 0.715212
0.496513 0.730384
0.489584 0.730930
0.480377 0.730621
0.482846 0.730922
0.469274 0.728213
0.464211 0.726297
0.458134 0.724368
0.538196 0.747172
0.539821 0.745589
0.489649 0.734646
0.481852 0.734949
0.482777 0.735027
0.537005 0.750894
0.616534 0.772173
0.614404 0.774457
0.613056 0.775381
0.615794 0.771592
0.608092 0.777583
0.607143 0.778107
0.608554 0.776952
1.366528 1.029729
1.364551 1.030292
1.360219 1.032308
1.359215 1.033116
1.355270 1.036277
2.156683 1.298029
2.163680 1.295931
2.156254 1.298095
2.149961 1.298877
2.144926 1.299437
2.150799 1.298041
2.143670 1.299614
2.137377 1.300464
2.133067 1.300859
2.138012 1.299913
2.131085 1.301079
2.124794 1.301981
2.463797 0.783483
2.464951 0.777406
2.465073 0.784945
2.471523 0.781758
2.468210 0.789606
2.470621 0.788271
2.469989 0.794725
2.469869 0.793973
2.470040 0.793867
2.614217 0.835224
2.607935 0.834698
2.601663 0.833109
2.595404 0.830000
2.593865 0.828864
2.589640 0.826360
2.608590 0.833955
2.602059 0.833344
2.596073 0.831141
2.590316 0.828279
3.454567 0.731009
3.464340 0.741061
3.458084 0.737494
3.455706 0.735228
3.464436 0.741121
3.550854 0.763881
3.550726 0.767824
3.550676 0.771819
3.643055 0.795862
3.641772 0.799558
3.640017 0.803189
3.639809 0.803795
0.117304 0.707929
0.110552 0.707962
0.103932 0.707610
0.090752 0.707245
0.097320 0.707234
0.090585 0.707415
0.104532 0.709769
0.097691 0.710057
0.088641 0.710793
0.090797 0.710496
1.344130 1.132127
1.343156 1.130762
1.346987 1.135559
1.350346 1.140382
1.350271 1.140257
1.353538 1.144968
1.737083 1.264166
1.732721 1.264733
1.726432 1.265130
1.721363 1.264705
1.720151 1.264624
1.720965 1.262069
1.713867 1.264294
1.707582 1.264242
1.702062 1.264514
1.701294 1.264523
1.695007 1.264817
0.271354 0.681273
0.278102 0.679502
0.270794 0.681536
0.266669 0.684237
0.271578 0.682755
0.264477 0.685302
0.327197 0.701456
0.327331 0.700979
0.320903 0.702360
0.331728 0.706339
0.317954 0.703357
0.559121 0.777887
0.547574 0.770080
0.590455 0.789083
0.584177 0.788194
0.559101 0.780260
0.558700 0.779559
0.553202 0.777199
0.547466 0.774262
0.591107 0.788497
0.578638 0.787869
0.584390 0.788427
0.577893 0.788005
0.571596 0.789392
0.565333 0.786536
0.563539 0.784588
0.559221 0.783186
0.553366 0.780604
0.547661 0.777596
0.585436 0.789272
0.578244 0.790579
0.571627 0.790218
0.565428 0.788643
1.351136 1.051325
1.349390 1.054928
1.348767 1.055794
1.347019 1.058424
1.900370 1.237616
1.931046 1.245077
1.925443 1.245847
1.926175 1.241758
1.899732 1.238247
1.901333 1.235547
1.921755 1.247011
1.919136 1.248319
1.919684 1.244890
1.914524 1.240276
1.899854 1.242251
1.900676 1.241344
1.915936 1.249733
1.913532 1.247060
1.908224 1.242896
1.898473 1.245950
1.901356 1.243264
1.913079 1.253124
1.912808 1.253393
1.912892 1.252829
1.897137 1.249682
2.107807 1.307369
2.114323 1.306145
2.107207 1.307422
2.100916 1.307990
2.094810 1.308512
2.101784 1.307254
2.094625 1.308526
2.088339 1.308658
2.082054 1.308596
2.089638 1.307266
2.076504 1.308545
2.082684 1.307885
2.075768 1.308553
2.069484 1.308443
0.539830 0.713576
0.579141 0.717575
0.538711 0.714022
0.540418 0.712528
0.533529 0.715497
0.565959 0.723924
0.572408 0.721413
0.564869 0.725906
0.530788 0.716295
0.623660 0.740464
0.564113 0.727517
0.565058 0.727085
0.627548 0.746902
0.626544 0.745055
0.628080 0.743763
0.703884 0.762518
0.629613 0.749715
0.634878 0.747496
0.705773 0.770244
0.703674 0.766989
0.752926 0.786501
0.709006 0.777227
0.706714 0.774426
0.703641 0.770977
0.747824 0.787340
0.746632 0.787515
0.740343 0.787995
0.734058 0.787931
0.715254 0.781670
0.711914 0.779561
0.709395 0.777760
1.368448 0.989901
1.362468 0.987673
1.367351 0.997640
1.367217 0.997366
1.361807 0.993479
1.369056 1.001995
1.367072 1.005483
1.367806 0.999529
1.362460 0.995478
1.367040 1.005570
2.213290 1.283307
2.209099 1.284113
2.214034 1.282800
2.206994 1.284519
2.200699 1.285526
2.208492 1.283180
2.198919 1.285878
2.201027 1.285289
2.194405 1.286543
2.188204 1.287563
2.195498 1.285670
2.188111 1.287578
1.155694 0.772113
1.155824 0.776129
1.310423 0.823553
1.306778 0.824855
1.304110 0.828275
1.304097 0.828334
1.304399 0.827397
2.340866 1.173061
2.345670 1.170732
2.338309 1.174382
2.335286 1.175805
2.339181 1.173859
2.331998 1.177348
2.329963 1.178636
2.332805 1.176681
2.325678 1.181401
2.325296 1.181639
2.325885 1.181113
2.464430 1.088205
2.458462 1.096135
2.456420 1.098930
2.456020 1.099575
2.457125 1.097582
2.453489 1.103022
2.434246 0.925929
2.440517 0.922701
2.432794 0.929580
2.432749 0.929660
2.430829 0.933151
2.433690 0.930731
2.495364 0.958192
2.448742 0.820564
2.497326 0.846650
2.495876 0.847497
2.491015 0.849586
2.489578 0.850120
2.495289 0.700520
2.493525 0.700666
2.496403 0.697776
2.488998 0.701167
2.482709 0.701588
2.479972 0.701706
2.483513 0.699944
2.476421 0.701909
2.609009 0.734922
2.604685 0.740744
2.601778 0.744070
2.601748 0.744104
2.601816 0.744001
2.727197 0.778935
2.726867 0.779259
2.722631 0.782305
2.720874 0.783282
2.716676 0.785024
3.289251 0.736687
3.282272 0.737384
3.275103 0.739554
3.274370 0.738448
3.275244 0.738224
3.289056 0.741139
3.281334 0.745978
3.278105 0.743239
3.281833 0.742542
3.284349 0.748599
3.288205 0.747523
3.400466 0.781135
3.406702 0.787017
3.400923 0.781879
3.400850 0.780638
3.450230 0.796592
3.406897 0.787157
3.406815 0.786779
3.448247 0.800123
3.444285 0.802446
3.410091 0.791855
3.442724 0.802928
3.458293 0.726480
3.460829 0.723901
3.466050 0.734761
3.459793 0.731349
3.459287 0.730691
3.460132 0.729828
3.551597 0.754740
3.550622 0.758491
3.549487 0.762245
3.649192 0.787897
3.655795 0.784190
3.647862 0.790607
3.647431 0.791477
3.648045 0.791011
3.645594 0.795076
3.649185 0.791599
-0.016099 0.762493
-0.008427 0.759822
-0.016062 0.762432
1.406949 1.247031
1.406645 1.248003
1.406773 1.246619
1.406126 1.250821
1.419102 1.261570
1.412832 1.259706
1.406571 1.256823
1.405592 1.254698
1.425350 1.265977
1.419202 1.261652
1.419152 1.261484
1.413241 1.259073
1.407046 1.257485
1.545379 1.293051
1.552249 1.290067
1.544547 1.293322
1.538245 1.295334
1.427064 1.267373
1.537973 1.295404
1.538313 1.295262
1.531946 1.296796
1.529013 1.297451
1.532660 1.295975
1.525648 1.298278
1.520405 1.299607
1.519350 1.299842
0.228011 0.691866
0.220593 0.693846
0.213760 0.696290
0.210961 0.697418
0.214419 0.696057
0.207451 0.699079
0.205063 0.700152
1.336577 1.077454
1.337326 1.081580
1.338580 1.085840
1.339614 1.090074
1.899771 1.268324
1.893470 1.270046
1.931107 1.279222
1.931538 1.277113
1.924810 1.280469
1.893284 1.270104
1.887171 1.271630
1.923600 1.280674
1.918514 1.281777
1.884247 1.272120
1.880875 1.272876
1.914599 1.282699
1.912211 1.283733
1.913470 1.278554
1.875544 1.274241
1.874574 1.274646
2.031384 1.314044
2.025108 1.312876
2.018832 1.311625
2.012554 1.310719
2.006277 1.309779
1.999998 1.308898
1.908748 1.285438
1.906740 1.282438
2.039168 1.312939
2.032605 1.312419
2.026108 1.311706
2.019700 1.310734
2.013214 1.309987
2.006765 1.309133
1.997597 1.308696
2.000170 1.308709
1.993717 1.308354
1.987433 1.308099
1.981152 1.307629
1.974874 1.306743
1.968598 1.305498
1.962322 1.304375
1.956046 1.303250
1.949769 1.302344
2.001541 1.308608
1.994840 1.308492
1.988231 1.308105
1.981699 1.307500
1.975241 1.306677
1.968905 1.305499
1.962549 1.304382
1.956189 1.303277
1.949718 1.302336
1.949769 1.302345
0.595127 0.706384
0.556090 0.703161
0.555802 0.703161
0.549510 0.703995
0.588758 0.714242
0.594961 0.710737
0.545967 0.704960
0.663826 0.730070
0.657065 0.730127
0.649818 0.735003
0.587208 0.717895
0.587105 0.718033
0.663445 0.735040
0.656062 0.739974
0.650550 0.735635
0.656565 0.735446
0.700247 0.750428
0.700410 0.749088
0.670106 0.739163
0.662316 0.743760
0.658701 0.741391
0.662589 0.741419
0.700582 0.754471
0.664240 0.746602
0.766841 0.772867
0.762619 0.775328
0.700393 0.758436
0.761917 0.775765
0.756308 0.778429
0.756064 0.778509
1.345545 0.969614
1.334265 0.959991
1.370610 0.978791
1.347024 0.970637
1.345630 0.970046
1.340039 0.966678
1.381886 0.982197
1.377403 0.979557
1.369291 0.979449
1.370846 0.979020
1.347591 0.974724
1.345752 0.973551
1.340412 0.969465
1.378679 0.985462
1.376830 0.986539
1.377202 0.984011
1.370550 0.985859
1.369339 0.983433
1.370907 0.982712
1.348761 0.978969
1.345958 0.976843
1.340787 0.972286
1.350835 0.983434
1.984733 1.200427
1.988735 1.201698
1.991791 1.199903
1.983503 1.200567
2.235536 1.274196
2.234063 1.274904
2.235935 1.274028
2.229223 1.277399
2.228659 1.277701
2.229390 1.277323
2.222917 1.279833
2.221532 1.280154
2.223143 1.279781
2.216622 1.281038
0.850122 0.709793
0.843631 0.709059
0.837237 0.708043
0.825249 0.708383
0.830616 0.707690
0.868537 0.718944
0.862785 0.716050
0.856599 0.714427
0.850193 0.713449
0.843719 0.712671
0.837309 0.711706
0.824521 0.712198
0.830676 0.711389
0.823702 0.713834
0.876256 0.727424
0.874301 0.725665
0.868819 0.721992
0.862952 0.719448
0.821901 0.715645
0.823877 0.715468
0.880103 0.733978
0.879314 0.732075
0.874709 0.728375
1.081704 0.795974
1.087866 0.794581
1.080716 0.796469
1.076121 0.798735
1.081393 0.797672
1.074405 0.799520
1.070201 0.801468
1.318891 0.877088
1.317415 0.875086
1.320488 0.879715
1.319871 0.876442
1.322178 0.884070
1.323845 0.888446
2.312079 1.214697
2.309166 1.215513
2.305038 1.217127
2.302859 1.217986
2.298987 1.219803
2.296549 1.220944
2.293447 1.222621
1.317459 0.762101
1.308873 0.764126
1.310083 0.763961
1.350497 0.777161
1.347535 0.779270
1.317490 0.765902
1.307712 0.767856
1.310196 0.767509
1.346120 0.780182
1.341218 0.782949
1.340997 0.783087
2.425584 1.144390
2.424447 1.145941
2.426592 1.143196
2.422256 1.149446
2.419234 1.152019
2.418449 1.152629
2.419658 1.151548
2.516818 1.046296
2.514100 1.048001
2.515390 1.041984
2.512104 1.049229
2.507784 1.051626
2.506965 1.052102
2.501471 1.054901
2.501428 1.054924
2.459497 0.902130
2.458946 0.905989
2.458425 0.906790
2.457352 0.909653
2.465528 0.774742
2.471765 0.780466
2.467085 0.776079
2.472340 0.781191
2.475193 0.785807
2.479350 0.782497
2.585583 0.810788
2.634755 0.832289
2.586269 0.817902
2.585040 0.816234
2.642409 0.829754
2.632794 0.832008
2.635047 0.831575
2.628477 0.831390
2.622193 0.831085
2.615904 0.831532
2.584831 0.821571
2.584620 0.821338
2.613626 0.831812
2.609613 0.832211
2.603328 0.832132
2.590789 0.828256
2.587238 0.826103
2.884029 0.740135
2.878044 0.741543
2.877731 0.741604
2.871428 0.743594
2.870691 0.743958
2.871782 0.743077
3.023001 0.781667
3.065793 0.801680
3.040696 0.796242
3.035679 0.791742
3.034598 0.791045
3.029030 0.787610
3.023468 0.784163
3.060981 0.801218
3.059512 0.801127
3.053235 0.800087
3.046962 0.798700
3.042692 0.797235
3.040839 0.796369
3.035217 0.793106
3.029511 0.790096
3.499014 0.699199
3.491813 0.701472
3.487461 0.703542
3.492805 0.701516
3.544623 0.719954
3.542772 0.716957
3.488717 0.707822
3.492280 0.706951
3.543534 0.723695
3.541891 0.726029
3.542372 0.722010
3.537061 0.717854
3.692373 0.770211
3.699835 0.769819
3.689082 0.771252
3.692850 0.770528
3.686077 0.771429
3.680454 0.773380
3.687293 0.770987
3.679774 0.773531
0.051759 0.758657
0.046973 0.760265
0.045456 0.760761
0.039157 0.762362
0.038504 0.762437
1.388267 1.206424
1.399292 1.218543
1.398143 1.217195
1.394155 1.212774
1.402130 1.222025
1.400014 1.219220
1.403480 1.226300
1.400735 1.221007
1.403292 1.230262
1.403123 1.234249
1.574776 1.279432
1.582533 1.276489
1.574720 1.279451
1.574794 1.279409
1.568471 1.281666
1.567732 1.281906
1.568695 1.281403
1.562172 1.283206
1.558986 1.284011
1.563066 1.282068
1.555873 1.284918
0.137481 0.704208
0.123681 0.706196
0.131018 0.707255
0.118303 0.707903
0.124058 0.707896
0.117378 0.708148
0.111082 0.709365
0.124740 0.709812
0.117901 0.710095
0.108397 0.709766
0.111242 0.709854
1.339603 1.119963
1.340001 1.120769
1.340289 1.118651
1.345808 1.129534
1.343046 1.125393
1.346170 1.130055
1.346211 1.128792
1.352013 1.139202
1.349785 1.134841
1.352094 1.139363
1.747001 1.258603
1.740712 1.258998
1.738249 1.259071
1.741902 1.256106
1.734422 1.259450
1.728134 1.259716
1.721852 1.259264
1.729348 1.257284
1.719897 1.259062
1.722143 1.258633
1.715570 1.258840
1.709282 1.259160
1.841763 1.287242
1.836044 1.284243
1.830165 1.281715
1.704833 1.259815
1.702989 1.259971
1.867753 1.293945
1.860846 1.294432
1.854350 1.293713
1.848080 1.292334
1.841944 1.290561
1.835999 1.288233
1.830008 1.286044
1.823848 1.284344
0.335797 0.663830
0.329523 0.662336
0.323248 0.661173
0.316967 0.660507
0.348314 0.670215
0.342063 0.666062
0.341821 0.665960
0.336207 0.663436
0.330015 0.661841
0.323599 0.660893
0.316742 0.660529
0.316996 0.660493
0.429841 0.692283
0.423563 0.691439
0.417288 0.690204
0.349974 0.671731
0.348583 0.670561
0.449960 0.693343
0.444055 0.690895
0.437539 0.690237
0.430478 0.691171
0.423805 0.690973
0.414746 0.689771
0.417428 0.689910
0.411010 0.689245
0.404730 0.688472
0.398453 0.687561
0.392175 0.686616
0.385899 0.685531
0.450288 0.701478
0.448611 0.702621
0.449217 0.699383
0.523859 0.724016
0.446185 0.704585
0.520463 0.724695
0.517558 0.725749
0.550777 0.735264
0.548887 0.737422
0.513318 0.727135
0.518904 0.724082
0.511254 0.727844
0.548157 0.738685
0.549102 0.738180
0.621690 0.758643
0.620561 0.762378
0.738066 0.792430
0.731339 0.792391
0.725706 0.789146
1.374850 1.013926
1.371588 1.008162
1.370970 1.017045
1.369942 1.017578
1.370366 1.015606
1.366313 1.020030
1.363626 1.021288
2.187371 1.290072
2.191779 1.288756
2.184773 1.290517
2.178479 1.291582
2.186221 1.289152
2.177236 1.291822
2.178747 1.291295
2.172184 1.292701
2.166876 1.293559
2.173178 1.291761
2.165890 1.293721
2.159595 1.294678
2.155992 1.295218
2.160223 1.294141
2.153302 1.295634
1.163705 0.759214
1.163423 0.759366
1.158850 0.762166
1.326860 0.810618
1.326416 0.810798
1.320114 0.812553
1.319027 0.812880
1.313810 0.814800
1.312210 0.815411
2.366835 1.165959
2.374330 1.165767
2.364529 1.167526
2.367087 1.167237
2.360516 1.169914
2.374640 1.168745
2.367495 1.169921
2.359507 1.170414
2.360590 1.170397
2.367932 1.172552
2.354921 1.173425
2.361033 1.173011
2.354199 1.173685
2.469099 1.083804
2.466131 1.085576
2.464534 1.086788
2.460706 1.089964
2.459802 1.090675
2.427622 0.948359
2.446426 0.954737
2.440155 0.952928
2.433889 0.950621
2.428208 0.948571
2.427679 0.948273
2.473149 0.957159
2.466386 0.957219
2.459772 0.956851
2.453479 0.955538
2.447249 0.954043
2.441218 0.951965
2.435441 0.949151
2.519270 0.980302
2.515325 0.983380
2.516365 0.976500
2.515297 0.983405
2.510749 0.977101
2.510556 0.986374
2.509008 0.987215
2.509465 0.984741
2.479621 0.866140
2.476834 0.867306
2.473317 0.868320
2.468884 0.869578
2.467016 0.870202
2.447852 0.720012
2.450742 0.725161
2.449459 0.724345
2.445693 0.719720
2.455517 0.729671
2.576604 0.763921
2.584084 0.760269
2.577528 0.768105
2.583461 0.765976
2.577194 0.772050
2.701496 0.804832
2.697366 0.806092
2.695194 0.806687
2.688901 0.807656
2.687423 0.807930
2.876040 0.745715
2.874495 0.746106
2.877432 0.742348
2.869743 0.746994
2.865952 0.748233
2.863438 0.749369
3.059323 0.801456
3.052935 0.800426
3.046756 0.798778
3.231878 0.750630
3.218060 0.755345
3.225328 0.753941
3.217847 0.755436
3.218098 0.755365
3.211755 0.757583
3.219001 0.756643
3.210354 0.757817
3.211949 0.757545
3.438234 0.827237
3.445076 0.824479
3.437449 0.827418
3.436754 0.826913
3.432374 0.822196
0.153820 0.700989
0.159185 0.699866
0.152173 0.701872
0.148234 0.703762
0.152795 0.702728
0.145862 0.704715
1.337065 1.100642
1.338713 1.105835
1.342965 1.114095
1.341054 1.110320
1.343295 1.114805
1.343573 1.112952
1.346200 1.119452
1.762937 1.252340
1.756655 1.251999
1.806822 1.266021
1.800545 1.264965
1.794267 1.263961
1.787992 1.262686
1.781714 1.261825
1.768141 1.254904
1.762907 1.255950
1.763148 1.253122
1.756627 1.255231
1.755165 1.252085
1.756781 1.252027
1.809899 1.267963
1.806940 1.266912
1.800664 1.265554
1.794350 1.264304
1.788055 1.263004
1.781714 1.261888
1.781675 1.261829
1.781715 1.261834
1.750329 1.256761
1.744052 1.255810
1.882056 1.288875
1.875762 1.289909
1.807221 1.271364
1.806768 1.272400
1.806817 1.271150
1.800829 1.268957
1.794535 1.267655
1.785022 1.266553
1.788064 1.266868
1.781660 1.268211
1.752107 1.259439
1.750412 1.258754
1.933625 1.298456
1.927485 1.296691
1.873639 1.289780
1.869479 1.289618
1.863192 1.289753
1.856909 1.289386
1.806738 1.275903
1.805852 1.275072
1.801144 1.271952
1.794827 1.270719
1.788271 1.270181
1.779039 1.269280
1.781742 1.269569
1.851459 1.288953
1.850627 1.288904
1.844346 1.288480
1.838068 1.287613
1.831788 1.286822
1.810597 1.280121
0.290573 0.670812
0.293863 0.668973
0.288069 0.674248
0.294606 0.670697
0.286731 0.675250
0.476377 0.730130
0.470185 0.728529
0.537498 0.753448
0.476240 0.734434
0.536805 0.756176
0.537429 0.761584
0.537090 0.760227
0.609233 0.779884
0.606408 0.780806
0.602477 0.782400
0.600098 0.783766
1.361999 1.035081
1.358518 1.037687
1.358093 1.038195
1.354748 1.041463
1.352502 1.044999
1.916346 1.226690
1.918962 1.227788
1.914686 1.226856
1.916468 1.226846
1.916997 1.231338
1.916307 1.231343
1.914283 1.230749
1.916334 1.231113
2.156171 1.298182
2.148766 1.300130
2.142000 1.301225
2.135708 1.302001
2.143448 1.299822
2.133226 1.302224
2.136076 1.301665
2.129417 1.302580
2.123125 1.303306
2.130782 1.301330
2.120875 1.303529
2.123462 1.303017
2.116834 1.303938
2.110544 1.304549
2.108270 1.304817
2.110893 1.304274
0.596854 0.700113
0.590588 0.697851
0.584319 0.695859
0.578043 0.694845
0.571759 0.694558
0.565476 0.694240
0.600862 0.702233
0.579496 0.692993
0.572904 0.692561
0.563516 0.694138
0.565918 0.693272
0.559193 0.693896
0.600019 0.706047
0.686367 0.728790
0.684609 0.729026
0.678326 0.728779
0.704124 0.736622
0.710575 0.735208
0.677135 0.730759
0.678653 0.730006
0.705552 0.740919
0.710612 0.738989
0.773571 0.759681
0.772345 0.760289
0.773245 0.756805
0.768287 0.762518
0.766030 0.763743
0.767484 0.757852
1.319061 0.937576
1.326552 0.947561
1.324548 0.945107
1.319327 0.940663
1.330123 0.955138
1.328325 0.951917
1.325190 0.947110
1.330789 0.956447
1.330353 0.955604
1.332698 0.960881
2.257782 1.265235
2.257560 1.265375
2.257891 1.265099
2.251474 1.267874
2.251212 1.267964
2.251586 1.267688
2.245172 1.269694
2.243676 1.270326
2.245741 1.268973
2.238869 1.271758
2.236400 1.272775
2.448728 1.108666
2.447268 1.112311
2.446702 1.112958
2.445075 1.115824
2.442950 1.119377
2.450942 0.914916
2.449294 0.918528
2.448716 0.919721
2.446886 0.922006
2.449336 0.920531
2.453874 0.797816
2.449131 0.805428
2.453321 0.803295
2.471110 0.817844
2.464838 0.816293
2.452306 0.811599
2.451012 0.809818
2.452821 0.808636
2.489917 0.823726
2.483648 0.821805
2.477374 0.820368
2.472702 0.818520
2.471226 0.817829
2.461185 0.816029
2.465063 0.816148
2.458556 0.815794
2.457382 0.815208
2.492417 0.826798
2.490253 0.825219
2.536330 0.698828
2.535136 0.699047
2.530041 0.699255
2.611552 0.723286
2.524540 0.700742
2.523736 0.701571
2.611277 0.723566
2.609250 0.727099
2.608586 0.730968
2.732030 0.757453
2.731354 0.765585
2.730617 0.766202
2.730986 0.764366
2.728425 0.768932
2.969556 0.721060
2.963291 0.718600
2.957023 0.716572
2.950750 0.715025
2.944471 0.714243
2.938185 0.714240
2.982075 0.727226
2.975818 0.723810
2.971368 0.721892
2.969835 0.720673
2.964467 0.716673
2.936465 0.714328
2.938692 0.713217
2.931901 0.714075
2.988324 0.731676
2.984258 0.728681
2.982458 0.727070
2.990934 0.734141
3.170146 0.786352
3.163863 0.785964
3.157586 0.784986
3.151312 0.783472
3.145042 0.781683
3.138770 0.780112
3.132494 0.779000
3.126214 0.778242
3.119933 0.777684
3.159218 0.781466
3.117590 0.777595
3.316176 0.734136
3.309879 0.735482
3.348690 0.740287
3.342461 0.738790
3.336208 0.737359
3.329981 0.735858
3.323473 0.735176
3.316764 0.735082
3.309827 0.735493
3.309884 0.735487
3.378838 0.757101
3.372583 0.753556
3.371106 0.752809
3.366822 0.750268
3.360845 0.748033
3.354952 0.745553
3.349101 0.742960
3.324071 0.737335
3.317312 0.737388
3.307067 0.738895
3.310231 0.738374
3.391359 0.763080
3.385097 0.760306
3.382901 0.759340
3.379464 0.756592
3.373979 0.752932
3.397608 0.767487
3.395759 0.766116
3.392990 0.760364
3.450632 0.782025
3.403839 0.773910
3.401610 0.771387
3.448414 0.785528
3.447735 0.786262
3.448378 0.783532
3.464706 0.718568
3.469280 0.715030
3.463236 0.722232
3.550047 0.742849
3.551461 0.749364
3.550514 0.745351
3.550363 0.753118
3.550089 0.750492
3.656056 0.784045
3.655858 0.784166
3.652194 0.787190
3.657356 0.783528
-0.001840 0.758707
0.036695 0.765864
0.030070 0.765526
0.023971 0.763644
0.018027 0.761314
0.011656 0.760234
0.005071 0.759777
-0.006383 0.759326
-0.001376 0.758917
-0.008133 0.759567
-0.014425 0.760420
1.405607 1.237432
1.403670 1.232107
1.406157 1.241519
1.403621 1.236128
1.404483 1.245144
1.403525 1.240307
1.403400 1.248919
1.403093 1.245478
1.558823 1.287711
1.553581 1.289494
1.560216 1.286479
1.552519 1.289786
1.546216 1.291835
1.546148 1.291853
1.546241 1.291794
1.539917 1.293360
1.537403 1.293961
1.540783 1.291960
1.533619 1.294852
0.228113 0.691843
0.235350 0.690115
0.228025 0.691868
0.221724 0.693567
0.229230 0.692190
0.220044 0.694072
0.222040 0.693493
0.215423 0.695391
1.338275 1.072478
1.338385 1.076484
1.338804 1.080582
1.932827 1.271722
1.934195 1.265472
1.896641 1.261529
1.895192 1.262219
1.895717 1.259706
1.930056 1.272774
1.926518 1.274393
1.927736 1.268503
1.891543 1.264392
1.888880 1.265352
1.922537 1.275110
1.920221 1.275646
1.920976 1.272437
1.913925 1.276946
1.884141 1.266784
1.882577 1.267417
1.913377 1.277123
1.907624 1.278831
1.878798 1.269653
2.058185 1.313742
2.051903 1.313344
2.045617 1.313402
2.052790 1.312533
2.042245 1.313076
2.045818 1.313209
2.039336 1.312739
2.033058 1.311824
2.026781 1.310826
2.020505 1.309738
2.014227 1.308743
2.007946 1.308217
2.015777 1.306418
2.003017 1.308555
2.008537 1.307867
2.001657 1.308557
1.995375 1.308145
1.989097 1.307345
0.726777 0.719528
0.696681 0.716387
0.694303 0.717756
0.722223 0.725917
0.726883 0.723079
0.691889 0.719330
0.695504 0.716306
0.782081 0.744011
0.721199 0.729685
0.777939 0.745988
0.775770 0.746941
0.777350 0.740952
0.771886 0.748677
1.318912 0.927284
1.317892 0.931029
1.319039 0.935273
2.273777 1.252117
2.271514 1.253766
2.267454 1.256415
2.267024 1.256762
2.267878 1.255608
2.261754 1.259617
2.261140 1.259812
1.145506 0.779860
1.134980 0.782249
1.138117 0.781752
1.145651 0.783337
1.131689 0.785527
1.138430 0.784730
1.131431 0.785759
1.303273 0.838737
1.301539 0.842342
1.300648 0.844542
1.301741 0.839030
1.300116 0.846048
2.328589 1.188650
2.327998 1.188864
2.322285 1.190913
2.321443 1.191418
2.315974 1.193898
2.315543 1.194145
2.452554 1.104154
2.450664 1.107722
2.448381 1.110437
2.447933 1.111136
2.449658 1.107507
2.517553 1.031445
2.519257 1.022946
2.517056 1.031693
2.511651 1.034493
2.511240 1.034701
2.511363 1.034050
2.506510 1.037384
2.504925 1.038154
2.505398 1.035698
2.466361 0.885018
2.462875 0.888220
2.462346 0.886695
2.462580 0.892149
2.462218 0.890961
2.464428 0.749145
2.466112 0.751910
2.465907 0.747158
2.470631 0.758852
2.468937 0.756508
2.472311 0.761253
2.576313 0.787815
2.572145 0.783203
2.576993 0.791933
2.572352 0.786487
2.574803 0.795463
2.675372 0.821292
2.678920 0.817681
2.671241 0.821792
2.664953 0.822021
2.658671 0.821628
2.658618 0.821623
2.658686 0.821591
2.652389 0.821169
2.646108 0.820629
2.588821 0.674080
2.582556 0.671656
2.576282 0.670315
2.570005 0.669218
2.563724 0.668622
2.595053 0.680361
2.592823 0.676977
2.589476 0.674143
2.584108 0.670145
2.557762 0.669375
2.557432 0.669421
2.557551 0.668963
2.595764 0.681609
2.595209 0.680975
2.758962 0.726234
2.752964 0.724056
2.746843 0.722239
2.735399 0.723899
2.740209 0.721926
2.770586 0.735571
2.770529 0.735517
2.765509 0.730660
2.734953 0.727778
2.776815 0.742274
2.775471 0.740564
2.771764 0.735967
2.736826 0.732196
2.845778 0.763453
2.779392 0.745415
2.777524 0.742734
2.845077 0.763654
2.846170 0.762655
2.839481 0.764850
2.836522 0.765802
3.190306 0.769421
3.187823 0.770128
3.181747 0.771549
3.181524 0.771603
3.342920 0.740665
3.336649 0.738852
3.330377 0.737231
3.367984 0.749906
3.361720 0.747334
3.355454 0.744999
3.349187 0.742852
3.346679 0.742162
3.343160 0.740633
3.336951 0.739085
3.324550 0.737376
3.330678 0.737727
3.449515 0.771490
3.386773 0.757937
3.380508 0.755514
3.374246 0.752766
3.371560 0.751556
3.368601 0.748969
3.450116 0.772607
3.399296 0.763818
3.393039 0.760305
3.392529 0.760107
3.450829 0.776738
3.449455 0.778663
3.450826 0.772508
3.448187 0.780178
3.727122 0.769283
3.720840 0.768914
3.714558 0.768534
1.425357 1.269656
1.422669 1.267003
1.428243 1.275436
1.427740 1.274140
1.516026 1.301047
1.429198 1.278442
1.429400 1.274794
1.523503 1.299144
1.515274 1.301139
1.516109 1.301055
1.509735 1.301749
1.503444 1.302376
1.446980 1.289758
1.440708 1.288085
1.434459 1.283669
1.434264 1.283543
1.434897 1.282316
1.517516 1.300813
1.510372 1.301990
1.503052 1.302454
1.503478 1.302434
1.497152 1.303038
1.490865 1.303281
1.484587 1.302361
1.478318 1.300448
1.472054 1.297722
1.465787 1.295591
1.459514 1.294073
1.453246 1.292068
1.450624 1.291098
1.447696 1.288218
1.504544 1.303232
1.497591 1.303844
1.490964 1.303513
1.484604 1.302406
1.478449 1.300704
1.472576 1.298189
0.595146 0.706305
0.570078 0.697541
0.563787 0.698153
0.595228 0.706346
0.559745 0.698628
0.557496 0.698619
0.551209 0.698859
0.595856 0.710456
0.595100 0.711801
0.695433 0.739878
0.684312 0.729298
0.677912 0.728296
0.594439 0.714160
0.695679 0.740127
0.703126 0.737281
0.670321 0.736259
0.669480 0.734419
0.670545 0.733990
0.701651 0.747948
0.699509 0.744927
0.702252 0.743706
0.670979 0.738741
0.770638 0.766252
0.702039 0.749474
0.768191 0.767818
0.764321 0.770017
0.763186 0.770729
1.334699 0.961443
1.333082 0.958289
1.329711 0.953584
1.335626 0.962814
1.334879 0.962056
1.338237 0.967375
1.335422 0.964372
1.340340 0.971849
1.992705 1.196871
1.993851 1.197511
2.250563 1.269200
2.249804 1.269483
2.243503 1.271285
2.243002 1.271511
2.243647 1.271190
2.237198 1.273611
2.236293 1.274037
2.237476 1.273405
2.230890 1.276213
2.230070 1.276699
2.231218 1.275906
1.109836 0.787459
1.116488 0.785870
1.109243 0.788094
1.105875 0.790560
1.109701 0.789870
1.102918 0.792536
1.110481 0.791504
1.100703 0.793443
1.103205 0.793055
1.303989 0.852152
1.309779 0.859658
1.308843 0.858565
1.304316 0.855060
1.311130 0.863048
1.310252 0.861298
1.304818 0.857498
1.315989 0.868608
1.315251 0.867953
2.321788 1.202162
2.318869 1.203084
2.315290 1.204716
2.312562 1.205655
2.307969 1.207125
2.306260 1.207620
1.331779 0.755791
1.324675 0.756858
1.350412 0.764302
1.331856 0.759432
1.320894 0.761407
1.324689 0.760675
1.350729 0.771872
1.349242 0.773213
1.349773 0.770044
1.331922 0.763144
1.320562 0.765331
1.324692 0.764561
1.347390 0.775148
2.431911 1.138260
2.428835 1.141564
2.427251 1.143139
2.426302 1.145011
2.428831 1.140570
2.423731 1.148477
2.515825 1.039951
2.517369 1.032331
2.514884 1.040526
2.509947 1.043435
2.509507 1.043648
2.509650 1.042935
2.504453 1.046257
2.503195 1.046857
2.503597 1.044844
2.463164 0.893624
2.462122 0.897367
2.461570 0.901248
2.460109 0.903460
2.468944 0.762572
2.468169 0.761666
2.475177 0.768706
2.472471 0.766588
2.577073 0.788511
2.477855 0.771769
2.579720 0.797863
2.577167 0.792099
2.579153 0.801714
2.576663 0.797461
2.663263 0.826113
2.656979 0.825825
2.577748 0.805417
2.651388 0.825375
2.650697 0.825324
2.644417 0.824744
2.638138 0.823981
2.631859 0.823100
2.625581 0.822220
2.562019 0.674492
2.594716 0.678528
2.559279 0.675016
2.555725 0.675481
2.549434 0.676002
2.600913 0.688047
2.599947 0.686809
2.600285 0.691904
2.599792 0.691153
2.731264 0.729887
2.770575 0.735561
2.732631 0.732601
2.781388 0.749016
2.780356 0.746966
2.776481 0.741869
2.734150 0.736918
2.782698 0.751444
2.781815 0.749853
2.841371 0.768187
2.837792 0.768745
2.785078 0.755961
2.832058 0.770141
2.831492 0.770311
2.825199 0.771247
3.506076 0.697271
3.537411 0.708284
3.525912 0.699393
3.519681 0.697896
3.513120 0.697370
3.505595 0.698179
3.506135 0.698084
3.499766 0.700150
3.538075 0.709221
3.537519 0.708739
3.531946 0.705324
3.525921 0.703233
3.519785 0.701470
3.513501 0.700142
3.506912 0.699700
3.499752 0.701878
3.498500 0.700621
3.499950 0.700341
3.538990 0.713397
3.537357 0.714690
3.537624 0.712310
3.531963 0.709167
3.525882 0.707253
3.719177 0.769798
3.712894 0.769420
3.706609 0.769238
3.726951 0.769375
3.720273 0.769190
3.713577 0.769059
3.705132 0.769412
3.706796 0.769175
3.700321 0.769555
3.694033 0.769943
0.062843 0.745106
0.061464 0.745977
0.057490 0.747914
0.055154 0.748915
1.377651 1.196050
1.375454 1.193636
1.372865 1.188444
1.383879 1.203040
1.380291 1.198657
1.378249 1.196282
1.384266 1.203507
1.383950 1.203205
1.379031 1.197900
1.390098 1.210830
1.387736 1.208264
1.384702 1.204925
1.392804 1.213384
1.623404 1.271385
1.611738 1.272872
1.616259 1.272571
1.609571 1.273133
1.603273 1.274459
1.610468 1.273649
1.601597 1.274627
1.603406 1.274587
1.596981 1.275209
1.604499 1.275290
1.591557 1.276440
1.597549 1.275897
1.590684 1.276601
1.584386 1.278078
1.582296 1.278456
1.584614 1.278224
0.322047 0.661543
0.311755 0.660778
0.315661 0.660502
0.309020 0.661216
0.353188 0.673774
0.352944 0.673623
0.347540 0.669706
0.342043 0.666072
0.304805 0.663248
0.309927 0.661446
0.302703 0.664898
0.409317 0.693555
0.396766 0.691166
0.390497 0.689201
0.384228 0.687193
0.377955 0.685725
0.359142 0.680429
0.358541 0.678903
0.353787 0.675028
0.403936 0.692755
0.410431 0.690658
0.403039 0.692692
0.398265 0.691520
0.396808 0.691072
0.390975 0.688419
0.384936 0.686367
0.373528 0.686145
0.378485 0.685525
0.371655 0.687387
0.361158 0.683466
0.359328 0.682423
0.450231 0.710775
0.446872 0.712398
0.447962 0.706930
0.516831 0.726235
0.507876 0.727297
0.509757 0.727209
0.503307 0.728518
0.444686 0.713578
0.545672 0.739498
0.547914 0.737771
0.510850 0.727895
0.501189 0.729817
0.503633 0.729280
0.542693 0.742816
0.540886 0.744440
0.539187 0.746062
0.541317 0.745128
0.618131 0.767176
0.616264 0.770762
0.616089 0.770995
1.372142 1.022639
1.368227 1.024576
1.366178 1.025315
1.361922 1.026920
1.360204 1.028025
2.170514 1.294263
2.166920 1.294914
2.171209 1.293625
2.164219 1.295373
2.157925 1.296303
2.165703 1.293898
2.156223 1.296565
2.158248 1.295977
2.151632 1.297225
2.145339 1.298021
2.152826 1.296043
2.144808 1.298097
2.145435 1.297930
2.139046 1.298917
0.598553 0.695130
0.592278 0.693867
0.585998 0.693235
0.602419 0.697251
0.582511 0.692948
0.586402 0.692514
0.692610 0.722199
0.714778 0.729640
0.718589 0.727621
0.688850 0.723991
0.686290 0.726179
0.714459 0.733538
0.718706 0.731153
0.685191 0.727197
0.686703 0.726205
0.778316 0.751411
0.774057 0.753657
0.714127 0.737472
0.772978 0.754222
0.767746 0.756799
0.767299 0.757005
1.318242 0.936442
1.319330 0.940673
1.319319 0.940649
1.325554 0.948009
1.323511 0.945556
1.320633 0.940763
1.326917 0.950315
2.267260 1.258188
2.265776 1.258964
2.262475 1.261104
2.259459 1.262712
2.256772 1.263848
2.260790 1.260511
2.253154 1.265020
2.249946 1.266380
2.246851 1.267158
1.151170 0.776472
1.152266 0.775942
1.149930 0.780168
1.152276 0.779776
1.146265 0.783377
1.153057 0.781410
1.305579 0.829934
1.303357 0.833423
1.302377 0.835908
1.301745 0.837080
2.332821 1.180609
2.330303 1.181896
2.327270 1.183371
2.323988 1.185379
2.322129 1.186253
2.317676 1.188464
2.464496 1.088148
2.464453 1.088180
2.461774 1.091516
2.458859 1.094870
2.458105 1.095536
2.455871 1.098238
2.457707 0.904128
2.455788 0.910630
2.457889 0.907462
2.454314 0.914299
2.451856 0.917786
2.454091 0.796357
2.454732 0.797343
2.456752 0.801752
2.461672 0.798597
2.457459 0.805906
2.461241 0.803759
2.503268 0.696246
2.528688 0.701938
2.522604 0.700010
2.516779 0.697329
2.510362 0.696383
2.498231 0.696352
2.503722 0.696088
2.496980 0.696561
2.490685 0.697701
2.523605 0.700974
2.517121 0.700228
2.510622 0.699524
2.504164 0.698705
2.497724 0.697831
2.487650 0.698069
2.609821 0.732094
2.611201 0.724650
2.609651 0.732518
2.607707 0.736078
2.728904 0.772903
2.727675 0.774091
2.724180 0.777327
2.722573 0.778337
2.942786 0.717696
2.936502 0.717387
2.930215 0.717589
2.986662 0.732275
2.975197 0.724700
2.927942 0.717788
2.930834 0.716460
2.923929 0.717660
2.992913 0.736295
2.992152 0.735723
2.987613 0.731687
2.996969 0.740750
2.993845 0.737066
2.996031 0.744560
3.143357 0.785219
3.137081 0.783946
3.130802 0.783164
3.124522 0.782509
3.118242 0.781846
3.111962 0.781199
3.099410 0.778910
3.093143 0.776720
3.086875 0.774595
3.080605 0.772673
3.074333 0.771096
3.068060 0.769650
3.106759 0.780550
3.112638 0.779699
3.105682 0.780421
3.101308 0.779372
3.099448 0.778850
3.260645 0.741497
3.260358 0.746192
3.249258 0.747626
3.253286 0.747161
3.246553 0.750919
3.266959 0.750490
3.260107 0.750814
3.253329 0.750920
3.246464 0.751008
3.246560 0.751001
3.409535 0.803515
3.407768 0.801984
3.449582 0.815058
3.447131 0.817401
3.448074 0.811847
3.434575 0.815697
3.428311 0.813101
3.422042 0.811189
3.415784 0.807790
3.415634 0.807677
3.404550 0.801178
3.397177 0.803010
3.444303 0.817891
3.440834 0.818785
3.434933 0.815861
3.441988 0.813828
0.056062 0.752934
0.053454 0.754053
0.048698 0.755323
0.047153 0.755922
1.377146 1.195650
1.388475 1.206957
1.387175 1.205497
1.383131 1.201718
1.394699 1.214180
1.391219 1.210343
1.388990 1.208166
1.395722 1.215305
1.394890 1.214503
1.389704 1.209977
1.400911 1.222898
1.399991 1.220232
1.395709 1.216025
1.401397 1.224557
1.401100 1.223865
1.609359 1.273040
1.602396 1.273689
1.594126 1.274381
1.595489 1.274178
1.589039 1.275345
1.596614 1.274735
1.583967 1.276125
1.589641 1.275415
1.582742 1.276472
1.576443 1.278113
1.590592 1.276528
1.583559 1.277376
1.575793 1.278336
1.576552 1.278149
1.570145 1.279590
1.577690 1.278755
1.566960 1.280437
1.570682 1.279527
0.242288 0.687608
0.249907 0.686972
0.239653 0.689016
0.242806 0.688023
0.235976 0.690644
0.243654 0.689457
0.233047 0.691583
0.236426 0.690870
1.342627 1.064119
1.340834 1.067704
1.339986 1.071520
1.934548 1.263985
1.897859 1.252489
1.896926 1.253169
1.897588 1.250366
1.933637 1.264250
1.928243 1.266241
1.929442 1.259646
1.894492 1.255723
1.926466 1.266653
1.921940 1.268399
1.922813 1.263191
1.890929 1.258940
1.890589 1.259132
1.919313 1.269093
1.915636 1.270446
1.916460 1.265958
1.886299 1.261952
1.911843 1.271494
2.092685 1.310295
2.072425 1.312272
2.066142 1.311946
2.059860 1.311415
2.073579 1.310877
2.066733 1.311185
2.059230 1.311436
2.059949 1.311309
2.053572 1.311711
2.047290 1.311258
2.041014 1.310214
2.034739 1.308980
2.028462 1.307798
2.022185 1.306848
2.055049 1.309833
2.048426 1.309485
2.041970 1.308659
2.035658 1.307411
2.029356 1.306138
2.017254 1.306334
2.022802 1.305593
2.015905 1.306267
0.716578 0.705343
0.710301 0.704324
0.722842 0.707896
0.720909 0.707018
0.716908 0.705087
0.709651 0.704564
0.710455 0.704244
0.791797 0.730146
0.729084 0.713060
0.728896 0.712728
0.724011 0.707918
0.718185 0.705257
0.705452 0.707645
0.711576 0.704873
0.703978 0.708609
0.791462 0.730321
0.785492 0.732323
0.730736 0.717128
0.784380 0.732752
0.779191 0.734185
0.948481 0.784249
0.912853 0.772625
0.912031 0.768791
0.954754 0.785733
0.954235 0.785608
0.943364 0.783236
0.948567 0.784096
0.942206 0.783027
0.935919 0.783099
0.915382 0.777149
0.992736 0.796796
0.986932 0.794049
0.981314 0.790763
0.930010 0.784319
0.936948 0.782540
0.929622 0.784409
0.916730 0.781447
1.031109 0.806725
1.024637 0.805934
1.018189 0.805076
1.011817 0.803996
1.005611 0.802431
0.999527 0.800509
0.993555 0.798264
1.031045 0.810773
1.024703 0.809610
1.018454 0.808176
1.012170 0.806844
1.006005 0.805168
0.999981 0.803086
1.031112 0.814477
1.024775 0.813302
1.323086 0.913542
1.322353 0.917363
1.321704 0.921232
2.291099 1.235242
2.283464 1.241508
2.283194 1.241662
2.283746 1.240889
2.277588 1.244421
2.277152 1.244637
2.273066 1.247445
2.270835 1.248418
1.198195 0.755647
1.191931 0.752985
1.185667 0.750492
1.179396 0.748731
1.173115 0.748265
1.262366 0.765513
1.248364 0.769340
1.199866 0.756421
1.198496 0.755171
1.245559 0.770329
1.248907 0.769313
1.242056 0.772009
1.203963 0.761321
1.239350 0.772988
1.242434 0.772435
1.336737 0.798119
1.336119 0.798364
1.336898 0.795709
1.329814 0.800556
1.329747 0.800574
1.323514 0.802305
2.395795 1.159690
2.402892 1.157229
2.395342 1.159880
2.390005 1.162400
2.396035 1.161439
2.389028 1.163199
2.396875 1.162892
2.386799 1.165703
2.389381 1.165079
2.512391 1.054249
2.511944 1.054536
2.507095 1.057449
2.506074 1.058000
2.507035 1.054445
2.501751 1.060288
2.499760 1.061284
2.501433 1.055039
2.517247 1.007779
2.516433 1.008109
2.516666 1.006935
2.511629 1.010544
2.510121 1.011216
2.510597 1.008858
2.505977 1.013338
2.493199 0.852259
2.489320 0.854185
2.487529 0.854992
2.483007 0.857449
2.482186 0.857838
2.479311 0.711766
2.477519 0.711827
2.473023 0.711951
2.466738 0.712003
2.460452 0.711939
2.459357 0.711865
2.460684 0.711425
2.454169 0.711678
2.592129 0.750094
2.590084 0.752211
2.592851 0.750475
2.589539 0.756082
2.593100 0.753645
2.717481 0.792929
2.712065 0.794647
2.711176 0.795067
2.705370 0.797194
2.704871 0.797351
2.892012 0.735267
2.891998 0.735271
2.892018 0.735255
2.885716 0.736473
2.883046 0.737311
2.886864 0.734515
2.879415 0.738323
3.017380 0.776208
3.012064 0.770356
3.019355 0.778877
3.017623 0.777675
3.012305 0.773518
3.073786 0.795711
3.074755 0.791892
3.067498 0.795916
3.023592 0.784823
3.022645 0.783571
3.017982 0.780511
3.012549 0.776712
3.061236 0.795938
3.061213 0.795939
3.061219 0.795914
3.054928 0.795733
3.048647 0.795249
3.042367 0.794596
3.029830 0.790477
3.026752 0.788468
3.023991 0.786550
3.246309 0.747852
3.235219 0.749910
3.239188 0.748964
3.232311 0.752529
3.239637 0.751532
3.231557 0.753090
3.232431 0.752884
3.420365 0.813581
3.414106 0.810416
3.409125 0.803599
3.426626 0.816459
3.423552 0.814729
3.420822 0.812685
3.415752 0.807809
3.445840 0.823550
3.445420 0.823943
3.445840 0.822242
3.439131 0.824300
3.432870 0.821431
3.430837 0.820288
3.434387 0.816327
3.472700 0.711007
3.476942 0.708469
3.470157 0.714420
3.477454 0.710853
3.469521 0.715938
3.468544 0.718076
3.469892 0.717150
3.548703 0.739456
3.546188 0.734423
3.549747 0.743670
3.546228 0.738218
3.665897 0.776887
3.670831 0.775784
3.663838 0.779758
3.671704 0.777106
3.663579 0.780348
3.663912 0.780169
3.657959 0.783134
3.657519 0.783570
0.064106 0.740040
0.063167 0.740595
0.058712 0.742872
0.056854 0.743764
1.366853 1.182274
1.361957 1.173191
1.367006 1.182488
1.367004 1.182009
1.373089 1.188251
1.372597 1.187674
1.376406 1.192490
1.379282 1.199173
1.378249 1.196896
1.630099 1.271283
1.643926 1.270511
1.637005 1.271039
1.629245 1.271342
1.630180 1.271284
1.623811 1.271541
1.617519 1.272320
1.631734 1.270608
1.624688 1.271498
1.616455 1.272528
1.617661 1.272331
1.611221 1.273800
1.618712 1.273168
1.607895 1.274670
1.611800 1.273665
1.604922 1.275427
0.444080 0.690907
0.437803 0.689958
0.431508 0.690917
0.425230 0.690210
0.418964 0.687790
0.446795 0.695401
0.444030 0.696901
0.444647 0.693067
0.431754 0.691354
0.533978 0.718338
0.531844 0.718761
0.525546 0.720277
0.559197 0.727794
0.564550 0.724678
0.556883 0.731040
0.525124 0.720378
0.525701 0.720013
0.556762 0.731237
0.556920 0.731151
0.519756 0.723231
0.623793 0.749797
0.555959 0.735073
0.557086 0.734574
0.624815 0.753989
0.626635 0.751863
0.713610 0.780170
0.708309 0.773158
0.624104 0.757840
0.626453 0.756301
0.744949 0.790795
0.719851 0.785418
0.714445 0.781440
0.713770 0.780761
0.708611 0.776134
0.741149 0.791222
0.746184 0.788405
0.738656 0.791669
0.732370 0.791558
0.726106 0.789064
0.723537 0.787390
0.720384 0.785002
0.714856 0.781476
1.373009 1.004221
1.371691 1.006747
1.372074 1.002882
1.371374 1.007824
1.368888 1.011273
1.367058 1.005615
1.365605 1.014579
1.365338 1.014738
1.365501 1.014052
2.199031 1.286951
2.206591 1.284857
2.198231 1.287089
2.199185 1.286806
2.192738 1.287878
2.187629 1.288751
2.193646 1.287154
2.186443 1.288959
2.180149 1.290009
2.188094 1.287594
2.177507 1.290552
2.180661 1.289605
2.173853 1.291142
1.131056 0.782688
1.120965 0.784536
1.123874 0.783978
1.117193 0.786992
1.131408 0.785547
1.124454 0.786165
1.116363 0.787516
1.117308 0.787344
1.302810 0.847944
1.302616 0.851889
1.300318 0.847077
1.304145 0.856237
2.328170 1.194250
2.326881 1.194835
2.328187 1.190163
2.322016 1.196869
2.320574 1.197380
2.321651 1.193430
2.316258 1.199606
2.314264 1.200344
2.315689 1.195058
2.309265 1.202107
2.307960 1.202461
2.438642 1.125078
2.436975 1.128354
2.436863 1.128672
2.437155 1.128162
2.434884 1.132248
2.423049 0.941684
2.420709 0.937630
2.424098 0.935158
2.429295 0.946291
2.423459 0.942191
2.486907 0.956349
2.473784 0.957119
2.480042 0.956709
2.473204 0.957132
2.466920 0.956894
2.460639 0.956392
2.454363 0.955123
2.448090 0.953713
2.441821 0.951723
2.435558 0.949095
2.434318 0.948533
2.429983 0.945411
2.518177 0.970760
2.517081 0.971561
2.517352 0.969753
2.512402 0.964509
2.474740 0.956384
2.468041 0.956262
2.461378 0.956034
2.455035 0.954878
2.448776 0.953478
2.442807 0.951234
2.514209 0.973858
2.510749 0.977100
2.511634 0.970629
2.510749 0.977101
2.506086 0.971067
2.467244 0.767603
2.466400 0.766625
2.473486 0.772928
2.471847 0.771775
2.479704 0.780907
2.476578 0.776792
2.581200 0.800025
2.480132 0.781580
2.583480 0.807988
2.581032 0.804373
2.649005 0.829630
2.581798 0.811599
2.580553 0.809657
2.643981 0.829099
2.650447 0.825958
2.642724 0.828966
2.636446 0.828121
2.630169 0.827139
2.623890 0.826335
2.617601 0.826816
2.580304 0.815287
2.580094 0.814901
2.616382 0.827104
2.561451 0.680827
2.560307 0.680959
2.560874 0.678929
2.554019 0.681273
2.547793 0.681837
2.547729 0.681845
2.547778 0.681682
2.541442 0.681984
2.604812 0.698203
2.604362 0.697480
2.604962 0.702231
2.604384 0.701311
2.729516 0.740638
2.781152 0.747931
2.729460 0.741221
2.729540 0.741147
2.786324 0.757573
2.786087 0.757073
2.729257 0.745174
2.729779 0.744344
2.829806 0.773895
2.788036 0.761915
2.786631 0.759353
2.825046 0.773939
2.831141 0.771049
2.823520 0.773962
2.817238 0.773457
2.810961 0.772492
2.804687 0.771099
2.798415 0.769541
2.792149 0.767154
2.791550 0.766678
3.186127 0.774798
3.179967 0.776480
3.179827 0.776519
3.173531 0.777773
3.169088 0.778129
3.167242 0.778129
0.166437 0.697414
0.199277 0.700907
0.192740 0.700306
0.186607 0.698529
0.180476 0.696749
0.173811 0.696526
0.165229 0.698136
0.166648 0.697756
0.160125 0.700578
0.186892 0.701593
0.159378 0.700872
0.160275 0.700585
1.338468 1.098401
1.337474 1.096258
1.339071 1.100579
1.339625 1.097023
1.341274 1.105052
1.343860 1.109628
1.898033 1.276524
1.890048 1.282972
1.885073 1.282964
1.883761 1.283145
1.877460 1.284967
1.940197 1.299205
1.933920 1.298157
1.927647 1.296531
1.924191 1.295453
1.921540 1.294360
1.916172 1.290339
1.876513 1.285075
1.871171 1.285310
1.864889 1.284911
1.858603 1.284967
1.978921 1.307850
1.973173 1.304940
1.947672 1.300655
1.941117 1.300112
1.934693 1.299184
1.928508 1.297559
1.922465 1.295523
1.916624 1.292899
1.857531 1.284964
1.859062 1.283857
1.852315 1.285285
0.280764 0.677984
0.286251 0.675391
0.278757 0.679018
0.328901 0.695809
0.275403 0.680825
0.279446 0.679486
0.331199 0.696911
0.325655 0.695709
0.329270 0.695321
0.322614 0.695925
0.332734 0.701257
0.537256 0.756956
0.543110 0.766857
0.542195 0.766092
0.537323 0.760643
0.604714 0.785340
0.598420 0.786321
0.542946 0.770810
0.542145 0.770125
0.596907 0.786510
0.598865 0.785526
0.592124 0.787537
0.587729 0.788526
0.592912 0.787138
1.356820 1.042660
1.356466 1.043179
1.353430 1.046493
1.351432 1.050062
1.350457 1.051712
1.908381 1.229356
1.927172 1.237237
1.928050 1.232411
1.922420 1.229156
1.906038 1.230315
1.909432 1.227710
1.924442 1.238288
1.920865 1.239659
1.922222 1.233600
1.914576 1.240027
1.903023 1.233628
1.909926 1.230139
1.913969 1.239994
1.908271 1.242416
1.906085 1.238284
1.908836 1.237206
2.127748 1.304100
2.121457 1.304740
2.128852 1.303077
2.120625 1.304819
2.121583 1.304624
2.115165 1.305388
2.108875 1.305931
2.116226 1.304458
2.107901 1.306031
2.109026 1.305795
2.102584 1.306590
2.096295 1.307031
2.103649 1.305733
2.093856 1.306998
2.096522 1.306852
2.090010 1.306949
0.801504 0.717278
0.808678 0.716573
0.799684 0.717460
0.801951 0.716528
0.795199 0.719425
0.794116 0.720234
0.796730 0.715998
0.890137 0.742370
0.897019 0.750561
0.895720 0.749615
0.890487 0.745209
0.901741 0.756715
0.900362 0.755265
0.896321 0.751744
0.907977 0.762490
0.906829 0.760672
1.059909 0.801349
1.048166 0.803315
1.052882 0.802188
1.047388 0.807134
1.053107 0.805419
1.045865 0.809512
1.321710 0.895273
1.321621 0.894611
1.322390 0.898748
1.322709 0.895598
1.323099 0.902899
2.300230 1.226768
2.299470 1.227082
2.295000 1.229586
2.293156 1.230415
2.289340 1.232340
2.286844 1.233530
2.283745 1.235138
2.280535 1.236355
1.183983 0.753814
1.177712 0.752060
1.171430 0.751579
1.196520 0.757849
1.190249 0.756077
1.187738 0.755141
1.184495 0.752807
1.178715 0.749995
1.171413 0.751581
1.171438 0.751561
1.234833 0.767181
1.228387 0.766317
1.221862 0.765683
1.215542 0.764449
1.209532 0.762310
1.203921 0.759006
1.165456 0.754276
1.165121 0.754391
1.241650 0.770817
1.234917 0.770795
1.228441 0.770023
1.222042 0.769022
1.215816 0.767520
1.209947 0.764984
1.204381 0.761571
1.235406 0.773270
1.228798 0.772881
1.222316 0.772129
1.215885 0.771230
1.328722 0.805678
1.328113 0.805928
1.329677 0.800989
1.321811 0.807865
1.321210 0.808039
2.381100 1.161549
2.395260 1.159839
2.388192 1.160797
2.380842 1.161777
2.381133 1.161730
2.388850 1.162734
2.378139 1.165151
2.381381 1.164860
2.375394 1.168543
2.381923 1.167166
2.374745 1.169790
2.382648 1.168972
2.372975 1.172030
2.375006 1.171586
2.500491 1.066692
2.504089 1.063053
2.496387 1.068458
2.493904 1.069221
2.497340 1.066941
2.490083 1.070613
2.486008 1.071503
2.491017 1.069624
2.483785 1.072108
2.521093 1.013965
2.521013 1.013996
2.521037 1.013878
2.515337 1.016672
2.514703 1.016937
2.514892 1.015991
2.509579 1.019415
2.508391 1.019966
2.508757 1.018117
2.474196 0.872072
2.471620 0.873073
2.467561 0.874602
2.465314 0.875533
2.462632 0.877544
2.449942 0.723110
2.455322 0.731016
2.455228 0.730926
2.450545 0.725212
2.461546 0.738427
2.459469 0.735828
2.456585 0.731156
2.463227 0.740654
2.575981 0.764252
2.571655 0.772152
2.575720 0.768886
2.572956 0.776430
2.575489 0.773464
2.693909 0.810682
2.693504 0.810797
2.687208 0.811820
2.683592 0.812409
2.680914 0.812841
2.674624 0.813434
2.577965 0.667039
2.571695 0.665306
2.565421 0.663924
2.584224 0.670202
2.583311 0.669600
2.759747 0.726473
2.753479 0.724429
2.747209 0.722626
2.740922 0.722722
2.765997 0.730737
2.762766 0.728494
2.760145 0.726647
2.754011 0.724880
2.747789 0.723372
2.740035 0.723572
2.741140 0.723103
2.772237 0.736186
2.770110 0.734092
2.857400 0.757030
2.853765 0.758127
2.849953 0.759392
2.847463 0.760074
3.201600 0.762581
3.202370 0.761939
3.195812 0.764550
3.194572 0.765016
3.196569 0.763060
3.189513 0.766113
3.184542 0.766856
3.450071 0.753989
3.452919 0.760770
3.452467 0.758472
3.453237 0.757698
3.453179 0.762621
3.452900 0.762976
3.561198 0.784846
3.592428 0.795951
3.622184 0.813824
3.610013 0.807536
3.604425 0.804157
3.598694 0.801206
3.640085 0.819173
3.623522 0.815561
3.622283 0.814941
3.616436 0.812328
3.610503 0.809967
3.604718 0.807183
3.637407 0.822556
3.624030 0.819653
3.622411 0.818446
3.616799 0.815164
3.610959 0.812551
3.635794 0.826208
3.634642 0.827272
3.625106 0.823900
0.071195 0.730341
0.068898 0.731775
0.064896 0.734892
0.064871 0.734906
0.064913 0.734767
1.357268 1.163326
1.362302 1.173097
1.361179 1.171912
1.368540 1.178713
1.365779 1.176882
1.374757 1.186728
1.371513 1.182115
1.374835 1.186840
1.374803 1.186688
1.650637 1.268483
1.658352 1.267746
1.647111 1.269890
1.651072 1.269325
1.644329 1.271005
1.638045 1.270763
1.658439 1.271363
1.651335 1.272422
1.644732 1.272019
1.632110 1.270604
1.638319 1.271062
1.631760 1.270651
1.625459 1.272508
1.651637 1.275438
1.645033 1.275037
1.638718 1.273802
1.632236 1.273048
1.624071 1.272867
1.625561 1.272852
0.270687 0.681474
0.263339 0.683257
0.256532 0.685608
0.264041 0.685070
0.253876 0.686779
0.256781 0.686586
0.250230 0.687637
0.326379 0.707636
0.320278 0.705771
0.319243 0.712691
0.565156 0.781672
0.559073 0.779743
0.577866 0.787792
0.571489 0.786727
0.565264 0.785222
1.348163 1.056022
1.347090 1.058232
1.346474 1.059618
1.347891 1.057373
1.343999 1.063074
1.342276 1.066719
1.900872 1.243843
1.898643 1.245922
1.899957 1.239574
1.934957 1.255234
1.929980 1.256714
1.930697 1.252112
1.924971 1.249143
1.897451 1.247058
1.926444 1.257340
1.923682 1.258151
1.924061 1.255672
1.918639 1.251818
1.895341 1.250583
1.919148 1.259743
1.917375 1.260769
1.917744 1.258321
1.893367 1.254162
1.892278 1.255352
1.913455 1.262523
1.911710 1.260180
2.107121 1.307494
2.094827 1.309888
2.099908 1.308879
2.092957 1.310047
2.086669 1.310294
2.080383 1.310399
2.094600 1.308549
2.087548 1.309456
2.078751 1.310349
2.080543 1.310227
2.074097 1.310302
2.067813 1.310148
2.061529 1.310003
2.075680 1.308648
2.068687 1.309380
2.057664 1.309772
2.061855 1.309642
2.055247 1.309605
2.048968 1.308711
2.042693 1.307530
2.036418 1.306205
0.722636 0.708056
0.703108 0.708484
0.702318 0.709148
0.728406 0.717958
0.728928 0.713232
0.699733 0.711719
0.703448 0.708904
0.728357 0.721922
0.727324 0.725362
0.696755 0.715083
0.783823 0.737960
0.783788 0.737973
0.783853 0.737764
0.777482 0.740431
0.727191 0.725681
0.727437 0.725372
0.777260 0.740523
0.921688 0.783509
0.954746 0.785744
0.942185 0.783046
0.935309 0.783442
0.928268 0.784318
0.921806 0.783501
0.916481 0.779357
0.929548 0.784456
0.922703 0.784759
0.916970 0.781825
1.321219 0.922443
1.320012 0.926168
1.320677 0.930328
2.280429 1.246406
2.275463 1.248503
2.274528 1.249083
2.276685 1.245695
2.270541 1.252207
2.269140 1.252902
2.264179 1.254841
2.262835 1.255242
2.443722 1.116879
2.446270 1.113475
2.441681 1.120407
2.439874 1.124011
2.438649 1.126277
2.438050 1.127639
2.519283 1.022811
2.519206 1.022857
2.513307 1.025541
2.512972 1.025687
2.513070 1.025190
2.507919 1.028372
2.506658 1.029009
2.507035 1.027029
2.469921 0.878212
2.466577 0.879717
2.463608 0.881408
2.462236 0.882760
2.461527 0.886625
2.455295 0.731027
2.462147 0.741740
2.460812 0.738476
2.466101 0.747033
2.465786 0.746512
2.468064 0.751017
2.570017 0.777137
2.571516 0.781433
2.572034 0.785546
2.693125 0.811709
2.685517 0.816026
2.679674 0.816885
2.679224 0.816958
2.672932 0.817727
2.666645 0.817794
2.665078 0.817716
2.667275 0.816220
2.660361 0.817564
2.868053 0.751037
2.861755 0.752392
2.861321 0.752547
2.862020 0.751863
2.855448 0.754957
2.854995 0.755180
2.855653 0.754675
3.210101 0.757324
3.207464 0.758511
3.210710 0.757256
3.203796 0.759610
3.199610 0.760793
3.204836 0.758624
3.197497 0.761199
3.437374 0.827292
3.454662 0.750401
3.453787 0.749451
3.455213 0.748052
3.457158 0.754169
3.462266 0.751035
3.586295 0.793811
3.580024 0.792091
3.573752 0.790462
3.567490 0.787743
3.561228 0.784879
3.561108 0.784728
3.556053 0.780174
3.592558 0.796430
3.588890 0.794744
3.586388 0.793897
3.580242 0.792156
3.574076 0.790476
3.568297 0.787670
3.562662 0.784451
3.598797 0.802067
3.597190 0.800525
3.593045 0.798020
3.587189 0.795445
3.581278 0.793031
3.575316 0.790771
3.638120 0.813402
3.605030 0.808298
3.601144 0.805382
3.599316 0.803292
3.640049 0.817812
1.449924 1.293121
1.443652 1.291543
1.432540 1.281440
1.474997 1.301467
1.468722 1.300177
1.462452 1.298267
1.456187 1.295788
1.451862 1.294049
1.450006 1.293373
1.443730 1.292009
1.437973 1.289127
1.488879 1.301831
1.482058 1.302068
1.475510 1.301501
1.469236 1.300135
1.463090 1.298389
1.457003 1.296479
1.450718 1.295144
1.444396 1.293918
1.438565 1.291263
0.201271 0.700642
0.206507 0.699475
0.199490 0.701234
0.193193 0.702441
0.180657 0.698404
0.174374 0.698076
0.200248 0.701960
0.188657 0.701901
0.193256 0.702687
0.186914 0.701749
0.186046 0.701337
0.180762 0.699825
1.336474 1.086735
1.338011 1.091038
1.340139 1.096823
1.339642 1.095383
1.340844 1.099658
1.340761 1.097633
1.898046 1.276482
1.923110 1.285644
1.898024 1.276485
1.891753 1.277290
1.893390 1.270376
1.922642 1.285810
1.916809 1.287396
1.886301 1.277892
1.885460 1.278019
1.885747 1.276881
1.879168 1.278879
1.966968 1.302427
1.960695 1.300911
1.954414 1.300489
1.915073 1.288127
1.874621 1.279346
1.872874 1.279807
1.866582 1.280685
1.998324 1.311048
1.992045 1.310229
1.985768 1.309276
1.979497 1.307480
1.973233 1.304917
1.972224 1.304538
1.967109 1.302953
1.960821 1.301630
1.953932 1.300555
1.954429 1.300608
1.948119 1.301494
1.941838 1.300905
1.935563 1.299715
1.929289 1.298275
1.923021 1.296094
1.916761 1.293065
1.915689 1.292248
1.911267 1.288865
1.863176 1.280889
1.993440 1.308676
1.986618 1.308913
1.980146 1.308125
1.973891 1.306705
1.967634 1.305293
1.961264 1.304213
1.954813 1.303368
1.948330 1.302616
1.942004 1.301408
1.935725 1.300060
1.929449 1.298709
1.923310 1.296960
1.917244 1.294999
1.911364 1.292502
0.551578 0.707523
0.555652 0.703539
0.547819 0.707987
0.579327 0.717531
0.586831 0.714793
0.579167 0.717627
0.543384 0.709709
0.541514 0.710309
0.637000 0.729663
0.630226 0.729762
0.587092 0.717913
0.575334 0.720635
0.579832 0.719425
0.572827 0.723955
0.649746 0.735674
0.643053 0.735534
0.636430 0.735188
0.629283 0.737553
0.628068 0.736077
0.629508 0.735716
0.572754 0.724088
0.572843 0.724056
0.655906 0.741252
0.649255 0.740987
0.642554 0.740872
0.635517 0.743761
0.632752 0.741079
0.635863 0.740727
0.702643 0.760255
0.661968 0.747130
0.655451 0.746481
0.648840 0.746103
0.639467 0.746546
0.641980 0.746448
0.760923 0.780109
0.701613 0.764007
0.759925 0.780664
0.754614 0.782901
0.700504 0.767778
0.753290 0.783209
0.748319 0.784004
1.368876 0.987964
1.362600 0.986793
1.363420 0.981028
1.356908 0.980359
1.351120 0.977565
1.376079 0.987295
1.369245 0.987565
1.359365 0.986594
1.356403 0.985694
1.351188 0.981239
1.357699 0.990219
1.356449 0.989447
1.351544 0.984111
1.362526 0.995622
1.362162 0.995198
1.984399 1.201792
2.227560 1.278321
2.226823 1.278674
2.227774 1.278191
2.221254 1.280596
2.219538 1.281048
2.221578 1.280451
2.214956 1.282101
2.209602 1.282879
2.215763 1.281639
2.208662 1.283029
2.202367 1.284209
2.199528 1.284715
2.202815 1.284001
1.161734 0.763135
1.160862 0.763931
1.162999 0.760392
1.157609 0.767202
1.156602 0.770999
1.318419 0.817251
1.316707 0.817709
1.312118 0.819056
1.309315 0.820086
2.352579 1.169361
2.359901 1.168538
2.350200 1.169746
2.352813 1.169556
2.346277 1.171196
2.353544 1.171287
2.343867 1.172341
2.346543 1.172045
2.339973 1.173429
2.354102 1.173562
2.347185 1.174072
2.336676 1.174781
2.340381 1.174254
2.333663 1.176358
2.488414 1.072136
2.484657 1.072544
2.489103 1.071313
2.482123 1.072763
2.476044 1.074655
2.483487 1.071917
2.475821 1.074720
2.469584 1.077269
2.469513 1.077301
2.519906 0.989141
2.519302 0.989613
2.515317 0.983434
2.514512 0.992545
2.513588 0.993002
2.513859 0.991567
2.509402 0.995441
2.507272 0.996544
2.507931 0.993114
2.448919 0.820330
2.448108 0.819858
2.502635 0.839663
2.499026 0.841440
2.500487 0.834672
2.497394 0.842500
2.492715 0.844445
2.491040 0.845138
2.487295 0.706743
2.481005 0.707137
2.480626 0.707165
2.474717 0.707439
2.468429 0.707763
2.600120 0.744351
2.599423 0.744939
2.600399 0.744252
2.596370 0.748249
2.595375 0.752045
2.721800 0.787459
2.719173 0.788660
2.714886 0.789938
2.712868 0.790982
2.958705 0.713445
2.952436 0.711542
2.971232 0.718714
2.964971 0.715811
2.960984 0.714330
2.958949 0.713119
3.178355 0.781467
3.178129 0.781521
3.171836 0.782250
3.165548 0.782497
3.153003 0.779548
3.146733 0.777578
3.140462 0.775889
3.134186 0.774744
3.160678 0.781610
3.165898 0.781644
3.159273 0.781340
3.158691 0.781180
3.451210 0.766971
3.448917 0.763040
3.451494 0.767571
3.451190 0.769411
3.450703 0.771403
3.634446 0.818804
3.628304 0.817051
3.634200 0.823383
3.628072 0.821595
3.634397 0.826701
3.628114 0.825370
1.427622 1.272245
1.432802 1.283817
1.431750 1.280355
1.428137 1.274592
1.495507 1.301788
1.433021 1.284598
1.432876 1.284312
1.509136 1.301733
1.502440 1.301603
1.493597 1.301759
1.495632 1.301799
1.489222 1.301691
1.482938 1.301523
1.476659 1.300648
1.470386 1.299161
1.464115 1.297468
1.457842 1.295985
1.451564 1.295029
1.445292 1.293443
1.439025 1.291275
1.436155 1.289264
1.434401 1.283756
1.496690 1.302571
1.490072 1.302212
1.483668 1.301232
1.477334 1.300041
1.471251 1.298124
1.465200 1.296117
1.458971 1.294625
1.452871 1.292763
0.081629 0.713697
0.075803 0.718634
0.074601 0.719330
0.071378 0.721676
1.347957 1.143400
1.353217 1.152445
1.352400 1.151387
1.359438 1.160124
1.356260 1.156194
1.360070 1.161008
1.359752 1.159934
1.365652 1.168496
1.363611 1.165780
1.710489 1.272239
1.704217 1.270515
1.697949 1.268456
1.691674 1.267131
1.685386 1.267465
1.718265 1.269963
1.711273 1.270696
1.705017 1.269274
1.698537 1.268511
1.691925 1.268134
1.685189 1.267502
1.685393 1.267522
1.679096 1.267879
1.686722 1.267523
1.675318 1.269340
1.679518 1.268872
1.672791 1.270159
1.668727 1.271924
1.673538 1.270564
1.666484 1.272776
0.823504 0.708780
0.823568 0.712460
0.813454 0.715120
0.816042 0.714752
0.809455 0.716132
0.803180 0.714886
0.879451 0.730323
0.816822 0.716378
0.810408 0.715429
0.797087 0.715578
0.796888 0.715621
0.886274 0.738913
0.884955 0.737802
0.879960 0.732706
0.890913 0.746343
0.888514 0.743382
0.885470 0.740192
0.892935 0.748352
1.080557 0.796244
1.073320 0.797700
1.066467 0.799026
1.074137 0.799174
1.062030 0.800998
1.066960 0.800447
1.060155 0.802137
1.067768 0.801999
1.057898 0.804104
1.060498 0.803532
1.320277 0.885014
1.321442 0.889232
1.323368 0.894957
1.322978 0.893557
1.324219 0.897846
2.303000 1.222022
2.301163 1.222796
2.297465 1.224791
2.294850 1.226053
2.292039 1.227614
2.288537 1.229142
1.193617 0.749571
1.187357 0.746583
1.181085 0.744894
1.276802 0.762721
1.263967 0.765027
1.269701 0.763774
1.262626 0.765291
1.256328 0.766759
1.194242 0.749904
1.263900 0.764914
1.255243 0.767111
1.256551 0.766683
1.337824 0.792554
1.337015 0.792840
1.331520 0.794724
1.329589 0.795233
2.417082 1.151303
2.409619 1.154078
2.405222 1.156401
2.410391 1.155011
2.403288 1.159381
2.403025 1.159905
2.403349 1.159768
2.397484 1.162712
2.404665 1.159852
2.396970 1.163157
2.504715 1.062266
2.504380 1.062439
2.499197 1.065047
2.498067 1.065660
2.493385 1.067797
2.491758 1.068453
2.519715 0.990292
2.518690 0.998786
2.518166 0.999028
2.518313 0.998251
2.513338 1.001602
2.511852 1.002321
2.512286 1.000045
2.508077 1.004473
2.487627 0.858559
2.485435 0.859870
2.481311 0.862100
2.480038 0.862678
2.475010 0.863901
2.465050 0.715650
2.458769 0.715091
2.452487 0.714676
2.449549 0.715051
2.453381 0.713059
2.446185 0.716692
2.584103 0.759985
2.583585 0.756138
2.584337 0.755666
2.584136 0.760227
2.585310 0.764484
2.709489 0.798838
2.708272 0.799162
2.710444 0.796611
2.703185 0.800949
2.701125 0.801583
2.704552 0.798021
2.696885 0.802617
2.914197 0.725671
2.899995 0.730379
2.897075 0.731041
2.901130 0.728334
2.893699 0.731646
2.888547 0.733203
3.009349 0.767390
3.007102 0.765149
3.075502 0.788605
3.010341 0.771589
3.007094 0.769061
3.071291 0.788815
3.069214 0.788820
3.069577 0.787316
3.062927 0.789089
3.064204 0.783323
3.011611 0.775880
3.056648 0.789631
3.056637 0.789633
3.056639 0.789622
3.262256 0.741155
3.268041 0.739574
3.274701 0.743682
3.267080 0.749241
3.264378 0.745582
3.267517 0.744975
3.280922 0.749096
3.268322 0.750433
3.273904 0.749901
3.267063 0.751320
3.405017 0.790274
3.406948 0.792499
3.449975 0.805839
3.448878 0.806723
3.449511 0.803777
3.411215 0.800771
3.408225 0.796757
3.404941 0.799338
3.398681 0.796310
3.444273 0.808572
3.442561 0.810515
3.443525 0.805453
3.436283 0.809457
3.430007 0.808341
3.423738 0.806455
3.417475 0.803749
3.412753 0.801748
3.408406 0.800810
1.417480 1.257544
1.412100 1.250765
1.418055 1.258758
1.417649 1.258105
1.412223 1.254257
1.406483 1.251332
1.423681 1.267442
1.418647 1.262854
1.417840 1.261413
1.412198 1.258206
1.406324 1.255677
1.424398 1.268088
1.423952 1.267130
1.544382 1.293369
1.530284 1.297531
1.436161 1.278415
1.429914 1.273671
1.429268 1.273146
1.526731 1.298293
1.530843 1.297390
1.523985 1.299067
1.436540 1.278737
1.436424 1.277887
1.518651 1.300519
1.524943 1.298817
1.517685 1.300760
1.511390 1.301893
1.519115 1.300072
1.509171 1.302474
1.511716 1.301979
0.083514 0.711003
0.090558 0.707291
0.082608 0.711569
0.079340 0.714082
0.083429 0.712320
0.076287 0.715727
1.343512 1.132817
1.348672 1.142440
1.347589 1.141033
1.354891 1.150333
1.351669 1.145886
1.350295 1.140423
1.355074 1.150611
1.354993 1.150268
1.358038 1.155259
1.356325 1.150307
1.724738 1.269564
1.719236 1.269577
1.718452 1.269617
1.712170 1.269181
1.705893 1.268216
1.699610 1.267853
1.693324 1.267840
1.701110 1.264887
1.692370 1.267723
1.693429 1.267622
1.687043 1.267359
1.680752 1.267966
1.677885 1.268609
0.793496 0.725002
0.718235 0.705244
0.793092 0.725333
0.787192 0.727189
0.785600 0.727708
0.906332 0.761263
0.906962 0.762035
0.906531 0.761295
0.901472 0.756379
0.912546 0.769664
0.911286 0.766948
0.907728 0.761687
0.975246 0.788153
0.968976 0.786352
0.962703 0.784916
0.956429 0.783591
0.950152 0.782375
0.943873 0.781654
0.913191 0.771364
0.912919 0.770103
0.987757 0.795354
0.981509 0.790944
0.979388 0.789712
0.975598 0.787768
0.969739 0.785200
0.963461 0.783855
0.957031 0.782950
0.950639 0.781934
0.942472 0.781713
0.944042 0.781517
1.045441 0.804233
1.037205 0.806269
1.038021 0.806222
0.994000 0.800474
0.988090 0.795595
0.987787 0.795433
0.982046 0.792523
1.045505 0.807922
1.037258 0.810254
1.037991 0.810178
0.994936 0.801094
0.994052 0.800732
1.035561 0.813891
1.038209 0.813442
1.321629 0.894884
1.322566 0.904123
1.322993 0.908190
1.323135 0.912224
2.291828 1.234238
2.291467 1.234405
2.286536 1.237054
2.285153 1.237672
2.280931 1.239832
2.278841 1.240798
2.275408 1.242656
1.283164 0.762415
1.303154 0.764513
1.296630 0.763877
1.290161 0.763080
1.277586 0.762652
1.283561 0.762668
1.276876 0.762728
1.270582 0.763728
1.345840 0.783916
1.303196 0.768264
1.296819 0.767202
1.290604 0.765672
1.284291 0.764430
1.277818 0.763651
1.267139 0.764379
1.270991 0.763900
1.264286 0.765003
1.343825 0.785013
1.339527 0.786941
1.303245 0.772032
1.337897 0.787714
2.419400 1.150185
2.417580 1.151697
2.415536 1.153312
2.418216 1.151843
2.411263 1.155445
2.410268 1.156162
2.411577 1.155439
2.406130 1.159287
2.478500 1.076548
2.481637 1.073436
2.474136 1.078075
2.472449 1.079196
2.475746 1.074825
2.467823 1.081384
2.466716 1.081948
2.469471 1.077378
2.447966 0.916774
2.441606 0.922188
2.448498 0.919077
2.440739 0.924033
2.439935 0.925809
2.440994 0.925187
2.436087 0.928991
2.463450 0.785655
2.462036 0.795967
2.460923 0.793349
2.462496 0.792311
2.463060 0.797803
2.601034 0.832478
2.595224 0.829749
2.552314 0.687091
2.548600 0.687333
2.546024 0.687583
2.539736 0.687861
2.535882 0.688579
2.608988 0.708421
2.608691 0.710042
2.608786 0.708122
2.608283 0.712266
2.729440 0.746557
2.729442 0.741433
2.790491 0.767291
2.729584 0.750558
2.729244 0.745902
2.815562 0.775879
2.809284 0.774980
2.803006 0.774098
2.796735 0.772280
2.790727 0.767838
2.790565 0.767558
2.729609 0.754567
2.823254 0.774395
2.816380 0.774780
2.809833 0.774216
2.803320 0.773546
2.797303 0.771436
2.791983 0.767299
2.928532 0.720817
2.922242 0.721322
2.920585 0.721511
2.922791 0.720249
2.915953 0.721643
2.909658 0.722717
2.992769 0.736322
2.908838 0.722973
3.000995 0.746957
2.998533 0.743047
3.000304 0.750787
2.998233 0.747814
3.116550 0.786016
3.110271 0.785270
3.103995 0.784151
3.097724 0.782414
3.091454 0.780556
3.085183 0.778815
3.078912 0.777101
3.072637 0.775870
3.066358 0.775081
3.060078 0.774423
3.105545 0.780718
3.303067 0.735708
3.290336 0.736586
3.296201 0.736076
3.303163 0.739324
3.295569 0.745174
3.291179 0.740760
3.296173 0.740048
3.395921 0.771104
3.384786 0.760742
3.396343 0.771575
3.396326 0.770285
3.402148 0.778063
3.400718 0.776504
3.449310 0.791045
3.406081 0.781671
3.446607 0.794452
3.446002 0.795162
3.446358 0.793310
3.479440 0.707130
3.485000 0.704619
3.477717 0.710744
3.484984 0.708560
3.477498 0.711790
3.546569 0.729684
3.546487 0.729984
3.546526 0.729559
3.545342 0.733400
3.541664 0.727979
3.678114 0.773954
3.685712 0.771688
3.677888 0.774153
3.678159 0.774067
3.672182 0.776895
3.679619 0.773691
3.671803 0.777012
0.043774 0.763778
0.042002 0.764518
0.044532 0.762654
0.037473 0.765497
0.031185 0.765785
0.024909 0.764688
0.018638 0.762887
0.012361 0.761869
0.031404 0.765511
0.024946 0.764687
0.018741 0.763128
0.012398 0.761973
1.403851 1.226871
1.399037 1.218222
1.404141 1.227808
1.403827 1.229625
1.403969 1.227375
1.403556 1.231645
1.403499 1.235617
1.403462 1.239616
1.569198 1.283595
1.566792 1.284371
1.561463 1.285871
1.560492 1.286104
1.554193 1.287649
1.552839 1.287988
1.554645 1.286949
1.547896 1.289096
1.544018 1.290095
1.541596 1.290660
0.151879 0.701522
0.140936 0.703527
0.144639 0.702984
0.137916 0.705121
0.145463 0.704451
0.135607 0.706338
0.138235 0.705866
0.131604 0.708335
1.338265 1.111086
1.341288 1.116640
1.340669 1.115567
1.343189 1.120096
1.347487 1.126874
1.346390 1.124790
1.348788 1.129330
1.768426 1.253544
1.754975 1.254859
1.748690 1.254672
1.806625 1.263977
1.800231 1.262959
1.793823 1.261984
1.787509 1.260733
1.781257 1.259301
1.775038 1.257773
1.769124 1.255355
1.743545 1.254887
1.749516 1.253557
1.742399 1.255242
1.736104 1.256451
1.830178 1.281372
1.824661 1.274240
1.818876 1.271436
1.812983 1.268953
1.775223 1.261106
1.768815 1.260137
1.762648 1.258464
1.756547 1.256600
1.750229 1.255369
1.743479 1.255395
1.732808 1.256548
1.736424 1.256310
1.729818 1.256447
1.723534 1.256228
1.717250 1.256001
1.874068 1.294422
1.829967 1.281641
1.823870 1.284038
1.824353 1.279000
1.818558 1.276229
1.812707 1.273634
1.781589 1.266097
1.775118 1.265310
1.768694 1.264389
1.762449 1.262945
1.756374 1.261013
1.868013 1.293896
1.867786 1.293880
1.861504 1.293507
1.855222 1.293093
1.848940 1.292606
1.842663 1.291630
1.836394 1.289661
1.830130 1.286996
1.823866 1.284504
1.823253 1.284156
1.817880 1.282092
1.812271 1.278794
1.806677 1.275456
1.775278 1.268764
1.850415 1.289397
1.843229 1.290691
1.836928 1.289408
1.830668 1.288008
1.824433 1.286537
1.818419 1.284426
1.812732 1.281369
0.856760 0.716913
0.850487 0.715446
0.844210 0.714445
0.863020 0.720089
0.859634 0.718500
0.856823 0.717671
0.850605 0.716155
1.094979 0.792280
1.102304 0.791786
1.093222 0.793141
1.095272 0.792633
1.088666 0.795597
1.096080 0.794172
1.087962 0.795988
1.088788 0.795769
1.314339 0.867892
1.311127 0.864410
1.309582 0.859370
1.315263 0.869270
1.314684 0.868028
1.320557 0.875907
1.319027 0.874073
1.315834 0.868576
1.322436 0.878823
2.317169 1.208380
2.313577 1.209677
2.310865 1.210520
2.306671 1.212156
2.304559 1.212875
2.299870 1.214691
2.298252 1.215394
1.344884 0.756899
1.337683 0.755756
1.338520 0.755789
1.346847 0.761718
1.344881 0.760767
1.335942 0.759349
1.338588 0.759458
1.345869 0.765503
1.344663 0.767327
1.344787 0.764937
1.334712 0.763092
1.338623 0.763262
2.436197 1.129892
2.435295 1.131121
2.434325 1.133447
2.432007 1.136932
2.429051 1.140305
2.428931 1.140439
2.432261 0.927142
2.426248 0.933490
2.432735 0.929614
2.512550 0.960018
2.500010 0.956263
2.493727 0.955956
2.425700 0.937351
2.512787 0.960280
2.512540 0.961211
2.512592 0.960099
2.506748 0.957469
2.500426 0.956240
2.493070 0.955978
2.493787 0.955941
2.487439 0.956274
2.481152 0.956316
2.430967 0.944573
2.427494 0.941747
2.511695 0.964002
2.507084 0.960353
2.501172 0.957938
2.494848 0.956723
2.488244 0.956324
2.476376 0.956336
2.481542 0.956209
2.474867 0.956330
2.468585 0.955905
2.462303 0.955470
2.508445 0.967287
2.506178 0.970195
2.506738 0.965258
2.501362 0.961295
2.505724 0.970718
2.463170 0.817609
2.444371 0.810735
2.443371 0.809520
2.444855 0.808344
2.489093 0.820843
2.482645 0.819983
2.476193 0.819134
2.470071 0.817318
2.462787 0.817710
2.463244 0.817571
2.456878 0.818378
2.450609 0.816445
2.448119 0.814515
2.501549 0.830121
2.500768 0.831364
2.500929 0.829516
2.495558 0.825502
2.489780 0.822694
2.483461 0.821461
2.477059 0.820472
2.458342 0.816088
2.499764 0.833702
2.495663 0.829085
2.495651 0.836815
2.494432 0.837225
2.494846 0.835370
2.544320 0.693225
2.538031 0.693578
2.536125 0.693935
2.531737 0.694627
2.612835 0.714603
2.611398 0.718254
2.608540 0.712731
2.609306 0.721805
2.731607 0.756335
2.730324 0.760030
2.728911 0.763735
2.914451 0.725514
2.914264 0.725523
2.907974 0.726046
2.903096 0.727030
2.901679 0.727227
3.002863 0.750106
3.004420 0.757010
3.002720 0.754383
3.003273 0.760744
3.002271 0.759579
3.102303 0.788429
3.096030 0.786867
3.089758 0.785239
3.083486 0.783605
3.077212 0.782222
3.070931 0.781718
3.064647 0.781470
3.060952 0.781247
3.058362 0.781428
3.058814 0.779391
3.456378 0.743476
3.452300 0.739820
3.462616 0.749094
3.458210 0.745083
3.464310 0.741188
3.463875 0.750316
3.554088 0.773892
3.551541 0.769788
3.556626 0.781613
3.554680 0.777995
3.551498 0.773805
3.569149 0.787334
3.562890 0.784189
3.560324 0.783222
3.556909 0.781580
3.638507 0.804178
3.638707 0.808208
3.638964 0.812282
