2.105510 0.993849
2.097937 1.000411
2.099602 0.992229
2.094111 1.000363
2.091657 1.000258
2.091820 0.999696
2.085375 1.000742
2.086601 0.996763
2.079090 1.001645
2.072806 1.002320
2.070844 1.002551
2.066518 1.003589
2.060228 1.005372
2.799255 0.767281
2.787506 0.767681
2.792294 0.767687
2.785679 0.768574
2.779381 0.771742
2.799527 0.772252
2.792769 0.772270
2.786244 0.771843
2.778692 0.771965
2.779417 0.771989
2.777343 0.777353
2.779768 0.776841
3.116964 0.755011
3.116168 0.755260
3.110662 0.758590
3.108815 0.759746
3.104370 0.760675
3.098085 0.761609
3.168569 0.770925
3.180304 0.779806
3.174505 0.777969
3.181171 0.783615
3.314265 0.741058
3.313643 0.741299
3.314690 0.740565
3.307973 0.743022
3.301824 0.745140
3.301681 0.745175
3.295393 0.746615
3.378147 0.764772
3.376468 0.772650
3.370582 0.773981
3.367229 0.771302
0.363484 0.761002
0.362226 0.761896
0.363695 0.758018
0.355928 0.765004
0.355116 0.765346
0.349630 0.768120
1.027154 1.093601
1.032069 1.105601
1.026861 1.101818
1.027272 1.098854
1.057125 1.115682
1.050857 1.113873
1.044587 1.112255
1.038321 1.110100
1.035541 1.108629
0.655939 0.730808
0.649666 0.729697
0.643387 0.729527
0.637108 0.729346
0.662182 0.736808
0.659490 0.732725
0.657086 0.729989
0.636447 0.729378
0.637403 0.728912
0.630825 0.729958
0.624538 0.731245
0.663102 0.738801
0.662458 0.738115
0.707076 0.748647
0.699765 0.752678
0.666132 0.744801
0.663260 0.742097
0.698018 0.754985
0.700025 0.754705
0.693442 0.759643
0.668361 0.753401
0.667583 0.750584
0.700728 0.758860
0.693119 0.759834
0.693466 0.759831
0.687147 0.762281
1.204718 1.011936
1.200561 1.012931
1.194272 1.014434
1.191205 1.015513
1.187981 1.016266
1.181699 1.016758
1.175410 1.018227
1.173697 1.018558
1.169124 1.019316
1.352276 1.088925
1.350813 1.088873
1.344537 1.088199
1.338261 1.087646
1.331984 1.087150
1.325708 1.086612
1.319429 1.086602
1.313150 1.086234
1.306871 1.086262
1.300591 1.086343
1.296644 1.086435
1.294311 1.086446
1.250573 0.790911
1.246347 0.792386
1.240057 0.794125
1.236605 0.794425
1.233773 0.794882
1.227488 0.795791
1.221203 0.796535
1.291454 0.805390
1.285412 0.804027
1.296877 0.813423
1.291572 0.810644
1.298940 0.820148
1.297042 0.818584
1.291744 0.815812
1.300329 0.825902
1.297144 0.823884
1.300913 0.831551
1.297382 0.828943
1.300891 0.837127
1.679653 1.006068
1.691580 1.014575
1.685624 1.013043
1.679688 1.011478
1.635668 1.005337
1.629300 1.004618
1.698520 1.019680
1.692185 1.018886
1.685982 1.017841
1.679677 1.016992
1.661128 1.013762
1.654855 1.012862
1.648374 1.012354
1.641621 1.012361
1.634898 1.012310
1.660939 1.019637
1.753432 1.051329
1.747150 1.051727
1.745047 1.051617
1.740872 1.051443
1.742173 1.048518
1.734597 1.050721
1.728323 1.049608
1.722049 1.048754
1.715773 1.048208
1.709499 1.047277
1.703224 1.046393
1.696949 1.045589
1.690677 1.044479
1.684402 1.043749
1.962636 1.001528
1.955969 1.004353
1.949686 1.004763
1.943799 1.005103
1.943404 1.005226
1.943564 1.004741
1.937111 1.007462
1.930825 1.008439
2.007562 1.016948
1.929164 1.008557
1.924542 1.008939
1.918259 1.009593
2.013547 1.023893
2.223512 0.941284
2.217242 0.939778
2.210971 0.938204
2.204702 0.936548
2.236028 0.948508
2.229778 0.943562
2.226185 0.942135
2.230716 0.940888
2.236640 0.949216
2.240041 0.955289
2.318590 0.972211
2.317518 0.972467
2.317731 0.971648
2.311232 0.973510
2.312329 0.969057
2.304955 0.973208
2.306323 0.967637
2.298672 0.973634
2.294462 0.974262
2.292387 0.974540
2.292614 0.973538
2.286094 0.976831
2.287295 0.970831
2.283370 0.978252
2.640255 0.789004
2.633971 0.789686
2.632617 0.789880
2.634920 0.788249
2.627683 0.791010
2.621393 0.792675
2.619077 0.793480
2.615101 0.794701
2.818762 0.767512
2.812488 0.766707
2.806208 0.766800
2.845277 0.769638
2.838630 0.769439
2.831731 0.769729
2.825253 0.769205
2.818963 0.768318
2.812678 0.767426
2.806058 0.766870
2.806221 0.766864
2.826445 0.772407
2.819851 0.772110
2.813241 0.771845
2.803446 0.772057
2.806433 0.771956
2.799866 0.777061
2.806604 0.777147
2.799870 0.777118
3.131214 0.753018
3.124944 0.751448
3.118661 0.752037
3.156275 0.762583
3.150012 0.759823
3.143747 0.757180
3.137480 0.755171
3.135184 0.754515
3.118523 0.752098
3.118777 0.751894
3.112352 0.756739
3.162539 0.765069
3.157965 0.763385
3.157331 0.761100
3.112293 0.756779
3.112480 0.756545
3.168783 0.770872
3.168425 0.770456
3.200111 0.782503
3.193829 0.782981
3.187544 0.783899
3.175011 0.779595
3.173828 0.776793
3.207817 0.784286
3.200839 0.784727
3.194251 0.784416
3.184741 0.783935
3.187632 0.784166
3.181260 0.784624
3.180139 0.783268
3.176581 0.779515
3.443605 0.748425
3.437345 0.745248
3.449860 0.752513
3.447291 0.750837
3.519406 0.765687
3.512565 0.767671
3.506279 0.768737
3.502349 0.769907
3.507647 0.767850
3.499985 0.771045
3.494239 0.774316
0.183565 0.737527
0.176459 0.739654
0.177593 0.736033
0.170181 0.739401
0.171800 0.734204
0.163903 0.739245
0.157627 0.738379
0.151356 0.737093
0.145087 0.735281
0.138816 0.734030
0.132539 0.733393
0.499674 0.744462
0.493403 0.743183
0.487126 0.742685
0.518489 0.748531
0.512216 0.747554
0.505943 0.746311
0.504573 0.745856
0.499804 0.744888
0.493664 0.743723
0.483479 0.742803
0.487334 0.742926
0.480845 0.743042
0.474553 0.744958
0.532534 0.752324
0.525825 0.752248
0.519295 0.751827
0.512914 0.751127
0.506712 0.750084
0.500670 0.748744
1.088139 1.045621
1.084409 1.046750
1.081845 1.047958
1.075552 1.050187
1.073548 1.050736
1.077170 1.047942
1.069258 1.052376
1.062971 1.053715
1.060080 1.054381
1.221139 1.102435
1.207092 1.105084
1.200810 1.105489
1.194532 1.105298
1.188250 1.105565
1.184353 1.105715
1.189610 1.103676
1.181969 1.105765
1.175691 1.105480
1.169417 1.104573
1.163145 1.103356
1.156870 1.102495
1.150591 1.102500
0.857711 0.738477
0.851443 0.736578
0.845174 0.734804
0.838902 0.733464
0.832628 0.732552
0.826352 0.731904
0.882773 0.747807
0.876508 0.745259
0.870244 0.742721
0.863977 0.740549
0.861237 0.739552
0.857984 0.738511
0.852292 0.736501
0.895290 0.754647
0.889031 0.751289
0.884208 0.748444
0.882916 0.747954
0.877265 0.745851
0.871736 0.743538
0.897291 0.755900
0.895496 0.755201
0.889748 0.753289
0.883833 0.751706
0.897164 0.761440
0.895246 0.762012
0.895457 0.760772
0.888963 0.762567
0.889456 0.759350
0.883428 0.757988
0.951660 0.778921
0.945377 0.779533
0.978391 0.780963
0.953080 0.777722
0.945288 0.779540
0.945400 0.779508
0.939093 0.780341
0.932806 0.781480
0.927322 0.782505
0.926519 0.782638
0.920235 0.783447
1.333514 0.977992
1.330016 0.979869
1.327218 0.980817
1.320921 0.983534
1.319854 0.983954
1.314631 0.985281
1.308343 0.986634
1.304904 0.987388
1.489985 1.063950
1.483710 1.063082
1.515074 1.068838
1.516730 1.064697
1.508803 1.067485
1.509569 1.065489
1.502530 1.066349
1.502939 1.065260
1.496257 1.065151
1.495842 1.065070
1.496284 1.065081
1.481131 1.062930
1.477433 1.062744
1.478044 1.061231
1.471157 1.062106
1.472292 1.059331
1.464878 1.061906
1.458600 1.061711
1.452320 1.061810
1.446040 1.061901
1.722879 0.983513
1.716600 0.983225
1.736289 0.984549
1.730221 0.983233
1.714864 0.983218
1.710318 0.983687
1.704037 0.983983
1.697757 0.984026
1.691477 0.984045
1.685195 0.984397
1.749060 0.991426
1.692525 0.983381
1.684909 0.984439
1.685276 0.984327
1.678896 0.987665
1.748737 0.999254
1.747896 1.000077
1.744603 1.004199
1.748972 1.002560
1.741575 1.007062
1.739324 1.008997
1.742234 1.008040
1.735262 1.012592
1.798487 1.023153
1.797992 1.023533
1.798207 1.022671
1.734035 1.013815
1.735615 1.013305
1.792357 1.027803
1.791685 1.028078
1.792005 1.027095
1.785393 1.030060
1.779106 1.031416
1.779022 1.031436
1.772816 1.032898
1.766529 1.034175
2.113043 0.986866
2.105949 0.991405
2.107096 0.985317
2.099666 0.991882
2.101233 0.983613
2.098871 0.991992
2.093381 0.992863
2.093900 0.990218
2.087089 0.994908
2.088654 0.987350
2.085175 0.995569
2.080798 0.996712
2.081640 0.993365
2.074509 0.998245
2.388087 0.865986
2.389491 0.871736
2.393053 0.881063
2.388985 0.877220
2.418108 0.891453
2.411851 0.887731
2.405582 0.885917
2.399312 0.884371
2.398890 0.884218
2.424363 0.895674
2.420356 0.892888
2.419124 0.890614
2.427237 0.899448
2.425654 0.896542
2.427907 0.905119
2.891371 0.754142
2.895672 0.752612
2.889661 0.759443
2.888301 0.762964
2.887521 0.764701
2.888542 0.764333
3.355320 0.737720
3.349057 0.734948
3.342786 0.733632
3.336509 0.733229
3.330227 0.733590
3.323939 0.734823
3.361563 0.743841
3.358993 0.740876
3.356058 0.738892
3.350658 0.736328
3.321883 0.735515
3.385831 0.750341
3.387007 0.749752
3.364633 0.747249
3.362425 0.745122
3.383741 0.755580
3.361935 0.752426
3.361662 0.752078
3.382845 0.761012
3.380277 0.764343
3.363577 0.758243
3.377982 0.765891
0.403313 0.753394
0.397045 0.751377
0.390776 0.749630
0.384509 0.747462
0.378228 0.747763
0.422101 0.761856
0.415838 0.758976
0.409577 0.755876
0.407376 0.754822
0.404490 0.751954
0.373863 0.749953
0.371928 0.751149
0.428352 0.766528
0.422288 0.762145
0.416681 0.759947
0.442534 0.767628
0.435001 0.769133
0.428421 0.768809
0.422302 0.767599
0.416817 0.765183
0.429679 0.771902
0.423119 0.771543
1.037211 1.070799
1.032035 1.078895
1.029702 1.084101
1.029261 1.086569
1.030341 1.081999
1.029220 1.093289
1.028280 1.089452
1.035462 1.099413
1.029611 1.095213
1.110707 1.117932
1.073066 1.111781
1.066796 1.110138
1.060526 1.108409
1.054255 1.107082
1.047987 1.105138
1.041721 1.103057
1.039889 1.102267
1.043289 1.099569
1.108388 1.117765
1.104430 1.117415
1.098155 1.116738
1.091876 1.116383
1.085604 1.115248
1.079332 1.114025
1.076400 1.113106
0.722047 0.738286
0.718330 0.739817
0.723349 0.737835
0.715738 0.743205
0.715163 0.744917
0.716069 0.744348
0.712580 0.750123
1.241643 1.005041
1.235369 1.004112
1.229086 1.004673
1.222807 1.004621
1.216526 1.004779
1.211944 1.005971
1.210236 1.006427
1.203950 1.007609
1.197668 1.008114
1.391874 1.084524
1.385599 1.083896
1.379324 1.082881
1.373050 1.082104
1.366774 1.081423
1.360495 1.081315
1.354215 1.081317
1.347937 1.081032
1.341662 1.080347
1.341052 1.080304
1.335386 1.079830
1.335904 1.078518
1.329109 1.079447
1.059486 0.745484
1.053222 0.742911
1.046954 0.740857
1.040680 0.739956
1.065744 0.749015
1.060660 0.746057
1.059607 0.745653
1.053830 0.743815
1.071991 0.754391
1.070371 0.753030
1.090754 0.767069
1.084499 0.762952
1.078237 0.759876
1.077981 0.759705
1.103272 0.773804
1.097011 0.770727
1.090823 0.767130
1.090796 0.767039
1.115799 0.779276
1.109537 0.776398
1.105547 0.774824
1.122045 0.784758
1.119377 0.782390
1.178458 0.801909
1.172184 0.801014
1.203544 0.807264
1.197273 0.805906
1.191001 0.804534
1.192133 0.801705
1.184728 0.803462
1.179938 0.802259
1.185533 0.801420
1.169726 0.800781
1.165907 0.800435
1.166495 0.799117
1.159631 0.799854
1.153354 0.799372
1.299480 0.858517
1.298721 0.863957
1.298130 0.869437
1.297527 0.874929
1.297322 0.876146
1.616571 1.043487
1.699331 1.053031
1.685583 1.054121
1.679306 1.053643
1.673031 1.052990
1.666756 1.052116
1.660481 1.051361
1.654210 1.049966
1.647937 1.048833
1.641663 1.047773
1.635389 1.046814
1.629117 1.045653
1.630428 1.042826
1.622843 1.044752
1.616748 1.043526
1.623682 1.042819
1.616463 1.043486
1.610293 1.043241
1.888128 1.005686
1.881843 1.006613
1.889300 1.005257
1.881818 1.006615
1.881849 1.006608
1.875557 1.007652
1.869278 1.007640
1.863001 1.007097
1.856726 1.006329
1.850448 1.006051
1.844172 1.005562
1.837898 1.004526
1.831626 1.003255
1.938217 1.030268
1.939701 1.023132
1.932373 1.024250
1.958108 1.032158
1.951386 1.032107
1.941581 1.031978
2.172801 0.947836
2.167575 0.947618
2.166524 0.947549
2.166641 0.947239
2.160243 0.947644
2.161597 0.943967
2.153962 0.947846
2.147680 0.948242
2.141397 0.948827
2.139811 0.949160
2.135109 0.950181
2.224571 0.978118
2.224438 0.983651
2.222796 0.987949
2.266700 0.996720
2.260419 0.996936
2.254136 0.997348
2.247858 0.997115
2.241585 0.996081
2.235314 0.994671
2.229046 0.992766
2.222788 0.989294
2.222194 0.988892
2.261655 0.997587
2.254745 0.997891
2.248250 0.997406
2.242014 0.996427
2.236013 0.995008
2.230400 0.992861
2.385961 0.880286
2.416412 0.894379
2.410156 0.890594
2.403885 0.889102
2.397610 0.888142
2.391340 0.886637
2.391264 0.886608
2.391361 0.886580
2.422670 0.897973
2.419787 0.896314
2.426285 0.902808
2.427496 0.908538
2.426623 0.913979
2.423464 0.919106
2.422533 0.920504
2.501780 0.770468
2.499347 0.773424
2.502976 0.771444
2.495463 0.776547
2.492498 0.777994
2.496464 0.776498
2.489166 0.779507
2.571433 0.799012
2.566035 0.796406
2.577599 0.805607
2.572301 0.802818
2.591018 0.811241
2.584833 0.810160
3.023998 0.757456
3.017727 0.756166
3.011454 0.755046
3.005181 0.753865
3.064034 0.763764
3.068400 0.763391
3.061637 0.763896
3.055361 0.763348
3.049086 0.762578
3.042811 0.761773
3.036541 0.760080
3.030268 0.758986
3.028765 0.758634
3.024101 0.757747
3.017896 0.756715
3.011664 0.755737
3.423142 0.739490
3.441930 0.747880
3.435670 0.744565
3.429407 0.741803
3.423858 0.739785
3.422136 0.739535
3.423214 0.739539
3.416861 0.739735
3.410573 0.740960
3.448188 0.751481
3.442099 0.747990
3.441971 0.747885
3.436802 0.744871
3.430918 0.743235
3.460697 0.759706
3.454444 0.755377
3.454358 0.755327
3.449430 0.752032
3.498313 0.769860
3.492022 0.771730
3.466942 0.765362
3.463781 0.762252
3.461447 0.760354
3.499513 0.770484
3.491455 0.771826
3.492086 0.771785
3.485732 0.773542
3.479455 0.773221
3.473191 0.770541
3.471676 0.768960
3.467758 0.766696
3.493511 0.774567
3.486370 0.775308
3.479848 0.774878
3.674034 0.726131
3.667762 0.724764
3.661484 0.724523
3.686547 0.733805
3.680298 0.728673
3.675904 0.726743
3.674105 0.726330
3.667952 0.725189
3.660892 0.724569
3.661518 0.724587
3.655200 0.725235
3.711613 0.742455
3.705348 0.740010
3.699074 0.738977
3.692803 0.737663
3.686618 0.733855
3.686551 0.733836
3.680749 0.732026
3.674865 0.730385
3.730408 0.749556
3.724147 0.746606
3.717880 0.744495
3.714343 0.743441
3.711755 0.742761
3.705814 0.741211
3.699513 0.740354
3.693193 0.739539
3.687036 0.738413
3.680994 0.737077
3.731298 0.749599
3.725770 0.747266
0.621148 0.736733
0.614862 0.737803
0.612059 0.738394
0.608573 0.739361
0.602279 0.741530
0.600396 0.742281
1.178294 1.024685
1.174828 1.025704
1.172003 1.026416
1.165718 1.027359
1.159436 1.027786
1.153156 1.027801
1.151017 1.027807
1.146876 1.027869
1.140599 1.027303
1.134317 1.027723
1.309762 1.091419
1.303479 1.091950
1.297198 1.092213
1.290918 1.092324
1.289323 1.092329
1.291819 1.090833
1.284639 1.092321
1.278359 1.092132
1.272079 1.092272
1.265801 1.092091
1.259523 1.091774
1.253243 1.091735
1.262288 0.788431
1.256011 0.787944
1.265921 0.791700
1.262606 0.790545
1.688074 0.991688
1.687302 0.991786
1.681783 0.993631
1.675493 0.995168
1.674077 0.995407
1.669185 0.999888
1.733062 1.007196
1.725628 1.012073
1.665905 0.999795
1.662906 0.999888
1.663134 0.998938
1.656625 1.000037
1.657264 0.997275
1.650353 0.998733
1.644814 0.996774
1.723974 1.013772
1.726088 1.013102
1.719356 1.018650
1.719309 1.018696
1.713011 1.021462
1.709028 1.022727
1.713571 1.022216
1.706715 1.024280
1.700425 1.026116
1.775695 1.040340
1.769412 1.040885
1.763132 1.040805
1.758647 1.041026
1.756849 1.041314
1.750562 1.042652
1.744279 1.043230
1.738000 1.043041
1.731724 1.042477
2.011264 1.000642
2.004995 0.998732
1.998719 0.998279
1.992442 0.997887
1.986166 0.997326
1.979888 0.996833
1.973612 0.996364
1.967333 0.996199
2.055129 1.015869
2.030031 1.012449
2.023770 1.009351
2.017512 1.005801
2.016491 1.005151
2.017907 1.004549
2.053220 1.016049
2.048847 1.016388
2.042566 1.016512
2.036295 1.015216
2.030637 1.012761
2.339808 0.957127
2.341420 0.948589
2.339734 0.957164
2.333516 0.959185
2.334434 0.954524
2.327237 0.958823
2.328637 0.952701
2.320964 0.957771
2.322300 0.951916
2.314687 0.957420
2.316127 0.950820
2.308405 0.957938
2.307427 0.958037
2.302121 0.958424
2.302567 0.956446
2.295840 0.958739
2.434939 0.812165
2.434554 0.812823
2.435149 0.812466
2.431881 0.817980
2.429229 0.823161
2.428588 0.824019
2.425029 0.828137
2.659291 0.775641
2.656239 0.777689
2.651102 0.780003
2.649943 0.780480
2.643646 0.783308
2.641183 0.784152
2.851821 0.770592
2.845546 0.769725
2.839261 0.770537
2.832972 0.772125
2.853332 0.772616
2.846811 0.772183
2.839997 0.772304
2.830701 0.772510
2.833144 0.772500
2.826687 0.773039
2.820398 0.774646
3.132914 0.749453
3.126640 0.748394
3.151712 0.756192
3.145448 0.753640
3.139180 0.751709
3.138362 0.751480
3.123219 0.749307
3.164229 0.763290
3.157968 0.760106
3.157348 0.759790
3.170471 0.769488
3.168061 0.766905
3.218383 0.779774
3.221243 0.778946
3.214352 0.781978
3.173594 0.773278
3.209854 0.784079
3.215206 0.783065
3.208057 0.784516
3.201771 0.785638
3.195491 0.785755
3.189212 0.785570
3.176690 0.779503
3.176597 0.779294
0.285226 0.731241
0.278897 0.730429
0.271995 0.730724
0.261418 0.730969
0.265178 0.730856
0.258577 0.731819
0.252290 0.733037
0.246010 0.733098
0.239737 0.731986
0.233467 0.730333
0.227198 0.728719
0.220928 0.727037
0.214656 0.725809
0.290876 0.738835
0.259809 0.733697
0.252860 0.734079
0.246299 0.733719
0.240101 0.732672
0.302416 0.751450
0.296712 0.746069
0.291344 0.743413
0.308658 0.757607
0.304155 0.753842
0.302626 0.753153
0.297519 0.750007
0.321161 0.766890
0.314908 0.762456
0.312223 0.760563
0.309147 0.759074
0.304063 0.755901
0.339958 0.773733
0.333680 0.773444
0.327414 0.771331
0.321947 0.767530
0.321275 0.767190
0.315989 0.764394
0.334326 0.773537
0.328193 0.772361
0.635414 0.732041
0.632164 0.732259
0.629131 0.732637
0.622843 0.733854
0.616557 0.735051
0.615233 0.735369
0.610266 0.736862
0.679242 0.753492
0.673065 0.749161
0.667885 0.746137
0.692829 0.755564
0.686032 0.755658
0.679473 0.755291
0.673554 0.753697
0.668226 0.750986
0.686667 0.759929
0.680047 0.759681
0.673960 0.758421
1.192572 1.018058
1.190521 1.018929
1.186279 1.020098
1.179995 1.020837
1.175201 1.022250
1.173705 1.022622
1.174558 1.020413
1.167420 1.023569
1.161137 1.023998
1.154856 1.024243
1.151901 1.024475
1.350412 1.089490
1.343770 1.089281
1.330290 1.089911
1.324012 1.089351
1.317734 1.089250
1.311455 1.089074
1.305174 1.089383
1.298893 1.089481
1.293958 1.089511
1.292613 1.089501
1.286335 1.089325
1.280055 1.089334
1.273775 1.089489
0.973874 0.776055
0.967617 0.772168
0.968720 0.768143
0.961341 0.771570
0.962108 0.767880
0.955060 0.771840
0.956307 0.766089
0.948780 0.772027
1.000527 0.780559
0.998953 0.782670
0.974803 0.776823
0.973865 0.777540
0.974560 0.775377
0.995872 0.785435
0.999632 0.784543
0.992638 0.788309
0.970426 0.781773
0.990633 0.790252
0.993004 0.789821
1.339560 0.957583
1.338138 0.955021
1.337554 0.962844
1.336957 0.963833
1.337256 0.962200
1.333031 0.967758
1.330635 0.970740
1.331907 0.965049
1.328944 0.972755
1.556132 1.065008
1.549855 1.064668
1.543577 1.064359
1.537301 1.063781
1.531026 1.062942
1.524752 1.061999
1.518481 1.060568
1.512211 1.058992
1.505939 1.057705
1.499666 1.056525
1.493392 1.055680
1.487118 1.054841
1.480841 1.054357
1.295735 0.740346
1.289646 0.739093
1.295704 0.745916
1.288993 0.745842
1.719968 0.981460
1.726216 0.986699
1.721437 0.982765
1.807756 1.002507
1.751269 0.997480
1.745001 0.995699
1.834318 1.007160
1.803488 1.005747
1.801449 1.006957
1.753285 0.998496
1.751527 0.997712
1.798510 1.010580
1.795133 1.013097
1.793231 1.015390
1.788817 1.019166
2.132156 0.964107
2.129987 0.964418
2.130363 0.963071
2.123702 0.965265
2.125101 0.960212
2.117418 0.966083
2.111786 0.966692
2.111133 0.966778
2.111289 0.966302
2.104850 0.967334
2.106280 0.962999
2.098570 0.967450
2.092293 0.967060
2.200531 0.992825
2.410067 0.927643
2.411939 0.926327
2.407634 0.932831
2.404890 0.937991
2.404832 0.938084
2.401772 0.943114
2.473022 0.782609
2.461282 0.789523
2.466335 0.787965
2.458940 0.791306
2.455034 0.794167
2.460115 0.792451
2.452630 0.796310
2.450164 0.799038
2.666795 0.767668
2.664243 0.770198
2.661321 0.772428
2.657939 0.774351
2.653352 0.776856
2.651638 0.777681
2.910645 0.738478
2.918354 0.736974
2.910433 0.738792
2.910690 0.738731
2.907239 0.743879
2.911450 0.742762
2.904916 0.749115
2.904295 0.750014
3.266550 0.747770
3.258931 0.751159
3.254182 0.754279
3.252620 0.756255
3.250473 0.759310
3.608977 0.750361
3.608406 0.751132
3.610241 0.748774
3.606216 0.756361
3.605274 0.761790
3.604926 0.767322
0.217528 0.734111
0.211252 0.733475
0.204975 0.733005
0.198699 0.732438
0.192422 0.731980
0.186147 0.731203
0.179873 0.730302
0.173598 0.729574
0.545272 0.750780
0.538986 0.751846
0.559181 0.752995
0.552531 0.752804
0.545964 0.752457
0.535017 0.752331
0.539227 0.752432
0.532701 0.752850
0.526413 0.754271
0.520128 0.755069
0.533602 0.755807
0.526860 0.755793
1.102424 1.037765
1.097805 1.039638
1.096129 1.040370
1.089832 1.043116
1.087760 1.043737
1.083537 1.045678
1.077334 1.047813
1.077244 1.047851
1.227629 1.101802
1.222044 1.102133
1.221348 1.102169
1.215066 1.102499
1.208783 1.102963
1.202501 1.103338
1.196223 1.103096
1.191049 1.103202
1.189943 1.103205
1.183666 1.102823
1.177388 1.102444
1.171115 1.101437
0.865653 0.741162
0.871916 0.743926
0.870461 0.742982
0.972178 0.778904
0.965910 0.776930
0.959631 0.776943
0.998566 0.781105
0.991499 0.781719
0.979983 0.781083
0.984831 0.781563
0.978440 0.781948
0.977978 0.780790
0.954590 0.777387
0.953347 0.777569
0.953492 0.776934
0.947065 0.777962
0.947896 0.774743
0.940783 0.778275
0.992208 0.785831
0.985312 0.786112
0.978530 0.786176
0.972425 0.784943
0.985807 0.790667
0.979169 0.790457
0.973059 0.789248
1.339426 0.966632
1.335233 0.971566
1.335231 0.971568
1.335232 0.971564
1.329518 0.976300
1.328921 0.976577
1.329279 0.975539
1.322624 0.979640
1.320280 0.980551
1.516779 1.064579
1.510507 1.063107
1.504235 1.061869
1.497963 1.060637
1.491690 1.059626
1.485414 1.058954
1.479137 1.058517
1.472861 1.057929
1.542307 1.067436
1.535597 1.067949
1.536716 1.065203
1.529323 1.067085
1.530569 1.064043
1.523049 1.066064
1.517078 1.064649
1.524184 1.063344
1.470554 1.057927
1.466582 1.057888
1.724574 0.980780
1.718299 0.980016
1.743361 0.989277
1.737092 0.987498
1.730824 0.985557
1.726221 0.981358
1.724797 0.980686
1.717231 0.980054
1.718565 0.979698
1.712011 0.981239
1.705724 0.982429
1.699441 0.983057
1.749616 0.993419
1.743630 0.989443
1.743373 0.989380
1.737201 0.988271
1.731046 0.987135
1.725707 0.984450
1.706460 0.982557
1.699393 0.983059
1.699446 0.983057
1.753464 0.996427
1.749978 0.995145
1.744161 0.993367
1.738099 0.992060
1.732078 0.990685
1.752354 1.001828
1.749550 1.004203
1.801183 1.014477
1.799719 1.015602
1.800402 1.012963
1.747270 1.006672
1.750262 1.005621
1.795917 1.019260
1.793404 1.021357
1.794408 1.017008
1.790509 1.024043
1.787098 1.025619
1.788418 1.021079
1.780804 1.028091
1.780521 1.028192
2.121976 0.973312
2.122584 0.970532
2.115692 0.973742
2.116894 0.968493
2.109412 0.973954
2.103129 0.974461
2.102970 0.974470
2.096846 0.975153
2.097388 0.972570
2.090559 0.976203
2.091529 0.970882
2.085655 0.969229
2.085441 0.977523
2.084268 0.978088
2.084415 0.977088
2.352966 0.929934
2.346697 0.928040
2.340424 0.927084
2.403363 0.941273
2.403132 0.941662
2.355180 0.934307
2.353104 0.933679
2.399076 0.946203
2.396807 0.949051
2.393458 0.950962
2.397724 0.949679
2.390501 0.953530
2.899675 0.746287
2.903515 0.745029
2.898065 0.751605
2.904118 0.749375
2.896306 0.755280
2.895250 0.756768
2.896640 0.756267
3.273197 0.746476
3.280840 0.746252
3.268510 0.747302
3.273772 0.746862
3.266911 0.747589
3.260615 0.750267
3.258949 0.751485
3.261558 0.749922
3.614943 0.743019
3.610863 0.747979
3.610669 0.748244
3.607241 0.753030
0.285367 0.732976
0.279099 0.731119
0.272811 0.732273
0.266526 0.733201
0.286991 0.736725
0.285556 0.736083
0.279845 0.734101
0.273459 0.733411
0.264431 0.733464
0.266698 0.733432
0.260240 0.734313
0.291578 0.744317
0.290140 0.742742
0.286034 0.740674
0.297819 0.750662
0.296194 0.749185
0.292372 0.746968
0.354229 0.768220
0.310319 0.760442
0.304067 0.755904
0.304051 0.755892
0.353120 0.768556
0.347935 0.770651
0.341646 0.772299
0.322823 0.769602
0.316571 0.765100
0.313668 0.762855
0.341157 0.772382
0.341940 0.771891
0.335357 0.773633
0.329081 0.773055
0.323155 0.769800
0.322876 0.769652
0.651357 0.727690
0.645081 0.727129
0.657617 0.730791
0.654135 0.728451
0.651797 0.727213
0.644836 0.727117
0.645121 0.727074
0.714881 0.741136
0.659706 0.734832
0.710030 0.747671
0.707733 0.750942
0.706892 0.752773
0.708069 0.752228
0.703938 0.757923
1.234946 1.004643
1.214835 1.006857
1.208546 1.008549
1.207481 1.008818
1.209195 1.007722
1.202256 1.010156
1.195971 1.010961
1.191953 1.012138
1.189682 1.012617
1.183398 1.013251
1.377619 1.087426
1.371344 1.086614
1.365070 1.085740
1.358791 1.085553
1.353783 1.085625
1.352511 1.085607
1.352834 1.084823
1.346234 1.085110
1.347486 1.082149
1.339959 1.084393
1.341585 1.080536
1.333683 1.083776
1.327406 1.083362
1.321127 1.083291
1.314851 1.082766
1.716280 0.984090
1.702339 0.987098
1.696060 0.986927
1.689780 0.987129
1.683879 0.987771
1.683495 0.987956
1.684458 0.985881
1.677199 0.990778
1.747781 0.999365
1.672759 0.991737
1.670905 0.993162
1.735835 1.006436
1.740943 1.005013
1.733606 1.008830
1.731317 1.011328
1.734310 1.010278
1.727281 1.016254
1.727219 1.016300
1.727296 1.016279
1.720975 1.020618
1.789979 1.032746
1.783689 1.034167
1.720237 1.020876
1.721110 1.020724
1.779299 1.034965
1.777403 1.035314
1.779018 1.031612
1.771116 1.036583
1.764832 1.037313
1.760263 1.037781
1.758547 1.038024
1.752263 1.038786
2.019220 1.000962
2.012952 0.999037
2.006679 0.998021
2.000405 0.997097
1.994130 0.996287
2.072885 1.009857
2.069401 1.010326
2.063115 1.011353
2.056825 1.012997
2.031738 1.007806
2.025480 1.004274
2.022442 1.002525
2.056622 1.013032
2.050542 1.013520
2.044266 1.013021
2.037999 1.010972
2.036036 1.010057
2.237750 0.941418
2.234537 0.939878
2.339783 0.957221
2.332340 0.965152
2.331799 0.965347
2.331961 0.964766
2.325527 0.964174
2.325537 0.964135
2.319246 0.964448
2.319648 0.962481
2.312957 0.965833
2.313948 0.960470
2.306676 0.966045
2.308307 0.958359
2.302436 0.966364
2.300395 0.966411
2.300518 0.965839
2.294112 0.966967
2.294774 0.963934
2.287825 0.968127
2.426985 0.826330
2.426895 0.826438
2.422211 0.831197
2.420577 0.832663
2.414826 0.835714
2.414276 0.836243
2.530328 0.758384
2.524051 0.758109
2.542848 0.765131
2.536592 0.761053
2.535482 0.760568
2.531051 0.758403
2.522506 0.758671
2.524424 0.758168
2.517759 0.760171
2.549101 0.769445
2.546907 0.767779
2.543652 0.765610
2.512849 0.762831
2.511457 0.763879
2.552768 0.774178
2.550102 0.771672
2.507581 0.767658
2.554497 0.779983
2.550661 0.776117
2.555264 0.788550
2.554483 0.785549
2.625704 0.798473
2.617968 0.803850
2.611684 0.804551
2.556095 0.791361
2.555396 0.790961
2.610442 0.804777
2.605399 0.805602
2.599112 0.806739
2.592826 0.807650
2.591974 0.807671
2.586546 0.807842
3.102506 0.762696
3.088428 0.764994
3.082140 0.766199
3.075854 0.767398
3.069592 0.764497
3.063320 0.763172
3.057048 0.762003
3.050769 0.761843
3.083179 0.766421
3.075880 0.767468
3.070085 0.765651
3.064240 0.763939
3.076315 0.772147
3.408895 0.740941
3.428773 0.741827
3.416440 0.739586
3.408590 0.741072
3.408968 0.740975
3.402608 0.742185
3.396484 0.744882
3.404181 0.742741
3.396312 0.745018
3.454423 0.755380
3.466197 0.764175
3.485171 0.772106
3.478823 0.771332
3.472965 0.769626
3.719550 0.745787
3.713277 0.744838
3.707001 0.744211
3.732086 0.749828
3.725821 0.747345
3.724504 0.746979
3.719763 0.745859
3.713493 0.744954
0.019223 0.708251
0.012942 0.708530
0.006657 0.709432
0.037989 0.720422
0.032581 0.712915
0.000564 0.709994
0.000374 0.710035
-0.005912 0.711131
0.038238 0.721019
0.038051 0.720856
0.069299 0.734919
0.063018 0.735200
0.050470 0.733339
0.044208 0.730356
0.040968 0.726968
0.038677 0.725149
0.089617 0.736486
0.056853 0.734831
0.064384 0.733107
0.056741 0.734827
0.056628 0.734798
0.051403 0.732123
0.045355 0.730795
0.090453 0.745278
0.088074 0.745557
0.088161 0.744771
0.081785 0.746955
0.082307 0.743045
0.076826 0.740619
0.120397 0.753157
0.106859 0.754404
0.100574 0.755373
0.094292 0.755642
0.078317 0.749063
0.075786 0.748103
0.070300 0.745709
0.107828 0.756853
0.100943 0.757111
0.091524 0.756538
0.094419 0.756680
0.088006 0.756882
0.081731 0.755983
0.078310 0.754635
0.075585 0.753993
0.457971 0.755164
0.456891 0.756138
0.452846 0.759965
0.450575 0.762027
0.447606 0.764777
0.444264 0.767244
1.051606 1.062030
1.047853 1.063069
1.045311 1.064370
1.039604 1.067420
1.039008 1.068238
1.035942 1.072458
1.032673 1.077407
1.032519 1.077546
1.032911 1.077118
1.151772 1.112850
1.145495 1.112536
1.139218 1.112054
1.132940 1.111663
1.126662 1.111483
1.120384 1.111170
1.114105 1.111136
1.082731 1.107047
1.076468 1.104426
1.110374 1.111046
1.107826 1.110934
1.101551 1.110095
1.095274 1.109817
1.089000 1.108788
1.082899 1.107105
0.843495 0.734875
0.837224 0.733398
0.830951 0.732405
0.824673 0.731940
0.843874 0.734991
0.843528 0.734870
0.837554 0.733374
0.831313 0.732396
0.823167 0.731969
0.824807 0.731928
0.818392 0.732211
0.812102 0.733923
0.863435 0.741001
0.808380 0.735409
0.899834 0.764188
0.899444 0.765280
0.894683 0.770135
0.893512 0.771226
0.893641 0.769733
0.888034 0.767558
0.937747 0.781254
0.931121 0.782563
0.924839 0.782883
0.918561 0.782675
0.912283 0.782223
0.906004 0.782302
0.889653 0.774978
0.887352 0.774361
0.926362 0.782690
0.919291 0.783301
0.912589 0.783210
0.904473 0.782686
0.906055 0.782799
0.899719 0.783209
1.325513 0.985020
1.319345 0.987379
1.319219 0.987418
1.319392 0.987029
1.312929 0.989225
1.306642 0.990350
1.304426 0.990778
1.300356 0.991380
1.294073 0.991973
1.488278 1.068669
1.489657 1.064843
1.482004 1.067707
1.483406 1.063886
1.475726 1.067378
1.469450 1.066853
1.463170 1.066887
1.456892 1.066714
1.450612 1.066515
1.444334 1.066341
1.438059 1.065686
1.425512 1.063718
1.434057 1.065190
1.431784 1.064909
1.430823 1.064727
1.431862 1.064718
1.016756 0.748157
1.011239 0.749377
1.010468 0.749621
1.010730 0.748766
1.004176 0.751639
1.005792 0.745310
0.999841 0.753289
0.998275 0.752275
0.999138 0.758772
1.294939 0.890604
1.298425 0.899374
1.296070 0.896310
1.310933 0.907904
1.304674 0.904305
1.302553 0.902803
1.300091 0.898992
1.323448 0.915164
1.317193 0.911175
1.315893 0.910296
1.312526 0.906520
1.329683 0.922555
1.326936 0.917457
1.324832 0.914292
1.330285 0.923504
1.329989 0.922824
1.331963 0.929319
1.330399 0.927558
1.333465 0.935117
1.611468 1.054522
1.605193 1.053855
1.598916 1.053392
1.592637 1.053330
1.586356 1.053419
1.580074 1.053773
1.577340 1.053838
1.573795 1.053841
1.567515 1.053908
1.561235 1.053844
1.554958 1.053397
1.943528 1.008581
1.941705 1.008722
1.935411 1.010851
1.891487 1.005376
1.885218 1.003749
1.929250 1.012050
1.929124 1.012064
1.929200 1.011887
1.922846 1.011903
1.916568 1.011722
1.910290 1.011390
1.904018 1.010058
1.897754 1.007540
1.897682 1.007499
2.182503 0.937158
2.226388 0.948965
2.220123 0.946700
2.213853 0.945015
2.207583 0.943304
2.201313 0.941783
2.195044 0.940094
2.188774 0.938460
2.184170 0.937462
2.181494 0.937074
2.176225 0.936895
2.177589 0.933725
2.169943 0.937155
2.163659 0.937953
2.157377 0.938291
2.232635 0.954329
2.226813 0.949224
2.226660 0.948635
2.234232 0.955850
2.233775 0.953410
2.238225 0.961979
2.234188 0.966955
2.232548 0.968755
2.295245 0.985317
2.231413 0.972129
2.233178 0.971058
2.290684 0.986270
2.288957 0.986780
2.289577 0.984835
2.282660 0.989468
2.280500 0.990347
2.276366 0.991808
2.270075 0.993817
2.268386 0.994180
2.390207 0.857227
2.391160 0.862918
2.392063 0.868613
2.394757 0.876715
2.392828 0.874301
2.413540 0.886158
2.407274 0.883722
2.401006 0.881880
2.398820 0.880745
2.419795 0.890117
2.418477 0.889145
2.425007 0.895667
2.509774 0.764523
2.508382 0.765677
2.510630 0.764223
2.554793 0.775630
2.504194 0.770632
2.503453 0.771419
2.555126 0.780466
2.498466 0.775390
2.561891 0.790122
2.560190 0.789185
2.555108 0.785996
2.566095 0.796832
2.565701 0.796225
2.560686 0.793727
2.611429 0.805447
2.603687 0.811176
2.597404 0.811526
2.578593 0.807055
2.572338 0.802906
2.572103 0.802712
2.566853 0.800339
2.592285 0.811197
2.591127 0.811110
2.591786 0.809771
2.584854 0.810146
2.584672 0.810094
2.579408 0.807640
2.859796 0.767621
2.867288 0.766248
2.859723 0.767658
2.859805 0.767651
2.867260 0.771801
2.855400 0.772594
2.860068 0.772642
2.853485 0.772944
2.847202 0.773506
3.239773 0.764763
3.244443 0.762305
3.242870 0.775086
3.236730 0.769864
3.249108 0.781953
3.245390 0.776678
3.249699 0.782866
3.249073 0.787673
3.242795 0.787373
3.236538 0.783752
3.230275 0.780992
3.249054 0.790843
3.249127 0.788243
3.547380 0.757684
3.541105 0.756959
3.553647 0.759746
3.550845 0.758841
3.547897 0.757332
3.538940 0.757102
3.541665 0.756337
3.534823 0.757491
3.528539 0.758151
3.522248 0.759874
3.572775 0.766893
3.567113 0.764794
3.521543 0.760152
3.515959 0.761554
3.592240 0.773875
3.585735 0.773404
3.579807 0.771822
3.586546 0.777335
0.258298 0.731108
0.251437 0.731325
0.239538 0.731298
0.244723 0.731256
0.238062 0.731374
0.231781 0.731481
0.225504 0.731088
0.219229 0.730409
0.212954 0.729553
0.206676 0.729200
0.200398 0.728977
0.314571 0.761626
0.326672 0.769797
0.593884 0.748328
0.592599 0.748811
0.586308 0.750684
0.581219 0.752037
0.580017 0.752511
0.573726 0.754498
1.149762 1.033974
1.144843 1.033917
1.143483 1.033911
1.137207 1.033272
1.130928 1.032954
1.124653 1.032305
1.118374 1.032231
1.112093 1.032420
1.105806 1.033637
1.105358 1.033752
1.106059 1.033335
1.099515 1.035508
1.269466 1.096471
1.275905 1.095472
1.268697 1.096470
1.262418 1.096231
1.256138 1.096340
1.249858 1.096518
1.243577 1.096600
1.237300 1.096197
1.233028 1.096728
1.231016 1.096982
1.224732 1.097644
1.218446 1.098756
1.224085 0.803397
1.192705 0.800299
1.186433 0.799217
1.180160 0.797868
1.173885 0.797126
1.218235 0.804321
1.217799 0.804407
1.218148 0.803587
1.211520 0.804268
1.213092 0.800352
1.205247 0.803183
1.206338 0.800358
1.198976 0.801693
1.197041 0.801243
1.199205 0.801090
1.303141 0.844441
1.301381 0.849729
1.300489 0.855159
1.299860 0.860641
1.299444 0.866168
1.706108 1.052835
1.630818 1.041898
1.713847 1.051067
1.703782 1.052638
1.706447 1.052321
1.699832 1.052269
1.693554 1.051879
1.687278 1.051368
1.681001 1.050826
1.674726 1.050076
1.668453 1.049132
1.662177 1.048283
1.655907 1.046824
1.649634 1.045734
1.643362 1.044587
1.637090 1.043270
1.632545 1.042338
1.637476 1.042263
2.120751 0.979544
2.113963 0.982228
2.114850 0.977904
2.107683 0.982278
2.108911 0.976345
2.101400 0.982749
2.103118 0.974514
2.099073 0.982960
2.095115 0.983558
2.095503 0.981663
2.088820 0.986287
2.089951 0.979382
2.087895 0.986915
2.082522 0.989253
2.083439 0.984450
2.357587 0.926568
2.370976 0.927231
2.364866 0.925997
2.356803 0.926910
2.358022 0.926179
2.351293 0.928945
2.345004 0.930543
2.383617 0.934359
2.377373 0.933383
2.371011 0.932639
2.364807 0.931592
2.358849 0.930077
2.352830 0.928686
2.344406 0.930656
2.345809 0.929201
2.338720 0.931355
2.332436 0.931832
2.326152 0.932697
2.395147 0.946191
2.389497 0.941507
2.383611 0.939846
2.377429 0.938759
2.371162 0.937838
2.364946 0.936820
2.358941 0.935406
2.323510 0.933224
2.395993 0.947475
2.389742 0.946519
2.383562 0.945430
2.377295 0.944511
2.371129 0.943401
2.365015 0.942198
2.358967 0.940873
2.390245 0.951058
2.383576 0.950908
2.377059 0.950466
2.370834 0.949471
2.364593 0.948514
2.383820 0.955961
2.376950 0.956187
2.370389 0.955833
2.450952 0.796179
2.450125 0.796961
2.451374 0.796258
2.446136 0.801933
2.444623 0.804327
2.442724 0.807012
3.250304 0.757234
3.251585 0.756071
3.245197 0.762034
3.244617 0.763616
3.244580 0.769762
3.243250 0.767316
3.245596 0.765611
3.250806 0.778815
3.247932 0.773566
3.251391 0.779648
3.603435 0.759477
3.557021 0.757007
3.602863 0.764934
3.603095 0.770526
3.601237 0.775831
3.600847 0.778829
3.601466 0.774643
0.085307 0.719838
0.090853 0.721656
0.083893 0.720641
0.085672 0.720134
0.079001 0.724201
0.088338 0.726842
0.085257 0.728048
0.085717 0.725539
0.078979 0.727879
0.077764 0.725315
0.079441 0.724640
0.135406 0.742634
0.131794 0.744267
0.129112 0.745123
0.129694 0.742774
0.122813 0.748293
0.122509 0.748480
0.116519 0.750732
0.398740 0.748680
0.392474 0.746449
0.386206 0.744515
0.379920 0.745682
0.448894 0.762484
0.411251 0.756662
0.405002 0.751731
0.403548 0.750757
0.399842 0.747957
0.448374 0.762831
0.449147 0.762412
0.412536 0.757624
0.411458 0.757036
0.442740 0.767556
0.442583 0.767660
0.436283 0.770811
0.413613 0.763358
0.432874 0.771703
0.436946 0.770924
0.429996 0.772358
1.037316 1.070534
1.037218 1.070583
1.037555 1.070137
1.033160 1.075543
1.030978 1.080175
1.030567 1.080731
1.030923 1.089291
1.029098 1.086095
1.043422 1.099253
1.037166 1.095446
1.032164 1.092119
1.131239 1.115456
1.124963 1.114946
1.118685 1.114460
1.112405 1.114510
1.074766 1.108121
1.068497 1.106492
1.062227 1.104821
1.055955 1.103545
1.049688 1.101463
1.043615 1.099346
1.109137 1.114357
1.106128 1.114153
1.099853 1.113327
1.093576 1.112981
1.087303 1.111986
1.081031 1.110522
1.079755 1.110110
1.082574 1.107377
0.796147 0.740349
0.795637 0.740535
0.796255 0.740397
0.789853 0.742748
0.785522 0.744630
0.790693 0.743628
0.783556 0.745467
0.777266 0.747191
1.302583 0.997525
1.296955 0.998572
1.290673 0.998962
1.284391 0.999368
1.278112 0.999300
1.276547 0.999284
1.278619 0.998541
1.271834 0.999138
1.265554 0.999057
1.259275 0.999063
1.252999 0.998492
1.461334 1.072877
1.453469 1.077462
1.447193 1.076888
1.440917 1.076185
1.434643 1.075372
1.428368 1.074531
1.422097 1.073247
1.415823 1.072042
1.409550 1.071023
1.403277 1.070010
1.397000 1.069674
1.390726 1.068784
1.384451 1.067942
1.008747 0.756641
1.006355 0.757731
1.003222 0.755706
0.971065 0.757292
1.008690 0.766004
1.007752 0.763485
1.003283 0.761087
0.973920 0.758612
1.009204 0.769258
1.008661 0.770894
1.009001 0.768552
1.007466 0.774587
1.304001 0.904426
1.316875 0.911106
1.328965 0.919294
1.334246 0.928780
1.333743 0.927511
1.336263 0.933427
1.334853 0.931916
1.337194 0.939120
1.335169 0.936817
1.336462 0.944587
1.334971 0.942706
1.334577 0.949901
1.590936 1.056984
1.584657 1.056975
1.578376 1.057216
1.576746 1.057249
1.572096 1.057248
1.565814 1.057508
1.559535 1.057470
1.553258 1.057036
1.546980 1.056768
1.540703 1.056284
1.534428 1.055526
1.297830 0.730300
1.291558 0.728993
1.304082 0.734722
1.299040 0.731045
1.871601 1.008650
1.874307 1.008139
1.867589 1.009364
1.861309 1.009449
1.855034 1.008671
1.848756 1.008175
1.842480 1.007600
1.836208 1.006462
1.829936 1.005126
1.823669 1.003227
1.817401 1.001184
1.811125 1.000472
1.804843 1.000975
2.158537 0.952273
2.152256 0.952393
2.145974 0.952766
2.142883 0.953086
2.139690 0.953458
2.140803 0.950508
2.133405 0.954363
2.127118 0.955633
2.124647 0.956024
2.120832 0.956771
2.221952 0.979612
2.216000 0.985934
2.222279 0.984459
2.246183 0.996691
2.239911 0.995338
2.233637 0.994535
2.227355 0.994702
2.221085 0.993132
2.218050 0.991783
2.417453 0.919653
2.420017 0.918292
2.414118 0.924713
2.412858 0.926862
2.411059 0.929830
2.413931 0.928010
2.408192 0.934994
2.406513 0.937722
2.474313 0.782359
2.480724 0.780771
2.473225 0.783620
2.469598 0.787222
2.474001 0.786211
2.466913 0.788911
2.462560 0.791776
2.467918 0.790457
2.460609 0.792782
2.712838 0.753782
2.706422 0.753135
2.699689 0.753105
2.690129 0.752941
2.693079 0.752835
2.686532 0.754765
2.725753 0.760379
2.718812 0.760749
2.712309 0.760273
2.706154 0.759129
2.699843 0.758289
2.693593 0.757333
2.683595 0.757543
2.687063 0.756915
2.680224 0.759546
2.676331 0.762071
2.953351 0.739656
3.016071 0.752247
3.009798 0.751305
3.003521 0.750846
2.997246 0.750127
2.990969 0.749465
2.984694 0.748777
2.978417 0.748315
2.972146 0.746965
2.965880 0.744717
2.959616 0.742089
2.955184 0.740371
3.028962 0.755880
3.022819 0.754709
3.016631 0.753628
3.010373 0.752684
3.004069 0.751832
2.997759 0.750993
2.991370 0.750307
2.985007 0.749575
2.978622 0.748884
2.972454 0.747786
3.048428 0.762859
3.042408 0.761456
3.036464 0.759910
3.030241 0.758904
3.348487 0.734997
3.342241 0.734023
3.335157 0.734671
3.328536 0.735583
3.322250 0.736714
3.361041 0.742292
3.317614 0.738370
3.315957 0.738928
3.309661 0.741432
3.366468 0.750317
3.307445 0.742486
3.368565 0.756885
3.366725 0.755296
3.379526 0.764030
3.378588 0.766146
3.366625 0.762154
3.366236 0.761723
3.375966 0.769069
3.372285 0.770029
3.369094 0.768077
3.646874 0.721304
3.640043 0.721463
3.633009 0.724358
3.630315 0.727129
3.633909 0.725755
3.626693 0.730446
3.625149 0.731940
3.627377 0.730841
3.621447 0.736988
3.620369 0.737713
-0.001324 0.713203
-0.001393 0.713211
-0.000870 0.712346
-0.007611 0.714409
-0.013895 0.715095
0.043241 0.729338
0.061910 0.737860
0.100236 0.752990
0.093913 0.752164
0.087539 0.751445
0.081441 0.750191
0.087873 0.756293
0.081613 0.755362
0.606876 0.742273
0.600585 0.744215
0.597551 0.745347
0.594290 0.746690
0.587997 0.748955
0.586901 0.749385
1.164019 1.030706
1.157738 1.031027
1.151458 1.030952
1.148147 1.030881
1.145179 1.030844
1.138904 1.030125
1.132624 1.030247
1.126342 1.030404
1.120062 1.030582
1.113781 1.030797
1.289225 1.094563
1.282944 1.094851
1.282384 1.094831
1.283070 1.094669
1.276666 1.094618
1.270386 1.094701
1.264107 1.094530
1.257828 1.094348
1.251549 1.094411
1.245268 1.094534
1.238992 1.094071
1.238749 1.094085
1.239130 1.093858
1.232709 1.094440
1.008323 0.764355
0.969338 0.765280
0.970296 0.759646
0.963075 0.762520
0.963677 0.759398
1.008413 0.772643
1.006954 0.775385
0.970578 0.767171
1.005710 0.777805
1.003235 0.783020
1.334131 0.927822
1.339189 0.936561
1.339809 0.943008
1.339173 0.942065
1.338946 0.948431
1.338723 0.949360
1.338817 0.948229
1.337462 0.953778
1.335526 0.959074
1.570396 1.060743
1.564115 1.061038
1.557834 1.061162
1.551556 1.060830
1.545278 1.060525
1.539002 1.059990
1.532727 1.059201
1.526453 1.058291
1.520182 1.056856
1.513912 1.055335
1.507640 1.054009
1.296102 0.738431
1.297620 0.731260
1.289825 0.737997
1.291218 0.730604
1.298070 0.739948
1.303299 0.738803
1.287588 0.738443
1.297364 0.745430
1.828255 1.005595
1.821985 1.003960
1.815717 1.002106
1.809442 1.001352
1.847071 1.009412
1.840796 1.008658
1.834526 1.007129
1.830746 1.006203
1.828388 1.005582
1.822601 1.003736
1.817061 1.001428
1.804972 1.002461
1.810510 1.001050
1.803152 1.002868
1.797692 1.006989
1.796845 1.007462
2.144265 0.957768
2.145285 0.954852
2.137984 0.958039
2.131703 0.958344
2.125418 0.959089
2.123273 0.959300
2.119133 0.959979
2.112846 0.961272
2.106561 0.962105
2.102161 0.961843
2.214659 0.986134
2.203050 0.987569
2.207670 0.986599
2.200571 0.992593
2.219382 0.997392
2.213113 0.995485
2.213886 0.993099
2.206840 0.994275
2.207084 0.993201
2.200570 0.992808
2.200451 0.992732
2.200583 0.992725
2.389632 0.891615
2.383895 0.889054
2.424492 0.911613
2.422427 0.916860
2.420865 0.918814
2.418768 0.921894
2.422003 0.919993
2.415478 0.927000
2.414528 0.928429
2.494303 0.775141
2.487499 0.777571
2.483650 0.780203
2.488480 0.778844
2.481191 0.782266
2.478463 0.785019
2.482114 0.783621
2.474877 0.787897
2.725872 0.757607
2.746248 0.759901
2.739582 0.759741
2.726854 0.760325
2.732705 0.759987
2.725854 0.760606
2.719561 0.762816
2.713277 0.763321
2.707008 0.761659
2.700734 0.760776
2.694457 0.760308
2.740060 0.764318
2.733380 0.764186
2.726679 0.764094
2.719917 0.764118
2.713383 0.763708
2.707251 0.762538
2.700998 0.761598
3.153409 0.753023
3.147146 0.750415
3.157788 0.756391
3.229493 0.772329
3.236596 0.769897
3.228638 0.774103
3.242508 0.776988
3.235825 0.776861
3.226472 0.777433
3.229031 0.776948
3.222323 0.779984
3.249030 0.782919
3.242139 0.783187
3.235941 0.782138
3.229994 0.780618
3.219443 0.781980
3.222996 0.781088
3.216023 0.783308
3.526835 0.762305
3.522711 0.763802
3.520544 0.764191
3.521813 0.761076
3.514255 0.765777
3.508896 0.767378
3.507964 0.767550
0.376526 0.751740
0.372287 0.753221
0.370230 0.754247
0.363931 0.757470
0.363779 0.757547
0.365064 0.755420
0.357626 0.761660
1.029461 1.087589
1.027549 1.092161
1.027024 1.092774
1.033763 1.102847
1.027510 1.098508
1.027311 1.098367
1.027928 1.097597
1.071366 1.115254
1.065097 1.113488
1.058829 1.111632
1.052559 1.110023
1.046288 1.108502
1.040020 1.106563
1.037487 1.105403
1.090178 1.119736
1.083907 1.118440
1.077633 1.117409
1.073901 1.116251
0.781900 0.741818
0.756803 0.738162
0.750529 0.737363
0.788900 0.741567
0.780944 0.741914
0.781941 0.741973
0.775616 0.742600
0.769338 0.742179
0.763070 0.740316
0.759009 0.738717
0.756824 0.738355
0.747834 0.737102
0.750545 0.737458
0.744253 0.736848
0.737976 0.736163
0.783213 0.745013
0.776219 0.745481
0.769628 0.745178
0.763264 0.744444
0.757018 0.743489
0.750856 0.742378
1.282693 1.002766
1.276416 1.002224
1.271134 1.001998
1.270138 1.001944
1.263860 1.001617
1.257582 1.001421
1.251305 1.000906
1.245029 1.000282
1.238753 0.999708
1.232470 1.000279
1.439207 1.081560
1.432933 1.080573
1.426659 1.079673
1.420386 1.078370
1.414114 1.077182
1.407840 1.076259
1.401568 1.075109
1.395291 1.074693
1.389016 1.073806
1.382742 1.072893
1.376467 1.072117
1.370191 1.071621
1.367536 1.071606
1.363911 1.071562
1.051558 0.740410
1.045286 0.739188
1.039009 0.738813
1.032729 0.738787
1.070342 0.749637
1.058271 0.742717
1.052394 0.741039
1.046412 0.739571
1.040066 0.738804
1.027416 0.739169
1.033454 0.738542
1.026445 0.739552
1.020154 0.741514
1.071995 0.751204
1.070682 0.750287
1.065332 0.747602
1.076569 0.758202
1.076033 0.757337
1.071715 0.753801
1.089063 0.769125
1.082804 0.765523
1.080456 0.763534
1.078144 0.759921
1.114127 0.778008
1.107853 0.777099
1.101583 0.775623
1.095318 0.773097
1.090747 0.770587
1.120392 0.780512
1.120194 0.780418
1.114827 0.778178
1.108880 0.776651
1.126627 0.787945
1.125843 0.786794
1.121636 0.783569
1.176759 0.805297
1.170486 0.804108
1.164212 0.803208
1.157940 0.801952
1.151667 0.800844
1.145395 0.799624
1.139126 0.797768
1.132864 0.794864
1.130527 0.793035
1.127668 0.790441
1.176893 0.805331
1.165166 0.801647
1.158857 0.800805
1.152489 0.800078
1.146341 0.798939
1.140473 0.797272
1.297583 0.867309
1.296605 0.872711
1.295727 0.878141
1.295627 0.878907
1.294873 0.883589
1.294800 0.889162
1.658785 1.054226
1.652513 1.052966
1.646239 1.051922
1.639967 1.050806
1.633693 1.049908
1.627419 1.048944
1.621143 1.048227
1.614871 1.047036
1.616517 1.043603
1.608594 1.046634
1.602316 1.046402
1.596035 1.046518
1.589755 1.046580
1.976516 0.999556
1.970237 0.999416
1.977604 0.998693
1.967189 0.999444
1.970766 0.998864
1.963955 0.999731
1.957671 1.000409
1.951389 1.000754
1.945107 1.001168
1.942704 1.001460
1.938818 1.002726
1.932531 1.003980
2.014064 1.020952
2.009590 1.016727
2.015150 1.015328
2.033282 1.024887
2.026595 1.025534
2.027209 1.023577
2.020322 1.024370
2.017748 1.023460
2.020621 1.023269
2.184200 0.933939
2.177927 0.932997
2.221814 0.944474
2.215545 0.942688
2.209277 0.940944
2.203007 0.939310
2.196738 0.937584
2.190468 0.935835
2.184694 0.934059
2.184342 0.933718
2.176457 0.932878
2.178307 0.932369
2.171650 0.932561
2.228078 0.947177
2.224015 0.945301
2.234321 0.953176
2.233678 0.952263
2.235204 0.950683
2.237732 0.958417
2.309520 0.978962
2.236755 0.963856
2.305009 0.979294
2.303239 0.979339
2.303492 0.978553
2.296955 0.980043
2.298133 0.975885
2.290667 0.981470
2.288084 0.982391
2.284370 0.984281
2.285393 0.979944
2.279756 0.986770
2.278073 0.987248
2.278503 0.985726
2.442942 0.804834
2.442833 0.804964
2.443020 0.804826
2.438806 0.809927
2.436612 0.813185
2.435467 0.815012
2.437584 0.813310
2.431982 0.820097
2.686190 0.753105
2.675280 0.759841
2.679530 0.758414
2.672244 0.762994
2.670381 0.764685
2.673045 0.763406
2.665931 0.768647
2.664804 0.769459
2.957964 0.737706
2.951692 0.736466
2.945419 0.735486
2.939143 0.734672
2.932867 0.734098
2.970500 0.741565
2.964231 0.739834
2.962895 0.739406
2.958160 0.738296
2.952018 0.737130
2.945871 0.735979
2.939699 0.734879
2.930334 0.734681
2.933275 0.734260
2.926572 0.736693
2.990001 0.747445
2.983827 0.746337
2.977581 0.745367
2.971356 0.744363
2.965290 0.743059
2.959366 0.741492
3.300002 0.745219
3.293719 0.745736
3.287438 0.746052
3.301644 0.745189
3.294402 0.746129
3.284959 0.746188
3.287631 0.746171
3.281157 0.746244
3.274873 0.747006
3.268589 0.747623
3.369900 0.773137
3.621199 0.734865
3.618685 0.738628
3.617730 0.739919
3.619543 0.738407
3.613054 0.744823
3.612362 0.745825
0.162201 0.742964
0.155934 0.740875
0.149666 0.739078
0.143396 0.737489
0.137118 0.737214
0.130834 0.737854
0.125952 0.739930
0.124539 0.740416
0.124940 0.738977
0.466566 0.747352
0.472722 0.745050
0.464894 0.748642
0.461478 0.752159
0.458579 0.754449
0.455678 0.756894
1.065881 1.055912
1.064005 1.056361
1.066703 1.055037
1.059589 1.057768
1.053300 1.059336
1.050765 1.059982
1.054708 1.057649
1.047005 1.062011
1.042491 1.064355
1.040694 1.067160
1.039139 1.069457
1.174630 1.111327
1.172299 1.111345
1.166021 1.111110
1.159747 1.110166
1.153471 1.109321
1.147195 1.108825
1.140919 1.108206
1.134641 1.107974
1.128361 1.108078
1.122081 1.108113
1.115802 1.107931
1.111028 1.107680
1.109525 1.107584
0.812932 0.733993
0.817774 0.732473
0.810418 0.734918
0.804121 0.737626
0.803062 0.738112
0.804593 0.737358
0.797821 0.740952
0.794898 0.742517
0.899671 0.765638
0.899102 0.772208
0.911319 0.780153
0.905312 0.778725
0.899209 0.777487
0.893103 0.776256
0.899510 0.782414
0.893101 0.781768
1.311228 0.992782
1.304942 0.993935
1.303780 0.994176
1.298656 0.994990
1.292373 0.995586
1.286088 0.996293
1.282123 0.996616
1.279806 0.996735
1.273526 0.996925
1.467739 1.072301
1.461457 1.072482
1.460029 1.072431
1.455179 1.072235
1.455589 1.070944
1.448903 1.071639
1.449692 1.069312
1.442627 1.071088
1.443987 1.067321
1.436352 1.070311
1.437965 1.065939
1.430077 1.069530
1.423805 1.068217
1.425179 1.064591
1.417533 1.066976
1.418556 1.064352
1.411260 1.065924
1.412078 1.063840
1.404985 1.065040
1.024753 0.741766
1.023294 0.742070
1.025972 0.739938
1.018458 0.744298
1.012175 0.744863
1.005894 0.744987
1.004887 0.744972
0.999612 0.745558
1.076459 0.757638
1.087369 0.771538
1.081468 0.766468
1.099888 0.778308
1.093623 0.775822
1.090366 0.774042
1.120376 0.780479
1.131733 0.790085
1.126493 0.787178
1.137938 0.796607
1.132448 0.794186
1.294460 0.881462
1.294431 0.887008
1.294609 0.885575
1.295016 0.892656
1.294839 0.890642
1.306359 0.903378
1.300106 0.898990
1.300071 0.898957
1.318875 0.910432
1.312620 0.906514
1.312316 0.906296
1.325126 0.915315
1.324194 0.913581
1.327959 0.919706
1.631993 1.053302
1.625719 1.052349
1.619443 1.051861
1.613170 1.050796
1.606893 1.050205
1.600616 1.049848
1.594336 1.049921
1.588056 1.050015
1.581773 1.050502
1.579048 1.050617
1.575492 1.050649
1.908651 1.004784
1.902372 1.004657
1.896091 1.005027
1.941429 1.008852
1.927986 1.008744
1.921699 1.007852
1.915393 1.006996
1.909117 1.006086
1.902761 1.005330
1.894867 1.005002
1.896155 1.005054
1.889809 1.005408
1.883528 1.005484
1.877250 1.005251
1.870975 1.004603
1.864699 1.003983
1.858421 1.003613
1.929049 1.012176
1.922084 1.012590
1.915785 1.011728
1.909582 1.010684
1.903538 1.009340
1.897746 1.007525
1.972763 1.024454
1.966535 1.023445
1.958739 1.029516
1.960229 1.022590
1.952474 1.027177
1.953417 1.022712
1.946208 1.024747
1.941053 1.022830
1.946559 1.022923
2.193345 0.943460
2.187070 0.942815
2.180791 0.942533
2.182425 0.937367
2.174511 0.942542
2.168232 0.942525
2.161950 0.942916
2.160175 0.943044
2.155668 0.943164
2.156534 0.940767
2.149386 0.943655
2.237149 0.968758
2.238666 0.962462
2.233417 0.970343
2.230854 0.971312
2.227952 0.975105
2.280960 0.993089
2.227242 0.980573
2.224498 0.984063
2.279154 0.993654
2.274669 0.994935
2.268378 0.996677
2.221267 0.985300
2.265369 0.997211
2.262093 0.997596
2.255812 0.997939
2.249536 0.997358
2.243263 0.996100
2.404522 0.835892
2.396165 0.843488
2.396952 0.842946
2.395833 0.848983
2.397745 0.846906
2.394957 0.854413
2.398220 0.851508
2.394031 0.859851
2.393415 0.865348
2.538269 0.761378
2.532007 0.758512
2.525728 0.758301
2.519441 0.759516
2.544517 0.766530
2.540847 0.763391
2.538829 0.761936
2.518058 0.760121
2.547803 0.769966
2.545298 0.767985
2.550429 0.775926
2.633715 0.790565
2.625967 0.797148
2.623616 0.797633
2.619683 0.797980
2.620521 0.795464
2.613398 0.798942
2.607289 0.800829
2.607105 0.800875
2.607585 0.799894
2.600817 0.802293
2.924912 0.733620
2.964184 0.739695
2.919941 0.736664
2.926024 0.735212
2.918605 0.738152
2.916037 0.741669
2.919284 0.740706
3.344465 0.733435
3.338194 0.732066
3.401466 0.742425
3.394635 0.744525
3.356983 0.740370
3.350727 0.736433
3.350099 0.736103
3.390324 0.747476
3.396258 0.744959
3.388312 0.751833
3.360366 0.743159
3.387896 0.752691
3.388520 0.752345
3.385418 0.757920
3.653541 0.722033
3.647261 0.722042
3.640974 0.723298
3.686172 0.729087
3.680206 0.727576
3.654950 0.724241
3.648269 0.724112
3.638244 0.724781
3.641413 0.724315
3.634671 0.727177
3.698596 0.736633
3.692514 0.735346
3.631691 0.729417
3.717736 0.744243
0.027172 0.709936
0.020905 0.707849
0.014630 0.707011
0.008350 0.706951
0.033418 0.715412
0.028229 0.710507
0.027335 0.710036
0.021733 0.707862
0.004724 0.707132
0.091516 0.721875
0.077307 0.726717
0.034589 0.716996
0.033724 0.716230
0.089815 0.735251
0.091053 0.728243
0.075328 0.728457
0.070996 0.731760
0.036638 0.722872
0.088224 0.735884
0.083526 0.736703
0.084170 0.733988
0.077239 0.737910
0.078497 0.731941
0.065467 0.732590
0.071854 0.731738
0.064710 0.732852
0.058434 0.732394
0.052158 0.731680
0.127399 0.750712
0.074253 0.739431
0.070942 0.740794
0.071388 0.738136
0.124286 0.752238
0.121104 0.753228
0.122634 0.748861
0.114811 0.755432
0.112707 0.756114
0.108522 0.757068
0.102235 0.758125
0.479164 0.743259
0.518369 0.748128
0.512113 0.747176
0.505894 0.746152
0.473749 0.744882
0.480509 0.743067
0.472874 0.745099
0.466578 0.747849
0.464579 0.749130
1.080149 1.050744
1.073857 1.052764
1.069772 1.053683
1.067568 1.054335
1.061280 1.055806
1.055564 1.057191
1.054990 1.057458
1.048691 1.060657
1.046673 1.061499
1.186557 1.107987
1.180274 1.108580
1.179953 1.108579
1.180429 1.108326
1.173995 1.108474
1.167719 1.107783
1.161446 1.106743
1.155171 1.105919
1.148893 1.105685
1.142615 1.105345
1.136337 1.105109
1.130057 1.105155
0.748848 0.737631
0.742569 0.737572
0.736292 0.737181
0.730015 0.736747
0.775304 0.741756
0.769051 0.740796
0.762968 0.739513
0.744173 0.736739
0.737761 0.736099
0.725705 0.737388
0.730926 0.736263
0.723726 0.738108
0.720545 0.742226
1.262163 1.004724
1.255886 1.004282
1.249611 1.003445
1.243336 1.002811
1.237060 1.002160
1.230775 1.002898
1.224495 1.003103
1.218216 1.002954
1.216682 1.003185
1.211932 1.003825
1.432439 1.082012
1.426165 1.081094
1.418679 1.083302
1.419560 1.080817
1.412406 1.082119
1.413016 1.080419
1.406131 1.081265
1.406795 1.079402
1.399858 1.080145
1.400283 1.078947
1.393582 1.079634
1.394451 1.077187
1.387307 1.078863
1.388253 1.076134
1.381033 1.077971
1.381965 1.075254
1.374758 1.077190
1.375801 1.074139
1.368482 1.076591
1.369864 1.072600
1.362202 1.076584
1.355924 1.076429
1.349646 1.076122
1.260620 0.786602
1.254333 0.787794
1.280185 0.790140
1.274146 0.788773
1.268071 0.787479
1.261752 0.786657
1.253898 0.787876
1.254447 0.787719
1.248043 0.789545
1.241754 0.791236
1.285982 0.798100
1.285666 0.798590
1.285724 0.797949
1.279968 0.796037
1.274104 0.794343
1.268300 0.792543
1.239969 0.791436
1.242344 0.790570
1.235467 0.792310
1.285605 0.808722
1.282114 0.803086
1.279749 0.801947
1.274251 0.799568
1.286060 0.809219
1.285672 0.809021
1.280466 0.806094
1.291830 0.817731
1.291074 0.815514
1.292801 0.821345
1.687896 0.992241
1.677462 0.999418
1.674996 0.996560
1.677615 1.004982
1.674564 1.002875
1.669031 1.000554
1.636087 1.003437
1.711353 1.018167
1.705067 1.019232
1.677020 1.010450
1.674111 1.009237
1.668292 1.007465
1.661144 1.013594
1.661902 1.006783
1.654869 1.012713
1.655786 1.005585
1.648604 1.010400
1.649436 1.004829
1.642349 1.006351
1.640739 1.005225
1.642566 1.005057
1.719294 1.018670
1.712096 1.019531
1.702438 1.019698
1.705252 1.019714
1.698779 1.020703
1.692502 1.020319
1.686228 1.019234
1.679949 1.019096
1.675287 1.015766
1.673803 1.015325
1.661437 1.013775
1.667755 1.013993
1.706376 1.023061
1.699566 1.023178
1.693112 1.022616
1.686751 1.021878
1.680276 1.021358
1.674157 1.020167
1.662789 1.019557
1.767708 1.044939
1.761675 1.044978
1.761428 1.044999
1.761498 1.044807
1.755140 1.046474
1.748853 1.047532
1.742573 1.047632
1.740481 1.047452
1.736296 1.047176
1.736924 1.045660
1.730021 1.046496
1.731238 1.043645
1.723746 1.045813
1.717470 1.044985
1.711198 1.043910
2.097622 1.001522
2.083673 1.004674
2.077390 1.005279
2.071645 1.006154
2.071104 1.006237
2.071466 1.005382
2.064816 1.007536
2.058524 1.009608
2.033437 1.004426
2.027178 1.001079
2.022649 0.999098
2.058045 1.009755
2.052239 1.010522
2.045962 1.010075
2.039696 1.007822
2.037613 1.006827
2.357392 0.927398
2.350266 0.935025
2.349577 0.935201
2.349742 0.934609
2.343287 0.936815
2.344900 0.930937
2.336997 0.938456
2.336605 0.938580
2.331476 0.936293
2.325867 0.934130
2.332303 0.943526
2.330686 0.943828
2.330877 0.942936
2.324409 0.943350
2.324796 0.941671
2.318134 0.942596
2.318590 0.940644
2.426650 0.826787
2.419539 0.834309
2.418886 0.834824
2.412589 0.837697
2.409604 0.838427
2.413748 0.836640
2.406287 0.841257
2.404245 0.843237
2.651135 0.783517
2.648241 0.784168
2.641953 0.785672
2.636428 0.786933
2.635665 0.787142
2.629377 0.788491
2.884348 0.762185
2.887504 0.760823
2.880327 0.765410
2.874046 0.765701
2.880646 0.766516
2.872863 0.766066
2.874139 0.766054
2.870819 0.771345
2.874452 0.770965
3.561593 0.761929
3.555332 0.758766
3.549068 0.756311
3.542795 0.755000
3.536518 0.754668
3.530239 0.754610
3.574109 0.769133
3.567852 0.765240
3.563010 0.762652
3.562023 0.761621
3.597362 0.773197
3.599762 0.772385
3.592895 0.777730
3.580359 0.773938
3.575663 0.770046
3.574522 0.769026
3.600714 0.776064
3.590202 0.777714
3.592981 0.777936
3.586617 0.777542
3.585745 0.777071
3.581375 0.774343
0.196996 0.736577
0.190720 0.735921
0.184444 0.735215
0.178169 0.734516
0.171893 0.733959
0.171443 0.733962
0.165609 0.734565
0.159328 0.734856
0.578340 0.752458
0.572056 0.753135
0.565775 0.753181
0.579665 0.752545
0.572393 0.753545
0.565096 0.753195
0.565806 0.753234
0.559493 0.753640
0.553209 0.754345
0.546927 0.754754
1.122961 1.034638
1.116683 1.034225
1.110404 1.034161
1.104115 1.035753
1.101574 1.036683
1.097820 1.038259
1.091526 1.040711
1.091288 1.040774
1.085232 1.043054
1.268600 1.096546
1.248168 1.098274
1.241887 1.098614
1.235608 1.098539
1.229322 1.099507
1.228638 1.099581
1.229716 1.098923
1.223038 1.100151
1.216754 1.100802
1.210472 1.101333
1.204193 1.101261
1.197916 1.100620
1.204969 1.100157
1.197259 1.100635
1.198266 1.100068
1.238357 0.797806
1.236413 0.797908
1.232074 0.798369
1.225788 0.799345
1.219502 0.800333
1.213225 0.800010
1.206953 0.798743
1.200682 0.797158
1.194413 0.795394
1.302273 0.826983
1.304328 0.835546
1.302317 0.832388
1.302497 0.840832
1.301920 0.838645
1.301653 0.846277
1.301706 0.844560
1.301548 0.851844
1.732902 1.053329
1.726633 1.051668
1.720359 1.050679
1.733688 1.053484
1.732999 1.053180
1.727682 1.050420
1.714932 1.050743
1.721357 1.049605
1.714078 1.050741
1.707802 1.050192
1.701527 1.049424
1.695251 1.048908
1.688976 1.048203
1.682700 1.047619
1.676425 1.046791
1.670152 1.045606
1.663878 1.044742
1.657608 1.043232
1.990762 0.998001
1.984480 0.998392
2.010628 1.000083
2.004610 0.998676
1.998006 0.998397
1.991303 0.998306
1.984068 0.998389
1.984516 0.998381
1.978201 0.998289
1.971923 0.998018
1.965644 0.997799
1.959365 0.997861
1.953084 0.998034
1.946804 0.998230
2.015800 1.011278
2.013076 1.008166
2.054592 1.017363
2.040858 1.021426
2.034580 1.021168
2.028310 1.019480
2.029946 1.012834
2.022051 1.016176
2.019250 1.014612
2.022565 1.014047
2.341542 0.947888
2.342409 0.941206
2.336949 0.938729
2.341108 0.948296
2.335244 0.950829
2.336278 0.945503
2.328962 0.951395
2.322688 0.950351
2.316413 0.949592
2.312495 0.949722
2.310131 0.949921
2.310305 0.949060
2.418595 0.834780
2.404633 0.837258
2.402959 0.840957
2.405305 0.839864
2.399512 0.846020
2.398380 0.851435
2.398267 0.851553
2.752672 0.757122
2.772472 0.761393
2.766109 0.760647
2.759628 0.760130
2.748103 0.759905
2.752949 0.759994
2.746366 0.761445
2.785547 0.767683
2.779055 0.767187
2.772720 0.766393
2.766408 0.765558
2.759867 0.765158
2.753176 0.765048
2.740343 0.764341
2.746558 0.764798
2.740068 0.764421
2.733777 0.766474
2.772845 0.771652
2.766659 0.770584
2.760217 0.770002
2.753434 0.770066
2.746843 0.769766
2.772393 0.778021
2.766170 0.777027
3.116493 0.756283
3.103183 0.762432
3.102680 0.762493
3.096399 0.762877
3.090112 0.763967
3.085592 0.765447
3.083816 0.766824
