0.337348 0.927237
0.370345 0.925126
0.363723 0.925512
0.357102 0.925904
0.349859 0.925828
0.350485 0.926313
0.343605 0.926471
0.338830 0.927073
0.343864 0.926708
0.389079 0.921747
0.382586 0.922590
0.376029 0.923212
0.369527 0.924032
0.362972 0.924659
0.356116 0.925156
0.350331 0.925776
0.356424 0.925311
0.759339 0.892254
0.786072 0.891743
0.779377 0.891869
0.771850 0.890804
0.772668 0.891949
0.765594 0.891557
0.760573 0.892090
0.765958 0.892023
0.798542 0.890008
0.791869 0.890217
0.784369 0.889074
0.785214 0.890487
0.778110 0.889916
0.772131 0.890764
0.778509 0.890579
1.043112 0.898019
1.036529 0.898551
1.030029 0.899371
1.023701 0.900809
1.016370 0.900318
1.017404 0.902359
1.010091 0.902121
1.010919 0.903238
1.004840 0.905567
0.998997 0.908736
0.992954 0.911192
0.941089 0.919351
0.939125 0.918870
1.035519 0.896805
1.028913 0.897311
1.028947 0.897372
1.022638 0.899003
1.020637 0.899399
1.022696 0.899080
1.009949 0.902170
1.004117 0.904826
0.998816 0.909919
0.941848 0.919843
0.941575 0.921827
0.945686 0.920573
0.942268 0.926140
1.160078 0.905224
1.180561 0.906299
1.173960 0.906765
1.166323 0.905062
1.160284 0.905213
1.167008 0.905981
1.180311 0.907205
1.172565 0.905112
1.167408 0.905029
1.173236 0.905978
1.193052 0.906475
1.186639 0.907608
1.173469 0.905171
1.179753 0.907057
1.475341 0.901293
1.481587 0.901097
1.475443 0.901287
1.482760 0.903771
1.487843 0.900391
1.483099 0.900986
1.488644 0.902561
1.722771 0.895380
1.716515 0.896111
1.729021 0.894950
1.723496 0.895310
1.730040 0.897428
1.742847 0.896925
1.735280 0.894168
1.733895 0.894320
1.735515 0.894788
1.553330 0.941371
1.547045 0.943505
1.540770 0.945232
2.185710 0.862455
2.178815 0.861867
2.171525 0.861466
2.172021 0.861644
2.165278 0.861750
2.164696 0.861766
2.165325 0.861770
2.191828 0.862088
2.185002 0.861751
2.177781 0.860842
2.172636 0.861398
2.178140 0.861284
2.002077 0.907831
2.001224 0.907631
1.996832 0.912685
1.956641 0.919233
1.958803 0.921110
2.004740 0.908412
2.002564 0.910935
1.997081 0.915385
1.956411 0.920964
1.958837 0.923031
1.997216 0.917720
1.955364 0.922950
1.959059 0.925661
2.482265 0.862612
2.502742 0.864820
2.494762 0.861933
2.495857 0.864274
2.488508 0.862562
2.486643 0.862588
2.488857 0.863316
2.515022 0.862440
2.508247 0.862283
2.496332 0.861778
2.501500 0.862231
2.844768 0.858497
2.837878 0.857934
2.830603 0.856324
2.829366 0.856334
2.830799 0.856689
2.850871 0.858066
2.843957 0.857414
2.836847 0.856194
2.836389 0.856191
2.836917 0.856312
3.156219 0.839139
3.148761 0.837768
3.145728 0.837421
3.149179 0.838037
3.162697 0.840045
3.150104 0.837966
3.155696 0.839082
3.725098 0.903145
3.717507 0.901736
3.716544 0.900445
3.717743 0.900917
3.717615 0.901845
3.724901 0.904245
3.719982 0.902953
3.724460 0.904519
0.237842 0.932703
0.230945 0.932112
0.223869 0.931976
0.219842 0.932007
0.224225 0.932151
0.250496 0.931626
0.243781 0.931685
0.236372 0.931076
0.237084 0.931804
0.230117 0.931648
0.226675 0.931907
0.230381 0.931905
0.249533 0.930047
0.236648 0.931044
0.242990 0.930718
0.887040 0.891474
0.901032 0.893626
0.893292 0.890907
0.888607 0.891309
0.893830 0.891947
0.905799 0.889814
0.906803 0.892011
0.899545 0.890437
0.897957 0.890564
0.899736 0.890814
1.160058 0.905198
1.153164 0.904615
1.145818 0.903078
1.142475 0.903338
1.146224 0.903871
1.166207 0.904913
1.158325 0.901944
1.159164 0.903804
1.152072 0.902534
1.151971 0.902541
1.152083 0.902558
1.172423 0.904924
1.162213 0.901605
1.165034 0.902583
0.970059 0.952884
0.963786 0.954495
0.957511 0.956143
0.976312 0.952346
0.972797 0.952487
0.970384 0.954383
0.964186 0.956285
0.952620 0.957732
0.957850 0.957693
0.951225 0.958334
0.944923 0.961405
0.982559 0.952079
0.980716 0.952144
0.976911 0.955491
0.971167 0.959008
0.965088 0.961330
0.958692 0.962524
0.951728 0.961695
0.944875 0.961443
0.944928 0.961451
1.497541 0.909472
1.492645 0.909827
1.612079 0.886682
1.605590 0.887548
1.599546 0.889991
1.503789 0.909160
1.501485 0.909202
1.510038 0.908807
1.509149 0.908933
0.217336 0.931588
0.210420 0.930926
0.203354 0.930576
0.199722 0.930735
0.203657 0.930813
0.223544 0.931525
0.216588 0.930726
0.209598 0.930485
0.207246 0.930458
0.209800 0.930521
0.236348 0.931035
0.229542 0.930768
0.222790 0.930693
0.213214 0.930634
0.216060 0.930697
0.705375 0.892023
0.698691 0.892190
0.691467 0.892122
0.692040 0.892473
0.685214 0.892730
0.682160 0.892973
0.685410 0.892838
0.718100 0.891190
0.711363 0.891176
0.704711 0.891454
0.697723 0.891467
0.692128 0.892056
0.698067 0.891768
0.710646 0.890473
0.703428 0.890849
0.704012 0.890822
0.915516 0.897946
0.912835 0.898021
0.916430 0.900543
0.928009 0.897441
0.921760 0.897818
0.919765 0.897891
0.922440 0.899769
0.928157 0.897436
1.308251 0.905570
1.301636 0.905986
1.295000 0.906325
1.287747 0.906070
1.288385 0.906744
1.281492 0.906738
1.276982 0.907382
1.281764 0.907139
1.314265 0.904814
1.307619 0.905119
1.300970 0.905411
1.294004 0.905363
1.288883 0.905957
1.294351 0.905810
1.326899 0.903714
1.320260 0.904043
1.313592 0.904270
1.306957 0.904607
1.300258 0.904765
1.300024 0.904786
1.300276 0.904788
1.702261 0.893684
1.722674 0.895164
1.714769 0.892468
1.715790 0.894616
1.708513 0.893131
1.706006 0.893356
1.708847 0.893864
1.728545 0.893932
1.717111 0.892186
1.721514 0.892867
1.575657 0.928930
1.570438 0.931184
1.570802 0.931518
1.564150 0.933513
1.565089 0.935156
1.559381 0.938811
1.526505 0.943316
1.520258 0.943624
1.563525 0.933767
1.557859 0.936009
1.558417 0.937170
1.551579 0.937975
1.552368 0.939605
1.545297 0.940011
1.546418 0.942393
1.539022 0.941621
1.540208 0.944252
1.532756 0.942860
1.526926 0.943278
1.533541 0.944483
2.185807 0.862483
2.206316 0.863926
2.199355 0.863104
2.192054 0.862278
2.186980 0.862475
2.192471 0.862562
2.212346 0.863245
2.205501 0.862841
2.198306 0.861754
2.194727 0.862156
2.198613 0.862282
1.992195 0.916487
1.991402 0.917334
1.985955 0.921924
1.979754 0.923820
1.992714 0.918030
1.991397 0.919122
1.986007 0.923907
1.979675 0.925331
1.973305 0.926622
1.962799 0.925804
1.966663 0.926937
1.994378 0.919319
1.991486 0.921283
1.985866 0.925241
1.979568 0.926783
1.973092 0.927693
1.962629 0.927554
1.966615 0.928599
2.608260 0.855239
2.601691 0.855815
2.595099 0.856314
2.588473 0.856689
2.581461 0.856874
2.581853 0.857086
2.575208 0.857427
2.575048 0.857442
2.575218 0.857432
2.614290 0.854540
2.607694 0.855022
2.601117 0.855567
2.593967 0.855780
2.594512 0.856020
2.587714 0.856329
2.584805 0.856575
2.587890 0.856413
2.607127 0.854856
2.594824 0.855698
2.600527 0.855321
3.068151 0.837136
3.061484 0.837362
3.054827 0.837629
3.047871 0.837230
3.046314 0.837262
3.048024 0.837375
3.074445 0.837381
3.067765 0.837566
3.061057 0.837645
3.054110 0.837434
3.052633 0.837298
3.054279 0.837482
3.360269 0.846461
3.405795 0.840992
3.399270 0.841728
3.392741 0.842453
3.386192 0.843107
3.379057 0.843258
3.379624 0.843692
3.372798 0.844147
3.373082 0.844366
3.366536 0.845215
3.364308 0.845617
3.366609 0.845287
3.412016 0.840988
3.405423 0.841481
3.398830 0.841971
3.392209 0.842368
3.385312 0.842641
3.380509 0.843082
3.385581 0.842735
0.176581 0.929917
0.196831 0.930476
0.190015 0.930169
0.182828 0.929643
0.178135 0.929844
0.183244 0.930031
0.202931 0.930032
0.196100 0.929673
0.189078 0.929291
0.186055 0.929466
0.189326 0.929522
0.209160 0.930100
0.202255 0.929480
0.194043 0.929120
0.195441 0.929182
0.604841 0.893518
0.631551 0.892808
0.624737 0.892512
0.617363 0.891582
0.618029 0.892594
0.611105 0.892436
0.605647 0.893363
0.611371 0.892852
0.637490 0.891779
0.629874 0.890230
0.630637 0.891345
0.623621 0.890807
0.620565 0.891155
0.623846 0.891133
0.650370 0.891557
0.643503 0.891076
0.631121 0.890140
0.636625 0.890550
0.886855 0.891077
0.880007 0.890654
0.872770 0.889823
0.873289 0.890705
0.866510 0.890747
0.865074 0.890925
0.866639 0.890996
0.892687 0.889683
0.885283 0.888432
0.885867 0.889366
0.879027 0.889084
0.878427 0.889141
0.879081 0.889168
1.428029 0.900441
1.448147 0.900351
1.441350 0.900119
1.434283 0.899825
1.429220 0.900300
1.434667 0.900288
1.460780 0.899211
1.454065 0.899269
1.446793 0.898562
1.447363 0.899373
1.440537 0.899226
1.439406 0.899342
1.440627 0.899355
1.823441 0.892645
1.816808 0.892997
1.810276 0.893709
1.803803 0.894631
1.790608 0.897239
1.784351 0.898027
1.842490 0.890361
1.835965 0.891095
1.829406 0.891708
1.822824 0.892244
1.816309 0.893015
1.809850 0.893984
1.803120 0.895787
1.803398 0.894983
1.796866 0.896406
1.791808 0.897056
1.796977 0.896088
1.848404 0.889304
1.841822 0.889834
1.835302 0.890587
1.828789 0.891363
1.822297 0.892215
1.815875 0.893312
1.809386 0.894589
1.803413 0.895753
1.809512 0.894623
2.293002 0.859834
2.319480 0.859400
2.312702 0.859236
2.305496 0.859368
2.306055 0.859536
2.299247 0.859715
2.297460 0.859757
2.299368 0.859694
2.332171 0.858488
2.325497 0.858691
2.318730 0.858566
2.305544 0.859363
2.312057 0.858771
1.638636 0.881710
1.631666 0.880858
1.624963 0.880958
1.618641 0.882419
1.612517 0.884590
1.606278 0.886348
1.600137 0.888458
1.644963 0.882078
1.637958 0.881105
1.631223 0.881088
1.624917 0.882605
1.618720 0.884511
1.612171 0.886364
1.612350 0.885800
1.605912 0.887210
1.605988 0.887114
1.599619 0.889812
1.599861 0.889270
1.594266 0.893322
1.499232 0.915875
1.624959 0.884614
1.614428 0.886383
1.618591 0.885904
1.598910 0.890406
1.594317 0.895340
1.505482 0.915446
1.501315 0.915744
1.500410 0.920521
1.511732 0.915123
1.508651 0.915549
2.065974 0.867549
2.059477 0.868387
2.052998 0.869287
2.046535 0.870248
2.040101 0.871309
2.033628 0.872233
2.027000 0.872601
2.020442 0.874009
2.020491 0.873397
2.072145 0.867360
2.065662 0.868242
2.059231 0.869314
2.052829 0.870488
2.046421 0.871642
2.039962 0.872614
2.033407 0.873241
2.023079 0.874258
2.026773 0.873586
2.020420 0.875113
2.019799 0.875110
2.014603 0.878200
2.009453 0.883847
1.957661 0.892302
1.954340 0.892139
1.952134 0.895499
2.071900 0.868344
2.065499 0.869517
2.059127 0.870796
2.052745 0.872039
2.046310 0.873090
2.039855 0.874076
2.033452 0.875244
2.027096 0.876580
2.020884 0.878428
2.014775 0.880646
2.009078 0.884331
1.959544 0.892461
1.958129 0.894672
1.962436 0.893434
1.958786 0.898856
2.428548 0.864286
2.421829 0.864330
2.415082 0.864273
2.408117 0.864247
2.406226 0.863990
2.408315 0.864146
2.428220 0.864945
2.421446 0.864790
2.410824 0.864495
2.414706 0.864761
2.844860 0.858599
2.858726 0.860272
2.851107 0.858295
2.845907 0.858537
2.851785 0.859518
2.864781 0.859658
2.857354 0.858057
2.853747 0.858178
2.857841 0.858918
2.877735 0.859704
3.642946 0.872276
3.657080 0.874791
3.643093 0.872344
3.650136 0.874027
3.656654 0.875077
3.649155 0.873952
3.646031 0.873262
3.649665 0.874160
3.663071 0.875812
3.656161 0.875175
0.337235 0.927069
0.330608 0.927444
0.323981 0.927817
0.316792 0.927842
0.317423 0.928437
0.310534 0.928669
0.310872 0.929081
0.304272 0.929640
0.303566 0.929741
0.304312 0.929694
0.349826 0.925784
0.343088 0.925761
0.336420 0.925982
0.329859 0.926592
0.323051 0.926987
0.317988 0.927680
0.323287 0.927162
0.923483 0.902581
0.929724 0.902602
0.926588 0.902617
0.932949 0.902678
0.937652 0.907841
1.401240 0.900617
1.427920 0.900236
1.421197 0.900265
1.413752 0.899186
1.414437 0.900163
1.407496 0.899893
1.404350 0.900264
1.407697 0.900131
1.433839 0.899154
1.427029 0.898876
1.420004 0.898655
1.415681 0.899009
1.420328 0.898982
1.946319 0.874384
1.940059 0.875321
1.902398 0.885916
1.952564 0.874224
1.948133 0.874237
1.953627 0.876789
1.901701 0.886313
1.896109 0.888242
1.896418 0.888830
1.889831 0.890112
1.890480 0.891666
1.883559 0.891610
1.884281 0.893569
1.877296 0.892743
1.876231 0.892944
1.877487 0.893345
1.955072 0.874146
1.959766 0.876514
0.149789 0.930277
0.176408 0.929657
0.169672 0.929637
0.162966 0.929726
0.156043 0.929594
0.152951 0.929890
0.156236 0.929733
0.182504 0.929197
0.175723 0.929018
0.168547 0.928578
0.169015 0.929102
0.162293 0.929185
0.162037 0.929208
0.162312 0.929203
0.188536 0.928563
0.181791 0.928516
0.172235 0.928289
0.175006 0.928324
1.401025 0.900341
1.394337 0.900496
1.387694 0.900807
1.380691 0.900903
1.381085 0.901245
1.374433 0.901658
1.373597 0.901759
1.374482 0.901703
1.413586 0.898943
1.406885 0.899051
1.400203 0.899227
1.393211 0.899045
1.393535 0.899450
1.386949 0.900042
1.386275 0.900149
1.386982 0.900089
1.955990 0.884855
2.020380 0.874794
1.962231 0.884883
1.956896 0.884965
1.956249 0.886150
1.963603 0.884912
1.962531 0.886365
1.963404 0.891333
2.401445 0.863651
2.394649 0.863417
2.387602 0.862786
2.385766 0.862807
2.387796 0.862985
2.407853 0.864324
2.400940 0.863682
2.393839 0.863133
2.391580 0.862999
2.394140 0.863431
2.810097 0.854450
2.823773 0.855638
2.816340 0.854339
2.811770 0.854405
2.816813 0.854819
2.829940 0.855435
2.822583 0.854272
2.818755 0.854276
2.822973 0.854595
3.263946 0.838700
3.277695 0.840254
3.265148 0.838883
3.270797 0.839663
3.284149 0.841077
3.277293 0.840637
3.270159 0.840111
3.268542 0.839684
3.270354 0.839897
0.056602 0.936300
0.049979 0.936688
0.043366 0.937107
0.036271 0.936983
0.036727 0.937439
0.030017 0.937588
0.030048 0.937623
0.069202 0.935068
0.062524 0.935253
0.055875 0.935549
0.049262 0.935969
0.042527 0.936285
0.040289 0.936557
0.042667 0.936451
0.455409 0.914495
0.544911 0.897692
0.538485 0.898781
0.532134 0.900143
0.525732 0.901316
0.519243 0.902180
0.512719 0.902921
0.506240 0.903823
0.499846 0.905029
0.493500 0.906401
0.486747 0.907948
0.487148 0.907754
0.480477 0.909378
0.480827 0.909220
0.474209 0.910657
0.474479 0.910595
0.467941 0.911989
0.468145 0.912012
0.461675 0.913214
0.457601 0.914027
0.461758 0.913242
0.563589 0.894131
0.557072 0.894896
0.550576 0.895733
0.544174 0.896901
0.537766 0.898053
0.531359 0.899209
0.524937 0.900312
0.518506 0.901380
0.511820 0.902665
0.512103 0.902546
0.505552 0.903980
0.505731 0.903830
0.499284 0.905248
0.499379 0.905181
0.493015 0.906626
0.490167 0.907239
0.493050 0.906614
0.812930 0.891183
0.839531 0.890343
0.832754 0.890179
0.825450 0.889358
0.826069 0.890346
0.819191 0.890266
0.815592 0.890786
0.819412 0.890611
0.851956 0.888452
0.845121 0.888085
0.837971 0.887480
0.838430 0.888230
0.831711 0.888403
0.830522 0.888591
0.831783 0.888529
1.084275 0.898664
1.104553 0.899282
1.096788 0.897196
1.097699 0.898843
1.090531 0.897912
1.086345 0.898421
1.090916 0.898659
1.117288 0.898495
1.110377 0.897853
1.103044 0.896502
1.098039 0.897060
1.103513 0.897379
0.990118 0.925360
0.989346 0.925325
0.996347 0.926028
0.992129 0.926273
0.939918 0.939849
0.939895 0.939870
1.001025 0.925681
0.997665 0.931657
0.937905 0.942059
0.937840 0.943804
1.275132 0.907492
1.268446 0.907654
1.260952 0.906577
1.261771 0.907854
1.254695 0.907320
1.250250 0.907832
1.255084 0.908014
1.287667 0.905980
1.280924 0.905938
1.273465 0.905083
1.274270 0.906215
1.267208 0.905849
1.261961 0.906454
1.267617 0.906492
1.293504 0.904641
1.286781 0.904670
1.274217 0.904991
1.280124 0.904934
0.083620 0.934839
0.076968 0.935121
0.070376 0.935617
0.056823 0.936596
0.050563 0.937470
0.089553 0.933787
0.082899 0.934060
0.076311 0.934569
0.069334 0.935200
0.069769 0.935246
0.063079 0.935833
0.060178 0.936179
0.063219 0.935893
0.108553 0.931375
0.101982 0.931948
0.095464 0.932705
0.088902 0.933310
0.082332 0.933880
0.075592 0.934400
0.071366 0.934985
0.075785 0.934537
0.631638 0.892960
0.651892 0.893332
0.645112 0.893159
0.637890 0.892450
0.632471 0.892889
0.638370 0.893120
0.657985 0.892855
0.650391 0.891587
0.651204 0.892678
0.644141 0.892003
0.641768 0.892145
0.644382 0.892352
0.670767 0.892283
0.664040 0.892293
0.650596 0.891575
0.657243 0.892064
0.937679 0.907923
0.931438 0.907880
0.931337 0.907885
0.931508 0.908104
0.937738 0.907924
1.200480 0.905318
1.193661 0.905006
1.182003 0.906068
1.187023 0.905338
1.213386 0.905131
1.206560 0.904795
1.199785 0.904639
1.193088 0.906126
1.193188 0.905115
1.186835 0.906666
1.186412 0.906589
1.186856 0.906542
1.219414 0.904474
1.212506 0.903844
1.205861 0.904151
1.199348 0.905247
1.196369 0.905719
1.199381 0.905041
1.653010 0.884966
1.645275 0.882510
1.641787 0.882368
1.645833 0.883374
1.659133 0.884605
1.651515 0.882627
1.647569 0.882548
1.652054 0.883364
1.590475 0.897384
1.589237 0.899401
1.592492 0.898559
1.589885 0.903537
1.507171 0.922001
1.500921 0.922448
1.500378 0.922492
1.501380 0.923981
1.513422 0.921583
1.508933 0.921965
0.264575 0.932019
0.257915 0.932268
0.250657 0.931905
0.251319 0.932755
0.244398 0.932703
0.240922 0.933029
0.244675 0.933065
0.283526 0.929390
0.276846 0.929575
0.269442 0.928882
0.270267 0.930118
0.263181 0.929868
0.263732 0.930815
0.256918 0.930939
0.252751 0.931631
0.257151 0.931351
0.732357 0.892221
0.725623 0.892216
0.718267 0.891428
0.718894 0.892216
0.712015 0.891931
0.710776 0.892034
0.712112 0.892038
0.744953 0.890939
0.738212 0.890905
0.730780 0.889993
0.731523 0.891054
0.724523 0.890719
0.720547 0.891171
0.724812 0.891124
1.057342 0.898956
1.050911 0.900025
1.043196 0.898203
1.044457 0.901017
1.036930 0.899464
1.037937 0.901772
1.030663 0.900706
1.031307 0.902132
1.024396 0.901969
1.024668 0.902465
1.018124 0.903518
1.018311 0.903802
1.011856 0.904859
0.993005 0.911138
0.942810 0.924267
1.076206 0.896018
1.069475 0.896018
1.061994 0.894633
1.062820 0.896290
1.055726 0.895865
1.056220 0.896759
1.049461 0.897046
1.045051 0.897831
1.049665 0.897385
0.992984 0.912207
0.992388 0.911519
0.987973 0.917443
0.942252 0.924566
0.993573 0.912907
0.993028 0.913282
0.940361 0.926728
0.937671 0.931911
0.942727 0.928465
0.940846 0.928314
1.475328 0.901266
1.468432 0.900678
1.461076 0.899491
1.461559 0.900170
1.454817 0.900305
1.453738 0.900427
1.454913 0.900476
1.481411 0.900772
1.474403 0.899784
1.467327 0.899008
1.464591 0.899297
1.467557 0.899376
1.856635 0.890996
1.849834 0.890747
1.842497 0.890367
1.843303 0.891460
1.836237 0.891252
1.836619 0.891629
1.829978 0.892108
1.829024 0.892213
1.830034 0.892153
1.869247 0.889760
1.862595 0.890047
1.855740 0.889604
1.848755 0.889527
1.842625 0.890349
1.849062 0.889795
1.861661 0.888573
1.854307 0.889042
1.855057 0.889026
2.380887 0.862353
2.373341 0.860754
2.374025 0.861884
2.367089 0.861238
2.366696 0.861263
2.367129 0.861296
2.387059 0.862187
2.375597 0.860656
2.380090 0.861341
2.748541 0.850578
2.768746 0.851434
2.761954 0.851215
2.754784 0.850560
2.751505 0.850565
2.755106 0.850802
2.774936 0.851322
2.768127 0.851044
2.761027 0.850497
2.758198 0.850517
2.761302 0.850712
3.216365 0.837584
3.209720 0.837893
3.203198 0.838643
3.196786 0.839782
3.189797 0.840333
3.190363 0.840883
3.183539 0.841193
3.180256 0.841452
3.183811 0.841525
3.222758 0.838189
3.216072 0.838354
3.209351 0.838391
3.202314 0.838753
3.202694 0.838652
3.196060 0.839345
3.192944 0.839831
3.196179 0.839426
3.473459 0.842252
3.466570 0.841688
3.459467 0.840598
3.458550 0.840614
3.459557 0.840679
3.472943 0.842222
3.465704 0.840862
3.464089 0.840863
3.465891 0.841081
3.621878 0.869266
3.614421 0.868285
3.612036 0.867411
3.614806 0.868052
3.628530 0.870798
3.614705 0.868408
3.621502 0.869743
0.083643 0.934867
0.116469 0.931955
0.109877 0.932447
0.103273 0.932906
0.096711 0.933510
0.089898 0.934148
0.083953 0.934834
0.090186 0.934247
0.128914 0.930124
0.122305 0.930556
0.115714 0.931059
0.108676 0.931542
0.109189 0.931797
0.102415 0.932454
0.102682 0.932597
0.096155 0.933389
0.095674 0.933454
0.096176 0.933401
0.141449 0.928677
0.134768 0.928850
0.128174 0.929340
0.121605 0.929915
0.111252 0.931128
0.115065 0.930600
0.604802 0.893434
0.598323 0.894339
0.591828 0.895181
0.584287 0.894046
0.578021 0.895241
0.571758 0.896369
0.565492 0.897586
0.617129 0.891181
0.610450 0.891368
0.603083 0.890533
0.603869 0.891904
0.596817 0.891742
0.597379 0.892766
0.590552 0.892908
0.584941 0.893913
0.590847 0.893473
0.629747 0.890028
0.622944 0.889772
0.616191 0.889693
0.607213 0.889854
0.609477 0.889752
1.125310 0.901283
1.139233 0.902939
1.131561 0.900792
1.125376 0.901279
1.132342 0.902370
1.144068 0.899685
1.145150 0.901835
1.137815 0.900269
1.134744 0.900519
1.138190 0.901019
0.962115 0.947027
0.955843 0.948587
1.157871 0.901045
1.144830 0.899627
1.151028 0.900649
0.987189 0.941676
0.980928 0.942640
0.974652 0.944356
0.968385 0.945647
0.963486 0.946731
0.962173 0.947299
0.950806 0.950032
0.956013 0.949340
0.949564 0.950450
0.993424 0.942103
0.989094 0.941757
0.987359 0.942900
0.981510 0.946047
0.975781 0.949619
0.944406 0.953366
0.951018 0.957335
0.943251 0.954039
0.987942 0.946832
0.982333 0.950830
0.938748 0.956542
1.489578 0.904561
1.487400 0.904683
1.490525 0.907461
1.502080 0.903703
1.495826 0.904317
1.494761 0.904451
1.496153 0.905334
0.455354 0.914411
0.448904 0.915417
0.442353 0.916062
0.435871 0.916950
0.422309 0.918076
0.416044 0.919274
0.409778 0.920502
0.486689 0.907933
0.480355 0.909352
0.473972 0.910592
0.467576 0.911787
0.461140 0.912838
0.454634 0.913642
0.447370 0.913398
0.448122 0.914422
0.441103 0.914643
0.441614 0.915218
0.434838 0.915847
0.435141 0.916140
0.428573 0.916982
0.425931 0.917429
0.428670 0.917071
0.466696 0.910504
0.460230 0.911448
0.450260 0.912831
0.453733 0.912284
0.839725 0.890708
0.859824 0.890696
0.852243 0.889002
0.853010 0.890400
0.845985 0.889814
0.842195 0.890371
0.846281 0.890408
0.872286 0.888944
0.864758 0.887504
0.865544 0.888904
0.858499 0.888288
0.855202 0.888677
0.858802 0.888863
1.104797 0.899741
1.125302 0.901269
1.117305 0.898528
1.118385 0.900600
1.111050 0.899186
1.106973 0.899560
1.111516 0.900111
1.131193 0.900071
1.123558 0.897987
1.117447 0.898516
1.124265 0.899369
0.991791 0.932684
0.985534 0.933468
0.979262 0.935003
0.947878 0.943810
1.143974 0.899498
1.137028 0.898736
0.992404 0.932702
0.991933 0.933385
0.986531 0.938128
0.980479 0.940552
0.973980 0.941384
0.968069 0.944313
0.946286 0.944699
0.949339 0.949544
0.941566 0.947309
0.998020 0.933329
0.996986 0.933217
0.992813 0.938351
0.939971 0.948018
0.942449 0.950778
0.936554 0.950623
2.809947 0.854341
2.803063 0.853792
2.795826 0.852834
2.792850 0.852821
2.796131 0.853076
2.816125 0.854179
2.809254 0.853682
2.802068 0.852828
2.799451 0.852793
2.802333 0.853007
3.701581 0.891954
3.700340 0.891647
3.701846 0.892222
3.703130 0.892618
3.709333 0.896735
0.035950 0.936503
0.029194 0.936412
0.544945 0.897750
0.538678 0.899039
0.532408 0.900423
0.526140 0.901735
0.584258 0.893980
0.577630 0.894348
0.570963 0.894583
0.563737 0.894356
0.564393 0.895155
0.557473 0.895485
0.557912 0.896047
0.551209 0.896589
0.545862 0.897570
0.551385 0.896779
0.602842 0.890096
0.596325 0.890858
0.589810 0.891629
0.583301 0.892416
0.576758 0.893087
0.569999 0.893370
0.566495 0.893924
0.570168 0.893591
0.939386 0.913516
0.935745 0.913243
1.016235 0.900042
1.010085 0.902110
0.940766 0.913630
1.221306 0.907581
1.213642 0.905596
1.214474 0.907219
1.207392 0.906041
1.207083 0.906049
1.207437 0.906125
1.233927 0.906371
1.227201 0.906388
1.219891 0.905238
1.215995 0.905401
1.220376 0.906056
1.246517 0.905107
1.239776 0.905075
1.233043 0.905068
1.226143 0.904730
1.224778 0.904839
1.226297 0.905013
1.667385 0.888228
1.659521 0.885306
1.654992 0.885439
1.660228 0.886704
1.673465 0.887705
1.665767 0.885114
1.662439 0.885180
1.666255 0.885996
1.587140 0.904757
1.585651 0.910639
1.679532 0.887188
1.669713 0.885020
1.672334 0.885529
1.590437 0.906705
1.588704 0.906035
1.508879 0.927537
1.505241 0.927732
1.591402 0.910795
1.515114 0.927933
1.510783 0.927978
2.105423 0.863870
2.131900 0.862595
2.125238 0.862845
2.117935 0.862434
2.118553 0.863010
2.111680 0.863125
2.107470 0.863642
2.111910 0.863327
2.144582 0.861635
2.137905 0.861828
2.131188 0.861877
2.124193 0.861664
2.119169 0.862292
2.124489 0.861991
2.005693 0.891790
2.005345 0.893215
2.007456 0.893010
2.006014 0.897404
1.951701 0.907503
2.009282 0.894259
1.952630 0.908954
2.428660 0.864285
2.455082 0.862892
2.448493 0.863401
2.441968 0.864136
2.429938 0.864326
2.435367 0.864600
2.467854 0.862262
2.461253 0.862725
2.454606 0.863025
2.448135 0.863953
2.441684 0.864950
2.434882 0.865344
2.433620 0.865070
2.434998 0.865114
0.149549 0.929890
0.142903 0.930196
0.136271 0.930549
0.129238 0.930608
0.129670 0.931017
0.122979 0.931471
0.120492 0.931831
0.123098 0.931587
0.155518 0.928980
0.148845 0.929187
0.141752 0.929096
0.142179 0.929421
0.135497 0.929741
0.134431 0.929882
0.135550 0.929785
0.168181 0.927992
0.161482 0.928105
0.154798 0.928268
0.145407 0.928759
0.148166 0.928625
0.678745 0.893076
0.672067 0.893264
0.665404 0.893510
0.658417 0.893311
0.655273 0.893462
0.658676 0.893519
0.691425 0.892085
0.684792 0.892435
0.678158 0.892784
0.670917 0.892443
0.671469 0.892933
0.664666 0.892917
0.663530 0.892988
0.664758 0.893002
0.697368 0.891130
0.690770 0.891601
0.684176 0.892090
0.672773 0.892311
0.677516 0.892347
0.901287 0.894255
0.907536 0.893873
0.902520 0.894197
0.908430 0.896006
0.913782 0.893657
0.910494 0.893803
0.914472 0.895355
0.927959 0.897296
1.341367 0.903628
1.367857 0.902085
1.361225 0.902438
1.354583 0.902758
1.347621 0.903025
1.341442 0.903620
1.347961 0.903151
1.380400 0.900616
1.373790 0.901049
1.367171 0.901449
1.360132 0.901691
1.360562 0.901887
1.353876 0.902338
1.352020 0.902549
1.353971 0.902386
1.745003 0.901973
1.790582 0.897292
1.784198 0.898526
1.777813 0.899762
1.771375 0.900810
1.763777 0.899491
1.764831 0.901479
1.757516 0.900446
1.758082 0.901413
1.751261 0.901126
1.751065 0.901147
1.751281 0.901164
1.803112 0.895805
1.796669 0.896830
1.790214 0.897811
1.783711 0.898625
1.777139 0.899189
1.770034 0.898781
1.764325 0.899403
1.770455 0.899359
2.502764 0.864862
2.496505 0.865743
2.548299 0.859253
2.541722 0.859802
2.535206 0.860569
2.528740 0.861517
2.522326 0.862645
2.515286 0.862910
2.515879 0.863663
2.509025 0.863874
2.503078 0.864817
2.509347 0.864371
2.554312 0.858536
2.547761 0.859177
2.541208 0.859809
2.534721 0.860681
2.528243 0.861581
2.521547 0.862008
2.519228 0.862327
2.521680 0.862182
3.000566 0.836021
3.020715 0.836002
3.013984 0.836005
3.006817 0.835545
3.001433 0.835926
3.007205 0.835832
3.026893 0.835837
3.020098 0.835608
3.013065 0.835239
3.009956 0.835391
3.013317 0.835433
3.510172 0.853771
3.530316 0.854789
3.522664 0.853339
3.523514 0.854535
3.516420 0.853460
3.515359 0.853532
3.516567 0.853769
3.536710 0.855431
3.522707 0.853340
3.529777 0.854711
3.672881 0.877609
3.678944 0.880758
3.677671 0.878349
3.676805 0.878262
3.677944 0.878984
3.681694 0.878713
3.684661 0.880785
0.370415 0.925230
0.364156 0.926125
0.422164 0.917876
0.415661 0.918684
0.409150 0.919472
0.402680 0.920404
0.396260 0.921517
0.389206 0.921940
0.389840 0.922627
0.382940 0.923154
0.383418 0.923732
0.376677 0.924166
0.371733 0.925018
0.376872 0.924393
0.447275 0.913255
0.440828 0.914263
0.434386 0.915296
0.427917 0.916229
0.421425 0.917079
0.414951 0.917995
0.408479 0.918918
0.401736 0.919580
0.402010 0.919854
0.395471 0.920771
0.392487 0.921327
0.395561 0.920860
0.786132 0.891834
0.812765 0.890911
0.806087 0.891100
0.798649 0.890187
0.799408 0.891285
0.792389 0.891038
0.787049 0.891706
0.792729 0.891474
0.825132 0.888816
0.818468 0.889055
0.811169 0.888346
0.811825 0.889369
0.804909 0.889271
0.800304 0.889943
0.805187 0.889702
1.248301 0.907831
1.241600 0.907937
1.234163 0.906726
1.234855 0.907888
1.227906 0.907468
1.225813 0.907683
1.228107 0.907829
1.260879 0.906466
1.254137 0.906429
1.246674 0.905351
1.247417 0.906470
1.240418 0.906059
1.237210 0.906386
1.240708 0.906549
1.273411 0.904998
1.266693 0.905045
1.259996 0.905166
1.248704 0.905121
1.253286 0.905243
1.667519 0.888478
1.681648 0.891087
1.673763 0.888289
1.668361 0.888469
1.674558 0.889807
1.687656 0.890301
1.680011 0.888052
1.675817 0.888202
1.680590 0.889109
1.585905 0.912157
1.585282 0.911750
1.693580 0.889272
1.683918 0.887821
1.686571 0.888283
1.587217 0.912919
1.586404 0.915125
1.510593 0.932872
1.510423 0.932891
1.510636 0.933001
1.590785 0.913709
1.587272 0.920054
1.516827 0.933225
1.516189 0.933069
1.520023 0.933797
1.524517 0.938143
2.158585 0.861739
2.151873 0.861808
2.144734 0.861741
2.145185 0.861965
2.138482 0.862291
2.137254 0.862399
2.138559 0.862336
2.171451 0.861435
2.164710 0.861402
2.157934 0.861241
2.150989 0.861103
2.147144 0.861523
2.151229 0.861335
2.004362 0.898647
2.006648 0.900361
2.005303 0.900068
2.001845 0.906550
1.952506 0.913800
2.009203 0.900765
2.007323 0.903907
1.952418 0.915504
1.951891 0.917365
2.568634 0.857960
2.562043 0.858459
2.548386 0.859248
2.542136 0.859739
2.581274 0.856821
2.574680 0.857311
2.568096 0.857834
2.561516 0.858374
2.554640 0.858658
2.550039 0.859110
2.554908 0.858813
2.593920 0.855767
2.587320 0.856229
2.580726 0.856718
2.574124 0.857178
2.567514 0.857607
2.560895 0.858062
2.560599 0.858086
2.560912 0.858068
3.041271 0.837295
3.034455 0.836993
3.027353 0.835926
3.026349 0.835949
3.027490 0.836157
3.047472 0.837208
3.040641 0.836856
3.033596 0.835888
3.033049 0.835889
3.033675 0.836019
3.333093 0.845791
3.320417 0.844024
3.326163 0.845080
3.339342 0.845872
3.332506 0.845496
3.325462 0.844463
3.325237 0.844447
3.325493 0.844489
3.352155 0.845410
3.345453 0.845515
3.338653 0.845266
3.331272 0.844606
3.331751 0.844660
0.297589 0.929723
0.290966 0.930108
0.283725 0.929793
0.284387 0.930650
0.277464 0.930794
0.277846 0.931332
0.271202 0.931813
0.269747 0.932034
0.271279 0.931919
0.316710 0.927710
0.309982 0.927719
0.303334 0.928018
0.296246 0.927928
0.296739 0.928504
0.289987 0.928841
0.286382 0.929392
0.290164 0.929061
0.732547 0.892513
0.759248 0.892104
0.752582 0.892334
0.745058 0.891130
0.745866 0.892385
0.738803 0.891838
0.734961 0.892247
0.739102 0.892272
0.771831 0.890771
0.765122 0.890851
0.758409 0.890916
0.751314 0.890455
0.746394 0.890953
0.751700 0.890993
1.057478 0.899264
1.084085 0.898302
1.076264 0.896136
1.077298 0.898105
1.070005 0.897009
1.070535 0.897990
1.063745 0.897952
1.061065 0.898491
1.063846 0.898139
1.096663 0.896955
1.089775 0.896399
1.082524 0.895292
1.076987 0.896032
1.082938 0.896021
0.988416 0.919447
0.987892 0.919195
0.938213 0.933000
0.994643 0.920260
0.990213 0.920273
0.938165 0.935420
0.936612 0.934204
0.939878 0.939789
0.997946 0.919995
0.938254 0.935476
0.938231 0.935741
1.308300 0.905608
1.341364 0.903626
1.334770 0.904118
1.328155 0.904538
1.321482 0.904743
1.314555 0.904966
1.309218 0.905499
1.314859 0.905129
1.347392 0.902929
1.340789 0.903387
1.334140 0.903677
1.327062 0.903782
1.327489 0.903963
1.320809 0.904351
1.319658 0.904459
1.320876 0.904384
1.346733 0.902436
1.340110 0.902823
1.330012 0.903497
1.333501 0.903258
1.730757 0.899149
1.743265 0.897891
1.744479 0.900912
1.737013 0.898376
1.736591 0.898407
1.737097 0.898589
1.763743 0.899427
1.757077 0.899658
1.749523 0.897146
1.746997 0.897409
1.749978 0.898350
2.226853 0.864626
2.253415 0.863858
2.246773 0.864173
2.240126 0.864476
2.233091 0.864836
2.228344 0.864725
2.233447 0.864660
2.259799 0.864439
2.253159 0.864763
2.246476 0.864937
2.234145 0.864909
2.239790 0.865097
2.789282 0.852656
2.782421 0.852193
2.775306 0.851628
2.772403 0.851635
2.775586 0.851821
2.795487 0.852594
2.788640 0.852182
2.781549 0.851610
2.778980 0.851615
2.781803 0.851805
3.243424 0.837591
3.263837 0.838846
3.257086 0.838772
3.244363 0.837784
3.250235 0.838347
3.263556 0.839654
3.256752 0.839398
3.249626 0.839577
3.247210 0.838729
3.249886 0.838913
3.489283 0.845632
3.495315 0.848186
3.502051 0.850010
3.494190 0.846790
3.492521 0.846470
3.494576 0.847355
3.501373 0.849441
1.856781 0.891296
1.946145 0.874114
1.939699 0.875130
1.933388 0.876629
1.927003 0.877865
1.920675 0.879303
1.914491 0.881258
1.908408 0.883571
1.902361 0.886017
1.869293 0.889798
1.870562 0.892654
1.863041 0.890320
1.859484 0.890793
1.863504 0.891486
1.952279 0.873825
1.945537 0.873782
1.939339 0.875681
1.933052 0.877265
1.926662 0.878482
1.920338 0.879930
1.914095 0.881670
1.907836 0.883351
1.901562 0.884981
1.894360 0.884823
1.895303 0.886662
1.888091 0.886213
1.889012 0.888231
1.881822 0.887529
1.882578 0.889294
1.875557 0.888701
1.870132 0.889700
1.875971 0.889738
2.346574 0.859803
2.360196 0.860575
2.352825 0.859325
2.347527 0.859745
2.353263 0.859855
2.373037 0.860194
2.366202 0.859826
2.359076 0.858889
2.356616 0.859091
2.359292 0.859187
2.727775 0.849346
2.720998 0.849189
2.713729 0.848881
2.714260 0.849162
2.707485 0.849053
2.707275 0.849060
2.707502 0.849066
2.734007 0.849389
2.727244 0.849277
2.714521 0.848870
2.720449 0.849047
3.177051 0.841421
3.170169 0.840885
3.163022 0.839847
3.162014 0.839690
3.163157 0.839877
3.189676 0.840235
3.183129 0.840896
3.176527 0.841357
3.169249 0.840582
3.165991 0.840335
3.169671 0.840909
3.530702 0.854483
3.551024 0.856625
3.544161 0.856153
3.536934 0.854957
3.535656 0.854757
3.537109 0.855010
3.550745 0.857471
3.539379 0.855503
3.543711 0.856392
3.685640 0.882931
3.684516 0.882757
3.685982 0.883648
3.688393 0.883462
3.693004 0.886522
1.954310 0.877897
1.960538 0.878565
1.956748 0.878499
1.963298 0.878501
2.292728 0.860023
2.286153 0.860577
2.279633 0.861332
2.273132 0.862152
2.266596 0.862853
2.259894 0.863893
2.258188 0.863467
2.259996 0.863317
2.305493 0.859368
2.298911 0.859894
2.292385 0.860627
2.285924 0.861591
2.279474 0.862590
2.272989 0.863469
2.261447 0.864314
2.266395 0.863959
2.700766 0.849051
2.694101 0.849286
2.686935 0.849297
2.687452 0.849579
2.680685 0.849712
2.679438 0.849797
2.680781 0.849792
2.713659 0.848839
2.706913 0.848785
2.700250 0.849030
2.693185 0.848981
2.688008 0.849260
2.693593 0.849293
3.128272 0.835017
3.142191 0.837121
3.129424 0.835156
3.135235 0.836314
3.148616 0.837839
3.141661 0.837038
3.134502 0.835619
3.134231 0.835593
3.134549 0.835680
3.452793 0.840563
3.446044 0.840500
3.438936 0.839945
3.435911 0.839998
3.439186 0.840046
3.459003 0.840518
3.452241 0.840411
3.445180 0.839872
3.442623 0.839943
3.445403 0.840028
3.593448 0.863893
3.585938 0.862200
3.584399 0.861590
3.586234 0.862170
3.600106 0.865458
3.586830 0.862659
3.593101 0.864482
3.760278 0.908590
3.753347 0.907875
3.742255 0.906772
3.746454 0.907299
3.753441 0.910009
3.742827 0.908290
3.746377 0.908819
3.753273 0.911244
3.744478 0.909574
3.746156 0.909872
1.688011 0.891042
1.682488 0.891302
1.701785 0.892682
1.694263 0.890577
1.690812 0.890805
1.694775 0.891687
1.714516 0.891918
1.707554 0.891096
1.700515 0.890065
1.700185 0.890089
1.700560 0.890162
1.583501 0.920385
1.581728 0.922461
1.576613 0.928231
1.515014 0.938207
1.586444 0.921323
1.581256 0.923530
1.581784 0.924486
1.575856 0.927349
1.569985 0.930412
1.564087 0.933386
1.524775 0.938868
1.526397 0.943011
1.518528 0.939100
1.517884 0.939128
1.518731 0.939673
1.563024 0.931456
1.557128 0.934426
1.551096 0.936914
1.545100 0.939531
1.538726 0.940805
1.525461 0.938872
1.532156 0.941377
2.206322 0.863929
2.226735 0.864731
2.219876 0.864276
2.212573 0.863510
2.206398 0.863928
2.213091 0.864083
2.232987 0.864841
2.226096 0.864273
2.218820 0.863268
2.214843 0.863427
2.219189 0.863644
2.608280 0.855236
2.641128 0.852420
2.634571 0.853043
2.627991 0.853582
2.621437 0.854215
2.614533 0.854612
2.608634 0.855208
2.614860 0.854765
2.653721 0.851129
2.647121 0.851595
2.640528 0.852089
2.633970 0.852709
2.627044 0.853315
2.627423 0.853363
2.620788 0.853963
2.619327 0.854105
2.620867 0.853991
3.107453 0.833256
3.100805 0.833552
3.094285 0.834307
3.087784 0.835132
3.081279 0.835940
3.074667 0.836760
3.073381 0.836725
3.074749 0.836658
3.113831 0.833813
3.107278 0.834448
3.100736 0.835125
3.094159 0.835672
3.087508 0.835961
3.080901 0.837120
3.079249 0.836881
3.081003 0.836764
3.360181 0.846369
3.353658 0.847114
3.346955 0.847219
3.339732 0.846103
3.337557 0.846072
3.340020 0.846487
3.379000 0.843271
3.372534 0.844217
3.366071 0.845175
3.359558 0.845949
3.352229 0.845471
3.352954 0.846403
3.345977 0.845923
3.344353 0.845978
3.346160 0.846180
3.353632 0.845294
3.358831 0.845212
3.579243 0.861244
3.571680 0.859959
3.569113 0.859062
3.572187 0.860084
3.585830 0.862561
3.571908 0.860041
3.578915 0.861905
3.760279 0.908591
3.760278 0.908591
3.767670 0.912740
3.757876 0.910880
3.760543 0.911331
3.774403 0.914582
3.767326 0.913350
3.759077 0.912275
3.760341 0.912446
2.319793 0.859588
2.346487 0.859696
2.339646 0.859302
2.332296 0.858624
2.332852 0.859080
2.326041 0.859289
2.323678 0.859443
2.326221 0.859434
2.352440 0.858755
2.345707 0.858751
2.338554 0.857850
2.333991 0.858472
2.338837 0.858253
2.728018 0.849557
2.748240 0.850317
2.741456 0.850128
2.734260 0.849585
2.730460 0.849535
2.734628 0.849785
2.754428 0.850198
2.747670 0.850103
2.740502 0.849568
2.736794 0.849581
2.740847 0.849779
3.243341 0.837766
3.236652 0.837917
3.229893 0.837817
3.222874 0.837866
3.220524 0.837480
3.223083 0.837537
3.243110 0.838753
3.236366 0.838712
3.224301 0.838183
3.229543 0.838382
3.487782 0.845322
3.475671 0.842667
3.480679 0.843994
3.487319 0.845481
3.479957 0.843315
3.479745 0.843292
3.479993 0.843358
3.607712 0.866755
3.600180 0.865203
3.598495 0.864428
3.600484 0.864980
3.614383 0.868360
3.600789 0.865528
3.607289 0.867066
3.774464 0.914455
3.772528 0.913573
2.105304 0.863772
2.098672 0.864128
2.092087 0.864650
2.085549 0.865339
2.079032 0.866101
2.072332 0.867081
2.068519 0.867271
2.072510 0.866853
2.117861 0.862360
2.111234 0.862731
2.104640 0.863221
2.098118 0.863967
2.091632 0.864842
2.084834 0.866153
2.085145 0.865710
2.078580 0.866743
2.076782 0.866803
2.078662 0.866596
2.008974 0.884429
1.953076 0.900412
2.007150 0.886593
1.953735 0.900470
1.953352 0.901644
1.956680 0.901413
1.954055 0.905978
2.481781 0.862084
2.475153 0.862456
2.467967 0.862392
2.468559 0.862944
2.461722 0.862594
2.461611 0.862594
2.461729 0.862591
2.494620 0.861698
2.487834 0.861501
2.481070 0.861385
2.474227 0.861533
2.469959 0.862131
2.474457 0.861806
3.000531 0.836035
2.994077 0.837026
2.987685 0.838241
2.981298 0.839472
2.974898 0.840651
2.879625 0.862627
3.006671 0.835738
3.000200 0.836662
2.993798 0.837835
2.987421 0.839099
2.981044 0.840363
2.974666 0.841624
2.968290 0.842893
2.961917 0.844167
2.955566 0.845526
2.949245 0.846988
2.942954 0.848561
2.936670 0.850155
2.930365 0.851681
2.924073 0.853249
2.917800 0.854883
2.911541 0.856573
2.905263 0.858188
2.898980 0.859793
2.892143 0.860901
2.892718 0.861470
2.885884 0.861784
2.880948 0.862436
2.886293 0.862563
2.993509 0.838661
2.987124 0.839894
2.980731 0.841096
2.974339 0.842304
2.967960 0.843560
2.961616 0.844938
2.955308 0.846443
2.949041 0.848098
2.942801 0.849847
2.936584 0.851675
2.930347 0.853439
2.924059 0.855015
2.917721 0.856419
2.910930 0.857796
2.911355 0.857719
2.904668 0.858844
2.904966 0.858939
2.898405 0.859897
2.895162 0.860414
2.898529 0.859989
3.319111 0.843935
3.312246 0.843456
3.304957 0.842495
3.302454 0.842190
3.305287 0.842641
3.318666 0.844151
3.311185 0.843222
3.306908 0.842711
3.311729 0.843415
3.324999 0.844588
3.318139 0.844130
3.502183 0.850139
3.499090 0.849590
3.502961 0.850255
3.509616 0.852981
3.522660 0.853336
3.515745 0.852681
3.507395 0.850825
3.508644 0.851366
3.671351 0.877676
3.658329 0.874887
3.664376 0.876806
3.670981 0.878159
3.663422 0.875674
3.662322 0.875527
3.663679 0.876125
3.677307 0.878564
3.666653 0.876128
3.670342 0.877733
2.879580 0.862630
2.872879 0.862735
2.865368 0.860390
2.863346 0.860507
2.865784 0.861437
2.892084 0.861011
2.885594 0.861870
2.877863 0.859807
2.878837 0.861778
2.871616 0.860084
2.871391 0.860092
2.871663 0.860200
2.898130 0.860425
2.891603 0.861150
2.879398 0.859741
2.884838 0.861029
3.298386 0.842033
3.291543 0.841635
3.284450 0.840643
3.283813 0.840533
3.284537 0.840655
3.304781 0.842645
3.297974 0.842373
3.290671 0.841752
3.287646 0.841218
3.291060 0.841723
3.709544 0.896877
3.708382 0.896061
3.709846 0.896750
3.709998 0.897328
3.717483 0.901793
3.716869 0.901460
2.674100 0.849975
2.667467 0.850325
2.660865 0.850790
2.653872 0.851136
2.654276 0.851295
2.647616 0.851790
2.646100 0.851965
2.647701 0.851854
2.686854 0.849266
2.680184 0.849481
2.673557 0.849857
2.666956 0.850317
2.660124 0.850640
2.656436 0.850963
2.660359 0.850798
3.128144 0.835033
3.121143 0.834070
3.114003 0.833341
3.112173 0.833138
3.114150 0.833133
3.127573 0.834810
3.116086 0.833811
3.120630 0.834054
3.405890 0.840920
3.432479 0.840135
3.425865 0.840551
3.419187 0.840743
3.412133 0.840844
3.407602 0.840857
3.412465 0.840776
3.438673 0.840037
3.432038 0.840378
3.425353 0.840542
3.418381 0.840580
3.414397 0.840778
3.418640 0.840609
3.739435 0.906271
3.727884 0.904003
3.732398 0.905178
3.739321 0.907662
3.728588 0.905491
3.732274 0.906531
3.738992 0.908329
3.730781 0.906640
3.731867 0.906927
3.642925 0.872318
3.635977 0.871542
3.628677 0.870628
3.626767 0.870085
3.628973 0.870567
3.642560 0.872826
3.629806 0.870981
3.635604 0.872023
3.551211 0.856215
3.565074 0.858724
3.553279 0.856677
3.558082 0.857790
3.571656 0.860025
3.564762 0.859443
3.556151 0.857640
3.557633 0.858029
3.693607 0.887639
3.692054 0.887299
3.694072 0.888498
3.695816 0.888025
3.700994 0.891007
