0.326703 0.937208
0.319792 0.936652
0.307419 0.936437
0.313041 0.936616
0.306322 0.936210
0.320385 0.935533
0.313590 0.935350
0.301066 0.934800
0.306837 0.935309
0.300015 0.934661
0.293719 0.934124
0.307628 0.934878
0.300775 0.934503
0.291253 0.934041
0.293940 0.934190
0.485331 0.977398
0.491571 0.972757
0.490030 0.975642
0.482600 0.977424
0.485774 0.978225
0.491730 0.972119
0.491607 0.972294
0.481415 0.974602
0.485413 0.974066
0.704806 0.913474
0.698517 0.913700
0.718865 0.913558
0.712192 0.913770
0.705457 0.913781
0.696025 0.913711
0.698728 0.913816
0.692227 0.913647
0.685938 0.913799
0.706379 0.913761
0.699703 0.913968
0.692926 0.913843
0.682449 0.913843
0.686201 0.913888
0.679648 0.913861
1.058757 0.901295
1.046817 0.900469
1.051954 0.901089
1.045141 0.900392
1.038850 0.900436
1.046265 0.901445
1.033928 0.900394
1.039359 0.900902
1.032560 0.900373
1.026272 0.900582
1.019983 0.900738
1.291485 0.909883
1.297362 0.913182
1.289717 0.909185
1.297652 0.911080
1.286885 0.907815
1.290316 0.909149
1.283468 0.905507
1.290695 0.907375
1.283387 0.905464
1.533708 0.888243
1.529453 0.887850
1.527408 0.887344
1.521515 0.886612
1.528820 0.889857
1.521109 0.886528
1.874041 0.874996
1.867755 0.875392
1.861472 0.876043
1.894206 0.872833
1.887576 0.873185
1.881192 0.874334
1.874670 0.875037
1.868091 0.875554
1.860774 0.876105
1.861508 0.876061
1.855185 0.876344
1.848892 0.876140
1.875424 0.874472
1.868845 0.874991
1.862194 0.875279
1.855594 0.875730
1.847685 0.876130
1.848952 0.876046
2.191431 0.850323
2.180000 0.849581
2.184549 0.849862
2.177876 0.849644
2.171590 0.850034
2.179127 0.851084
2.165795 0.849829
2.172315 0.850847
2.165297 0.849816
2.159011 0.850238
2.450960 0.864762
2.464946 0.866130
2.458046 0.865609
2.450099 0.864683
2.451053 0.864788
2.444666 0.864411
2.458870 0.865260
2.452078 0.865087
2.440061 0.863951
2.445183 0.864581
2.438369 0.863804
2.793028 0.860445
2.813313 0.859470
2.806703 0.859889
2.800030 0.860102
2.789928 0.859948
2.793298 0.860124
2.786728 0.859478
2.807147 0.858298
2.800501 0.858598
2.793854 0.858893
2.781854 0.858739
2.787142 0.858982
2.780427 0.858563
3.116264 0.859631
3.123621 0.860482
3.112897 0.859245
3.116701 0.859899
3.109965 0.858922
3.117557 0.859659
3.104000 0.858247
3.110673 0.859189
3.103667 0.858212
3.360774 0.867681
3.354292 0.868510
3.347756 0.869166
3.341186 0.869709
3.329854 0.869396
3.334515 0.869930
3.327752 0.868588
3.354384 0.865783
3.347885 0.866560
3.341364 0.867268
3.334803 0.867845
3.324511 0.867540
3.328081 0.867899
3.321439 0.866592
0.209346 0.925146
0.197015 0.924352
0.202525 0.924884
0.195713 0.924200
0.189415 0.923433
0.203611 0.925358
0.196561 0.924352
0.188285 0.923286
0.189547 0.923461
0.183118 0.922797
0.179168 0.922363
0.183589 0.922997
0.472240 0.954643
0.478492 0.951152
0.477519 0.951904
0.478810 0.952676
0.466336 0.954579
0.465947 0.954397
0.490981 0.942618
0.484734 0.946548
0.483564 0.947308
0.485389 0.949129
0.463754 0.952061
0.597633 0.916145
0.591352 0.917055
0.585070 0.917852
0.578790 0.918802
0.572512 0.919845
0.497233 0.938996
0.491723 0.942229
0.617908 0.913971
0.611360 0.914589
0.604898 0.915481
0.598435 0.916376
0.591916 0.917088
0.585401 0.917812
0.578968 0.918801
0.570158 0.920274
0.572553 0.919852
0.566233 0.921007
0.559955 0.922105
0.553677 0.923266
0.547399 0.924450
0.541120 0.925589
0.586513 0.918420
1.104858 0.925683
1.098532 0.927015
1.092285 0.928602
1.086187 0.930665
1.080345 0.933563
1.104577 0.921724
1.097574 0.919529
1.097871 0.921832
1.091298 0.920835
1.091601 0.923348
1.085009 0.920979
1.085612 0.925774
1.079799 0.928769
1.074095 0.932123
1.181062 0.897803
1.179117 0.898003
1.172834 0.898695
1.166554 0.899590
1.160275 0.900640
1.153995 0.901677
1.147718 0.902846
1.135168 0.905722
1.128895 0.907436
1.110081 0.912629
1.103829 0.916207
1.103093 0.916463
1.104135 0.917274
1.084697 0.920881
1.079747 0.925606
1.199580 0.896005
1.192982 0.896456
1.186423 0.897039
1.179904 0.897752
1.173402 0.898520
1.166963 0.899492
1.160570 0.900610
1.154169 0.901706
1.143957 0.903531
1.147800 0.902905
1.141439 0.903957
1.137476 0.905087
1.135204 0.905762
1.124969 0.908093
1.129053 0.907669
1.122617 0.908486
1.116341 0.909880
1.113977 0.910737
1.174321 0.898503
1.522194 0.883701
1.526797 0.886329
1.519435 0.883338
1.513142 0.883074
1.521026 0.886434
1.511464 0.883116
1.513411 0.883596
1.506848 0.882674
1.933902 0.872181
1.927618 0.872740
1.935144 0.874465
1.924530 0.872628
1.928266 0.874016
1.921325 0.872443
1.915045 0.873451
1.908756 0.873585
1.922989 0.875749
1.916021 0.875002
1.907975 0.873473
1.908889 0.873729
0.037245 0.964121
0.043481 0.959124
0.039196 0.962538
0.035109 0.963517
0.037389 0.963512
0.049726 0.954840
0.044337 0.958175
0.043559 0.958658
0.033738 0.960722
0.037383 0.960488
0.195523 0.924034
0.183772 0.921638
0.188321 0.922541
0.181463 0.921389
0.175167 0.920901
0.182383 0.922085
0.174034 0.920801
0.175316 0.921023
0.168870 0.920185
0.176461 0.921734
0.165262 0.919785
0.169329 0.920457
0.476773 0.943679
0.470523 0.947386
0.470690 0.948223
0.464239 0.948025
0.483024 0.940018
0.478451 0.942634
0.460252 0.946993
0.457933 0.946519
0.451639 0.946225
0.584380 0.917561
0.577897 0.918387
0.571404 0.919179
0.560642 0.919815
0.564832 0.919721
0.558293 0.920033
0.552013 0.920889
0.545731 0.921725
0.539450 0.922595
0.533168 0.923393
0.520621 0.926574
0.514355 0.928775
0.508086 0.930718
0.501814 0.932419
0.495543 0.934175
0.489280 0.936832
0.489067 0.936952
0.489654 0.938107
0.450705 0.946172
0.451779 0.946411
0.566140 0.920908
0.559667 0.921769
0.553199 0.922643
0.546661 0.923298
0.540037 0.923668
0.529342 0.924161
0.533278 0.923603
0.526892 0.924667
0.525436 0.925099
0.520888 0.927134
0.515315 0.930920
0.983571 0.896764
0.977287 0.897308
0.971005 0.898099
0.991249 0.897869
0.984458 0.897701
0.977766 0.897855
0.968153 0.898455
0.971156 0.898271
0.964723 0.898867
0.958441 0.899632
0.952158 0.900353
0.945876 0.901081
0.966001 0.900406
0.959331 0.900630
0.952691 0.900951
0.946055 0.901286
1.082240 0.943677
1.075960 0.944522
1.114812 0.939106
1.073256 0.944842
1.069676 0.945136
1.070452 0.948183
1.063387 0.945258
1.113796 0.931983
1.113565 0.931795
1.113691 0.932436
1.059399 0.945018
1.109003 0.929988
1.108854 0.935576
1.062713 0.941117
1.238970 0.894439
1.232682 0.894612
1.239874 0.895551
1.229857 0.894741
1.232916 0.894841
1.226392 0.894716
1.220104 0.894908
1.213820 0.895506
1.234147 0.895826
1.227185 0.895101
1.220445 0.895098
1.213610 0.895517
1.213833 0.895512
1.681596 0.885689
1.668160 0.884115
1.674689 0.885146
1.667665 0.884050
1.661362 0.882941
1.675332 0.884200
1.668554 0.884075
1.660286 0.882853
1.661504 0.883068
1.655059 0.881759
2.157362 0.849272
2.177693 0.849480
2.170995 0.849615
2.164231 0.849534
2.156740 0.849258
2.157415 0.849288
2.151073 0.849382
2.144786 0.849687
2.165246 0.849778
2.158523 0.849829
2.151812 0.849920
2.141301 0.849798
2.145051 0.849850
2.138498 0.849948
2.132212 0.850359
2.471491 0.866722
2.478871 0.867572
2.467788 0.866340
2.471926 0.866906
2.465194 0.866073
2.472856 0.866908
2.459133 0.865285
2.465932 0.866308
2.458895 0.865266
2.906324 0.855163
2.899762 0.855735
2.893203 0.856314
2.886583 0.856698
2.875755 0.857085
2.879946 0.857029
2.873394 0.857075
2.867100 0.856800
2.893732 0.854988
2.887161 0.855532
2.880585 0.856058
2.873985 0.856509
2.864738 0.856574
2.867287 0.856644
2.860805 0.856398
3.258234 0.863256
3.278745 0.863939
3.271977 0.863843
3.265192 0.863696
3.257504 0.863154
3.258303 0.863213
3.251936 0.862495
3.265799 0.862616
3.259043 0.862559
3.248900 0.862051
3.252223 0.862296
3.245635 0.861602
3.259592 0.861343
3.252896 0.861480
3.240868 0.860863
3.246093 0.861274
3.589441 0.866370
3.609939 0.867103
3.603151 0.866943
3.596336 0.866701
3.589087 0.866273
3.589475 0.866306
3.583134 0.864840
3.603484 0.865004
3.596774 0.865097
3.590031 0.865083
3.582645 0.864680
3.583193 0.864764
0.047625 0.953040
0.061909 0.942162
0.059518 0.944880
0.054093 0.949125
0.152960 0.915446
0.146673 0.915791
0.065135 0.937690
0.064671 0.938351
0.060053 0.943592
0.160838 0.917789
0.153614 0.916223
0.145310 0.915891
0.146774 0.915901
0.140386 0.916089
0.134104 0.916889
0.127825 0.917898
0.121544 0.918886
0.115267 0.920056
0.108992 0.921483
0.077637 0.930505
0.071374 0.933009
0.069221 0.934140
0.065659 0.936924
0.148076 0.917094
0.141221 0.916716
0.134653 0.917270
0.128173 0.918112
0.121706 0.918995
0.115303 0.920084
0.108658 0.921553
0.108995 0.921486
0.102716 0.922789
0.475076 0.938238
0.468818 0.941292
0.462543 0.942733
0.456258 0.943159
0.449976 0.943909
0.537781 0.919888
0.500133 0.928465
0.493860 0.930164
0.487591 0.932176
0.481329 0.934754
0.477061 0.937076
0.457155 0.944996
0.447791 0.944080
0.450150 0.944134
0.443688 0.944217
0.437393 0.943818
0.558120 0.919804
0.551474 0.920102
0.544757 0.920178
0.532148 0.920741
0.538113 0.920481
0.531501 0.920825
0.525222 0.921855
0.518948 0.923357
0.512678 0.925226
0.506406 0.926870
0.504741 0.927293
0.500207 0.928641
0.494228 0.931098
0.489198 0.936634
0.444536 0.944775
0.436456 0.943676
0.437526 0.943896
0.526840 0.924576
0.865571 0.910118
0.859292 0.911104
0.853008 0.911619
0.923634 0.900200
0.917257 0.901363
0.910861 0.902468
0.904446 0.903512
0.898018 0.904517
0.891576 0.905474
0.885212 0.906683
0.878843 0.907874
0.872436 0.908952
0.866045 0.910073
0.859591 0.910996
0.852376 0.911643
0.853038 0.911595
0.846718 0.911690
0.840428 0.911678
0.879761 0.907827
0.873261 0.908602
0.866755 0.909356
0.860239 0.910081
0.853686 0.910681
0.847110 0.911211
0.839095 0.911703
0.840494 0.911607
0.834140 0.911979
1.139786 0.902588
1.133509 0.903954
1.127231 0.905059
1.108413 0.909957
1.102146 0.912160
1.095867 0.913207
1.179043 0.898017
1.172527 0.898735
1.166039 0.899547
1.159551 0.900358
1.153009 0.900991
1.146497 0.901722
1.140079 0.902758
1.133799 0.904239
1.124845 0.905353
1.127373 0.905251
1.120950 0.905866
1.114675 0.907296
1.110765 0.908722
1.108792 0.910538
1.103734 0.915977
1.090910 0.913479
1.089582 0.913613
1.090067 0.915362
1.083293 0.913890
1.084934 0.920568
1.077002 0.913792
1.141372 0.903914
1.122521 0.908342
1.116188 0.909661
1.076807 0.913757
1.817939 0.877738
1.820603 0.877584
1.814182 0.878011
1.807897 0.878476
1.801611 0.878819
1.828171 0.877217
1.821535 0.877548
1.814888 0.877846
1.808283 0.878278
1.800232 0.878814
1.801677 0.878711
1.795323 0.879021
1.789038 0.879560
1.815661 0.877355
1.809058 0.877797
1.802429 0.878154
2.217478 0.861445
2.214356 0.860043
2.212816 0.859400
2.208055 0.859054
2.203965 0.858407
2.553602 0.873343
2.573830 0.872595
2.567176 0.872869
2.560527 0.873163
2.550901 0.873178
2.553829 0.873293
2.547307 0.872884
2.541013 0.872575
2.567785 0.871802
2.561166 0.872190
2.554494 0.872407
2.547792 0.872529
2.540397 0.872541
2.541067 0.872571
2.534721 0.872348
2.959911 0.854116
2.953183 0.854148
2.939796 0.853548
2.946373 0.853920
2.939537 0.853551
2.933249 0.853782
2.926956 0.853574
2.947277 0.853800
2.940564 0.853885
2.933811 0.853839
2.926567 0.853556
2.926988 0.853569
2.920667 0.853658
1.954426 0.873448
1.948141 0.873940
1.941857 0.874465
1.949534 0.877416
1.941126 0.874550
1.941986 0.874797
1.935575 0.875224
1.929290 0.875843
1.923057 0.875769
1.922999 0.875774
2.382785 0.861956
2.376085 0.862082
2.363319 0.861888
2.369344 0.862074
2.362598 0.861881
2.356308 0.861920
2.370224 0.861886
2.363533 0.862043
2.350833 0.861728
2.356767 0.861954
2.350015 0.861708
2.343726 0.861814
2.707170 0.867952
2.700958 0.869649
2.694613 0.870918
2.688108 0.871677
2.679117 0.871950
2.681483 0.872042
2.733082 0.861530
2.726493 0.862011
2.719996 0.862793
2.713637 0.864021
2.707285 0.865272
2.700911 0.866451
2.694523 0.867587
2.688075 0.868526
2.677760 0.869121
2.681505 0.869074
2.720384 0.861033
2.713924 0.861936
2.707523 0.863031
2.701110 0.864090
2.694637 0.864953
2.688096 0.865597
2.677741 0.866008
2.681453 0.865905
3.150566 0.863496
3.136797 0.861790
3.130498 0.861022
3.144412 0.862339
3.137550 0.861941
3.130258 0.860984
3.130532 0.861038
3.124199 0.860198
3.138276 0.861290
3.131451 0.861011
3.121794 0.859889
3.124506 0.860340
0.257295 0.929066
0.264877 0.930368
0.252375 0.928773
0.257890 0.929569
0.251001 0.928678
0.244710 0.928618
0.252129 0.929721
0.240027 0.928596
0.245218 0.929161
0.238419 0.928542
0.483630 0.971551
0.489879 0.967771
0.486861 0.970499
0.480800 0.971952
0.477343 0.971923
0.490452 0.966507
0.474647 0.970305
0.478892 0.974773
0.684289 0.912950
0.678000 0.912943
0.691851 0.913372
0.685053 0.913176
0.674090 0.913068
0.678256 0.912991
0.671711 0.913133
0.665421 0.913174
0.659135 0.913568
0.679365 0.913570
0.672608 0.913514
0.665833 0.913397
0.658900 0.913585
0.659150 0.913578
1.083953 0.950455
1.077666 0.950721
1.071385 0.951630
1.114225 0.940934
1.110145 0.945790
1.068092 0.951970
1.072311 0.954194
1.065099 0.952049
1.111650 0.938391
1.108959 0.936010
1.109553 0.940845
1.060470 0.950678
1.108843 0.935941
1.103457 0.939933
1.260044 0.896577
1.266862 0.898698
1.259503 0.896555
1.253211 0.896441
1.246926 0.896913
1.254070 0.897873
1.245501 0.896892
1.247115 0.897173
1.240630 0.896434
1.235647 0.896140
1.241305 0.897188
1.234335 0.896028
1.763240 0.891247
1.756962 0.892732
1.750815 0.894639
1.741957 0.893183
1.743766 0.893641
1.814011 0.878060
1.807476 0.878719
1.801055 0.879742
1.794611 0.880695
1.788222 0.881824
1.781945 0.883312
1.775681 0.884846
1.769399 0.886323
1.763088 0.887703
1.756799 0.889157
1.750610 0.890937
1.743455 0.887756
1.741076 0.890230
1.743834 0.890815
1.795087 0.879190
1.788650 0.880171
1.782263 0.881311
1.775817 0.882260
1.769442 0.883441
1.763072 0.884635
1.756537 0.885295
1.746359 0.885835
1.749948 0.885780
1.743432 0.885618
2.225789 0.880945
2.282227 0.864654
2.257144 0.872000
2.257209 0.872969
2.251294 0.875622
2.245594 0.878974
2.239778 0.881954
2.233595 0.883750
2.224652 0.880551
2.226214 0.881675
2.302659 0.864352
2.295905 0.864305
2.289088 0.864053
2.278584 0.864490
2.282412 0.864256
2.275932 0.864315
2.269642 0.864310
2.252848 0.870648
2.250826 0.869339
2.250931 0.871407
2.245309 0.875019
2.239483 0.877976
2.233210 0.879489
2.221879 0.878074
2.226520 0.879646
2.219446 0.876080
2.289776 0.863248
2.283003 0.863136
2.276313 0.863294
2.267333 0.864040
2.269728 0.863794
2.263350 0.864161
2.257073 0.865363
2.250804 0.867383
2.250006 0.868203
2.244879 0.870629
2.238863 0.872977
0.435736 0.942136
0.492178 0.926211
0.485909 0.928197
0.443259 0.943644
0.431281 0.942138
0.436156 0.942467
0.429445 0.942084
0.423156 0.942142
0.416873 0.942819
0.531458 0.920753
0.524846 0.921164
0.518532 0.922534
0.512534 0.924924
0.506382 0.926821
0.430258 0.942178
0.423481 0.942054
0.412992 0.943397
0.416942 0.942702
0.410592 0.943720
1.736639 0.892392
1.736583 0.889160
1.727247 0.887647
1.729449 0.887884
1.722927 0.886061
1.743279 0.886009
1.736720 0.886593
1.730062 0.886853
1.721906 0.885793
1.722989 0.885773
2.335808 0.862783
2.362547 0.861890
2.355884 0.862136
2.349204 0.862326
2.342554 0.862613
2.334916 0.862793
2.335861 0.862760
2.329518 0.862925
2.323226 0.862742
2.349958 0.861728
2.343332 0.862095
2.336678 0.862371
2.330026 0.862654
2.322195 0.862692
2.323300 0.862693
2.316934 0.862504
2.674831 0.872321
2.668217 0.872725
2.654650 0.871915
2.661508 0.872822
2.654496 0.871660
2.674885 0.869460
2.668266 0.869848
2.661555 0.869938
2.652961 0.869164
2.654652 0.869407
2.674867 0.866401
2.668353 0.867133
2.661646 0.867237
2.649884 0.866786
2.654857 0.867074
3.095732 0.857597
3.109688 0.859011
3.102816 0.858581
3.095376 0.857547
3.095779 0.857622
3.089434 0.856938
3.103636 0.858221
3.096755 0.857760
3.086435 0.856552
3.089822 0.857130
3.083136 0.856183
3.513365 0.856867
3.502450 0.854394
3.506317 0.855872
3.499317 0.852050
3.513426 0.854056
3.506728 0.854188
3.499264 0.852021
3.499328 0.852044
0.099373 0.916791
0.093098 0.918145
0.086825 0.919727
0.080553 0.921556
0.074284 0.923544
0.069366 0.925444
0.068447 0.927150
0.107164 0.918560
0.100568 0.919022
0.094177 0.920148
0.088209 0.922638
0.347373 0.939147
0.361547 0.940915
0.354407 0.939622
0.346433 0.938879
0.347471 0.938988
0.341064 0.937326
0.355245 0.939306
0.348090 0.937958
0.340389 0.937179
0.341123 0.937219
0.334761 0.936206
0.785186 0.911473
0.799358 0.912346
0.792470 0.911863
0.779621 0.911379
0.785654 0.911613
0.778893 0.911362
0.772603 0.911320
0.786721 0.912059
0.779857 0.911653
0.767005 0.911274
0.773027 0.911356
0.766312 0.911263
1.080985 0.904068
1.079909 0.903944
1.073623 0.904427
1.067333 0.904434
1.066382 0.904421
1.067600 0.905067
1.061041 0.904243
1.357572 0.912355
1.363830 0.909323
1.360163 0.911116
1.354084 0.912568
1.358839 0.915847
1.351285 0.912709
1.352650 0.917620
1.345012 0.914323
1.338734 0.915435
1.332457 0.916665
1.370069 0.904539
1.368609 0.905931
1.365180 0.911530
1.329473 0.915315
1.326144 0.914629
1.478244 0.881885
1.471690 0.882477
1.465105 0.882975
1.458466 0.883297
1.445590 0.884359
1.451896 0.883843
1.445336 0.884378
1.439053 0.885030
1.432766 0.885411
1.426483 0.886058
1.372926 0.901762
1.370724 0.904651
1.459284 0.882898
1.452749 0.883559
1.446127 0.883939
1.439561 0.884499
1.433013 0.885117
1.421662 0.886940
1.426549 0.886006
1.420205 0.887215
1.413929 0.888505
1.407649 0.889576
1.667590 0.883985
1.656788 0.880952
1.660198 0.881880
1.653410 0.880764
1.647117 0.880485
1.654473 0.882119
1.646172 0.880333
1.647313 0.880755
1.641229 0.878405
1.640803 0.878356
0.048100 0.956106
0.036651 0.964176
0.029288 0.961532
0.054958 0.952877
0.054350 0.952307
0.053461 0.953235
0.054409 0.953187
0.048063 0.952643
0.045757 0.955075
0.042782 0.959161
0.030414 0.962748
0.054314 0.948886
0.051457 0.950558
0.048415 0.952557
0.030654 0.960517
0.167208 0.918102
0.057719 0.945931
0.055023 0.949136
0.161345 0.917944
0.168011 0.919191
0.160915 0.917893
0.154620 0.917439
0.162107 0.918890
0.150337 0.917452
0.155021 0.917762
0.148330 0.917419
0.362039 0.941034
0.368876 0.942823
0.361612 0.940918
0.355692 0.939416
0.362533 0.941090
0.355305 0.939278
0.923718 0.900267
0.917440 0.901483
0.911162 0.902619
0.904884 0.903675
0.898604 0.904649
0.892324 0.905560
0.886045 0.906751
0.931406 0.900485
0.924878 0.901166
0.918406 0.902029
0.911924 0.902863
0.905465 0.903770
0.899011 0.904691
0.892540 0.905559
0.880023 0.907784
0.886159 0.906719
0.879767 0.907825
0.873483 0.908409
1.091939 0.955685
1.104766 0.953228
1.098633 0.955183
1.089848 0.955813
1.092175 0.956091
1.085644 0.955300
1.079355 0.955353
1.107122 0.948519
1.104688 0.949929
1.098781 0.952620
1.092696 0.954737
1.086321 0.955915
1.077635 0.955585
1.079522 0.955723
1.073070 0.955904
1.066775 0.955441
1.106273 0.945587
1.104406 0.945132
1.104593 0.946609
1.098905 0.950017
1.092986 0.952684
1.086783 0.954421
1.270568 0.899941
1.274423 0.901348
1.267468 0.899854
1.261176 0.899764
1.268599 0.901277
1.258839 0.899596
1.261542 0.900248
1.254874 0.898635
1.540602 0.894241
1.542179 0.895524
1.535395 0.892661
1.592358 0.880431
1.586119 0.882043
1.579956 0.883900
1.573927 0.886192
1.568110 0.889169
1.543023 0.895210
1.534445 0.892548
1.535575 0.892915
1.605744 0.877083
1.599180 0.877651
1.592797 0.878803
1.586509 0.880259
1.580302 0.881983
1.574183 0.883990
1.568172 0.886346
1.562151 0.888678
1.530211 0.890440
1.536206 0.891960
1.529073 0.889859
1.587211 0.879537
1.580743 0.880421
1.988883 0.876953
1.981846 0.875993
1.974954 0.875149
1.968672 0.875906
1.962391 0.876761
1.956108 0.877356
1.976598 0.877763
1.970195 0.878851
1.963617 0.879375
1.951925 0.877862
1.956650 0.878636
1.949825 0.878111
1.943542 0.878798
1.937259 0.879451
0.216239 0.925695
0.229917 0.926289
0.223140 0.926166
0.216038 0.925689
0.216260 0.925709
0.209947 0.925552
0.217485 0.926642
0.204033 0.925415
0.210567 0.926062
0.203655 0.925377
0.197358 0.924772
0.480210 0.958390
0.473945 0.960721
0.486451 0.953839
0.484156 0.956207
0.487498 0.958975
0.468945 0.959852
0.467632 0.958701
0.492690 0.949119
0.488138 0.952119
0.466567 0.957303
0.630693 0.913297
0.624406 0.913652
0.497050 0.946871
0.644491 0.912765
0.637791 0.912891
0.631194 0.913352
0.621540 0.913861
0.624551 0.913658
0.618121 0.914154
0.611839 0.914944
0.605560 0.915933
0.599279 0.916856
0.592997 0.917670
0.625786 0.914653
0.619127 0.914910
0.612520 0.915339
0.606004 0.916060
0.599505 0.916843
0.592161 0.917792
0.593020 0.917667
1.004089 0.897414
0.997802 0.897797
1.011713 0.898668
1.004834 0.898216
0.994481 0.898046
0.998044 0.898053
0.991517 0.898235
0.985232 0.898758
0.978949 0.899452
0.972667 0.900254
0.992676 0.899494
0.985973 0.899611
0.979325 0.899907
0.971985 0.900331
0.972706 0.900297
1.299101 0.913942
1.304804 0.915450
1.380714 0.896405
1.374642 0.898555
1.311831 0.913351
1.297771 0.911107
1.304788 0.912368
1.297667 0.911020
1.305079 0.910316
1.295477 0.908541
1.297944 0.909030
1.847255 0.876323
1.840967 0.876509
1.834681 0.876865
1.854882 0.876424
1.848167 0.876499
1.841464 0.876617
1.832431 0.876997
1.834801 0.876864
1.828393 0.877152
1.822104 0.877248
1.842289 0.876291
1.835642 0.876588
1.828967 0.876798
1.818426 0.877245
1.822310 0.877063
2.217933 0.867219
2.216060 0.866015
2.213184 0.865218
2.209754 0.864586
2.654486 0.871910
2.647682 0.871701
2.634007 0.870966
2.640878 0.871491
2.633977 0.870950
2.647820 0.869108
2.641046 0.868992
2.628718 0.869073
2.634315 0.869018
2.627665 0.868852
2.648053 0.866864
2.641421 0.867209
2.634725 0.867347
2.621404 0.867714
2.628048 0.867552
2.621362 0.867709
3.009094 0.862673
3.054400 0.854574
3.047742 0.854832
3.041101 0.855149
3.034596 0.855904
3.028186 0.856966
3.021795 0.858091
3.014161 0.859309
3.015378 0.859128
3.041735 0.854166
3.035142 0.854638
3.028602 0.855284
3.022046 0.855875
3.011393 0.856833
3.015499 0.856499
3.009029 0.856627
3.415053 0.860802
3.412720 0.860841
3.406425 0.860388
3.458187 0.852780
3.451731 0.853694
3.445286 0.854643
3.438880 0.855718
3.432453 0.856729
3.426005 0.857666
3.419555 0.858602
3.413082 0.859461
3.404552 0.860150
3.406512 0.860007
3.400127 0.859638
3.445582 0.852579
3.439160 0.853608
3.432726 0.854598
3.426284 0.855558
3.419844 0.856527
3.413376 0.857411
3.406858 0.858128
3.395755 0.859146
3.400316 0.858767
3.626498 0.878152
3.625934 0.877892
3.622060 0.876072
3.619611 0.874922
0.389025 0.945659
0.382167 0.945131
0.375869 0.944353
0.383560 0.946724
0.374286 0.943995
0.376144 0.944532
0.369564 0.942906
0.377254 0.945121
0.367809 0.942420
0.369825 0.942883
0.832513 0.913115
0.826222 0.913028
0.846432 0.912025
0.839824 0.912445
0.833196 0.912806
0.822158 0.912984
0.826499 0.912944
0.819931 0.912978
0.813640 0.912896
0.833887 0.912038
0.827299 0.912527
0.820675 0.912902
0.809517 0.912895
0.813933 0.912892
0.807350 0.912932
1.354688 0.924275
1.360950 0.921653
1.356117 0.923866
1.354020 0.924368
1.354763 0.924455
1.348397 0.924182
1.342108 0.924354
1.363565 0.918957
1.361515 0.921498
1.355675 0.924418
1.341133 0.924353
1.518887 0.882555
1.510048 0.880724
1.511629 0.880883
1.505186 0.880639
1.498900 0.881017
1.506182 0.882010
1.495067 0.881144
1.499206 0.881243
1.492612 0.881241
1.486326 0.881617
1.480037 0.881775
1.493546 0.881746
1.486818 0.881782
1.479381 0.881798
1.480077 0.881777
1.900818 0.872717
1.921003 0.872318
1.914449 0.872921
1.907759 0.873078
1.899817 0.872651
1.900890 0.872657
1.894528 0.872875
1.888245 0.873476
1.881963 0.874271
1.901838 0.872716
1.895145 0.872865
1.888616 0.873548
1.880039 0.874270
1.882067 0.874163
0.292075 0.934202
0.271538 0.931174
0.278914 0.932178
0.268156 0.930888
0.271940 0.931417
0.265243 0.930687
0.258951 0.930558
0.273058 0.932030
0.266082 0.931260
0.256856 0.930469
0.259196 0.930784
0.252656 0.930230
0.764671 0.911108
0.758384 0.911408
0.778825 0.911325
0.772030 0.911143
0.765333 0.911278
0.752848 0.911895
0.758632 0.911400
0.752100 0.911941
0.745810 0.912121
0.739522 0.912234
0.766253 0.911244
0.759501 0.911200
0.752869 0.911549
0.746189 0.911742
0.738366 0.912239
0.739578 0.912154
1.094179 0.908645
1.087892 0.908975
1.120759 0.905653
1.114455 0.907059
1.086345 0.908674
1.089224 0.912636
1.081594 0.908260
1.075313 0.909047
1.072695 0.908821
1.352990 0.918803
1.359260 0.916923
1.355349 0.918152
1.352364 0.918867
1.346704 0.919163
1.340423 0.920081
1.334136 0.920384
1.365496 0.911893
1.364240 0.912881
1.333518 0.920260
1.334492 0.921281
1.498139 0.880845
1.491515 0.881214
1.481224 0.881728
1.484852 0.881459
1.478400 0.881933
1.472115 0.882444
1.465827 0.882630
1.368442 0.908760
1.492429 0.881122
1.485787 0.881435
1.479204 0.881937
1.472543 0.882189
1.464121 0.882661
1.465914 0.882544
1.459540 0.882915
1.453253 0.883319
3.088872 0.857078
3.077586 0.855915
3.081962 0.856527
3.075201 0.855686
3.068904 0.855090
3.082822 0.856284
3.075957 0.855875
3.068253 0.855006
3.068982 0.855110
3.062607 0.854490
0.340461 0.938111
0.328212 0.937351
0.333595 0.937705
0.326840 0.936960
0.334195 0.936609
0.322045 0.935673
0.327284 0.936051
0.320534 0.935484
0.314239 0.935089
0.328025 0.935461
0.321148 0.935011
0.311928 0.934992
0.314395 0.934967
0.805709 0.912675
0.819764 0.912955
0.812993 0.912852
0.799971 0.912402
0.806206 0.912695
0.799414 0.912379
0.793122 0.912202
0.807179 0.912840
0.800378 0.912639
0.788019 0.912142
0.793545 0.912336
0.786831 0.912122
1.281738 0.904634
1.279278 0.903744
1.282377 0.905272
1.275428 0.902715
1.283373 0.905481
1.272773 0.902161
1.275839 0.902900
1.269122 0.901337
1.549682 0.899034
1.564681 0.894368
1.562488 0.895822
1.556485 0.898197
1.547440 0.898487
1.550137 0.899455
1.618633 0.876364
1.612351 0.877099
1.564086 0.891345
1.562153 0.888711
1.562314 0.892213
1.556410 0.894917
1.544968 0.895928
1.550424 0.897355
1.543332 0.893419
1.632614 0.876807
1.625680 0.876176
1.619048 0.876524
1.610482 0.877086
1.612486 0.877092
1.606059 0.877021
1.599774 0.877555
1.593494 0.878490
1.562127 0.888687
1.556154 0.891085
1.550052 0.893156
1.543161 0.893249
1.543349 0.893271
1.613357 0.876908
1.606657 0.877034
1.600083 0.877571
1.587415 0.879504
1.593615 0.878450
1.587215 0.879521
1.995479 0.876514
2.001916 0.875518
1.995232 0.876548
1.995487 0.876516
1.989196 0.877200
1.982905 0.877144
2.059296 0.861911
2.053118 0.863720
2.046923 0.865472
2.040684 0.867088
2.034445 0.868699
2.028192 0.870269
2.021878 0.871643
2.015543 0.872949
2.009148 0.874059
2.002715 0.875051
1.996223 0.875846
1.989665 0.876433
1.977316 0.877677
1.983066 0.876887
1.976622 0.877782
1.970344 0.879007
1.964063 0.879853
1.957779 0.880401
2.091142 0.852890
2.084704 0.853862
2.078347 0.855097
2.072129 0.856775
2.066018 0.858804
1.997018 0.875429
1.990450 0.875984
2.409917 0.862683
2.423668 0.863403
2.416893 0.863288
2.409346 0.862655
2.409974 0.862709
2.403626 0.862557
2.417707 0.862896
2.410971 0.862903
2.397767 0.862282
2.404203 0.862809
2.397332 0.862262
2.391042 0.862222
2.739445 0.862092
2.759744 0.860580
2.753101 0.860888
2.746439 0.861137
2.734393 0.861454
2.739796 0.861448
2.733146 0.861271
2.726850 0.860722
2.753553 0.859326
2.746907 0.859629
2.740267 0.859947
2.733608 0.860208
2.724817 0.860611
2.726972 0.860540
2.720555 0.860312
0.064460 0.939080
0.126164 0.915902
0.119883 0.916784
0.113604 0.917783
0.082234 0.925363
0.075965 0.927381
0.069705 0.930186
0.067597 0.931752
0.064890 0.937429
0.139930 0.915560
0.133333 0.916018
0.126823 0.916757
0.120252 0.917300
0.110314 0.918373
0.113715 0.917952
0.107325 0.918838
0.101047 0.919906
0.094771 0.921320
0.088501 0.923253
0.084717 0.924505
0.082389 0.925616
0.076446 0.928191
0.070875 0.931979
0.102568 0.922496
0.096344 0.924170
0.408956 0.944014
0.402677 0.945080
0.396396 0.945871
0.390114 0.946690
0.429259 0.941957
0.422525 0.941972
0.416118 0.943043
0.409820 0.944472
0.403338 0.945302
0.396754 0.945802
0.386899 0.946873
0.390291 0.946698
0.383826 0.946914
0.410523 0.943741
0.404059 0.944631
0.397596 0.945526
0.391203 0.946655
0.379108 0.945624
0.384491 0.946741
0.956778 0.897484
0.950498 0.898337
0.944216 0.899137
0.937934 0.899993
0.964497 0.898530
0.957831 0.898764
0.951197 0.899106
0.944580 0.899502
0.936224 0.900207
0.938018 0.900075
0.931653 0.900798
0.925373 0.901755
0.919093 0.902747
0.912813 0.903636
1.086789 0.934063
1.080503 0.934435
1.081722 0.941057
1.075741 0.943501
1.110472 0.926895
1.113233 0.930958
1.078812 0.934463
1.074198 0.933110
1.074565 0.936663
1.068644 0.939306
1.062502 0.941239
1.108460 0.924214
1.074184 0.931796
1.073049 0.932709
1.068804 0.936821
1.063244 0.940650
1.212173 0.894750
1.205888 0.895310
1.106603 0.921534
1.226065 0.894480
1.219301 0.894401
1.212668 0.894741
1.200215 0.895944
1.206104 0.895309
1.199606 0.896005
1.193320 0.896473
1.187037 0.897147
1.180755 0.897893
1.207108 0.895553
1.200444 0.895797
1.193885 0.896383
1.187374 0.897126
1.177876 0.898190
1.180869 0.897884
1.722663 0.887734
1.716056 0.888157
1.709382 0.888369
1.700472 0.888163
1.702609 0.888259
1.716347 0.886085
1.709532 0.885839
1.697650 0.885706
1.702795 0.885846
1.696116 0.885171
2.206976 0.854903
2.206371 0.854802
2.200077 0.854410
2.196234 0.854345
2.200883 0.856077
2.193784 0.854309
2.819820 0.859632
2.840072 0.858835
2.833450 0.859212
2.826778 0.859428
2.817397 0.859266
2.820022 0.859376
2.813522 0.858850
2.833914 0.857686
2.827284 0.858039
2.820635 0.858329
2.808578 0.858236
2.813924 0.858420
2.807223 0.858107
3.224846 0.863981
3.218261 0.864477
3.211630 0.864826
3.200945 0.864904
3.204949 0.865015
3.198356 0.864495
3.218642 0.862665
3.212066 0.863190
3.205459 0.863622
3.193313 0.863573
3.198770 0.863781
3.192054 0.863310
3.212430 0.861376
3.205841 0.861860
3.199223 0.862254
3.186222 0.862162
3.192513 0.862349
3.185749 0.862085
3.721887 0.886507
3.711939 0.884438
3.714640 0.884870
3.708031 0.883187
3.715387 0.884240
3.705753 0.882752
3.708246 0.882938
3.701717 0.880900
3.715954 0.883076
3.708730 0.881501
3.701235 0.880713
3.701755 0.880736
0.306208 0.936314
0.292123 0.934212
0.299122 0.935196
0.292081 0.934202
0.285778 0.933042
0.299896 0.934651
0.292891 0.933791
0.284453 0.932881
0.285923 0.933052
0.279483 0.932558
0.287032 0.933642
0.274233 0.932211
0.280092 0.932990
0.273188 0.932142
0.731600 0.912937
0.725315 0.913384
0.752058 0.911933
0.745426 0.912281
0.738837 0.912766
0.732163 0.912974
0.721262 0.913563
0.725532 0.913322
0.719025 0.913519
0.712736 0.913586
0.732921 0.912419
0.726277 0.912728
0.719594 0.912910
0.707516 0.913737
0.712978 0.913308
0.706448 0.913775
1.065669 0.902072
1.079713 0.903678
1.072624 0.902550
1.064942 0.902018
1.065746 0.902100
1.059377 0.901912
1.053091 0.902310
1.060191 0.902896
1.050887 0.902231
1.053368 0.902623
1.046797 0.902037
1.040508 0.902167
1.652866 0.879969
1.639158 0.877801
1.634494 0.877232
1.639837 0.878371
1.632859 0.876985
1.626571 0.877170
1.620285 0.877604
1.640731 0.878266
1.633889 0.877932
1.627119 0.877832
1.619940 0.877603
1.620323 0.877647
2.097500 0.852050
2.059854 0.860926
2.053587 0.863039
2.047317 0.864983
2.041045 0.866702
2.034773 0.868398
2.028501 0.870079
2.022226 0.871513
2.015950 0.872907
2.009673 0.874107
2.003392 0.874999
2.123924 0.849946
2.117371 0.850544
2.110840 0.851216
2.104159 0.851404
2.094554 0.852351
2.097581 0.851920
2.091218 0.852796
2.084935 0.853454
2.078657 0.854657
2.072386 0.856393
2.066119 0.858622
2.061829 0.860183
2.059893 0.860793
2.053718 0.862617
2.047516 0.864356
2.041286 0.866005
2.035053 0.867644
2.028825 0.869301
2.022557 0.870828
2.016274 0.872309
2.009949 0.873653
1.998996 0.875272
2.003547 0.874745
2.111548 0.850471
2.104918 0.850822
2.098451 0.851702
2.091914 0.852361
2.085367 0.852981
2.079029 0.854281
2.072753 0.855784
2.066539 0.857486
2.060312 0.859146
2.054079 0.860789
2.430437 0.863555
2.444225 0.864501
2.437399 0.864220
2.430249 0.863542
2.430455 0.863561
2.424144 0.863275
2.438212 0.863830
2.431452 0.863759
2.419587 0.862955
2.424603 0.863405
2.417849 0.862872
2.846609 0.858629
2.873297 0.857318
2.866736 0.857892
2.860138 0.858347
2.853469 0.858572
2.845310 0.858478
2.846714 0.858522
2.840315 0.858186
2.860616 0.856862
2.854020 0.857324
2.847385 0.857661
2.835786 0.857614
2.840704 0.857850
2.834016 0.857445
3.231436 0.863568
3.251608 0.863356
3.244947 0.863608
3.238256 0.863761
3.231240 0.863548
3.231453 0.863554
3.225138 0.862778
3.245430 0.862123
3.238789 0.862439
3.232092 0.862573
3.222723 0.862424
3.225329 0.862500
3.218838 0.861894
3.239234 0.860881
3.232575 0.861142
3.225912 0.861390
3.214605 0.861257
3.219177 0.861402
3.568367 0.859461
3.567212 0.858914
3.564543 0.857210
3.568367 0.860396
3.561900 0.854720
3.560870 0.854149
3.736550 0.890562
3.743857 0.892163
3.736158 0.890413
3.736618 0.890547
3.731526 0.888380
3.737387 0.890014
3.730228 0.887677
0.236763 0.926954
0.250814 0.928484
0.243840 0.927725
0.235548 0.926910
0.236899 0.927072
0.230472 0.926894
0.224184 0.927147
0.238238 0.928378
0.231329 0.927828
0.221477 0.927138
0.224471 0.927442
0.217891 0.926835
0.488176 0.961826
0.481918 0.964797
0.482968 0.969143
0.475642 0.966148
0.490046 0.960696
0.472353 0.964941
0.469323 0.963588
0.492855 0.956902
0.657485 0.912582
0.651197 0.912793
0.671507 0.912961
0.664658 0.912602
0.657921 0.912610
0.650420 0.912841
0.651242 0.912805
0.644911 0.913115
0.638624 0.913561
0.632342 0.914322
0.652366 0.913432
0.645631 0.913447
0.638974 0.913712
0.630314 0.914538
0.632440 0.914378
0.626058 0.914834
1.044923 0.900152
1.037988 0.899518
1.024613 0.898728
1.018324 0.898921
1.032395 0.900173
1.025484 0.899618
1.015039 0.899019
1.018620 0.899212
1.012036 0.899063
1.005749 0.899358
0.999462 0.899746
1.013097 0.900160
1.006296 0.899959
0.998872 0.899786
0.999506 0.899790
1.351111 0.912654
1.344873 0.914273
1.338545 0.915595
1.332290 0.917162
1.325811 0.918002
1.318988 0.917726
1.311919 0.914021
1.309453 0.917353
1.312332 0.917996
1.412281 0.887778
1.406003 0.888888
1.399728 0.890249
1.393456 0.891953
1.387187 0.894040
1.380920 0.896173
1.374655 0.898530
1.374553 0.898623
1.369645 0.904178
1.325542 0.914107
1.312980 0.913364
1.318538 0.913246
1.311911 0.913302
1.445322 0.884371
1.438768 0.884971
1.432159 0.885387
1.425561 0.885847
1.419023 0.886492
1.412610 0.887543
1.406252 0.888776
1.399970 0.890250
1.393804 0.892101
1.387698 0.894149
1.381373 0.895488
1.375438 0.898087
1.420178 0.887199
1.413827 0.888458
1.407421 0.889535
1.401002 0.890573
1.394627 0.891756
1.388269 0.892992
1.381811 0.893906
1.375946 0.896746
1.695757 0.887894
1.684461 0.886104
1.688717 0.886923
1.681896 0.885050
1.695990 0.885628
1.689118 0.885197
1.678787 0.884323
1.682189 0.884584
1.675584 0.883099
2.198408 0.851742
2.206170 0.854390
2.196198 0.851592
2.198845 0.852499
2.192112 0.851161
2.185825 0.851494
2.193339 0.853464
2.183216 0.851557
2.186172 0.852078
2.179537 0.851671
2.526558 0.872278
2.519665 0.871783
2.511299 0.870878
2.512706 0.871073
2.506260 0.870426
2.513720 0.871306
2.501928 0.869957
2.506768 0.870617
2.499963 0.869752
2.493665 0.869026
2.507710 0.870677
2.500763 0.870001
2.493099 0.868960
2.493735 0.869060
3.074974 0.855724
3.068140 0.855417
3.058115 0.854686
3.061276 0.855012
3.054677 0.854425
3.048384 0.854153
3.062094 0.854626
3.055298 0.854442
3.047464 0.854086
3.048475 0.854169
3.042091 0.853938
3.491839 0.851044
3.498811 0.853392
3.491376 0.850926
3.485073 0.849723
3.492315 0.851156
3.484535 0.849645
3.485133 0.849721
3.478774 0.848999
3.642497 0.889264
3.641913 0.889111
3.636348 0.887586
3.643400 0.891172
3.635605 0.887354
2.222436 0.875197
2.275789 0.864629
2.269362 0.865637
2.263082 0.867116
2.256937 0.869037
2.218493 0.872980
2.217766 0.872227
2.263205 0.864495
2.256905 0.865917
2.250761 0.867847
2.215120 0.870670
2.607189 0.872080
2.633976 0.870966
2.627361 0.871365
2.620726 0.871702
2.614099 0.872066
2.605811 0.871822
2.607318 0.871928
2.600889 0.871077
2.627621 0.869165
2.621075 0.869790
2.614480 0.870253
2.607865 0.870658
2.597307 0.870701
2.601162 0.870773
2.594592 0.870467
2.588297 0.870065
2.621360 0.867718
2.614836 0.868416
2.608282 0.869016
2.601697 0.869514
2.980588 0.856397
2.988362 0.858933
2.978011 0.856180
2.981133 0.857355
2.974290 0.855691
2.982002 0.857140
2.968805 0.855236
2.975001 0.856289
2.967994 0.855166
2.961697 0.854568
3.412694 0.861255
3.406320 0.862432
3.399951 0.863627
3.393606 0.864897
3.387185 0.865921
3.380629 0.866512
3.374039 0.866992
3.362760 0.867413
3.367401 0.867317
3.360816 0.866215
3.400059 0.860934
3.393696 0.862148
3.387304 0.863275
3.380828 0.864124
3.374279 0.864741
3.367630 0.865030
3.359051 0.865158
3.360924 0.865139
3.393799 0.859489
3.387380 0.860527
3.724952 0.887208
3.729178 0.888288
3.722283 0.886168
3.729998 0.887908
3.719931 0.885255
3.722642 0.885908
3.715994 0.883086
3.715960 0.883073
2.329253 0.863184
2.322640 0.863592
2.315954 0.863761
2.303852 0.864334
2.309343 0.864174
2.302733 0.864260
2.296435 0.863535
2.316617 0.862875
2.309921 0.863015
2.303265 0.863283
2.294993 0.863311
2.296548 0.863354
2.290136 0.862875
2.547075 0.873243
2.540311 0.873167
2.529385 0.872437
2.533493 0.872910
2.526789 0.872179
2.520494 0.871702
2.534328 0.872571
2.527477 0.872211
2.519574 0.871629
2.520595 0.871747
2.514199 0.871217
2.973875 0.855681
2.961906 0.854146
2.966883 0.854866
2.960053 0.854123
2.953762 0.853949
2.967927 0.855206
2.961107 0.854941
2.950296 0.853769
2.954141 0.854205
2.947468 0.853733
2.941174 0.853389
3.313527 0.868210
3.327614 0.869410
3.320786 0.869122
3.312032 0.867771
3.313731 0.868100
3.307217 0.866399
3.321248 0.867594
3.314372 0.867151
3.305992 0.866074
3.307380 0.866329
3.623265 0.873042
3.625203 0.875915
3.618259 0.871078
3.617930 0.870927
3.613729 0.869045
3.771349 0.897052
3.771120 0.896998
3.771376 0.897032
3.765049 0.896130
3.772270 0.896871
3.762895 0.895799
3.765283 0.896072
3.758747 0.895002
3.766013 0.895436
3.756293 0.894262
3.759047 0.894697
2.130568 0.849876
2.150653 0.849212
2.143975 0.849409
2.137329 0.849711
2.129700 0.849836
2.130635 0.849857
2.124277 0.849918
2.117992 0.850335
2.138310 0.849841
2.131613 0.849980
2.124924 0.850141
2.114231 0.850386
2.118250 0.850348
2.111703 0.850456
2.105415 0.850701
2.505794 0.870518
2.492023 0.868861
2.485724 0.868010
2.499776 0.869798
2.492818 0.869089
2.485534 0.867987
2.485749 0.868019
2.479429 0.867548
2.486835 0.868534
2.475957 0.867160
2.479852 0.867744
2.939522 0.853558
2.932947 0.854089
2.926349 0.854543
2.919686 0.854786
2.909698 0.854857
2.912974 0.854875
2.906461 0.854914
2.900169 0.854757
2.920385 0.854009
2.913777 0.854432
2.907111 0.854668
2.897377 0.854651
2.900366 0.854648
2.893879 0.854728
2.887586 0.854503
3.292692 0.865448
3.278820 0.863943
3.285806 0.864978
3.278752 0.863930
3.272449 0.862809
3.286460 0.864055
3.279614 0.863706
3.271208 0.862605
3.272592 0.862791
3.266148 0.861812
3.263459 0.861353
3.266450 0.861728
3.575193 0.863795
3.582554 0.865718
3.575061 0.863741
3.575226 0.863817
3.570875 0.861595
3.576115 0.863664
3.568863 0.860034
3.750807 0.894070
3.758265 0.895167
3.748312 0.893396
3.751197 0.894106
3.744493 0.891881
3.751946 0.893522
3.743384 0.891446
3.744653 0.891723
2.580392 0.872333
2.600609 0.872028
2.593934 0.872231
2.587239 0.872373
2.579352 0.872261
2.580472 0.872285
2.574098 0.871969
2.594464 0.870907
2.587842 0.871285
2.581184 0.871547
2.568252 0.871764
2.574512 0.871763
2.567805 0.871759
2.561513 0.871586
3.008949 0.860130
3.002408 0.860772
2.990070 0.859183
2.995460 0.860096
2.988540 0.858510
3.008947 0.857104
3.002479 0.857983
2.995765 0.858062
2.985174 0.857217
2.988909 0.857685
2.982223 0.856091
3.464593 0.852653
3.491329 0.850993
3.484642 0.851164
3.478006 0.851494
3.471407 0.851945
3.461804 0.852339
3.464785 0.852326
3.458296 0.851980
3.452003 0.851667
3.478467 0.849954
3.471848 0.850343
3.465275 0.850881
3.458667 0.851307
3.451543 0.851654
3.452029 0.851632
3.445712 0.851617
3.636199 0.884890
3.641678 0.888633
3.633931 0.884171
3.630855 0.883001
3.635266 0.886657
3.627613 0.881577
3.626136 0.881007
3.628547 0.883723
3.772980 0.896257
3.772805 0.896213
3.772997 0.896230
2.389401 0.862130
2.403195 0.862577
2.396462 0.862599
2.387342 0.862030
2.389601 0.862204
2.383109 0.861962
2.376818 0.861857
2.397295 0.862264
2.390564 0.862288
2.383827 0.862293
2.375027 0.861830
2.376975 0.861926
2.370527 0.861842
2.766234 0.860990
2.786540 0.860061
2.779909 0.860410
2.773249 0.860665
2.763125 0.860470
2.766502 0.860640
2.759933 0.860007
2.780342 0.858787
2.773709 0.859127
2.767069 0.859451
2.754976 0.859281
2.760358 0.859538
2.753633 0.859088
3.198227 0.865067
3.191630 0.865525
3.184961 0.865750
3.175048 0.865210
3.178134 0.865470
3.171555 0.864369
3.191985 0.863633
3.185371 0.864037
3.178668 0.864153
3.168622 0.863590
3.171857 0.863920
3.165246 0.862722
3.185724 0.862186
3.179078 0.862488
3.172370 0.862587
3.162097 0.862042
3.165548 0.862318
3.559224 0.853466
3.558313 0.852808
3.559426 0.853275
3.555047 0.850450
3.560439 0.853540
3.552896 0.849988
3.649894 0.893943
3.687833 0.885350
3.682002 0.888277
3.676248 0.891458
3.670081 0.893302
3.663491 0.893785
3.656846 0.894091
3.649120 0.893567
3.650052 0.893910
3.701373 0.882503
3.694650 0.882555
3.688146 0.883316
3.682214 0.885925
3.676323 0.888674
3.670113 0.890386
3.663769 0.891667
3.657421 0.892936
3.644518 0.891535
3.650850 0.893480
3.643575 0.891271
3.694924 0.880432
3.688109 0.880187
3.682029 0.882327
3.676052 0.884803
3.171333 0.865269
3.164505 0.864981
3.155645 0.863966
3.157567 0.864343
3.151029 0.863017
3.165019 0.863599
3.158246 0.863488
3.148349 0.862547
3.151373 0.863054
3.144727 0.861871
3.158742 0.862099
3.152023 0.862163
3.140514 0.861310
3.145183 0.861834
3.552293 0.852006
3.545604 0.852165
3.539274 0.853486
3.532925 0.854745
3.526482 0.855702
3.518504 0.856444
3.519953 0.856383
3.552622 0.850042
3.545977 0.850347
3.539441 0.851004
3.533048 0.852124
3.526585 0.853019
3.517169 0.853634
3.519992 0.853496
3.306777 0.867406
3.296092 0.865697
3.299731 0.866416
3.292982 0.864903
3.300442 0.865684
3.289316 0.864168
3.293432 0.864805
3.286677 0.863576
3.610116 0.867133
3.617754 0.870580
3.609958 0.867055
3.605142 0.865190
3.610730 0.866649
3.603641 0.864582
