0.888932 0.759143
0.882662 0.759411
0.876390 0.759575
0.870118 0.759583
0.863842 0.758800
0.901467 0.757443
0.895200 0.758413
0.893091 0.758652
0.889228 0.758098
0.883257 0.757414
0.877290 0.756736
0.908885 0.752206
0.902958 0.751466
2.065261 0.799267
2.058997 0.800795
2.052728 0.801292
2.046454 0.801194
2.084061 0.796214
2.077794 0.797247
2.071525 0.797931
2.067585 0.798820
2.066323 0.797673
2.091047 0.793322
2.409087 0.810267
2.421607 0.805657
2.415347 0.808150
2.411880 0.809393
2.434112 0.798400
2.427864 0.802875
2.425737 0.803989
2.434268 0.798269
2.612321 0.756744
2.645144 0.757158
2.618589 0.755896
2.613481 0.756581
2.611523 0.756453
2.612409 0.756419
2.606039 0.754836
2.599751 0.751687
2.596246 0.749185
2.600812 0.748393
2.593455 0.747179
2.588871 0.742430
2.587148 0.740893
2.581022 0.735645
2.580847 0.735394
2.574543 0.729310
2.562000 0.729496
2.556264 0.734085
2.572422 0.728811
2.568263 0.727764
2.565786 0.728389
2.569176 0.727698
3.057150 0.785545
3.069685 0.783749
3.070718 0.785332
3.063423 0.785659
3.058799 0.785594
3.063522 0.785793
3.057054 0.785485
3.050858 0.781748
3.074269 0.780290
3.076789 0.779593
3.046169 0.778514
3.044563 0.777322
3.074761 0.774044
3.074587 0.767757
3.074425 0.761476
3.421320 0.770511
3.414437 0.770685
3.407098 0.768356
3.407671 0.770749
3.400832 0.769599
3.401175 0.770560
3.394558 0.769054
3.395040 0.770039
3.388285 0.768841
3.420698 0.764776
3.413346 0.763789
3.411041 0.765242
3.413638 0.765120
3.427029 0.758815
3.419588 0.758247
3.418106 0.759429
3.419823 0.759305
3.433290 0.752934
3.744508 0.752440
3.738231 0.751486
3.731954 0.750419
3.725677 0.749703
3.719402 0.749105
-0.001887 0.803259
-0.001260 0.802636
0.004338 0.794597
0.003019 0.796625
0.005497 0.795628
0.010562 0.785593
0.007575 0.790642
0.011266 0.784612
0.450981 0.741888
0.437876 0.738641
0.431605 0.738963
0.425334 0.739198
0.419064 0.739464
0.412791 0.739198
0.406516 0.738723
0.400241 0.738174
0.740684 0.754953
0.734412 0.754757
0.754723 0.752295
0.746947 0.753156
0.746446 0.753296
0.747060 0.753220
0.730640 0.752271
0.728118 0.750741
0.728944 0.751341
0.721818 0.745471
0.767129 0.746942
0.721756 0.745419
0.715521 0.740793
0.713677 0.738619
0.709210 0.733611
0.708041 0.731976
0.703792 0.725420
0.702883 0.723224
0.703635 0.724667
0.700634 0.718936
0.696571 0.715835
0.690281 0.712333
0.689240 0.711924
0.683998 0.710457
0.677719 0.709227
0.671444 0.708510
1.129535 0.748633
1.164763 0.741256
1.158490 0.741056
1.152216 0.740683
1.145942 0.740185
1.139668 0.739927
1.133406 0.741753
1.132556 0.742528
1.133863 0.742162
1.933902 0.827830
1.913737 0.820662
1.914194 0.821146
1.907455 0.818777
1.908565 0.820118
1.901174 0.817028
1.894894 0.815707
1.888616 0.814484
1.882843 0.813298
1.882337 0.813182
1.882408 0.813198
1.876056 0.811567
1.869774 0.809743
1.863493 0.808127
1.857211 0.806090
1.855409 0.805277
1.850924 0.803397
2.175550 0.846285
2.168205 0.840607
2.085747 0.792413
2.079482 0.793840
2.073217 0.795067
2.066955 0.796778
2.098265 0.787739
2.092005 0.789851
2.086916 0.792057
2.086036 0.791706
2.104529 0.786147
2.101733 0.786745
2.098731 0.786060
2.093310 0.784845
2.423305 0.804209
2.435823 0.799385
2.429566 0.802153
2.428630 0.802467
2.442073 0.795360
2.439996 0.796900
2.443165 0.796015
2.448311 0.788841
2.446315 0.791031
2.449241 0.790281
2.451247 0.785083
2.455848 0.784057
2.716525 0.734830
2.722770 0.729904
2.717507 0.734084
2.741565 0.725869
2.735290 0.725217
2.729023 0.726348
2.725289 0.728294
3.077650 0.781166
3.078654 0.778864
3.077613 0.774374
3.077246 0.772485
3.078205 0.771948
3.076562 0.766154
3.076721 0.759880
3.075361 0.753512
3.072844 0.747071
3.072625 0.740782
3.449767 0.752802
3.447892 0.756190
3.468543 0.745317
3.462272 0.745593
3.456007 0.746862
3.451865 0.750143
3.481085 0.744968
3.474813 0.745004
3.471956 0.745147
0.006056 1.003882
-0.000203 1.006454
0.018576 0.999299
0.019316 1.003742
0.012327 1.003677
0.010736 1.003912
0.012392 1.003954
0.019263 0.998171
0.026300 0.997153
0.018564 0.997139
0.014517 0.991585
0.012254 0.990028
0.005971 0.988007
0.003337 0.984586
-0.000341 0.980583
0.136932 0.752084
0.177776 0.750120
0.174550 0.749227
0.174828 0.749640
0.168262 0.746478
0.169223 0.748592
0.163413 0.747756
0.157086 0.747411
0.150247 0.747542
0.143170 0.745733
0.141485 0.747777
0.143299 0.747774
0.163688 0.742921
0.161965 0.741679
0.162202 0.742586
0.155668 0.737104
0.156349 0.741779
0.149403 0.738244
0.144803 0.741700
0.149865 0.741578
0.596723 0.781317
0.590431 0.780922
0.582916 0.781426
0.576627 0.778163
0.571742 0.774705
0.577957 0.773724
0.570331 0.773616
0.564032 0.768790
0.571791 0.766901
0.562850 0.767850
0.564449 0.767519
0.557735 0.764090
0.552020 0.760866
0.551444 0.760420
0.551623 0.760658
0.545147 0.755855
0.546401 0.759258
0.542001 0.753938
0.538856 0.752261
0.539147 0.753464
0.532567 0.749264
0.533254 0.752703
0.527265 0.752044
0.526975 0.746689
0.526280 0.746358
0.526314 0.746613
0.519992 0.743301
0.520345 0.745927
0.514635 0.745013
0.514141 0.739585
0.513699 0.739361
0.513734 0.739524
0.507413 0.736849
0.507959 0.738664
0.501132 0.735227
0.494861 0.735246
0.896871 0.751759
0.890604 0.752674
0.884336 0.753330
0.921932 0.746802
0.915669 0.748389
0.909405 0.749833
0.903138 0.750734
0.900480 0.751123
0.897139 0.750638
0.891262 0.749877
0.922062 0.746113
0.916288 0.745218
0.910598 0.744258
0.929495 0.739093
1.529024 0.839397
1.522755 0.839911
1.516485 0.840409
1.510208 0.839369
1.503929 0.838132
1.497649 0.836498
1.491549 0.834581
1.491367 0.834544
1.491619 0.834334
1.485089 0.833605
1.478808 0.832021
2.237181 0.857884
2.230912 0.858324
2.224638 0.858120
2.249696 0.852481
2.243441 0.855596
2.237856 0.857683
2.237387 0.857447
2.255943 0.847787
2.250139 0.852185
2.250045 0.851823
2.257603 0.846397
2.672188 0.757593
2.665920 0.758387
2.659649 0.758428
2.653375 0.758257
2.647098 0.757363
2.640817 0.755597
2.673287 0.755853
2.638330 0.754731
2.634532 0.753206
2.628252 0.751797
2.621971 0.750096
3.155808 0.774589
3.149686 0.774028
3.143554 0.773482
3.137336 0.773025
3.136607 0.767412
3.130750 0.766602
3.130373 0.760654
3.124577 0.759787
3.078584 0.758303
3.130266 0.754452
3.124489 0.753559
3.076932 0.751906
3.124519 0.747220
3.075334 0.745515
3.086946 0.738426
3.079125 0.737792
3.077667 0.739376
3.079663 0.738970
3.111929 0.733823
3.105855 0.733221
3.099405 0.732985
3.091633 0.731143
3.092475 0.733205
3.085373 0.733371
3.084928 0.733562
3.085447 0.733520
3.437860 0.769825
3.441819 0.758606
3.439691 0.763648
3.442360 0.763306
3.442216 0.757519
3.448042 0.749401
3.446210 0.751493
3.448914 0.750795
3.468079 0.745370
3.461568 0.745188
3.454291 0.745033
3.453088 0.745665
3.454680 0.745370
0.012739 0.781272
0.013915 0.774356
0.013674 0.775036
0.038952 0.764834
0.032682 0.765280
0.026413 0.765721
0.020151 0.767662
0.017422 0.768982
0.313533 0.728394
0.371627 0.728269
0.365146 0.728059
0.358720 0.727798
0.352358 0.727477
0.344862 0.722844
0.346007 0.727147
0.338595 0.723796
0.339531 0.726940
0.332324 0.723853
0.333241 0.726559
0.326053 0.724057
0.326913 0.726215
0.319792 0.726013
0.318485 0.726523
0.320006 0.726410
0.350671 0.722320
0.351144 0.722339
0.621290 0.737878
0.622542 0.731379
0.622308 0.731648
0.622617 0.731596
0.635034 0.721670
0.628780 0.724945
0.627391 0.725682
0.629478 0.725119
0.641294 0.719334
0.639065 0.720158
0.654834 0.713865
1.070326 0.778132
1.064056 0.778726
1.057784 0.778547
1.089117 0.773557
1.082855 0.775306
1.076591 0.776931
1.075455 0.777151
1.078042 0.775868
1.052623 0.775715
1.051492 0.774775
1.092051 0.771952
1.046261 0.769025
1.045186 0.768558
1.514800 0.844356
1.514044 0.844044
1.514921 0.843976
1.508518 0.842516
1.502243 0.842018
1.495960 0.839979
1.489671 0.836687
1.487835 0.836056
1.491204 0.834721
1.483391 0.835143
1.477107 0.832986
1.470818 0.829770
1.468669 0.828544
1.464528 0.826461
1.459021 0.821646
1.458227 0.820977
1.459398 0.820512
1.451924 0.815274
1.451446 0.814879
1.445624 0.809932
1.442841 0.808047
1.439329 0.805888
1.433033 0.801373
1.432787 0.801126
1.433099 0.801080
1.427478 0.794502
1.426718 0.793162
1.423049 0.787933
1.420392 0.783059
1.419532 0.781423
1.420761 0.781123
1.416936 0.774971
1.414057 0.771303
1.411385 0.768332
1.407752 0.765288
1.401819 0.761439
1.401459 0.761253
1.401556 0.761326
1.395172 0.758589
1.388887 0.756104
1.382604 0.754067
1.381964 0.753905
1.787709 0.814592
1.781438 0.814765
1.775163 0.814129
1.768888 0.813649
1.762617 0.813878
1.826728 0.815205
1.806515 0.812714
1.800241 0.812500
1.793975 0.813610
1.790264 0.814242
1.787963 0.813834
1.782241 0.812915
1.776301 0.812214
1.801848 0.807053
2.353831 0.817771
2.347561 0.818194
2.341293 0.818814
2.378911 0.816302
2.380524 0.817193
2.372633 0.815224
2.374298 0.816748
2.366361 0.815031
2.367712 0.816644
2.360097 0.816688
2.356942 0.817301
2.360568 0.817062
2.696075 0.748392
2.702320 0.743427
2.698196 0.747140
2.708562 0.737817
2.704784 0.741265
2.714812 0.733567
2.712099 0.735452
2.716015 0.734495
2.721060 0.729221
2.720372 0.729722
2.721439 0.729401
3.047454 0.783608
3.043278 0.781763
3.041167 0.780653
3.034876 0.777174
3.030140 0.774627
3.028584 0.773430
3.022292 0.769787
3.018577 0.767598
3.015999 0.765813
3.009705 0.761546
3.008059 0.760639
3.003409 0.757098
2.999760 0.753824
2.997106 0.751483
2.998179 0.752655
2.990815 0.747853
2.989080 0.746856
2.984523 0.744158
2.978239 0.741895
2.971959 0.740539
2.967420 0.739196
2.965677 0.738640
2.959398 0.737201
3.421362 0.770962
3.435291 0.769977
3.421663 0.770492
3.428297 0.770252
3.434901 0.764014
3.427592 0.762992
3.426123 0.764488
3.427779 0.764414
3.441730 0.757571
3.433826 0.755831
3.430968 0.758519
3.434266 0.758299
3.436877 0.752631
3.440679 0.752262
0.114934 1.002440
0.115659 1.002072
0.117226 0.995874
0.115266 0.989460
0.114862 0.989004
0.108566 0.984430
0.104689 0.982506
0.109273 0.982086
0.102278 0.981572
0.099677 0.982195
0.478975 0.748623
0.472707 0.749305
0.466430 0.748303
0.460144 0.746002
0.491488 0.742969
0.485238 0.747069
0.484181 0.747387
0.459811 0.745835
0.453860 0.743557
0.447570 0.740201
0.492877 0.741683
0.492142 0.740949
0.783360 0.740623
0.777103 0.743268
0.775779 0.743747
0.795866 0.733565
0.789613 0.737013
0.787590 0.738199
0.802116 0.729235
0.797732 0.732573
0.815801 0.726295
1.251220 0.770464
1.225853 0.750160
1.218378 0.745862
1.215692 0.744433
1.212090 0.742873
1.212916 0.743407
1.205808 0.740920
1.199526 0.739193
1.193249 0.738350
1.186976 0.738135
1.180704 0.738011
1.174430 0.737768
1.168157 0.737656
1.678891 0.840903
1.670969 0.837972
1.672177 0.840918
1.664702 0.838804
1.665970 0.840457
1.658428 0.838318
1.652149 0.837157
1.645865 0.834835
1.691169 0.835657
1.684174 0.835944
1.677229 0.835784
1.676178 0.836110
1.677327 0.836087
1.643718 0.834015
1.639581 0.832705
1.633299 0.830807
1.627018 0.829157
1.936016 0.829918
1.929737 0.828717
1.923460 0.827775
1.942257 0.824020
1.940604 0.826126
1.954754 0.815361
1.948486 0.816070
1.945011 0.820128
1.968171 0.814467
1.961491 0.814447
1.955046 0.814201
1.949074 0.813500
2.200734 0.864067
2.194441 0.860334
2.194033 0.860041
2.194727 0.859790
2.188146 0.855868
2.184237 0.853127
2.181850 0.851370
2.175551 0.846285
2.175551 0.846285
2.170189 0.839660
2.169236 0.838519
2.165745 0.833095
2.162908 0.827914
2.162275 0.826595
2.159323 0.820129
2.156569 0.815442
2.155498 0.813607
2.157618 0.812651
2.158121 0.799547
2.087423 0.786884
2.125026 0.781241
2.118752 0.780927
2.112481 0.781164
2.106210 0.781422
2.099936 0.780906
2.093676 0.783189
2.091660 0.784368
2.443785 0.796205
2.450033 0.791666
2.445091 0.795524
2.456270 0.785271
2.452042 0.789673
2.457509 0.783741
2.462502 0.777545
2.462322 0.777778
2.462569 0.777726
2.469394 0.771297
3.528235 0.758118
3.521451 0.758200
3.514202 0.754416
3.534549 0.752183
3.511259 0.752241
3.507903 0.749418
3.501612 0.745763
3.470244 0.744294
3.463980 0.745739
3.499128 0.745172
3.495333 0.744478
3.495810 0.744471
3.489057 0.743628
3.490437 0.743222
3.482782 0.743222
3.476511 0.743329
3.474686 0.743600
0.228153 0.751942
0.221876 0.750902
0.215600 0.750135
0.209323 0.749249
0.203053 0.749390
0.196784 0.750091
0.190519 0.751419
0.210343 0.747712
0.598833 0.773924
0.592560 0.773581
0.611344 0.767563
0.605095 0.771798
0.601908 0.773182
0.599054 0.772772
0.590345 0.772446
0.592791 0.772364
0.586266 0.769565
0.611373 0.767519
0.611355 0.767506
0.606224 0.766008
0.600047 0.765520
0.593658 0.765233
0.582783 0.765680
0.586931 0.765261
0.579964 0.763792
0.573676 0.760839
0.567400 0.760246
0.612261 0.760323
0.612174 0.754098
0.612628 0.741045
0.989735 0.739662
0.988363 0.739057
0.983451 0.737424
0.977167 0.735239
0.970882 0.732795
0.967631 0.731425
0.964597 0.730308
0.958316 0.728693
0.952037 0.727494
0.945759 0.726312
0.939489 0.726508
0.933223 0.727785
1.333593 0.756419
1.327328 0.757924
1.321062 0.758941
1.314792 0.759397
1.346122 0.753844
1.339858 0.755218
1.335192 0.756040
1.359741 0.750247
1.713734 0.840176
1.719977 0.834791
1.714034 0.839660
1.738764 0.829504
1.732503 0.831545
1.726241 0.833363
1.722678 0.833915
1.745029 0.827976
1.741145 0.828829
1.739369 0.828086
1.943952 0.821951
1.942909 0.824585
2.008097 0.821034
2.002096 0.820357
1.981555 0.816639
1.975270 0.814153
1.945448 0.818448
1.982993 0.813093
1.975135 0.814069
1.975299 0.814049
1.968987 0.811934
1.962706 0.810319
1.956427 0.809011
1.950157 0.809441
1.946957 0.812254
1.970594 0.805831
1.963915 0.805812
1.957274 0.805759
2.259305 0.838187
2.265546 0.832283
2.261052 0.836893
2.259688 0.836423
2.271795 0.827981
2.267503 0.831012
2.265903 0.830546
2.278041 0.823183
2.275004 0.825212
2.272627 0.824199
2.284286 0.818280
2.282303 0.819414
2.506844 0.755638
2.531904 0.750667
2.525638 0.751722
2.519373 0.752944
2.520404 0.754753
2.513107 0.754023
2.508754 0.755030
2.513584 0.754867
2.538170 0.749476
2.533552 0.750334
2.539260 0.749594
2.552282 0.743643
2.863215 0.766952
2.863453 0.766267
2.864413 0.760035
2.870488 0.759390
2.865235 0.753798
2.870395 0.753149
2.866810 0.747615
2.869991 0.747207
2.869319 0.735596
2.866857 0.741338
2.869889 0.740985
2.883141 0.734813
2.870185 0.735281
2.876117 0.735127
3.225864 0.779074
3.219593 0.779396
3.238375 0.772920
3.239542 0.777718
3.232117 0.775523
3.226581 0.778030
3.232617 0.777928
3.257171 0.769170
3.250902 0.769805
3.252256 0.772030
3.244638 0.771353
3.239249 0.772547
3.245124 0.772440
3.648301 0.777595
3.642030 0.777710
3.635756 0.777509
3.629478 0.776407
3.660826 0.774239
3.654564 0.776077
3.648498 0.777554
3.648332 0.777512
3.642367 0.776813
3.636251 0.776266
3.629318 0.776328
3.629526 0.776292
3.623181 0.771625
3.620890 0.769507
3.616875 0.765385
3.613552 0.762756
3.610579 0.760863
3.604297 0.759130
0.020310 1.004495
0.026559 1.000061
0.025430 1.003148
0.026916 1.002905
0.027542 0.996990
0.034091 0.996138
0.026537 0.996032
0.020233 0.990244
0.020229 0.990241
0.020236 0.990238
0.013940 0.986213
0.007655 0.983736
0.007059 0.983124
0.008079 0.982766
0.001350 0.977555
0.201355 0.751164
0.195083 0.751171
0.188812 0.751587
0.182542 0.751866
0.176270 0.751771
0.169991 0.750541
0.163712 0.749301
0.603421 0.778084
0.597161 0.780303
0.590887 0.779959
0.584602 0.777475
0.604644 0.773827
0.579258 0.773450
0.585785 0.772653
0.578303 0.772445
0.572798 0.766754
0.579435 0.766006
0.571997 0.766235
0.565715 0.764307
0.559435 0.762673
0.553155 0.761438
0.546877 0.759942
0.542355 0.758540
0.540593 0.757967
0.540778 0.758263
0.937809 0.731728
0.931541 0.732466
0.925276 0.733622
0.919010 0.734729
0.963310 0.732477
0.956627 0.732115
0.950354 0.731705
0.944080 0.731424
0.942352 0.731524
0.938032 0.731015
0.932461 0.729957
1.294283 0.761960
1.325625 0.758532
1.319359 0.759650
1.313091 0.760305
1.306821 0.760844
1.300552 0.761379
1.296969 0.761602
1.330200 0.757466
1.332792 0.756702
2.245128 0.851836
2.257636 0.845224
2.251383 0.848732
2.248622 0.850381
2.263878 0.839681
2.258312 0.844705
2.257958 0.844357
2.270117 0.833637
2.264953 0.838853
2.264392 0.838288
2.270889 0.832968
2.270633 0.832414
2.277116 0.826317
2.539879 0.749872
2.533621 0.752524
2.527359 0.754306
2.526718 0.754475
2.527443 0.754438
2.546133 0.746552
2.541812 0.749135
2.552386 0.742842
2.551914 0.743510
2.555047 0.737446
2.874608 0.752701
2.884924 0.745776
2.876089 0.746500
2.877648 0.746308
2.891394 0.739658
2.883568 0.735159
2.884559 0.739786
2.877317 0.739040
2.876748 0.740253
2.877431 0.740189
2.915933 0.735496
2.909759 0.734985
2.903330 0.734723
2.896098 0.732735
2.896843 0.734519
2.889833 0.733954
2.886640 0.734606
2.890081 0.734580
3.266877 0.773053
3.312431 0.772132
3.285655 0.766082
3.287162 0.770707
3.279394 0.768046
3.280187 0.770962
3.273138 0.770908
3.272355 0.771240
3.273212 0.771222
3.304470 0.765845
3.305014 0.766509
3.298194 0.764995
3.298873 0.765972
3.291924 0.765252
3.286813 0.765876
3.292279 0.765871
3.678403 0.757791
3.697181 0.750663
3.690919 0.752527
3.684661 0.755252
3.683538 0.755798
3.709716 0.748974
3.703447 0.749516
3.698344 0.750464
3.704951 0.749369
0.006054 0.796324
0.006855 0.795166
0.012258 0.783648
0.010406 0.789100
0.012592 0.782955
0.012579 0.782626
0.018468 0.771965
0.015381 0.776854
0.013789 0.775173
0.019549 0.770852
0.018983 0.770276
0.544742 0.754526
0.480669 0.746395
0.532142 0.747446
0.486924 0.743143
0.482756 0.745589
0.525357 0.741221
0.519448 0.740458
0.499423 0.734723
0.493170 0.738230
0.490958 0.739817
0.512538 0.734352
0.505681 0.732105
0.500948 0.734182
0.506254 0.733953
0.860445 0.761832
0.857829 0.759850
0.854149 0.757254
0.849499 0.753031
0.847845 0.751403
0.849011 0.751809
0.842541 0.746301
0.841539 0.745087
0.842332 0.745476
0.836956 0.739662
0.835229 0.738059
0.836721 0.738126
0.828933 0.733453
0.797569 0.732689
0.791315 0.736044
0.827739 0.732785
0.822647 0.730743
0.816351 0.726380
0.803819 0.728686
0.800833 0.731050
0.813065 0.725551
0.810071 0.725028
0.809278 0.725306
0.810376 0.725068
1.179000 0.738618
1.172730 0.739007
1.166461 0.739483
1.160188 0.739282
1.153913 0.738826
1.147638 0.738269
1.192286 0.737611
1.185267 0.737795
1.184365 0.737862
1.185388 0.737805
1.670384 0.836325
1.663735 0.836275
1.657305 0.836014
1.650432 0.835182
1.651013 0.835621
1.644155 0.834310
1.645440 0.834548
1.637876 0.833067
1.631596 0.831504
1.625315 0.829803
1.619035 0.828217
1.617805 0.827787
1.612751 0.825963
1.606467 0.823852
1.600183 0.821667
1.596750 0.820172
1.593895 0.818606
1.587609 0.816024
1.860123 0.816265
1.867395 0.814747
1.854919 0.814966
1.860599 0.814840
1.853843 0.814720
1.847564 0.813360
1.841283 0.811620
1.835003 0.810322
1.828725 0.809086
1.822444 0.807340
1.842846 0.806289
1.836178 0.806260
1.829597 0.806151
1.818639 0.806342
1.822812 0.806233
1.816163 0.805752
1.809886 0.804709
1.803610 0.804095
2.380622 0.817233
2.374348 0.816775
2.368077 0.816927
2.361810 0.817784
2.399426 0.814820
2.393163 0.816436
2.386894 0.817202
2.382472 0.817219
2.387925 0.816532
2.404322 0.812366
2.406561 0.811604
2.419732 0.805520
2.688110 0.750973
2.681839 0.751149
2.675559 0.749743
2.669284 0.749106
2.694367 0.748116
2.693827 0.748563
2.694648 0.748332
2.700605 0.741891
2.699848 0.742675
2.700990 0.742359
3.067971 0.782505
3.061705 0.783598
3.055442 0.785175
3.057100 0.785539
3.049158 0.783058
3.069057 0.781699
3.044289 0.780087
3.042864 0.779013
3.036573 0.775364
3.032383 0.773044
3.030281 0.771542
3.023992 0.768380
3.018855 0.765901
3.017702 0.765205
3.018360 0.765224
3.011410 0.761391
3.005727 0.758788
3.005122 0.758366
3.005269 0.758618
2.998822 0.753088
2.997054 0.751955
2.992524 0.748134
3.359765 0.765589
3.340944 0.764714
3.334676 0.765317
3.386249 0.765690
3.379496 0.765743
3.372309 0.765632
3.372688 0.765848
3.366038 0.765761
3.364989 0.765732
3.366073 0.765766
3.356182 0.765163
3.353490 0.764879
3.353777 0.764720
3.347216 0.764504
3.346408 0.764540
3.347953 0.763903
3.746218 0.753135
0.116450 0.759640
0.130086 0.753933
0.122692 0.753856
0.122221 0.754545
0.122777 0.754498
0.136399 0.747964
0.128929 0.747302
0.126930 0.748556
0.129320 0.748321
0.141419 0.737340
0.142786 0.741937
0.135173 0.742174
0.133957 0.742729
0.135417 0.742576
0.155478 0.736302
0.148904 0.736180
0.270854 0.742355
0.264594 0.744365
0.258329 0.745885
0.283375 0.737955
0.277116 0.740380
0.273593 0.741359
0.285865 0.735882
0.297483 0.728709
0.740032 0.753539
0.733784 0.753102
0.726939 0.746936
0.721806 0.745434
0.714920 0.739298
0.710602 0.733886
0.708593 0.732629
0.688582 0.713986
0.650947 0.713343
0.687412 0.713545
0.682300 0.712051
0.676022 0.710966
0.669748 0.710382
0.663473 0.710030
0.657205 0.710815
0.655209 0.711469
1.105021 0.763681
1.098769 0.767404
1.096222 0.768787
1.111277 0.760464
1.105967 0.763107
1.105846 0.762277
1.117523 0.755617
1.115392 0.757427
1.123761 0.749359
1.121566 0.751557
1.536985 0.836042
1.530717 0.836839
1.524448 0.837317
1.518177 0.837429
1.511902 0.836944
1.505625 0.836138
1.549516 0.833669
1.543252 0.834961
1.537959 0.835830
1.537130 0.835627
1.531883 0.834261
1.562945 0.830264
1.557065 0.829469
1.833328 0.816104
1.853771 0.814966
1.847108 0.814931
1.840316 0.815022
1.829806 0.815074
1.833661 0.814979
1.827046 0.814260
1.820762 0.811916
1.814478 0.809855
1.808196 0.808002
1.795650 0.807572
1.789387 0.809078
1.783121 0.810479
1.815855 0.806477
1.803079 0.807060
1.808701 0.806907
1.801919 0.806879
1.800902 0.806921
1.796427 0.805855
2.227510 0.860599
2.221245 0.861852
2.214973 0.861969
2.208695 0.860906
2.202418 0.859842
2.227817 0.860505
2.199632 0.858667
2.203671 0.857659
2.196133 0.857431
2.189838 0.853257
2.187548 0.851611
2.183540 0.848373
2.179156 0.844792
2.177239 0.842868
2.172872 0.838107
2.170929 0.835818
2.167781 0.831498
2.164607 0.826401
2.163876 0.824964
2.160969 0.818494
2.158678 0.812066
2.158250 0.810760
2.159235 0.811116
2.156398 0.805639
2.158188 0.799150
2.158031 0.799469
2.159200 0.792197
2.153870 0.786653
2.151846 0.785949
2.152255 0.786125
2.145564 0.784100
2.139282 0.782188
2.133000 0.780384
2.126722 0.779350
2.120450 0.779262
2.114179 0.779524
2.107907 0.779462
2.101628 0.778277
2.478424 0.771032
2.474951 0.775154
2.484657 0.763700
2.479906 0.769175
2.485091 0.763222
2.490884 0.755439
2.489754 0.757247
2.491316 0.756915
2.504701 0.750618
2.497736 0.750876
2.815625 0.741632
2.788936 0.735941
2.782661 0.735246
2.821750 0.735879
2.815009 0.735920
2.808701 0.735539
2.802450 0.735107
2.795206 0.735309
2.792870 0.735479
2.795427 0.735419
2.780414 0.734670
2.776381 0.733762
2.777449 0.733416
2.770099 0.731858
2.763814 0.729549
2.757532 0.727696
2.753685 0.726691
2.751251 0.726035
3.176093 0.780712
3.169758 0.780362
3.162581 0.777781
3.163505 0.779934
3.156307 0.777235
3.156990 0.779758
3.150034 0.777120
3.150480 0.779581
3.143750 0.775023
3.144728 0.778692
3.137471 0.773691
3.134714 0.772724
3.131185 0.770962
3.131519 0.772194
3.127331 0.765969
3.124872 0.763196
3.125228 0.765492
3.121670 0.759323
3.118964 0.758765
3.119660 0.752911
3.118646 0.752743
3.113149 0.751621
3.122113 0.746790
3.118858 0.746225
3.113057 0.745382
3.087109 0.738893
3.119085 0.740317
3.118472 0.739538
3.118543 0.740214
3.112176 0.735086
3.112720 0.739378
3.105896 0.733426
3.106653 0.738784
3.099627 0.734044
3.100337 0.738429
3.093370 0.736804
3.088651 0.738375
3.093717 0.738357
3.528476 0.758796
3.522203 0.758499
3.542400 0.757384
3.534722 0.753822
3.530096 0.757996
3.535312 0.757756
3.520814 0.757398
3.515908 0.754255
3.555112 0.751729
3.548043 0.752088
3.537464 0.752205
3.541273 0.752159
3.510365 0.750447
3.509613 0.749838
3.510065 0.749978
3.503322 0.746500
3.497041 0.744675
3.490761 0.743157
3.541501 0.745632
3.488029 0.742752
3.484484 0.742265
0.098994 1.005639
0.092721 1.005542
0.094280 1.008871
0.086454 1.006529
0.087361 1.009075
0.080186 1.007253
0.080730 1.009015
0.073911 1.006592
0.101878 1.004591
0.106143 1.003972
0.103746 0.998433
0.105524 0.998244
0.098936 0.994724
0.092677 0.997303
0.086400 0.996471
0.080113 0.993474
0.073842 0.993644
0.067558 0.991558
0.061295 0.993323
0.106610 0.990896
0.099639 0.991154
0.081050 0.989739
0.074744 0.989375
0.068150 0.989280
0.397674 0.735303
0.391923 0.734388
0.385825 0.733816
0.379394 0.733564
0.371687 0.728529
0.372812 0.733455
0.365419 0.729142
0.366404 0.733184
0.359148 0.729265
0.360125 0.732795
0.352874 0.729012
0.346601 0.728786
0.340330 0.728944
0.377958 0.728110
0.373675 0.728342
0.378071 0.728515
0.904807 0.743758
0.923597 0.738700
0.917335 0.740520
0.911071 0.742273
0.905857 0.743477
0.904925 0.743300
0.936131 0.736964
0.929862 0.737536
0.924857 0.738404
0.923719 0.738203
0.918213 0.737076
0.950109 0.732285
0.943966 0.731746
1.292583 0.763393
1.286321 0.765183
1.280055 0.766264
1.273787 0.767000
1.305119 0.761771
1.298852 0.762581
1.293879 0.763114
1.706724 0.846253
1.699488 0.841069
1.699885 0.846385
1.693243 0.846245
1.692882 0.846311
1.693255 0.846324
1.713677 0.839690
1.699936 0.840462
1.706478 0.840158
1.724532 0.832860
1.718256 0.832316
1.719693 0.834005
1.711986 0.832560
1.713021 0.833980
1.705723 0.834234
1.705239 0.834515
1.705857 0.834420
2.492620 0.760736
2.491751 0.761940
2.493046 0.761605
2.505117 0.751998
2.506619 0.755115
2.498859 0.754664
2.497169 0.755995
2.499327 0.755669
2.531705 0.750417
2.524879 0.750540
2.518130 0.750589
2.511380 0.750374
2.510493 0.750578
2.511460 0.750560
2.849008 0.775027
2.852908 0.773581
2.855553 0.773469
2.844911 0.773081
2.842693 0.767033
2.863167 0.766293
2.853664 0.767341
2.855373 0.767315
2.842474 0.766635
2.836402 0.763401
2.830109 0.759729
2.862955 0.760164
2.855186 0.757577
2.854691 0.761123
2.855259 0.761104
2.830043 0.759568
2.855357 0.754886
2.862715 0.754069
2.826548 0.753055
2.823773 0.747713
2.855234 0.748602
2.862434 0.748021
2.822382 0.746503
2.817485 0.744671
2.855513 0.742348
2.862292 0.741848
2.869223 0.735316
3.172280 0.780224
3.191064 0.774207
3.184806 0.776639
3.178541 0.778163
3.177539 0.778325
3.217380 0.773347
3.209867 0.771922
3.211081 0.772964
3.203594 0.771652
3.204765 0.772600
3.197325 0.772120
3.194068 0.773091
3.198062 0.772605
3.556976 0.758440
3.589856 0.756846
3.582030 0.752049
3.583470 0.756552
3.575765 0.753351
3.577218 0.756135
3.569502 0.755039
3.570718 0.755953
3.563235 0.755946
3.561535 0.756574
3.563678 0.756271
3.588297 0.751161
3.583633 0.751719
3.588502 0.751832
0.081722 0.768164
0.075449 0.768010
0.094248 0.764752
0.087990 0.767455
0.082673 0.768017
0.081994 0.767705
0.100488 0.758759
0.097019 0.762642
0.106732 0.753501
0.102545 0.756725
0.108307 0.755507
0.113674 0.750479
0.256637 0.748581
0.250365 0.748454
0.244092 0.748449
0.237817 0.747821
0.231540 0.746836
0.269161 0.744935
0.262900 0.746952
0.257474 0.748328
0.257082 0.747850
0.251166 0.747116
0.230286 0.746609
0.614662 0.749769
0.614301 0.751704
0.614781 0.751627
0.615436 0.745485
0.614620 0.741995
0.614589 0.736194
0.613775 0.739093
0.614834 0.738932
0.620825 0.729441
0.615818 0.732941
0.627079 0.726083
0.624246 0.727215
1.068625 0.779264
1.062359 0.780421
1.056089 0.780677
1.049805 0.778587
1.074886 0.777231
1.070869 0.778590
1.048109 0.777118
1.050971 0.776129
1.043505 0.773303
1.040565 0.770353
1.044827 0.769291
1.037208 0.768602
1.030916 0.764815
1.029014 0.763334
1.024622 0.760721
1.018326 0.756415
1.018259 0.756368
1.012028 0.751519
1.009348 0.749518
1.005730 0.746632
0.999440 0.743198
0.997929 0.742514
1.429654 0.807881
1.425749 0.804130
1.335297 0.756095
1.393202 0.756587
1.360357 0.750867
1.354095 0.752658
1.347828 0.753659
1.341561 0.754671
1.341272 0.754719
1.341683 0.754625
1.373400 0.749993
1.366621 0.749410
1.364134 0.749903
1.366991 0.749713
1.734192 0.828077
1.727935 0.830997
1.759249 0.822344
1.752979 0.822734
1.746714 0.823983
1.740452 0.825842
1.737311 0.826853
1.735261 0.825661
1.765516 0.821457
1.761395 0.822129
1.759486 0.821756
1.753812 0.820777
2.022622 0.820400
2.016365 0.823359
2.010098 0.824311
2.003813 0.821717
2.035147 0.816992
2.028883 0.818384
2.023557 0.820007
1.999883 0.818492
1.997508 0.815671
1.991303 0.811663
1.991214 0.811591
1.984922 0.807888
1.981975 0.804787
1.978621 0.802400
1.972334 0.799574
2.339587 0.819035
2.333322 0.820439
2.327060 0.822151
2.320790 0.822825
2.314513 0.821829
2.352113 0.815608
2.353494 0.817417
2.345850 0.817386
2.343133 0.818139
2.346482 0.817715
2.365443 0.812501
2.651677 0.759820
2.645392 0.757456
2.643541 0.756796
2.639104 0.754474
2.640255 0.755415
2.632826 0.753442
2.626555 0.753438
2.620281 0.753043
2.614003 0.751870
2.607719 0.749691
2.604234 0.747986
2.601431 0.746844
2.595140 0.743270
2.592125 0.740937
2.588842 0.738341
2.583063 0.734079
2.582542 0.733113
2.576243 0.728255
2.975845 0.748476
2.969062 0.748558
2.962312 0.747782
2.956029 0.745551
2.949747 0.743664
2.943463 0.741501
2.918372 0.740914
2.951063 0.740231
2.942346 0.741021
2.943685 0.740877
2.937179 0.739036
2.930902 0.738295
2.924632 0.738727
2.921963 0.739717
2.925175 0.739386
3.320474 0.774448
3.317590 0.777001
3.339247 0.766367
3.332980 0.767314
3.326718 0.769357
3.323715 0.771091
3.359615 0.765536
3.351784 0.765269
3.345514 0.765556
3.342075 0.765984
3.705152 0.749344
3.698885 0.750294
3.692621 0.751580
3.736519 0.750630
3.736867 0.750876
3.730243 0.749769
3.730923 0.750147
3.723969 0.749441
3.724743 0.749654
3.717695 0.748955
3.718619 0.749113
3.711421 0.748648
3.706179 0.749245
3.712240 0.748815
0.106966 1.004254
0.100714 1.008224
0.096718 1.008860
0.109675 1.003378
0.114547 1.002380
0.112339 0.997260
0.113521 0.997013
0.094351 0.991094
0.088078 0.990973
0.108363 0.990722
0.114639 0.989644
0.106888 0.989794
0.100604 0.987682
0.096142 0.989946
0.094787 0.989420
0.085242 0.989263
0.081786 0.987128
0.075510 0.986564
0.101969 0.982646
0.248671 0.750953
0.242400 0.751140
0.236125 0.750492
0.229848 0.749585
0.223570 0.748496
0.217293 0.747557
0.204747 0.747228
0.224452 0.747046
0.216154 0.747405
0.217388 0.747386
0.211017 0.746801
0.208369 0.746918
0.606754 0.763038
0.600482 0.763046
0.594204 0.761871
0.610345 0.759439
0.610547 0.753170
0.608661 0.746770
0.614021 0.746016
0.610881 0.740640
1.054383 0.781054
1.048105 0.779899
1.068006 0.779041
1.046074 0.778721
1.041813 0.776106
1.036485 0.771819
1.035516 0.771311
1.029221 0.767185
1.026697 0.764905
1.022922 0.762072
1.018141 0.758072
1.016621 0.756581
1.018264 0.756430
1.011202 0.751345
1.010314 0.750133
1.010801 0.750829
1.004922 0.744660
1.004009 0.744041
1.004248 0.744376
0.997723 0.741479
0.999187 0.742839
0.991440 0.739247
0.987647 0.737267
0.985152 0.736254
0.985844 0.736465
0.978866 0.733744
0.972580 0.731158
0.969760 0.729847
0.966293 0.728415
0.960009 0.726153
1.500607 0.855131
1.496722 0.850938
1.501094 0.850697
1.494299 0.848465
1.508253 0.843944
1.501966 0.843543
1.495084 0.843721
1.482975 0.837490
1.481694 0.837043
1.475408 0.834437
1.469117 0.830851
1.468058 0.830236
1.462828 0.827676
1.457381 0.823264
1.456529 0.822628
1.450230 0.817728
1.448344 0.816400
1.443935 0.813413
1.437643 0.809626
1.437250 0.809403
1.437781 0.809295
1.431352 0.806093
1.427676 0.802506
1.425041 0.798649
1.423295 0.795943
1.426153 0.794987
1.418771 0.789372
1.418718 0.789277
1.415336 0.782871
1.413987 0.776508
1.412362 0.773561
1.410166 0.769984
1.406046 0.765351
1.403921 0.763303
1.399747 0.760341
1.393456 0.756826
1.392163 0.756260
1.387171 0.754387
1.388028 0.755129
1.380890 0.752624
1.382543 0.754000
1.374612 0.751555
1.368338 0.751158
1.362068 0.751622
1.355800 0.752376
1.748399 0.819894
1.742137 0.821941
1.786028 0.819316
1.779751 0.818464
1.773473 0.817417
1.767199 0.816987
1.760931 0.817636
1.754663 0.818492
1.749694 0.819652
1.748633 0.819353
1.793670 0.814782
2.024318 0.818533
2.018065 0.822040
2.036834 0.813318
2.030574 0.815577
2.024683 0.818363
2.024408 0.818255
2.049356 0.809033
2.043091 0.810631
2.037921 0.812924
2.037049 0.812647
2.031628 0.811445
2.056053 0.807391
2.050591 0.806194
2.457993 0.788195
2.457794 0.788348
2.458102 0.788262
2.464233 0.782237
2.464050 0.782446
2.464318 0.782379
2.470463 0.774379
2.468731 0.776457
2.471133 0.775948
2.476691 0.766213
2.473176 0.770463
2.477955 0.769512
2.478025 0.764507
2.484542 0.763300
2.777359 0.736220
2.774683 0.735443
2.768398 0.733068
2.762112 0.730399
2.757435 0.728640
2.755828 0.728083
2.756424 0.727969
2.749546 0.726218
2.743268 0.725150
2.736995 0.724986
2.730733 0.726841
2.730578 0.726927
2.730798 0.726877
3.252626 0.773073
3.246373 0.776487
3.244302 0.777460
3.246638 0.777349
3.271412 0.767602
3.265147 0.768767
3.266314 0.771409
3.258883 0.770300
3.255108 0.771846
3.259384 0.771625
3.285387 0.766057
3.277679 0.766525
3.275230 0.766868
3.278066 0.766657
3.662517 0.771064
3.656251 0.772277
3.649982 0.772809
3.643709 0.772686
3.637437 0.772600
3.675029 0.765300
3.668776 0.768730
3.664255 0.770562
3.662841 0.770138
3.657510 0.768858
3.675397 0.765017
3.675269 0.764758
0.086298 0.770208
0.080028 0.770721
0.073755 0.770159
0.067475 0.768774
0.092556 0.767512
0.086731 0.769991
0.086600 0.769671
0.067325 0.768742
0.067577 0.768656
0.061196 0.767525
0.054917 0.766235
0.048640 0.765188
0.305552 0.728062
0.299293 0.730729
0.293030 0.732384
0.291180 0.732791
0.311802 0.723963
0.306516 0.727465
0.312838 0.726848
0.344663 0.722125
0.338121 0.721972
0.331713 0.721690
0.325235 0.721478
0.318052 0.719842
0.315885 0.721792
0.318343 0.721664
0.754922 0.752400
0.748657 0.753717
0.742392 0.755037
0.736122 0.755328
0.767439 0.747260
0.761182 0.749993
0.755597 0.752151
0.768567 0.746718
0.700815 0.717253
0.698274 0.715093
1.112974 0.758847
1.119227 0.755150
1.118123 0.755890
1.119708 0.755518
1.125464 0.748591
1.124436 0.750003
1.125975 0.749594
1.137972 0.741857
1.131703 0.742499
1.129278 0.744035
1.686752 0.846144
1.678966 0.841122
1.672698 0.842106
1.666421 0.841165
1.699429 0.840485
1.691487 0.837060
1.692332 0.840860
1.685231 0.839938
1.680085 0.840906
1.685496 0.840990
1.663124 0.839838
1.660136 0.838765
1.697743 0.834006
1.694073 0.835528
1.698271 0.835267
2.008380 0.822025
2.002099 0.820360
2.022433 0.820125
2.012013 0.821006
2.014953 0.820880
2.002084 0.820353
1.995804 0.816163
1.989522 0.814219
1.984775 0.812955
1.991129 0.811737
1.983240 0.812437
1.976951 0.809118
1.951840 0.804989
1.971217 0.805803
1.977853 0.805303
1.970659 0.805538
1.964378 0.803959
1.958101 0.802848
1.952239 0.804609
2.331617 0.820839
2.325356 0.822757
2.319088 0.823522
2.287692 0.816764
2.335624 0.819400
2.338673 0.818781
2.313050 0.817927
2.312785 0.817769
2.312831 0.817866
2.306499 0.814963
2.307272 0.816794
2.300221 0.813938
2.301272 0.816149
2.293950 0.814316
2.288344 0.816363
2.605327 0.756790
2.598067 0.756165
2.591769 0.751295
2.591045 0.750595
2.592139 0.750279
2.585464 0.745031
2.547825 0.743656
2.544170 0.747594
2.584618 0.743901
2.586016 0.743413
2.554058 0.736453
2.550042 0.741668
2.579350 0.737283
2.579149 0.737071
2.560297 0.730369
2.554606 0.735671
2.572923 0.730588
2.572843 0.730532
2.573025 0.730405
2.566558 0.728404
2.561399 0.729831
2.891584 0.742048
2.936024 0.741807
2.929204 0.739902
2.922919 0.737384
2.916642 0.736566
2.917897 0.739925
2.910371 0.736831
2.911055 0.740061
2.904106 0.738126
2.904405 0.740016
2.897839 0.739016
2.895550 0.739744
2.897941 0.739798
3.312485 0.772389
3.313704 0.777261
3.307260 0.777030
3.287393 0.771849
3.331279 0.768564
3.325014 0.769678
3.318748 0.770908
3.313285 0.772134
3.319472 0.771807
3.311095 0.771994
3.306201 0.770372
3.306430 0.771474
3.299923 0.769263
3.300279 0.770963
3.293657 0.770319
3.291509 0.770756
3.293749 0.770809
3.670458 0.764178
3.664195 0.765853
3.657932 0.767465
3.682969 0.757940
3.676716 0.761426
3.673234 0.763135
3.671247 0.762215
3.689220 0.754111
3.683605 0.757524
3.683750 0.756732
3.696399 0.751141
0.004048 0.992891
0.095953 0.764362
0.108450 0.755780
0.102206 0.760947
0.101789 0.761240
0.102286 0.761194
0.114704 0.752256
0.109111 0.755416
0.115627 0.754921
0.120957 0.748759
0.119126 0.749784
0.121589 0.749302
0.272547 0.739657
0.285072 0.735973
0.278810 0.738030
0.272694 0.739608
0.297577 0.728914
0.291328 0.733029
0.288247 0.734296
0.297865 0.728639
0.305358 0.727584
0.311243 0.722052
0.636738 0.721144
0.632228 0.724298
0.649249 0.715057
0.642991 0.717637
0.641186 0.718567
0.661778 0.712264
0.655510 0.712834
0.654434 0.713138
1.078291 0.775685
1.090820 0.772834
1.084556 0.774313
1.078459 0.775650
1.078414 0.775527
1.103327 0.765919
1.097075 0.769584
1.095539 0.770436
1.109580 0.762383
1.105255 0.764788
1.551197 0.828829
1.544934 0.830500
1.538670 0.832040
1.532405 0.833283
1.530105 0.833632
1.570007 0.827746
1.563737 0.828009
1.557467 0.828429
1.552261 0.828743
1.551253 0.828621
1.545765 0.827483
1.886925 0.817513
1.880646 0.816305
1.874366 0.814729
1.882242 0.813355
1.873417 0.814422
1.874608 0.814250
1.868084 0.812868
1.861805 0.811477
1.855524 0.809741
1.849242 0.807965
1.844042 0.806250
1.850010 0.805852
1.842959 0.805912
1.836679 0.804477
1.830401 0.803246
1.824123 0.802216
2.267216 0.825484
2.279725 0.819039
2.273467 0.821708
2.270618 0.823227
2.292238 0.813204
2.285982 0.816198
2.282154 0.817666
2.287402 0.816588
2.311469 0.812872
2.305341 0.812315
2.298502 0.811702
2.295379 0.812242
2.298884 0.812082
2.667609 0.755122
2.661336 0.754878
2.655065 0.755077
2.686405 0.751337
2.680137 0.752043
2.673870 0.752945
2.670315 0.755058
2.667880 0.754630
2.661710 0.754138
2.689379 0.750019
2.989122 0.750470
2.982839 0.748342
2.982196 0.748148
2.982959 0.748073
2.976555 0.746186
2.970275 0.744607
2.963992 0.742646
2.957712 0.740998
2.965379 0.739367
2.954118 0.740053
2.958262 0.739759
2.951430 0.739258
2.945148 0.737410
2.938873 0.736756
3.386564 0.766302
3.380295 0.766865
3.374023 0.766831
3.367747 0.766091
3.361469 0.765002
3.355191 0.763913
3.406552 0.765492
3.399096 0.764025
3.399724 0.765615
3.392830 0.765208
3.390332 0.765638
3.393045 0.765597
-0.001914 1.005512
-0.000104 1.004931
0.005885 1.003776
0.018415 0.998272
0.011242 0.998726
0.004302 0.995150
0.003766 0.998900
0.004579 0.998691
0.005421 0.992732
0.011413 0.992249
0.004286 0.992160
0.000244 0.986120
-0.002032 0.983503
0.072053 0.771201
0.069921 0.770644
0.065773 0.769682
0.067428 0.768796
0.059494 0.768329
0.053214 0.766858
0.046937 0.765799
0.040659 0.764925
0.034386 0.764628
0.028113 0.764454
0.470999 0.749275
0.466912 0.748008
0.464718 0.747424
0.465025 0.747570
0.458434 0.745265
0.460044 0.745948
0.452145 0.742261
0.449252 0.740583
0.445853 0.738408
0.446687 0.739589
0.439565 0.735400
0.433294 0.735508
0.427026 0.736455
0.420757 0.736975
0.887255 0.764724
0.880982 0.764540
0.874710 0.764385
0.868434 0.763678
0.862148 0.761109
0.900844 0.759815
0.895067 0.758920
0.857245 0.758072
0.855855 0.757242
0.849556 0.752098
0.848844 0.751252
0.843249 0.745596
0.842075 0.744536
0.836938 0.738213
0.836567 0.737900
0.830641 0.733729
0.826497 0.730975
0.824349 0.730061
0.825360 0.729908
0.818061 0.727016
0.811783 0.725855
1.265827 0.770477
1.259551 0.769767
1.284627 0.767442
1.278363 0.768946
1.272095 0.769706
1.271987 0.769712
1.266878 0.768327
1.257484 0.768787
1.260444 0.768084
1.253268 0.767526
1.246977 0.764176
1.243757 0.761636
1.240681 0.759701
1.234386 0.755446
1.233317 0.754692
1.623606 0.829418
1.623989 0.829532
1.617326 0.828008
1.618671 0.828208
1.611043 0.825973
1.604763 0.824355
1.598481 0.822540
1.596347 0.821848
1.592197 0.820280
1.585919 0.819149
1.579638 0.817487
1.573358 0.816017
1.567085 0.815657
1.574236 0.813275
1.934300 0.828170
1.940560 0.826035
1.936367 0.827584
1.931347 0.827257
1.928018 0.826340
1.928308 0.826768
1.921735 0.824252
1.922449 0.825973
1.915454 0.822582
1.916299 0.825462
1.909173 0.821000
1.910234 0.824877
1.903599 0.819196
1.902891 0.818977
1.902926 0.819119
1.896609 0.817147
1.896965 0.818434
1.890327 0.815428
1.884045 0.813447
2.229213 0.859955
2.222943 0.860332
2.216668 0.859745
2.210389 0.858427
2.241739 0.856413
2.235479 0.858967
2.234445 0.859183
2.236209 0.858554
2.205707 0.857350
2.204109 0.857049
2.197824 0.854517
2.191530 0.850498
2.248904 0.852916
2.191064 0.850146
2.185230 0.845132
2.161470 0.816833
2.159963 0.811834
2.159655 0.810427
2.157928 0.804026
2.157333 0.797699
2.157353 0.791415
2.153563 0.787857
2.149850 0.784652
2.147267 0.783375
2.140980 0.780728
2.134700 0.779139
2.128424 0.778290
2.848790 0.773529
2.848727 0.767266
2.842682 0.766657
2.848480 0.761181
2.842264 0.760726
2.836123 0.760203
2.830100 0.759579
2.855135 0.754909
2.848319 0.755021
2.842029 0.754631
2.835733 0.754249
2.829627 0.753693
2.855122 0.748611
2.848297 0.748733
2.841880 0.748461
2.835451 0.748202
2.829325 0.747658
2.823633 0.746714
2.815764 0.741983
2.855056 0.742369
2.848257 0.742466
2.841584 0.742441
2.835037 0.742293
2.828738 0.741905
2.822023 0.739603
2.818119 0.741654
2.822236 0.741716
2.813948 0.741384
2.809475 0.738856
2.809987 0.740626
2.803191 0.736548
2.796920 0.736815
2.790643 0.735797
2.784363 0.734362
2.824831 0.735820
2.828599 0.735732
3.176850 0.780991
3.170581 0.781600
3.164308 0.781495
3.158035 0.781397
3.151761 0.780985
3.145480 0.779139
3.189367 0.776135
3.183111 0.778993
3.178979 0.780128
3.178025 0.778870
3.542727 0.758736
3.536467 0.760946
3.530192 0.760303
3.523908 0.758152
3.555237 0.752209
3.556590 0.756635
3.548979 0.755074
3.544826 0.757218
3.549622 0.756890
3.581975 0.751666
3.575494 0.751454
3.568922 0.751331
3.561490 0.748832
3.556269 0.751681
3.562188 0.751366
0.098525 1.004846
0.092216 1.004474
0.085611 1.004386
0.079168 1.004145
0.073280 1.003386
0.066922 1.003068
0.060940 1.002408
0.098324 0.998726
0.092567 0.997825
0.086140 0.997567
0.079330 0.997674
0.073413 0.996939
0.066903 0.996762
0.060779 0.996230
0.054239 0.996084
0.047662 0.995973
0.037435 0.995928
0.041166 0.995789
0.034503 0.993548
0.417365 0.740921
0.411090 0.740405
0.404813 0.739505
0.398531 0.737571
0.392248 0.735501
0.385971 0.734491
0.387086 0.738964
0.379702 0.735252
0.373437 0.736466
0.756622 0.751092
0.769143 0.746827
0.762883 0.749134
0.758079 0.750613
0.781657 0.741266
0.775400 0.744192
0.772872 0.745257
0.787910 0.737726
0.784383 0.739726
1.270414 0.774517
1.264144 0.774904
1.257866 0.773739
1.277216 0.771242
1.272084 0.769728
1.252257 0.770168
1.251573 0.769871
1.245278 0.765503
1.242952 0.763288
1.238977 0.760131
1.234613 0.756470
1.232678 0.755053
1.233858 0.755244
1.226382 0.750655
1.224746 0.749555
1.220091 0.747182
1.213805 0.744447
1.208788 0.742255
1.207519 0.741772
1.207846 0.741872
1.201237 0.739889
1.194957 0.738606
1.590508 0.823726
1.584234 0.823281
1.577959 0.822674
1.571683 0.821996
1.565412 0.822105
1.559143 0.822640
1.552875 0.823452
1.546610 0.824777
1.591083 0.822656
1.584614 0.822433
1.578109 0.822247
1.571687 0.821983
1.565597 0.821407
1.559606 0.820744
1.553729 0.819986
2.044773 0.805730
2.038503 0.806109
2.032232 0.806520
2.069839 0.801697
2.063573 0.802695
2.057308 0.804269
2.051041 0.805191
2.047032 0.805505
2.044970 0.805173
2.038974 0.804518
2.032772 0.804061
2.070638 0.799931
2.388596 0.816125
2.407387 0.811541
2.401126 0.813670
2.394862 0.815154
2.389528 0.815968
2.419899 0.805639
2.413645 0.808822
2.408965 0.810916
2.420383 0.805389
2.434054 0.798313
3.225780 0.778057
3.217859 0.774324
3.219251 0.777901
3.211585 0.773807
3.205309 0.773321
3.199037 0.773202
3.192768 0.773667
3.238289 0.772570
3.230387 0.771290
3.231568 0.772591
3.224123 0.772789
3.221852 0.773155
3.224378 0.773061
3.640340 0.780994
3.634065 0.780507
3.627785 0.778877
3.626237 0.777850
3.621487 0.774014
3.618690 0.771082
3.615178 0.767253
3.612529 0.764405
3.608872 0.760765
3.590036 0.757163
3.583762 0.756835
3.577487 0.756221
3.571214 0.755964
3.602868 0.757501
3.602581 0.757357
3.602655 0.757414
3.596307 0.756898
3.594812 0.756983
3.596396 0.756994
