0.353182 0.861272
0.344426 0.861350
0.346637 0.861518
0.340047 0.858531
0.359808 0.854968
0.354042 0.856101
0.347813 0.856713
0.336286 0.855879
0.340880 0.856516
0.333742 0.853347
0.366088 0.848275
0.360316 0.849402
0.329645 0.850293
0.334649 0.850998
0.327438 0.848514
0.378479 0.840845
0.372567 0.841807
0.366602 0.842717
0.322907 0.844731
0.328341 0.845404
0.321132 0.843186
0.397968 0.833794
0.391816 0.834483
0.715094 0.839699
0.711582 0.839406
0.708814 0.839114
0.709553 0.840486
0.702532 0.838257
0.696251 0.837551
0.689970 0.836971
0.683688 0.836117
0.681773 0.835895
0.677406 0.835219
0.899749 0.836455
0.893494 0.840495
0.905999 0.831467
0.900928 0.835228
0.908701 0.828356
0.987403 0.794798
0.988417 0.797735
0.981120 0.793590
0.974834 0.791932
0.973209 0.791672
0.968551 0.791026
0.969466 0.793144
0.962272 0.790800
0.955997 0.791157
0.949724 0.791909
1.388387 0.841168
1.389067 0.842600
1.382102 0.839754
1.375813 0.837418
1.374801 0.836849
1.369514 0.833502
1.370862 0.838855
1.366672 0.831401
1.363210 0.828709
1.364387 0.833071
1.360611 0.825784
1.444609 0.791070
1.441936 0.793803
1.445860 0.794962
1.458027 0.787278
1.769628 0.806852
1.763360 0.808656
1.757091 0.810228
1.750822 0.811568
1.744551 0.812761
1.738279 0.813722
1.732006 0.814520
1.725729 0.814553
1.719448 0.813801
1.775895 0.805040
1.772056 0.806063
2.132184 0.799769
2.125907 0.799777
2.119630 0.799752
2.113354 0.799905
2.107077 0.800247
2.100803 0.800797
2.094534 0.802147
2.088265 0.803728
2.081998 0.805697
2.075731 0.807607
2.072912 0.808608
2.145935 0.797387
2.403649 0.822867
2.403379 0.822810
2.403657 0.822795
2.397370 0.822374
2.391088 0.821454
2.384799 0.819509
2.430066 0.815920
2.423895 0.816587
2.417458 0.816957
2.411032 0.817340
2.404632 0.817754
2.398244 0.818185
2.391861 0.818623
2.382670 0.818460
2.385145 0.818676
2.378502 0.815811
2.374151 0.813059
2.372204 0.811966
2.726899 0.823918
2.720620 0.823605
2.714345 0.823961
2.708066 0.823610
2.728231 0.822734
2.721457 0.822721
2.715036 0.823112
2.704189 0.823216
2.708352 0.823203
2.701786 0.823062
2.695507 0.822784
2.689229 0.822531
2.682950 0.822456
3.042087 0.807059
3.035812 0.807472
3.029538 0.807890
3.023261 0.808164
3.049242 0.806342
3.042522 0.806390
3.036177 0.806864
3.029877 0.807392
3.018708 0.807963
3.023523 0.807861
3.016983 0.807900
3.010702 0.807328
3.004421 0.806549
2.998138 0.805661
3.269630 0.860006
3.262872 0.852520
3.261747 0.848429
3.262335 0.853257
3.260916 0.846504
3.256677 0.848385
3.257127 0.840659
3.255937 0.841398
3.250791 0.843286
3.255616 0.834618
3.255391 0.834065
3.255614 0.834893
3.249767 0.835961
3.249456 0.829008
3.249081 0.828171
3.249247 0.829229
3.387304 0.906091
3.381923 0.907654
3.381452 0.899876
3.380550 0.899511
3.380627 0.900039
3.374267 0.898330
3.374707 0.900996
3.367984 0.897176
3.368937 0.902134
3.361703 0.896719
3.363079 0.903183
3.355423 0.896188
3.357138 0.904144
3.342875 0.897214
3.336607 0.899008
3.354174 0.896128
3.349144 0.895742
3.343349 0.897111
3.349337 0.896804
3.602084 0.975085
3.595801 0.974105
3.602946 0.974328
3.594983 0.973967
3.595914 0.974023
3.589519 0.973085
3.583240 0.972937
3.576959 0.972209
3.570678 0.971432
3.564399 0.971017
3.571607 0.971043
3.562508 0.970689
3.564723 0.970899
3.558114 0.969618
3.551829 0.968299
3.761782 0.999712
3.755498 0.998403
3.749625 0.997599
3.749215 0.997525
3.742933 0.996563
0.073167 0.924389
0.076336 0.924742
0.069520 0.920732
0.067411 0.918708
0.069940 0.919014
0.063215 0.915473
0.070792 0.913858
0.057197 0.913440
0.063880 0.913685
0.056925 0.913354
0.051755 0.907760
0.050605 0.905511
0.047886 0.901950
0.106860 0.861411
0.108018 0.867080
0.100591 0.862918
0.101489 0.867354
0.113118 0.857743
0.110622 0.859246
0.113723 0.859718
0.118554 0.852359
0.119928 0.852943
0.118790 0.846171
0.119607 0.846446
0.354265 0.854102
0.347996 0.855599
0.341706 0.853333
0.360502 0.846759
0.358616 0.849803
0.354741 0.850771
0.348793 0.851722
0.339132 0.851562
0.342214 0.851936
0.335401 0.848342
0.385554 0.836274
0.379288 0.838344
0.373018 0.839703
0.366751 0.841676
0.363922 0.843151
0.360749 0.843767
0.355092 0.845056
0.398094 0.833632
0.391821 0.834473
0.391731 0.834496
0.385877 0.835419
0.379961 0.836390
0.373723 0.836999
0.367490 0.837615
0.361386 0.838388
0.741889 0.839308
0.735620 0.840901
0.729349 0.842129
0.723075 0.842617
0.716800 0.842918
0.710519 0.842257
0.744341 0.838592
0.749066 0.839277
0.707870 0.841831
0.704235 0.841191
0.697954 0.840511
1.155967 0.802155
1.129387 0.801673
1.123114 0.802388
1.116841 0.803113
1.110566 0.803681
1.104295 0.804755
1.098020 0.804992
1.091745 0.805519
1.085469 0.805754
1.408927 0.844892
1.402651 0.845118
1.396375 0.845244
1.390097 0.845210
1.429294 0.842202
1.385091 0.844209
1.383813 0.844032
1.384486 0.845099
1.377528 0.842591
1.371238 0.840251
1.370021 0.839400
1.441026 0.821731
1.437211 0.814851
1.440112 0.807887
1.439791 0.808435
1.446326 0.796292
1.442271 0.802030
1.458839 0.788754
1.452577 0.791597
1.447524 0.795380
1.471945 0.787039
1.471384 0.786951
1.472177 0.787983
1.465107 0.787217
1.462293 0.787888
1.465782 0.788402
1.833421 0.819242
1.831250 0.818713
1.832256 0.820568
1.824964 0.817137
1.818673 0.814793
1.817805 0.814439
1.812386 0.812801
1.806101 0.811505
1.799819 0.810541
2.255399 0.817951
2.254152 0.817351
2.256158 0.818106
2.249103 0.814775
2.243844 0.812081
2.242809 0.811623
2.236514 0.808285
2.234077 0.806789
2.237437 0.807662
2.230216 0.804445
2.557072 0.848040
2.550809 0.850446
2.544545 0.852958
2.569580 0.839328
2.563332 0.844683
2.560892 0.846169
2.569704 0.839201
2.569616 0.839256
2.575810 0.830703
2.574645 0.832586
2.579464 0.825983
2.638478 0.811705
2.632197 0.810821
2.625916 0.810220
2.621128 0.809878
2.619637 0.809744
2.619938 0.810357
2.613355 0.809060
2.607080 0.809505
2.600809 0.810540
2.594539 0.811848
2.591931 0.812520
3.107214 0.842669
3.100952 0.845451
3.101865 0.849222
3.094683 0.846935
3.095196 0.849330
3.088409 0.847652
3.088772 0.849723
3.082118 0.845140
3.083025 0.850911
3.138545 0.832548
3.132275 0.833918
3.126008 0.835659
3.119743 0.837968
3.120865 0.841603
3.113478 0.840294
3.111274 0.841089
3.113732 0.841178
3.080128 0.843898
3.139006 0.832455
3.138585 0.832541
3.165121 0.825807
3.158326 0.825772
3.151966 0.826226
3.372532 0.889666
3.373175 0.893113
3.366250 0.888831
3.367296 0.894115
3.359969 0.888137
3.361287 0.894978
3.355368 0.895952
3.342859 0.897136
3.336303 0.897378
3.329837 0.897726
3.322321 0.890829
3.323173 0.897841
3.357117 0.887578
3.353685 0.886742
3.353889 0.888111
3.347404 0.886111
3.347909 0.889014
3.341126 0.886067
3.341723 0.889683
3.334851 0.886454
3.335426 0.890228
3.328583 0.888141
3.322540 0.890698
3.328990 0.890610
3.645311 0.979863
3.650347 0.980542
3.643144 0.979094
3.636860 0.977822
3.630577 0.976649
3.624296 0.975996
3.631651 0.976220
3.621680 0.975769
3.624585 0.975871
3.618014 0.975327
3.611728 0.973647
3.605446 0.972718
3.599165 0.972037
3.597769 0.971767
0.507020 0.847038
0.500196 0.846971
0.493299 0.846821
0.486511 0.845266
0.480218 0.842203
0.494357 0.841873
0.487378 0.841627
0.478058 0.841358
0.480438 0.841424
0.473927 0.839758
0.467637 0.837425
0.481836 0.836904
0.474930 0.836735
0.464522 0.836391
0.467981 0.836518
0.461349 0.835277
0.455060 0.833281
1.010652 0.830670
1.003494 0.824442
1.003052 0.824112
0.999260 0.818261
0.997161 0.814113
0.997817 0.819170
0.996066 0.812367
0.990849 0.807740
0.992179 0.814355
0.989705 0.806770
0.984551 0.803981
1.429433 0.842495
1.423168 0.844785
1.416897 0.845898
1.410624 0.846498
1.404346 0.846315
1.398066 0.846036
1.391793 0.846720
1.385516 0.846835
1.435683 0.837382
1.429644 0.842340
1.429556 0.842498
1.405666 0.846142
1.398932 0.846176
1.381275 0.846687
1.437115 0.835494
1.436759 0.836857
1.441890 0.824591
1.440164 0.829036
1.442654 0.822631
1.441852 0.817577
1.442880 0.823850
1.441380 0.816565
1.441802 0.808421
1.440290 0.810489
1.448034 0.800189
1.444705 0.803920
1.488988 0.793794
1.485652 0.791966
1.479363 0.789727
1.473083 0.789154
1.466811 0.790134
1.460546 0.792298
1.454290 0.796301
1.453380 0.796965
1.454641 0.797288
1.816963 0.810532
1.818403 0.814054
1.810678 0.809024
1.804396 0.808052
1.773023 0.810676
1.800531 0.807704
1.798114 0.807443
1.798791 0.808699
1.791837 0.807370
1.785563 0.807959
1.779291 0.808925
1.775206 0.809996
2.235446 0.810740
2.242558 0.811881
2.234838 0.810436
2.228543 0.807275
2.225055 0.805480
2.229253 0.806001
2.222249 0.804070
2.215951 0.800337
2.215649 0.800158
2.216011 0.800203
2.536583 0.853326
2.530318 0.855736
2.524047 0.856743
2.517772 0.857134
2.561645 0.844832
2.555380 0.847109
2.549112 0.848707
2.542847 0.850830
2.539281 0.852165
2.567899 0.840699
2.563340 0.843837
2.562448 0.844914
2.580405 0.831575
2.574152 0.836046
2.573312 0.836768
2.592921 0.824602
2.586662 0.827929
2.583848 0.829650
2.580779 0.830393
2.575531 0.832143
2.599168 0.818957
2.595493 0.822436
2.593309 0.823117
2.587440 0.824140
2.581656 0.825273
2.605409 0.812339
2.602495 0.815631
2.599663 0.816509
2.593838 0.817586
2.587770 0.818392
2.617935 0.807318
2.611662 0.807965
2.609866 0.808792
2.606221 0.810135
2.600380 0.811201
2.594419 0.812137
2.924155 0.829040
2.917892 0.831708
2.911623 0.833356
2.905355 0.834971
2.899077 0.834823
2.892783 0.831754
2.936670 0.822050
2.930414 0.825876
2.925107 0.828561
2.924346 0.828868
2.918890 0.830380
2.912827 0.831200
2.892485 0.831510
2.892860 0.831575
2.942919 0.816887
2.937680 0.821261
2.937056 0.821795
2.932079 0.823865
2.945393 0.814393
2.943886 0.815739
2.974223 0.801550
2.949147 0.807614
2.949087 0.807882
2.970137 0.799833
2.975643 0.801101
2.967934 0.799581
2.961655 0.799253
2.955381 0.799785
2.951862 0.801455
3.123190 0.851209
3.116924 0.853239
3.143558 0.850529
3.135712 0.845284
3.136484 0.850163
3.129454 0.848790
3.125694 0.850199
3.129695 0.850132
3.185868 0.833915
3.149348 0.843267
3.141962 0.840352
3.138891 0.842833
3.142323 0.842959
3.182645 0.832745
3.187429 0.834247
3.179577 0.831519
3.154458 0.829615
3.155320 0.836220
3.148212 0.835374
3.147521 0.835883
3.148288 0.835905
3.173446 0.827376
3.173277 0.827305
3.173359 0.827485
3.166983 0.824096
3.168100 0.829226
3.160712 0.825249
3.155130 0.829025
3.161378 0.829274
3.465196 0.946928
3.458286 0.945056
3.452005 0.944375
3.445718 0.942559
3.442017 0.942024
3.439434 0.941417
3.433147 0.939455
3.426862 0.938251
3.420945 0.937752
3.420582 0.937713
3.420719 0.937944
3.760091 0.999186
3.753808 0.997956
3.747524 0.996812
3.742574 0.996108
3.749085 0.997482
3.741242 0.995856
3.734959 0.994763
3.728676 0.993919
3.722394 0.993008
0.031134 0.875047
0.024855 0.874617
0.018584 0.875733
0.088756 0.835931
0.082366 0.836353
0.076432 0.837299
0.088807 0.829843
0.082683 0.830573
0.585800 0.870482
0.579936 0.871537
0.590863 0.857806
0.584613 0.862655
0.584720 0.863099
0.578333 0.862378
0.578761 0.864036
0.572065 0.863969
0.572120 0.864178
0.591351 0.856197
0.592488 0.849924
0.592121 0.843793
0.666703 0.825620
0.659718 0.822167
0.653431 0.820325
0.651695 0.819910
0.647145 0.818738
0.640858 0.816859
0.634572 0.815327
0.634384 0.815286
0.634698 0.815416
0.628287 0.813918
1.102604 0.804026
1.096327 0.804086
1.090050 0.804155
1.115956 0.802794
1.109749 0.803422
1.104061 0.804649
1.097219 0.804558
1.089404 0.804151
1.090230 0.804299
1.083772 0.804038
1.077494 0.803759
1.071216 0.803624
1.064939 0.803821
1.058665 0.804393
1.366408 0.821484
1.361065 0.815351
1.359756 0.814065
1.360328 0.816106
1.354396 0.809756
1.353450 0.808917
1.347152 0.805084
1.345328 0.804395
1.348003 0.805229
1.340866 0.803447
1.334584 0.802439
1.771325 0.808732
1.765059 0.810737
1.758792 0.812599
1.752523 0.814209
1.746254 0.815734
1.739984 0.817012
1.802690 0.804826
1.803426 0.806260
1.796411 0.804496
1.790136 0.804898
1.783865 0.805860
1.777593 0.806970
1.773670 0.808003
2.213978 0.803999
2.200019 0.799735
2.196588 0.797649
2.200729 0.798170
2.193721 0.796142
2.187429 0.793365
2.195273 0.793551
2.184991 0.792505
2.187840 0.792768
2.181141 0.791235
2.174858 0.790256
2.534881 0.850742
2.528614 0.852508
2.522342 0.853538
2.516065 0.853703
2.509785 0.853060
2.547417 0.847188
2.541148 0.848928
2.536036 0.850358
2.508493 0.852821
2.503501 0.851848
2.497213 0.849817
2.573949 0.836459
2.586327 0.829014
2.611146 0.808050
2.872320 0.820809
2.870277 0.814803
2.869065 0.808730
2.868758 0.807660
2.868895 0.808909
2.867321 0.802713
2.862441 0.800433
2.856156 0.799236
3.111765 0.835681
3.105494 0.836773
3.106714 0.840887
3.099223 0.838026
3.099858 0.840780
3.092946 0.837915
3.093554 0.841304
3.086659 0.836108
3.087472 0.842086
3.081841 0.843402
3.084482 0.835203
3.080371 0.834040
3.080666 0.835907
3.074085 0.832465
3.074937 0.837113
3.069530 0.830391
3.554735 0.969011
3.548453 0.967988
3.547852 0.967792
3.548757 0.968087
3.542161 0.965371
3.535876 0.963989
3.529595 0.963282
3.537055 0.964052
3.529426 0.963256
3.529630 0.963281
3.523312 0.962138
3.517026 0.960729
0.104345 0.932486
0.110598 0.927979
0.105798 0.931840
0.100857 0.932277
0.104433 0.932071
0.098057 0.930293
0.116852 0.923708
0.115295 0.924815
0.110844 0.925529
0.104661 0.926191
0.096637 0.926472
0.098152 0.926481
0.123087 0.915885
0.121674 0.918064
0.117317 0.919057
0.111291 0.919902
0.104934 0.920371
0.092722 0.920650
0.098310 0.920531
0.091719 0.919387
0.129310 0.906028
0.126006 0.911496
0.123385 0.912122
0.117563 0.913203
0.111456 0.913964
0.105143 0.914487
0.098585 0.914726
0.089667 0.914759
0.091877 0.914790
0.135560 0.900966
0.130254 0.904934
0.129391 0.905117
0.123575 0.906204
0.117586 0.907100
0.111422 0.907800
0.105146 0.908369
0.154361 0.895283
0.148087 0.895813
0.141817 0.897296
0.140634 0.897830
0.136211 0.899047
0.130081 0.899776
0.123966 0.900530
0.117784 0.901210
0.199452 0.869479
0.199622 0.863525
0.204326 0.849217
0.200996 0.855383
0.198839 0.856492
0.216845 0.842579
0.210582 0.845377
0.204670 0.848868
0.204413 0.848998
0.199294 0.850874
0.218703 0.841447
0.255527 0.821030
0.262162 0.814736
0.280975 0.806923
0.267751 0.807262
0.439076 0.834390
0.424877 0.831130
0.418596 0.830508
0.412319 0.830457
0.406045 0.831056
0.399768 0.831168
0.393493 0.831493
0.387222 0.832566
0.380951 0.833673
0.419919 0.829546
0.413235 0.829637
0.406823 0.830044
0.400279 0.830298
0.393881 0.830723
0.387682 0.831384
0.749862 0.840870
0.743594 0.842611
0.737323 0.843730
0.731052 0.844832
0.724777 0.845434
0.718503 0.845846
0.712222 0.845240
0.768671 0.836691
0.762401 0.838018
0.756131 0.839318
0.754281 0.839784
0.751039 0.841533
1.865173 0.825699
1.858485 0.825783
1.851804 0.825180
1.845524 0.824559
1.839245 0.824254
1.832956 0.822189
1.830210 0.821611
1.826673 0.821186
1.820384 0.819001
1.815433 0.816785
3.663683 0.982777
3.657399 0.981546
3.664898 0.981706
3.655191 0.981060
3.657738 0.981253
3.651114 0.980022
3.644826 0.978038
3.638542 0.976800
3.646452 0.977708
3.636521 0.976549
3.638857 0.976734
3.632260 0.975931
3.625978 0.975149
3.619696 0.974142
0.187408 0.890559
0.181147 0.893472
0.174877 0.894866
0.168606 0.895828
0.162334 0.897023
0.156062 0.897893
0.149787 0.898188
0.143510 0.898251
0.137231 0.898025
0.130943 0.896060
0.188597 0.889487
0.188012 0.890279
0.193639 0.881931
0.192917 0.882916
0.188969 0.885231
0.196752 0.876389
0.194494 0.877672
0.199100 0.869994
0.194700 0.871775
0.199381 0.863786
0.194394 0.865289
0.188632 0.866458
0.196439 0.857871
0.193976 0.858677
0.218545 0.844839
0.212276 0.846317
0.206009 0.848158
0.199740 0.849834
0.196602 0.851684
0.193860 0.852417
0.231064 0.838514
0.224807 0.842216
0.222620 0.843173
0.219709 0.844891
0.213925 0.846037
0.243581 0.831423
0.237324 0.835235
0.236392 0.835768
0.249831 0.826631
0.247552 0.828595
0.256077 0.820883
0.255264 0.821727
0.281115 0.807797
0.282065 0.814299
0.268566 0.808753
0.262322 0.814749
0.262146 0.814933
0.262992 0.815680
0.280278 0.807148
0.274826 0.805571
0.269521 0.808095
0.275776 0.808692
0.552591 0.832942
0.527499 0.835924
0.521236 0.838497
0.514964 0.839438
0.508677 0.837649
0.552189 0.832779
0.546295 0.829343
0.540017 0.829255
0.533753 0.831567
0.529257 0.834802
0.527764 0.835270
0.521758 0.836145
0.515376 0.836588
0.506962 0.836809
0.508786 0.836788
0.502384 0.834999
0.540867 0.828649
0.534859 0.829525
0.528927 0.830496
0.882078 0.826594
0.883579 0.832284
0.875805 0.827205
0.877343 0.832883
0.869528 0.827214
0.863248 0.826811
0.895388 0.824195
0.859720 0.826403
0.856965 0.825882
0.857256 0.826979
0.850679 0.824263
0.851832 0.828538
0.844393 0.822541
0.901759 0.817604
0.841832 0.821849
0.914759 0.804713
0.933428 0.796735
1.238359 0.819701
1.232085 0.820301
1.225808 0.820309
1.219527 0.819686
1.213246 0.818822
1.251783 0.815726
1.245666 0.816458
1.239535 0.817176
1.233308 0.817792
1.227005 0.818322
1.220530 0.818655
1.210376 0.818303
1.213668 0.818539
1.206961 0.817531
1.200674 0.815858
1.536582 0.861831
1.532548 0.855998
1.532096 0.854739
1.530006 0.850041
1.527327 0.844107
1.525745 0.841119
1.524396 0.838203
1.962108 0.816027
2.004489 0.801601
1.998219 0.802813
1.991947 0.803973
1.985678 0.805470
1.986076 0.806319
1.979403 0.805748
1.979867 0.806953
1.973126 0.805795
1.973647 0.807580
1.966853 0.806496
1.967162 0.807902
1.960579 0.807227
1.960784 0.808351
1.954304 0.807704
1.954474 0.808881
2.291936 0.834171
2.285658 0.834078
2.304451 0.827117
2.298197 0.831293
2.296559 0.832208
2.284008 0.833335
2.279354 0.829282
2.310703 0.822375
2.307158 0.825083
2.276642 0.827839
2.323202 0.812324
2.316954 0.817566
2.316327 0.818086
2.355395 0.809460
2.341993 0.804693
2.335714 0.804345
2.329452 0.807253
2.324509 0.811176
2.324709 0.813040
2.342978 0.804574
2.336016 0.804346
2.700113 0.825773
2.693834 0.825457
2.687553 0.824709
2.681273 0.824185
2.701651 0.823272
2.695065 0.823476
2.688430 0.823625
2.677719 0.823481
2.681791 0.823767
2.674990 0.823034
2.668706 0.821973
2.662425 0.821216
2.656144 0.820582
3.143710 0.851441
3.137458 0.856066
3.149963 0.846848
3.144674 0.850616
3.200108 0.833743
3.193837 0.834723
3.156212 0.841786
3.153972 0.843604
3.156512 0.843740
3.212639 0.829305
3.206377 0.831933
3.202055 0.833105
3.188188 0.834338
3.187558 0.834317
3.181276 0.833387
3.174989 0.831906
3.168714 0.832180
3.162460 0.836457
3.162206 0.836689
3.162497 0.836708
3.225140 0.819524
3.218894 0.825183
3.218534 0.825466
3.231391 0.814632
3.226217 0.818600
3.226456 0.820195
3.237645 0.810307
3.235312 0.811611
3.534185 0.963300
3.527905 0.962667
3.521624 0.962077
3.520727 0.961930
3.521864 0.962127
3.515340 0.960844
3.509059 0.960230
3.502780 0.959715
3.496499 0.959163
3.492101 0.958341
3.490215 0.957971
0.507040 0.846986
0.500750 0.844693
0.520279 0.840588
0.514528 0.841740
0.508031 0.842044
0.495245 0.841919
0.501227 0.841996
0.494455 0.841437
0.488163 0.838769
0.501988 0.836747
0.495279 0.836809
0.482276 0.836914
0.488634 0.836946
0.481875 0.836770
0.475586 0.834609
0.883801 0.833038
0.877526 0.833511
0.896325 0.827483
0.890067 0.830972
0.886453 0.832298
0.890617 0.832595
0.874088 0.833399
0.871248 0.833260
0.871405 0.833832
0.864967 0.832650
0.865571 0.834911
0.858687 0.832048
0.902574 0.822401
0.900809 0.824842
0.903304 0.825498
0.904908 0.818293
0.908790 0.810913
0.907931 0.811841
0.909791 0.812907
0.927553 0.798495
0.921289 0.800936
0.915032 0.804518
0.914184 0.805103
0.940087 0.794638
0.933818 0.796318
0.930535 0.797470
0.928010 0.798258
0.966760 0.790039
0.960416 0.790513
0.954054 0.790968
0.947813 0.791564
1.271373 0.808871
1.265105 0.810446
1.258839 0.812528
1.252572 0.814379
1.246300 0.815418
1.240029 0.816441
1.233756 0.817175
1.227482 0.817724
1.221205 0.817912
1.272148 0.808721
1.271424 0.808845
1.265653 0.809970
1.259877 0.811104
1.253905 0.812021
1.247879 0.812882
1.566977 0.876723
1.563843 0.875943
1.567571 0.876347
1.560691 0.874973
1.554398 0.872229
1.562055 0.871644
1.551352 0.870872
1.554799 0.871072
1.548106 0.869574
1.543905 0.865373
1.549084 0.866168
1.541793 0.863017
1.605322 0.847539
1.605222 0.848447
1.606508 0.841243
1.605704 0.842854
1.607121 0.835001
1.610638 0.825546
1.608270 0.828715
1.623141 0.816001
1.616884 0.819704
1.614273 0.821999
1.635651 0.807861
1.629397 0.812054
1.625012 0.814863
1.654457 0.803256
1.648181 0.803415
1.641912 0.804975
1.635904 0.807712
1.635785 0.807889
2.053519 0.806416
2.047244 0.806854
2.078593 0.800125
2.072326 0.801987
2.066059 0.803830
2.067749 0.806919
2.059791 0.805536
2.059598 0.805563
2.059804 0.805560
2.044300 0.806931
2.040967 0.807072
2.041122 0.807410
2.034688 0.806654
2.028408 0.806136
2.534607 0.850152
2.527537 0.849805
2.520629 0.849017
2.521040 0.850106
2.514351 0.848707
2.515191 0.851145
2.508068 0.847687
2.509604 0.852497
2.501779 0.845657
2.500516 0.845248
2.495495 0.844369
2.496239 0.846555
2.489215 0.843714
2.482930 0.842268
3.514262 0.960425
3.513650 0.960327
3.507368 0.959615
3.501087 0.958800
3.494805 0.958025
3.488523 0.957107
3.486865 0.956680
3.489428 0.957587
3.482237 0.955335
3.475950 0.953715
0.047719 0.897738
0.047181 0.896456
0.047517 0.898157
0.045311 0.891766
0.040848 0.886038
0.042007 0.893456
0.040799 0.885989
0.034550 0.882461
0.035456 0.887577
0.030726 0.880728
0.028260 0.880115
0.028625 0.881375
0.104338 0.850553
0.097125 0.846367
0.097926 0.850955
0.090849 0.846534
0.092009 0.851929
0.084566 0.845427
0.111228 0.844564
0.103373 0.840972
0.102444 0.843411
0.103479 0.843433
0.083315 0.845121
0.078277 0.843341
0.079209 0.846649
0.104148 0.837078
0.072003 0.839982
0.071981 0.839864
0.072003 0.840009
0.104605 0.830859
0.103311 0.829554
0.097020 0.827062
0.090747 0.827855
0.084477 0.828996
0.586353 0.872333
0.580074 0.872050
0.588064 0.870966
0.592572 0.861534
0.591159 0.864520
0.681533 0.833241
0.674001 0.829733
0.667713 0.827650
0.665485 0.826956
0.661425 0.825659
0.655134 0.823277
0.651510 0.822035
0.648845 0.821034
1.025751 0.833512
1.019479 0.834391
1.032007 0.829756
1.029295 0.832134
1.026132 0.832897
1.014924 0.833424
1.019966 0.833589
1.013194 0.833114
1.006905 0.830953
1.036070 0.825350
1.032680 0.826519
1.038222 0.818379
1.037779 0.819020
1.044455 0.810065
1.042366 0.812434
1.089398 0.803353
1.082071 0.801431
1.075790 0.800822
1.069509 0.800241
1.063233 0.800389
1.056961 0.801316
1.050701 0.804323
1.048706 0.805690
1.374088 0.830803
1.375548 0.836463
1.371221 0.828903
1.367788 0.826418
1.368688 0.830212
1.363844 0.823371
1.361479 0.820541
1.362146 0.824329
1.359561 0.817577
1.355353 0.811790
1.355152 0.811523
1.355293 0.811970
1.722313 0.807208
1.716041 0.808010
1.709766 0.808417
1.703489 0.808399
1.735437 0.805860
1.701486 0.808151
1.704723 0.809400
1.697206 0.807526
1.690923 0.806322
1.684640 0.805309
2.140145 0.799027
2.133876 0.800595
2.127603 0.801467
2.121330 0.802246
2.115056 0.802813
2.108783 0.803468
2.158950 0.794077
2.152681 0.795665
2.146413 0.797431
2.142982 0.798235
2.166773 0.791869
2.464670 0.822956
2.462201 0.815579
2.457194 0.814098
2.458187 0.817129
2.450913 0.813344
2.444629 0.812196
2.440983 0.811271
2.445836 0.812351
2.438345 0.810852
2.432069 0.811307
2.425792 0.811259
2.419510 0.810277
2.807238 0.814671
2.800977 0.817538
2.794707 0.819048
2.788438 0.820470
2.782168 0.821702
2.775893 0.822183
2.769616 0.822281
2.763335 0.821575
2.757056 0.821271
2.813495 0.810918
2.808170 0.814065
2.808431 0.815505
2.826001 0.802142
2.819748 0.806456
2.818947 0.806929
2.820746 0.807982
3.084313 0.826203
3.076928 0.821740
3.072983 0.819684
3.070632 0.818237
3.071599 0.820981
3.065852 0.814130
3.064323 0.812423
3.065956 0.816145
3.060131 0.808468
3.058017 0.807276
3.051730 0.805422
3.317125 0.866383
3.310852 0.867344
3.304589 0.869906
3.298318 0.870907
3.292042 0.871091
3.285766 0.871393
3.279487 0.871103
3.329655 0.861960
3.323392 0.864480
3.317371 0.866302
3.324266 0.866753
3.275068 0.870095
3.273202 0.869641
3.273384 0.870477
3.444011 0.938918
3.444713 0.940560
3.437727 0.937624
3.431439 0.935895
3.426556 0.935127
3.425156 0.934834
3.425555 0.935706
3.418876 0.934247
3.412596 0.933632
3.406309 0.932029
3.403167 0.931061
3.400022 0.930185
3.752118 0.997488
3.745834 0.996196
3.739550 0.995199
3.735863 0.994608
3.740802 0.995718
3.733267 0.994062
3.726986 0.993237
3.720704 0.992412
3.714419 0.991067
3.712128 0.990563
3.715382 0.991487
3.708133 0.989520
0.046090 0.890396
0.043323 0.883681
0.039124 0.879556
0.040831 0.885964
0.036915 0.878058
0.032833 0.876912
0.033711 0.879421
0.026553 0.876322
0.020278 0.876919
0.014006 0.877851
0.096569 0.843267
0.089114 0.837724
0.090262 0.843786
0.082840 0.838413
0.084426 0.844849
0.076560 0.837785
0.103160 0.836929
0.092698 0.836010
0.095664 0.836095
0.076545 0.835037
0.075608 0.837527
0.103044 0.830657
0.092039 0.829882
0.095634 0.829917
0.089068 0.829192
0.082796 0.830323
0.080108 0.830946
0.076755 0.831535
0.071475 0.833269
0.459075 0.840210
0.445428 0.837046
0.439302 0.834444
0.446748 0.835427
0.439137 0.834362
0.432846 0.831818
0.426558 0.830077
0.434025 0.830222
0.423927 0.829637
0.426825 0.829713
0.420276 0.829208
0.413997 0.828712
0.407719 0.828569
0.790871 0.835671
0.784611 0.838659
0.778345 0.840698
0.772073 0.841709
0.765798 0.842027
0.803387 0.828401
0.797126 0.831489
0.793278 0.834320
0.840992 0.817758
0.828446 0.819253
0.822179 0.821338
0.815917 0.824056
0.809653 0.826407
0.808419 0.826786
0.840281 0.817781
0.841128 0.817872
0.834716 0.817971
0.832027 0.818506
0.828915 0.819361
1.176725 0.805750
1.170446 0.805423
1.164167 0.805108
1.157890 0.804974
1.153170 0.804754
1.151611 0.804704
1.145332 0.804573
1.139054 0.804406
1.132778 0.804511
1.424858 0.845071
1.418584 0.845842
1.412309 0.846248
1.431117 0.841799
1.425500 0.844804
1.424946 0.844965
1.418806 0.845691
1.409978 0.846215
1.412461 0.846180
1.437362 0.835849
1.435771 0.837706
1.431979 0.839159
1.439436 0.831204
1.437971 0.832133
1.442652 0.824743
1.442358 0.818606
1.499954 0.802842
1.498180 0.801241
1.493650 0.797924
1.490536 0.795738
1.487350 0.793825
1.481063 0.791909
1.474785 0.791863
1.878592 0.823600
1.872321 0.824841
1.866046 0.825170
1.859770 0.825379
1.853492 0.825308
1.847216 0.825466
1.840938 0.825339
1.834655 0.824170
1.894906 0.811777
1.923453 0.798182
2.234707 0.810644
2.220579 0.807291
2.215670 0.804226
2.221681 0.805068
2.214281 0.803403
2.207984 0.799835
2.206318 0.798876
2.208336 0.799141
2.201688 0.796434
2.195992 0.793641
2.195394 0.793384
2.479123 0.830152
2.471497 0.825272
2.465215 0.824481
2.463436 0.823726
2.458913 0.819865
2.460415 0.825831
2.456216 0.818190
2.452617 0.816430
2.453574 0.819615
2.446873 0.812867
2.446318 0.812574
2.884745 0.834161
2.883138 0.833076
2.876996 0.828659
2.876835 0.828520
2.873276 0.822813
2.878386 0.824337
2.870902 0.816856
2.870490 0.815908
2.868078 0.810949
3.201805 0.835293
3.195532 0.836093
3.214334 0.830751
3.208071 0.833295
3.202042 0.835207
3.201917 0.835360
3.193875 0.835948
3.196250 0.836641
3.189252 0.835668
3.220586 0.826163
3.218942 0.827513
3.252633 0.818343
3.251923 0.816920
3.252470 0.819014
3.233088 0.816390
3.226833 0.820427
3.226544 0.820655
3.246527 0.812693
3.245618 0.811983
3.246092 0.813309
3.239346 0.812909
3.238327 0.813423
3.239789 0.813839
3.401933 0.919635
3.394875 0.914610
3.396476 0.921108
3.391616 0.913427
3.388582 0.911681
3.389072 0.914237
3.382291 0.909228
3.383635 0.915754
3.377509 0.908493
3.376008 0.908235
3.376097 0.908727
3.369721 0.906319
3.370459 0.910028
3.363435 0.904811
3.357155 0.904212
3.356830 0.904192
3.687927 0.986435
3.690896 0.986657
3.684219 0.985778
3.677932 0.984057
3.671649 0.982893
3.668018 0.982008
3.672470 0.982635
3.665363 0.981303
3.659080 0.980108
3.652795 0.978918
3.646764 0.977755
3.646511 0.977697
0.805079 0.829278
0.868553 0.824440
0.861532 0.821614
0.862811 0.825594
0.855253 0.821217
0.848970 0.820153
0.823868 0.821387
0.817604 0.823823
0.811339 0.826155
0.805216 0.829208
0.844734 0.819463
0.842687 0.819144
0.843358 0.820415
0.836408 0.818911
0.830135 0.819587
0.824091 0.821321
0.823910 0.821392
1.211550 0.817416
1.207517 0.816463
1.205264 0.815880
1.198978 0.814210
1.192694 0.812811
1.188491 0.811983
1.186408 0.811434
1.180123 0.810000
1.518624 0.828332
1.516117 0.822369
1.515989 0.822174
1.512248 0.816536
1.509664 0.813515
1.507426 0.810802
1.503350 0.806741
1.894491 0.818005
1.888230 0.821077
1.900745 0.813778
1.897850 0.815707
1.957158 0.798724
1.913247 0.804206
1.906993 0.808421
1.906643 0.808742
1.907409 0.809196
1.953046 0.798413
1.950877 0.798043
1.952039 0.799924
1.944596 0.797436
1.938321 0.797800
1.939955 0.801593
1.932050 0.798882
1.933139 0.801530
1.925776 0.799584
1.926916 0.802160
1.919508 0.801156
1.918804 0.801470
1.919746 0.801683
2.275958 0.825417
2.273302 0.823921
2.269669 0.823141
2.263380 0.821121
2.258753 0.819028
2.257088 0.818301
2.250791 0.814617
2.249299 0.813711
2.244496 0.811465
2.666097 0.821300
2.652745 0.816102
2.650773 0.815516
2.654117 0.816913
2.646458 0.814421
2.640179 0.813943
2.633901 0.813805
2.627621 0.813352
2.621342 0.813153
2.616924 0.812387
2.925831 0.827067
2.919566 0.829298
2.938351 0.820746
2.932090 0.823853
2.932013 0.823886
2.994768 0.806408
2.944597 0.815012
2.942602 0.816756
2.993333 0.806049
2.995193 0.806406
2.988481 0.804804
2.982194 0.802822
2.950834 0.807660
2.949321 0.809981
2.977056 0.801305
2.983748 0.802655
2.975908 0.801230
2.969629 0.800814
2.963352 0.800855
2.957081 0.802121
2.954986 0.803300
3.289765 0.865978
3.276069 0.863164
3.269776 0.860339
3.269496 0.860194
3.263482 0.857131
3.260582 0.854809
3.257172 0.851099
3.258248 0.856341
3.255183 0.849125
3.250854 0.843723
3.588718 0.973535
3.580194 0.973205
3.581767 0.973326
3.575274 0.972518
3.568992 0.971611
3.562710 0.970991
3.556427 0.969869
3.553745 0.969359
3.557067 0.969862
3.550142 0.968371
3.543850 0.965582
3.539273 0.964495
3.537564 0.964057
0.303440 0.829416
0.302077 0.827930
0.297134 0.824098
0.294020 0.822458
0.290837 0.820662
0.284554 0.819581
0.278271 0.818368
0.271994 0.818449
0.570340 0.856955
0.589138 0.850741
0.590393 0.855708
0.582882 0.854747
0.582926 0.854899
0.576607 0.855230
0.574988 0.855554
0.576693 0.855507
0.564322 0.856513
0.564060 0.856505
0.564073 0.856552
0.557763 0.853075
0.590058 0.848029
0.555650 0.851138
0.590977 0.841767
0.590125 0.835670
0.589047 0.834183
0.590360 0.837293
0.582751 0.830787
0.652870 0.819126
0.645444 0.816167
0.639164 0.815570
0.632880 0.814564
0.627887 0.813755
0.626598 0.813562
0.620317 0.812794
0.614036 0.812193
0.607759 0.812339
0.601486 0.813033
1.003388 0.823955
1.002409 0.816704
1.001718 0.808170
1.002000 0.810093
0.996908 0.811989
0.997297 0.803984
0.995412 0.802871
0.995696 0.804466
0.989118 0.799805
0.990603 0.806389
0.984690 0.798927
0.982834 0.798522
0.983078 0.799373
0.976547 0.796786
0.970261 0.795087
1.331207 0.802198
1.324930 0.802218
1.287286 0.805621
1.281014 0.806690
1.331783 0.802123
1.322472 0.802237
1.325071 0.802180
1.318654 0.802288
1.312376 0.802379
1.306101 0.802773
1.299828 0.803481
1.293556 0.804450
1.289793 0.805164
1.287436 0.805572
1.595452 0.874915
1.589187 0.877358
1.582906 0.876583
1.576617 0.874476
1.601688 0.867498
1.600031 0.870724
1.596222 0.872058
1.574283 0.873060
1.603015 0.864282
1.602007 0.864793
1.603252 0.858091
1.602005 0.858668
1.602298 0.852013
1.601591 0.849807
1.601734 0.852231
1.695515 0.806772
1.694774 0.806663
1.695776 0.806894
1.689232 0.805767
1.682950 0.804971
1.676668 0.804090
1.670384 0.802764
1.669680 0.802723
1.670459 0.802748
1.664107 0.802666
1.657832 0.803207
2.067764 0.806946
2.061496 0.808882
2.055226 0.810171
2.048953 0.810793
2.105377 0.797772
2.099101 0.798043
2.092831 0.799213
2.086561 0.800727
2.080296 0.802971
2.074031 0.805048
2.067811 0.806931
2.492058 0.832793
2.493272 0.837004
2.485777 0.832302
2.479495 0.831385
2.476272 0.830855
2.473213 0.830447
2.473546 0.831507
2.466930 0.829371
2.468336 0.833309
2.460636 0.826478
2.460003 0.826145
2.823156 0.812604
2.816895 0.815443
2.810629 0.817570
2.873593 0.806562
2.835667 0.804599
2.829415 0.809288
2.827510 0.810356
2.830141 0.811027
2.868879 0.800477
2.867026 0.799611
2.868041 0.801792
2.860738 0.797581
2.854456 0.796778
2.848183 0.797465
2.841921 0.800158
2.837223 0.803307
3.365695 0.886156
3.359753 0.887084
3.322303 0.890699
3.362273 0.878866
3.358228 0.878205
3.358429 0.879440
3.351937 0.875920
3.352546 0.880437
3.345663 0.876431
3.346364 0.881100
3.339382 0.875618
3.340269 0.881868
3.333104 0.875492
3.334105 0.882560
3.326841 0.878085
3.327570 0.882826
3.320578 0.880789
3.320872 0.882900
3.314307 0.881876
3.314484 0.883337
3.308039 0.883594
3.308060 0.883734
3.622612 0.976783
3.616332 0.976266
3.610047 0.974745
3.617565 0.975574
3.609911 0.974723
3.610066 0.974733
3.603764 0.973711
3.597483 0.973012
3.591201 0.972111
3.584924 0.972089
3.578643 0.971410
3.592179 0.971378
3.585554 0.971539
3.578395 0.971385
3.578665 0.971390
0.312354 0.841470
0.311463 0.840313
0.308157 0.835655
0.305141 0.831975
0.303302 0.829909
0.298834 0.826529
0.295069 0.824484
0.292538 0.823088
0.745285 0.843189
0.739013 0.844200
0.789173 0.833666
0.782910 0.836120
0.776642 0.838068
0.770373 0.839489
0.764101 0.840419
0.757827 0.841014
0.751554 0.841745
0.748830 0.842382
0.745655 0.843145
0.807959 0.825238
0.801694 0.827624
0.795433 0.830555
0.792368 0.832307
0.809687 0.824596
0.809088 0.826028
0.834374 0.817882
1.156188 0.802517
1.155172 0.802492
1.149911 0.802413
1.143635 0.802589
1.137358 0.802648
1.131082 0.802982
1.124807 0.803419
1.118533 0.804000
1.112259 0.804486
1.546426 0.870933
1.544095 0.869426
1.547506 0.870462
1.540121 0.865734
1.538347 0.863754
1.541004 0.864628
1.534321 0.857942
1.533773 0.852905
1.533635 0.851835
1.533815 0.851878
1.531545 0.845862
1.608931 0.821851
1.615179 0.816527
1.610595 0.820251
1.987387 0.809233
1.981115 0.810286
1.974846 0.811745
1.968583 0.814453
1.964625 0.816060
2.031273 0.799405
2.025000 0.800044
2.018726 0.800606
2.012454 0.801560
2.006185 0.803103
1.999916 0.804671
1.993649 0.806553
1.991723 0.807430
2.293632 0.835885
2.306147 0.828613
2.299893 0.832768
2.297325 0.834263
2.312397 0.823622
2.308086 0.827118
2.369891 0.816701
2.362557 0.812958
2.318646 0.818477
2.316627 0.820175
2.358662 0.810231
2.363732 0.811246
2.356257 0.808808
2.349968 0.806638
2.331142 0.807636
2.324894 0.813114
2.324728 0.813273
2.345776 0.805199
2.350960 0.805984
2.343680 0.804648
2.337402 0.804554
2.333493 0.806309
2.774207 0.822519
2.767931 0.822724
2.787477 0.820897
2.781561 0.821852
2.775215 0.822328
2.761946 0.822259
2.768676 0.822583
2.761652 0.822232
2.755373 0.821897
2.749094 0.821833
2.742816 0.821614
2.736537 0.821290
2.730258 0.820885
3.091222 0.831164
3.091766 0.833130
3.084927 0.827873
3.086395 0.834712
3.083181 0.827044
3.078638 0.825810
3.079198 0.828077
3.072348 0.823467
3.073456 0.829257
3.070387 0.822007
3.066032 0.816379
3.066797 0.823254
3.065921 0.816245
3.351550 0.873162
3.345279 0.873719
3.339233 0.874540
3.333066 0.875225
3.325106 0.869433
3.326353 0.875283
3.318840 0.871391
3.319706 0.875417
3.312566 0.871990
3.313477 0.876037
3.306304 0.874764
3.306600 0.875904
3.300030 0.875477
3.300313 0.876456
3.293757 0.876238
3.293930 0.876901
3.287485 0.877198
3.287509 0.877302
3.351765 0.865346
3.350185 0.863975
3.350392 0.865706
3.343915 0.865229
3.344055 0.866186
3.337639 0.865403
3.337915 0.866892
3.331368 0.866634
3.330070 0.867258
3.331511 0.867303
0.182835 0.893613
0.176567 0.895320
0.170296 0.896387
0.164025 0.897571
0.157754 0.898701
0.151481 0.899344
0.185584 0.891833
0.183284 0.892609
0.177499 0.893748
0.189062 0.884439
0.188588 0.885388
0.183633 0.886889
0.191171 0.878982
0.189368 0.879565
0.190104 0.872910
0.188990 0.871360
0.189111 0.873141
0.232762 0.840244
0.226500 0.843004
0.220233 0.844897
0.213961 0.846024
0.213615 0.846111
0.245277 0.833040
0.239022 0.837149
0.238035 0.837724
0.251526 0.827904
0.248339 0.830623
0.295875 0.820768
0.289131 0.817121
0.282850 0.816358
0.264021 0.817086
0.257773 0.822237
0.256113 0.823749
0.279173 0.815507
0.276554 0.812886
0.277562 0.816885
0.270280 0.813430
0.264558 0.816816
0.271854 0.818116
0.581163 0.849020
0.574889 0.849757
0.568616 0.850387
0.570041 0.855633
0.562334 0.849596
0.587414 0.844154
0.585580 0.846351
0.588150 0.847005
0.560095 0.848605
0.556039 0.846175
0.556858 0.849899
0.588743 0.839882
0.553837 0.842994
0.589140 0.833659
0.587330 0.828807
0.552448 0.836953
0.585928 0.827761
0.581023 0.823245
0.582417 0.829785
0.575845 0.830009
0.618628 0.812739
0.587263 0.816616
0.581011 0.821158
0.578653 0.822240
0.575192 0.823122
0.626316 0.813547
0.617385 0.812605
0.618834 0.812729
0.612348 0.812196
0.606072 0.812329
0.599798 0.813058
0.593527 0.814143
0.590598 0.814990
0.587648 0.815748
0.891782 0.836097
0.885517 0.838278
0.879244 0.838957
0.872968 0.839268
0.904292 0.827739
0.898040 0.832314
0.895959 0.833546
0.899007 0.834474
0.905524 0.826512
0.910511 0.817067
0.910148 0.819923
0.911479 0.820997
0.910998 0.813674
0.922974 0.800476
0.916720 0.804617
0.913914 0.807242
0.973134 0.789830
0.941766 0.793092
0.935501 0.795330
0.929237 0.797665
0.923523 0.800202
0.923367 0.800714
0.970206 0.789857
0.966857 0.789897
0.960582 0.790259
0.954307 0.790635
0.948033 0.791346
0.945150 0.792078
0.942366 0.793085
1.304419 0.803574
1.298146 0.804375
1.291872 0.805076
1.285600 0.805941
1.279328 0.806921
1.273056 0.807830
1.266785 0.809058
1.260515 0.810416
1.254244 0.811609
1.247974 0.812776
1.318469 0.802362
1.311919 0.802604
1.305550 0.803054
1.299387 0.803741
1.293327 0.804553
1.593773 0.876696
1.587510 0.879230
1.581234 0.879454
1.574949 0.878094
1.600016 0.870461
1.595724 0.875205
1.594510 0.876218
1.589032 0.877691
1.582393 0.877832
1.572753 0.877238
1.575306 0.877459
1.568656 0.875152
1.601620 0.868496
1.600949 0.869709
1.563867 0.871864
1.569582 0.872537
1.562357 0.871257
1.556069 0.869242
1.604399 0.862063
1.605151 0.855810
1.605374 0.849610
1.606118 0.838074
1.605482 0.843422
1.606233 0.837183
1.606152 0.837240
1.612328 0.825819
1.606878 0.830957
1.606305 0.831296
1.624836 0.817353
1.618578 0.821014
1.614398 0.824107
1.631088 0.812869
1.625443 0.816937
1.625289 0.817526
1.674980 0.803962
1.668699 0.803199
1.662421 0.803116
1.656145 0.803374
1.649870 0.803609
1.643603 0.805521
1.637342 0.808542
1.635244 0.809880
1.663617 0.802654
1.657235 0.803098
1.651027 0.803746
2.051806 0.801931
2.053353 0.805916
2.045530 0.802151
2.047153 0.806563
2.039256 0.802639
2.032980 0.802712
2.026702 0.802809
2.020425 0.802736
2.014149 0.803009
2.007879 0.804247
2.001611 0.805916
2.436675 0.813975
2.430402 0.814897
2.424130 0.815799
2.417850 0.815368
2.411571 0.814849
2.405292 0.814698
2.399015 0.814807
2.392740 0.815202
2.438076 0.811193
2.431840 0.811802
2.425458 0.812244
2.418844 0.812415
2.412281 0.812649
2.405861 0.813049
2.399503 0.813522
2.802664 0.817414
2.796393 0.818677
2.790123 0.820072
2.783852 0.821105
2.821450 0.809137
2.815195 0.813194
2.808932 0.815926
2.807595 0.816201
2.827706 0.805169
2.822175 0.808719
2.859036 0.795033
2.852757 0.794627
2.846484 0.795474
2.840218 0.797547
2.833959 0.800720
2.832307 0.801636
2.834793 0.802441
3.261587 0.846262
3.259994 0.836487
3.260733 0.839151
3.256796 0.832420
3.216025 0.831255
3.254457 0.826441
3.253653 0.824786
3.254270 0.827208
3.222278 0.826836
3.218344 0.829700
3.249001 0.820750
3.247343 0.818721
3.248329 0.822031
3.241062 0.818122
3.242030 0.822576
3.234792 0.819575
3.228530 0.822305
3.227979 0.822657
3.422688 0.926307
3.416743 0.927228
3.409163 0.923107
3.410631 0.927966
3.402885 0.922822
3.396599 0.921496
3.395892 0.921310
3.390309 0.918997
3.391450 0.923102
3.384022 0.917276
3.379373 0.916614
3.377740 0.916329
3.377876 0.916918
3.371451 0.914038
3.724908 0.993027
3.704754 0.988729
3.698471 0.987711
3.697995 0.987615
3.698589 0.987706
3.692186 0.986133
3.685902 0.984864
3.679617 0.983513
3.677894 0.983232
3.679961 0.983479
3.673333 0.982296
3.667047 0.980708
0.055233 0.912546
0.054300 0.911604
0.056773 0.913288
0.050228 0.905781
0.048906 0.903269
0.047120 0.899882
0.042589 0.895945
0.039334 0.894417
0.036294 0.892806
0.036734 0.895200
0.105133 0.854159
0.106341 0.858995
0.098861 0.855078
0.099842 0.859301
0.092580 0.854379
0.094112 0.860510
0.111371 0.846959
0.110136 0.850999
0.111651 0.851185
0.087624 0.853031
0.086292 0.852482
0.086525 0.853422
0.112092 0.844647
0.111345 0.842160
0.110628 0.838608
0.111713 0.838997
0.110706 0.832434
0.567643 0.846761
0.560611 0.842891
0.561864 0.847875
0.556548 0.840649
0.554312 0.838982
0.554875 0.841477
0.550657 0.834990
0.547984 0.829757
0.584229 0.825836
0.547022 0.829143
0.548152 0.829256
0.541696 0.827811
0.535421 0.828066
0.598113 0.813462
0.591844 0.814842
0.585584 0.817972
0.582718 0.819778
0.580646 0.821599
0.611646 0.812251
0.605094 0.812488
0.598974 0.813215
0.593118 0.814252
1.017797 0.835527
1.011508 0.833303
1.031729 0.831561
1.009083 0.831841
1.012753 0.833065
1.005210 0.829563
1.037959 0.824811
1.000046 0.826472
0.998910 0.825288
0.999956 0.827789
1.042787 0.813766
1.042350 0.816533
1.038116 0.818853
0.995232 0.820741
1.043496 0.810241
1.043165 0.810754
1.061527 0.796908
1.055258 0.798565
1.049001 0.802212
1.046828 0.803759
1.351757 0.807759
1.345466 0.805313
1.339176 0.803120
1.338342 0.802913
1.339404 0.803100
1.332894 0.802131
1.326616 0.801880
1.320338 0.801807
1.314062 0.801991
1.749116 0.808213
1.742840 0.808503
1.736567 0.809254
1.730298 0.810755
1.724025 0.811482
1.717745 0.811205
1.711465 0.810572
1.705855 0.809879
1.705183 0.809762
2.141840 0.800555
2.135573 0.802306
2.129304 0.803805
2.193148 0.797242
2.185758 0.796204
2.179465 0.793533
2.173179 0.791915
2.160632 0.793111
2.154368 0.795549
2.148106 0.798313
2.142239 0.800414
2.180469 0.792065
2.169180 0.791814
2.173393 0.791704
2.166901 0.791727
2.164745 0.792211
2.160952 0.792956
2.506344 0.841145
2.506966 0.843339
2.500062 0.840201
2.501582 0.844911
2.493777 0.838740
2.489628 0.837940
2.487493 0.837627
2.487689 0.838351
2.481212 0.836868
2.482070 0.839679
2.474930 0.835956
2.468643 0.834150
2.467730 0.833750
2.909943 0.834713
2.903679 0.837125
2.897406 0.837797
2.891121 0.836428
2.916206 0.832078
2.911877 0.833841
2.910349 0.834471
2.904832 0.835893
2.898451 0.836334
2.889868 0.835787
2.891373 0.835970
2.884813 0.830837
2.884141 0.830127
2.884977 0.830261
2.878800 0.824446
2.878499 0.824037
2.948793 0.807472
2.967351 0.799367
2.953684 0.798021
2.948341 0.799685
3.102675 0.852120
3.096407 0.853741
3.090138 0.855193
3.121462 0.843701
3.122940 0.850140
3.115201 0.846703
3.116070 0.850014
3.108938 0.849223
3.108049 0.849665
3.109086 0.849754
3.133976 0.836512
3.135108 0.842432
3.127721 0.840497
3.124754 0.841985
3.128035 0.842073
3.146485 0.827941
3.140231 0.832234
3.136496 0.834756
3.140826 0.835092
3.166924 0.825874
3.173193 0.827293
3.165299 0.824905
3.159011 0.822950
3.152743 0.824519
3.146887 0.827649
3.154239 0.828833
3.513374 0.960168
3.493108 0.956208
3.486825 0.955198
3.485099 0.954737
3.480538 0.953317
3.474251 0.951571
3.467968 0.950417
3.466628 0.950211
3.461684 0.949343
3.455401 0.948376
0.090111 0.933900
0.110223 0.930973
0.097986 0.932430
0.087975 0.931342
0.090637 0.931765
0.083799 0.927458
0.116751 0.924557
0.091365 0.926454
0.081827 0.925698
0.084153 0.925939
0.077485 0.920608
0.122951 0.917774
0.091670 0.920673
0.084797 0.920545
0.076755 0.919970
0.077586 0.920026
0.128983 0.910800
0.084949 0.914596
0.073987 0.914046
0.077811 0.914158
0.071157 0.911467
0.064877 0.910966
0.134972 0.903779
0.071660 0.908751
0.141609 0.897487
0.465972 0.841624
0.473469 0.841190
0.463583 0.840563
0.466309 0.840741
0.459681 0.839023
0.453393 0.836960
0.460973 0.836233
0.449212 0.835653
0.453944 0.835923
0.447103 0.834851
0.440811 0.832035
0.437178 0.830569
0.441365 0.830900
0.434521 0.829754
1.197276 0.811531
1.190993 0.810586
1.187056 0.810009
1.184710 0.809476
1.178426 0.808041
1.172145 0.807401
1.165865 0.806960
1.159587 0.806821
1.155381 0.806690
1.514776 0.821004
1.510118 0.814635
1.507968 0.811968
1.505464 0.808862
1.501654 0.805102
1.499563 0.803214
1.495349 0.800005
1.492022 0.797732
1.886542 0.820939
1.880276 0.822974
1.874004 0.823947
1.867730 0.824488
1.861456 0.825067
1.855181 0.825502
1.892797 0.816800
1.886871 0.820748
1.886693 0.820952
1.881462 0.822730
1.905299 0.807141
1.899047 0.811857
1.896309 0.813726
1.917814 0.799995
1.911553 0.802983
1.905936 0.806688
1.906338 0.807945
1.950276 0.797923
1.930355 0.797542
1.924082 0.798308
1.920859 0.799180
1.918994 0.800809
2.397230 0.823173
2.390630 0.823358
2.383514 0.822960
2.376837 0.819955
2.372929 0.817233
2.377764 0.817964
2.370533 0.815207
2.365889 0.811680
2.371775 0.812726
2.364232 0.810651
2.357937 0.807518
2.354725 0.806520
2.351651 0.805732
2.753687 0.822346
2.747410 0.822325
2.741133 0.822424
2.734856 0.822588
2.761617 0.822245
2.754741 0.822117
2.748031 0.822177
2.741395 0.822321
2.734770 0.822585
2.734862 0.822584
2.728578 0.822325
2.722298 0.821774
2.716022 0.821893
2.709740 0.821260
3.062628 0.811060
3.056331 0.807424
3.054748 0.806846
3.056764 0.807204
3.050045 0.805758
3.043763 0.804976
3.037486 0.805029
3.031212 0.805665
3.024939 0.806403
3.430691 0.933852
3.423438 0.929155
3.417158 0.928685
3.410881 0.928774
3.408551 0.928456
3.404600 0.927931
3.405238 0.929538
3.398313 0.926165
3.392028 0.924653
3.387633 0.924168
3.385745 0.923733
3.386148 0.924810
3.727226 0.993298
3.732511 0.993974
3.725296 0.993028
3.719015 0.992142
3.712729 0.990641
3.706444 0.989030
3.706158 0.988979
3.706535 0.989060
3.700159 0.987603
3.693873 0.986144
3.687588 0.984736
3.686736 0.984567
3.687841 0.984787
0.332718 0.854926
0.325765 0.851134
0.322508 0.848834
0.326776 0.849715
0.319463 0.846584
0.316238 0.843210
0.320654 0.844322
0.313147 0.839500
0.311518 0.837462
0.313858 0.838159
0.306833 0.832699
0.305984 0.831800
0.694549 0.834777
0.688269 0.834427
0.681990 0.833995
0.680751 0.833870
0.675707 0.832997
0.669418 0.830744
0.664531 0.829156
0.663129 0.828675
1.529335 0.848025
1.525644 0.842160
1.524045 0.838900
1.522526 0.836253
1.519566 0.830341
1.517763 0.824334
1.517687 0.824184
1.514722 0.818448
1.977697 0.802287
1.971418 0.802159
1.965140 0.801907
1.958860 0.801457
1.952580 0.800763
1.940030 0.801784
1.933761 0.803238
1.950717 0.800713
1.946302 0.800578
1.940802 0.801610
1.946616 0.801474
2.290238 0.832213
2.283959 0.832054
2.302754 0.825255
2.296497 0.829044
2.294208 0.830339
2.282490 0.831370
2.277654 0.827022
2.275311 0.825828
2.271365 0.824749
2.265075 0.822282
2.316190 0.817158
2.261853 0.820877
2.673307 0.824056
2.669102 0.822159
2.674574 0.823243
2.667016 0.821448
2.660727 0.819347
2.654830 0.817249
2.654438 0.817139
2.654661 0.817541
2.648159 0.816977
2.648896 0.818705
2.641886 0.817660
2.642404 0.819022
2.635611 0.818047
3.015308 0.810139
3.009021 0.808575
3.002737 0.807306
3.016888 0.808006
3.010006 0.807870
3.002667 0.807297
3.002749 0.807304
2.996455 0.806292
2.990169 0.804664
2.984315 0.802772
2.983881 0.802735
2.977601 0.802391
3.296609 0.866982
3.290333 0.867201
3.317078 0.866272
3.310328 0.866288
3.285028 0.867084
3.284055 0.867071
3.284156 0.867285
3.277774 0.866298
3.278747 0.868841
3.271484 0.864042
3.267340 0.862492
3.265195 0.861933
3.265617 0.863175
3.258903 0.859331
3.478839 0.951254
3.472552 0.949609
3.466268 0.948364
3.465316 0.948224
3.459986 0.947366
3.453705 0.946614
3.447420 0.945091
3.441795 0.944161
3.441136 0.943995
3.434847 0.941979
3.763474 1.000554
