0.961165 0.814777
0.962558 0.816868
0.954897 0.816028
0.955304 0.816671
0.948622 0.816069
0.949363 0.817061
0.942340 0.814807
0.936047 0.811584
0.975280 0.810029
0.934780 0.810814
0.929754 0.808219
0.923557 0.804817
0.923461 0.804768
0.917172 0.802146
0.980990 0.790230
0.973138 0.789993
0.973662 0.790008
0.981085 0.783835
0.973545 0.781870
0.972723 0.783552
0.973727 0.783596
0.987290 0.777130
0.979781 0.774411
0.977483 0.776920
0.980148 0.776987
1.317367 0.793063
1.311079 0.790591
1.306030 0.788781
1.304792 0.788320
1.305440 0.789121
1.298504 0.785803
1.292215 0.783259
1.291617 0.782894
1.285921 0.779620
1.281155 0.776872
1.279626 0.775968
1.542860 0.793597
1.546622 0.793758
1.539693 0.790881
1.495769 0.791661
1.535575 0.787414
1.541257 0.787972
1.533392 0.785974
1.502007 0.784626
1.498145 0.788895
1.527106 0.781288
1.527092 0.781280
1.520806 0.779301
1.514529 0.778848
1.508260 0.780258
1.504502 0.782189
1.946940 0.834216
1.940683 0.837860
1.934411 0.838335
1.928115 0.834598
1.953194 0.830273
1.951620 0.831496
1.925185 0.832555
1.959436 0.823816
1.958729 0.824770
1.965673 0.816329
1.963726 0.818126
1.971913 0.809568
1.970420 0.811417
1.978144 0.801254
1.975826 0.804759
1.984385 0.794528
1.980898 0.798114
1.979800 0.798980
1.990635 0.789538
1.987773 0.791402
1.997920 0.785059
2.290551 0.804832
2.284285 0.806614
2.354887 0.802571
2.303068 0.798471
2.296811 0.801866
2.292070 0.804229
2.290782 0.804405
2.348010 0.796105
2.315583 0.791520
2.309325 0.794647
2.305001 0.797262
2.303395 0.797497
2.340669 0.788366
2.341031 0.789593
2.334387 0.787078
2.335441 0.790137
2.328115 0.787880
2.329334 0.790459
2.321848 0.789553
2.319204 0.790253
2.322678 0.790530
2.678263 0.808496
2.671984 0.807851
2.671482 0.807667
2.665700 0.806175
2.659414 0.804016
2.704675 0.800612
2.654721 0.801864
2.653122 0.800911
2.646832 0.798227
2.640548 0.796583
2.988050 0.812276
2.980983 0.807734
2.982299 0.812740
2.976426 0.813166
2.976340 0.805895
2.974693 0.804987
2.974879 0.806034
2.968392 0.799885
2.969160 0.806523
2.968303 0.799745
2.963363 0.800563
2.962654 0.793511
2.962080 0.792943
2.962173 0.793576
2.956634 0.794172
2.957459 0.787268
2.955764 0.785366
2.956017 0.787449
2.949477 0.783006
2.943206 0.783879
3.304231 0.808373
3.297950 0.807340
3.291667 0.805811
3.299614 0.805058
3.287903 0.804680
3.292444 0.804891
3.285381 0.803703
3.279103 0.803431
3.272831 0.803992
3.266557 0.804303
3.260284 0.804672
3.563414 0.882571
3.565067 0.888636
3.557149 0.884443
3.550870 0.883871
3.583596 0.881350
3.577017 0.881451
3.569670 0.878750
3.565371 0.881386
3.570301 0.881494
3.546454 0.882106
3.544582 0.881258
3.545427 0.882569
3.538291 0.878382
3.534488 0.876130
3.531988 0.873279
3.529060 0.869904
3.525689 0.868660
3.600643 0.801352
3.594375 0.802593
3.588088 0.800550
3.581803 0.798714
3.606886 0.795058
3.606447 0.795938
3.575587 0.797121
3.575519 0.797067
3.569213 0.791164
3.609067 0.789385
3.606849 0.788083
3.600551 0.783735
3.568909 0.790942
3.569336 0.790990
3.562909 0.785882
3.599765 0.783279
3.594267 0.781946
3.587984 0.780661
3.581704 0.779681
3.575423 0.778729
3.569154 0.779967
3.751958 0.972858
3.745674 0.971209
0.098521 0.796627
0.093726 0.794793
0.092234 0.794282
0.085948 0.792487
0.079662 0.790507
0.075600 0.789036
0.073376 0.788422
0.067094 0.787035
0.060814 0.786316
0.054537 0.786072
0.785519 0.797592
0.776086 0.784487
0.771731 0.782281
0.765450 0.781342
0.759171 0.780737
0.752895 0.780480
0.746621 0.780734
0.740347 0.780951
0.734074 0.781592
0.754116 0.779496
0.747534 0.779604
0.741073 0.779772
0.962874 0.817385
0.956605 0.818909
0.950328 0.818574
0.975387 0.810193
0.969133 0.814350
0.963587 0.816982
0.947163 0.817632
0.944043 0.816656
0.937749 0.813118
0.975550 0.810070
0.981622 0.802592
0.981227 0.803401
0.981837 0.803479
0.984719 0.796816
0.989115 0.797255
0.984506 0.790371
0.988501 0.790542
0.995552 0.784219
0.987780 0.780009
0.984377 0.783922
0.988394 0.784060
0.994029 0.774923
0.991275 0.777207
0.994543 0.777326
1.026757 0.770077
1.006543 0.768032
1.000278 0.769945
0.999173 0.770456
1.000519 0.770518
1.358285 0.807697
1.337939 0.802801
1.334766 0.801413
1.331649 0.800143
1.325361 0.797630
1.321037 0.795485
1.319070 0.794513
1.312783 0.792369
1.306497 0.790445
1.304384 0.789701
1.300210 0.788186
1.662867 0.800734
1.656599 0.802126
1.650320 0.801523
1.669119 0.796342
1.663589 0.800370
1.648272 0.800981
1.644037 0.800039
1.681630 0.788474
1.683134 0.793894
1.675368 0.791251
1.673238 0.793544
1.676090 0.793785
1.687883 0.784298
1.684585 0.786657
1.688569 0.786831
1.700386 0.775152
1.701873 0.780253
1.694130 0.778964
1.692932 0.779889
1.694457 0.779984
1.714518 0.773381
1.948637 0.835053
1.954894 0.831323
1.953732 0.832277
1.961127 0.823280
1.959998 0.825577
1.967360 0.815086
1.963579 0.818986
1.973592 0.806721
1.969547 0.812299
1.974507 0.805653
1.974111 0.805941
1.986068 0.792451
1.979827 0.798953
1.979787 0.798994
1.992318 0.787493
1.986222 0.792291
1.986179 0.792348
2.017372 0.778308
2.011106 0.780096
2.004840 0.782077
1.998577 0.784411
1.996119 0.785452
1.993335 0.786086
2.023642 0.777414
2.018328 0.778152
2.017428 0.778211
2.011880 0.778776
2.358496 0.825604
2.359343 0.830357
2.364750 0.821469
2.362148 0.823367
2.365109 0.823428
2.352588 0.823757
2.352210 0.823666
2.352226 0.823779
2.377248 0.811322
2.370995 0.815552
2.369331 0.816632
2.371572 0.816836
2.383493 0.805624
2.379136 0.809794
2.428926 0.802176
2.389736 0.799287
2.385949 0.803078
2.422574 0.795940
2.395983 0.793876
2.392799 0.796361
2.421444 0.789009
2.414773 0.786927
2.415243 0.789274
2.408497 0.786862
2.409494 0.789748
2.402232 0.788845
2.400952 0.789595
2.402875 0.789834
2.788878 0.816716
2.782614 0.818966
2.776338 0.818906
2.795133 0.812702
2.792327 0.814458
2.807630 0.802483
2.801380 0.807412
2.801105 0.807659
2.801500 0.807704
2.813878 0.797387
2.809601 0.800876
2.838927 0.787182
2.832656 0.788093
2.826392 0.790216
2.820133 0.793355
2.819162 0.794055
2.820911 0.794370
2.852381 0.786780
2.845779 0.786872
2.839108 0.786934
2.833453 0.787444
3.207860 0.798005
3.210189 0.798220
3.203537 0.791711
3.203233 0.791072
3.201241 0.785343
3.204400 0.785810
3.200720 0.778911
3.171780 0.776622
3.167976 0.780216
3.199505 0.772506
3.196836 0.767754
3.178013 0.768620
3.174194 0.773516
3.195256 0.766223
3.190538 0.763570
3.184266 0.764012
3.180716 0.766806
3.647195 0.883511
3.640941 0.887517
3.637468 0.889252
3.653447 0.879015
3.648536 0.882354
3.659691 0.872957
3.657135 0.875561
3.665932 0.866288
3.663583 0.868855
3.672168 0.858837
3.669561 0.862170
3.674521 0.855525
3.678383 0.847340
3.677698 0.848951
3.681114 0.842368
3.684583 0.832819
3.684002 0.835804
3.685853 0.836376
3.685650 0.829291
3.687407 0.822773
3.688955 0.816264
3.715808 0.803633
3.709537 0.804596
3.703268 0.805677
3.696997 0.806557
3.690720 0.806242
3.688611 0.809830
3.728335 0.799014
3.722075 0.801971
3.721609 0.802097
3.748772 0.795398
3.741925 0.795383
0.382361 0.825805
0.374414 0.789948
0.372176 0.786752
0.368103 0.783065
0.365386 0.780554
0.361802 0.778153
0.355508 0.774612
0.355267 0.774496
0.349217 0.771851
0.342933 0.770139
0.337320 0.768774
0.336650 0.768602
1.108944 0.796017
1.102884 0.796348
1.101787 0.789429
1.095004 0.787661
1.095396 0.789613
1.088727 0.787565
1.089092 0.789836
1.082444 0.786029
1.083066 0.790190
1.076161 0.784681
1.077184 0.790620
1.069886 0.784605
1.071045 0.790937
1.066746 0.784082
1.063603 0.783336
1.063788 0.784294
1.057318 0.781412
1.587042 0.797195
1.580777 0.799131
1.574508 0.800346
1.568229 0.799673
1.561938 0.796701
1.594662 0.793916
1.557653 0.794687
1.555645 0.793360
1.549354 0.790295
2.006521 0.779508
2.000261 0.782383
2.044142 0.773526
2.037870 0.774058
2.031597 0.774576
2.025326 0.775358
2.019056 0.776414
2.012788 0.777831
2.006689 0.779447
2.006545 0.779466
2.052024 0.772016
2.045334 0.772071
2.039005 0.772291
2.032887 0.772616
2.358123 0.823342
2.369282 0.811953
2.363019 0.814403
2.363652 0.816314
2.356746 0.814910
2.357067 0.816417
2.350458 0.812475
2.351142 0.816831
2.345348 0.817318
2.381792 0.804084
2.375541 0.808800
2.374971 0.809125
2.375803 0.809218
2.347139 0.810205
2.344156 0.807217
2.344518 0.810490
2.388034 0.797785
2.384041 0.802332
2.340863 0.804013
2.337851 0.801750
2.780905 0.816070
2.774633 0.816608
2.768347 0.814727
2.793417 0.808645
2.787164 0.812892
2.785008 0.813895
2.787707 0.814055
2.767931 0.814566
2.762058 0.812115
2.755769 0.809474
2.799663 0.803166
2.795286 0.807049
2.812171 0.794883
2.805915 0.798473
2.803550 0.800284
2.806788 0.800576
3.138946 0.821884
3.132681 0.824077
3.126405 0.823925
3.145195 0.816920
3.142807 0.819029
3.151434 0.810102
3.149644 0.812310
3.154201 0.805682
3.155355 0.799187
3.203049 0.791640
3.157605 0.789987
3.156571 0.792690
3.163834 0.780973
3.159650 0.786120
3.170086 0.776486
3.166178 0.779414
3.195349 0.771851
3.195161 0.771534
3.176315 0.767634
3.172792 0.772705
3.189794 0.765603
3.188852 0.765060
3.182578 0.765316
3.181285 0.765925
3.515643 0.849236
3.514187 0.840946
3.514310 0.842216
3.509451 0.843081
3.511561 0.835807
3.508514 0.836222
3.514104 0.825034
3.513129 0.829293
3.508617 0.829834
3.514598 0.822783
3.514166 0.822834
3.508927 0.823541
3.520302 0.810328
3.516029 0.816275
3.514331 0.816471
3.509099 0.817191
3.526543 0.803783
3.520891 0.809638
3.520384 0.809698
3.515128 0.810397
3.527765 0.802927
3.526667 0.803028
3.521374 0.803705
3.539644 0.796307
3.533745 0.796707
3.488830 0.792031
3.501345 0.785278
3.495089 0.788998
3.490052 0.791498
3.538961 0.778200
3.532690 0.779224
3.526422 0.780589
3.520151 0.781353
3.513877 0.781479
3.507606 0.782501
3.502471 0.784549
3.509003 0.785007
3.720613 0.958944
3.713717 0.956205
3.714022 0.959040
3.707431 0.954125
3.708017 0.959392
3.701914 0.959707
3.696335 0.960269
3.701163 0.952929
3.701150 0.952918
3.701150 0.952930
3.694858 0.949933
3.695030 0.953238
3.689693 0.953917
3.726976 0.945870
3.715857 0.945925
3.720394 0.945969
3.713648 0.942998
3.707369 0.942274
3.701105 0.944408
3.694835 0.945528
3.693002 0.946790
3.689001 0.947162
3.683520 0.947789
3.740163 0.939240
3.734023 0.939532
3.727448 0.939636
3.720824 0.939718
3.713971 0.939700
3.707589 0.939891
3.701537 0.940232
3.695392 0.940536
3.689383 0.940910
3.683345 0.941278
3.708765 0.933992
3.702403 0.934201
3.696048 0.934414
3.689920 0.934740
3.750547 0.798675
3.744278 0.799903
3.738008 0.800781
3.731741 0.802454
0.356057 0.773643
0.353802 0.772496
0.355356 0.774417
0.347515 0.770080
0.341231 0.768513
0.337867 0.767882
0.334950 0.767355
0.328671 0.766814
0.322395 0.766742
0.316122 0.767192
0.608444 0.854230
0.602177 0.855828
0.595902 0.856008
0.610259 0.852068
0.608692 0.852265
0.602616 0.852617
0.610874 0.845597
0.608876 0.845926
0.608511 0.839247
0.608365 0.839051
0.608399 0.839269
0.691274 0.785210
0.677089 0.780592
0.673058 0.778674
0.678205 0.779020
0.670797 0.777380
0.664504 0.773999
0.661603 0.772657
0.665347 0.772935
0.658213 0.771012
0.651926 0.768890
0.645646 0.768009
0.639370 0.767762
0.646362 0.767191
1.255633 0.759816
1.249342 0.756803
1.248081 0.756263
1.243054 0.754391
1.236768 0.752244
1.230487 0.751321
1.224215 0.752025
1.217947 0.753436
1.654896 0.800417
1.648619 0.800138
1.667409 0.793179
1.661158 0.798068
1.657052 0.799793
1.662474 0.800218
1.648536 0.800116
1.642336 0.798687
1.636051 0.796829
1.629764 0.794692
1.667770 0.792939
1.628859 0.794442
1.623480 0.793058
1.680715 0.786373
1.924723 0.833885
1.920025 0.831059
1.918428 0.830095
1.912132 0.826212
1.910333 0.824973
1.905827 0.820391
1.904392 0.818753
1.899518 0.814014
1.897667 0.812571
1.900412 0.812928
1.893220 0.809895
1.887421 0.806543
1.886926 0.806279
2.361731 0.809024
2.354992 0.803364
2.355746 0.809386
2.350033 0.809882
2.353838 0.802659
2.348699 0.800128
2.349165 0.803053
2.343693 0.803669
2.344119 0.796575
2.342400 0.795535
2.342641 0.796748
2.336109 0.792535
2.337144 0.797362
2.329829 0.791684
2.323554 0.791666
2.317281 0.792339
2.752358 0.805273
2.746072 0.803137
2.739789 0.801563
2.737405 0.801165
2.733506 0.800318
2.734788 0.801918
2.727225 0.799262
2.720948 0.798983
2.714678 0.799995
3.137241 0.820077
3.130966 0.820081
3.143494 0.815819
3.140238 0.818293
3.127494 0.818780
3.124681 0.818198
3.124948 0.819011
3.118404 0.817799
3.118855 0.819346
3.112124 0.817102
3.112745 0.819679
3.105838 0.815115
3.149746 0.811057
3.148997 0.811509
3.101240 0.813387
3.155016 0.804830
3.155929 0.793435
3.155249 0.798366
3.156158 0.791877
3.156185 0.792002
3.162138 0.780837
3.158972 0.785317
3.168391 0.776519
3.165437 0.778621
3.188548 0.765503
3.182336 0.765767
3.402344 0.826030
3.396079 0.828123
3.421130 0.818304
3.414867 0.820683
3.408604 0.823124
3.405825 0.824496
3.454045 0.816924
3.446215 0.815092
3.447484 0.817036
3.439937 0.814536
3.441373 0.817356
3.433657 0.813709
3.435293 0.817696
3.427385 0.814315
3.423233 0.817356
3.428856 0.817872
3.614194 0.896783
3.607942 0.901599
3.606203 0.902531
3.608175 0.902570
3.626707 0.889681
3.620449 0.893074
3.615549 0.895702
3.621241 0.895879
3.639222 0.882955
3.632966 0.886505
3.627950 0.888755
3.633947 0.889014
3.651733 0.875112
3.645480 0.879487
3.640866 0.881794
3.646713 0.882182
3.657981 0.869958
3.651952 0.874912
3.664225 0.864046
3.659868 0.868156
3.670462 0.856543
3.666567 0.861448
3.671715 0.854800
3.676670 0.843488
3.674901 0.848225
3.677635 0.841668
3.680265 0.835115
3.681097 0.828630
3.683966 0.829057
3.681801 0.822151
3.683466 0.822395
3.682768 0.815661
3.682819 0.815669
3.701566 0.804145
3.695289 0.804087
3.682759 0.807989
3.682483 0.809220
3.682952 0.809293
3.691248 0.802432
3.689003 0.801918
3.687251 0.802584
3.689555 0.802765
0.139626 0.808864
0.133346 0.807935
0.132984 0.807841
0.127063 0.806583
0.120778 0.804783
0.114489 0.802258
0.114203 0.802119
0.108203 0.800125
0.101916 0.797864
0.523534 0.812095
0.516475 0.811550
0.516895 0.812171
0.510194 0.810420
0.511396 0.812754
0.503913 0.809208
0.497634 0.808436
0.491355 0.807841
0.485077 0.807397
0.478804 0.807911
0.472534 0.808923
0.466268 0.810606
0.802015 0.830305
0.800464 0.829016
0.801737 0.830926
0.794167 0.824841
0.793460 0.824174
0.788314 0.817921
0.787850 0.816734
0.788296 0.818142
0.785747 0.811571
0.784185 0.805186
0.784499 0.798726
0.781576 0.792398
0.781447 0.792304
0.781564 0.792460
0.964575 0.818809
0.958303 0.819459
0.977092 0.812401
0.970837 0.816278
0.967121 0.817704
0.983338 0.806700
0.979358 0.810764
0.989572 0.798700
0.985794 0.804061
0.990668 0.797419
0.995801 0.789930
0.995655 0.790774
0.995841 0.790784
0.997016 0.784272
1.003419 0.784718
1.002003 0.775953
1.000291 0.777694
1.002434 0.777821
1.028063 0.770178
1.027073 0.769815
1.020791 0.768464
1.014516 0.768606
1.016006 0.771372
1.008250 0.770349
1.006940 0.770983
1.008588 0.771086
1.371559 0.807545
1.360272 0.807717
1.365312 0.807789
1.358485 0.807552
1.352205 0.806892
1.345922 0.805411
1.339635 0.803080
1.337253 0.802147
1.341021 0.802709
1.333347 0.800749
1.327059 0.798366
1.322224 0.796305
1.320769 0.795704
2.436328 0.815310
2.429103 0.803296
2.430153 0.809155
2.385191 0.806248
2.381650 0.810570
2.428191 0.802285
2.422796 0.797141
2.423941 0.802993
2.391432 0.799577
2.386922 0.803909
2.420916 0.796108
2.416504 0.793883
2.417081 0.796538
2.410216 0.791453
2.403941 0.791614
2.397683 0.795080
2.394448 0.797157
0.273495 0.787982
0.267223 0.788499
0.260947 0.788389
0.279932 0.787071
0.273978 0.787445
0.267802 0.787728
0.257280 0.787848
0.261258 0.787848
0.254667 0.787408
0.248390 0.787375
0.242114 0.787133
0.235831 0.785706
0.229546 0.783900
0.566751 0.851246
0.565681 0.848811
0.564008 0.844894
0.566579 0.845244
0.562583 0.838496
0.561470 0.832087
0.560317 0.825681
0.559273 0.823449
0.553945 0.819483
0.560887 0.820050
0.552975 0.819017
0.546688 0.816833
0.540413 0.817099
0.590558 0.805809
0.591995 0.812244
0.590032 0.805191
0.585579 0.805991
0.585362 0.798912
0.584238 0.797296
0.584569 0.799098
0.581482 0.792607
0.590427 0.780790
0.584162 0.782608
0.580143 0.786208
0.578831 0.786725
0.602964 0.778227
0.596693 0.779018
0.595889 0.779153
0.591939 0.780056
0.623427 0.772457
0.823189 0.843225
0.821056 0.842777
0.814768 0.840244
0.810322 0.837258
0.808472 0.836288
0.802173 0.831712
0.801308 0.831158
0.795877 0.827687
0.793118 0.825038
0.789564 0.820788
0.788136 0.818796
1.117333 0.809671
1.118935 0.816767
1.111059 0.809924
1.112496 0.816943
1.106227 0.817203
1.136131 0.804356
1.137285 0.809374
1.129871 0.807342
1.130295 0.809295
1.123605 0.809047
1.118701 0.809537
1.123671 0.809378
1.109305 0.809905
1.104783 0.809843
1.104833 0.810108
1.098505 0.809560
1.098647 0.810402
1.092224 0.808316
1.142375 0.798378
1.138586 0.802330
1.143212 0.802545
1.145159 0.795632
1.149331 0.795802
1.162553 0.789188
1.155428 0.789052
1.446776 0.794946
1.440503 0.795499
1.434234 0.796602
1.427964 0.797811
1.421697 0.799390
1.415430 0.801076
1.471838 0.787501
1.465575 0.789807
1.459311 0.791889
1.460465 0.794826
1.453044 0.793613
1.447692 0.794758
1.453503 0.794757
1.472113 0.787381
1.485761 0.781081
1.491746 0.774281
1.821808 0.774017
1.815529 0.773231
1.813470 0.772941
1.816581 0.773338
1.809250 0.772513
1.802974 0.772304
1.796696 0.771946
1.790420 0.771788
1.784144 0.771636
1.777869 0.771754
2.163212 0.796913
2.159394 0.792453
2.160793 0.797666
2.157468 0.790673
2.153094 0.787580
2.154604 0.791522
2.148568 0.784561
2.146796 0.783305
2.147726 0.785059
2.140495 0.778551
2.140327 0.778436
2.134200 0.774834
2.129442 0.772431
2.127909 0.771775
2.506650 0.812090
2.512895 0.806260
2.508952 0.809811
2.519129 0.798297
2.515796 0.803087
2.520332 0.796457
2.525351 0.788263
2.524376 0.789848
2.569245 0.781535
2.562965 0.780725
2.556682 0.779353
2.550404 0.778877
2.544131 0.779171
2.537859 0.779882
2.531592 0.781400
2.529115 0.783210
2.914264 0.806341
2.901216 0.806296
2.908280 0.806710
2.900585 0.805860
2.926795 0.799427
2.895659 0.800052
2.894273 0.798658
2.889541 0.793836
2.887965 0.792534
2.881675 0.789518
2.877466 0.787866
2.875385 0.787045
2.869098 0.784810
3.271140 0.804520
3.264871 0.805734
3.258600 0.806777
3.252328 0.807374
3.246053 0.807303
3.239774 0.806675
3.279548 0.804186
3.284494 0.804381
3.277412 0.803911
3.271485 0.804486
3.271165 0.804511
3.265629 0.805084
3.259620 0.805456
3.253464 0.805766
3.247045 0.805953
3.236924 0.805842
3.240288 0.805976
3.233487 0.804557
3.728016 0.966572
3.724703 0.965760
3.721730 0.964325
3.722425 0.966178
3.715452 0.964124
3.709173 0.963337
3.702893 0.962506
3.696609 0.960829
3.695456 0.960443
3.690309 0.955960
3.687759 0.954307
3.684005 0.950627
3.746692 0.937687
3.740415 0.937429
3.734146 0.938633
3.727860 0.936663
3.721579 0.935533
3.715294 0.933865
3.754191 0.932975
3.747552 0.933051
3.741099 0.933211
3.734923 0.933496
3.728383 0.933619
3.721988 0.933809
3.715285 0.933863
3.715295 0.933863
3.709013 0.932605
3.702731 0.931437
3.696451 0.930409
3.690189 0.932983
3.729347 0.927637
3.723141 0.927924
3.716498 0.928003
3.709761 0.928035
3.703121 0.928115
3.696657 0.928282
0.246705 0.788979
0.240425 0.788021
0.254406 0.787829
0.247809 0.787926
0.238871 0.787727
0.240800 0.787836
0.234142 0.786756
0.227859 0.785039
0.221573 0.783130
0.218524 0.782075
0.215287 0.781113
0.209006 0.780134
1.117314 0.809582
1.111040 0.809828
1.135677 0.802231
1.122214 0.802302
1.115588 0.800006
1.115977 0.802551
1.109310 0.799631
1.109717 0.802794
1.103025 0.797638
1.103693 0.803148
1.097678 0.803514
1.091582 0.803850
1.085395 0.804148
1.099038 0.796562
1.096742 0.796209
1.096830 0.796690
1.090467 0.796349
1.090579 0.796948
1.084191 0.796177
1.084362 0.797224
1.077908 0.794888
1.078304 0.797583
1.071630 0.794211
1.461027 0.796133
1.454760 0.797746
1.448492 0.799055
1.442219 0.799676
1.473552 0.791237
1.474995 0.795254
1.467291 0.794078
1.465039 0.794925
1.467682 0.795015
1.486053 0.781662
1.487697 0.788393
1.479809 0.787685
1.479445 0.787913
1.479883 0.787932
1.498568 0.774776
1.492293 0.774919
1.486347 0.781197
1.843106 0.785543
1.842384 0.784524
1.837305 0.779305
1.836077 0.778498
1.829789 0.776090
1.823506 0.774537
1.818182 0.773599
1.817224 0.773463
1.810944 0.772550
1.804666 0.772129
2.206780 0.805893
2.200509 0.806609
2.194238 0.807373
2.187964 0.807720
2.181692 0.808481
2.175422 0.809451
2.169145 0.809133
2.162856 0.806541
2.160763 0.805152
2.618397 0.808529
2.612137 0.811803
2.605862 0.811819
2.599573 0.809205
2.630925 0.804427
2.624657 0.805798
2.619174 0.808019
2.618684 0.808178
2.598771 0.808814
2.645145 0.801391
2.638490 0.801462
2.632241 0.801715
2.593643 0.802573
2.593261 0.802164
2.593333 0.802622
2.586968 0.798680
3.130541 0.818460
3.125733 0.811577
3.122947 0.810701
3.123157 0.811770
3.116669 0.810066
3.117070 0.812091
3.110387 0.808872
3.111139 0.812490
3.104100 0.806593
3.105430 0.813007
3.079006 0.808103
3.101956 0.806034
3.097816 0.805103
3.098089 0.806324
3.091541 0.805150
3.091892 0.806615
3.085268 0.805607
3.081934 0.806842
3.085602 0.806864
0.132522 0.807469
0.119078 0.803623
0.113100 0.801327
0.112789 0.801229
0.113620 0.801708
0.106504 0.799232
0.100217 0.796996
0.096912 0.795498
0.093928 0.794385
0.087642 0.792413
0.081355 0.790249
0.079935 0.789736
0.427097 0.844324
0.433340 0.838141
0.431840 0.840244
0.439571 0.829718
0.436127 0.833624
0.445808 0.822476
0.441661 0.826955
0.452053 0.816529
0.447914 0.820256
0.458301 0.811231
0.455336 0.813511
0.496733 0.805853
0.489633 0.802601
0.490881 0.806280
0.483356 0.802194
0.484846 0.806636
0.477082 0.802651
0.478469 0.806837
0.470813 0.803784
0.471874 0.806936
0.464552 0.806566
0.464348 0.806705
0.464615 0.806726
0.724453 0.789802
0.718179 0.790092
0.711900 0.789321
0.705616 0.787550
0.737771 0.784691
0.731990 0.785141
0.726054 0.785535
0.719747 0.785767
0.713211 0.785894
0.701255 0.785695
0.706302 0.785847
0.699327 0.785008
0.693037 0.782248
0.688147 0.779771
0.686745 0.779063
1.283614 0.775622
1.276211 0.770648
1.272708 0.769053
1.269918 0.767481
1.263625 0.764111
1.261728 0.763020
1.257331 0.760564
1.251038 0.757196
1.250612 0.757012
1.244750 0.754767
1.654224 0.799583
1.648559 0.800087
1.640635 0.797483
1.634350 0.795574
1.628652 0.793600
1.628063 0.793417
1.628801 0.793957
1.621781 0.792081
1.615500 0.791094
1.609224 0.790985
1.602953 0.791768
1.596684 0.792951
1.938990 0.838112
1.932714 0.837956
1.945245 0.833975
1.940038 0.837568
1.939894 0.838012
1.932500 0.837853
1.933203 0.838065
1.926420 0.834352
1.951497 0.829540
1.950041 0.830740
1.922513 0.831789
1.920123 0.830256
1.913828 0.826602
1.912674 0.825733
1.907518 0.819944
1.907160 0.819513
2.280945 0.815942
2.274682 0.818215
2.268417 0.820261
2.262149 0.821719
2.255874 0.821758
2.249592 0.820539
2.243308 0.818859
2.281044 0.815885
2.280967 0.815898
2.275531 0.816501
2.239137 0.817504
2.237022 0.816936
2.230734 0.814524
2.288234 0.809656
2.300898 0.802797
2.686231 0.808147
2.679966 0.810071
2.673689 0.809829
2.698755 0.802939
2.692494 0.805753
2.686905 0.807900
2.686508 0.808054
2.670534 0.808545
2.667401 0.807464
2.661110 0.804473
2.711284 0.798779
2.705017 0.800354
2.703926 0.800800
3.022118 0.825859
3.020024 0.825230
3.015834 0.824172
3.016500 0.825678
3.009549 0.822286
3.003270 0.821462
2.996987 0.820296
2.993378 0.819801
2.990708 0.819507
2.991104 0.820093
2.984429 0.818853
2.978151 0.818234
3.365887 0.826602
3.359601 0.824442
3.358139 0.823822
3.360626 0.824231
3.353317 0.822893
3.347028 0.820225
3.343200 0.817952
3.340735 0.817003
3.334448 0.814798
3.329017 0.812079
3.328157 0.811696
3.593462 0.895610
3.585677 0.891782
3.586740 0.895651
3.579414 0.894084
3.579966 0.895666
3.573143 0.895025
3.573443 0.895802
3.566866 0.894821
3.560573 0.891330
3.610725 0.881453
3.612403 0.888485
3.604462 0.883768
3.605631 0.888503
3.598198 0.886080
3.598848 0.888515
3.591935 0.888347
3.591607 0.888480
3.591976 0.888487
3.623254 0.877337
3.624307 0.881276
3.616990 0.879464
3.611102 0.881281
3.617486 0.881273
3.643667 0.874367
3.610253 0.791061
3.610297 0.791031
3.610253 0.791001
3.610260 0.791036
0.051164 0.788981
0.032339 0.789237
0.026070 0.790373
0.019806 0.792655
0.013543 0.794943
0.065269 0.788535
0.058359 0.788492
0.046122 0.788513
0.051556 0.788497
0.044886 0.788400
0.038612 0.788618
0.035474 0.788917
0.032592 0.789154
0.382575 0.826506
0.382435 0.825900
0.381614 0.819475
0.381045 0.813042
0.380822 0.806597
0.380359 0.800163
0.378316 0.793789
0.376114 0.791258
0.372430 0.787570
0.369809 0.785522
0.364971 0.781422
0.363507 0.780456
0.357216 0.777336
0.697652 0.788745
0.691644 0.785236
0.699025 0.785631
0.691358 0.785089
0.685065 0.781651
0.680525 0.779212
0.686371 0.779647
0.678772 0.778236
0.672479 0.775038
0.668608 0.773237
0.666187 0.771846
0.659898 0.769319
0.991293 0.804049
0.990695 0.804743
0.997534 0.797315
0.997110 0.798035
0.997726 0.798109
1.003757 0.787231
1.002593 0.791366
1.004619 0.784839
1.053903 0.776424
1.047622 0.775340
1.041340 0.773923
1.035054 0.771874
1.016228 0.772050
1.009976 0.776462
1.008302 0.778244
1.010470 0.778411
1.031359 0.770873
1.028770 0.770452
1.029165 0.771157
1.022496 0.770617
1.018253 0.771394
1.022865 0.771397
1.399504 0.803487
1.393239 0.805393
1.386966 0.805993
1.380691 0.806057
1.374416 0.806182
1.368141 0.806248
1.405761 0.799910
1.404014 0.801232
1.407248 0.801836
1.418259 0.789932
1.419753 0.794892
1.412008 0.794477
1.412008 0.794477
1.412008 0.794477
1.431464 0.787612
1.424720 0.787642
1.697603 0.795002
1.691341 0.797640
1.703845 0.788673
1.698998 0.794242
1.710098 0.784360
1.705127 0.787548
1.710888 0.787717
1.722604 0.775708
1.716351 0.780167
1.715435 0.780686
1.716541 0.780738
1.761577 0.773104
1.747687 0.772075
1.741406 0.771232
1.735133 0.771583
1.728864 0.772738
1.725688 0.773832
1.729611 0.774052
2.077700 0.777757
2.070948 0.775353
2.064663 0.773584
2.058382 0.772451
2.027008 0.773187
2.052875 0.772023
2.058796 0.771999
2.052104 0.771935
2.045826 0.771445
2.039550 0.771416
2.033278 0.772042
2.027913 0.773024
2.027069 0.773091
2.449744 0.826383
2.451429 0.828841
2.443460 0.824585
2.440022 0.822011
2.437157 0.819262
2.438217 0.822594
2.433758 0.815799
2.430846 0.812490
2.432255 0.816563
2.428464 0.809555
2.424535 0.805533
2.422004 0.803366
2.418233 0.800663
2.412816 0.797296
2.779188 0.811858
2.779914 0.813616
2.772918 0.812843
2.773313 0.813708
2.766639 0.812026
2.768191 0.814476
2.760353 0.809994
2.792794 0.806851
2.754540 0.807789
2.754065 0.807630
2.754406 0.807966
2.747778 0.805433
2.741493 0.803715
2.735211 0.802423
2.733340 0.802200
3.042659 0.829652
3.036387 0.830291
3.030109 0.829865
3.023835 0.829969
3.017552 0.828507
3.013197 0.826323
3.011261 0.825735
3.011880 0.826693
3.004981 0.824923
2.998701 0.823987
3.062923 0.818682
3.454196 0.817161
3.447923 0.817740
3.441648 0.817877
3.435373 0.817860
3.429099 0.818273
3.422832 0.819792
3.466720 0.812126
3.460462 0.815528
3.454930 0.816963
3.454670 0.817208
3.472968 0.806841
3.469637 0.809950
3.467798 0.810550
3.479210 0.800492
3.476668 0.803232
3.474124 0.803896
3.483430 0.796527
3.480618 0.797318
3.499552 0.783773
3.754858 0.975364
3.748577 0.974356
3.742292 0.972434
3.741988 0.972372
3.742421 0.972419
3.736008 0.970736
3.729720 0.968516
3.723440 0.967609
3.717407 0.966879
3.717161 0.966832
3.717269 0.966939
3.710884 0.966400
3.704600 0.964961
3.754628 0.931232
3.748345 0.929788
3.742064 0.928715
3.735787 0.928336
3.755852 0.927296
3.749030 0.927289
3.742366 0.927357
3.732824 0.927580
3.735925 0.927529
3.729504 0.926998
3.723231 0.927562
3.743432 0.921438
0.169812 0.809332
0.182328 0.802674
0.176076 0.807145
0.171246 0.808893
0.182991 0.801970
0.182313 0.799883
0.181148 0.795599
0.233123 0.787456
0.226170 0.786095
0.219883 0.783866
0.182235 0.784997
0.178878 0.789249
0.214465 0.781384
0.213592 0.781076
0.207310 0.779756
0.201031 0.779125
0.194759 0.779693
0.188492 0.781397
0.186527 0.782491
0.557976 0.824953
0.557582 0.824251
0.551282 0.819473
0.549462 0.818818
0.552256 0.819187
0.544995 0.817211
0.538714 0.816006
0.532435 0.815489
0.526161 0.815776
0.519891 0.816821
0.513616 0.816739
0.590457 0.805130
0.583203 0.792060
0.596535 0.779053
1.407466 0.802082
1.401200 0.803895
1.394929 0.804771
1.388656 0.805224
1.419983 0.795499
1.413724 0.798720
1.407731 0.801927
1.407937 0.802161
1.445053 0.789482
1.446715 0.794766
1.438781 0.790007
1.440327 0.794959
1.432512 0.791348
1.433715 0.795050
1.426245 0.793057
1.421371 0.794941
1.426943 0.795067
1.801283 0.773146
1.808498 0.772768
1.795198 0.772819
1.801793 0.772814
1.795006 0.772811
1.788731 0.772699
1.782455 0.772530
1.776178 0.772548
1.769902 0.772349
1.763628 0.772499
1.757353 0.772685
2.099563 0.799283
2.093298 0.801387
2.087012 0.799212
2.101030 0.797635
2.100745 0.798234
2.086153 0.798211
2.101931 0.791148
2.099506 0.788492
2.093214 0.785272
2.082914 0.791892
2.080689 0.790048
2.092924 0.785047
2.093317 0.785084
2.075478 0.785747
2.074382 0.784133
2.099425 0.772881
2.093170 0.776815
2.091113 0.778670
2.072707 0.779418
2.124510 0.769749
2.118231 0.769000
2.111956 0.769229
2.105687 0.770427
2.101191 0.771824
2.100058 0.772191
2.465699 0.829215
2.459426 0.829889
2.453152 0.830108
2.484502 0.824907
2.478240 0.827399
2.471971 0.828676
2.467346 0.829075
2.451647 0.829708
2.446869 0.828572
2.490756 0.820536
2.489637 0.821760
2.492035 0.822293
2.496993 0.813298
2.495733 0.815076
2.509486 0.802347
2.503239 0.807684
2.501972 0.808388
2.504571 0.808931
2.510177 0.801628
2.515978 0.795076
2.809341 0.805953
2.806611 0.808315
2.821838 0.795465
2.815588 0.800184
2.814207 0.801560
2.865721 0.786797
2.828089 0.790719
2.822984 0.794758
2.865054 0.786681
2.865819 0.786699
2.859441 0.785956
2.853164 0.785628
2.846888 0.785438
2.840613 0.785453
2.834344 0.786956
2.832227 0.787940
3.223832 0.806242
3.221155 0.804764
3.224660 0.805034
3.217535 0.802085
3.213966 0.798585
3.219134 0.799195
3.211225 0.795474
3.209075 0.792326
3.212237 0.792724
3.205937 0.786002
3.204880 0.782032
3.204464 0.779614
3.205141 0.779729
3.202728 0.773239
3.198525 0.767006
3.198467 0.766971
3.536521 0.875181
3.527523 0.868289
3.524465 0.861946
3.522255 0.859913
3.523722 0.862680
3.519497 0.855679
3.515934 0.851063
3.516656 0.856128
3.514907 0.849402
3.509621 0.843892
3.510622 0.850058
3.508888 0.843186
3.504489 0.843952
3.504286 0.836921
3.503504 0.837052
3.504101 0.830481
3.503414 0.830580
3.506490 0.823939
3.503812 0.824347
3.509460 0.813154
3.507420 0.817455
3.515705 0.807311
3.511237 0.810855
3.509701 0.811049
3.528207 0.797715
3.521952 0.801920
3.519093 0.804093
3.516468 0.804605
3.566718 0.796228
3.559551 0.791408
3.553270 0.790508
3.547000 0.791649
3.540732 0.792872
3.534465 0.794574
3.528999 0.797251
3.528296 0.797325
3.522987 0.798040
3.560046 0.789850
3.553453 0.789948
3.547437 0.790302
3.541560 0.790730
3.535897 0.791274
3.553210 0.779156
3.554796 0.784122
3.546943 0.780614
3.547934 0.784096
3.540669 0.780791
3.541867 0.784445
3.534397 0.781434
3.535951 0.784875
3.528129 0.782917
3.521859 0.784153
3.522171 0.784792
3.515585 0.784387
3.565742 0.775409
3.559472 0.776367
3.557973 0.776780
3.560144 0.777020
0.287707 0.781571
0.281445 0.784026
0.275174 0.784841
0.268896 0.784618
0.262618 0.784035
0.256345 0.784497
0.293952 0.775817
0.288445 0.781026
0.287832 0.781112
0.282227 0.781667
0.276095 0.781989
0.269617 0.782147
0.306464 0.768200
0.300205 0.771325
0.295667 0.774298
0.294287 0.774516
0.288930 0.775189
0.310044 0.767305
0.307961 0.768107
0.592559 0.864626
0.599570 0.864080
0.590806 0.864058
0.592880 0.864134
0.586275 0.862949
0.579983 0.859794
0.577885 0.858092
0.580610 0.858299
0.573677 0.853862
0.572094 0.851865
0.574216 0.852057
0.612967 0.844665
0.568479 0.845558
0.567341 0.842462
0.565958 0.839211
0.567990 0.839473
0.606520 0.831198
0.604924 0.828981
0.606136 0.831784
0.564588 0.832820
0.602846 0.824879
0.564399 0.826383
0.598728 0.818580
0.598594 0.818426
0.598651 0.818611
0.592291 0.813302
0.561090 0.820075
0.560948 0.819975
0.591061 0.812424
0.585989 0.808126
0.586909 0.813045
0.584565 0.806231
0.583135 0.799842
0.581234 0.793473
0.579617 0.789764
0.585853 0.782111
0.579596 0.785651
0.578415 0.787145
0.617187 0.773853
0.610919 0.775289
0.604653 0.777085
0.598385 0.778495
0.592117 0.780053
0.591560 0.780164
0.629727 0.771744
0.623455 0.772422
0.623131 0.772481
0.617816 0.772995
0.612240 0.773571
0.843248 0.838341
0.836990 0.841519
0.830723 0.843448
0.824447 0.843235
0.849505 0.834795
0.844444 0.837613
0.843988 0.838013
0.855744 0.827799
0.853271 0.830816
0.861967 0.817618
0.858083 0.824178
0.857319 0.825025
0.861992 0.817575
0.861989 0.817587
0.868185 0.806674
0.865484 0.810988
0.880693 0.798630
0.874431 0.801039
0.870556 0.804341
0.893234 0.796627
0.893672 0.797216
0.886961 0.797072
0.886106 0.797293
0.887165 0.797351
1.178808 0.793275
1.172552 0.796919
1.172217 0.797101
1.185060 0.788692
1.183151 0.790211
1.191305 0.782803
1.190802 0.783457
1.191599 0.783575
1.195424 0.776825
1.197515 0.770258
1.197497 0.770295
1.197525 0.770299
1.203742 0.761168
1.201629 0.763683
1.235072 0.752069
1.228791 0.750923
1.222517 0.751149
1.216248 0.752341
1.209987 0.755327
1.207672 0.756995
1.560271 0.801923
1.580336 0.800043
1.574466 0.800458
1.567924 0.800578
1.558935 0.800252
1.560543 0.800326
1.553965 0.796109
1.551461 0.794082
1.554976 0.794451
1.547664 0.791133
1.541685 0.788013
1.541371 0.787832
1.535077 0.784242
1.529191 0.782070
1.528790 0.781974
1.528924 0.782151
1.891093 0.811765
1.883560 0.810589
1.877271 0.807956
1.872579 0.805412
1.878376 0.805737
1.870979 0.804660
1.864685 0.801150
1.862062 0.799369
1.865437 0.799621
1.858388 0.796822
1.853919 0.793246
1.852084 0.791615
1.847964 0.787044
2.254172 0.820290
2.247887 0.818467
2.242515 0.816523
2.241600 0.816301
2.241906 0.816694
2.235317 0.814790
2.229028 0.812113
2.226360 0.810700
2.222738 0.809410
2.216450 0.806993
2.210165 0.805168
2.613834 0.812263
2.607569 0.814236
2.671785 0.807561
2.657720 0.804224
2.651437 0.802661
2.626333 0.802344
2.620079 0.806476
2.617659 0.808926
2.645274 0.801392
2.652472 0.801625
2.645155 0.801368
2.638875 0.800438
2.632601 0.800693
2.627286 0.802093
2.626413 0.802169
3.050619 0.827815
3.044359 0.830749
3.038090 0.831860
3.031814 0.832014
3.025539 0.832142
3.019260 0.831427
3.056874 0.823886
3.054029 0.825570
3.063122 0.818600
3.062963 0.818776
3.069341 0.807807
3.067992 0.812132
3.075570 0.798952
3.070458 0.805585
3.081840 0.797980
3.075674 0.798935
3.083408 0.799397
3.400642 0.824617
3.394380 0.827117
3.388117 0.829490
3.381845 0.830085
3.375566 0.829612
3.369278 0.827057
3.413160 0.818229
3.406900 0.821079
3.402224 0.823783
3.419412 0.813643
3.415743 0.816816
3.420562 0.817181
3.432426 0.809966
3.425663 0.809157
3.424157 0.810047
3.426053 0.810158
0.283099 0.776492
0.301892 0.769976
0.295626 0.772017
0.289363 0.774243
0.284663 0.775593
0.339933 0.767180
0.333249 0.766210
0.326973 0.766083
0.320699 0.766415
0.314428 0.767163
0.308157 0.768128
0.307818 0.768212
0.606790 0.861923
0.600518 0.862550
0.594238 0.861721
0.587952 0.859792
0.613025 0.854314
0.611600 0.857628
0.607657 0.858212
0.601526 0.858524
0.595135 0.858720
0.586023 0.858618
0.588282 0.858698
0.581660 0.856526
0.613839 0.851089
0.612975 0.844737
0.613374 0.851283
0.577803 0.852502
0.575341 0.848265
0.612966 0.844669
0.573994 0.846214
0.610288 0.838319
0.606639 0.832966
0.606108 0.832031
0.601938 0.825746
0.600317 0.824007
0.600714 0.825993
0.594930 0.819580
0.594015 0.818965
0.594163 0.819687
0.587728 0.816890
0.656529 0.772966
0.654680 0.772104
0.657065 0.772270
0.650240 0.770325
0.643961 0.769673
0.637685 0.769621
0.631412 0.769983
0.625139 0.770547
0.618871 0.771840
0.612602 0.773173
0.610176 0.773847
0.857423 0.824839
0.857243 0.825085
0.863648 0.815290
0.861694 0.818457
0.869878 0.806621
0.866077 0.811834
0.921565 0.803939
0.913778 0.801206
0.907498 0.800275
0.901218 0.799473
0.894940 0.798946
0.888666 0.799189
0.882396 0.800083
0.876129 0.801907
0.871587 0.805164
1.385274 0.806445
1.379001 0.806796
1.372726 0.806972
1.366451 0.807126
1.360174 0.806648
1.353895 0.806044
1.347613 0.804646
1.341937 0.802834
1.341326 0.802648
1.664574 0.803334
1.683355 0.794527
1.677089 0.796298
1.670835 0.800584
1.670238 0.800972
1.670984 0.801019
1.697411 0.794208
1.689611 0.790851
1.684788 0.793939
1.690235 0.794032
1.702112 0.781101
1.703660 0.787514
1.695856 0.785097
1.693647 0.787139
1.696323 0.787265
1.714624 0.773755
1.708372 0.778298
1.703893 0.780290
1.709030 0.780411
1.727157 0.770280
1.720887 0.771538
1.715227 0.773404
1.721907 0.773639
2.179998 0.808366
2.173716 0.807079
2.167548 0.804015
2.167423 0.803929
2.167456 0.804034
2.161123 0.799071
2.162433 0.804865
2.159856 0.797865
2.154812 0.792379
2.155964 0.798602
2.153947 0.791653
2.148510 0.787180
2.146080 0.785529
2.584174 0.788356
2.583524 0.787993
2.584867 0.788982
2.577226 0.783686
2.574702 0.782264
2.570934 0.780733
2.564656 0.780175
2.558374 0.778807
2.552093 0.777789
2.921081 0.801148
2.914820 0.803900
2.908555 0.805861
2.902270 0.803946
2.933592 0.793292
2.927338 0.797502
2.923465 0.799813
2.921303 0.800005
2.915366 0.800402
2.909517 0.800851
2.898249 0.800796
2.903400 0.801182
2.895967 0.798582
2.933933 0.792966
2.933672 0.793014
2.928133 0.793579
2.922063 0.793919
2.915845 0.794195
2.893355 0.794547
2.889652 0.791128
2.940430 0.786551
2.934770 0.787067
3.359196 0.823590
3.345322 0.818123
3.343114 0.817124
3.339037 0.816061
3.332752 0.814357
3.326462 0.811442
3.326139 0.811323
3.326771 0.811454
3.320176 0.809472
3.313888 0.807039
3.310140 0.805516
3.307600 0.804698
3.601223 0.902497
3.593675 0.897202
3.594659 0.902615
3.587412 0.899710
3.581143 0.900823
3.612457 0.888780
3.613985 0.895661
3.606199 0.892032
3.606924 0.895539
3.599940 0.895215
3.598718 0.895504
3.600007 0.895487
3.624984 0.884162
3.626449 0.888686
3.618720 0.886488
3.612959 0.888490
3.619378 0.888562
3.643761 0.874688
3.637503 0.878114
3.638823 0.881678
3.631243 0.880972
3.630192 0.881372
3.631384 0.881394
3.650015 0.870769
3.644148 0.874392
3.651657 0.874887
3.657168 0.867872
3.669614 0.854483
3.676059 0.841444
3.677469 0.808599
0.071692 0.790195
0.027766 0.790743
0.066462 0.788556
0.072740 0.788830
0.065406 0.788320
0.059126 0.787498
0.052850 0.787197
0.046574 0.787185
0.040301 0.787718
0.034031 0.788815
0.029910 0.790002
0.537022 0.816621
0.530730 0.813361
0.524453 0.812978
0.518185 0.814353
0.511906 0.813826
0.506754 0.813189
0.505627 0.813078
0.505739 0.813287
0.499351 0.812912
0.499667 0.813637
0.493076 0.813046
0.493380 0.813888
0.829032 0.843827
0.841559 0.839195
0.835298 0.842080
0.829073 0.843818
0.828983 0.843820
0.829041 0.843823
0.822753 0.843206
0.816469 0.841459
0.847815 0.835591
0.845665 0.836732
0.810176 0.838117
0.810175 0.838117
0.810182 0.838121
0.803880 0.834219
0.854056 0.828875
0.853101 0.829999
0.860277 0.818508
0.857591 0.823378
0.861235 0.816787
0.866484 0.805451
0.864011 0.810228
0.868095 0.803621
0.879714 0.797073
1.139586 0.817004
1.133333 0.821390
1.145830 0.811014
1.139744 0.816873
1.152074 0.805142
1.146700 0.810144
1.164583 0.797181
1.158326 0.800564
1.154131 0.803398
1.170840 0.793499
1.165870 0.796483
1.183338 0.783452
1.177091 0.788883
1.176127 0.789633
1.177376 0.789722
1.189584 0.777863
1.184031 0.782875
1.191190 0.776150
1.195810 0.768259
1.195072 0.769550
1.202044 0.760371
1.199597 0.762925
1.208290 0.754724
1.206130 0.756226
1.475271 0.795857
1.469006 0.797885
1.487784 0.788743
1.489057 0.795470
1.481534 0.793507
1.477195 0.795306
1.481929 0.795315
1.532851 0.787256
1.488031 0.788424
1.495275 0.788760
1.520928 0.780705
1.527086 0.781285
1.519114 0.779728
1.512827 0.777575
1.506550 0.777063
1.500278 0.777771
1.501574 0.782089
1.494020 0.780981
1.493306 0.781766
1.494152 0.781798
1.870689 0.805342
1.856708 0.799796
1.855640 0.798786
1.857177 0.798955
1.850399 0.793162
1.849838 0.792554
1.850844 0.792736
1.845032 0.786290
1.844081 0.785019
1.839484 0.780061
1.837774 0.778927
1.831484 0.776319
2.228516 0.809787
2.227320 0.809371
2.227853 0.810065
2.221034 0.807587
2.214750 0.805751
2.208468 0.804470
2.202193 0.804540
2.195923 0.805686
2.189657 0.807451
2.183392 0.809484
2.202661 0.804574
2.606860 0.807676
2.604140 0.806357
2.604542 0.807948
2.599426 0.808714
2.598814 0.801523
2.597835 0.800676
2.598114 0.801682
2.592341 0.795318
2.591528 0.794691
2.591812 0.795477
2.585224 0.789293
2.586617 0.796239
2.585053 0.789154
2.578925 0.784696
2.576837 0.783037
2.572630 0.780883
3.001552 0.817143
3.002352 0.819008
2.995273 0.816314
2.996710 0.819533
2.988992 0.815179
2.982712 0.814234
2.976430 0.813181
2.976336 0.813172
2.970150 0.812240
2.970439 0.813548
2.964796 0.807184
2.963839 0.805365
2.964072 0.807331
2.960378 0.800921
3.392680 0.825849
3.386416 0.828269
3.380148 0.829581
3.373874 0.829811
3.367587 0.827516
3.399115 0.823174
3.362031 0.824512
3.361295 0.824362
3.355013 0.823185
3.348723 0.820503
3.756549 0.974626
3.750269 0.973865
3.746780 0.973021
3.751371 0.973400
3.743984 0.971958
3.737706 0.971430
3.731422 0.969809
3.725143 0.969164
3.756293 0.925549
3.750001 0.922568
3.747395 0.921426
3.750232 0.921435
0.024372 0.789583
0.018104 0.790965
0.011837 0.792655
0.044629 0.788448
0.038200 0.788614
0.396961 0.853603
0.394705 0.852063
0.397791 0.852345
0.390658 0.848329
0.388894 0.845827
0.391992 0.846368
0.385894 0.839488
0.384354 0.833097
0.384301 0.832688
0.384428 0.833156
0.383642 0.826675
0.382995 0.820251
0.382713 0.813814
0.383222 0.807346
0.383149 0.800903
0.379989 0.794586
0.377817 0.792725
0.751208 0.781858
0.744937 0.782833
0.738666 0.783646
0.732396 0.784560
0.726125 0.785417
0.719851 0.785564
0.713572 0.785126
0.707289 0.783687
1.119066 0.817261
1.112795 0.818123
1.137864 0.811798
1.139534 0.816855
1.131605 0.814910
1.132036 0.816524
1.125337 0.816360
1.123307 0.816658
1.125397 0.816605
1.144112 0.806639
1.140905 0.809513
1.145404 0.809979
1.150356 0.800343
1.147870 0.802792
1.151315 0.803128
1.162856 0.790654
1.164319 0.796412
1.156602 0.794845
1.155221 0.796059
1.156909 0.796140
1.169106 0.785861
1.164719 0.789246
1.169801 0.789378
1.183204 0.782844
1.175352 0.780308
1.172580 0.782498
1.175815 0.782590
1.189107 0.776005
1.588727 0.795400
1.582460 0.797043
1.576190 0.797960
1.569913 0.797618
1.613805 0.790880
1.607531 0.791071
1.601261 0.792086
1.594992 0.793520
1.593088 0.794142
1.589725 0.794788
1.904138 0.821603
1.900568 0.818075
1.897833 0.815874
1.892486 0.811927
1.891534 0.811356
1.885243 0.808318
1.881100 0.805921
1.886729 0.806466
1.878949 0.804859
1.872659 0.801818
1.869678 0.799934
1.866363 0.798111
2.270098 0.817698
2.263837 0.820382
2.257565 0.821318
2.251290 0.821298
2.282615 0.811358
2.276354 0.814014
2.271456 0.817078
2.270337 0.817246
2.295134 0.805144
2.288875 0.808180
2.285168 0.810089
2.283019 0.810378
2.277453 0.810967
2.307645 0.797566
2.301393 0.801994
2.299673 0.803080
2.296048 0.803674
2.313899 0.793569
2.309903 0.796242
2.308174 0.796561
2.320542 0.789573
2.681657 0.809607
2.700447 0.802528
2.694186 0.805259
2.687922 0.807543
2.683979 0.808882
2.739276 0.800844
2.731798 0.797565
2.725518 0.796769
2.719244 0.797028
2.712976 0.798447
2.706708 0.799886
2.702269 0.801696
3.052313 0.827750
3.046053 0.830774
3.058570 0.824295
3.054849 0.826393
3.064820 0.819423
3.064680 0.819551
3.065170 0.819711
3.071043 0.809405
3.069560 0.812908
3.072057 0.813322
3.109189 0.805183
3.102381 0.801941
3.103882 0.805852
3.096091 0.799042
3.083543 0.799525
3.077275 0.801136
3.073207 0.806315
3.078678 0.806806
3.095700 0.798990
3.089813 0.798491
3.083933 0.799444
3.090055 0.799324
3.513964 0.829186
3.449622 0.818626
3.462152 0.814692
3.455890 0.817332
3.453115 0.817896
3.468400 0.809376
3.466900 0.810893
3.474640 0.802554
3.473166 0.804195
3.487136 0.792148
3.480885 0.796834
3.480134 0.797471
3.493389 0.787787
3.489299 0.790663
3.512176 0.780355
3.505908 0.781687
3.499643 0.783738
3.499449 0.783821
3.499907 0.783932
3.707281 0.952632
3.713431 0.945905
3.707095 0.946112
3.700939 0.946400
3.694744 0.946675
3.683846 0.843136
3.717506 0.804318
3.711236 0.805349
3.704967 0.806863
3.748837 0.795502
3.742567 0.796551
3.736301 0.798287
3.730037 0.800564
3.723772 0.802659
3.722876 0.802880
3.724179 0.803036
3.755109 0.795018
3.750741 0.795355
0.161839 0.808641
0.155570 0.809943
0.149296 0.810089
0.143018 0.809860
0.168097 0.805368
0.162337 0.808376
0.169596 0.808849
0.182161 0.801919
0.174337 0.798541
0.173444 0.801490
0.174570 0.801554
0.175297 0.794968
0.174297 0.790814
0.174281 0.787733
0.173601 0.788585
0.174554 0.788683
0.213219 0.781251
0.205619 0.780237
0.199335 0.778669
0.193054 0.777725
0.186785 0.778789
0.180523 0.781347
0.179733 0.781894
0.180896 0.782036
0.425420 0.847689
0.419156 0.849720
0.412884 0.850511
0.406606 0.850029
0.431669 0.842490
0.427760 0.845989
0.426245 0.846468
0.420471 0.846962
0.401127 0.847055
0.400312 0.846499
0.437898 0.833680
0.433779 0.839305
0.432936 0.839984
0.438588 0.832669
0.438386 0.832919
0.444130 0.825484
0.443673 0.826021
0.450366 0.817839
0.448964 0.819367
0.456604 0.810807
0.454941 0.812686
0.469097 0.799690
0.462843 0.803707
0.460707 0.806015
0.471014 0.799176
0.475799 0.799200
0.793797 0.823985
0.786338 0.810725
0.786120 0.809898
0.786273 0.810797
0.784396 0.804342
0.785182 0.797859
0.781853 0.791532
0.779740 0.790003
0.774505 0.785367
0.773436 0.784549
0.775050 0.786175
0.767146 0.781621
0.760863 0.780105
0.757291 0.779612
0.754583 0.779360
1.088036 0.782936
1.082037 0.783292
1.074430 0.777694
1.075962 0.783622
1.068159 0.778440
1.069708 0.783877
1.061883 0.778265
1.056817 0.777172
1.055601 0.777058
1.055794 0.777308
1.049322 0.776310
1.050330 0.777941
1.043042 0.775616
1.036762 0.774676
1.030485 0.774262
1.774493 0.774168
1.768215 0.773568
1.730575 0.776165
1.724320 0.780103
1.794995 0.772822
1.788469 0.772947
1.781883 0.773046
1.775398 0.773191
1.764506 0.773166
1.768615 0.773204
1.761935 0.772922
1.755658 0.772454
1.749384 0.772693
1.743109 0.772872
1.736839 0.773856
1.735264 0.774316
1.737207 0.774428
2.099024 0.797457
2.092285 0.797490
2.086733 0.798052
2.098801 0.790921
2.092200 0.791015
2.086211 0.791381
2.085221 0.780882
2.085910 0.784811
2.078955 0.782642
2.079407 0.784949
2.097736 0.773876
2.091477 0.776843
2.089063 0.777914
2.074266 0.778481
2.072654 0.777600
2.073153 0.778774
2.066352 0.772513
2.065967 0.772361
2.066505 0.772418
2.060066 0.770569
2.053786 0.769753
2.451452 0.828875
2.476530 0.824383
2.470262 0.825963
2.463991 0.826651
2.465624 0.829106
2.457721 0.827650
2.451604 0.828845
2.458873 0.829133
2.451327 0.828856
2.445171 0.827872
2.438877 0.824373
2.437207 0.822966
2.432566 0.817485
2.431941 0.816736
2.968374 0.799733
2.967548 0.792932
2.928984 0.788323
2.922719 0.790204
2.916440 0.789623
2.963846 0.786196
2.960343 0.784752
2.960795 0.786520
2.954049 0.781291
2.947777 0.781896
2.941512 0.783875
2.935245 0.785654
2.930350 0.787485
2.929198 0.787642
3.324765 0.810949
3.323374 0.810606
3.318482 0.809584
3.312200 0.808146
3.305915 0.806390
3.299780 0.805060
3.306846 0.805256
3.299632 0.805027
3.293349 0.803489
3.287065 0.801823
3.280791 0.802163
3.565143 0.889039
3.583939 0.883192
3.585061 0.888437
3.577674 0.885412
3.578324 0.888471
3.571409 0.887378
3.566547 0.888615
3.571732 0.888571
3.563705 0.888726
3.558863 0.888224
3.559652 0.889287
3.552578 0.886539
3.546289 0.883938
3.610689 0.881279
3.603931 0.881304
3.596468 0.879194
3.597062 0.881280
3.590203 0.881032
3.589232 0.881296
3.590271 0.881289
3.544426 0.883054
3.602318 0.797682
3.596052 0.799481
3.589773 0.798786
3.583493 0.797849
3.608569 0.793144
3.604239 0.796843
3.602985 0.797235
3.582579 0.797719
3.613330 0.790038
3.608546 0.788695
3.602257 0.786069
3.599477 0.784139
3.595967 0.783233
3.589686 0.782149
0.153869 0.808466
0.147598 0.809321
0.141322 0.809415
0.135043 0.808606
0.160130 0.805872
0.155545 0.807800
0.161571 0.808272
0.135017 0.808601
0.135070 0.808612
0.128761 0.807441
0.122477 0.805765
0.166377 0.800429
0.165974 0.800953
0.166484 0.800983
0.170060 0.794346
0.173843 0.794789
0.172572 0.785005
0.170587 0.787871
0.178821 0.779967
0.176645 0.781189
0.417477 0.852761
0.411207 0.853646
0.404927 0.852951
0.423737 0.849772
0.419611 0.851933
0.417874 0.852189
0.411829 0.852532
0.403565 0.852542
0.405110 0.852573
0.398641 0.850922
0.393003 0.846505
0.400121 0.846995
0.392339 0.845867
0.388220 0.840250
0.386009 0.835402
0.385507 0.833915
0.386393 0.834086
0.443855 0.825880
0.384354 0.827519
0.940857 0.809873
0.934333 0.807725
0.935664 0.810591
0.928050 0.806237
0.921763 0.804129
0.921529 0.804037
0.922833 0.804524
0.915476 0.802004
0.909193 0.800464
0.902914 0.799687
0.896637 0.799426
1.296796 0.783335
1.293490 0.781988
1.290506 0.780556
1.291872 0.782711
1.284210 0.776421
1.283467 0.775916
1.277915 0.772663
1.272544 0.769895
1.271622 0.769284
1.272033 0.770125
1.265325 0.765279
1.262958 0.763838
2.094995 0.801936
2.088716 0.801187
2.101240 0.796184
2.100237 0.798514
2.102430 0.791979
2.101207 0.789832
2.101939 0.792377
2.145091 0.781329
2.098154 0.785709
2.139837 0.777620
2.138792 0.776796
2.140324 0.778349
2.132497 0.772973
2.129409 0.771565
2.126207 0.770400
2.119928 0.769583
2.113652 0.769521
2.107381 0.770301
2.492461 0.822715
2.486203 0.826083
2.479939 0.828177
2.473669 0.829373
2.492803 0.822477
2.493436 0.822956
2.504941 0.809343
2.498696 0.815181
2.498130 0.815817
2.499421 0.816135
2.511190 0.804309
2.505177 0.809090
2.517427 0.796774
2.513168 0.802328
2.518202 0.795683
2.523647 0.786102
2.521754 0.789094
2.542439 0.779616
2.536166 0.780260
2.529895 0.781060
2.527249 0.782431
2.886283 0.794790
2.883770 0.793237
2.887142 0.793523
2.879986 0.790760
2.873694 0.787527
2.872774 0.787199
2.874136 0.787364
2.867409 0.785594
2.861126 0.784139
2.854847 0.783619
2.848572 0.783691
2.842300 0.784313
3.250642 0.808766
3.244367 0.808785
3.238088 0.808369
3.231805 0.806759
3.228524 0.805310
3.232731 0.805616
3.225514 0.803704
3.219403 0.799226
3.219214 0.799071
3.214187 0.792993
3.212894 0.790715
3.563138 0.881342
3.556149 0.881267
3.550019 0.881562
3.542866 0.877272
3.536581 0.875327
3.536351 0.875215
3.530273 0.869075
3.530222 0.868997
3.523968 0.863342
3.523206 0.862822
3.517683 0.861485
3.518503 0.863427
3.512904 0.856787
3.511374 0.855240
3.511701 0.857002
3.507695 0.850555
3.600355 0.802481
3.594307 0.802813
3.587081 0.802634
3.580120 0.800894
3.573833 0.798650
3.569892 0.796503
3.575507 0.797118
3.567530 0.793401
3.563932 0.790280
3.561226 0.787856
3.586283 0.779345
3.579998 0.777470
3.561180 0.779075
3.555570 0.784159
3.577411 0.776859
3.573717 0.776480
3.574606 0.777405
3.567444 0.776930
3.564871 0.777343
3.567886 0.777446
