0.013046 0.743662
0.017206 0.741451
-0.015218 0.740478
0.009948 0.747340
0.009865 0.747407
-0.013886 0.742455
-0.014912 0.741308
0.006077 0.750898
0.010601 0.749561
1.421078 1.253930
1.420322 1.252426
1.422309 1.258501
1.420668 1.255699
1.426057 1.266031
1.424120 1.263207
1.421159 1.258597
1.532688 1.291816
1.526399 1.292403
1.438560 1.274457
1.432295 1.271860
1.427314 1.268212
1.426438 1.266868
1.540531 1.291095
1.533494 1.291911
1.524438 1.292491
1.526568 1.292417
1.520114 1.292534
1.513833 1.292030
1.507554 1.291388
1.501274 1.290924
1.494995 1.290169
1.488720 1.289110
1.482445 1.287832
1.476172 1.286337
1.469901 1.284744
1.463631 1.282923
1.457361 1.281067
1.451091 1.279267
1.444823 1.277167
1.439903 1.275149
1.438738 1.274377
1.521339 1.292478
1.514845 1.291796
1.508367 1.291070
1.501778 1.290648
1.495287 1.289959
1.488923 1.288923
1.482664 1.287598
1.476525 1.285945
1.470409 1.284234
1.464332 1.282415
0.269362 0.696827
0.286368 0.702055
0.271116 0.698922
0.264828 0.697633
0.269775 0.697387
0.282317 0.705568
0.281861 0.705744
0.282014 0.705060
0.271040 0.703267
0.440186 0.746357
0.464848 0.756949
0.451128 0.757992
0.444828 0.760020
0.445282 0.755119
0.439450 0.752605
0.465296 0.759932
0.452754 0.762238
0.457814 0.761968
0.442533 0.760137
0.438545 0.759805
0.438672 0.758982
0.432256 0.760523
0.433164 0.755592
0.452167 0.766457
0.458259 0.764991
0.451045 0.768551
0.553005 0.786815
0.563902 0.801736
0.557625 0.800912
0.551379 0.796068
0.550814 0.795393
0.551992 0.793826
0.571678 0.799547
0.564295 0.801309
0.557848 0.800495
1.334696 1.079527
1.332123 1.077248
1.329516 1.073504
1.347199 1.087971
1.340951 1.083440
1.340796 1.083349
1.348913 1.089346
1.353417 1.096549
1.352080 1.094340
1.355789 1.099461
1.919098 1.279889
1.912010 1.280847
1.900244 1.280648
1.905217 1.280988
1.898711 1.280398
1.892435 1.279360
1.886161 1.278081
1.879888 1.276598
1.873613 1.275343
1.867334 1.274708
1.868953 1.269412
1.861054 1.274183
1.862596 1.268354
1.854776 1.273370
1.856351 1.266987
1.848500 1.272405
1.850177 1.265425
1.842224 1.271418
1.835947 1.270376
1.829671 1.269317
1.823395 1.268260
1.817119 1.267287
1.810841 1.266488
1.809067 1.266266
2.442360 0.821479
2.438333 0.823478
2.435963 0.824479
2.432025 0.826457
2.501012 0.844395
2.429849 0.827580
2.499468 0.846194
2.541481 0.859165
2.538573 0.862793
2.496759 0.849980
2.494666 0.852423
2.538534 0.862887
2.534732 0.866467
3.357479 0.743387
3.351212 0.741197
3.344934 0.740413
3.376272 0.750907
3.370009 0.748290
3.363741 0.746167
3.358238 0.743782
3.357539 0.743455
3.351504 0.741511
3.343376 0.740734
3.345098 0.740588
3.338635 0.742242
3.388795 0.756820
3.382534 0.753860
3.379321 0.752449
3.376613 0.750865
3.370876 0.748116
3.364859 0.746130
3.401296 0.765532
3.395051 0.760505
3.393920 0.759788
3.389612 0.756462
3.451759 0.775997
3.451482 0.776682
3.452080 0.774311
3.401483 0.765700
3.401336 0.765549
3.450138 0.780003
3.534434 0.805857
0.035754 0.728898
0.041321 0.726501
0.033832 0.730823
0.032571 0.732592
0.034287 0.731559
1.388341 1.207951
1.399974 1.220711
1.396899 1.216563
1.394321 1.214264
1.400741 1.221665
1.400084 1.221184
1.395188 1.216095
1.403288 1.226515
1.400495 1.224284
1.406155 1.234077
1.405313 1.231274
1.400869 1.227511
1.406712 1.235922
1.406235 1.235546
1.581720 1.284383
1.589080 1.283140
1.580758 1.284659
1.581860 1.284459
1.575423 1.286094
1.583086 1.285301
1.571558 1.287085
1.576011 1.286219
1.569125 1.287761
1.562831 1.289062
1.570221 1.287851
1.561308 1.289328
1.563033 1.289072
1.556540 1.290025
1.550250 1.290733
0.203470 0.695783
0.208738 0.694141
0.201538 0.696350
0.195238 0.698378
0.203004 0.695600
0.195171 0.698396
0.195254 0.698368
1.354878 1.109224
1.360826 1.118879
1.358809 1.115134
1.361179 1.119943
1.361274 1.118615
1.362692 1.124593
1.364794 1.129383
1.738555 1.240270
1.727641 1.247250
1.731551 1.245201
1.775056 1.259621
1.769235 1.257067
1.763314 1.254795
1.757308 1.252764
1.725918 1.251210
1.731820 1.248681
1.724262 1.253442
1.818327 1.278868
1.812054 1.277501
1.786968 1.271032
1.780715 1.266864
1.780599 1.266793
1.775153 1.263558
1.769301 1.261102
1.763347 1.258930
1.757292 1.257041
1.732057 1.252277
1.723020 1.254951
1.724500 1.254511
1.717960 1.255817
1.711669 1.256681
1.824599 1.280473
1.818748 1.278976
1.818346 1.278835
1.810840 1.277342
1.812125 1.277394
1.805776 1.276653
1.799500 1.275654
1.793228 1.274134
1.790163 1.273079
1.787357 1.271313
1.781688 1.268359
1.775871 1.265814
1.719017 1.255326
1.710545 1.256760
1.711808 1.256602
0.295973 0.666605
0.295093 0.667052
0.290576 0.669818
0.288777 0.671144
0.351471 0.690165
0.345217 0.686301
0.343714 0.685073
0.340292 0.680393
0.377477 0.696349
0.376560 0.696299
0.370286 0.695107
0.364010 0.694032
0.357736 0.692613
0.356143 0.691954
0.352631 0.687789
0.446970 0.723615
0.445460 0.725499
0.443936 0.727331
0.502979 0.743789
0.502517 0.748030
0.501824 0.750325
0.570803 0.769176
0.570174 0.766269
0.571861 0.763540
0.571154 0.770793
0.630220 0.787278
0.627209 0.788712
0.571280 0.775170
0.623559 0.790226
0.620906 0.791150
0.615154 0.792865
0.614607 0.793011
1.324172 1.029943
1.316549 1.035626
1.314894 1.036266
1.317520 1.033900
1.310335 1.039652
1.310232 1.039827
1.308514 1.043629
1.311529 1.040336
1.880542 1.239140
1.913457 1.241360
1.880501 1.239144
1.874248 1.240517
1.906987 1.244811
1.894769 1.246397
1.899926 1.245695
1.893038 1.248569
1.869011 1.241095
1.867958 1.241260
1.868132 1.240407
1.861670 1.241715
1.863239 1.235323
1.855391 1.240990
1.849114 1.240099
1.842831 1.239980
1.962009 1.268485
1.900408 1.248592
1.891299 1.250007
1.893222 1.249813
1.886720 1.252976
1.842399 1.239992
1.836543 1.240505
1.994949 1.271012
1.960902 1.268660
1.962771 1.266770
1.955718 1.269327
1.949431 1.269765
1.900840 1.251661
1.893873 1.252274
1.886710 1.254217
1.886374 1.253342
1.886788 1.253215
2.012154 1.285035
2.005888 1.282696
2.003926 1.281850
2.000391 1.278814
1.946096 1.269931
1.943144 1.269944
1.936861 1.269902
1.930579 1.269564
1.924298 1.269228
1.888758 1.258195
1.893787 1.256781
2.031493 1.290241
2.025609 1.287864
2.019674 1.285635
2.013771 1.283321
1.919918 1.268924
1.925280 1.267119
1.918017 1.268758
1.911740 1.267885
0.927803 0.736272
0.927749 0.736341
0.968873 0.749051
0.925680 0.740180
0.967635 0.753123
0.967437 0.757441
1.104819 0.789694
1.084515 0.790146
1.084434 0.790258
1.092366 0.791084
1.082173 0.793986
1.085188 0.792279
1.078098 0.796846
1.076738 0.797229
1.078651 0.795982
1.338566 0.881345
1.340086 0.885972
1.341280 0.893735
1.341097 0.890520
1.341338 0.894935
1.341403 0.894560
2.257781 1.204557
2.243750 1.209155
2.241681 1.209875
2.244155 1.209155
2.237443 1.212037
2.235860 1.213003
2.238172 1.211295
2.231138 1.214785
2.228359 1.215814
2.224838 1.216820
2.424588 1.148854
2.421775 1.150512
2.418270 1.153238
2.417364 1.153937
2.412369 1.157271
2.411953 1.157473
2.462811 0.989816
2.458849 0.984713
2.457724 0.993077
2.457373 0.993264
2.457484 0.992703
2.451346 0.996107
2.451066 0.996204
2.451150 0.995823
2.444764 0.998457
2.432322 0.871242
2.429223 0.866957
2.428194 0.874703
2.427958 0.875402
2.428062 0.874386
2.426175 0.878631
2.451035 0.732630
2.453268 0.733760
2.450262 0.733144
2.451301 0.732558
2.520006 0.752516
2.518945 0.751589
2.532497 0.762430
2.526244 0.758547
2.524008 0.756953
2.551286 0.770566
2.545023 0.767833
2.538757 0.765534
2.535281 0.763609
2.532851 0.762056
2.626538 0.790972
2.563799 0.777827
2.557544 0.773996
2.553461 0.771686
2.551471 0.770721
2.626595 0.791036
2.626550 0.790991
2.621687 0.785811
2.668253 0.803943
2.671592 0.801155
2.664120 0.806784
2.632764 0.798354
2.631179 0.796305
2.627429 0.792805
2.663162 0.807209
2.664507 0.806326
2.657821 0.808679
2.651540 0.808303
2.645269 0.806593
2.639006 0.803849
2.635420 0.801523
2.633262 0.799559
3.187040 0.748529
3.186258 0.748672
3.187309 0.748081
3.180752 0.749061
3.232445 0.757984
3.175896 0.750860
3.174448 0.751632
3.263676 0.769054
3.257012 0.768836
3.250621 0.767867
3.244712 0.765561
3.170338 0.754085
3.454646 0.767233
3.453196 0.769915
3.452565 0.771141
3.534619 0.804863
3.536171 0.796833
3.537369 0.805923
3.533586 0.805152
0.131959 0.708086
0.171217 0.713097
0.129180 0.709273
0.125650 0.711130
0.122972 0.712355
1.366484 1.152776
1.366982 1.154248
1.367009 1.152660
1.367748 1.158728
1.367537 1.163026
1.367602 1.167401
1.679818 1.265210
1.676585 1.265525
1.680571 1.264088
1.673528 1.265959
1.667641 1.268004
1.675150 1.264677
1.667228 1.268109
1.661324 1.271055
1.668791 1.267883
1.660920 1.271138
1.654631 1.271733
0.317356 0.656049
0.323996 0.656879
0.315452 0.656220
0.317601 0.655920
0.311068 0.656428
0.304773 0.657773
0.332801 0.664110
0.330812 0.660899
0.303659 0.658128
0.305201 0.657170
0.336081 0.672337
0.334218 0.668737
0.425570 0.686934
0.388213 0.684160
0.386257 0.684849
0.386992 0.681757
0.379958 0.686748
0.450043 0.698048
0.379780 0.686772
0.452968 0.706138
0.451346 0.710129
0.448875 0.713789
0.506896 0.725882
0.448723 0.713954
0.505491 0.729919
0.505299 0.730762
0.572279 0.747992
0.504761 0.734131
0.574245 0.754060
0.573692 0.752597
0.643214 0.774136
0.575637 0.757338
0.641456 0.775190
0.636906 0.777177
0.634437 0.778082
0.630605 0.779438
1.332546 1.022199
1.328698 1.024711
1.326227 1.026571
1.323509 1.027977
1.319918 1.029693
1.317702 1.031150
1.896537 1.225937
1.890249 1.226416
1.927860 1.238634
1.888989 1.226491
1.883956 1.227503
1.877671 1.227648
1.927596 1.238765
1.872995 1.227532
1.871388 1.227492
1.871682 1.226403
1.865100 1.227960
1.858817 1.227860
1.852539 1.227149
1.922897 1.242115
1.921544 1.242623
1.921783 1.241195
1.915247 1.244191
1.916506 1.237164
1.991538 1.260578
1.990527 1.261029
1.990664 1.260006
1.983680 1.258955
1.984315 1.258914
1.977972 1.259251
1.971686 1.259465
1.913733 1.244576
1.908941 1.247131
1.909556 1.241990
1.986586 1.263868
1.984694 1.262086
1.979067 1.259015
1.966297 1.259697
1.972662 1.258088
1.965400 1.259817
1.959105 1.261252
1.908107 1.247792
1.996710 1.274028
1.990456 1.270158
1.987388 1.268365
1.984809 1.266012
1.979380 1.262407
1.954497 1.261630
1.960175 1.259611
1.952817 1.261625
1.946535 1.261313
2.084536 1.293601
2.078258 1.292926
2.071978 1.292351
2.065699 1.291604
2.059422 1.290645
2.053147 1.289540
2.046870 1.288612
2.040593 1.287677
2.034320 1.286259
2.028050 1.284421
2.021779 1.282768
2.015508 1.281071
2.009238 1.279134
2.002972 1.276792
1.998188 1.274925
1.996971 1.273891
1.991634 1.270044
2.067096 1.289236
2.060348 1.289251
2.053814 1.288679
2.047311 1.288023
2.040816 1.287343
2.034652 1.285753
2.028801 1.283307
2.022782 1.281328
2.016817 1.279200
0.572727 0.661855
0.604054 0.673879
0.570246 0.662634
0.566427 0.663935
0.604040 0.673909
0.603246 0.678098
0.724626 0.707357
0.717856 0.707433
0.707124 0.708096
0.711113 0.707437
0.704327 0.709120
0.711529 0.710522
0.699778 0.710915
0.704935 0.710116
0.698022 0.711837
0.948738 0.795566
0.942477 0.792547
0.938897 0.790391
0.936789 0.788246
0.961258 0.801745
0.955001 0.798368
0.953363 0.797683
0.949262 0.795254
0.943887 0.791495
1.017678 0.819545
0.980039 0.810995
0.973773 0.808652
0.967513 0.805518
0.965820 0.804568
0.961729 0.802292
0.956196 0.798973
1.031480 0.818691
1.024494 0.819364
1.017388 0.819511
1.017690 0.819537
1.011399 0.818832
1.005123 0.817704
0.998847 0.816650
0.992572 0.815580
0.986303 0.813592
0.983911 0.812619
0.980190 0.811389
0.974154 0.809452
0.968275 0.807085
1.006611 0.817151
0.999916 0.817019
0.993376 0.816465
0.987158 0.815034
1.343517 0.940074
1.342238 0.938243
1.345190 0.943173
1.345770 0.947638
2.195807 1.243467
2.195438 1.243552
2.189511 1.245010
2.185879 1.245890
2.183216 1.246400
2.176921 1.247831
2.175612 1.248117
2.170627 1.248989
2.164337 1.249791
2.163188 1.249940
1.159473 0.753043
1.166609 0.751135
1.159700 0.757402
1.166639 0.755274
1.212990 0.772702
1.215830 0.772598
1.160570 0.761923
1.166445 0.760062
1.230723 0.780669
1.228095 0.782447
1.228240 0.779779
1.221823 0.780974
1.221906 0.778653
1.215563 0.777687
1.215415 0.777515
1.215577 0.777511
1.310641 0.802713
1.306619 0.809256
1.310816 0.806444
1.309516 0.817639
1.308115 0.813895
1.310759 0.810849
1.309762 0.818589
2.362380 1.187739
2.356084 1.189258
2.355432 1.189394
2.356217 1.189156
2.349796 1.189743
2.343504 1.190730
2.341787 1.190926
2.343836 1.190356
2.337212 1.191760
2.331362 1.193157
2.330917 1.193267
2.444676 1.083469
2.446099 1.076512
2.443112 1.084365
2.438367 1.086574
2.439924 1.079165
2.436639 1.087358
2.432060 1.089515
2.433449 1.082675
2.430104 1.090370
2.461430 0.956410
2.458875 0.960210
2.457986 0.961199
2.456021 0.963980
2.460199 0.811969
2.446337 0.815856
2.443642 0.816699
2.447542 0.813904
2.440039 0.817690
2.433962 0.819059
2.433744 0.819130
2.502862 0.837534
2.502725 0.837679
2.502878 0.837088
2.547957 0.851145
2.546594 0.853254
2.499807 0.841243
2.544998 0.854854
2.540279 0.857266
2.539100 0.857996
2.577898 0.665706
2.565692 0.662170
2.559286 0.661242
2.545414 0.662743
2.552583 0.661133
2.545265 0.663115
2.584774 0.675175
2.583367 0.673436
2.578118 0.669315
2.559411 0.665140
2.552838 0.664678
2.544114 0.666808
2.545503 0.666302
2.585879 0.679717
2.583602 0.677016
2.589076 0.686078
2.588395 0.684581
2.765600 0.735449
2.759305 0.734212
2.752961 0.733110
2.739732 0.732999
2.746576 0.732123
2.739531 0.733086
2.783392 0.749530
2.783690 0.745568
2.778027 0.742579
2.771835 0.741064
2.765637 0.739564
2.759433 0.738083
2.753220 0.736627
2.747046 0.735071
2.734065 0.736167
2.740562 0.734363
2.733220 0.736565
2.782700 0.750487
2.777745 0.747590
2.771866 0.745221
2.765937 0.742993
2.780773 0.754436
2.777708 0.751952
2.872429 0.773825
2.871115 0.782346
2.870427 0.781512
2.871319 0.781107
2.874015 0.786584
2.872737 0.790685
3.548199 0.766348
3.555710 0.763202
3.547848 0.766605
3.616803 0.788705
3.610548 0.784927
3.555711 0.767464
3.544495 0.769932
3.548428 0.768940
3.643206 0.790668
3.635599 0.795824
3.629315 0.795824
3.623056 0.792704
3.617780 0.789317
0.048135 0.721457
0.068039 0.722968
0.061531 0.722319
0.055135 0.721363
0.047402 0.721939
0.048263 0.721723
0.068252 0.726608
0.061455 0.726755
0.054980 0.726020
0.044714 0.725717
0.048454 0.725429
0.041793 0.728949
0.061712 0.730313
0.054964 0.730329
1.389162 1.208482
1.386072 1.204970
1.384007 1.201288
1.390966 1.210294
1.389662 1.208511
1.395382 1.216825
1.394588 1.215370
1.390541 1.210340
1.396945 1.220201
1.395709 1.218914
1.398691 1.224924
1.616295 1.278249
1.595969 1.282046
1.610034 1.281129
1.603037 1.281830
1.594850 1.282519
1.596100 1.282369
1.589669 1.283884
1.597158 1.283686
1.585713 1.284968
1.590153 1.284406
1.583373 1.285434
1.577082 1.286386
1.584546 1.285554
1.574356 1.286996
1.577471 1.286462
1.570788 1.287772
0.285362 0.682908
0.285218 0.683101
0.280984 0.686574
0.440999 0.736787
0.493830 0.747172
0.438201 0.740530
0.435719 0.742659
0.493722 0.751681
0.480458 0.753547
0.486620 0.752675
0.479599 0.756600
0.434573 0.744140
0.493702 0.755984
0.486631 0.756886
0.479292 0.757643
0.479625 0.757606
0.560425 0.782974
0.561282 0.782572
0.612594 0.794041
0.603141 0.796094
0.605273 0.795642
0.598678 0.797699
0.592391 0.798103
0.561044 0.788702
0.560408 0.787308
0.561267 0.786854
0.606564 0.796320
0.599322 0.797690
0.590089 0.797738
0.592448 0.798050
0.586114 0.797205
0.579832 0.796842
0.563678 0.792341
1.313100 1.051807
1.308179 1.045297
1.319327 1.059157
1.315084 1.055020
1.313756 1.052735
1.308088 1.049773
1.320949 1.060550
1.319646 1.059310
1.314502 1.054921
1.338080 1.071836
1.331817 1.069155
1.325553 1.066503
1.324077 1.065534
1.320899 1.060132
1.344339 1.075073
1.341447 1.073444
1.339518 1.068802
1.348664 1.079285
1.872463 1.251281
1.866085 1.250277
1.939765 1.277258
1.933483 1.276953
1.877012 1.265697
1.870755 1.262231
1.871534 1.258073
1.864493 1.259342
1.864634 1.258509
1.858221 1.257875
1.858312 1.257352
1.851943 1.256991
1.852189 1.255648
1.845664 1.256338
1.846105 1.253844
1.839381 1.256254
1.840252 1.251404
1.833095 1.256492
1.834650 1.248285
1.930862 1.276866
1.934127 1.275616
1.927200 1.276728
1.920919 1.276338
1.914640 1.275689
1.908363 1.274785
1.902086 1.273785
1.895810 1.272710
1.889537 1.271331
1.883268 1.269424
1.877279 1.265848
1.831423 1.256476
0.950021 0.723889
0.969078 0.730379
0.968976 0.729908
0.963800 0.725582
0.945936 0.725613
0.951317 0.722830
0.943715 0.726776
0.971107 0.735117
0.969676 0.732206
0.964134 0.728920
0.939616 0.728670
0.971440 0.739536
1.131752 0.789689
1.125479 0.788140
1.141843 0.791881
1.144785 0.791040
1.138017 0.792071
1.132944 0.790042
1.131808 0.789635
1.124442 0.788290
1.125621 0.788103
1.139021 0.792567
1.132537 0.791858
1.120539 0.791822
1.126160 0.790856
1.132197 0.797056
1.122689 0.796626
1.125570 0.796740
1.334877 0.861870
1.333642 0.857593
1.338516 0.868483
1.337948 0.866816
1.339504 0.871474
1.339127 0.869532
1.340547 0.876050
2.272277 1.200623
2.269291 1.201167
2.272808 1.200286
2.265985 1.201644
2.259691 1.202796
2.258473 1.203264
2.260005 1.202633
2.253395 1.204368
2.247810 1.205430
2.254948 1.202272
2.247101 1.205570
2.435422 1.127094
2.430405 1.133575
2.428010 1.136203
2.427551 1.137310
2.423949 1.140916
2.421680 1.142151
2.422515 1.138204
2.419688 1.144414
2.458488 1.016906
2.458389 1.016970
2.452180 1.019990
2.452151 1.020007
2.445873 1.022911
2.447486 1.014385
2.445645 1.023022
2.435330 0.902468
2.430412 0.898916
2.429389 0.897773
2.447846 0.909178
2.441589 0.905803
2.440694 0.905350
2.436147 0.901954
2.460359 0.916335
2.454104 0.912518
2.453855 0.912384
2.448795 0.908501
2.466608 0.920968
2.463469 0.918700
2.461012 0.916234
2.469921 0.924381
2.576929 0.809599
2.577439 0.814035
2.576190 0.818139
2.545241 0.662788
2.536842 0.670336
2.537384 0.670086
2.589505 0.685509
2.588068 0.683290
2.536743 0.674661
2.537379 0.674348
2.593638 0.693759
2.592133 0.690362
2.588834 0.685413
2.594066 0.695101
2.593803 0.694535
2.739478 0.733107
2.731545 0.738126
2.727758 0.739891
2.732881 0.736938
2.725241 0.740796
2.783272 0.750933
2.721064 0.742870
2.786338 0.760594
2.782857 0.756315
2.786550 0.764978
2.782762 0.760841
2.863134 0.786908
2.860644 0.784539
2.863485 0.784126
2.867091 0.790184
2.869770 0.789607
2.866316 0.794368
2.870215 0.792634
2.948203 0.706740
2.960734 0.711502
2.954472 0.708563
2.949394 0.707106
2.947410 0.706700
2.948232 0.706780
2.941922 0.706256
2.966990 0.715215
2.966674 0.715001
3.149867 0.766819
3.137196 0.767358
3.143019 0.767115
3.149789 0.771257
3.138677 0.771980
3.142792 0.771960
3.150171 0.774466
3.137269 0.776039
3.142977 0.775700
3.721101 0.780391
3.714830 0.778702
3.727361 0.783539
3.721147 0.780409
3.721104 0.780392
3.709460 0.778023
3.714973 0.778717
0.089184 0.718875
0.102827 0.719992
0.096100 0.719949
0.087916 0.720206
0.089336 0.720010
0.103368 0.722754
0.096465 0.723193
0.085741 0.724102
0.089601 0.723525
1.373804 1.186491
1.370376 1.183019
1.368651 1.179403
1.374952 1.188283
1.374175 1.186992
1.380032 1.193807
1.379893 1.193637
1.375366 1.187975
1.383246 1.198678
1.380847 1.195697
1.637045 1.275961
1.644376 1.275167
1.635568 1.276515
1.637217 1.276324
1.630743 1.278045
1.638598 1.276732
1.627682 1.279206
1.631234 1.278443
1.624446 1.279815
1.618156 1.280592
1.625449 1.280057
1.616258 1.281203
1.618397 1.280907
1.611860 1.282079
1.605570 1.282876
1.603855 1.283037
0.275185 0.696837
0.269061 0.695125
0.256279 0.696584
0.262364 0.695000
0.255119 0.698425
0.230017 0.694009
0.223748 0.692089
0.281157 0.703176
0.275177 0.701074
0.262972 0.697555
0.253699 0.700368
0.255300 0.700112
0.248801 0.702828
0.231690 0.695858
0.230391 0.694457
0.217479 0.692957
0.224274 0.692750
0.217457 0.692962
0.281764 0.705746
0.275319 0.704933
0.255901 0.702722
0.245737 0.703094
0.248971 0.703233
0.450973 0.762240
0.444764 0.760770
0.450913 0.766644
0.444215 0.766524
0.437825 0.765556
0.431846 0.763468
0.551123 0.796229
1.345510 1.091526
1.342249 1.088696
1.340904 1.083513
1.351744 1.098020
1.348718 1.094339
1.353405 1.099627
1.352459 1.097290
1.357967 1.105801
1.357364 1.104783
1.360031 1.109688
1.898650 1.280502
1.892177 1.279757
1.885899 1.278473
1.875032 1.280495
1.879660 1.277081
1.871912 1.280484
1.865629 1.280321
1.859350 1.279629
1.853073 1.278827
1.846794 1.277999
1.840518 1.276978
1.834244 1.275678
1.827972 1.274175
1.821700 1.272563
1.815426 1.271207
1.809150 1.270234
1.802873 1.269367
1.796594 1.268630
1.784049 1.265633
1.777781 1.263598
1.771512 1.261639
1.765242 1.259719
1.804002 1.266889
1.794424 1.268268
1.796764 1.268245
1.790318 1.267559
1.788189 1.266995
0.402246 0.672433
0.395976 0.670590
0.389699 0.669688
0.421033 0.680816
0.414773 0.677774
0.408511 0.674878
0.403360 0.672885
0.402355 0.672351
0.396410 0.670157
0.388454 0.669826
0.389981 0.669298
0.433560 0.686261
0.427297 0.683562
0.421128 0.680869
0.421054 0.680791
0.415868 0.676521
0.446081 0.692293
0.439822 0.689074
0.439701 0.689023
0.511589 0.708138
0.450421 0.695577
0.511634 0.712463
0.572251 0.726971
0.511441 0.716771
0.573328 0.733805
0.572121 0.731552
0.573209 0.738121
0.571990 0.736166
0.652913 0.762360
0.651407 0.762845
0.646612 0.764564
0.643323 0.765537
1.343683 1.009088
1.342248 1.009984
1.339072 1.012454
1.335927 1.014710
1.334517 1.015863
1.912500 1.216841
1.927373 1.220006
1.925041 1.220368
1.925270 1.218908
1.918754 1.220730
1.919296 1.216787
1.911979 1.216830
1.912524 1.216865
1.906211 1.217444
1.914609 1.221694
1.912460 1.221967
1.912586 1.220922
1.906180 1.221538
1.901365 1.218974
1.906426 1.219319
1.887337 1.220180
1.881068 1.218323
1.874792 1.217131
1.888767 1.220750
1.887405 1.220265
1.881395 1.218267
2.125589 1.290515
2.123208 1.290575
2.125981 1.289970
2.119304 1.290668
2.113021 1.290544
2.106738 1.290221
2.100458 1.289777
2.107775 1.288615
2.094551 1.288996
2.100767 1.289347
2.094180 1.288957
2.087899 1.288619
2.081620 1.287865
2.075342 1.287011
2.069063 1.286430
2.062783 1.285948
2.414884 1.161313
2.411903 1.162876
2.416475 1.159045
2.408578 1.164079
2.404569 1.165690
2.402276 1.166373
2.395978 1.168059
2.395540 1.168189
2.396175 1.167737
2.456708 0.974151
2.454547 0.975945
2.455468 0.971218
2.452800 0.977685
2.449949 0.972119
2.448481 0.981165
2.448221 0.981331
2.448334 0.980807
2.439441 0.848002
2.437605 0.848568
2.433139 0.850205
2.434593 0.843697
2.430160 0.851367
2.426829 0.853530
2.428192 0.847014
2.522204 0.870853
2.515682 0.870243
2.509472 0.868771
2.503590 0.866397
2.424865 0.854648
2.515891 0.873890
2.509425 0.873129
2.503389 0.871185
2.509846 0.876229
2.503712 0.874566
2.521075 0.733316
2.521969 0.737817
2.522474 0.742269
2.607465 0.764069
2.606247 0.759929
2.611154 0.772289
2.609625 0.768826
2.611916 0.773637
2.611376 0.772847
2.681944 0.792360
2.680115 0.793643
2.615533 0.778743
2.677094 0.795688
2.673798 0.797716
2.671643 0.798934
2.896522 0.735061
2.901128 0.733554
2.907910 0.737678
2.900241 0.743522
2.898978 0.739889
2.900556 0.739360
2.900640 0.744581
2.907545 0.742943
2.900230 0.745047
3.006829 0.774744
3.000574 0.770987
3.025631 0.781214
3.019356 0.780127
3.013093 0.777475
3.008853 0.775474
3.006998 0.774583
3.033110 0.781168
3.026423 0.781015
3.020046 0.780008
3.014129 0.777741
3.209259 0.742950
3.202984 0.741704
3.221787 0.748132
3.215526 0.745235
3.211240 0.743735
3.209505 0.742643
3.201426 0.741720
3.203214 0.741403
3.196701 0.741694
3.190413 0.742177
3.278216 0.764697
3.234287 0.756872
3.228042 0.751914
3.227470 0.751404
3.223128 0.746514
3.277094 0.765936
3.278460 0.765460
3.234876 0.757273
3.234439 0.756732
3.274213 0.769678
3.278883 0.768535
3.271881 0.771349
3.473769 0.762605
3.467487 0.762165
3.461199 0.762638
3.494181 0.765536
3.487693 0.764841
3.481064 0.764528
3.474751 0.763346
3.468432 0.762181
3.459336 0.763169
3.461623 0.762366
3.454891 0.765732
3.454010 0.766438
3.536349 0.796179
3.538632 0.796818
3.535505 0.796181
0.165026 0.709973
0.133706 0.700844
0.133676 0.700868
0.133694 0.700789
0.171788 0.713006
0.179192 0.709695
0.171286 0.713113
0.169746 0.712585
0.166532 0.707429
0.128953 0.704214
0.127358 0.705307
1.364662 1.144412
1.368143 1.153116
1.366063 1.149022
1.368352 1.153833
1.368398 1.153073
1.368708 1.158266
1.707588 1.259749
1.694078 1.261404
1.687789 1.262064
1.695429 1.260295
1.685832 1.262388
1.688227 1.261567
1.681498 1.263008
1.675436 1.264585
1.682994 1.261653
1.675200 1.264643
1.669358 1.267698
1.668892 1.267802
0.522805 0.696046
0.525634 0.694100
0.564382 0.708935
0.562949 0.706987
0.520372 0.699877
0.563531 0.713074
0.562662 0.712001
0.563134 0.717339
0.562597 0.716434
0.670023 0.747966
0.668914 0.748421
0.662613 0.750505
0.662118 0.750662
0.656313 0.752656
1.345694 0.994192
1.346097 0.989754
1.340847 0.985630
1.345179 0.994994
1.340449 0.990953
1.341923 0.998659
1.339350 1.001872
1.340025 0.996366
1.339021 1.002426
2.155803 1.282898
2.154107 1.283198
2.147815 1.284143
2.142470 1.284457
2.141528 1.284525
2.135240 1.284964
2.128955 1.285023
2.125178 1.285247
2.122669 1.285351
2.116389 1.284866
2.110109 1.284149
2.103829 1.283651
0.792697 0.705444
0.786429 0.703387
0.780156 0.702007
0.773878 0.701186
0.805220 0.711418
0.798962 0.708031
0.793399 0.705710
0.792736 0.705456
0.786723 0.703450
0.780485 0.702064
0.771358 0.701188
0.774060 0.701194
0.767594 0.701116
0.811468 0.715963
0.807345 0.712910
0.805444 0.711833
0.799668 0.709182
0.793771 0.706873
0.814403 0.718709
0.811839 0.717049
0.924326 0.749124
0.955657 0.760696
0.930573 0.753840
0.926044 0.750311
0.925505 0.746677
0.963613 0.757369
0.955582 0.760715
0.955661 0.760718
0.943075 0.762433
0.936826 0.757773
0.935853 0.756645
0.931256 0.753636
0.953035 0.764506
0.955689 0.764854
0.943236 0.762495
0.943075 0.762486
0.943076 0.762456
0.936775 0.764339
0.937181 0.760131
0.931737 0.756577
0.952314 0.768708
0.955838 0.768696
1.074715 0.804576
1.072056 0.806293
1.068400 0.808473
1.066859 0.809568
1.338805 0.900107
1.339144 0.904496
1.339298 0.908873
2.222956 1.220417
2.221482 1.220957
2.215183 1.222737
2.213624 1.222819
2.215737 1.221608
2.208898 1.222923
2.202600 1.224766
2.202340 1.224856
2.202697 1.224639
2.196307 1.225846
2.420948 1.155387
2.416718 1.158829
2.416565 1.158886
2.416795 1.158163
2.410262 1.161150
2.409079 1.161599
2.411529 1.158353
2.403961 1.163409
2.401300 1.164374
2.448469 1.066757
2.448129 1.066890
2.448242 1.066377
2.442272 1.069797
2.441819 1.069989
2.441953 1.069344
2.435813 1.072816
2.435513 1.072928
2.435597 1.072529
2.470331 0.939533
2.469091 0.943592
2.467717 0.945238
2.466380 0.947376
2.528324 0.810021
2.515336 0.812035
2.521343 0.810682
2.553157 0.820136
2.546758 0.819188
2.540656 0.817421
2.534411 0.816049
2.527744 0.815843
2.520410 0.820864
2.518172 0.816934
2.520809 0.816372
2.559528 0.825386
2.552747 0.825490
2.546422 0.824343
2.540230 0.822833
2.532926 0.827610
2.533746 0.822122
2.526665 0.824671
2.521584 0.821974
2.527038 0.822028
2.552674 0.829940
2.545446 0.833916
2.546043 0.829634
2.539187 0.830692
2.536206 0.829323
2.539446 0.829239
2.523613 0.691365
2.523730 0.695723
2.601350 0.715130
2.601147 0.720291
2.601011 0.720873
2.601072 0.720108
2.600140 0.724425
2.714763 0.753942
2.708716 0.759723
2.707535 0.760340
2.703423 0.762983
2.701220 0.764246
2.802984 0.783632
2.796720 0.782311
2.802766 0.788453
2.796328 0.787616
2.802677 0.792950
2.795215 0.798628
2.796015 0.792729
2.919250 0.715989
2.917994 0.717830
2.916583 0.719763
2.918898 0.717521
2.981940 0.737543
2.981749 0.734339
2.914995 0.723798
2.986916 0.744097
2.986182 0.742729
2.988804 0.747606
2.988119 0.743854
2.992324 0.752691
3.074761 0.773930
3.082564 0.770715
3.074662 0.774000
3.068371 0.774943
3.062086 0.774994
3.069336 0.774263
3.060249 0.775294
3.062489 0.774553
3.217205 0.742995
3.210939 0.740682
3.204666 0.739297
3.288670 0.758967
3.293506 0.756929
3.286178 0.762737
3.221478 0.745178
3.294036 0.759702
3.286156 0.762767
3.286183 0.762756
3.285376 0.766959
3.286334 0.766593
3.588936 0.758970
3.567337 0.751580
3.563847 0.753014
3.601445 0.766652
3.595190 0.762932
3.591723 0.760919
3.561017 0.754597
3.607691 0.771520
3.602754 0.767506
3.602908 0.763197
3.558092 0.758354
3.658474 0.781527
3.651586 0.783784
3.645297 0.784248
3.613939 0.776238
3.610098 0.773348
3.643336 0.784508
3.645928 0.783162
3.639009 0.784779
3.632730 0.784136
3.626458 0.782608
3.620194 0.780003
3.619591 0.779646
0.325292 0.657371
0.319020 0.655655
0.312742 0.654918
0.325781 0.657650
0.325348 0.657389
0.319258 0.655604
0.312513 0.654942
0.312774 0.654899
0.407902 0.675648
0.388247 0.674809
0.387995 0.674965
0.388210 0.674173
0.444405 0.694092
0.438137 0.691886
0.431871 0.689650
0.425609 0.686864
0.425469 0.686798
0.385481 0.678578
0.381673 0.679972
0.450659 0.698002
0.448005 0.695757
0.444949 0.693492
0.439797 0.689115
0.452884 0.701085
0.451497 0.698266
0.508956 0.716950
0.452702 0.705404
0.508310 0.721139
0.507245 0.725276
0.573838 0.743267
0.575946 0.748979
0.575316 0.747912
0.649409 0.767474
0.644912 0.769514
0.642716 0.770419
0.638609 0.771931
1.336613 1.016985
1.334233 1.018833
1.332107 1.020382
1.327916 1.023171
1.326967 1.023680
1.904530 1.219947
1.902926 1.220010
1.905325 1.218131
1.898238 1.220914
1.891950 1.221380
1.932520 1.230425
1.929576 1.231565
1.929787 1.229274
1.923863 1.227010
1.918285 1.223796
1.899729 1.219193
1.890419 1.221750
1.892473 1.220608
1.885657 1.222469
1.879378 1.221888
1.873097 1.221495
1.924315 1.233048
1.923278 1.233417
1.923331 1.232699
1.916981 1.234997
1.917405 1.230451
1.911519 1.228094
1.905586 1.225874
1.899448 1.224216
1.893323 1.222525
1.867162 1.221333
1.866814 1.221388
1.867235 1.220109
1.860527 1.221579
1.914313 1.235334
1.910689 1.235956
1.910840 1.234212
1.904850 1.232150
1.898929 1.229900
1.904603 1.237716
1.904390 1.237933
1.904404 1.237638
1.973344 1.260004
1.967067 1.259022
1.985860 1.266776
1.979608 1.262719
1.974458 1.260711
1.973476 1.260115
1.966298 1.259046
1.967206 1.258821
2.118764 1.291283
2.107815 1.292450
2.111726 1.292106
2.105060 1.292374
2.098778 1.292152
2.092497 1.291691
2.086217 1.291196
2.079937 1.290570
2.073661 1.289621
2.010919 1.276794
2.004653 1.274554
1.998386 1.272214
1.992122 1.269629
1.987203 1.267684
1.986074 1.266812
2.094157 1.288984
2.087163 1.289676
2.080334 1.289916
2.072059 1.289399
2.073767 1.289434
2.067383 1.288848
2.061103 1.288272
2.054825 1.287417
2.048550 1.286234
2.042276 1.284934
2.036004 1.283491
2.029732 1.281872
2.023459 1.280392
2.017188 1.278699
2.011646 1.277043
2.010994 1.276687
0.601273 0.650876
0.594997 0.649780
0.588717 0.649149
0.582430 0.649559
0.607345 0.655872
0.602071 0.652343
0.595905 0.650759
0.589939 0.648633
0.579642 0.650189
0.583115 0.648857
0.576136 0.650897
0.605970 0.659932
0.745397 0.703881
0.740679 0.704930
0.746284 0.703410
0.739101 0.705416
0.732807 0.706747
0.730613 0.707220
0.733134 0.706752
0.834282 0.729495
0.828472 0.726919
0.852092 0.740391
0.846199 0.738039
0.840390 0.735465
0.834626 0.732771
0.897433 0.749727
0.878269 0.746788
0.871257 0.747533
0.865076 0.745984
0.858914 0.744385
0.852764 0.742758
0.846705 0.740880
0.840674 0.738929
0.834743 0.736709
0.915414 0.760147
0.909217 0.758640
0.903254 0.756487
0.878391 0.750691
0.871717 0.750503
0.865606 0.748774
0.859497 0.747039
0.922305 0.768252
0.921204 0.766991
0.915311 0.764647
0.909256 0.762756
0.903393 0.760340
0.884785 0.755911
0.878102 0.755749
0.927066 0.777431
0.921142 0.772339
0.920861 0.772165
0.915087 0.769508
0.909355 0.766742
0.939591 0.782992
0.933335 0.779471
0.930023 0.778511
0.933691 0.778217
0.927501 0.776708
0.921074 0.775843
0.942980 0.785525
1.066556 0.810707
1.052453 0.815586
1.060325 0.813514
1.049408 0.816025
1.052826 0.815598
1.046159 0.816876
1.039871 0.817271
1.033592 0.816653
1.053934 0.816805
1.046919 0.817548
1.040299 0.817215
1.029192 0.816230
1.033856 0.816395
1.027313 0.816043
1.338138 0.918683
1.338774 0.923138
1.340651 0.928079
1.340512 0.927841
2.206738 1.231475
2.205506 1.231783
2.199208 1.233529
2.197430 1.233876
2.192915 1.234677
2.186622 1.235828
2.186195 1.235916
2.180328 1.237085
1.169571 0.750077
1.174252 0.748645
1.169389 0.754369
1.174220 0.752973
1.170088 0.758871
1.313728 0.801364
1.318876 0.798586
1.312383 0.805411
1.311648 0.809613
2.376643 1.183572
2.373922 1.183850
2.377397 1.182306
2.370349 1.184714
2.364058 1.185674
2.362958 1.185910
2.364364 1.185283
2.357766 1.186628
2.351475 1.187533
2.350484 1.187700
2.351730 1.187194
2.345182 1.188801
2.446403 1.075025
2.445555 1.075512
2.440093 1.078334
2.439573 1.078601
2.433788 1.081064
2.432632 1.081526
2.467061 0.948214
2.466023 0.949349
2.464225 0.951950
2.461385 0.955715
2.459676 0.957495
2.513875 0.812691
2.493664 0.814112
2.487394 0.812267
2.481125 0.810366
2.474830 0.811691
2.524980 0.827613
2.518708 0.826041
2.512434 0.824663
2.513156 0.818889
2.506463 0.818751
2.500103 0.817697
2.493821 0.816425
2.487620 0.814936
2.481445 0.813376
2.470973 0.812267
2.475022 0.812499
2.468541 0.812345
2.462265 0.811446
2.455991 0.810024
2.537510 0.832540
2.531250 0.829464
2.525683 0.827838
2.525058 0.827477
2.510996 0.824818
2.506151 0.824557
2.506342 0.823314
2.500267 0.821482
2.494124 0.819842
2.487982 0.818198
2.481877 0.816458
2.543758 0.837145
2.540809 0.835276
2.538658 0.831397
2.500304 0.826986
2.499845 0.827475
2.499914 0.826717
2.546588 0.840806
2.522806 0.700556
2.522678 0.704867
2.601945 0.729813
2.600585 0.725684
2.601256 0.734014
2.600213 0.730968
2.707769 0.764571
2.705833 0.765467
2.701982 0.767698
2.699521 0.769055
2.696206 0.770871
2.795107 0.799485
3.559128 0.759241
3.605996 0.775944
3.556146 0.762957
3.643598 0.789062
3.618499 0.784248
3.612244 0.780521
3.608775 0.778104
3.556048 0.767298
3.641792 0.789224
3.637312 0.789339
3.631031 0.788964
3.624761 0.787063
3.619127 0.784561
3.619246 0.782373
1.459865 1.286224
0.285192 0.683597
0.285088 0.692434
0.284028 0.691030
0.284114 0.696575
0.283590 0.697176
0.283714 0.696143
0.440323 0.745065
0.439744 0.745884
0.479493 0.753738
0.468138 0.756052
0.472213 0.755222
0.435720 0.749379
0.433996 0.750380
0.434820 0.746795
0.465627 0.759856
0.472459 0.758771
0.465340 0.760301
0.431252 0.752825
0.553117 0.786153
0.472678 0.762437
0.463309 0.763737
0.465632 0.763265
0.553246 0.786539
0.597885 0.797429
0.584437 0.799120
0.578159 0.798302
0.554096 0.791031
0.585972 0.797322
0.572784 0.799205
0.579235 0.797305
0.571867 0.799425
0.565582 0.799555
0.559313 0.797481
0.557306 0.796033
0.560102 0.794308
1.323910 1.064192
1.318811 1.057394
1.325427 1.066509
1.324367 1.064886
1.336385 1.076124
1.330124 1.073217
1.327380 1.071231
1.325072 1.067172
1.348891 1.084042
1.342647 1.078926
1.341916 1.078550
1.349225 1.084396
1.349148 1.083619
1.351150 1.089153
1.869040 1.269118
1.862766 1.267663
1.856492 1.266382
1.850217 1.265247
1.920078 1.279691
1.926486 1.278099
1.919232 1.279635
1.912951 1.279047
1.906674 1.278203
1.900398 1.277233
1.894121 1.276237
1.887845 1.275074
1.881574 1.273515
1.875306 1.271452
1.869497 1.269271
1.876865 1.266196
1.848860 1.265037
1.843940 1.264349
1.844213 1.263288
1.837660 1.263700
1.838532 1.260378
1.831382 1.263120
1.832948 1.257213
1.825102 1.262467
0.516801 0.701021
0.515384 0.703875
0.517541 0.702055
0.567782 0.716474
0.515610 0.708263
0.517382 0.706743
0.568941 0.723544
0.567310 0.722002
0.567882 0.727670
0.567048 0.726972
0.660964 0.755454
0.660913 0.755471
0.661055 0.755053
0.654613 0.757564
0.652560 0.758065
0.648315 0.759304
1.348525 1.000733
1.345565 0.995437
1.344387 1.004189
1.343952 1.004485
1.344133 1.003609
1.339729 1.007570
1.337629 1.009583
1.339075 1.003233
1.336398 1.011253
2.139842 1.287548
2.133557 1.287660
2.141273 1.284971
2.133552 1.287660
2.133559 1.287658
2.127270 1.288078
2.120986 1.287933
2.114703 1.287888
2.122150 1.286171
2.113347 1.287835
2.114919 1.287513
2.108420 1.287758
2.102139 1.287338
2.095861 1.286516
2.089580 1.286133
2.083302 1.285291
0.923873 0.740506
0.927702 0.736392
0.926013 0.745807
0.925599 0.745177
0.963670 0.757335
0.963625 0.757815
0.929410 0.750303
0.927039 0.746718
0.963094 0.761552
0.963832 0.761004
1.084316 0.790460
1.078996 0.798365
1.076409 0.800413
1.074213 0.801713
1.070099 0.803739
1.339621 0.893443
1.339042 0.890799
1.339936 0.895301
1.340712 0.892192
1.340187 0.899694
2.235774 1.213055
2.234355 1.213413
2.236246 1.212383
2.229464 1.216213
2.228727 1.216565
2.229669 1.216142
2.223162 1.218588
2.219875 1.219084
2.223741 1.218142
2.216871 1.219495
2.210572 1.221416
2.210355 1.221500
2.210626 1.221395
2.433198 1.137458
2.427855 1.142406
2.426294 1.143309
2.427525 1.138712
2.423666 1.145871
2.419974 1.147958
2.418206 1.149103
2.456896 0.964832
2.456289 0.965571
2.454426 0.968658
2.449955 0.972086
2.449943 0.972101
2.441398 0.839993
2.441164 0.840077
2.441226 0.839776
2.434861 0.842489
2.436554 0.834064
2.434075 0.842810
2.428554 0.845440
2.430247 0.837122
2.528907 0.870367
2.506345 0.862014
2.503820 0.863871
2.504188 0.860529
2.499230 0.855600
2.427639 0.845852
2.528036 0.870797
2.529040 0.870593
2.522601 0.873138
2.501508 0.865329
2.498294 0.862414
2.530157 0.871741
2.521390 0.873747
2.522710 0.873677
2.516295 0.876041
2.499938 0.869351
2.497869 0.867835
2.523383 0.876086
2.513445 0.876474
2.516425 0.876676
2.510007 0.876428
2.519567 0.742361
2.521702 0.748135
2.520932 0.746963
2.527927 0.755757
2.523952 0.751932
2.615727 0.778660
2.610560 0.770853
2.616504 0.779600
2.615928 0.778869
2.621952 0.786316
2.620799 0.784816
2.616898 0.780454
2.673146 0.799904
2.672115 0.800542
2.624801 0.789993
2.668094 0.803204
2.665803 0.804128
2.893510 0.735975
2.892272 0.746430
2.890934 0.743266
2.892830 0.742070
2.893053 0.748033
2.900157 0.744708
2.892230 0.751852
2.892171 0.752215
2.892259 0.752140
3.012720 0.777405
3.164765 0.761321
3.163367 0.762669
3.166019 0.759469
3.160392 0.766406
3.158428 0.767951
0.161162 0.695198
0.136682 0.692099
0.135397 0.693323
0.186797 0.703095
0.163475 0.701936
0.132991 0.695679
0.136510 0.693059
0.179365 0.709531
0.179259 0.709590
0.172965 0.710886
0.166711 0.707136
0.166550 0.706902
1.363665 1.134612
1.363755 1.134868
1.363775 1.134539
1.365053 1.139456
1.365765 1.143942
1.366965 1.148549
1.711890 1.258406
1.715361 1.256891
1.708327 1.258976
1.702037 1.259775
1.709693 1.258151
1.698639 1.259989
1.702448 1.259533
1.695752 1.259940
1.689465 1.260238
1.684069 1.261344
1.690619 1.259233
1.683171 1.261498
1.676868 1.263970
0.547016 0.689004
0.540744 0.687515
0.553262 0.693928
0.551155 0.691814
0.547295 0.690154
0.538093 0.689138
0.541116 0.688609
0.555104 0.696978
0.678626 0.735020
0.678223 0.735255
0.672318 0.738033
0.671751 0.738266
1.338900 0.974986
1.337814 0.971174
1.336861 0.978902
1.336552 0.981016
1.336720 0.978428
1.335901 0.983066
2.171551 1.271740
2.170086 1.271923
2.170892 1.269220
2.163796 1.272721
2.159513 1.273573
2.157503 1.273844
2.158949 1.269193
2.151214 1.274286
2.145069 1.274952
2.144925 1.274963
2.144973 1.274794
2.138641 1.274985
2.132357 1.275017
1.147729 0.778690
1.147729 0.778689
1.210410 0.799335
1.204143 0.797094
1.197884 0.793924
1.198308 0.792185
1.148420 0.783163
1.147860 0.787410
1.147660 0.787582
1.311068 0.832808
1.316923 0.840187
1.316502 0.839364
1.312068 0.834267
1.323140 0.848819
1.320315 0.844476
1.317340 0.842552
1.323605 0.849500
1.323189 0.849258
2.300800 1.192566
2.299019 1.192896
2.301250 1.192001
2.294505 1.193815
2.288214 1.194730
2.295953 1.192241
2.287642 1.194872
2.288377 1.194534
2.281920 1.196060
2.275889 1.196810
2.275630 1.196841
2.269339 1.197673
2.442950 1.091825
2.444092 1.086274
2.440615 1.093207
2.436639 1.095139
2.437851 1.089106
2.434346 1.096246
2.430331 1.098168
2.431520 1.092223
2.427725 1.099246
2.453301 1.042832
2.454664 1.035985
2.452141 1.043754
2.446990 1.046295
2.445896 1.046801
2.440691 1.048258
2.442130 1.041844
2.436936 1.049328
2.432540 0.880559
2.432431 0.880620
2.426234 0.883408
2.425512 0.883511
2.426176 0.890899
2.422010 0.887140
2.549478 0.771970
2.574225 0.790328
2.573672 0.788065
2.575565 0.794931
2.574019 0.791357
2.577431 0.799670
2.572063 0.663182
2.572086 0.663198
2.571989 0.663179
2.572064 0.663189
2.565772 0.664115
2.578282 0.671557
2.575839 0.668298
2.572291 0.666798
2.562064 0.665477
2.565876 0.665901
2.559472 0.666188
2.579040 0.673310
2.578394 0.672815
2.872864 0.771181
2.873616 0.766334
2.874386 0.772970
2.880388 0.770466
2.877190 0.777875
2.880411 0.774649
2.877347 0.782264
3.156782 0.765994
3.156452 0.766282
3.156841 0.766179
3.154683 0.770244
3.157595 0.768335
3.151860 0.774026
3.506829 0.765364
3.500538 0.766337
3.527185 0.767490
3.520525 0.767264
3.513788 0.767247
3.507225 0.766752
3.498180 0.766124
3.500599 0.766434
3.494258 0.765817
3.487977 0.765234
3.481699 0.764535
3.475425 0.763206
3.469150 0.762060
3.520834 0.770650
3.514104 0.770617
3.507581 0.770015
3.501211 0.768996
3.494917 0.767770
3.488706 0.766315
3.526974 0.776567
1.435230 1.275294
1.454020 1.283374
1.447751 1.281361
1.441490 1.278398
1.435805 1.275683
1.435304 1.275353
1.429912 1.271620
1.479100 1.290581
1.472825 1.289364
1.466553 1.287829
1.460285 1.285769
1.455970 1.284151
1.454222 1.283181
1.448259 1.281027
1.442519 1.278262
1.493289 1.291222
1.486797 1.290532
1.480425 1.289511
1.474261 1.287918
1.468203 1.286032
0.289099 0.674544
0.287075 0.676437
0.344789 0.686590
0.285396 0.678117
0.376443 0.696490
0.370085 0.695424
0.363464 0.695091
0.357309 0.693467
0.443764 0.729750
0.442657 0.732086
0.494452 0.747077
0.501480 0.744658
0.439752 0.735837
0.494822 0.751469
0.501574 0.748630
0.494596 0.755770
0.567059 0.774984
0.570521 0.771461
0.619239 0.791748
0.566907 0.779280
0.570362 0.776147
0.614909 0.793476
0.620162 0.791761
0.612937 0.794131
0.566899 0.783636
0.606994 0.796192
0.614446 0.793199
0.606636 0.796283
0.600347 0.796900
1.308549 1.042568
1.306855 1.043967
1.310104 1.039987
1.308481 1.051354
1.303558 1.047621
1.314736 1.055082
1.310958 1.053489
1.308895 1.051812
1.333510 1.065218
1.327248 1.062216
1.320982 1.059996
1.320679 1.059842
1.880533 1.239178
1.892690 1.247058
1.885527 1.248223
1.879046 1.247499
1.872505 1.250968
1.873473 1.244270
1.866231 1.249545
1.886069 1.250947
1.873629 1.251403
1.879048 1.251714
1.862903 1.249198
1.859952 1.248939
1.860133 1.248102
1.853669 1.248740
1.854378 1.245387
1.847393 1.247764
1.848334 1.243474
1.841111 1.247367
1.842764 1.240262
1.834826 1.247489
1.954027 1.273070
1.947739 1.273509
1.941455 1.273580
1.878731 1.258389
1.877057 1.256443
1.879151 1.255670
1.833122 1.247461
1.939435 1.273592
1.942183 1.271988
1.935171 1.273501
1.928888 1.273209
1.922608 1.272767
1.916329 1.272167
1.910051 1.271368
1.903774 1.270421
1.897501 1.269136
1.891230 1.267268
1.884969 1.264343
1.882120 1.261832
1.886073 1.259437
1.917729 1.269330
1.910810 1.269810
1.904141 1.269613
1.898215 1.267380
0.765928 0.701732
0.759642 0.701975
0.753356 0.702227
0.804484 0.710256
0.798677 0.707669
0.767331 0.701154
0.760423 0.701612
0.752526 0.702341
0.753476 0.702175
0.747063 0.703305
0.822333 0.721352
0.816649 0.718113
0.811067 0.714913
0.828568 0.727650
0.827535 0.726417
0.822908 0.723672
0.817369 0.720365
0.884985 0.745701
0.832709 0.731815
0.828928 0.729906
0.823457 0.726425
0.897513 0.750925
0.896073 0.749174
0.891488 0.747520
0.882175 0.746309
0.885144 0.746422
0.834338 0.736510
0.948990 0.760520
0.942699 0.759269
0.936676 0.757284
0.898868 0.754070
0.897634 0.753393
0.891878 0.750684
0.884914 0.754824
0.880656 0.750336
0.885356 0.750080
0.949259 0.763995
0.900457 0.758744
0.897815 0.757154
0.949132 0.768595
0.942513 0.768259
0.935044 0.773325
0.936425 0.766469
1.067559 0.810410
1.066722 0.810667
1.060834 0.813345
1.060413 0.813653
1.055164 0.816540
1.054103 0.817129
1.338044 0.909307
1.338631 0.913749
1.338839 0.918139
2.213496 1.226036
2.207924 1.226676
2.207206 1.226786
2.200908 1.228597
2.198321 1.229039
2.194617 1.229543
2.188321 1.230948
2.187313 1.231149
1.222449 0.741662
1.203562 0.737963
1.190303 0.739950
1.196558 0.738683
1.189392 0.743747
1.239559 0.757432
1.233298 0.754539
1.230273 0.752505
1.228079 0.748951
1.196794 0.742278
1.189383 0.744886
1.189316 0.744079
1.189404 0.744055
1.252082 0.763312
1.245823 0.760050
1.245662 0.759990
1.240217 0.756889
1.234942 0.752858
1.189686 0.748520
1.302233 0.778998
1.264579 0.772408
1.258337 0.767113
1.257975 0.766848
1.252937 0.763233
1.310179 0.776931
1.301084 0.780042
1.302495 0.779526
1.295915 0.783308
1.270822 0.777681
1.264785 0.772589
1.264622 0.772425
1.330242 0.790367
1.327260 0.793069
1.303792 0.780207
1.295881 0.783308
1.295918 0.783308
1.289630 0.783459
1.283359 0.781804
1.277086 0.780498
1.273301 0.778695
1.326630 0.793957
1.328280 0.791266
1.325290 0.798046
2.396056 1.174012
2.392602 1.174870
2.386494 1.176361
2.386306 1.176416
2.380010 1.177977
2.376722 1.178703
2.373716 1.179219
2.367426 1.179943
2.461915 0.999094
2.460437 1.008037
2.460218 1.008153
2.460290 1.007798
2.454578 1.011147
2.453908 1.011386
2.454095 1.010502
2.447606 1.013733
2.449331 1.005065
2.447088 1.013957
2.487331 0.811515
2.481094 0.810117
2.474421 0.809925
2.462448 0.811219
2.467434 0.810602
2.460598 0.811929
2.454309 0.812600
2.517012 0.830487
2.468391 0.812193
2.461812 0.811747
2.450170 0.813016
2.455280 0.811170
2.448020 0.813203
2.441730 0.813863
2.530529 0.830991
2.514386 0.830552
2.510727 0.830572
2.512181 0.825803
2.504433 0.831731
2.548332 0.843350
2.547911 0.841779
2.543242 0.837336
2.502793 0.832494
2.548681 0.846253
2.548304 0.846941
2.548475 0.845722
2.499842 0.836254
2.546540 0.850157
2.522373 0.708543
2.522325 0.709815
2.522140 0.714119
2.603856 0.735733
2.602975 0.739384
2.602621 0.743653
2.700206 0.772367
2.697823 0.773628
2.694320 0.775486
2.691511 0.777320
2.912456 0.723944
2.911922 0.728168
2.986492 0.744081
2.914319 0.733022
2.991458 0.754361
2.990468 0.752969
2.997686 0.761741
2.993979 0.758026
2.992791 0.753789
3.074652 0.773941
3.067935 0.773870
3.054938 0.774886
3.061175 0.773917
3.054138 0.775281
2.999702 0.763557
3.049613 0.778122
3.055195 0.776064
3.047821 0.779615
0.123370 0.714904
0.109692 0.719588
0.117235 0.717449
0.109622 0.719639
0.109703 0.719624
0.103514 0.722736
0.103384 0.722789
1.369303 1.171073
1.369429 1.173466
1.369277 1.174386
1.369400 1.173115
1.369230 1.180353
1.368316 1.177562
1.370053 1.182261
1.369656 1.180885
1.375454 1.188114
1.375016 1.187637
1.651297 1.273137
1.659122 1.271684
1.648932 1.274225
1.651788 1.273318
1.644997 1.275077
1.639269 1.276560
1.646125 1.274574
1.638700 1.276691
1.632404 1.278234
1.630075 1.279026
1.632918 1.278066
1.626107 1.279933
0.215799 0.692551
0.235169 0.695627
0.229497 0.692669
0.223209 0.691418
0.214200 0.692948
0.216086 0.692466
0.209503 0.693955
0.248392 0.700569
0.241874 0.699948
0.235796 0.698123
0.217456 0.692957
0.204291 0.695256
0.210351 0.693945
0.203204 0.695859
0.242395 0.702779
1.350055 1.101419
1.348262 1.099296
1.356293 1.107507
1.353915 1.104767
1.358078 1.109947
1.357573 1.106008
1.362493 1.118286
1.360818 1.114849
1.362933 1.119642
1.362921 1.118354
1.752312 1.239515
1.738822 1.240204
1.745676 1.239219
1.738593 1.240483
1.765993 1.250118
1.763650 1.250801
1.763868 1.249055
1.757355 1.252202
1.758000 1.246636
1.752026 1.244513
1.745790 1.243117
1.736034 1.243935
1.738996 1.243258
1.756142 1.252396
1.751392 1.250484
1.745517 1.248098
1.735031 1.248056
1.739121 1.247143
1.769838 1.263061
1.763580 1.259734
1.757317 1.257122
1.756274 1.256755
1.751274 1.255049
1.745360 1.252774
1.733682 1.252126
1.739153 1.251304
1.732217 1.252344
1.725920 1.254012
1.857655 1.283885
1.851378 1.283002
1.845102 1.281989
1.838827 1.280800
1.832553 1.279444
1.826281 1.277898
1.820010 1.276233
1.813736 1.274857
1.807460 1.273759
1.801184 1.272665
1.794909 1.271521
1.788636 1.270117
1.782368 1.268048
1.776101 1.265777
1.771778 1.264278
1.770028 1.263342
1.764242 1.260720
1.758274 1.258601
1.752288 1.256532
1.790168 1.267843
0.589097 0.677978
0.582994 0.676213
0.576867 0.674515
0.570923 0.672315
0.595629 0.682782
0.589332 0.681555
0.583051 0.680291
0.576823 0.678881
0.570534 0.677639
0.564357 0.676093
0.692368 0.719459
0.688337 0.721804
0.686761 0.722622
0.682027 0.725050
0.680705 0.725740
1.343632 0.957245
1.341052 0.961042
1.340019 0.962607
1.338006 0.964774
2.179798 1.258444
2.178574 1.258783
2.173504 1.259780
2.167845 1.260900
2.167210 1.261013
2.167493 1.259998
2.160921 1.261709
2.154630 1.262534
2.154592 1.262537
2.148343 1.262950
0.957979 0.722430
0.959632 0.723403
0.955747 0.722607
0.958135 0.722621
0.951692 0.722829
0.963710 0.728597
1.147729 0.778690
1.147675 0.788036
1.145980 0.789831
1.143286 0.791472
1.147543 0.787693
1.316855 0.839657
1.329351 0.851373
1.328218 0.849734
1.322875 0.845870
1.333978 0.857661
1.333156 0.856472
1.328801 0.852357
1.336395 0.861477
1.334590 0.859229
1.338300 0.866230
2.293443 1.194951
2.286534 1.197206
2.280240 1.198338
2.280118 1.198356
2.280265 1.198311
2.273949 1.199205
2.267659 1.199976
2.275558 1.196956
2.267288 1.200056
2.267754 1.199868
2.261367 1.201043
2.255552 1.202020
2.255075 1.202072
2.440675 1.107627
2.439498 1.108254
2.439901 1.106288
2.435617 1.110893
2.433183 1.112155
2.433954 1.108306
2.429776 1.114028
2.426873 1.115511
2.427754 1.111064
2.422804 1.116964
2.451575 1.051104
2.452851 1.045211
2.449196 1.052505
2.445267 1.054017
2.446650 1.047942
2.441487 1.055258
2.438968 1.056022
2.439667 1.052857
2.433664 1.058023
2.458688 0.917595
2.452427 0.914635
2.441375 0.906130
2.464941 0.921572
2.461163 0.918926
2.459161 0.917089
2.454042 0.912610
2.471168 0.928799
2.468426 0.924738
2.465842 0.921482
2.471603 0.929726
2.471385 0.929023
2.471793 0.934124
2.471119 0.935199
2.471734 0.932334
2.574716 0.812242
2.571710 0.817883
2.574988 0.815710
2.570726 0.822020
2.575511 0.818530
2.525825 0.682463
2.529047 0.678713
2.525577 0.686741
2.529057 0.682940
2.597727 0.702288
2.525840 0.691158
2.599411 0.710576
2.597718 0.706546
2.599008 0.714834
2.597564 0.711230
2.715550 0.751447
2.715111 0.751682
2.709635 0.754893
2.709237 0.755139
2.809567 0.783077
2.792293 0.771698
2.836172 0.785079
2.829386 0.785199
2.822726 0.784972
2.816150 0.784511
2.808763 0.783930
2.809596 0.783993
2.795201 0.781134
2.791680 0.777615
2.829451 0.789238
2.822764 0.789084
2.816203 0.788587
2.809172 0.788335
2.809556 0.788323
2.792774 0.784973
2.791144 0.783339
2.829502 0.793344
2.822986 0.792724
2.816578 0.791808
2.807008 0.792243
2.809815 0.791865
2.933688 0.705459
2.926015 0.708267
2.922719 0.711664
2.927360 0.708548
2.977547 0.727279
2.976757 0.725289
2.920812 0.715623
2.982374 0.733851
2.981119 0.732330
2.984902 0.737447
3.101467 0.773185
3.095196 0.771549
3.088923 0.770054
3.109306 0.771338
3.082988 0.770591
3.082633 0.770735
3.076327 0.773584
3.076327 0.773584
3.309929 0.748948
3.315834 0.746905
3.308447 0.750653
3.306543 0.752572
3.308878 0.751725
3.303497 0.756304
3.581498 0.740402
3.694344 0.774962
3.688077 0.772835
3.681799 0.771995
3.725690 0.784583
3.719424 0.782286
3.713152 0.780765
3.706880 0.779214
3.700610 0.777314
3.697349 0.776195
3.694649 0.774725
3.688874 0.772068
3.676830 0.771987
3.682439 0.771227
3.675512 0.772430
3.726728 0.783456
3.708523 0.777917
-0.004364 0.747286
-0.010631 0.744989
-0.013651 0.743201
-0.016178 0.740548
0.009845 0.747378
0.002531 0.748957
-0.003965 0.748278
-0.009910 0.746082
0.003116 0.751594
-0.003475 0.751178
-0.009473 0.749144
1.425787 1.264258
1.424977 1.262411
1.436892 1.275180
1.430635 1.271725
1.427554 1.268937
1.425526 1.265122
1.505887 1.292175
1.499605 1.291838
1.461959 1.284192
1.455691 1.282081
1.449422 1.280190
1.443156 1.277878
1.436914 1.275192
1.436895 1.275179
1.431293 1.272046
1.519783 1.292533
1.513169 1.292183
1.506544 1.291858
1.494042 1.291269
1.499881 1.291638
1.493325 1.291198
1.487048 1.290343
1.480773 1.289219
1.474500 1.287701
1.468229 1.286009
1.467638 1.285836
1.462242 1.283882
1.456314 1.281641
1.450265 1.279740
1.444376 1.277400
0.155958 0.687399
0.149682 0.686243
0.143383 0.688103
0.162170 0.696542
0.160355 0.691936
0.156528 0.689376
0.150489 0.687442
0.142811 0.688331
0.143508 0.688096
0.187836 0.701916
0.187263 0.702181
0.162211 0.696654
0.162176 0.696628
0.156584 0.693476
0.181410 0.704938
0.188708 0.702092
0.180955 0.705339
1.361036 1.124950
1.365332 1.133823
1.362969 1.129669
1.365576 1.134544
1.365659 1.133581
1.366528 1.139098
1.719175 1.254860
1.723768 1.252291
1.716294 1.256357
1.786407 1.269730
1.780708 1.266841
1.712085 1.257726
1.716995 1.256608
1.709998 1.257823
1.703710 1.258266
1.697426 1.258368
1.805553 1.276925
1.799122 1.276064
1.793010 1.274322
1.704776 1.257394
1.694953 1.258570
1.697791 1.258059
1.691139 1.258680
0.532788 0.688750
0.546819 0.687238
0.540467 0.686157
0.532788 0.688750
0.532788 0.688750
0.558031 0.698266
0.557952 0.697949
0.553123 0.692668
0.528603 0.692206
0.534023 0.689571
0.526459 0.694567
0.558479 0.702677
0.558186 0.701524
0.525611 0.695949
0.526817 0.695110
0.559562 0.707249
0.677306 0.738980
0.670956 0.743117
0.670616 0.743261
0.671225 0.741377
0.664315 0.745495
0.663153 0.745871
1.343837 0.981052
1.341160 0.982957
1.341618 0.979283
1.340008 0.984572
1.338635 0.988625
1.336399 0.983570
1.337936 0.992843
2.162092 1.278009
2.158782 1.278461
2.155802 1.278834
2.149510 1.279820
2.146032 1.280162
2.143222 1.280342
2.136938 1.280217
2.130653 1.280469
2.127010 1.280622
2.124366 1.280711
2.125328 1.277469
1.209963 0.736490
1.222491 0.741737
1.222217 0.741486
1.216613 0.739158
1.204914 0.737922
1.210365 0.737793
1.203661 0.738717
1.228723 0.748377
1.226034 0.746594
1.222926 0.744576
1.217122 0.742000
1.210848 0.740719
1.201544 0.741578
1.203968 0.741097
1.247491 0.759227
1.241233 0.755907
1.234972 0.752821
1.234834 0.752744
1.229617 0.748978
1.329034 0.778780
1.322768 0.776487
1.316489 0.775693
1.248505 0.759902
1.247656 0.759234
1.331101 0.781187
1.329516 0.779382
1.323560 0.777215
1.310329 0.776912
1.317309 0.775864
1.310195 0.776941
1.331184 0.785530
1.329607 0.783368
1.324059 0.780098
1.304304 0.780030
1.303886 0.780179
1.329417 0.789526
1.329119 0.788974
2.400591 1.169472
2.399924 1.169765
2.400993 1.168780
2.394291 1.171334
2.391108 1.172288
2.387993 1.173124
2.381701 1.174285
2.380570 1.174495
2.382068 1.173710
2.452037 1.058138
2.449851 1.059074
2.450660 1.055479
2.445311 1.061063
2.443546 1.061688
2.444124 1.059131
2.438128 1.063930
2.437242 1.064288
2.437500 1.063055
2.469499 0.929840
2.469709 0.930048
2.469606 0.929704
2.471441 0.934717
2.470498 0.938860
2.469416 0.940481
2.468194 0.942751
2.528448 0.809169
2.553521 0.817217
2.547253 0.815141
2.547455 0.813053
2.540974 0.814496
2.541192 0.811727
2.534701 0.813113
2.530419 0.810098
2.534883 0.810529
2.566920 0.819368
2.559763 0.822756
2.557375 0.819970
2.559947 0.820006
2.560753 0.824989
2.566930 0.823569
2.559715 0.828869
2.567251 0.826953
2.559590 0.829104
2.559722 0.829102
2.530065 0.673982
2.529683 0.678224
2.593210 0.691928
2.529575 0.682559
2.596913 0.700703
2.597010 0.705064
2.723564 0.742814
2.721849 0.743713
2.724416 0.741681
2.717251 0.746389
2.716399 0.746919
2.717821 0.745513
2.787516 0.762051
2.792015 0.771120
2.787521 0.766271
2.856558 0.784637
2.849904 0.784393
2.838240 0.784965
2.843151 0.784425
2.836321 0.788711
2.790118 0.775069
2.787068 0.771775
2.862815 0.790191
2.856176 0.789909
2.849745 0.789051
2.843217 0.788460
2.836219 0.788866
2.836331 0.788855
2.862654 0.794877
2.855925 0.794841
2.849673 0.793496
2.843358 0.792325
2.835504 0.793068
2.836384 0.792960
2.855601 0.799996
2.965340 0.713566
2.953447 0.706749
2.947236 0.705281
2.936441 0.705131
2.940652 0.704844
2.933982 0.705485
2.971583 0.718884
2.968124 0.715977
2.965801 0.714090
2.960230 0.710859
2.954376 0.708419
2.941747 0.706073
2.928613 0.707857
2.934948 0.706231
2.927672 0.708827
2.977817 0.725372
2.974395 0.721589
2.972251 0.719127
2.966953 0.715167
2.979143 0.726909
2.978272 0.725363
3.115739 0.767863
3.136170 0.767409
3.129306 0.767746
3.122574 0.767720
3.115154 0.767859
3.115782 0.767855
3.103161 0.768936
3.096887 0.767669
3.090610 0.766768
3.136053 0.771951
3.129271 0.772058
3.122492 0.772161
3.110901 0.771299
3.115795 0.772035
3.109428 0.771285
3.108317 0.770769
3.103367 0.769129
3.097198 0.767555
3.089532 0.766920
3.090886 0.766376
3.084323 0.767168
3.136093 0.776089
3.129264 0.776327
3.122411 0.776629
3.115660 0.777977
3.115733 0.776454
3.109892 0.773986
3.322733 0.743582
3.330638 0.743266
3.319945 0.745968
3.323296 0.744920
3.316402 0.749559
3.324110 0.746934
3.316385 0.749577
3.316406 0.749568
3.411888 0.769371
3.430129 0.779069
3.424171 0.776901
3.418029 0.775246
3.412004 0.773270
3.442666 0.785902
3.436383 0.784636
3.430237 0.782996
3.424191 0.781083
3.418165 0.779115
3.443077 0.789012
3.436467 0.788650
3.430352 0.786935
0.125629 0.713578
0.123963 0.714420
0.119028 0.716548
0.117656 0.717371
1.367265 1.163663
1.367826 1.168102
1.368255 1.172533
1.368689 1.176985
1.665564 1.268247
1.672966 1.266475
1.665478 1.268284
1.665588 1.268237
1.659914 1.271446
1.667154 1.268126
1.659254 1.271651
1.652959 1.272990
1.660839 1.271197
1.650065 1.273758
1.653526 1.272765
1.646666 1.274172
1.640368 1.275976
1.640061 1.276070
1.640434 1.275949
0.310317 0.657420
0.303089 0.660654
0.299155 0.662220
0.296786 0.663183
0.336238 0.674175
0.335210 0.671587
0.292490 0.665207
0.384546 0.691299
0.346896 0.684231
0.340642 0.680219
0.339694 0.679218
0.381023 0.692040
0.378254 0.692160
0.379857 0.687084
0.371975 0.691669
0.365700 0.690411
0.359429 0.688635
0.353160 0.686757
0.351156 0.685921
0.450507 0.714987
0.447548 0.718711
0.447170 0.719272
0.448479 0.715063
0.505285 0.734906
0.504655 0.739108
0.504586 0.736114
0.572530 0.760756
0.571258 0.757136
0.503861 0.743310
0.573005 0.761814
0.635205 0.782311
0.574394 0.766444
0.633962 0.783004
0.628898 0.785098
0.626808 0.785882
1.324981 1.028991
1.324544 1.029336
1.319406 1.032157
1.318233 1.032814
1.314890 1.035572
1.312286 1.039408
1.888550 1.231316
1.888067 1.231352
1.882252 1.232920
1.914772 1.241170
1.920752 1.239824
1.913604 1.241950
1.878270 1.233641
1.875961 1.233874
1.876727 1.231070
1.869673 1.234294
1.863386 1.234782
1.921383 1.242297
1.909642 1.244421
1.914365 1.243059
1.907285 1.246273
1.861721 1.234582
1.857106 1.234251
1.857540 1.232460
1.850831 1.233105
1.851579 1.230321
1.844548 1.232793
1.845965 1.227234
1.976936 1.260680
1.969992 1.263729
1.905049 1.247809
1.907985 1.246297
1.995054 1.273295
1.994439 1.270533
1.989983 1.266097
1.966151 1.264697
1.963698 1.264858
1.957409 1.265559
1.951122 1.265916
1.901977 1.251532
1.900938 1.254427
2.007563 1.280922
2.001301 1.278071
1.995362 1.275032
1.995122 1.274743
1.990049 1.270142
1.951015 1.265922
1.951318 1.265403
1.944839 1.265843
1.938554 1.265912
1.932270 1.265855
2.057743 1.293027
2.051466 1.292077
2.045189 1.291090
2.038913 1.290061
2.032639 1.288692
2.026369 1.286952
2.020098 1.285158
2.013829 1.283262
2.012958 1.282977
2.008050 1.280503
2.002496 1.277235
0.938863 0.729193
0.943008 0.727140
0.935740 0.730448
0.972265 0.740394
0.931748 0.732062
0.936831 0.729833
0.929432 0.733489
0.971317 0.744519
0.969494 0.748499
1.104967 0.787763
1.100206 0.779596
1.090592 0.782046
1.093510 0.779469
1.137642 0.792149
1.117488 0.794020
1.111208 0.793288
1.104950 0.790027
1.103558 0.789027
1.099278 0.786376
1.092375 0.790910
1.090933 0.786427
1.092799 0.785651
1.118793 0.792571
1.111833 0.793168
1.105563 0.791874
1.092526 0.791095
1.099032 0.791293
1.092373 0.791205
1.118957 0.796387
1.337729 0.871816
1.337834 0.868852
1.339387 0.876471
1.340516 0.881041
1.341627 0.885632
2.259479 1.204193
2.265142 1.202841
2.258017 1.204445
2.251716 1.206520
2.250994 1.206754
2.251874 1.206460
2.245423 1.207689
2.240711 1.208982
2.246883 1.205890
2.239124 1.209696
2.232825 1.211558
2.232548 1.211678
2.232951 1.211385
2.438607 1.116556
2.437768 1.116990
2.438039 1.115645
2.433094 1.119732
2.431455 1.120631
2.431978 1.117981
2.427201 1.122861
2.425143 1.124260
2.425768 1.120769
2.422138 1.126191
2.456761 1.025253
2.458453 1.017087
2.455930 1.025821
2.452171 1.020036
2.450656 1.029059
2.450446 1.029166
2.450507 1.028851
2.445818 1.023217
2.444518 1.032153
2.444138 1.032279
2.444233 1.031819
2.429701 0.864929
2.428207 0.865347
2.426096 0.869255
2.428656 0.874145
2.450938 0.733554
2.455544 0.747228
2.450488 0.739052
2.543346 0.769946
2.537077 0.768024
2.530810 0.765599
2.524551 0.762508
2.523367 0.761859
2.568415 0.778642
2.562154 0.775565
2.555886 0.773526
2.549616 0.771631
2.548553 0.771365
2.543564 0.769680
2.537853 0.766837
2.569862 0.780071
2.568697 0.778967
2.563020 0.776032
2.557191 0.773523
2.573002 0.785047
2.569290 0.781581
2.656148 0.810154
2.649875 0.808702
2.643615 0.805516
2.640776 0.803320
2.637851 0.801240
2.632495 0.797411
2.573307 0.789467
2.656367 0.810179
2.650080 0.808925
2.644189 0.806576
2.638503 0.803672
2.909197 0.725673
2.908254 0.734822
2.906261 0.732027
2.909062 0.730265
2.909594 0.737051
2.996011 0.763380
2.991045 0.754343
3.002253 0.768912
2.996098 0.763487
2.996053 0.763351
3.054002 0.775107
3.043680 0.777613
3.046612 0.776901
3.039872 0.779880
3.008499 0.773794
3.002644 0.769161
3.002367 0.768762
3.047488 0.778709
3.037212 0.780596
3.040205 0.780197
3.033575 0.781543
3.027296 0.780753
3.021022 0.779479
3.014755 0.777412
3.011014 0.775228
3.008978 0.773380
3.034346 0.782034
3.308115 0.749610
3.297079 0.755655
3.301279 0.754085
3.294671 0.759498
3.301849 0.756767
3.579812 0.743577
3.573543 0.741646
3.592324 0.750708
3.586069 0.746975
3.580699 0.744257
3.580234 0.742901
3.571221 0.742315
3.574723 0.739530
3.567244 0.743434
3.598578 0.754582
3.592966 0.751121
3.592791 0.749705
3.693811 0.772821
3.687410 0.771874
3.673834 0.774407
3.602782 0.757493
3.719010 0.781925
3.712755 0.780574
3.706582 0.779003
3.700489 0.777210
3.668000 0.775191
3.675352 0.772173
3.667543 0.775362
3.661247 0.776883
3.658607 0.777627
0.024165 0.738484
0.019519 0.739950
0.025804 0.736331
0.017848 0.742650
0.017460 0.743864
0.017965 0.743595
1.410674 1.233397
1.416800 1.243690
1.415727 1.242281
1.417725 1.248199
1.415891 1.246053
1.418593 1.252714
1.416147 1.249595
1.421485 1.259459
1.420182 1.257394
1.416509 1.252872
1.567090 1.288018
1.553217 1.289912
1.546926 1.290720
1.422930 1.262326
1.554407 1.290014
1.541826 1.291034
1.547408 1.290724
1.540639 1.291165
1.534347 1.292215
1.528060 1.292420
1.541918 1.291509
1.534920 1.292212
1.527568 1.292436
1.528108 1.292406
1.521776 1.292432
1.515498 1.291654
1.509222 1.290722
1.502943 1.289865
1.496667 1.288855
0.579282 0.669534
0.577284 0.670246
0.577482 0.668600
0.570987 0.671890
0.572120 0.664786
0.600663 0.678252
0.570475 0.672041
0.564686 0.673964
0.565454 0.668823
0.598608 0.682153
0.596033 0.683676
0.589753 0.683043
0.703816 0.708971
0.696342 0.714092
0.694655 0.714886
0.697484 0.712065
0.690033 0.717395
0.688767 0.718023
0.960754 0.800768
0.954924 0.798239
0.979418 0.809295
0.973277 0.807632
0.967383 0.805288
1.011227 0.818764
1.004947 0.817489
0.998649 0.816259
0.992358 0.815014
0.986215 0.813363
1.344228 0.948010
1.344432 0.952377
1.342345 0.956299
1.341720 0.957514
2.187807 1.250490
2.186037 1.250966
2.181509 1.252144
2.177027 1.253427
2.175211 1.253856
2.176259 1.250190
2.168920 1.254778
2.164726 1.255249
2.162631 1.255476
2.163683 1.251955
2.156339 1.256552
1.143194 0.767406
1.143739 0.762660
1.143638 0.768489
1.199609 0.785827
1.200117 0.782976
1.149416 0.775381
1.148465 0.773812
1.149956 0.772558
1.225340 0.792010
1.218392 0.794736
1.212118 0.793345
1.205851 0.791105
1.203321 0.789420
1.206899 0.787078
1.151868 0.778866
1.306509 0.822558
1.308770 0.828413
1.312344 0.834583
1.311627 0.833333
1.314652 0.838310
2.308776 1.188677
2.335375 1.190856
2.329178 1.189347
2.322827 1.188269
2.316120 1.188171
2.306903 1.189476
2.309065 1.189037
2.302475 1.190795
2.316697 1.190821
2.309778 1.191306
2.297263 1.191826
2.303032 1.191316
2.296181 1.192075
2.289891 1.192860
2.283603 1.193331
2.310277 1.194197
2.303818 1.193422
2.297340 1.192702
2.290601 1.192693
2.283441 1.193359
2.283636 1.193299
2.441223 1.100083
2.442012 1.096237
2.438136 1.102054
2.434911 1.103677
2.435914 1.098677
2.432108 1.105147
2.428602 1.106888
2.429641 1.101632
2.425498 1.108152
2.455031 1.034018
2.456447 1.026845
2.454096 1.034799
2.448966 1.038071
2.448715 1.038170
2.448795 1.037803
2.442413 1.040460
2.441291 1.040855
2.430814 0.888914
2.432510 0.880722
2.428547 0.889175
2.425989 0.884329
2.430746 0.897568
2.424974 0.892759
2.424662 0.892213
2.443265 0.903915
2.437004 0.900968
2.432277 0.898601
2.431105 0.897286
2.455780 0.910836
2.449522 0.907324
2.446505 0.905870
2.443780 0.903771
2.577463 0.803843
2.576031 0.800057
2.577802 0.804750
2.577681 0.804062
2.579495 0.809452
2.880844 0.766721
2.879434 0.764654
2.881252 0.763860
2.882470 0.769600
2.881411 0.773732
2.880785 0.774403
3.172765 0.754288
3.171504 0.754985
3.173591 0.752945
3.166845 0.758366
3.166446 0.758695
3.578122 0.747043
3.571849 0.745626
3.590631 0.754750
3.584379 0.750738
3.581997 0.749555
3.568710 0.746819
3.565545 0.748223
3.596885 0.758610
3.592602 0.756060
3.562805 0.749954
3.665862 0.777908
3.609386 0.767408
3.603138 0.762674
3.602940 0.762522
3.660889 0.778759
3.667390 0.775522
3.659568 0.779097
3.653274 0.780350
3.611006 0.768532
3.650478 0.780960
3.654044 0.779397
3.646983 0.781248
0.032156 0.732621
0.030794 0.732917
0.032723 0.731617
0.025925 0.736239
0.025843 0.736368
0.024126 0.740230
1.405141 1.225846
1.410774 1.234290
1.410403 1.233013
1.405521 1.229009
1.411955 1.237655
1.410926 1.236924
1.405957 1.232049
1.412971 1.242202
1.411091 1.240713
1.414005 1.246771
1.411324 1.244340
1.569763 1.287441
1.574484 1.286214
1.567462 1.288001
1.561171 1.288859
1.568727 1.287709
1.558369 1.289403
1.561582 1.288818
1.554877 1.290183
1.548584 1.291219
1.555903 1.290136
1.546624 1.291329
1.548772 1.291204
1.542298 1.291469
1.536010 1.291987
1.529728 1.291804
0.686639 0.726444
0.685062 0.727307
0.680328 0.729882
0.679298 0.730451
1.341286 0.966119
1.338308 0.968901
1.337447 0.969663
1.334486 0.973416
2.178087 1.264832
2.179278 1.260460
2.171794 1.266005
2.170053 1.266384
2.165500 1.267165
2.159207 1.268327
2.158677 1.268379
2.152922 1.268522
2.154617 1.262580
2.146636 1.268779
2.140488 1.269021
2.140349 1.269028
2.140407 1.268835
1.159043 0.757625
1.148430 0.760119
1.151676 0.759351
1.158812 0.762504
1.151150 0.766210
1.150083 0.764785
1.151329 0.764537
1.207568 0.784169
1.204432 0.780291
1.208443 0.778591
1.153373 0.769812
1.158235 0.768348
1.227962 0.789456
1.226373 0.790161
1.227605 0.785755
1.220089 0.790169
1.221617 0.783680
1.213821 0.788133
1.209740 0.785707
1.214626 0.784367
1.307822 0.821650
1.306184 0.818523
1.308457 0.823325
1.310768 0.828157
2.341845 1.190393
2.349106 1.190175
2.339150 1.191080
2.342025 1.191109
2.335555 1.191181
2.329281 1.189790
2.322998 1.189726
2.336622 1.191651
2.329827 1.191794
2.316942 1.190846
2.323186 1.191513
2.316705 1.190879
2.330846 1.193263
2.323968 1.193633
2.311821 1.194159
2.317086 1.194016
2.310392 1.194644
2.436046 1.124737
2.435242 1.125217
2.430356 1.128527
2.429728 1.128954
2.429921 1.127881
2.426779 1.132135
2.423403 1.134240
2.424428 1.128701
2.421638 1.135450
2.459116 0.982701
2.459947 0.977464
2.457999 0.983776
2.454175 0.979017
2.452937 0.987072
2.452798 0.987141
2.452844 0.986921
2.446561 0.990135
2.446491 0.990161
2.446519 0.990045
2.443005 0.830969
2.442896 0.831020
2.442920 0.830881
2.436590 0.833861
2.437896 0.826135
2.436435 0.833935
2.430282 0.836940
2.431610 0.829126
2.502231 0.851808
2.499264 0.855344
2.500370 0.848232
2.430157 0.837004
2.536890 0.865591
2.499147 0.855486
2.535232 0.867235
2.495798 0.859143
2.494102 0.855425
2.531804 0.870868
2.530557 0.871786
2.522332 0.709906
2.522247 0.719157
2.522185 0.714552
2.522179 0.723487
2.604512 0.744746
2.603471 0.740540
2.604285 0.749011
2.603288 0.745279
2.604607 0.753420
2.696129 0.777846
2.692103 0.780054
2.689816 0.781593
2.687034 0.783354
2.888213 0.752063
2.891948 0.748731
2.888573 0.756476
3.195013 0.745047
3.226365 0.753985
3.215101 0.745802
3.193777 0.745176
3.195398 0.744357
3.188727 0.745211
3.182437 0.746030
3.238870 0.762052
3.232618 0.757873
3.232093 0.757389
3.227874 0.751991
3.180512 0.746798
3.183373 0.744604
3.266364 0.768769
3.270790 0.768027
3.263948 0.769569
3.257662 0.769799
3.251391 0.768102
3.245127 0.765466
3.242274 0.763803
3.239318 0.761844
3.271514 0.770254
3.264639 0.770618
3.258057 0.770180
3.251973 0.768372
3.246243 0.765602
3.533611 0.767559
3.547778 0.766476
3.540406 0.768216
3.532010 0.768052
3.533684 0.768159
3.527321 0.768296
3.541113 0.770506
3.534321 0.770642
3.527285 0.772905
3.523422 0.770625
3.527632 0.770497
3.621354 0.797913
3.533535 0.777254
3.533431 0.777035
3.533550 0.777022
3.631527 0.801512
3.627610 0.801442
3.624178 0.799995
3.629093 0.796621
0.082215 0.721053
0.073947 0.722368
0.075055 0.722211
0.082481 0.724560
0.071574 0.726209
0.075312 0.725733
0.068591 0.729010
1.378368 1.194021
1.373056 1.185859
1.378371 1.194025
1.378370 1.194020
1.384594 1.201463
1.382651 1.199225
1.379992 1.193776
1.387049 1.204463
1.385384 1.201734
1.390799 1.211726
1.389790 1.209377
1.385863 1.204689
1.391605 1.214118
1.630189 1.277115
1.618442 1.278032
1.623250 1.277661
1.616509 1.278725
1.624058 1.279639
1.611585 1.280927
1.617159 1.280073
1.610204 1.281245
1.603911 1.282431
1.611235 1.282059
1.601118 1.283111
1.604246 1.282734
1.597617 1.283784
1.591326 1.284605
1.598713 1.283686
1.588808 1.284955
1.591624 1.284635
0.580736 0.653742
0.607487 0.655993
0.576215 0.654501
0.574443 0.654919
0.606840 0.665127
0.605771 0.666860
0.606659 0.662507
0.568166 0.657207
0.568140 0.657222
0.604465 0.668986
0.731145 0.706669
0.738798 0.705456
0.727143 0.707180
0.731612 0.706683
0.724855 0.707444
0.718558 0.709113
0.725992 0.707845
0.717702 0.709579
0.718693 0.709367
0.931648 0.782618
0.927695 0.778721
0.926124 0.776242
0.937895 0.787364
0.933612 0.784258
0.932982 0.780160
0.950400 0.795590
0.944148 0.791488
0.942804 0.790486
1.038203 0.818130
0.951909 0.796708
0.950863 0.795116
1.045656 0.816777
1.035740 0.818249
1.038497 0.817929
1.031917 0.818403
1.025633 0.818372
1.019351 0.818049
1.013072 0.817446
1.027181 0.816211
1.020276 0.816655
1.009283 0.817158
1.013458 0.816864
1.006791 0.817038
1.338996 0.927154
1.339399 0.928300
1.339234 0.927536
1.345195 0.938107
1.342156 0.933191
1.340557 0.928132
1.345228 0.938167
1.345212 0.938115
2.203801 1.237297
2.197510 1.238250
2.195861 1.238588
2.191214 1.239753
2.185812 1.240850
2.184919 1.240981
2.186071 1.237510
2.178625 1.242275
2.175204 1.243031
2.172332 1.243567
1.189276 0.740177
1.179374 0.742743
1.181855 0.742052
1.179097 0.747002
1.181883 0.746195
1.245800 0.760088
1.189275 0.748672
1.179632 0.751459
1.181731 0.750865
1.281718 0.779159
1.275442 0.778016
1.269172 0.776226
1.264600 0.773256
1.263166 0.772208
1.258254 0.767154
1.294670 0.782521
1.288161 0.781878
1.281999 0.780274
1.275769 0.778859
1.269757 0.776842
1.326532 0.791844
1.289301 0.782965
1.283140 0.781370
1.276907 0.779976
1.320648 0.797749
1.319252 0.801172
1.318994 0.801753
1.319349 0.801527
2.384619 1.179638
2.381419 1.180350
2.386204 1.176607
2.378323 1.181140
2.372032 1.182097
2.370588 1.182455
2.372533 1.181358
2.365741 1.182977
2.359450 1.183775
2.357546 1.184148
2.360164 1.182570
2.461952 0.998885
2.461821 0.998967
2.456315 1.002146
2.455640 1.002436
2.455844 1.001453
2.449336 1.005045
2.449320 1.005053
2.443034 1.007186
2.444536 0.999739
2.437720 0.855567
2.438853 0.850550
2.432630 0.856900
2.431421 0.857444
2.431855 0.855472
2.426168 0.859910
2.425690 0.858129
2.522379 0.724230
2.522209 0.728508
2.522579 0.732929
2.605050 0.754213
2.606613 0.761760
2.605817 0.758684
2.607094 0.763289
2.606810 0.762620
2.689351 0.784534
2.688124 0.785445
2.684649 0.787880
2.681806 0.789761
2.679698 0.791216
2.883612 0.756160
2.885664 0.760897
2.884928 0.765090
3.350668 0.739590
3.344253 0.738685
3.335165 0.739750
3.337298 0.739273
3.375294 0.750280
3.369426 0.747861
3.363431 0.745798
3.330968 0.743205
3.338098 0.741297
3.330681 0.743355
3.405908 0.766797
3.393857 0.759087
3.388133 0.756274
3.382291 0.753793
3.325807 0.746505
3.406614 0.767418
3.405969 0.767094
3.400419 0.763806
3.394940 0.760334
3.450026 0.780686
3.449787 0.781064
3.412134 0.774235
3.410436 0.772532
3.406720 0.769266
3.447080 0.784393
3.418376 0.779825
3.415669 0.777956
3.412799 0.775352
3.444915 0.788295
