0.065806 0.729793
0.060598 0.732730
0.060259 0.732943
0.061036 0.730428
0.055633 0.735765
1.373003 1.181153
1.371331 1.177217
1.374691 1.185563
1.376386 1.190152
1.376259 1.189966
1.382619 1.196520
1.380881 1.195041
1.386598 1.200364
1.660073 1.274446
1.650356 1.277278
1.652587 1.276600
1.645925 1.278248
1.642320 1.279598
1.646864 1.277610
1.639624 1.280163
1.633334 1.280759
1.641021 1.279005
1.630565 1.281156
1.633734 1.280573
1.627042 1.281480
1.620760 1.281052
1.614469 1.281778
1.614245 1.281781
1.614486 1.281779
0.292014 0.673849
0.295798 0.671206
0.288376 0.676799
0.365306 0.688564
0.288018 0.677083
0.288522 0.676735
0.452039 0.722496
0.446376 0.719377
0.496867 0.733263
0.465107 0.731338
0.463910 0.731682
0.463975 0.730909
0.458128 0.728326
0.452261 0.725807
0.446734 0.722317
0.490126 0.737213
0.479566 0.738501
0.482971 0.738405
0.460620 0.734440
0.457914 0.732913
0.452424 0.729327
0.536595 0.754823
0.476451 0.741918
0.483473 0.740947
0.476395 0.741963
0.459459 0.738295
0.536693 0.758896
0.537532 0.763160
0.603268 0.781317
0.609735 0.777498
0.601763 0.782832
0.599227 0.784533
0.602554 0.782753
1.353886 1.038073
1.355461 1.031471
1.352402 1.039700
1.348110 1.042848
1.347556 1.043461
1.347807 1.042025
1.344968 1.046273
2.132705 1.299677
2.121050 1.302287
2.125311 1.301565
2.118503 1.302505
2.112211 1.303363
2.120044 1.301257
2.108640 1.303669
2.112712 1.302962
2.105922 1.303840
2.099631 1.304470
2.107553 1.302391
2.094003 1.304613
2.100278 1.303924
2.093344 1.304628
2.087057 1.304875
2.080775 1.304561
2.470652 0.798182
2.470808 0.802288
2.469910 0.804249
2.469406 0.806094
3.470586 0.745851
3.471613 0.746699
3.478067 0.744320
3.470681 0.750557
3.477808 0.749030
3.470545 0.750683
3.465935 0.753639
3.564567 0.781801
3.558301 0.779478
3.552040 0.776588
3.551502 0.776036
3.577079 0.788961
3.570821 0.785495
3.568148 0.783674
3.565617 0.779859
3.589595 0.795542
3.583339 0.792002
3.579755 0.790240
3.577618 0.788102
3.638526 0.806912
3.595847 0.799452
3.591603 0.796871
3.590054 0.795105
3.639733 0.813012
3.639037 0.811099
3.640450 0.815507
0.084253 0.713013
0.098445 0.711829
0.091408 0.712679
0.083244 0.713678
0.084406 0.713428
0.077946 0.715619
0.076153 0.716250
0.078304 0.715582
1.356548 1.150317
1.356155 1.149559
1.358692 1.154152
1.357628 1.150489
1.362744 1.161103
1.361363 1.158790
1.364173 1.163478
1.363246 1.161681
1.364943 1.167750
1.688719 1.265056
1.686936 1.265276
1.689360 1.263791
1.682427 1.265850
1.677304 1.267263
1.676128 1.267470
1.669829 1.269208
1.668924 1.269552
1.670168 1.268756
1.663528 1.271121
1.659899 1.271737
0.261164 0.687075
0.264994 0.686231
0.258167 0.688249
0.314598 0.704661
0.265914 0.687563
0.253817 0.689573
0.258658 0.689036
0.251865 0.690281
0.328843 0.709739
0.327113 0.711420
0.310711 0.705839
0.308296 0.706721
0.309960 0.700572
0.325243 0.713028
0.304476 0.708590
0.559493 0.786305
0.553719 0.783506
0.547996 0.780566
0.579060 0.792151
0.572114 0.792739
0.565792 0.791531
0.559886 0.789123
0.554110 0.786349
0.572752 0.794879
0.566307 0.794028
0.560462 0.791462
1.344634 1.061947
1.343089 1.065677
1.342382 1.067791
1.341833 1.069496
1.907609 1.248602
1.901507 1.246751
1.907748 1.256008
1.906495 1.256670
1.906747 1.255031
1.896284 1.253541
1.901067 1.251966
1.893934 1.255413
1.901353 1.258691
1.900191 1.258876
1.900383 1.257899
1.893906 1.258803
1.892799 1.256857
1.894341 1.255887
2.063204 1.307783
2.056925 1.306980
2.050650 1.305808
2.044376 1.304413
2.038103 1.302838
2.031830 1.301416
2.025553 1.300393
2.019274 1.299678
2.070805 1.307171
2.064322 1.306424
2.057969 1.305303
2.051678 1.304004
2.045279 1.303020
2.039235 1.301009
2.014313 1.299203
2.020444 1.296884
2.012993 1.299079
2.006708 1.299096
2.000422 1.299246
1.995802 1.299338
1.994136 1.299377
1.987853 1.299084
0.408069 0.685595
0.414339 0.687424
0.412551 0.686852
0.535106 0.712274
0.527225 0.717630
0.470770 0.704089
0.464481 0.704453
0.524295 0.718931
0.520917 0.720331
0.476737 0.708756
0.477115 0.708531
0.564062 0.731537
0.565029 0.731098
0.514865 0.720995
0.514626 0.721047
0.514742 0.720614
0.564057 0.735602
0.565008 0.735122
0.641086 0.752969
0.633766 0.754919
0.633497 0.754578
0.633823 0.754481
0.564211 0.739736
0.564944 0.739303
0.647855 0.756853
0.639993 0.761884
0.637971 0.759595
0.640332 0.759102
0.727781 0.787012
0.721513 0.784752
0.704009 0.773837
0.641614 0.764459
0.647252 0.762577
0.735086 0.785382
0.727785 0.787002
0.722106 0.783929
0.716433 0.780850
1.365034 1.009176
1.361861 1.012560
1.360722 1.013233
1.361480 1.010161
1.357343 1.015689
2.181817 1.288601
2.177806 1.289353
2.182541 1.288081
2.175521 1.289725
2.169228 1.290756
2.177030 1.288496
2.167092 1.291111
2.169608 1.290455
2.162934 1.291742
2.156642 1.292684
2.164172 1.290693
2.155909 1.292805
2.156775 1.292571
2.150348 1.293729
1.154681 0.779905
1.153636 0.781750
1.154608 0.776924
1.152680 0.783533
1.152011 0.787482
1.302717 0.832006
1.304005 0.839485
1.302151 0.835947
1.304870 0.833938
1.304344 0.840509
2.320557 1.184655
2.319360 1.185289
2.315437 1.187620
2.320677 1.184592
2.313042 1.189305
2.310841 1.190724
2.313797 1.188981
2.306730 1.192418
2.450327 1.106360
2.450069 1.106601
2.447788 1.109863
2.443732 1.112883
2.443576 1.113033
2.442249 1.116848
2.430565 0.937121
2.489090 0.956923
2.482810 0.956235
2.429656 0.940980
2.497422 0.959607
2.495527 0.958669
2.489349 0.957041
2.481041 0.956080
2.482895 0.956209
2.476530 0.955672
2.470251 0.954782
2.463970 0.954334
2.457689 0.953798
2.451411 0.952894
2.445138 0.951377
2.438869 0.949396
2.432610 0.946259
2.431158 0.945384
2.497863 0.963752
2.495298 0.966148
2.495734 0.962020
2.490047 0.958988
2.483985 0.957036
2.477711 0.955694
2.471446 0.954329
2.464924 0.953697
2.458294 0.953379
2.451795 0.952684
2.445549 0.951268
2.439386 0.949614
2.494485 0.967106
2.489971 0.963199
2.484389 0.959883
2.490750 0.970417
2.484708 0.852201
2.482949 0.852716
2.478406 0.854140
2.475850 0.855256
2.472100 0.856775
2.469018 0.857898
2.470132 0.702340
2.466012 0.702735
2.471579 0.699422
2.463841 0.702918
2.457553 0.703287
2.452564 0.703950
2.600809 0.747935
2.601005 0.752046
2.602908 0.748759
2.601012 0.756150
2.714564 0.786247
2.711484 0.787952
2.708258 0.788749
2.701967 0.789445
2.698715 0.789309
2.695683 0.789245
2.766093 0.803410
3.295458 0.746040
3.295257 0.750569
3.282960 0.752341
3.288225 0.751405
3.281270 0.753754
3.288987 0.753202
3.278984 0.755566
3.281627 0.754970
3.412924 0.794459
3.437982 0.804588
3.431708 0.803235
3.425437 0.801520
3.419173 0.798868
3.416537 0.797280
3.478562 0.741761
3.472309 0.737883
3.471216 0.737292
3.472745 0.736273
3.480532 0.743345
3.486041 0.740768
3.548832 0.758062
3.492444 0.745724
3.484547 0.748280
3.484831 0.748225
3.478495 0.749826
3.549651 0.766315
3.548986 0.761571
3.559985 0.776320
3.553722 0.773637
3.549036 0.770252
3.572504 0.782617
3.566249 0.778899
3.562503 0.777225
3.560524 0.775135
3.642807 0.798508
3.641488 0.801127
3.640901 0.802167
3.642006 0.800777
3.640498 0.806183
1.431599 1.270371
1.425962 1.265206
1.437845 1.275085
1.435515 1.273232
1.432878 1.268645
1.444096 1.279274
1.443817 1.279070
1.527050 1.296610
1.513048 1.301845
1.450329 1.285459
1.449746 1.284409
1.445540 1.278948
1.512615 1.301971
1.513165 1.301720
1.506748 1.303516
1.456549 1.293588
1.452364 1.289054
1.450700 1.287476
1.445648 1.282641
1.503343 1.304049
1.507425 1.302799
1.500455 1.304437
1.494170 1.304414
1.487888 1.304134
1.481610 1.303226
1.475333 1.302103
1.462794 1.298443
1.457241 1.294198
1.456627 1.293811
1.495235 1.303091
1.488369 1.303444
1.481765 1.303053
1.471630 1.301379
1.475361 1.302086
1.469058 1.300886
1.468524 1.300717
0.208103 0.698732
0.201136 0.702411
0.199640 0.703038
0.201545 0.702161
0.194832 0.704758
0.192200 0.705546
1.340220 1.094239
1.341779 1.098762
1.341669 1.098607
1.344868 1.103371
1.342901 1.099394
1.347979 1.109199
1.347493 1.108031
1.905889 1.288099
1.868658 1.276789
1.868269 1.276969
1.811778 1.267730
1.805503 1.266540
1.905867 1.290729
1.905274 1.288718
1.900788 1.284089
1.862779 1.279582
1.861961 1.279817
1.855676 1.279708
1.849386 1.280210
1.818013 1.273838
1.813433 1.269021
1.812945 1.265303
1.800350 1.266230
1.799220 1.266138
1.799528 1.265112
1.792938 1.265847
1.943492 1.301358
1.937214 1.300267
1.930937 1.299324
1.924658 1.298596
1.918382 1.297537
1.912114 1.295312
1.907834 1.293319
1.905936 1.292645
1.900169 1.289835
1.894883 1.285646
1.856654 1.279274
1.847764 1.280451
1.849662 1.279994
1.843081 1.282732
1.818269 1.274161
1.818063 1.273957
1.951279 1.301926
1.944730 1.301372
1.938193 1.300785
1.931721 1.300007
1.925284 1.299131
1.918845 1.298263
1.912514 1.297079
1.906304 1.295552
1.900321 1.293376
1.894559 1.290563
1.843220 1.283145
1.913530 1.298154
1.907149 1.297124
1.900959 1.295548
1.894826 1.293808
0.543210 0.705664
0.544901 0.699501
0.536919 0.706438
0.534895 0.706621
0.530628 0.707034
0.531863 0.702190
0.524336 0.707790
0.584810 0.721405
0.587714 0.720041
0.521640 0.707885
0.581132 0.724684
0.580762 0.724993
0.669651 0.744404
0.699891 0.760152
0.664221 0.750645
0.669983 0.747399
0.698390 0.762045
0.662701 0.754399
0.662221 0.755169
0.750011 0.779769
0.743726 0.779751
0.706083 0.771434
0.699833 0.767123
0.698641 0.766174
0.701216 0.762484
0.742540 0.779655
0.737444 0.779392
0.731165 0.778593
0.724889 0.777426
0.718616 0.775972
0.712347 0.774096
0.707827 0.772238
1.351699 0.985209
1.346413 0.979447
1.353185 0.987980
1.351967 0.986825
1.346830 0.982200
1.357910 0.994079
1.357078 0.992880
1.352629 0.988888
1.360178 0.997631
1.358414 0.995625
1.998454 1.204059
1.987714 1.205509
1.991317 1.205206
1.984666 1.208467
1.980490 1.203953
1.978404 1.205593
1.978711 1.202670
1.998377 1.208236
1.991859 1.207591
1.983359 1.208625
1.984714 1.208755
1.978376 1.208978
1.976615 1.207179
1.972588 1.204851
1.967372 1.200465
1.985628 1.210104
1.978862 1.210173
1.972958 1.207773
1.966840 1.205988
2.210802 1.281860
2.217722 1.279873
2.210329 1.281939
2.204030 1.283418
2.201147 1.283834
2.204539 1.282960
2.197738 1.284248
2.191446 1.285149
2.199277 1.282689
2.189506 1.285418
2.191779 1.284859
2.185154 1.285946
2.178861 1.286909
2.177972 1.287063
2.179030 1.286760
0.837876 0.713973
0.831036 0.714258
0.817396 0.716268
0.811123 0.714839
0.804851 0.713143
0.798568 0.712889
0.792285 0.712605
0.869127 0.725015
0.824952 0.716323
0.818354 0.715910
0.812209 0.714200
0.806076 0.712458
0.799665 0.711511
0.788391 0.712525
0.793009 0.711267
0.786002 0.712418
0.886333 0.740597
0.881546 0.736576
0.880294 0.735652
0.874823 0.731979
0.923941 0.753137
0.917677 0.750520
0.911400 0.749541
0.905118 0.749219
0.898844 0.747826
0.892581 0.745070
0.888511 0.742124
0.887007 0.739688
0.880981 0.737632
0.875044 0.735322
0.930188 0.757740
0.925937 0.754224
0.931351 0.751848
0.932138 0.759624
0.937330 0.758019
0.934891 0.764309
0.936600 0.764109
1.075059 0.800404
1.068095 0.802427
1.064765 0.804352
1.068711 0.803224
1.061778 0.806130
1.069632 0.804579
1.059969 0.807415
1.062150 0.806696
1.325047 0.892472
1.325147 0.892770
1.325146 0.892454
1.325748 0.896970
1.325846 0.894415
1.327221 0.901383
2.290238 1.224039
2.287357 1.225349
2.283932 1.226472
2.280211 1.227882
2.277627 1.228862
2.272615 1.230351
2.271327 1.230658
1.196992 0.742361
1.190732 0.739285
1.184459 0.737742
1.178177 0.737454
1.284785 0.766706
1.278514 0.764986
1.200375 0.744794
1.317397 0.770094
1.306970 0.771713
1.310249 0.771270
1.303579 0.774042
1.297313 0.771803
1.291051 0.768937
1.285959 0.767190
1.284815 0.766844
1.275308 0.764903
1.278623 0.765261
1.272230 0.764761
1.265938 0.765559
1.341646 0.781888
1.317631 0.773375
1.310416 0.774740
1.303745 0.774536
1.297710 0.772506
1.291745 0.770275
1.285576 0.768635
1.279352 0.767153
1.272993 0.766057
1.263113 0.766390
1.266289 0.765951
1.336021 0.786067
1.334904 0.786480
1.328604 0.788192
1.327408 0.788316
1.328927 0.787637
2.414275 1.155760
2.412907 1.156886
2.411450 1.159210
2.413944 1.156473
2.409219 1.162813
2.406583 1.166355
2.495252 1.057643
2.495163 1.057682
2.495196 1.057527
2.489366 1.060458
2.488852 1.060678
2.489039 1.059821
2.483265 1.063262
2.455372 0.913266
2.452069 0.915165
2.449739 0.916128
2.445758 0.918245
2.444471 0.919108
2.476622 0.790144
2.478676 0.788384
2.476609 0.794201
2.478627 0.792489
2.476713 0.798317
2.478432 0.797047
2.597051 0.831008
2.584978 0.824209
2.605009 0.828711
2.597761 0.830174
2.592033 0.827255
2.865509 0.746892
2.865113 0.747129
2.861034 0.750024
3.499347 0.706007
3.491723 0.712156
3.518369 0.713425
3.511816 0.712880
3.504236 0.719169
3.505230 0.712431
3.497977 0.715981
3.492510 0.712679
3.498441 0.712572
3.540592 0.727076
3.536423 0.723641
3.530592 0.721013
3.524268 0.719813
3.516753 0.725582
3.517527 0.719810
3.510496 0.722248
3.504994 0.719426
3.510776 0.719839
3.536135 0.730176
3.535570 0.730311
3.535631 0.729887
3.529282 0.730646
3.529811 0.727239
3.523009 0.729160
3.517835 0.726261
3.523457 0.726128
3.673471 0.775746
3.673204 0.775859
3.673541 0.775708
3.667166 0.778051
3.666259 0.778454
3.667456 0.777802
0.039902 0.760412
0.032866 0.763069
0.026584 0.762579
0.020304 0.761917
0.014026 0.761089
0.020947 0.760713
0.011070 0.760603
0.014134 0.760917
0.007749 0.760101
0.001472 0.758982
-0.004805 0.757984
-0.011077 0.756500
1.405384 1.241599
1.403715 1.238421
1.411617 1.247917
1.406593 1.243103
1.406204 1.240455
1.417865 1.252406
1.412471 1.248444
1.411857 1.247564
1.424112 1.256921
1.420391 1.254233
1.418302 1.252412
1.550872 1.286286
1.557106 1.283730
1.549573 1.286662
1.543275 1.288168
1.427511 1.259864
1.542155 1.288463
1.543584 1.287800
1.536973 1.290219
1.534605 1.290923
1.537662 1.289420
1.530670 1.292268
1.527022 1.293407
1.531644 1.291354
1.524370 1.294171
0.104789 0.710281
0.118595 0.712040
0.112012 0.711585
0.098921 0.711785
0.105366 0.711312
0.098491 0.711847
0.092198 0.712757
1.352080 1.139145
1.355032 1.144041
1.353669 1.138509
1.358204 1.150513
1.357327 1.148598
1.359512 1.153152
1.359060 1.150361
1.361539 1.157691
1.696698 1.260716
1.692937 1.261295
1.697663 1.259281
1.690404 1.261759
1.684105 1.263349
1.683885 1.263422
1.684181 1.263248
1.677804 1.265198
1.675881 1.265808
1.678526 1.264126
1.671504 1.267048
0.310671 0.661819
0.343186 0.666670
0.318431 0.660303
0.308828 0.662873
0.311122 0.661934
0.304358 0.665251
0.379611 0.685774
0.352585 0.676332
0.349000 0.673305
0.343687 0.669200
0.303463 0.665821
0.304662 0.665121
0.387260 0.683573
0.379083 0.686085
0.379803 0.685632
0.351698 0.680217
0.348818 0.677813
0.442300 0.705718
0.443445 0.700475
0.437690 0.697626
0.374547 0.689196
0.373293 0.689717
0.439076 0.707093
0.436875 0.703940
0.439096 0.711178
0.506169 0.729627
0.504952 0.729878
0.546284 0.742309
0.549458 0.741079
0.500183 0.732423
0.498637 0.733508
0.545952 0.746301
0.549423 0.745143
0.618513 0.765952
0.617773 0.767834
0.547134 0.750650
0.549136 0.749967
0.625588 0.766704
0.617725 0.773702
0.616829 0.769643
0.618013 0.769100
0.617786 0.773934
0.624983 0.772436
1.361296 1.022970
1.357309 1.025091
1.355847 1.025852
1.350996 1.028427
1.350225 1.028731
2.147009 1.296552
2.154788 1.294310
2.144833 1.296854
2.147379 1.296234
2.140717 1.297412
2.134424 1.298200
2.142001 1.296277
2.132989 1.298382
2.134663 1.297991
2.128132 1.299013
2.121842 1.299681
2.129310 1.298005
2.120507 1.299810
2.122044 1.299505
2.115552 1.300252
1.157091 0.764804
1.158653 0.757343
1.156440 0.765688
1.152804 0.768988
1.150756 0.770823
1.151774 0.765692
1.215014 0.785659
1.307661 0.818476
1.307611 0.818103
1.307962 0.822619
1.307639 0.821999
1.310173 0.827198
2.347902 1.175064
2.361960 1.174254
2.354733 1.175660
2.346485 1.175639
2.347998 1.175644
2.341589 1.178306
2.355516 1.177360
2.348447 1.178302
2.341130 1.178547
2.341618 1.178556
2.349203 1.180114
2.335592 1.181447
2.342216 1.180818
2.335277 1.181544
2.328981 1.182846
2.457455 1.093295
2.453472 1.096032
2.452927 1.096380
2.447703 1.099348
2.447156 1.099828
2.505482 0.989308
2.502693 0.990779
2.503521 0.986367
2.500372 0.992269
2.496374 0.994662
2.497642 0.987852
2.495368 0.995288
2.463406 0.872430
2.460685 0.875566
2.460497 0.875871
2.459367 0.879728
2.456976 0.731322
2.451842 0.725369
2.459895 0.734659
2.457820 0.731531
2.463185 0.740542
2.462586 0.739312
2.583742 0.769089
2.576043 0.774038
2.575451 0.775726
2.576479 0.774550
2.574936 0.779702
2.577303 0.776181
2.690438 0.803774
2.682608 0.808568
2.676318 0.808954
2.674316 0.809145
2.670026 0.809870
2.663736 0.810425
2.661246 0.810432
2.664315 0.809292
2.657453 0.810240
2.568791 0.657189
2.562527 0.654675
2.556251 0.653545
2.860464 0.751074
2.864912 0.747395
2.857124 0.752820
2.855339 0.754040
2.857882 0.752205
3.225925 0.756111
3.205462 0.758462
3.199175 0.758650
3.213050 0.758313
3.206414 0.758011
3.196068 0.758795
3.199724 0.757862
3.192889 0.758757
3.186605 0.758665
3.180318 0.758748
0.140379 0.706098
0.147100 0.703640
0.139563 0.706384
0.134879 0.708994
1.349161 1.124757
1.348884 1.124071
1.350731 1.128530
1.350677 1.123749
1.355345 1.137106
1.353619 1.133232
1.355670 1.137774
1.355600 1.136960
1.737768 1.255495
1.756562 1.263021
1.744371 1.256726
1.733169 1.255356
1.737986 1.255694
1.731482 1.255587
1.725194 1.255889
1.718911 1.255693
1.775366 1.269341
1.769085 1.268643
1.762816 1.266794
1.758812 1.264923
1.756664 1.264104
1.750729 1.261777
1.744656 1.259849
1.738331 1.258647
1.731906 1.257738
1.725471 1.256854
1.716519 1.255837
1.719015 1.256030
1.712615 1.256863
1.825508 1.286233
1.819230 1.285307
1.812967 1.282689
1.807487 1.277034
1.801741 1.274155
1.795496 1.272723
1.788934 1.272204
1.782374 1.271678
1.775891 1.270934
1.769607 1.269615
1.763469 1.267877
1.757343 1.266106
1.751162 1.264493
1.744920 1.263058
1.738547 1.261999
1.732145 1.261025
1.725732 1.260084
1.719320 1.259139
1.707089 1.257907
1.712830 1.258418
1.706320 1.258067
1.700024 1.259415
1.833335 1.284204
1.826370 1.284853
1.819634 1.284836
1.813438 1.283261
1.807917 1.279741
1.758033 1.268108
1.751657 1.267064
1.745339 1.265850
1.739024 1.264631
1.732672 1.263514
1.726187 1.262783
1.719694 1.262071
0.283977 0.677389
0.287456 0.675817
0.280407 0.679921
0.279587 0.680514
0.280619 0.680062
0.469990 0.733011
0.476187 0.738526
0.469763 0.737614
0.463608 0.735926
0.476390 0.741924
0.469680 0.741835
0.463409 0.740485
0.538106 0.764469
0.537871 0.762974
0.539365 0.768795
0.538443 0.765288
0.597007 0.785241
0.601093 0.782972
0.593782 0.787405
0.540629 0.773153
0.592120 0.788253
0.594219 0.787323
0.587470 0.790667
0.586681 0.791191
0.587674 0.790760
1.352166 1.045574
1.352573 1.043763
1.349943 1.048495
1.346511 1.051835
1.345818 1.053117
1.346259 1.050455
1.344445 1.055494
2.118149 1.302784
2.104252 1.305273
2.097962 1.305816
2.105551 1.304170
2.093743 1.305732
2.098342 1.305523
2.091678 1.305693
2.085391 1.305850
2.079106 1.305783
2.041455 1.298453
2.035190 1.296101
2.028917 1.294619
2.022643 1.293183
2.016370 1.291744
2.093274 1.304678
2.086278 1.305409
2.073957 1.305564
2.079494 1.305528
2.072823 1.305529
2.066542 1.305047
2.060267 1.303795
2.053993 1.302494
2.047724 1.300473
2.042490 1.298847
2.041500 1.298494
2.035561 1.296198
0.552909 0.693821
0.546623 0.693827
0.543622 0.693913
0.540335 0.694147
0.534044 0.694868
0.597170 0.709470
0.596774 0.709745
0.597043 0.708615
0.593254 0.712708
0.590450 0.714352
0.591628 0.708793
0.676881 0.734723
0.678794 0.733516
0.705650 0.744962
0.710901 0.742084
0.676662 0.738729
0.679077 0.736661
0.705729 0.749035
0.711018 0.745717
0.675529 0.742577
0.763217 0.765446
0.759717 0.767007
0.706020 0.753188
0.710608 0.750892
0.756921 0.768159
0.753415 0.769091
0.755104 0.762608
0.747129 0.769295
1.330887 0.957980
1.334035 0.965216
1.331080 0.961379
1.335286 0.969557
1.331194 0.965038
1.336250 0.974181
1.336076 0.973824
1.994401 1.192305
2.000665 1.194872
1.994959 1.192470
1.994098 1.192284
1.994440 1.192235
1.988112 1.192613
1.981825 1.192837
1.975545 1.192207
2.002609 1.198172
2.001985 1.193879
1.995885 1.192037
1.989139 1.192049
1.982513 1.191717
1.975190 1.192296
1.975691 1.191948
1.969241 1.194502
2.003363 1.202410
2.002285 1.197007
1.968291 1.194921
1.970217 1.192315
2.001680 1.206150
2.001423 1.203485
2.239877 1.270350
2.232560 1.274582
2.230096 1.275464
2.233459 1.273365
2.226261 1.276362
2.220988 1.277582
2.219963 1.277777
2.213672 1.278456
2.208764 1.279069
2.215106 1.275974
2.207381 1.279251
2.440998 1.122995
2.440325 1.123857
2.437807 1.126373
2.434004 1.128237
2.433976 1.131710
2.433016 1.129436
2.435216 1.126142
2.436565 1.134305
2.442393 0.924293
2.441411 0.924857
2.442879 0.923644
2.437298 0.928038
2.436054 0.930732
2.435659 0.931783
2.436328 0.931054
2.484377 0.822711
2.478430 0.820413
2.472672 0.817577
2.466375 0.816293
2.490763 0.830478
2.489858 0.830748
2.490081 0.829654
2.483562 0.832095
2.484619 0.825964
2.478844 0.823185
2.482168 0.832707
2.477263 0.833737
2.478236 0.828925
2.521298 0.704083
2.520247 0.707936
2.605934 0.734447
2.605158 0.736171
2.604377 0.738201
2.725573 0.772335
2.724272 0.773201
2.720505 0.775305
2.717959 0.776566
2.780672 0.793524
2.781005 0.791358
2.774406 0.791171
2.775083 0.788993
2.768110 0.792520
2.714169 0.778049
2.781312 0.796489
2.780640 0.797344
2.766480 0.793315
2.778061 0.799889
2.925616 0.714012
2.977271 0.722560
2.920184 0.714872
2.919322 0.714987
2.988821 0.732088
2.913218 0.717483
2.913015 0.717719
2.991098 0.738225
2.988943 0.735692
3.063501 0.761339
2.989105 0.741882
2.988473 0.741029
3.082298 0.768444
3.076034 0.765943
3.069768 0.763605
3.066421 0.762528
3.062335 0.761649
3.063729 0.761228
3.057205 0.762578
3.120526 0.776374
3.113650 0.777469
3.107368 0.777097
3.101091 0.776092
3.094821 0.774140
3.088557 0.771620
3.087462 0.771107
3.083556 0.766336
3.054604 0.764068
3.058231 0.761630
3.050895 0.765698
3.102456 0.774128
3.096306 0.772434
3.309826 0.741701
3.323553 0.742771
3.316060 0.747952
3.312991 0.744206
3.316522 0.743609
3.329866 0.747973
3.316744 0.749074
3.322975 0.748403
3.316049 0.749189
3.309759 0.749826
3.410075 0.779965
3.406203 0.776411
3.444820 0.788772
3.416323 0.784433
3.412108 0.781740
3.443402 0.792523
3.441384 0.794066
3.435104 0.793375
3.428831 0.791880
3.422569 0.789105
3.420725 0.787670
3.474019 0.731601
3.467758 0.728546
3.465434 0.726725
3.469183 0.723141
3.486532 0.738472
3.480278 0.734730
3.477520 0.733373
3.481386 0.730788
3.549244 0.755570
3.492773 0.743863
3.488170 0.739727
3.494283 0.736455
3.548681 0.756784
3.494140 0.745097
3.549184 0.762699
3.548925 0.760900
3.549812 0.765186
3.549490 0.764119
3.649905 0.790715
3.649512 0.791357
3.646876 0.794120
3.650710 0.791156
3.644288 0.797657
-0.020707 0.760062
-0.006961 0.759470
-0.013814 0.759793
-0.020573 0.759844
1.420780 1.259066
1.414514 1.256634
1.408238 1.255529
1.405681 1.253442
1.427025 1.263843
1.423203 1.261260
1.421526 1.258539
1.439523 1.272664
1.433274 1.268301
1.431613 1.267123
1.428317 1.262361
1.439891 1.272970
1.439620 1.272607
1.434820 1.267031
1.528337 1.296032
1.527322 1.296297
1.521022 1.297984
1.444772 1.278102
1.440816 1.273167
1.520016 1.298296
1.521324 1.297628
1.514720 1.300064
1.445726 1.282690
1.445383 1.282338
1.512359 1.300735
1.515486 1.299012
1.508422 1.301565
1.502131 1.302386
1.500834 1.302381
1.502312 1.302130
0.212468 0.696467
0.216124 0.695035
0.209118 0.697835
0.206041 0.699165
0.210137 0.696850
0.202809 0.700674
1.338908 1.084634
1.338626 1.080367
1.338623 1.088628
1.338077 1.085917
1.338482 1.092676
1.337678 1.091045
1.343430 1.099740
1.341266 1.097371
1.876255 1.271739
1.905865 1.279525
1.901315 1.281564
1.874240 1.272718
1.877608 1.269213
1.869939 1.275490
1.807199 1.261875
1.800927 1.260306
1.899683 1.282244
1.895002 1.284954
1.896397 1.277316
1.869314 1.275730
1.870120 1.275335
1.863639 1.277261
1.810989 1.263277
1.982819 1.306361
1.976542 1.305330
1.970265 1.304382
1.963987 1.303497
1.957709 1.302583
1.894474 1.285200
1.889828 1.280806
1.861464 1.278146
1.864140 1.277142
2.003251 1.307578
1.996688 1.307064
1.990070 1.306706
1.983559 1.306042
1.977078 1.305290
1.970669 1.304331
1.964241 1.303429
1.954632 1.302169
1.957803 1.302555
1.951430 1.301791
1.945151 1.301093
1.938871 1.300428
1.932591 1.299806
1.926310 1.299282
1.920028 1.298852
1.892385 1.288848
1.889135 1.286792
1.883396 1.283925
1.946503 1.300260
1.939767 1.300243
1.933118 1.299979
1.926542 1.299503
1.920028 1.298852
1.920028 1.298852
1.913749 1.298173
1.907472 1.297222
0.600240 0.691467
0.600275 0.691493
0.600240 0.691510
0.597080 0.690804
0.600252 0.691455
0.593965 0.690244
0.587671 0.691342
0.581387 0.691091
0.568839 0.688439
0.562569 0.686637
0.595025 0.694427
0.593925 0.695166
0.594256 0.693264
0.588265 0.691110
0.577109 0.690598
0.581542 0.691057
0.573441 0.689815
0.569037 0.688257
0.690047 0.722958
0.720622 0.733586
0.688485 0.726685
0.687935 0.727581
0.769461 0.749784
0.770711 0.744576
0.719493 0.737406
0.719261 0.739718
0.686442 0.730349
0.765635 0.751373
0.763152 0.752577
0.764242 0.747748
0.719244 0.741852
0.719089 0.741419
0.719307 0.741281
0.759557 0.754156
0.756847 0.755074
0.757851 0.750743
1.320984 0.941047
1.320405 0.939589
1.322782 0.944149
1.324418 0.948573
1.324627 0.952718
2.254835 1.262130
2.254815 1.262140
2.254866 1.262054
2.248535 1.263807
2.246788 1.264461
2.250183 1.260062
2.242232 1.265965
2.239110 1.266887
2.235931 1.267997
2.231510 1.269363
2.229632 1.269689
0.968375 0.742036
0.962106 0.740121
0.969505 0.742578
1.145587 0.787456
1.138638 0.788057
1.127799 0.788716
1.131757 0.788458
1.125102 0.791023
1.145504 0.791659
1.138767 0.791649
1.132042 0.791602
1.122690 0.791685
1.125246 0.791757
1.118807 0.792248
1.112530 0.791156
1.138919 0.795214
1.132312 0.794830
1.300618 0.848111
1.301421 0.850374
1.301477 0.847674
1.306813 0.859029
1.304601 0.855129
1.307475 0.859843
1.307178 0.858641
2.310107 1.197003
2.309662 1.197148
2.303357 1.199460
2.303153 1.199565
2.303690 1.198648
2.297848 1.202513
2.297044 1.202809
2.291129 1.205188
2.290738 1.205303
2.445773 1.114700
2.443424 1.118251
2.442018 1.119654
2.443467 1.113823
2.439581 1.121509
2.436982 1.125060
2.501069 1.040245
2.498611 1.041513
2.499367 1.037580
2.495603 1.043135
2.492301 1.044510
2.493307 1.039592
2.489228 1.045866
2.485994 1.047200
2.486945 1.042506
2.462450 0.896145
2.461820 0.897031
2.462236 0.894832
2.460498 0.899778
2.456515 0.903010
2.455481 0.903492
2.455897 0.901612
2.476860 0.765597
2.471534 0.758225
2.477655 0.766449
2.477269 0.765080
2.483087 0.772588
2.482292 0.771516
2.571847 0.791875
2.485649 0.776334
2.573415 0.799201
2.571669 0.796338
2.639829 0.819864
2.633551 0.818980
2.627273 0.818055
2.620992 0.817451
2.577079 0.807443
2.573820 0.803360
2.571856 0.799784
2.620541 0.817447
2.621438 0.816260
2.614705 0.817704
2.608420 0.817755
2.602138 0.817436
2.578112 0.808377
2.600114 0.817180
2.551141 0.670116
2.590265 0.675765
2.545033 0.670681
2.544850 0.670689
2.544961 0.670325
2.538560 0.671296
2.596174 0.685728
2.595337 0.684535
2.596643 0.689895
2.595491 0.688062
2.597288 0.694136
2.735978 0.736061
2.783015 0.752413
2.781630 0.749931
2.778297 0.744452
2.733170 0.739546
2.732836 0.739970
2.840681 0.762919
2.833175 0.767241
2.784371 0.754584
2.783405 0.753127
2.828758 0.768173
2.834135 0.766309
2.826878 0.768709
2.820586 0.769494
2.789228 0.761204
2.788341 0.759527
2.828092 0.768297
2.816844 0.769714
2.820939 0.769475
3.175230 0.772634
3.169444 0.772926
3.168943 0.772922
3.169217 0.772030
3.162667 0.771816
3.156393 0.770357
3.150119 0.768971
3.143843 0.767846
3.137564 0.767126
3.131279 0.767139
3.363019 0.745611
3.357083 0.743283
3.344364 0.741079
3.337430 0.741633
3.330328 0.743137
3.328732 0.742320
3.330462 0.742290
3.387390 0.757052
3.381622 0.754241
3.375833 0.751491
3.335923 0.747934
3.336742 0.747587
3.330286 0.748214
3.405531 0.769844
3.402030 0.766191
3.400471 0.762164
3.411770 0.775331
3.406856 0.771287
3.406357 0.768598
3.444533 0.783439
3.444416 0.779444
3.418023 0.779279
3.413655 0.776829
3.413157 0.772431
3.443127 0.787222
3.443098 0.787251
3.443113 0.787172
3.422899 0.782910
3.708274 0.768352
3.721786 0.768708
3.715181 0.768315
3.706772 0.768484
3.708450 0.768286
3.701987 0.768410
3.695702 0.768429
3.703499 0.767109
3.691010 0.769176
3.696561 0.767674
3.689410 0.769330
1.466815 1.295349
1.460967 1.292769
1.498495 1.305151
1.491935 1.304625
1.485456 1.303865
1.479161 1.302579
1.473230 1.300240
0.544919 0.699436
0.544872 0.699439
0.538630 0.699917
0.532341 0.700410
0.596064 0.711446
0.530926 0.700531
0.592177 0.717723
0.588750 0.719516
0.586435 0.720585
0.671753 0.742940
0.702420 0.753589
0.701581 0.756306
0.670758 0.746793
0.670226 0.747732
0.758009 0.773137
0.701547 0.760432
0.700650 0.757275
0.701840 0.756699
0.668564 0.750426
0.757150 0.773465
0.751710 0.774719
0.745425 0.774757
0.701808 0.761622
0.743025 0.774520
0.739142 0.774455
1.340887 0.973024
1.335795 0.967224
1.342819 0.976428
1.341201 0.975030
1.336090 0.970335
1.347088 0.983191
1.345143 0.980996
1.341478 0.978209
1.336222 0.973950
1.353314 0.990429
1.349172 0.985950
1.347431 0.984464
1.986433 1.195318
1.998951 1.201505
1.984422 1.195478
1.987154 1.193809
1.980139 1.196266
1.999703 1.202813
1.973914 1.197273
1.973845 1.197293
1.973975 1.196886
1.967540 1.199695
2.000496 1.207045
1.998885 1.209468
1.992605 1.208926
1.967098 1.199895
1.999648 1.208562
1.991542 1.209214
1.992785 1.208912
1.986301 1.211189
1.980028 1.209822
1.973761 1.207452
1.963278 1.203187
2.224583 1.278699
2.221668 1.278921
2.225162 1.277856
2.218292 1.279420
2.211996 1.280722
2.219697 1.278138
2.211605 1.280821
2.212084 1.280646
2.205704 1.281573
2.200043 1.282435
2.207077 1.279657
2.199411 1.282555
2.193116 1.283633
0.939880 0.746710
0.933619 0.743829
0.927348 0.742028
0.921072 0.740900
0.914792 0.740281
0.946130 0.750981
0.939880 0.746710
0.948860 0.752733
1.096613 0.794991
1.094305 0.796107
1.097061 0.795268
1.090753 0.799425
1.098061 0.796382
1.090286 0.800012
1.311167 0.862569
1.322212 0.876056
1.319562 0.872921
1.317029 0.869062
1.323481 0.877828
1.322730 0.876031
1.325263 0.882300
2.300605 1.209558
2.299956 1.209801
2.294777 1.212353
2.293646 1.212793
2.288339 1.215048
2.287338 1.215510
2.283047 1.218018
2.281027 1.218633
1.344430 0.769899
1.331812 0.767401
1.320616 0.769373
1.324670 0.768555
1.343957 0.778446
1.342907 0.779141
1.343559 0.776362
1.331893 0.771137
1.318717 0.773031
1.324965 0.771674
1.317809 0.773944
1.311511 0.775436
1.340065 0.781686
1.336583 0.783840
2.420902 1.150738
2.419849 1.151688
2.416228 1.154983
2.414569 1.156515
2.412734 1.158333
2.415186 1.156901
2.498915 1.049105
2.496884 1.049966
2.497564 1.046740
2.492743 1.051851
2.490575 1.052780
2.491277 1.049409
2.486589 1.054636
2.459559 0.904844
2.457229 0.908404
2.453767 0.910265
2.451341 0.911238
2.481401 0.776049
2.481884 0.776682
2.482066 0.774646
2.484229 0.781260
2.576126 0.802935
2.485998 0.785742
2.619297 0.822013
2.577014 0.809300
2.575997 0.807256
2.618070 0.822182
2.613005 0.822867
2.606716 0.823327
2.581633 0.816282
2.578882 0.813772
2.604277 0.823293
2.600429 0.823444
2.601807 0.818551
2.594151 0.822594
2.587886 0.820166
2.586896 0.819582
2.546060 0.676169
2.543147 0.676247
2.536855 0.677048
2.535092 0.677882
2.600558 0.695994
2.599853 0.694911
2.600968 0.700150
2.599977 0.698526
2.601750 0.704420
2.732529 0.740589
2.731143 0.744253
2.782508 0.751754
2.731111 0.744344
2.731284 0.743942
2.818916 0.770984
2.787570 0.761246
2.787130 0.760436
2.729588 0.748114
2.826317 0.769410
2.816096 0.770719
2.819114 0.770745
2.812634 0.770651
2.806351 0.770182
2.800074 0.769294
2.793802 0.767713
2.791592 0.765458
2.788695 0.761281
2.813939 0.770214
2.807030 0.770694
2.800612 0.769767
2.794438 0.768145
3.518520 0.712438
3.519629 0.705839
3.512252 0.710297
3.513210 0.704908
3.505990 0.707472
3.503615 0.705747
3.506357 0.705230
3.532140 0.715934
3.531060 0.716164
3.531148 0.715457
3.524785 0.714917
3.523105 0.713989
3.524901 0.714028
3.701499 0.768893
3.691437 0.770461
3.694458 0.769759
3.687742 0.770558
3.681441 0.772348
3.689195 0.769463
3.681405 0.772363
3.681451 0.772342
3.675143 0.773916
3.673016 0.774673
0.050398 0.750396
0.048850 0.751056
0.043220 0.752911
0.042547 0.753159
0.036251 0.754561
1.396336 1.216567
1.390787 1.210755
1.398410 1.218634
1.396985 1.216273
1.402533 1.227174
1.400423 1.223127
1.397956 1.217448
1.402865 1.227730
1.402698 1.227173
1.405797 1.232456
1.591738 1.277116
1.578091 1.279125
1.571797 1.280193
1.585850 1.278596
1.578738 1.279666
1.571692 1.280219
1.571810 1.280203
1.565500 1.281569
1.572976 1.280817
1.561672 1.282143
1.565955 1.281622
1.559207 1.282583
1.552912 1.283758
1.560354 1.282353
1.551708 1.284114
1.553138 1.283709
0.301266 0.666512
0.303180 0.665395
0.354211 0.677717
0.297912 0.669863
0.296366 0.671050
0.366784 0.688709
0.371942 0.688867
0.365359 0.688694
0.364580 0.688236
0.359507 0.685840
0.354115 0.681957
0.373062 0.689612
0.366149 0.690102
0.359902 0.688687
0.354015 0.686240
0.441557 0.709875
0.444297 0.717539
0.441422 0.714227
0.497675 0.733074
0.504696 0.730118
0.496979 0.733482
0.446785 0.722935
0.446501 0.722091
0.493441 0.736221
0.498065 0.733769
0.490654 0.738251
0.537676 0.749781
0.541540 0.748429
0.489112 0.739394
0.491053 0.738546
0.538584 0.754054
0.541238 0.753276
0.612433 0.773963
0.609801 0.777464
0.617709 0.773959
0.609750 0.777542
0.606599 0.780882
1.355603 1.030950
1.355474 1.031038
1.350890 1.034115
1.349282 1.035203
1.350453 1.030443
1.345885 1.037135
2.133043 1.299591
2.140022 1.298013
2.132755 1.299632
2.126463 1.300483
2.120952 1.301053
2.127318 1.299728
2.120171 1.301143
2.113881 1.301787
2.107837 1.302334
2.114784 1.300990
2.107591 1.302361
2.101300 1.303161
0.593953 0.690173
0.579716 0.692748
0.573439 0.691814
0.567161 0.690850
0.560883 0.689970
0.554602 0.689449
0.548320 0.689155
0.599513 0.700651
0.598500 0.701459
0.598897 0.699312
0.575035 0.690385
0.545851 0.689157
0.595700 0.703901
0.592179 0.705775
0.593255 0.700130
0.718798 0.734802
0.683213 0.730811
0.687651 0.727413
0.712751 0.741216
0.719205 0.737581
0.681705 0.734564
0.712167 0.745169
0.761893 0.759897
0.761433 0.760088
0.761663 0.759142
0.755127 0.762512
0.755054 0.762529
1.325989 0.948707
1.328314 0.954662
1.326420 0.951418
1.328748 0.958829
1.326406 0.955442
1.329212 0.963028
1.996058 1.192302
1.989776 1.191967
1.983498 1.190933
1.977214 1.190849
2.002208 1.196930
1.996377 1.194623
1.990184 1.193052
2.242295 1.268764
2.240547 1.269423
2.235946 1.271459
2.234238 1.272143
2.227941 1.273512
2.227088 1.273648
2.228380 1.272565
2.221648 1.274498
1.146341 0.787432
1.146639 0.791568
1.145597 0.793260
1.143949 0.795098
1.300004 0.840745
1.302291 0.846351
1.301431 0.845121
1.303541 0.841741
1.304394 0.849852
2.316624 1.189087
2.318389 1.187227
2.311443 1.192020
2.311361 1.192059
2.306130 1.194954
2.305048 1.195404
2.300839 1.197923
2.298735 1.198797
2.451895 1.101421
2.451769 1.101528
2.451980 1.100788
2.448475 1.104753
2.445444 1.106343
2.443908 1.107869
2.450381 0.918863
2.446065 0.920591
2.444072 0.921740
2.441702 0.923741
2.460230 0.813771
2.459060 0.810284
2.460740 0.809143
2.472764 0.818126
2.466485 0.817397
2.462314 0.815044
2.477209 0.822316
2.472716 0.824030
2.473205 0.820021
2.466870 0.818857
2.491054 0.697627
2.484393 0.698277
2.478106 0.698540
2.516881 0.704858
2.510325 0.704321
2.503964 0.703227
2.497927 0.701194
2.492027 0.698779
2.485903 0.697004
2.472603 0.698897
2.479167 0.696989
2.471817 0.699006
2.465527 0.699621
2.516778 0.709124
2.510229 0.708570
2.503862 0.707494
2.497588 0.706153
2.491761 0.703540
2.604417 0.739389
2.603445 0.742933
2.603433 0.744397
2.603343 0.743218
2.603613 0.747370
2.603918 0.745869
2.718731 0.780185
2.716261 0.781478
2.712837 0.782992
2.709957 0.783758
2.780421 0.797001
2.772790 0.799566
2.766395 0.799385
2.766755 0.797531
2.770559 0.803517
2.772904 0.803211
2.766350 0.804765
2.764059 0.802128
2.917641 0.717989
2.914165 0.718841
2.919023 0.715559
2.911343 0.719474
2.906795 0.721337
2.912938 0.717666
2.905033 0.722330
2.993712 0.741378
2.993957 0.748164
2.992794 0.750511
2.993142 0.746978
3.061787 0.768137
3.063188 0.762788
3.055504 0.767931
2.992137 0.751861
3.093788 0.775715
3.088341 0.771972
3.052519 0.768866
3.049203 0.769745
3.044959 0.771342
3.260468 0.753691
3.253681 0.753825
3.241341 0.753931
3.246977 0.753717
3.240231 0.755091
3.260651 0.757128
3.253924 0.757089
3.247222 0.756974
3.238224 0.757328
3.240428 0.757127
3.233910 0.759538
0.041447 0.757790
0.040850 0.757980
0.034556 0.759127
0.028271 0.759006
0.028011 0.758988
0.028363 0.758780
0.021986 0.758942
1.402615 1.228861
1.401652 1.226212
1.403862 1.233191
1.407061 1.239221
1.406005 1.237732
1.410217 1.242731
1.563845 1.281334
1.559308 1.282825
1.564686 1.281309
1.557544 1.283288
1.551247 1.284542
1.558911 1.282492
1.550069 1.284905
1.551515 1.284373
1.544947 1.286422
1.541971 1.287263
1.545591 1.286015
1.538645 1.288519
0.229677 0.692276
0.223383 0.693271
0.237530 0.691633
0.230571 0.692260
0.222751 0.693413
0.223491 0.693230
0.217088 0.694430
0.213153 0.695457
0.312521 0.716574
0.306548 0.714360
0.312396 0.720908
0.305781 0.720547
1.339516 1.075445
1.338985 1.077559
1.338680 1.079315
1.337856 1.083213
1.337084 1.087146
1.884268 1.263409
1.909338 1.272019
1.910063 1.268879
1.882212 1.265109
1.885921 1.260721
1.903673 1.273776
1.903036 1.273924
1.903254 1.273018
1.896737 1.275701
1.878481 1.268368
1.877935 1.269165
1.895028 1.275990
1.890438 1.277197
1.891211 1.272845
1.885873 1.268819
1.875884 1.271894
1.878622 1.270280
1.871602 1.274961
2.009613 1.306963
1.885594 1.278068
1.884143 1.278399
1.884365 1.277142
1.878568 1.274439
1.871599 1.275328
1.871448 1.275053
1.871629 1.275006
2.003954 1.307502
2.003323 1.307475
1.997045 1.306616
1.990765 1.306022
1.984485 1.305394
1.978206 1.304701
1.971930 1.303415
1.965656 1.302112
1.959380 1.301031
1.953101 1.300285
1.985937 1.303168
1.979216 1.303109
1.972785 1.302218
1.966354 1.301330
1.959864 1.300607
1.950151 1.300052
1.953281 1.300156
1.946818 1.299917
1.940536 1.299568
0.729877 0.714374
0.702027 0.710939
0.705004 0.708331
0.730829 0.721186
0.700095 0.714597
0.776314 0.735024
0.772891 0.735871
0.730900 0.725275
0.767134 0.737115
0.766595 0.737273
0.766805 0.736399
0.760294 0.739129
0.923325 0.785799
0.931045 0.784050
0.920864 0.786374
0.923523 0.786304
0.917029 0.787141
0.914847 0.785081
0.911444 0.782254
0.917574 0.787990
0.911063 0.787328
1.018742 0.811250
1.012595 0.809530
1.031496 0.817298
1.025084 0.816350
1.322372 0.925413
1.324379 0.931322
1.323739 0.929771
1.325195 0.927599
1.325664 0.934273
2.266825 1.250125
2.264529 1.250793
2.258623 1.252415
2.258229 1.252520
2.259762 1.247921
2.251927 1.254670
2.251112 1.254885
2.245632 1.255832
2.240974 1.256827
1.167613 0.749448
1.166817 0.749643
1.160520 0.751011
1.199114 0.757304
1.158802 0.751612
1.154210 0.754031
1.235752 0.774234
1.204398 0.765474
1.204386 0.765459
1.199740 0.759469
1.153533 0.754586
1.243571 0.773103
1.231837 0.775417
1.236176 0.774983
1.229428 0.778986
1.207583 0.770222
1.205898 0.765144
1.237043 0.776485
1.229427 0.778986
1.229428 0.778986
1.321274 0.802758
1.317220 0.803404
1.318742 0.797526
1.310930 0.803997
1.308335 0.804040
1.304632 0.805453
1.305280 0.801445
1.302884 0.806977
2.382867 1.168876
2.390067 1.167013
2.382694 1.168943
2.376397 1.170324
2.384235 1.168340
2.374285 1.171078
2.376787 1.170374
2.370095 1.172310
2.366530 1.173492
2.371189 1.171068
2.363793 1.174425
2.358121 1.175802
2.357495 1.176025
2.495983 1.063071
2.493451 1.064159
2.489966 1.065834
2.487140 1.067237
2.484461 1.068740
2.480828 1.070508
2.503809 1.014452
2.504501 1.010909
2.500786 1.016268
2.497493 1.018091
2.498574 1.012510
2.495678 1.019250
2.491179 1.021583
2.492683 1.014063
2.490134 1.022172
2.476706 0.859256
2.473952 0.860104
2.470403 0.861420
2.467210 0.862737
2.464095 0.864174
2.447880 0.712114
2.446097 0.713046
2.447812 0.720333
2.444900 0.716873
2.590361 0.760284
2.592676 0.758804
2.589946 0.764254
2.592682 0.762750
2.586352 0.767579
2.585693 0.768065
2.698576 0.798512
2.694212 0.798830
2.692288 0.798902
2.686002 0.798890
2.679744 0.799820
2.679709 0.799833
2.875991 0.739819
2.880870 0.736300
2.873104 0.741374
2.870779 0.742773
2.874074 0.740439
3.036094 0.793164
3.018452 0.783073
3.037501 0.790419
3.031090 0.789466
3.240144 0.753982
3.226635 0.756042
3.233107 0.754837
3.225993 0.756334
3.219691 0.758291
3.233559 0.757494
3.226704 0.757820
3.218711 0.758397
3.219768 0.758378
3.213402 0.758788
3.207122 0.758210
3.200850 0.756672
3.469475 0.721438
3.481987 0.728496
3.475726 0.725600
3.470410 0.722521
3.476965 0.720141
3.494501 0.735429
3.488246 0.731646
3.483752 0.729452
3.489573 0.726636
3.549467 0.747631
3.546271 0.742040
3.500745 0.740447
3.495325 0.736017
3.502277 0.732867
3.547166 0.751195
3.545492 0.748257
3.539995 0.744690
3.545003 0.754827
3.544714 0.754487
3.654574 0.786446
3.658824 0.783230
3.651964 0.789965
3.651174 0.790828
0.052662 0.745610
0.050545 0.746594
0.045710 0.748205
0.044242 0.748747
1.385511 1.205900
1.380828 1.201481
1.379666 1.199984
1.391750 1.211439
1.386637 1.206779
1.385787 1.205723
1.392542 1.212110
1.391951 1.211351
1.397986 1.217480
1.397883 1.217335
1.401046 1.222110
1.598630 1.276180
1.619106 1.275951
1.612655 1.275110
1.605712 1.275695
1.597218 1.276389
1.598812 1.276151
1.592337 1.277004
1.600076 1.276455
1.587202 1.278287
1.593192 1.276863
1.586037 1.278729
1.579741 1.280161
1.593775 1.279167
1.586697 1.280134
1.578133 1.280423
1.579885 1.280335
1.573451 1.280651
1.567160 1.281395
1.587550 1.281692
1.580885 1.281475
1.564620 1.281647
1.567452 1.281334
0.337460 0.662996
0.331192 0.660925
0.324914 0.660041
0.339470 0.664190
0.337740 0.662934
0.331865 0.660440
0.320407 0.660105
0.325402 0.659640
0.318628 0.660166
0.412690 0.686441
0.406415 0.685271
0.400136 0.684454
0.393857 0.683760
0.343644 0.669166
0.437742 0.697244
0.438653 0.690899
0.425364 0.690341
0.419533 0.687707
0.413388 0.685986
0.407115 0.684635
0.400660 0.683808
0.391744 0.683543
0.394017 0.683528
0.387574 0.683324
0.381277 0.684826
0.433978 0.696673
0.431501 0.696032
0.425872 0.692829
0.420348 0.689338
0.414312 0.687318
0.432922 0.700529
0.431679 0.699501
0.519232 0.723649
0.512931 0.725565
0.470283 0.708791
0.512294 0.725683
0.514095 0.722469
0.506638 0.726470
0.555418 0.739003
0.557153 0.738327
0.555384 0.743078
0.557134 0.742360
0.633306 0.759921
0.625739 0.765061
0.624234 0.761908
0.626135 0.761162
0.639720 0.764840
0.626776 0.766525
0.632698 0.765648
0.639082 0.770673
0.631965 0.772274
0.631310 0.771594
0.632050 0.771504
1.361848 1.017815
1.359014 1.019287
1.356492 1.020740
1.352701 1.022654
1.350451 1.023554
2.167559 1.292164
2.175113 1.290066
2.166895 1.292282
2.167686 1.292052
2.161265 1.293221
2.155991 1.293987
2.162196 1.292384
2.154972 1.294156
2.148678 1.295141
2.144724 1.295651
2.149324 1.294606
2.142386 1.295970
2.136094 1.296855
2.132926 1.297237
2.136592 1.296460
0.941581 0.741532
0.968160 0.742946
0.961466 0.742809
0.954803 0.742587
0.947848 0.743638
0.944445 0.742459
0.948248 0.742056
1.124864 0.788897
1.112261 0.790648
1.117860 0.789659
1.110870 0.791451
1.104572 0.793006
1.118535 0.791671
1.111889 0.791398
1.104468 0.793030
1.104596 0.792984
1.098818 0.795920
1.098257 0.796632
1.305167 0.857620
1.311409 0.862795
1.309900 0.861520
1.305978 0.858094
1.317635 0.870071
1.314531 0.866583
1.312029 0.864055
1.318982 0.871628
1.317937 0.870444
2.301765 1.204531
2.301657 1.204566
2.302193 1.202960
2.295746 1.207305
2.295348 1.207468
2.289694 1.210103
2.289039 1.210338
2.431555 1.135560
2.430618 1.136783
2.428960 1.139057
2.427196 1.142758
2.427717 1.146972
2.431161 1.145764
2.437178 0.948011
2.506179 0.980137
2.504430 0.981127
2.504940 0.978319
2.501241 0.983128
2.498112 0.985062
2.499010 0.979938
2.496425 0.986182
2.493095 0.981566
2.481221 0.785865
2.481754 0.790061
2.611305 0.827996
2.586202 0.823425
2.581511 0.819590
2.580582 0.817436
2.605023 0.828702
2.605014 0.828702
2.605023 0.828672
2.598731 0.828400
2.592460 0.826648
2.589863 0.825452
2.587526 0.820832
2.535160 0.683147
2.535147 0.683150
2.535156 0.683117
2.529855 0.686094
2.528829 0.687022
2.604741 0.706217
2.604310 0.705457
2.604887 0.710318
2.604367 0.709265
2.605604 0.714576
2.729458 0.747513
2.729682 0.749298
2.729413 0.752936
2.730920 0.744990
2.787366 0.761142
2.729390 0.753304
2.812321 0.770894
2.805834 0.770159
2.799456 0.769112
2.793402 0.767128
2.726871 0.756869
2.785794 0.775437
2.789955 0.778537
2.966642 0.714249
2.960380 0.711292
2.954115 0.708891
2.947841 0.707550
2.941559 0.707194
2.935271 0.707376
2.972897 0.717802
2.966841 0.714370
2.966669 0.714243
2.961072 0.710961
2.955367 0.707992
2.934452 0.707454
2.935450 0.707114
2.976436 0.720514
2.973490 0.718014
3.148427 0.773241
3.142155 0.771663
3.135878 0.770649
3.160967 0.776850
3.154696 0.775118
3.153412 0.774750
3.149544 0.770441
3.143191 0.769322
3.133815 0.770536
3.136307 0.769732
3.129594 0.770395
3.123307 0.770558
3.117020 0.770899
3.116394 0.770904
3.117124 0.770736
0.167599 0.698896
0.153821 0.702795
0.161346 0.701441
0.150252 0.702956
0.154423 0.701966
0.147533 0.703154
0.141239 0.704187
0.139894 0.704840
1.344646 1.111287
1.345784 1.114082
1.348353 1.118694
1.350829 1.123641
1.350676 1.123273
1.352585 1.127783
1.846032 1.284944
1.839751 1.284426
1.802121 1.274534
1.795851 1.272699
1.789572 1.272023
1.783291 1.271428
1.777011 1.270751
1.770734 1.269822
1.764456 1.268984
1.847279 1.282875
1.834647 1.284066
1.840447 1.283135
1.833469 1.283977
1.827188 1.283523
1.820908 1.282760
1.814634 1.281412
1.808368 1.279119
1.806138 1.277944
1.809256 1.275884
1.791213 1.269623
1.784545 1.269410
1.777712 1.269673
1.771046 1.269456
1.764003 1.268928
1.764471 1.268979
1.758177 1.268146
1.751899 1.267212
1.745623 1.266145
0.272437 0.683120
0.271291 0.683986
0.272654 0.683579
0.329805 0.697694
0.317050 0.697877
0.323983 0.695042
0.316311 0.698132
0.310007 0.700398
0.267166 0.687193
0.273450 0.685290
0.266114 0.687816
0.330775 0.704886
0.328809 0.706827
0.329442 0.702702
0.324001 0.698970
0.317908 0.697115
0.309949 0.700427
0.310063 0.700278
0.327034 0.708176
0.544426 0.775152
0.542360 0.773427
0.585823 0.789381
0.548162 0.783174
0.546855 0.779727
0.542668 0.776500
0.581828 0.791300
0.586514 0.790095
0.579510 0.792632
0.554406 0.788199
0.549039 0.784280
0.548207 0.783940
0.576338 0.794209
0.579945 0.793582
0.557371 0.790167
1.349272 1.053623
1.346379 1.057056
1.344355 1.060703
1.344093 1.061236
1.344420 1.059723
1.342603 1.064436
2.083724 1.306996
2.077438 1.307102
2.033516 1.298032
2.027244 1.296354
2.091498 1.305818
2.084544 1.306431
2.075417 1.307061
2.077614 1.306974
2.071155 1.306868
2.064877 1.305873
2.058603 1.304504
2.052330 1.303019
2.046055 1.301799
2.039784 1.300092
2.033748 1.298118
2.033548 1.297974
2.024063 1.296044
2.027472 1.296063
2.020964 1.295737
2.014681 1.295543
2.008400 1.295077
2.002113 1.295121
2.072740 1.305566
2.066158 1.305108
2.059849 1.303866
2.053547 1.302608
2.047540 1.300501
2.000284 1.295075
0.788891 0.722109
0.726158 0.707689
0.719897 0.704713
0.713615 0.704249
0.786894 0.722703
0.782598 0.723125
0.776306 0.723857
0.729674 0.710453
0.774390 0.724098
0.770017 0.724267
0.902918 0.756087
0.910090 0.765410
0.909217 0.761320
0.951813 0.782062
0.945537 0.780909
0.910143 0.769489
0.909082 0.765689
0.964339 0.787308
0.958081 0.784063
0.955958 0.783384
0.951895 0.782245
0.944659 0.780962
0.945609 0.780938
0.939251 0.780940
0.932955 0.782265
0.908932 0.773331
0.970576 0.793299
0.966768 0.789778
0.964461 0.788859
0.958510 0.786594
0.952468 0.784594
1.053711 0.807597
1.045346 0.810715
1.045982 0.810455
0.972306 0.795062
0.970673 0.794380
1.042372 0.814131
1.046735 0.812237
1.039525 0.816129
1.037771 0.817239
1.039927 0.816425
1.324002 0.907120
1.325016 0.911392
1.327814 0.916888
1.327266 0.915954
1.329390 0.920513
2.277348 1.237792
2.274228 1.238976
2.270032 1.240279
2.267927 1.240787
2.261629 1.242431
2.261351 1.242507
2.255333 1.243691
1.158816 0.756690
1.158570 0.756822
1.209849 0.769190
1.204396 0.765468
1.154961 0.760118
1.152483 0.762506
1.153868 0.755693
1.229194 0.775677
1.222377 0.775897
1.215719 0.775655
1.209877 0.773065
1.222196 0.780391
1.215166 0.783009
1.215310 0.780807
1.208889 0.782030
1.209302 0.778703
1.315510 0.809791
1.216279 0.785517
1.313289 0.810361
1.309206 0.811912
1.310455 0.805946
1.306529 0.812983
1.304043 0.808989
1.305719 0.816916
2.368432 1.173110
2.363595 1.174047
2.369045 1.173263
2.362133 1.174585
2.358054 1.176922
2.362938 1.175400
2.355825 1.177374
2.351013 1.179509
2.357336 1.176130
2.349518 1.180071
2.478826 1.073976
2.484875 1.071815
2.477477 1.074782
2.474498 1.077099
2.478121 1.075808
2.471202 1.080473
2.471144 1.080578
2.469554 1.084227
2.504319 1.022301
2.502075 1.023542
2.502800 1.019766
2.499213 1.025255
2.495761 1.027025
2.496863 1.021406
2.493753 1.028168
2.489448 1.030463
2.490823 1.023393
2.461090 0.881255
2.460486 0.876475
2.460340 0.885166
2.458936 0.886597
2.459670 0.882805
2.457270 0.888615
2.462172 0.738426
2.467740 0.749295
2.465871 0.745268
2.462974 0.740075
2.467940 0.749787
2.467808 0.749539
2.471898 0.754738
2.573408 0.780555
2.572065 0.784328
2.569310 0.787835
2.670194 0.813530
2.668337 0.813661
2.662050 0.813865
2.655767 0.813475
2.649489 0.812661
2.643213 0.811574
2.656767 0.811601
2.650036 0.811572
2.637119 0.810511
2.643593 0.810715
2.636937 0.810480
2.630659 0.809453
2.559143 0.662956
2.578746 0.666145
2.573328 0.662324
2.553894 0.663258
2.552854 0.663411
2.553471 0.661265
2.546557 0.664820
2.590455 0.676810
2.589392 0.674945
2.585161 0.671041
2.544550 0.665338
2.591751 0.679519
2.590768 0.678280
2.592675 0.683820
2.766730 0.731014
2.761230 0.727427
2.738942 0.727373
2.741826 0.725062
2.775167 0.739217
2.772887 0.736649
2.739771 0.731624
2.778453 0.744532
2.777935 0.743877
2.842529 0.761811
2.849089 0.758104
2.841157 0.762494
2.781329 0.748699
2.837160 0.764722
2.842153 0.762640
2.834841 0.766191
3.183220 0.767057
3.176932 0.767367
3.170647 0.767213
3.164730 0.766659
3.164367 0.766621
3.158088 0.765918
3.151807 0.765469
3.377586 0.749687
3.371322 0.747194
3.365055 0.744993
3.358786 0.743068
3.450220 0.766012
3.447915 0.769585
3.446546 0.771270
3.444771 0.773017
3.628362 0.826530
3.622784 0.821284
3.617346 0.817518
3.635245 0.828180
3.629008 0.826724
3.623677 0.822665
0.059614 0.737780
0.058557 0.738370
0.054316 0.740713
0.052242 0.741780
1.375589 1.191031
1.375283 1.189225
1.380937 1.199354
1.376520 1.195280
1.376263 1.190352
1.387181 1.204428
1.382538 1.200638
1.381764 1.197894
1.393419 1.210220
1.389250 1.206160
1.387948 1.203487
1.394627 1.211409
1.393825 1.209962
1.645475 1.277675
1.638866 1.277290
1.632320 1.276727
1.620901 1.276212
1.625516 1.276907
1.619144 1.276144
1.612859 1.275977
1.606572 1.276176
1.639315 1.279938
1.632461 1.280263
1.625797 1.280041
1.619501 1.278757
1.613110 1.277747
1.602885 1.276395
1.606801 1.276502
1.600280 1.276961
1.626704 1.281401
1.620228 1.280638
1.613743 1.279906
1.607381 1.278816
1.596015 1.279009
1.600644 1.278803
1.593973 1.279677
1.607866 1.281433
1.601047 1.281655
1.588942 1.281610
1.594364 1.281487
0.257702 0.687824
0.246248 0.689141
0.250692 0.688599
0.243926 0.689865
0.251604 0.689934
0.238444 0.691525
0.244589 0.690720
0.237625 0.691737
0.231332 0.692578
0.326535 0.711093
0.312865 0.713802
0.313645 0.709379
0.306577 0.714193
0.317895 0.716707
0.319270 0.716548
0.306424 0.714245
0.315076 0.720184
0.320467 0.717100
0.300934 0.717169
0.300264 0.717552
1.341089 1.070507
1.340690 1.071822
1.340092 1.074362
1.338624 1.078142
1.911063 1.263874
1.890239 1.257515
1.893377 1.254706
1.907611 1.265300
1.904759 1.266083
1.905461 1.262693
1.886013 1.260658
1.885948 1.260747
1.898677 1.267444
1.898462 1.267471
1.898503 1.267282
1.892172 1.268073
1.893311 1.262827
1.885881 1.268758
1.883920 1.264283
1.886736 1.262350
2.030145 1.304777
2.023870 1.303596
2.017588 1.303058
2.011300 1.303354
2.009804 1.303493
2.012554 1.300189
2.005013 1.303629
1.998730 1.303336
1.992446 1.303192
1.988048 1.302912
1.993529 1.300730
1.986164 1.302781
1.979886 1.301978
1.973608 1.301130
1.967327 1.300429
0.695967 0.716905
0.695229 0.718804
0.696311 0.717919
0.771178 0.742613
0.726454 0.729571
0.727897 0.727995
0.693357 0.722489
0.769936 0.742973
0.764873 0.744872
0.725229 0.733395
0.728490 0.730288
0.762865 0.745531
0.758569 0.747210
0.759974 0.740661
0.916658 0.786661
1.322665 0.938213
1.321615 0.934574
1.322935 0.938927
1.324280 0.943310
2.257574 1.257455
2.256529 1.257774
2.250274 1.259950
2.250225 1.259963
2.250332 1.259634
2.243928 1.261336
2.240978 1.262051
2.237630 1.262872
2.439553 1.125109
2.434951 1.131019
2.432306 1.133041
2.430721 1.134183
2.432254 1.139413
2.431313 1.138406
2.432877 1.136843
2.502793 1.031294
2.500344 1.032545
2.501119 1.028569
2.497340 1.034180
2.494031 1.035877
2.495074 1.030531
2.491813 1.037085
2.487721 1.038744
2.489043 1.032495
2.461708 0.890712
2.459400 0.894295
2.457205 0.895403
2.458141 0.891186
2.467102 0.747606
2.472301 0.757308
2.470796 0.755650
2.478535 0.763599
2.475465 0.760726
2.473322 0.757052
2.480778 0.765963
2.570757 0.789306
2.570183 0.793253
2.654079 0.817194
2.647799 0.816547
2.641521 0.815672
2.635244 0.814694
2.628967 0.813678
2.570344 0.797388
2.636919 0.810521
2.625300 0.813219
2.629890 0.811348
2.622688 0.812971
2.616405 0.812716
2.567109 0.660196
2.560838 0.658477
2.554560 0.657657
2.579630 0.666156
2.573377 0.662251
2.572827 0.662062
2.567683 0.659165
2.562439 0.654869
2.552995 0.657811
2.555765 0.654677
2.548262 0.659074
2.585867 0.672108
2.581817 0.668065
2.580077 0.666278
2.755129 0.725343
2.748852 0.724221
2.767649 0.731412
2.761396 0.727448
2.757219 0.726035
2.755190 0.725404
2.748765 0.724222
2.748857 0.724225
2.742557 0.725386
2.773883 0.737601
2.769162 0.732670
2.767896 0.731612
2.762335 0.728228
2.756272 0.726289
2.740916 0.726641
2.774070 0.737818
2.773933 0.737632
2.849267 0.757991
2.849137 0.758077
2.845092 0.761181
2.850517 0.757994
3.191201 0.762333
3.189147 0.762570
3.192130 0.760315
3.184912 0.762773
3.178629 0.762586
3.172347 0.762219
3.168371 0.762206
3.173279 0.760365
3.166061 0.762295
3.456119 0.757962
3.462562 0.754112
3.454591 0.758923
3.451960 0.761123
3.456188 0.757025
3.448695 0.764519
3.448255 0.765049
3.593993 0.799184
3.611271 0.813578
3.607836 0.810855
3.605768 0.808065
3.641036 0.822048
3.617520 0.817975
3.615739 0.816606
3.611926 0.813709
3.640083 0.825898
3.636293 0.828010
3.630025 0.825928
3.623767 0.822604
3.623078 0.822255
3.618237 0.818931
3.612682 0.815536
3.636865 0.827509
3.630610 0.826116
0.172954 0.698512
0.174477 0.698500
0.168065 0.700825
0.193983 0.704521
0.187279 0.704415
0.180947 0.703235
0.174704 0.701802
0.166709 0.701232
0.168198 0.701124
0.161766 0.702556
0.187970 0.706416
0.181269 0.706303
0.174869 0.705325
1.346324 1.108795
1.343598 1.104288
1.341741 1.098746
1.346396 1.108947
1.346385 1.108755
1.347539 1.113272
1.347600 1.109248
1.350081 1.117916
1.868065 1.277304
1.860289 1.281471
1.853997 1.282319
1.810081 1.272365
1.803809 1.270883
1.797526 1.270592
1.905765 1.289191
1.861742 1.280043
1.850913 1.282295
1.854488 1.281525
1.847711 1.282404
1.841430 1.281883
1.835147 1.281563
1.828871 1.280471
1.822596 1.279155
1.816335 1.276285
1.812860 1.274136
1.792285 1.269737
1.798713 1.267447
1.791250 1.269564
1.784972 1.268673
1.778691 1.268010
1.772412 1.267374
1.943348 1.301419
1.936988 1.300315
1.930592 1.299315
1.924173 1.298383
1.917896 1.297041
1.911907 1.294866
1.842280 1.281833
1.835560 1.281769
1.829222 1.280612
1.823056 1.278960
0.535400 0.711999
0.535214 0.712041
0.535429 0.711339
0.528919 0.713185
0.580311 0.721953
0.525491 0.713934
0.522622 0.714671
0.523761 0.710088
0.580708 0.724768
0.571933 0.727963
0.573082 0.727314
0.641763 0.748466
0.571390 0.731933
0.573615 0.729776
0.661811 0.751522
0.655110 0.751405
0.647988 0.755668
0.645312 0.751847
0.648361 0.751428
0.699396 0.763741
0.662067 0.754759
0.649021 0.756713
0.654812 0.756235
0.742034 0.783851
0.710659 0.777678
0.704404 0.774055
0.701865 0.772116
0.699478 0.767469
0.651585 0.761361
0.654819 0.760215
0.737231 0.783775
0.735749 0.783790
0.729469 0.783249
0.723195 0.781932
0.716923 0.780184
0.712389 0.778444
0.711125 0.776727
1.357014 0.991722
1.364986 0.999843
1.363115 0.997516
1.357766 0.993502
1.363472 1.003578
1.362449 1.004819
1.362866 1.002196
1.361132 1.007166
1.984326 1.205927
1.978250 1.207958
2.210248 1.281996
2.196073 1.285267
2.189779 1.286245
2.197239 1.284572
2.188761 1.286438
2.189959 1.286125
2.183485 1.287296
2.178086 1.288216
2.184474 1.286476
2.177191 1.288366
2.170898 1.289361
2.167057 1.289956
2.171577 1.288794
2.164603 1.290361
1.155361 0.773500
1.156541 0.767390
1.154429 0.774582
1.152224 0.778195
1.305797 0.823245
1.305716 0.823330
1.306438 0.821490
1.305753 0.828467
1.305369 0.827310
1.306654 0.824827
1.307083 0.831761
2.340992 1.176409
2.331151 1.177614
2.333969 1.177223
2.327350 1.179687
2.334670 1.179149
2.326168 1.180594
2.327558 1.180218
2.335221 1.181546
2.322313 1.183845
2.328198 1.182353
2.321023 1.184601
2.317515 1.186923
2.321811 1.185339
2.477292 1.074249
2.465126 1.080350
2.470681 1.077820
2.463187 1.082199
2.471134 1.080491
2.461910 1.083727
2.463569 1.082857
2.460425 1.087503
2.463851 1.086042
2.504161 0.998346
2.500959 0.999916
2.501942 0.994879
2.498770 1.001253
2.494641 1.003869
2.496055 0.996397
2.493976 1.004323
2.486412 0.846627
2.482481 0.847349
2.480114 0.848036
2.480826 0.844824
2.474806 0.849798
2.473812 0.850179
2.474147 0.848643
2.465628 0.707925
2.462141 0.708149
2.455857 0.707984
2.449569 0.708209
2.449074 0.708434
2.450166 0.706822
2.596042 0.756235
2.596241 0.760357
2.709158 0.792721
2.706562 0.793364
2.700270 0.794162
2.697049 0.794185
2.693985 0.794151
2.687700 0.794131
2.946156 0.710732
2.953119 0.710479
2.944128 0.710693
2.946504 0.710115
2.939873 0.710533
2.933588 0.710450
2.927299 0.711000
2.983733 0.727129
2.977487 0.722397
2.976147 0.721632
2.972025 0.718236
2.926930 0.711074
2.927431 0.710771
2.983985 0.727372
2.983780 0.727176
2.978691 0.722426
2.985435 0.731766
2.984074 0.730318
3.127905 0.774168
3.077718 0.762704
3.071453 0.760218
3.065175 0.759396
3.154275 0.776247
3.125876 0.774097
3.128474 0.772882
3.121622 0.773991
3.115336 0.773947
3.109051 0.773974
3.090232 0.769535
3.083976 0.765974
3.081659 0.764614
3.078050 0.762792
3.072005 0.760800
3.061293 0.760269
3.065561 0.759949
3.105700 0.773847
3.109547 0.773125
3.102767 0.773803
3.096494 0.772350
3.094085 0.771370
3.350853 0.741670
3.369653 0.748538
3.363391 0.745729
3.357126 0.743344
3.353332 0.742340
3.350128 0.741653
3.350902 0.741664
3.344556 0.743137
3.394710 0.758716
3.388444 0.756250
3.382179 0.753836
3.375914 0.751448
3.374716 0.750996
3.370227 0.748222
3.364457 0.745435
3.358452 0.743327
3.352096 0.742225
3.343522 0.744322
3.344858 0.743642
3.400968 0.761986
3.397087 0.759866
3.394970 0.758590
3.389211 0.755773
3.383554 0.752668
3.448003 0.774860
3.444835 0.777738
3.407209 0.767365
3.404943 0.765637
3.444193 0.778119
0.068279 0.723640
0.067012 0.724779
0.061961 0.727536
0.061633 0.727712
1.361035 1.160120
1.366996 1.170537
1.366207 1.168599
1.371861 1.177764
1.370541 1.175347
1.373196 1.179981
1.372365 1.178197
1.378061 1.188066
1.375962 1.184659
1.373413 1.179184
1.379173 1.189449
1.378417 1.188165
1.661386 1.274375
1.667367 1.272847
1.660185 1.274433
1.653892 1.275394
1.650817 1.276164
1.654644 1.274620
1.647592 1.276982
1.642676 1.278510
1.649184 1.274936
1.641293 1.278750
1.635001 1.279608
0.804270 0.713683
0.790592 0.716921
0.787188 0.717506
0.784300 0.717642
0.778012 0.718018
0.897153 0.751744
0.891509 0.746151
0.923452 0.755189
0.916185 0.756711
0.910135 0.754713
0.903403 0.756042
0.901442 0.754227
0.904337 0.751988
0.929838 0.760174
0.922763 0.761136
0.916066 0.761005
0.908804 0.759874
0.909765 0.759739
0.929643 0.764725
0.922976 0.764512
0.916504 0.763742
0.908594 0.763926
0.910053 0.762911
1.054322 0.807371
1.061230 0.805354
1.053823 0.807697
1.050498 0.810625
1.054563 0.809120
1.047497 0.812613
1.325014 0.902066
1.326314 0.906421
1.329512 0.912149
1.328889 0.911072
2.285986 1.230331
2.282231 1.231638
2.279093 1.232898
2.275926 1.234078
2.271238 1.235290
2.269628 1.235664
2.263327 1.237446
2.262739 1.237578
1.174804 0.744409
1.193887 0.748982
1.170974 0.744897
1.168510 0.745471
1.162215 0.746620
1.250016 0.769987
1.197193 0.754589
1.161152 0.746877
1.163110 0.744530
1.257872 0.766781
1.249997 0.769999
1.250020 0.769988
1.199821 0.759407
1.199527 0.759171
1.244311 0.772839
1.251468 0.769784
1.243705 0.773094
1.325222 0.796222
1.318931 0.796822
1.238616 0.775722
1.318105 0.796806
1.312646 0.796875
1.306361 0.796800
1.302059 0.797468
2.393832 1.165958
2.397495 1.165023
2.390654 1.166853
2.398579 1.165862
2.384916 1.168100
2.391430 1.167036
2.384357 1.168262
2.378062 1.169520
2.392292 1.168550
2.385296 1.169277
2.374387 1.169936
2.378438 1.169612
2.371768 1.170452
2.486996 1.070458
2.485449 1.071289
2.482054 1.073465
2.479128 1.075521
2.477695 1.076628
2.505539 1.005649
2.506306 1.001750
2.502398 1.007290
2.499226 1.009040
2.500208 1.003837
2.497432 1.010295
2.492909 1.012894
2.494422 1.005077
2.492255 1.013290
2.471144 0.864774
2.468711 0.865566
2.464899 0.867487
2.462395 0.869163
2.460883 0.870718
2.446160 0.719652
2.444954 0.718072
2.452397 0.725447
2.449219 0.723041
2.446872 0.720265
2.458622 0.732759
2.455744 0.728520
2.453253 0.725290
2.584624 0.768372
2.584025 0.769224
2.580423 0.771543
2.585425 0.768222
2.690779 0.803364
2.690593 0.803386
2.684304 0.803813
2.678014 0.804434
2.677353 0.804542
2.679620 0.800070
2.671718 0.805759
2.887398 0.733537
2.881631 0.735768
2.881091 0.736037
2.876452 0.738755
3.012732 0.778381
3.007176 0.772750
3.050350 0.789647
3.051420 0.785207
3.044064 0.789780
3.025235 0.786619
3.018973 0.783668
3.014141 0.780473
3.012842 0.779807
3.007327 0.776278
3.038775 0.789827
3.037778 0.789816
3.038291 0.788142
3.031501 0.788834
3.026985 0.787300
3.025387 0.786478
3.019446 0.784180
3.013457 0.782023
3.281118 0.752463
3.274254 0.752818
3.263983 0.753529
3.267369 0.753231
3.274464 0.756181
3.261894 0.757150
3.267477 0.756889
3.260714 0.758902
3.404932 0.800358
3.405136 0.799480
3.398654 0.799477
3.396340 0.798208
3.399195 0.797163
3.722502 0.768232
3.716224 0.767403
3.709944 0.766815
3.723456 0.767874
3.717061 0.766883
3.705186 0.766973
3.710459 0.766483
3.703657 0.767058
1.442407 1.283148
1.454921 1.289807
1.448666 1.286281
1.445236 1.284647
1.443921 1.279638
1.505086 1.304099
1.467433 1.296974
1.461178 1.293289
1.458854 1.291627
1.455307 1.289645
1.450217 1.284885
1.501514 1.304855
1.505517 1.304338
1.498791 1.305277
1.492508 1.305035
1.486221 1.305160
1.479947 1.303817
1.473681 1.301479
1.468282 1.297712
1.467528 1.297241
1.461644 1.294771
1.455938 1.291792
1.499923 1.304989
1.493088 1.305259
1.486332 1.305299
1.480067 1.303926
1.474031 1.301901
1.468092 1.299597
1.462254 1.297004
1.469041 1.300885
0.074396 0.717043
0.076820 0.715865
0.069970 0.719615
0.069293 0.720017
0.070258 0.719319
1.361095 1.160091
1.360949 1.159913
1.367310 1.168533
1.364627 1.164751
1.362257 1.160539
1.367936 1.169527
1.367513 1.168787
1.370251 1.174108
1.367963 1.171484
1.373506 1.179362
1.373190 1.178840
1.681709 1.266422
1.674452 1.269707
1.670679 1.271102
1.675852 1.267817
1.668150 1.271636
1.661851 1.273280
1.661851 1.273280
1.661851 1.273280
1.655561 1.273969
1.649720 1.274785
1.656678 1.272781
1.649269 1.274815
0.724496 0.708086
0.711954 0.704709
0.730725 0.715037
0.728222 0.711302
0.725297 0.708131
0.719713 0.704800
0.707523 0.706858
0.713095 0.704447
0.705640 0.708199
0.780896 0.728469
0.731323 0.716036
0.731034 0.714997
0.704178 0.710241
0.775424 0.729563
0.774600 0.729693
0.775242 0.727545
0.768309 0.730420
0.734411 0.720797
0.763333 0.731073
0.937585 0.782041
0.912768 0.775310
0.912497 0.775575
0.912602 0.774954
0.976283 0.789689
0.970301 0.787493
0.964164 0.785747
0.958045 0.783951
0.932358 0.783578
0.938683 0.781467
0.931285 0.783789
0.924987 0.785289
0.910172 0.778825
1.006512 0.807464
1.000254 0.804224
0.988171 0.798237
0.982225 0.795940
0.976310 0.793557
0.970392 0.791188
0.923321 0.785732
0.925302 0.785164
1.019037 0.813016
1.012774 0.810295
1.007194 0.807777
1.006533 0.807564
1.000508 0.805497
0.994485 0.803426
0.988504 0.801240
0.982505 0.799109
0.976576 0.796780
1.032086 0.817183
1.038868 0.815479
1.031571 0.817405
1.025288 0.817144
1.021581 0.814927
1.019181 0.813932
1.013100 0.812032
1.007046 0.810057
1.001031 0.807972
0.995029 0.805853
1.032395 0.818686
1.025735 0.818453
1.019682 0.816484
1.323404 0.916312
1.326102 0.923519
1.324765 0.920664
1.326777 0.925180
2.272531 1.243740
2.268602 1.245233
2.266228 1.245865
2.259930 1.247423
2.259890 1.247434
2.253630 1.249083
2.251079 1.249646
2.247336 1.250206
1.189046 0.742684
1.182776 0.740887
1.176495 0.740415
1.195298 0.746667
1.191992 0.744147
1.190006 0.740731
1.184115 0.738290
1.175224 0.740553
1.176978 0.739426
1.170200 0.741508
1.198684 0.749660
1.296966 0.770692
1.290930 0.768653
1.272091 0.764657
1.258584 0.766574
1.265158 0.765209
1.257985 0.766749
1.333218 0.789810
1.252541 0.769359
1.259121 0.767172
1.251675 0.769788
1.331579 0.790378
1.334284 0.787630
1.326918 0.791562
1.320629 0.792054
1.320344 0.792038
1.320691 0.791919
1.314344 0.792103
2.412651 1.156245
2.404934 1.160692
2.403654 1.162798
2.405288 1.161989
2.398778 1.165820
2.406007 1.163889
2.398604 1.166068
2.406536 1.166372
2.392418 1.168557
2.399140 1.168244
2.392295 1.168956
2.462022 1.084958
2.461504 1.085331
2.458355 1.088218
2.455172 1.090921
2.454486 1.091467
2.455565 1.090467
2.451516 1.094936
2.455967 1.093320
2.434383 0.932269
2.434222 0.932635
2.434572 0.932115
2.431939 0.936221
2.428767 0.939648
2.478182 0.956333
2.471913 0.954396
2.464134 0.802056
2.469742 0.798668
2.464923 0.806278
2.469643 0.802919
2.464152 0.810196
2.533440 0.689048
2.529527 0.691264
2.527122 0.693005
2.525393 0.694476
2.607518 0.716137
2.607641 0.720236
2.729135 0.758504
2.727694 0.760412
2.729387 0.753376
2.726522 0.762020
2.784102 0.779627
2.787999 0.783348
2.777859 0.781182
2.777804 0.781196
2.910040 0.722033
2.903360 0.724267
2.900953 0.725330
2.904342 0.722982
2.897053 0.726957
2.894595 0.728068
2.998175 0.754343
2.997376 0.756026
2.997599 0.753577
2.996550 0.758047
2.992607 0.752501
3.054366 0.774531
3.053790 0.774601
3.053959 0.773923
3.047497 0.775586
2.996023 0.762022
3.044552 0.776487
3.041192 0.778001
3.309496 0.744435
3.296601 0.745954
3.302429 0.745374
3.316006 0.749055
3.309430 0.748581
3.297903 0.750287
3.302404 0.749400
3.295517 0.751462
3.291009 0.752905
3.296119 0.752081
3.408380 0.784396
3.414621 0.789748
3.410490 0.786656
3.442921 0.797684
3.439679 0.799710
3.433407 0.798131
3.427134 0.796649
3.420870 0.794104
3.418191 0.792371
3.491678 0.712631
3.484822 0.712963
3.477457 0.716644
3.476580 0.714524
3.477675 0.714137
3.504211 0.719331
3.497551 0.719100
3.489962 0.724649
3.490776 0.719194
3.483712 0.720487
3.482458 0.719847
3.483810 0.719842
3.545287 0.737410
3.541384 0.732732
3.516697 0.726180
3.510250 0.725334
3.502473 0.731826
3.503680 0.724846
3.496220 0.727945
3.491929 0.725961
3.496660 0.725645
3.545614 0.741535
3.540084 0.744044
3.541056 0.737650
3.535123 0.735331
3.528969 0.733651
3.522675 0.732372
3.503820 0.732606
3.539109 0.744238
3.665500 0.779049
3.664880 0.779340
3.665664 0.778990
3.659971 0.782348
3.659178 0.783452
3.657124 0.785839
0.006086 0.760693
-0.000188 0.759290
0.006093 0.760708
-0.000578 0.759295
-0.000169 0.759323
-0.006472 0.759097
-0.012753 0.758617
-0.019031 0.757688
0.007641 0.760207
0.001263 0.759164
-0.005219 0.758418
-0.011456 0.756973
-0.017434 0.754795
1.403699 1.244815
1.403114 1.243568
1.416195 1.253892
1.409930 1.251399
1.406190 1.248277
1.422450 1.257473
1.417880 1.254850
1.416528 1.253514
1.428697 1.262078
1.427142 1.260912
1.423444 1.256995
1.549133 1.287296
1.535298 1.292237
1.434942 1.267036
1.434381 1.266551
1.429796 1.262112
1.535256 1.292246
1.535311 1.292217
1.528997 1.294188
1.441172 1.273768
1.439618 1.271776
1.527536 1.294655
1.529471 1.293584
1.522697 1.296001
1.519156 1.296953
1.523693 1.294812
1.516396 1.297761
0.139431 0.706313
0.129760 0.709088
0.131904 0.708587
0.125291 0.711601
0.132863 0.709784
0.124087 0.711927
0.125410 0.711831
0.118997 0.712772
0.112717 0.712021
1.348863 1.125011
1.351936 1.134052
1.353675 1.138504
1.353665 1.138487
1.356745 1.143230
1.358819 1.147778
1.710968 1.255663
1.731374 1.255321
1.724595 1.255430
1.717835 1.255482
1.710224 1.255693
1.711073 1.255547
1.704674 1.256730
1.768881 1.267767
1.762650 1.266290
1.712315 1.255911
1.701565 1.257885
1.705245 1.256861
1.698373 1.258607
1.692077 1.259868
1.706275 1.257880
1.699349 1.258412
1.691961 1.259909
1.692107 1.259847
1.685777 1.261660
1.683448 1.262200
0.839704 0.714199
0.844313 0.714856
0.837928 0.714086
0.831631 0.715476
0.869239 0.728022
0.867403 0.724207
0.863292 0.722396
0.857308 0.720211
0.851225 0.718314
0.844989 0.716857
0.838505 0.716120
0.829088 0.715985
0.831820 0.715959
0.825338 0.716476
0.819059 0.715684
0.812789 0.713872
0.869503 0.728720
0.869261 0.728583
0.863500 0.725766
0.857673 0.723146
0.851736 0.720842
0.931913 0.749575
0.925650 0.746977
0.919382 0.744902
0.913105 0.743754
0.906827 0.742924
0.900551 0.741782
0.894277 0.740473
0.888006 0.738740
0.870645 0.733059
0.869310 0.732437
0.938166 0.753501
0.933942 0.750683
0.939880 0.746710
0.944397 0.760185
0.941642 0.756417
0.945521 0.753862
1.082354 0.798772
1.089660 0.797171
1.082299 0.798794
1.082363 0.798779
1.076045 0.801496
1.090217 0.799541
1.083097 0.800628
1.076010 0.801511
1.076052 0.801502
1.321381 0.875964
1.324377 0.883280
1.325258 0.887536
1.326697 0.893372
1.325886 0.891766
2.294223 1.217504
2.291941 1.218464
2.288097 1.220245
2.285633 1.221178
2.281711 1.222961
2.279327 1.223783
2.273409 1.225299
1.341388 0.768570
1.336978 0.767621
1.338451 0.767695
1.338506 0.772023
1.338138 0.771944
1.338346 0.771965
1.332049 0.772510
1.339745 0.776392
2.426482 1.143790
2.422591 1.146942
2.422532 1.147005
2.422651 1.146845
2.419751 1.150498
2.423551 1.148246
2.421591 1.155001
2.456026 0.954485
2.449753 0.953089
2.443484 0.951031
2.437224 0.948011
2.436844 0.947795
2.431852 0.943919
2.476332 0.955695
2.469851 0.954943
2.463172 0.954761
2.456669 0.954075
2.450388 0.952748
2.444318 0.950812
2.438380 0.948501
2.432512 0.945991
2.501098 0.965995
2.501226 0.973799
2.499856 0.974606
2.500208 0.972521
2.495167 0.967631
2.496434 0.976853
2.493537 0.978704
2.494293 0.974132
2.488734 0.839366
2.488128 0.839505
2.488325 0.838675
2.481835 0.840534
2.483318 0.833682
2.478999 0.841360
2.475533 0.842593
2.476469 0.837988
2.528478 0.696304
2.525415 0.698970
2.524853 0.699591
2.608104 0.717919
2.608510 0.725674
2.607935 0.722365
2.607004 0.729430
2.606868 0.729837
2.607055 0.728876
2.726221 0.767204
2.725979 0.767377
2.726235 0.766418
2.782399 0.785032
2.776109 0.785674
2.721611 0.770302
2.719660 0.771305
2.784479 0.787841
2.775678 0.785954
2.777702 0.781463
2.769800 0.788584
2.784329 0.791894
2.769569 0.788747
2.769962 0.788328
2.895377 0.729005
2.894739 0.729257
2.895596 0.728755
2.889073 0.731337
2.887922 0.731870
2.889461 0.730985
3.002257 0.764543
3.001993 0.764304
2.997135 0.758864
3.052071 0.782136
3.002381 0.768624
3.001972 0.768314
2.996977 0.763296
3.047792 0.782439
3.045782 0.782518
3.046204 0.780801
3.039484 0.784042
3.003182 0.772882
3.002073 0.772010
3.037689 0.784350
3.033197 0.784285
3.026918 0.783526
3.470330 0.747197
3.462613 0.754085
3.470525 0.750588
3.462573 0.754141
3.456684 0.756892
3.463839 0.754420
3.456265 0.756942
3.551866 0.776665
3.587936 0.795687
3.581674 0.792854
3.575406 0.790693
3.574882 0.790393
3.570173 0.786149
3.600443 0.803373
3.594192 0.799175
3.592355 0.798199
3.588407 0.795848
3.582893 0.792311
3.638877 0.809790
3.606681 0.809038
3.601484 0.804221
3.600601 0.803527
3.595227 0.799600
3.639842 0.816520
3.639364 0.812350
3.607067 0.809502
3.606788 0.809101
3.640529 0.820748
