0.592574 0.768976
0.586300 0.768724
0.592794 0.769229
0.585629 0.769034
0.586401 0.769008
0.580004 0.772555
0.587715 0.774725
0.576303 0.775046
0.580499 0.774941
0.573704 0.777139
0.581651 0.780769
0.569063 0.781164
0.574362 0.781015
0.567401 0.782537
0.561723 0.787288
0.568295 0.787067
0.561097 0.787931
1.762071 0.837641
1.755812 0.834485
1.749538 0.833907
1.743263 0.833853
1.736988 0.833875
1.730713 0.833808
1.724436 0.833967
1.768309 0.844794
1.765646 0.840803
1.763558 0.839852
1.770191 0.847438
1.769536 0.846694
1.774530 0.855065
1.773846 0.854033
1.780763 0.863272
1.778382 0.860668
1.787005 0.869886
1.784295 0.867365
1.793248 0.875941
1.790981 0.874099
1.800988 0.880107
2.113424 0.803317
2.105984 0.809224
2.102648 0.809928
2.099701 0.810493
2.099967 0.809652
2.093424 0.810832
2.093874 0.809275
2.087146 0.811348
2.087812 0.808889
2.080868 0.811784
2.081757 0.808507
2.074589 0.812448
2.075773 0.808097
2.071201 0.814975
2.068291 0.816723
2.064322 0.821126
2.296785 0.839250
2.346938 0.849156
2.340659 0.849823
2.334384 0.849756
2.328111 0.849345
2.321837 0.848800
2.315569 0.847477
2.309305 0.845358
2.303043 0.842689
2.301898 0.842171
2.342329 0.849412
2.335047 0.849661
2.328897 0.849325
2.323426 0.848657
2.768364 0.780070
2.760581 0.782704
2.754297 0.784385
2.748011 0.786400
2.716639 0.785003
2.747827 0.786453
2.741727 0.787865
2.742793 0.785641
2.735445 0.788982
2.729166 0.789853
2.722889 0.790115
2.716827 0.785122
3.110617 0.783493
3.104343 0.783293
3.098069 0.783005
3.091791 0.783537
3.085504 0.785511
3.080338 0.787551
3.086406 0.787308
3.079216 0.787834
3.072939 0.788268
3.066666 0.787731
3.416716 0.785901
3.411461 0.782173
3.441769 0.795336
3.435499 0.794235
3.429231 0.792645
3.422972 0.789573
3.422122 0.789060
3.423476 0.788847
3.460554 0.803112
3.454300 0.799164
3.448036 0.796928
3.446574 0.796551
3.449185 0.796022
3.466807 0.807611
3.461324 0.803640
3.460831 0.803456
3.479309 0.817063
3.473059 0.812109
3.471239 0.810519
3.467437 0.809972
3.479845 0.817341
3.479356 0.817290
3.473851 0.816589
3.492849 0.823753
3.486877 0.823307
3.738288 0.781849
3.735360 0.784784
3.739559 0.784251
3.731973 0.789426
3.730504 0.791011
3.732920 0.790590
3.738199 0.798768
3.731917 0.799959
3.729284 0.797396
3.725630 0.802346
3.719364 0.800550
3.726757 0.803729
3.727391 0.810197
3.731799 0.822699
3.727863 0.816659
3.738062 0.824877
3.732686 0.823301
0.160295 0.798911
0.159231 0.799859
0.160633 0.799720
0.153991 0.804463
0.152165 0.805968
0.154462 0.805792
0.147687 0.809654
0.144222 0.812048
0.148379 0.811831
0.141389 0.814011
0.135099 0.816895
0.142573 0.817746
0.130979 0.817912
0.135402 0.817930
0.128815 0.818436
0.122540 0.818225
0.438044 0.774766
0.431773 0.773864
0.425499 0.773491
0.419226 0.772830
0.412952 0.772671
0.406681 0.771783
0.400415 0.770078
0.394151 0.767750
0.444311 0.776346
0.438110 0.774779
0.438077 0.774757
0.433057 0.773817
0.426550 0.773667
0.420441 0.773318
0.413999 0.773137
0.818293 0.769638
0.817579 0.768623
0.880907 0.796924
0.880166 0.797101
0.874621 0.798792
0.875879 0.796180
0.868341 0.799667
0.862062 0.800454
0.855783 0.801081
0.849505 0.801439
0.843227 0.801891
0.843042 0.801896
0.836950 0.802169
0.834316 0.801530
1.554118 0.811112
1.547857 0.808219
1.541581 0.808370
1.535289 0.811403
1.560375 0.814586
1.559024 0.813723
1.532713 0.812549
1.529001 0.813906
1.522717 0.815359
1.516434 0.816854
1.568060 0.819717
1.586531 0.827170
1.757489 0.837474
1.751217 0.836896
1.763750 0.840231
1.762900 0.839716
1.769987 0.847613
1.769358 0.846431
1.776212 0.857481
1.773334 0.853039
1.782450 0.864553
1.777822 0.859669
1.788695 0.870382
1.784069 0.866376
1.783500 0.865769
1.794940 0.876241
1.791193 0.873122
1.820008 0.882785
1.813733 0.882678
1.807461 0.882067
1.801196 0.880155
1.800858 0.879981
2.124571 0.797065
2.120283 0.798954
2.121221 0.796368
2.113994 0.801360
2.108435 0.802767
2.107710 0.802972
2.107806 0.802685
2.101429 0.804016
2.102033 0.802152
2.095152 0.804312
2.096030 0.801749
2.088873 0.804874
2.082594 0.805573
2.478351 0.778834
2.464090 0.790682
2.463001 0.791969
2.457781 0.797101
2.456937 0.798128
2.451471 0.803796
2.450847 0.804294
2.452123 0.803984
2.445165 0.809533
2.443902 0.810431
2.446092 0.810017
2.438870 0.813259
2.432586 0.814808
2.787391 0.779868
2.781119 0.779351
2.774843 0.779376
2.768565 0.779869
2.767853 0.779933
2.762286 0.780409
2.763391 0.779124
2.756004 0.781569
2.749722 0.782896
2.743441 0.784071
3.159574 0.793640
3.153307 0.792059
3.147033 0.791761
3.197195 0.799846
3.190922 0.799366
3.184653 0.798113
3.178385 0.796750
3.172111 0.796287
3.165837 0.795962
3.162586 0.794698
3.160169 0.794265
3.596438 0.762928
3.593444 0.765052
3.597334 0.764697
3.590142 0.766929
3.585479 0.771125
3.583837 0.772501
3.578872 0.777269
3.577519 0.780415
3.575888 0.783578
3.575111 0.789983
3.574257 0.796388
3.574074 0.802820
-0.001974 0.982596
0.261180 0.803367
0.262512 0.799766
0.254896 0.805053
0.248619 0.805252
0.242353 0.803610
0.236083 0.802390
0.229809 0.802126
0.223533 0.802245
0.217261 0.801602
0.594242 0.773755
0.600481 0.780800
0.595373 0.774919
0.591706 0.774759
0.594361 0.774805
0.587957 0.775726
0.625568 0.783830
0.619285 0.785242
0.613007 0.785759
0.606732 0.785586
0.601220 0.781610
0.600606 0.781510
0.595123 0.780835
0.581672 0.780768
0.588563 0.780715
0.581655 0.780782
0.620527 0.788175
0.613641 0.788220
0.607360 0.787950
0.602058 0.787193
1.144351 0.784125
1.138072 0.784613
1.131806 0.782893
1.125534 0.782338
1.119258 0.782391
1.112977 0.783389
1.150816 0.785392
1.144773 0.784980
1.138189 0.784864
1.132238 0.784413
1.125973 0.784134
1.119508 0.783961
1.112538 0.783806
1.113041 0.783791
1.106685 0.786372
1.150741 0.791841
1.144512 0.791532
1.138201 0.791270
1.132505 0.790690
1.126886 0.790091
1.170654 0.798510
1.156818 0.800173
1.153257 0.798476
1.150600 0.798326
1.144606 0.797892
1.138680 0.797432
1.132928 0.796894
1.163897 0.804897
1.157044 0.804928
1.150815 0.804620
1.144936 0.804131
1.139113 0.803626
1.133370 0.803096
1.157787 0.810940
1.151432 0.810706
1.145559 0.810227
1.903959 0.821867
1.890881 0.822194
1.897117 0.821891
1.889849 0.823457
1.887751 0.828477
1.885870 0.834822
1.883994 0.841169
1.883475 0.842283
1.884302 0.840713
1.881327 0.847483
1.877776 0.853763
1.877132 0.854873
1.878082 0.853254
1.873480 0.860014
1.870815 0.862977
1.868160 0.866227
1.864505 0.869623
2.388093 0.827327
2.381801 0.830431
2.381128 0.830836
2.375504 0.834623
2.371905 0.836858
2.369207 0.838745
2.370881 0.835894
2.362915 0.841688
2.360115 0.842784
2.356626 0.844335
2.350339 0.846450
2.795361 0.779768
2.789089 0.779169
2.782816 0.778513
2.776542 0.778311
2.770266 0.778433
2.763990 0.778456
2.814177 0.781938
2.807904 0.781390
2.801633 0.780536
2.800534 0.780408
3.126536 0.787103
3.120266 0.786028
3.164151 0.794589
3.157887 0.792388
3.151618 0.791074
3.145345 0.790599
3.139075 0.789515
3.132806 0.788402
3.130372 0.787818
3.177336 0.795964
3.171275 0.795563
3.165024 0.795269
3.589379 0.765326
3.578545 0.771808
3.583343 0.771320
3.575852 0.775446
3.573620 0.778012
3.576813 0.777590
3.572460 0.784390
3.573410 0.790864
3.573837 0.797316
3.573967 0.803755
3.573925 0.810188
3.569795 0.816445
3.569360 0.816895
3.569601 0.816305
3.563260 0.822605
3.563054 0.822771
3.563191 0.822529
0.030120 0.719379
0.023842 0.719576
0.042648 0.723604
0.036386 0.721177
0.032387 0.719957
0.037624 0.719481
0.023842 0.719576
0.023842 0.719576
0.017558 0.721205
0.011266 0.724426
0.010022 0.725413
0.011589 0.725301
0.004957 0.730792
0.004158 0.731607
0.087125 0.779807
0.087395 0.786068
0.093433 0.792891
0.099939 0.799458
0.112762 0.806290
0.384318 0.768010
0.363944 0.772245
0.357661 0.773799
0.356736 0.774092
0.351373 0.776055
0.345088 0.778062
0.338805 0.779293
0.336238 0.779634
0.338969 0.779658
0.332525 0.780178
0.326251 0.779883
0.748732 0.775548
0.742457 0.775524
0.767540 0.779238
0.761270 0.778160
0.755003 0.776600
0.751204 0.775973
0.749012 0.775715
0.742068 0.775571
0.742531 0.775550
0.736178 0.776255
0.729896 0.777420
0.723613 0.778978
1.114480 0.772002
1.117720 0.772089
1.111331 0.774194
1.119144 0.778643
1.117910 0.778393
1.109336 0.778196
1.111706 0.778071
1.105015 0.781912
1.079914 0.781749
1.073647 0.780059
1.101740 0.784289
1.105521 0.784161
1.098723 0.785172
1.092444 0.785626
1.086175 0.784473
1.083671 0.783508
1.478740 0.833052
1.471918 0.833762
1.465642 0.833825
1.459365 0.833988
1.453086 0.834795
1.446802 0.836128
1.440517 0.838086
1.440472 0.838099
1.434232 0.839935
1.427949 0.841337
2.019334 0.806665
2.013070 0.804412
2.006790 0.805305
2.031842 0.814964
2.025586 0.811233
2.023047 0.809321
2.019884 0.808853
2.013665 0.808548
2.002127 0.808394
2.007180 0.808385
2.038092 0.819881
2.034014 0.816248
2.014650 0.814466
2.000796 0.814774
2.007769 0.814505
2.058235 0.822989
2.004655 0.821377
2.007506 0.821059
2.014149 0.827561
2.004435 0.827805
2.006814 0.827829
2.000393 0.828548
1.994123 0.827483
1.993788 0.827356
2.449786 0.802281
2.446128 0.805064
2.443483 0.807205
2.438290 0.811142
2.437184 0.811746
2.430898 0.813820
2.424616 0.815160
2.418336 0.815821
2.413306 0.816500
2.412056 0.816725
2.694470 0.776630
2.688205 0.774551
2.689812 0.772076
2.681929 0.774667
2.675646 0.776021
2.669360 0.777937
2.700723 0.780805
2.699580 0.779833
2.701356 0.779550
2.667978 0.778463
2.706958 0.788590
2.705311 0.786522
2.707568 0.786276
2.733476 0.793377
2.719464 0.797275
2.713202 0.794658
2.711669 0.793239
2.714141 0.792808
3.137393 0.787419
3.131122 0.786386
3.124850 0.785703
3.118577 0.785246
3.112303 0.784987
3.106028 0.784776
3.099751 0.785078
3.093470 0.786121
3.138312 0.788599
3.132546 0.788057
3.091236 0.787089
3.559650 0.825919
3.553582 0.830538
3.553350 0.830747
3.547059 0.833370
3.540777 0.834619
3.534498 0.835402
3.541780 0.835876
3.529078 0.835891
3.534934 0.835898
3.528219 0.836031
3.521938 0.837245
3.515661 0.837362
0.207642 0.793233
0.201376 0.791326
0.195105 0.790344
0.188830 0.790385
0.182544 0.792356
0.207887 0.793489
0.202384 0.792790
0.196259 0.792437
0.189693 0.792316
0.182328 0.792488
0.182600 0.792468
0.176249 0.795923
0.220922 0.800203
0.173035 0.798523
0.177233 0.798158
0.169945 0.801369
0.167127 0.804714
0.531959 0.775454
0.525910 0.775047
0.521592 0.781992
0.518386 0.783361
0.518934 0.781553
0.512105 0.784516
0.513524 0.780823
0.505830 0.784476
0.499552 0.784752
0.493274 0.785316
0.486998 0.785440
0.480722 0.785420
0.922005 0.786028
0.915732 0.785524
0.909454 0.785883
0.903171 0.787218
0.896890 0.788410
0.891673 0.789226
0.890609 0.789534
0.890938 0.789015
0.884323 0.791279
1.286399 0.765134
1.283707 0.766240
1.280108 0.768082
1.273819 0.770685
1.271677 0.772130
1.267514 0.776174
1.264850 0.778265
1.261213 0.781113
1.256940 0.784365
1.254912 0.785794
1.569986 0.824461
1.588774 0.831771
1.582510 0.829493
1.576247 0.827138
1.571380 0.825208
1.570134 0.825074
1.633563 0.833875
1.620135 0.835204
1.613860 0.834939
1.607584 0.834939
1.601311 0.834568
1.595042 0.833345
1.591549 0.832506
1.588938 0.832301
1.583181 0.831775
1.615450 0.839074
1.608891 0.838950
1.602558 0.838712
1.596571 0.838306
1.790382 0.871614
1.846820 0.879684
1.796634 0.876222
1.790940 0.872177
1.842467 0.880861
1.840535 0.881430
1.834254 0.882529
1.827975 0.883206
1.821698 0.883383
1.815424 0.883190
1.809153 0.882201
1.802890 0.879911
1.801273 0.879051
2.147114 0.792266
2.140835 0.792642
2.134556 0.793421
2.128278 0.793888
2.121998 0.794777
2.116805 0.795739
2.115716 0.796072
2.116283 0.795405
2.109436 0.796820
2.103152 0.798342
3.211468 0.794442
3.208975 0.795775
3.205179 0.796959
3.198894 0.798898
3.192617 0.799025
3.186345 0.798223
3.180074 0.797538
3.173799 0.797399
0.018555 0.987454
0.012285 0.986364
0.006011 0.986074
-0.000257 0.984673
-0.006531 0.984291
0.037342 0.995164
0.031082 0.992243
0.024817 0.990092
0.022647 0.989123
0.019542 0.988420
0.007477 0.987639
0.043601 0.998216
0.040023 0.996337
0.037959 0.995878
0.063639 1.003107
0.057165 1.002931
0.292469 0.767752
0.289841 0.770621
0.291228 0.766894
0.286331 0.773900
0.283530 0.777256
0.284432 0.773307
0.280892 0.780088
0.277221 0.783737
0.278193 0.779435
0.273485 0.786199
0.270924 0.787891
0.271373 0.785865
0.264628 0.791771
0.263323 0.792203
0.258342 0.793658
0.687209 0.768462
0.680943 0.766510
0.674682 0.763876
0.668406 0.763889
0.662121 0.765692
0.655836 0.767418
0.693614 0.769849
0.687462 0.769496
0.681708 0.768937
0.654083 0.768177
0.649538 0.771754
0.713803 0.776367
0.706947 0.776399
0.700733 0.776082
0.694892 0.775570
0.646004 0.774278
1.024651 0.777365
1.018386 0.775551
1.012117 0.774152
1.005845 0.773345
0.999567 0.773930
1.043446 0.783677
1.037178 0.781992
1.030914 0.779908
1.024651 0.777365
1.032588 0.776778
1.347928 0.771323
1.341664 0.769087
1.335396 0.767414
1.329125 0.766662
1.322850 0.766562
1.316576 0.766347
1.360439 0.778919
1.354185 0.774778
1.350416 0.772694
1.349474 0.771779
1.366689 0.783913
1.361355 0.779617
1.360881 0.779335
1.372934 0.789778
1.369479 0.786416
1.367990 0.785586
1.379168 0.797601
1.376031 0.793144
1.374478 0.792164
1.380388 0.799771
1.379977 0.799266
1.382948 0.806315
1.385348 0.815765
1.384928 0.812833
1.386040 0.819312
1.386030 0.818901
1.391537 0.832331
1.388433 0.825850
1.391584 0.832422
1.391585 0.832393
1.397758 0.842865
1.394445 0.838981
1.404001 0.849022
1.399767 0.845651
1.640668 0.832743
1.638354 0.833605
1.641322 0.833353
1.634378 0.835259
1.628093 0.837124
1.621810 0.838690
1.629098 0.839051
1.617204 0.839104
1.622024 0.839190
1.615531 0.839303
1.609252 0.840110
1.602975 0.840161
1.937205 0.815675
1.957457 0.815939
1.936516 0.815832
1.937216 0.815857
1.930922 0.817240
1.944852 0.821810
1.937960 0.821860
1.926426 0.821801
1.931193 0.821844
1.924616 0.822977
1.918322 0.826527
1.932242 0.827705
1.925133 0.827865
1.916198 0.827782
1.918405 0.827828
1.912034 0.828814
1.905741 0.832115
1.919602 0.833636
1.912787 0.833642
1.902539 0.833633
1.905909 0.833680
1.899451 0.834985
2.241756 0.790241
2.235488 0.788873
2.229214 0.788452
2.222932 0.789798
2.248178 0.791149
2.242226 0.790686
2.236691 0.790017
2.230801 0.789549
2.222150 0.790067
2.223297 0.789909
2.216644 0.792310
2.210353 0.794959
2.261451 0.797732
2.208197 0.795903
2.204062 0.798060
2.262038 0.803822
2.268059 0.810652
2.280478 0.824112
2.579282 0.783253
2.573019 0.780939
2.566750 0.779594
2.560457 0.782974
2.591794 0.790865
2.585537 0.787061
2.583788 0.786014
2.580050 0.785395
2.574173 0.784918
2.567879 0.784661
2.559212 0.784928
2.560996 0.784701
2.554141 0.790591
2.599190 0.792476
2.553790 0.791135
2.548232 0.797344
2.916943 0.750584
2.910671 0.749796
2.904396 0.749479
2.898114 0.750751
2.891825 0.753389
2.924250 0.754675
2.918603 0.754070
2.890928 0.753814
2.892160 0.753680
2.885530 0.757181
2.881700 0.759862
2.879228 0.762320
2.956148 0.775039
3.326773 0.765468
3.328202 0.763199
3.320489 0.766978
3.314201 0.769195
3.312361 0.769747
3.314497 0.769670
3.307915 0.771162
3.301640 0.771090
3.295364 0.771230
3.289081 0.772567
3.315845 0.775394
3.308924 0.775454
3.302707 0.775160
3.632863 0.769315
3.651658 0.775349
3.645395 0.772995
3.639127 0.771619
3.634886 0.770419
3.664172 0.782539
3.657915 0.778886
3.655752 0.777750
3.676686 0.789627
3.670427 0.786436
3.667322 0.784693
3.689218 0.793252
3.682949 0.792038
3.681909 0.791778
3.677761 0.790970
3.709032 0.798840
-0.008212 0.981934
0.010595 0.985612
0.004326 0.984428
-0.001940 0.982620
-0.002577 0.982549
-0.008002 0.982185
0.024320 0.989491
0.282916 0.780527
0.275488 0.791253
0.276514 0.786726
0.271893 0.793534
0.269194 0.794959
0.269668 0.793165
0.262900 0.798488
0.264484 0.792329
0.260117 0.799444
0.256613 0.800456
0.256963 0.799113
0.250333 0.801297
0.251062 0.798659
0.244060 0.800887
0.237785 0.800783
0.666689 0.768348
0.660408 0.769417
0.660373 0.769421
0.654125 0.770844
0.655102 0.768628
0.647839 0.772935
0.642499 0.775059
0.641549 0.775560
0.635255 0.778999
0.632815 0.781082
0.628943 0.786006
0.628257 0.787332
1.010408 0.777133
1.004139 0.775908
0.997863 0.776054
1.024651 0.777365
1.016673 0.779004
1.012746 0.777819
1.017336 0.777642
0.995167 0.777035
0.991573 0.778548
0.985276 0.782724
0.984844 0.783026
0.979083 0.789225
0.978966 0.789313
1.918098 0.802342
1.911324 0.802329
1.924444 0.808998
1.918096 0.808753
1.908063 0.809113
1.910933 0.808951
1.930817 0.815637
1.924442 0.815408
1.918085 0.815170
1.907014 0.815492
1.911203 0.815215
1.924506 0.821783
1.918004 0.821624
1.904750 0.821819
1.911354 0.821546
1.904098 0.822539
1.897802 0.826339
1.891525 0.826631
1.911843 0.827704
1.905000 0.827726
1.898050 0.827804
1.890402 0.827614
1.891716 0.827562
1.899216 0.833624
1.885682 0.833847
1.892626 0.833519
1.885201 0.835935
1.884663 0.840242
1.885523 0.840090
1.882328 0.846583
1.878841 0.852069
2.255968 0.796404
2.249707 0.793818
2.243438 0.792596
2.237172 0.790710
2.230901 0.789649
2.224622 0.790423
2.257659 0.797097
2.256259 0.796867
2.262205 0.804023
2.261805 0.803714
2.274691 0.816444
2.268442 0.811370
2.267567 0.810403
2.275274 0.817181
2.275194 0.816882
2.280923 0.824750
2.280579 0.823850
2.287141 0.835744
2.283160 0.830396
2.282479 0.829459
2.299652 0.843369
2.293390 0.840878
2.288372 0.837062
2.288400 0.836332
2.300726 0.843419
2.625964 0.786291
2.618600 0.788926
2.612316 0.790423
2.606033 0.792036
2.593483 0.791655
2.587224 0.788553
2.580957 0.786930
2.574685 0.786138
2.568408 0.786456
2.602968 0.792316
2.599753 0.792666
2.595557 0.791989
2.594734 0.791261
2.939082 0.764774
2.932822 0.761764
2.945334 0.769284
2.942502 0.767023
2.951584 0.774140
2.951299 0.773838
2.957825 0.780703
2.957716 0.780552
2.960925 0.787127
2.964021 0.795830
2.962582 0.793636
2.965514 0.800199
2.965107 0.799577
2.995646 0.807967
2.995335 0.808129
2.996347 0.807410
2.989044 0.811176
2.982756 0.813601
2.970222 0.810230
2.967531 0.806723
2.977121 0.813575
2.976480 0.813568
2.976413 0.813544
3.369564 0.754463
3.363292 0.753681
3.357018 0.753561
3.350735 0.754903
3.382076 0.761920
3.375823 0.757762
3.374297 0.756701
3.388330 0.766102
3.384855 0.763602
3.394570 0.772824
3.392542 0.770377
3.407070 0.782740
3.400819 0.777978
3.399424 0.777118
3.413315 0.788628
3.408540 0.783961
3.415528 0.790709
3.419539 0.798332
3.419110 0.797301
3.419984 0.797079
3.426018 0.803907
0.215584 0.798280
0.209320 0.796001
0.203053 0.794350
0.196781 0.793579
0.190504 0.794059
0.184218 0.796095
0.234384 0.803491
0.228115 0.802010
0.221847 0.800659
0.219013 0.799570
0.216012 0.799190
0.210077 0.798745
0.203918 0.798420
0.532678 0.774433
0.526407 0.773504
0.545198 0.780333
0.538921 0.780681
0.533790 0.775115
0.532870 0.774960
0.522663 0.774620
0.527148 0.774394
0.520117 0.776101
0.521788 0.773667
0.513823 0.779841
0.552242 0.781921
0.545500 0.781890
0.539047 0.781705
0.533360 0.781116
0.528000 0.780383
0.509844 0.780504
0.507542 0.780816
0.507720 0.780319
0.501261 0.781988
0.540116 0.787556
0.533963 0.787226
0.901467 0.789337
0.896523 0.790411
0.895183 0.790876
0.895609 0.790122
0.888899 0.792563
0.882616 0.793966
0.876333 0.795321
0.872992 0.795802
0.870052 0.796421
0.870508 0.795447
0.863770 0.797534
0.857491 0.798262
1.267343 0.779358
1.265799 0.780520
1.266452 0.778936
1.259498 0.785086
1.258944 0.785407
1.253203 0.788970
1.249634 0.791429
1.246904 0.793407
1.240610 0.796933
1.239101 0.797414
1.234324 0.798820
1.516686 0.820236
1.513022 0.821731
1.506734 0.823984
1.500448 0.825909
1.500372 0.825927
1.494163 0.827733
1.495845 0.824801
1.487881 0.829073
1.481599 0.830177
1.475321 0.830689
2.033536 0.814750
2.027265 0.813817
2.020992 0.813519
2.058599 0.822311
2.039806 0.816045
2.038591 0.815464
2.033615 0.815199
2.027443 0.814876
2.015639 0.814475
2.021144 0.814621
2.014706 0.815413
2.056971 0.822716
2.059138 0.822497
2.052315 0.823952
2.046040 0.823866
2.043246 0.822102
2.040014 0.821824
2.034057 0.821391
2.027873 0.821079
2.021366 0.820933
2.014664 0.823556
2.014860 0.820786
2.046741 0.828279
2.040153 0.828171
2.033959 0.827861
2.027589 0.827644
2.018856 0.827491
2.021041 0.827516
2.429987 0.811764
2.436812 0.811294
2.429213 0.812060
2.422927 0.814144
2.416643 0.815678
2.410362 0.816855
2.408688 0.817241
2.411536 0.816709
2.404077 0.818683
2.397795 0.819989
2.391510 0.821554
2.388891 0.822834
2.689912 0.771930
2.702433 0.777752
2.696176 0.774100
2.690316 0.772043
2.688295 0.771958
2.708681 0.782954
2.703954 0.779061
2.747964 0.786485
2.740017 0.791064
2.733732 0.792822
2.714917 0.790534
2.712175 0.785853
2.716581 0.785143
2.731970 0.793160
2.727450 0.794040
2.728141 0.792597
2.721173 0.794241
2.716989 0.792498
2.722311 0.792101
3.050828 0.768468
3.044555 0.767986
3.050949 0.768824
3.040318 0.768417
3.044784 0.768483
3.038276 0.768742
3.031975 0.773614
3.064071 0.775491
3.058292 0.774942
3.031287 0.774452
3.032841 0.774036
3.025673 0.778686
3.077166 0.782172
3.070765 0.781956
3.064662 0.781583
3.023982 0.780575
3.019365 0.784654
3.017272 0.786733
3.449736 0.795569
3.443473 0.793220
3.455996 0.798796
3.450187 0.795762
3.450153 0.795537
3.462237 0.805333
3.460320 0.802632
3.468462 0.814867
3.465141 0.809276
3.463112 0.808705
3.480974 0.822474
3.474712 0.819793
3.469525 0.815902
3.468631 0.815768
3.506045 0.828433
3.499775 0.827277
3.493510 0.825359
3.487241 0.824144
3.482438 0.822899
3.481077 0.822780
3.475471 0.822170
3.519272 0.830579
3.512866 0.830366
3.506628 0.830062
3.500678 0.829612
3.494931 0.829068
0.067437 1.011978
0.073674 1.019265
0.069570 1.014058
0.079920 1.024802
0.075973 1.020767
0.073899 1.020557
0.082544 1.027484
0.080209 1.027224
0.379912 0.766712
0.417535 0.772614
0.411261 0.772163
0.404990 0.771180
0.398722 0.769871
0.392454 0.768306
0.386184 0.767320
0.380960 0.766797
0.379757 0.766745
0.373629 0.768165
0.812175 0.763873
0.815689 0.763587
0.808655 0.764987
0.802368 0.767236
0.796081 0.769457
0.795758 0.769564
0.796346 0.769439
0.789793 0.771916
0.783499 0.775277
0.783125 0.775452
0.777210 0.777855
0.824472 0.783719
0.822249 0.782949
0.822736 0.790067
0.821748 0.789630
0.827299 0.799979
0.824841 0.796592
0.833544 0.805877
0.830000 0.803255
1.175519 0.792056
1.178368 0.791603
1.172425 0.798343
1.171062 0.800304
1.167744 0.804563
1.164740 0.809346
1.139644 0.808089
1.133394 0.803266
1.133175 0.803076
1.163066 0.810790
1.165738 0.810342
1.158441 0.813759
1.152163 0.814165
1.145899 0.811911
1.141889 0.809880
1.500424 0.825943
1.492458 0.829966
1.486176 0.831156
1.479896 0.832011
1.476510 0.832278
1.473618 0.832499
1.474279 0.831808
1.467341 0.832821
1.461063 0.833154
1.454784 0.833884
1.448505 0.834610
1.866668 0.868101
1.861101 0.872776
1.859197 0.874189
1.854804 0.876808
1.848513 0.879861
1.847681 0.880107
1.849368 0.879698
1.842227 0.881723
1.835946 0.882830
1.829667 0.883458
1.823391 0.883540
2.198097 0.797396
2.201427 0.797104
2.194395 0.798831
2.188110 0.800726
2.181831 0.801303
2.175557 0.800883
2.169291 0.799095
2.163019 0.798439
2.156741 0.798925
2.150472 0.797703
2.188733 0.803036
2.182020 0.802990
2.175615 0.802784
2.169370 0.802498
2.163288 0.802135
2.176475 0.808766
2.170033 0.808587
2.473837 0.774643
2.467551 0.776524
2.486347 0.782537
2.480096 0.777980
2.479614 0.777894
2.474280 0.777417
2.466881 0.777355
2.492580 0.790574
2.488018 0.784694
2.486716 0.784426
2.493172 0.791354
2.492731 0.791248
2.498812 0.799023
2.497956 0.797998
2.493951 0.797054
2.530128 0.810833
2.523851 0.811161
2.517577 0.810862
2.511308 0.809673
2.505058 0.804806
2.504995 0.804741
2.499872 0.803915
2.531209 0.811710
2.524347 0.811745
2.517982 0.811514
2.511863 0.811157
2.506316 0.810517
2.797057 0.779184
2.790785 0.778676
2.842511 0.780409
2.834692 0.783058
2.828418 0.782470
2.822147 0.781744
2.815875 0.781075
2.809601 0.780734
2.803330 0.779914
2.798396 0.779355
2.797508 0.779073
3.232062 0.780404
3.228406 0.782797
3.233360 0.782259
3.225760 0.785349
3.222396 0.788958
3.227304 0.788292
3.219452 0.791556
3.213163 0.794269
3.211344 0.794910
3.206879 0.795775
3.200596 0.797152
3.574636 0.797996
3.574937 0.804240
3.575512 0.811247
3.573961 0.813294
3.574799 0.810727
3.571034 0.817471
3.567647 0.820440
3.563733 0.823574
3.561346 0.825317
3.556796 0.829705
3.555037 0.831820
3.548741 0.835783
3.548674 0.835793
3.548779 0.835776
3.542460 0.836847
0.038090 0.718999
0.031818 0.718318
0.050606 0.725709
0.044349 0.722210
0.038828 0.719271
0.038206 0.719179
0.028691 0.718838
0.032091 0.718831
0.025536 0.719611
0.063122 0.732525
0.056862 0.729523
0.051699 0.726269
0.051429 0.725792
0.075636 0.739541
0.069380 0.735849
0.064959 0.733292
0.064763 0.732349
0.076296 0.740236
0.075869 0.740077
0.070951 0.739081
0.081860 0.749452
0.079910 0.746830
0.076532 0.746132
0.083681 0.753430
0.082225 0.753136
0.076991 0.752308
0.085873 0.759958
0.082587 0.759353
0.085465 0.766368
0.082413 0.765859
0.083213 0.772696
0.081977 0.772504
0.077084 0.771522
0.083226 0.779129
0.081978 0.778917
0.087924 0.789811
0.085248 0.785651
0.082659 0.784982
0.094165 0.796547
0.089831 0.792288
0.088390 0.791951
0.106673 0.804832
0.100413 0.801753
0.096842 0.799031
0.094766 0.798588
0.112938 0.806884
0.110403 0.806075
0.107115 0.805663
0.101511 0.805033
0.127142 0.812271
0.660405 0.769425
0.646126 0.776540
0.646328 0.776098
0.639846 0.777455
0.633560 0.779374
0.628314 0.781835
0.627268 0.782645
0.622235 0.788004
0.620956 0.789399
0.614664 0.792607
0.608392 0.791950
0.614907 0.793993
1.010042 0.777911
1.003173 0.777950
0.996148 0.780106
0.997212 0.777496
0.989865 0.781407
0.983578 0.783677
0.983115 0.783908
0.977282 0.787627
0.972031 0.789855
0.978889 0.789258
0.970992 0.790157
0.964708 0.791870
0.958427 0.793026
1.308612 0.765314
1.302338 0.764962
1.296066 0.764441
1.289789 0.764484
1.333698 0.768420
1.327427 0.767525
1.321155 0.766877
1.314884 0.765927
1.310140 0.765454
1.308684 0.765350
1.302512 0.765029
1.288621 0.764539
2.221236 0.790200
2.219025 0.790915
2.214948 0.792690
2.208659 0.795147
2.204829 0.796706
2.202370 0.797773
2.196074 0.801585
2.194358 0.802684
2.197171 0.802201
2.189778 0.805451
2.183486 0.808601
2.183375 0.808658
2.183519 0.808647
2.558791 0.777615
2.572441 0.779416
2.566541 0.778934
2.557860 0.779410
2.559192 0.779229
2.585162 0.786303
2.555651 0.785740
2.552451 0.789920
2.551156 0.791970
2.546136 0.797622
2.545710 0.798166
2.547138 0.797670
2.540901 0.804395
2.539816 0.805817
2.536350 0.810642
2.533503 0.813055
2.883597 0.754604
2.872503 0.761381
2.869549 0.765380
2.867496 0.767584
2.863246 0.770443
2.856958 0.772857
2.855434 0.773485
2.857608 0.773215
2.850662 0.776873
2.845505 0.779498
2.844371 0.779908
2.838093 0.780117
2.876993 0.812259
2.883219 0.818969
2.876508 0.818923
2.870066 0.818744
2.889706 0.825549
2.882945 0.825527
2.876305 0.825446
2.889719 0.831965
2.883034 0.831907
3.287187 0.776144
3.279370 0.781763
3.273090 0.782647
3.266821 0.781489
3.260551 0.780463
3.254276 0.780347
3.248913 0.781767
3.247991 0.782074
3.241707 0.783711
3.623225 0.764545
3.616963 0.762092
3.610690 0.761660
3.604409 0.762647
3.624583 0.765465
3.623839 0.765066
3.600937 0.764404
3.605349 0.764063
3.598117 0.765855
3.591819 0.769956
3.591362 0.770427
3.592053 0.770328
3.585517 0.775070
3.583599 0.776541
0.040700 1.000539
0.034441 0.997298
0.065770 1.006614
0.059499 1.005943
0.053230 1.004631
0.046961 1.003414
0.041567 1.000917
0.040855 1.000803
0.078289 1.012883
0.072029 1.009915
0.070122 1.008578
0.066365 1.008078
0.060354 1.007679
0.084536 1.018379
0.081168 1.015497
0.078646 1.015176
0.072914 1.014626
0.090772 1.025981
0.088771 1.022268
0.085202 1.021719
0.079569 1.021121
0.092268 1.028856
0.091078 1.028618
0.085775 1.027844
0.312151 0.752150
0.318416 0.754441
0.317470 0.754028
0.309244 0.753666
0.312475 0.753619
0.305859 0.755307
0.330905 0.766186
0.324655 0.761310
0.324044 0.760752
0.318890 0.760237
0.313306 0.759617
0.299984 0.759705
0.299560 0.759951
0.293262 0.764189
0.343415 0.774035
0.337150 0.771977
0.332424 0.767560
0.331049 0.767410
0.325192 0.766912
0.319446 0.766371
0.350203 0.774492
0.343521 0.774429
0.337405 0.774058
0.331451 0.773610
0.325545 0.773148
0.319765 0.772635
0.332358 0.779562
0.326131 0.779275
0.740766 0.775078
0.734488 0.775541
0.754206 0.776573
0.731436 0.776072
0.735211 0.775821
0.728206 0.776665
0.721924 0.777964
0.715642 0.779175
0.709362 0.780030
0.703086 0.780284
1.032624 0.776695
1.026362 0.773983
1.020095 0.772489
1.070246 0.782836
1.063969 0.783104
1.057694 0.782903
1.051422 0.782145
1.045156 0.780387
1.038890 0.778618
1.032801 0.776767
1.040021 0.776461
1.343358 0.768867
1.355874 0.775708
1.349618 0.771822
1.349344 0.771695
1.362124 0.780602
1.359692 0.778574
1.368370 0.786171
1.367549 0.785349
1.374613 0.792412
1.374304 0.792079
1.380841 0.801495
1.379349 0.798735
1.382479 0.805306
1.382005 0.804630
1.384466 0.811828
1.387018 0.820513
1.386286 0.818343
1.388900 0.824892
1.393218 0.834850
1.391585 0.831445
1.424539 0.845687
1.399453 0.842554
1.394821 0.838021
1.424435 0.845770
1.418246 0.849024
1.411964 0.850307
1.405701 0.847838
1.401461 0.844746
1.407341 0.844100
1.688025 0.824873
1.681754 0.824001
1.675483 0.823247
1.669207 0.823081
1.662926 0.824140
1.701471 0.827499
1.695666 0.826965
1.658104 0.826103
1.656637 0.826787
1.650340 0.831037
1.648828 0.832149
1.998853 0.799257
2.006153 0.802511
1.994810 0.802611
1.999356 0.802510
1.992537 0.806823
1.998769 0.815297
2.000093 0.808534
1.992507 0.812625
1.990586 0.808852
1.992732 0.808830
1.986228 0.813186
2.031499 0.816334
1.999245 0.815671
1.989721 0.815247
1.984155 0.815003
1.986407 0.814994
1.979930 0.817491
2.001708 0.822213
1.998723 0.824162
1.992452 0.823097
1.989588 0.821676
1.986721 0.821251
1.973680 0.820989
1.980430 0.820991
1.973637 0.820998
1.967347 0.823497
1.999840 0.827917
1.994077 0.827393
2.381378 0.831095
2.367500 0.841145
2.361727 0.843816
2.361209 0.844100
2.361526 0.843624
2.354920 0.846695
2.348634 0.848579
2.342397 0.849401
2.342354 0.849407
2.342371 0.849391
2.336078 0.849566
2.329804 0.849322
2.659688 0.779707
2.657200 0.779912
2.660638 0.779510
2.653410 0.780341
2.647130 0.781136
2.640846 0.782527
2.634567 0.783322
2.628288 0.784032
2.635883 0.784675
2.625265 0.784945
2.622002 0.786043
3.038116 0.768412
3.030287 0.772356
3.028553 0.775311
3.023978 0.778774
3.022011 0.781446
3.017660 0.786941
3.017036 0.787659
3.012197 0.793885
3.011344 0.794749
3.012189 0.793422
3.006251 0.800068
3.005035 0.801042
3.383766 0.762516
3.377506 0.759629
3.390020 0.766823
3.383914 0.762610
3.383824 0.762575
3.396264 0.772773
3.393164 0.769441
3.408767 0.781950
3.402519 0.776807
3.401609 0.776242
3.415015 0.787224
3.410305 0.783056
3.421256 0.793994
3.418113 0.789832
3.446325 0.800322
3.440051 0.799836
3.441254 0.796608
3.433777 0.799620
3.434739 0.796458
3.427508 0.798415
3.423925 0.796522
3.428065 0.796392
3.472886 0.810702
0.013972 0.987613
0.032763 0.994371
0.026499 0.992223
0.020239 0.989359
0.014864 0.987832
0.011887 0.987707
0.014059 0.987750
0.007695 0.987943
0.051552 1.001830
0.045282 1.000512
0.039023 0.997387
0.034508 0.995112
0.033111 0.994856
0.027786 0.994115
0.076630 1.006207
0.070365 1.004287
0.064093 1.003662
0.057817 1.003744
0.053634 1.002387
0.051770 1.002177
0.045979 1.001651
0.077576 1.009330
0.071765 1.008803
0.084021 1.015931
0.090398 1.022569
0.095992 1.029634
0.317825 0.747978
0.323862 0.754804
0.318368 0.754096
0.305303 0.754472
0.304167 0.755173
0.324592 0.760815
0.297988 0.760572
0.297863 0.760674
0.291558 0.766057
0.290669 0.766684
0.285259 0.770514
0.282372 0.772764
0.278955 0.776109
0.275911 0.778934
0.676357 0.767378
0.670097 0.764348
0.720244 0.775518
0.688874 0.774001
0.682611 0.771379
0.677699 0.768251
0.676715 0.768013
0.727733 0.776185
0.715532 0.776350
0.720751 0.776284
0.713962 0.776691
0.707679 0.777931
0.701405 0.777715
0.695138 0.776203
0.692763 0.775337
0.689280 0.774956
1.111192 0.771942
1.104438 0.778327
1.097175 0.778582
1.090777 0.780742
1.084495 0.782044
1.078219 0.782031
1.071944 0.781859
1.065672 0.781098
1.059402 0.780137
1.053133 0.778934
1.046866 0.777082
1.098454 0.784301
1.091838 0.784204
1.085650 0.783886
1.445103 0.837408
1.440977 0.839089
1.438814 0.839861
1.440489 0.838116
1.432528 0.841891
1.426242 0.843872
1.407415 0.843916
1.401159 0.840214
1.423595 0.844755
1.419956 0.845881
1.420688 0.844230
1.413678 0.846299
1.407811 0.844081
1.689713 0.825943
1.683443 0.824846
1.677174 0.823640
1.670901 0.823177
1.714798 0.829197
1.708523 0.829097
1.702252 0.828306
1.695982 0.827240
1.693314 0.826679
1.690231 0.826253
2.167635 0.792007
2.161360 0.791943
2.155082 0.792337
2.148805 0.792524
2.142528 0.792941
2.136248 0.793801
2.129972 0.793717
2.123697 0.793712
2.187324 0.797383
2.181368 0.796924
2.175406 0.796478
2.169195 0.796171
2.162776 0.795973
2.156279 0.795818
2.150074 0.795517
2.143742 0.795283
2.137133 0.795187
2.484681 0.777195
2.478399 0.778521
2.486841 0.779193
2.484948 0.778942
2.478194 0.778800
2.479354 0.778299
2.472111 0.780855
2.473417 0.777852
2.467460 0.777427
2.491790 0.785330
2.467583 0.784761
2.465806 0.786518
2.466325 0.784420
2.497671 0.792237
2.462573 0.790979
2.459482 0.795752
2.498613 0.798142
2.458465 0.797242
2.505044 0.804750
2.453972 0.803493
2.453161 0.804490
2.912353 0.751955
2.906084 0.750772
2.899803 0.751805
2.937411 0.760520
2.931150 0.757797
2.924884 0.755827
2.918617 0.754098
2.918408 0.754054
2.912925 0.753501
2.949922 0.768032
2.943668 0.764065
2.938808 0.761386
2.937669 0.761184
2.932287 0.760448
2.950281 0.768335
2.950002 0.768274
2.944866 0.767391
2.956162 0.775096
2.956121 0.775030
2.951529 0.773879
2.962374 0.787190
2.960018 0.781636
2.957792 0.780575
2.962753 0.788189
2.962557 0.788068
2.963190 0.794637
2.963112 0.794180
2.968548 0.806504
2.967034 0.801240
2.994940 0.808169
2.974793 0.812313
2.968883 0.807754
2.968702 0.807650
2.976462 0.813556
3.347334 0.757680
3.347641 0.757303
3.341053 0.758589
3.334768 0.760207
3.328480 0.762605
3.327337 0.763004
3.322185 0.766480
3.319958 0.769120
3.323335 0.768630
3.315934 0.775388
3.315863 0.775451
3.665861 0.783355
3.659611 0.778591
3.672113 0.787906
3.666296 0.783703
3.666150 0.783540
3.709722 0.796534
3.703450 0.795703
3.697180 0.794635
3.690909 0.793849
3.684640 0.792645
3.678371 0.791285
3.676362 0.790568
3.712200 0.798580
3.715950 0.805581
3.715797 0.805172
3.716060 0.805122
3.717685 0.811687
3.719480 0.818198
3.722125 0.824839
3.722059 0.824744
3.722185 0.824715
3.734624 0.834702
3.736243 0.830882
3.728362 0.832042
3.727537 0.831422
3.728756 0.831248
0.029643 0.720112
0.023842 0.719576
0.015855 0.723170
0.009570 0.725051
0.007712 0.726270
0.003267 0.730117
0.000988 0.732406
-0.003044 0.736972
0.464810 0.780420
0.458544 0.778618
0.452276 0.777111
0.446008 0.775688
0.439738 0.774572
0.433466 0.773929
0.427190 0.774055
0.471077 0.782089
0.469803 0.781644
0.822882 0.768398
0.816628 0.764386
0.810352 0.764538
0.804063 0.767116
0.823958 0.769838
0.823130 0.769656
0.818189 0.768708
0.799555 0.768782
0.797775 0.769344
0.824006 0.776273
0.822826 0.779061
0.823135 0.776069
0.821377 0.782593
0.822747 0.794237
0.820370 0.788986
0.828988 0.800714
0.823511 0.795558
0.823160 0.795312
0.855452 0.803409
0.854075 0.803794
0.854363 0.803191
0.847794 0.804835
0.848883 0.802490
0.841518 0.805022
0.843216 0.801909
0.835247 0.804076
0.831686 0.802349
1.306930 0.763140
1.300654 0.763123
1.294376 0.763653
1.288094 0.764880
1.320380 0.766360
1.314723 0.765748
1.285666 0.765344
1.281810 0.766446
1.275524 0.768453
1.270736 0.771144
1.269227 0.772386
1.667515 0.822902
1.661234 0.824070
1.654945 0.826575
1.654356 0.826903
1.655514 0.826624
1.648650 0.830122
1.644553 0.832902
1.642352 0.834420
1.636059 0.837832
1.633702 0.838873
1.636796 0.838601
1.629771 0.840306
1.992170 0.802721
1.984941 0.802960
1.978298 0.805699
1.985784 0.808910
1.974114 0.809103
1.978838 0.808988
1.971989 0.812043
1.998592 0.815744
1.992138 0.815559
1.979565 0.815016
1.970092 0.815352
1.972297 0.815263
1.965679 0.818699
1.998076 0.822434
1.992107 0.821988
1.973633 0.820988
1.961043 0.821388
1.966461 0.821177
1.959385 0.822246
1.953096 0.824831
1.946808 0.827217
1.946808 0.827217
1.946808 0.827217
2.251391 0.795756
2.257645 0.799782
2.251723 0.795896
2.251441 0.795857
2.263884 0.806771
2.260554 0.802708
2.270123 0.813598
2.265521 0.809357
2.276373 0.818450
2.273998 0.816157
2.279711 0.822841
2.282592 0.829553
2.282457 0.829395
2.295084 0.840624
2.288831 0.836347
2.288533 0.836095
2.290201 0.835418
2.326419 0.848967
2.320146 0.848441
2.313876 0.847368
2.307609 0.845614
2.301345 0.843408
2.300325 0.843044
2.639149 0.783375
2.632868 0.784384
2.626585 0.785647
2.625726 0.785918
2.620301 0.787400
2.614017 0.788953
2.607731 0.791045
2.605189 0.791460
2.601450 0.792170
2.595180 0.791123
2.594930 0.791029
3.016679 0.788635
3.015952 0.789878
3.016914 0.788080
3.012114 0.794854
3.009635 0.797609
3.006491 0.801032
3.003330 0.803318
2.997035 0.806938
2.996805 0.807041
2.990746 0.809582
2.984457 0.812018
2.980585 0.812790
3.367868 0.754948
3.361591 0.755306
3.355317 0.755020
3.349039 0.755374
3.375004 0.757208
3.343258 0.756305
3.342758 0.756398
3.336474 0.757957
3.330184 0.760893
3.327940 0.762094
3.739965 0.785083
0.001663 0.733363
-0.003825 0.739604
-0.004757 0.740434
-0.004140 0.739233
0.390760 0.768532
0.384487 0.767961
0.378212 0.767893
0.379628 0.766897
0.371928 0.769430
0.365644 0.771130
0.359359 0.772991
0.358867 0.773226
0.353067 0.776163
0.788093 0.773036
0.782708 0.776395
0.781797 0.776957
0.783115 0.775664
0.775511 0.778879
0.769236 0.778918
0.762962 0.778344
0.756693 0.777275
0.750422 0.776475
1.185463 0.770454
1.183274 0.772117
1.181229 0.778455
1.181104 0.784881
1.180169 0.791273
1.179067 0.793590
1.176992 0.797569
1.172744 0.802445
1.171589 0.803773
1.167004 0.810018
1.166426 0.810688
1.533586 0.813121
1.532785 0.813533
1.527298 0.815505
1.521014 0.817205
1.515156 0.819176
1.514727 0.819340
1.514894 0.819071
1.508440 0.821563
1.502156 0.823344
1.495872 0.824760
1.495716 0.824781
1.971687 0.809180
1.959207 0.815858
1.964882 0.815595
1.957718 0.817053
1.951426 0.820332
1.959090 0.821471
1.947727 0.821769
1.951882 0.821686
1.945137 0.822866
1.938847 0.825749
1.935119 0.827651
1.939398 0.827522
1.932553 0.829049
1.926259 0.832598
1.923711 0.833605
1.926595 0.833542
1.919970 0.835198
2.429022 0.811835
2.408667 0.817295
2.406429 0.818124
2.402377 0.819743
2.396091 0.821767
2.390875 0.823858
2.389802 0.824423
2.390258 0.823575
2.383509 0.827737
2.379991 0.829822
2.377212 0.831778
2.370915 0.835838
2.370843 0.835875
2.686497 0.777311
2.680225 0.776573
2.673948 0.776955
2.667668 0.777744
2.662216 0.779154
2.661384 0.779461
2.655095 0.781840
2.648811 0.783406
2.642529 0.784681
2.641894 0.784726
2.642555 0.784740
3.052494 0.773738
3.046229 0.771844
3.039953 0.771736
3.083829 0.782098
3.058743 0.778902
3.054383 0.774502
3.052694 0.774316
3.047027 0.773747
3.034785 0.773670
3.103798 0.782477
3.097515 0.782195
3.090874 0.782110
3.083370 0.782225
3.083871 0.782222
3.077547 0.783250
3.071269 0.783665
3.064997 0.782918
3.061458 0.781246
3.059060 0.780957
3.079080 0.787573
3.072518 0.787451
3.066361 0.787126
3.488913 0.828162
3.482649 0.826087
3.553235 0.830591
3.532819 0.832754
3.526541 0.833011
3.520264 0.833389
3.513988 0.833507
3.507715 0.832882
3.501446 0.831561
3.495181 0.829672
3.491632 0.828790
3.489051 0.828606
3.528149 0.835890
3.521381 0.835874
3.514950 0.835685
3.508805 0.835354
0.180863 0.789922
0.174572 0.792749
0.174086 0.793102
0.174733 0.793035
0.168273 0.797281
0.166224 0.799180
0.169017 0.798874
0.161965 0.803608
0.160225 0.805352
0.162486 0.805154
0.155656 0.809791
0.153744 0.811511
0.156117 0.811355
0.149353 0.815113
0.145652 0.817611
0.565746 0.774960
0.521825 0.773622
0.573222 0.775194
0.564917 0.775524
0.565899 0.775478
0.559440 0.780898
0.521896 0.773652
0.521831 0.773645
0.567070 0.781267
0.558612 0.781671
0.559585 0.781628
0.553142 0.785099
0.546855 0.787274
0.528060 0.781319
0.527592 0.780331
0.560975 0.787325
0.553777 0.787527
0.545640 0.787537
0.546922 0.787554
0.540568 0.789347
0.534297 0.788562
0.531152 0.786921
0.973045 0.784451
0.976128 0.784281
0.969319 0.786391
0.963031 0.788799
0.970851 0.789884
0.957713 0.790190
0.963716 0.790059
0.956747 0.790454
0.950462 0.791974
0.944183 0.792761
0.937909 0.792523
0.931640 0.791367
1.207709 0.764337
1.201433 0.764314
1.220222 0.771713
1.213970 0.767286
1.209161 0.764880
1.207886 0.764725
1.200593 0.764512
1.201602 0.764461
1.195151 0.765587
1.220343 0.771804
1.220236 0.771791
1.214877 0.771048
1.223427 0.778375
1.220723 0.777954
1.259237 0.785572
1.251495 0.791680
1.226395 0.791336
1.224195 0.784842
1.220939 0.784263
1.250103 0.792436
1.245201 0.795056
1.238915 0.797094
1.232643 0.796444
1.226407 0.791374
1.226397 0.791372
1.221280 0.790515
1.233353 0.797708
1.227364 0.797296
1.555806 0.811989
1.549550 0.808321
1.543279 0.807440
1.536990 0.809999
1.562060 0.816147
1.557082 0.812654
1.556195 0.812398
1.580838 0.825516
1.574576 0.822900
1.568314 0.820157
1.567255 0.819533
1.563092 0.818770
1.593367 0.829655
1.587100 0.828070
1.583553 0.826692
1.581179 0.826384
1.575646 0.825723
1.613277 0.833818
1.606934 0.833570
1.600728 0.833249
1.594788 0.832793
1.877374 0.854725
1.875425 0.857702
1.873074 0.860960
1.869111 0.864910
1.867348 0.867138
1.862802 0.871477
1.860877 0.873290
1.856501 0.876166
1.850698 0.879293
1.850208 0.879551
1.843922 0.881552
2.544443 0.797321
2.543495 0.799047
2.539507 0.805297
2.538118 0.806891
2.533356 0.811456
2.531813 0.812410
2.525529 0.814059
2.519252 0.814187
2.512981 0.813421
2.506716 0.811445
2.856110 0.774497
2.855254 0.775064
2.855915 0.774101
2.848964 0.777690
2.842675 0.780141
2.841273 0.780261
2.843168 0.780065
2.836397 0.780675
2.830122 0.780680
2.823846 0.780689
2.817571 0.780388
3.258867 0.778701
3.252590 0.778896
3.246310 0.779765
3.240029 0.780836
3.247862 0.781794
3.235462 0.782132
3.240872 0.781891
3.233742 0.783015
3.227752 0.788237
3.227437 0.788464
3.221145 0.791725
3.731795 0.785610
3.730279 0.789610
3.736529 0.794432
3.730253 0.794477
3.728781 0.791902
3.711413 0.796931
3.705138 0.796958
3.698865 0.796403
3.692593 0.795649
3.737912 0.797931
3.731174 0.797900
3.717679 0.798796
3.714738 0.797713
3.711588 0.797477
3.705259 0.797237
3.699147 0.796893
3.720887 0.804417
3.725378 0.803804
3.722125 0.810906
3.724844 0.810494
3.723848 0.819101
3.723292 0.817393
3.724270 0.817205
3.736340 0.830518
3.730079 0.827651
3.726280 0.823959
3.731618 0.823352
0.058555 0.729576
0.052298 0.726157
0.050870 0.725294
0.064817 0.732384
0.064755 0.732319
0.071052 0.740012
0.070572 0.739006
0.065314 0.738495
0.072666 0.745534
0.071206 0.745372
0.077244 0.755981
0.075660 0.752100
0.071620 0.751589
0.078099 0.758643
0.077403 0.758519
0.077916 0.765074
0.077172 0.769715
0.077391 0.764946
0.077157 0.772592
0.076872 0.771470
0.078545 0.777982
0.083354 0.787604
0.081553 0.784549
0.089581 0.796747
0.085991 0.791176
0.095816 0.804470
0.090648 0.797812
0.146668 0.806331
0.139725 0.808520
0.133435 0.811225
0.120880 0.811810
0.114610 0.810786
0.108344 0.809059
0.102080 0.806940
0.095817 0.804470
0.095816 0.804470
0.140842 0.812217
0.127340 0.812273
0.133771 0.812363
0.127154 0.812309
0.125964 0.812212
0.120932 0.811960
0.114919 0.811551
0.109011 0.811098
0.128657 0.817903
0.122370 0.817643
0.466503 0.780438
0.460237 0.778473
0.453971 0.776893
0.447702 0.775501
0.497847 0.786999
0.491573 0.786590
0.485301 0.785816
0.479032 0.784739
0.472767 0.782707
0.466847 0.780538
0.466578 0.780484
0.948785 0.788999
0.942505 0.789945
0.936229 0.789980
0.929958 0.789020
0.923688 0.788001
0.917421 0.786297
0.911151 0.785353
0.904874 0.785719
0.956626 0.790211
0.949584 0.790341
0.942765 0.790353
0.936349 0.790149
0.930461 0.789670
0.924775 0.789103
1.206032 0.761259
1.199746 0.763338
1.219239 0.765917
1.213549 0.765319
1.196107 0.765273
1.193453 0.766316
1.187162 0.769476
1.225744 0.772485
1.184675 0.771206
1.226006 0.778753
1.181990 0.777529
1.226079 0.785125
1.181710 0.783956
1.231804 0.792114
1.181145 0.790372
1.180771 0.791430
1.181059 0.790218
1.741586 0.830886
1.735309 0.830897
1.729033 0.831059
1.722756 0.831329
1.716482 0.831203
1.710207 0.831028
1.703937 0.829944
1.697668 0.828582
1.755565 0.834065
1.749424 0.833713
1.743053 0.833489
1.736653 0.833280
1.730277 0.833063
1.723772 0.832910
1.717459 0.832664
1.711227 0.832380
1.773943 0.854389
2.085420 0.817461
2.085820 0.816362
2.079145 0.817327
2.079655 0.816020
2.072870 0.817295
2.073627 0.815610
2.066588 0.818648
2.061536 0.821941
2.060291 0.822734
2.053995 0.826671
2.051829 0.827960
2.047701 0.830099
2.890140 0.751863
2.884692 0.754505
2.883847 0.755047
2.877546 0.760000
2.876831 0.760590
2.877956 0.760407
2.871237 0.766313
2.870744 0.766763
2.871595 0.766602
2.864936 0.771211
2.861862 0.772828
2.890888 0.805694
2.877289 0.809043
2.890429 0.812344
2.883539 0.813912
2.881781 0.812308
2.883794 0.812260
2.889764 0.823788
2.888070 0.819014
2.890002 0.818979
2.890190 0.825543
2.889734 0.831966
2.889721 0.831979
3.304623 0.770395
3.306467 0.770335
3.299948 0.770743
3.293664 0.772329
3.287372 0.775631
3.286830 0.776024
3.281077 0.779323
3.282713 0.774955
3.274790 0.781483
3.268513 0.781644
3.262242 0.780857
3.618649 0.763617
3.612374 0.763297
3.631163 0.770590
3.624913 0.765721
3.620687 0.764308
3.619173 0.763952
3.610412 0.763868
3.612895 0.763689
3.606088 0.765312
3.649962 0.775943
3.643699 0.773631
3.637427 0.772744
3.632105 0.771242
3.656218 0.779607
3.654339 0.778671
3.682464 0.792092
