1.320461 0.810597
1.572023 0.949650
1.570796 0.950689
1.564505 0.952904
1.558917 0.954136
1.565477 0.953330
1.558219 0.954365
1.551933 0.955673
1.545655 0.955628
1.539381 0.955038
1.533109 0.954048
1.526837 0.952786
1.520568 0.951118
1.547001 0.956687
2.460595 0.783100
2.459088 0.783812
2.452803 0.784956
2.446526 0.784931
2.440250 0.784609
2.433970 0.784715
2.430485 0.785736
2.796648 0.770450
2.791252 0.770836
2.790367 0.770965
2.784088 0.771294
2.777812 0.770745
2.771542 0.769372
2.765269 0.768390
2.766388 0.766335
2.758992 0.768230
2.752710 0.768900
2.975194 0.742603
2.968931 0.740013
2.962663 0.738208
2.956394 0.736635
2.950122 0.735617
2.951648 0.732565
2.943845 0.735191
2.937565 0.735586
2.931281 0.736668
2.987723 0.747599
2.981459 0.744882
2.978588 0.743921
3.000232 0.755754
2.993974 0.752244
2.992456 0.751450
3.006466 0.763544
3.002784 0.758578
3.001885 0.755853
3.007360 0.765056
3.006442 0.767901
3.007042 0.764102
3.004850 0.770744
3.002736 0.776488
3.006353 0.783717
3.005922 0.782828
3.062780 0.797155
3.056501 0.797335
3.050221 0.797766
3.009193 0.789180
3.046263 0.799269
3.043931 0.799784
3.045206 0.797174
3.037648 0.800650
3.031368 0.801023
3.025090 0.800960
3.469923 0.772362
3.463651 0.771286
3.457379 0.770114
3.451105 0.769317
3.444830 0.768851
3.440206 0.771491
3.438527 0.773417
3.439382 0.770100
3.435955 0.777018
-0.001235 0.741356
-0.007051 0.739978
0.018633 0.747853
0.012347 0.747165
0.006049 0.746499
0.347691 0.744036
0.348338 0.743880
0.341888 0.748855
0.341408 0.749289
0.342015 0.749154
0.335585 0.753280
0.333627 0.754398
0.336169 0.753763
0.329287 0.756822
0.386924 0.764469
0.392735 0.771769
0.404460 0.785986
0.400059 0.779759
0.398601 0.778987
0.404615 0.786234
0.404498 0.786159
0.399616 0.783425
0.410689 0.794688
0.409078 0.792700
0.405773 0.790219
0.416931 0.801243
0.414950 0.799328
0.411778 0.797234
0.448246 0.814549
0.441970 0.814236
0.435699 0.812896
0.429435 0.810399
0.423179 0.806443
0.422848 0.806184
0.418318 0.803481
0.461839 0.814885
0.455025 0.814970
0.448422 0.814745
0.441991 0.814268
0.435930 0.813252
0.430237 0.811707
0.850926 0.766536
0.858773 0.766002
0.847527 0.767228
0.851284 0.767074
0.844640 0.767890
0.838356 0.768835
0.832076 0.769370
0.825800 0.768961
0.819523 0.768642
0.813247 0.768277
0.845873 0.771043
0.839215 0.770901
0.832643 0.770637
0.826317 0.770022
0.819995 0.769401
1.154443 0.762402
1.146006 0.762678
1.147826 0.762196
1.167004 0.769710
1.141183 0.768096
1.141086 0.768212
1.137963 0.773709
1.134749 0.778783
1.134464 0.779307
1.135157 0.778749
1.217279 0.804799
1.224822 0.819272
1.223059 0.818055
1.228645 0.827465
1.227432 0.825530
1.223778 0.822935
1.234883 0.834528
1.232165 0.832030
1.229420 0.830473
1.273674 0.840825
1.259942 0.844131
1.253666 0.843759
1.247398 0.842007
1.241135 0.839122
1.240902 0.838980
1.235929 0.836763
1.261485 0.844813
1.254973 0.844459
1.249072 0.843231
1.379048 0.920159
1.379020 0.919801
1.385010 0.931834
1.380790 0.926315
1.379635 0.924811
1.391251 0.938423
1.385691 0.932831
1.385198 0.932469
1.416309 0.948077
1.410039 0.946538
1.403769 0.945068
1.397504 0.942734
1.392911 0.939609
1.391673 0.938797
1.422579 0.949497
1.417704 0.948371
1.416510 0.947914
1.411569 0.945259
1.758964 0.927181
1.790290 0.938738
1.784022 0.936726
1.777757 0.934576
1.771490 0.932603
1.765224 0.930521
1.763816 0.929871
1.840474 0.945886
1.841579 0.942781
1.834194 0.946209
1.835819 0.941325
1.827916 0.946145
1.821639 0.946079
1.815363 0.945568
1.809092 0.944378
1.802822 0.942898
1.804249 0.938131
1.796555 0.941028
1.790420 0.938788
1.797441 0.938204
2.351104 0.843880
2.347690 0.845542
2.344805 0.847433
2.340019 0.850663
2.338505 0.851390
2.332211 0.854181
2.329626 0.855509
2.476110 0.770239
2.473392 0.772554
2.470742 0.775595
2.467081 0.778475
2.464529 0.780876
2.468449 0.779167
2.460780 0.782469
2.454498 0.783000
2.817192 0.765903
2.810907 0.767210
2.804624 0.768049
2.798342 0.768609
2.796364 0.768743
2.798982 0.768036
2.792061 0.769207
2.785784 0.769068
2.779513 0.767887
3.165638 0.766783
3.160935 0.769486
3.155604 0.771619
3.154642 0.772124
3.148354 0.773999
3.142065 0.775847
3.141276 0.776016
3.142418 0.775596
3.496726 0.771198
3.490453 0.770269
3.484179 0.769575
3.477906 0.768803
3.471632 0.767905
3.473009 0.764380
3.465358 0.767137
3.466611 0.763867
3.459085 0.766264
3.460409 0.763076
3.452811 0.765610
3.446535 0.765143
0.148155 0.727430
0.144608 0.728016
0.141871 0.728496
0.135587 0.729326
0.129306 0.729937
0.123023 0.730767
0.119881 0.731232
0.116741 0.731589
0.180381 0.742507
0.185681 0.752548
0.198191 0.760907
0.191933 0.757372
0.191650 0.757178
0.211667 0.763902
0.205828 0.762556
0.534226 0.737606
0.538162 0.736984
0.533288 0.743464
0.538297 0.742701
0.532343 0.749331
0.538434 0.748430
0.531336 0.755201
0.538587 0.754149
0.531107 0.756242
0.530223 0.761070
0.531237 0.760940
0.989360 0.791924
0.983077 0.792744
0.976797 0.793015
0.970520 0.792848
0.964245 0.792406
0.957969 0.792097
0.951691 0.791906
0.978127 0.792973
0.971712 0.792483
0.965404 0.791842
0.958863 0.791535
0.946633 0.791575
0.952014 0.791667
0.945415 0.791498
1.581606 0.942077
1.578792 0.944759
1.576396 0.947453
1.572479 0.950833
1.568284 0.952524
1.566186 0.953549
1.559898 0.955317
1.553614 0.956439
1.997399 0.896249
1.991132 0.894307
1.984867 0.891917
1.978603 0.889538
2.022463 0.904661
2.016201 0.901890
2.009934 0.899943
2.003667 0.898130
2.000344 0.897127
2.034980 0.911712
2.028724 0.907934
2.024679 0.905806
2.023591 0.903931
2.053766 0.920460
2.047499 0.918311
2.041237 0.915530
2.037327 0.913192
2.042648 0.911607
2.099102 0.923859
2.091378 0.930385
2.078826 0.929736
2.072557 0.927958
2.074160 0.920812
2.066293 0.925593
2.067373 0.920858
2.060029 0.923061
2.055700 0.921218
2.060503 0.921023
2.085563 0.930543
2.085099 0.930577
2.080826 0.930009
2.085123 0.930456
2.530515 0.744094
2.524224 0.746123
2.521945 0.746769
2.524866 0.746084
2.517938 0.747633
2.511650 0.749485
2.507477 0.751153
2.505356 0.752369
3.097569 0.791749
3.091287 0.792621
3.089673 0.792822
3.085004 0.793450
3.078725 0.793669
3.072448 0.793325
3.066174 0.792715
3.059898 0.792317
3.473343 0.763255
3.467071 0.762263
3.517249 0.770319
3.518121 0.767540
3.510975 0.769754
3.512105 0.766461
3.504704 0.768482
3.505635 0.766045
3.498434 0.767063
3.498803 0.766157
3.492161 0.766099
3.492264 0.765841
3.485886 0.765463
3.486040 0.765072
3.479613 0.764621
3.479260 0.764559
3.479634 0.764568
0.045464 0.744706
0.040999 0.747662
0.039164 0.748572
0.032874 0.750781
0.027657 0.752155
0.033890 0.751257
0.026586 0.752483
0.020297 0.754482
0.364093 0.748462
0.370334 0.755165
0.368361 0.752981
0.483058 0.805162
0.481418 0.807410
0.484437 0.805560
0.476741 0.812059
0.475672 0.812737
0.477213 0.812165
0.470442 0.815630
0.464719 0.817510
0.464153 0.817675
0.776814 0.766535
0.770537 0.766404
0.797087 0.767300
0.790260 0.767406
0.783661 0.767175
0.777062 0.766944
0.766658 0.766171
0.770610 0.766498
0.764260 0.766045
0.757981 0.766160
0.751702 0.766407
0.745425 0.766310
0.739147 0.766308
1.117037 0.796836
1.116663 0.797246
1.117259 0.796959
1.112002 0.802689
1.110719 0.803935
1.105080 0.807899
1.104417 0.808262
1.098127 0.810211
1.639409 0.893787
1.633137 0.892808
1.658184 0.904357
1.651920 0.901766
1.645664 0.897921
1.644761 0.897301
1.646691 0.895919
1.626974 0.895327
1.626844 0.895408
1.627105 0.894938
1.684275 0.907715
1.683275 0.908220
1.683494 0.907284
1.676990 0.909342
1.678044 0.905366
1.670714 0.908989
1.672080 0.904212
1.664446 0.907222
1.659765 0.904952
1.665360 0.904162
1.621472 0.900716
1.964364 0.889079
1.958096 0.887439
1.951824 0.886399
1.995700 0.898810
1.989430 0.897360
1.983164 0.895296
1.976898 0.893148
1.970631 0.891094
1.967873 0.890182
1.971416 0.889367
2.027040 0.907902
2.020777 0.905044
2.014511 0.902944
2.008242 0.901458
2.001971 0.900103
2.000438 0.899782
2.033294 0.912155
2.028547 0.908911
2.027529 0.908014
2.045798 0.921303
2.039546 0.916843
2.038448 0.915991
2.058309 0.929314
2.052053 0.925360
2.048672 0.923107
2.053275 0.921712
2.078812 0.929803
2.070831 0.935527
2.072179 0.929623
2.064570 0.932487
2.060244 0.930375
2.065198 0.929955
2.306504 0.878406
2.308074 0.873223
2.300696 0.880810
2.300210 0.881037
2.300348 0.880558
2.293913 0.884416
2.291753 0.885788
2.287615 0.888071
2.282212 0.890725
2.281318 0.891465
2.741297 0.783456
2.736382 0.784639
2.735012 0.784768
2.728729 0.785643
2.722445 0.786647
2.716157 0.788337
2.716073 0.788352
2.716191 0.788312
2.709877 0.788683
3.153522 0.774069
3.152946 0.774284
3.146661 0.775367
3.140376 0.776788
3.135780 0.778041
3.134088 0.778512
3.127799 0.780527
3.121509 0.782412
3.121369 0.782439
3.435111 0.781677
3.434838 0.782192
3.435752 0.781276
3.428821 0.783785
3.423372 0.786873
3.422523 0.787367
3.416329 0.792077
3.416218 0.792165
0.319613 0.761859
0.313326 0.763173
0.312523 0.763334
0.313845 0.762665
0.307041 0.764535
0.300762 0.764720
0.294485 0.764515
0.288212 0.763497
0.281939 0.762675
0.880223 0.753614
0.886173 0.753622
0.879475 0.754366
0.893335 0.761058
0.892325 0.760419
0.887006 0.758319
0.876614 0.759173
0.880112 0.758519
0.873155 0.761823
0.898222 0.769955
0.896368 0.767361
0.893399 0.764773
0.870228 0.764439
0.873818 0.763784
0.866848 0.766942
0.904457 0.777547
0.901049 0.773854
0.899159 0.772142
0.863283 0.769666
0.916965 0.785968
0.910706 0.782728
0.907926 0.780595
0.905450 0.778745
0.942031 0.794193
0.935760 0.793046
0.929492 0.791265
0.923227 0.789055
0.921233 0.788057
0.917885 0.786230
1.302776 0.824142
1.300644 0.825724
1.296472 0.828741
1.293620 0.830914
1.290164 0.834031
1.286716 0.836139
1.283864 0.837881
1.353387 0.848727
1.365348 0.861316
1.359079 0.859726
1.354769 0.855683
1.353831 0.853985
1.384104 0.875259
1.385239 0.869286
1.385050 0.876988
1.390305 0.888834
1.388875 0.883382
1.391057 0.882488
1.390385 0.889520
1.390296 0.890467
1.389270 0.895371
1.387076 0.901111
1.384458 0.906815
1.383915 0.908815
1.490422 0.947840
1.484148 0.947086
1.477873 0.946597
1.471597 0.946032
1.465324 0.945247
1.459049 0.944703
1.452774 0.944244
1.503579 0.949023
1.497680 0.947761
1.491632 0.946726
1.485815 0.945361
1.451608 0.944164
1.446497 0.943935
1.447566 0.942075
1.440224 0.943184
1.433947 0.942905
0.746984 0.177601
0.756965 0.184691
0.755739 0.185354
1.866736 0.930057
1.862763 0.930584
1.863252 0.928896
1.856478 0.931850
1.857819 0.926960
1.850193 0.932966
1.845566 0.933642
1.843910 0.933905
1.844091 0.933198
1.837629 0.934446
1.838311 0.931789
1.831352 0.934197
1.832247 0.930799
1.825076 0.933704
1.826030 0.930029
1.818802 0.933099
2.168085 0.881983
2.164534 0.882662
2.158248 0.883932
2.151966 0.884715
2.145684 0.885315
2.144959 0.885352
2.146067 0.884879
2.139405 0.885647
2.133127 0.885650
2.126848 0.885724
2.379703 0.822999
2.376556 0.825529
2.373395 0.828100
2.370038 0.830765
2.367089 0.833123
2.363418 0.836012
2.360784 0.838019
2.485280 0.762619
2.481388 0.766681
2.480015 0.767993
2.482568 0.766421
2.475075 0.772638
2.474472 0.773355
2.475637 0.772608
2.469273 0.778775
2.468761 0.779068
2.831188 0.758042
2.832274 0.756900
2.825183 0.760899
2.857763 0.765066
2.821098 0.762869
2.818889 0.763699
2.820331 0.760547
2.812603 0.765140
2.806319 0.766204
2.802416 0.766784
2.800035 0.767263
0.333896 0.754130
0.329025 0.756543
0.327600 0.757290
0.321308 0.759790
0.316536 0.761127
0.315020 0.761596
0.308734 0.763155
0.410305 0.793463
0.416533 0.800148
0.428561 0.808242
0.423122 0.806306
0.566869 0.716780
0.556228 0.722784
0.560540 0.722063
0.553758 0.728476
0.561127 0.727137
0.553460 0.729751
0.552629 0.734332
0.553646 0.734113
0.603573 0.749684
0.551209 0.740165
0.616079 0.758510
0.609821 0.754885
0.606760 0.752339
0.622335 0.762385
0.617935 0.759564
0.654780 0.773860
1.042936 0.794998
1.036651 0.796095
1.056279 0.797226
1.049920 0.796641
1.043372 0.796334
1.035956 0.796207
1.036706 0.796204
1.030365 0.797628
1.024080 0.798853
1.017795 0.799943
1.005248 0.798370
1.031754 0.799518
1.024845 0.799737
1.016107 0.799972
1.017888 0.800024
1.011517 0.800064
1.007630 0.799041
1.609147 0.911124
1.607721 0.913104
1.603390 0.918586
1.602822 0.919353
1.599580 0.924141
1.596495 0.927904
1.595171 0.929643
1.946696 0.899738
1.940422 0.898807
1.934148 0.898094
1.927873 0.897585
1.921595 0.897697
1.915314 0.898080
1.914318 0.898146
1.909033 0.898536
1.909559 0.896813
1.902753 0.899062
1.903877 0.895276
1.896470 0.899892
2.207318 0.871495
2.201050 0.869651
2.194775 0.869238
2.219836 0.878353
2.213578 0.874634
2.210112 0.872697
2.189176 0.870369
2.188490 0.870488
2.182206 0.871459
2.226087 0.883034
2.222065 0.880007
2.238595 0.891573
2.232339 0.887734
2.231353 0.887019
2.233228 0.885843
2.251101 0.900546
2.244848 0.895933
2.242516 0.894241
2.275092 0.903879
2.269908 0.905329
2.263627 0.905846
2.257357 0.904449
2.252158 0.901293
2.252700 0.898854
2.387705 0.815914
2.385197 0.817853
2.381398 0.820937
2.378709 0.823101
2.375090 0.826157
2.372454 0.828394
2.368783 0.831456
2.591833 0.735117
2.585210 0.734921
2.578639 0.734647
2.571599 0.735722
2.572203 0.734178
2.565325 0.734915
2.566177 0.733110
2.559047 0.734804
2.552767 0.735306
2.546480 0.736840
2.543439 0.737887
2.540186 0.739641
2.933713 0.750834
2.926125 0.755029
2.926926 0.750881
2.919860 0.752560
2.920534 0.750345
2.913581 0.752752
2.907291 0.754899
2.940280 0.757022
2.932363 0.762084
2.929259 0.758350
2.932971 0.757835
2.905719 0.755704
2.900993 0.758467
2.946481 0.763750
2.938603 0.768925
2.934479 0.764899
2.939426 0.764188
2.897168 0.760741
2.894690 0.762840
2.964523 0.772930
2.958261 0.772201
2.951901 0.771619
2.941643 0.771671
2.945278 0.771425
2.938569 0.774852
2.961689 0.779899
2.957368 0.781196
2.957905 0.778635
2.951085 0.781908
2.952067 0.777294
2.944810 0.781439
2.946007 0.776288
2.938545 0.779095
2.935887 0.776997
2.939206 0.776352
3.015218 0.801493
3.257396 0.743497
3.251124 0.742453
3.244846 0.742599
3.238566 0.742801
3.232288 0.742666
3.264341 0.745502
3.258892 0.743591
3.246038 0.742639
3.239159 0.742817
3.230004 0.742731
3.232570 0.742575
3.226010 0.742716
3.219729 0.743336
3.290398 0.752832
3.613668 0.751913
3.607381 0.753471
3.626804 0.754848
3.620763 0.753797
3.614282 0.753396
3.607168 0.753584
3.607417 0.753555
3.640270 0.760824
3.602091 0.758993
3.608418 0.758032
3.601068 0.759770
3.595288 0.764232
3.594763 0.764536
0.174944 0.728625
0.168691 0.724271
0.162423 0.722582
0.156142 0.722907
0.149859 0.723823
0.175136 0.728774
0.175075 0.728557
0.143843 0.725262
0.143572 0.725329
0.143675 0.725086
0.137288 0.726497
0.131005 0.727241
0.177796 0.735035
0.181135 0.744102
0.179737 0.741219
0.187365 0.752508
0.182849 0.747540
0.182070 0.745971
0.218697 0.763042
0.199881 0.759871
0.193622 0.756498
0.190086 0.754324
0.188290 0.752678
0.216193 0.763219
0.219473 0.762361
0.212416 0.763505
0.206144 0.762385
0.205295 0.761996
0.201443 0.759134
0.552950 0.723286
0.553409 0.728530
0.543947 0.730049
0.545849 0.729705
0.543554 0.735973
0.545920 0.735518
0.542785 0.741864
0.546101 0.741184
0.542058 0.747769
0.546236 0.746931
0.541296 0.753680
1.016138 0.795167
1.009858 0.795635
1.003587 0.794292
0.997316 0.792937
0.991039 0.792876
0.984759 0.793104
1.029873 0.796316
1.023156 0.796261
1.016467 0.796163
1.009932 0.795840
1.003865 0.794834
0.997892 0.793698
0.991508 0.793163
0.984154 0.793085
0.984793 0.793102
0.978482 0.792960
0.972207 0.792352
1.011320 0.799755
1.601131 0.920607
1.600888 0.920986
1.601722 0.920139
1.596828 0.926491
1.594805 0.928952
1.592655 0.931998
1.588482 0.936981
1.588139 0.937481
1.582636 0.942869
1.582169 0.943206
1.926159 0.902832
1.926519 0.901630
1.919876 0.903708
1.920930 0.899916
1.913595 0.904374
1.915233 0.898374
1.907316 0.904430
1.901036 0.904789
1.899016 0.905073
1.894752 0.905819
1.895323 0.903787
1.888471 0.906336
1.889634 0.902262
1.882191 0.906691
2.551066 0.738051
2.544786 0.738555
2.538501 0.739819
2.538162 0.739946
2.538676 0.739728
2.532206 0.742825
2.528317 0.744835
2.525909 0.746198
2.954527 0.744121
2.947902 0.743926
2.941413 0.743535
2.934123 0.748652
2.935243 0.742676
2.927852 0.747333
2.929484 0.741226
2.921574 0.747381
2.953613 0.751376
2.947151 0.750941
2.940363 0.755379
2.938058 0.750689
2.940563 0.750694
2.917205 0.748352
2.915288 0.748864
2.916871 0.745875
2.908990 0.752241
2.966422 0.758315
2.960039 0.757767
2.953622 0.757270
2.946602 0.762457
2.941019 0.756987
2.947102 0.756926
2.907334 0.753250
2.965408 0.767383
2.965829 0.765096
2.959135 0.766469
2.959495 0.764477
2.952864 0.765188
2.948403 0.763785
2.953076 0.763985
3.042016 0.801824
3.021697 0.805258
3.015438 0.801942
3.014878 0.801098
3.252809 0.742389
3.296693 0.753469
3.284148 0.751494
3.277880 0.749655
3.271611 0.748063
3.265346 0.745743
3.259080 0.743530
3.255752 0.742945
3.251095 0.742429
3.252899 0.742486
3.246530 0.742478
3.240253 0.742446
3.310123 0.753629
3.294173 0.753226
3.296706 0.753492
3.290419 0.752860
3.289737 0.752724
3.284288 0.751883
3.278313 0.750745
3.272416 0.749502
3.291801 0.756709
3.285506 0.756046
3.686020 0.765430
3.679738 0.766098
3.673458 0.766258
3.667180 0.766342
3.660904 0.765945
3.654632 0.765051
3.648359 0.763929
3.642087 0.762936
3.661381 0.765528
3.655022 0.764960
3.648811 0.764181
0.369511 0.736636
0.363347 0.735765
0.353915 0.736083
0.356566 0.735802
0.375212 0.744098
0.369575 0.742451
0.363395 0.741612
0.354269 0.742090
0.356503 0.741810
0.349865 0.746349
0.381198 0.756657
0.378766 0.750814
0.375401 0.749729
0.369723 0.748157
0.363875 0.746848
0.357417 0.746420
0.348714 0.747448
0.350125 0.747189
0.343560 0.750990
0.381341 0.757067
0.381217 0.757018
0.375653 0.755281
0.370073 0.753587
0.340667 0.752554
0.387415 0.767382
0.384404 0.763379
0.381676 0.762268
0.376281 0.760314
0.393643 0.776186
0.389000 0.769867
0.387714 0.769236
0.382591 0.766896
0.393774 0.776378
0.393674 0.776317
0.399877 0.784211
0.398685 0.782906
0.406116 0.791090
0.404728 0.789560
0.412352 0.798377
0.410315 0.796166
0.468765 0.814429
0.424848 0.809220
0.418599 0.803966
0.417457 0.802945
0.468028 0.814552
0.468869 0.814479
0.462479 0.815727
0.456195 0.816752
0.449915 0.817203
0.443637 0.817158
0.437366 0.815773
0.431102 0.813329
0.425820 0.809858
0.425045 0.809466
0.464056 0.817588
0.456972 0.818057
0.450282 0.817964
0.443828 0.817530
0.887408 0.759575
0.881124 0.760713
0.893653 0.765494
0.892247 0.764241
0.878889 0.762773
0.899884 0.773861
0.897524 0.770813
0.912385 0.783669
0.906129 0.779611
0.903460 0.777458
0.962557 0.792983
0.956278 0.793075
0.950000 0.793205
0.943724 0.792856
0.937450 0.791888
0.931181 0.790405
0.924912 0.788825
0.918647 0.786509
0.914413 0.784655
0.912706 0.783969
0.945332 0.791561
1.317081 0.812657
1.330977 0.812393
1.316797 0.812931
1.317457 0.812407
1.310774 0.817824
1.336840 0.819616
1.310397 0.818176
1.304474 0.821743
1.348359 0.832733
1.342844 0.826632
1.302407 0.823265
1.298169 0.826611
1.349138 0.834470
1.348547 0.834089
1.343459 0.831650
1.295875 0.828538
1.350673 0.840605
1.348938 0.839430
1.351180 0.846630
1.349168 0.845022
1.373319 0.859548
1.367046 0.858798
1.360774 0.857734
1.354516 0.854119
1.353069 0.852817
1.349927 0.849873
1.385833 0.867247
1.379585 0.861826
1.379351 0.861731
1.374916 0.858728
1.386996 0.868557
1.392053 0.877556
1.391035 0.874981
1.393548 0.872951
1.392967 0.881173
1.392850 0.887143
1.391966 0.892870
1.391907 0.893031
1.392000 0.892987
1.479568 0.944587
1.473295 0.943814
1.467021 0.942993
1.460746 0.942299
1.523472 0.952252
1.517200 0.951052
1.510929 0.949845
1.504658 0.948551
1.498387 0.947367
1.492115 0.946374
1.485842 0.945336
1.484300 0.945149
1.479733 0.944386
0.755604 0.184757
0.749095 0.184401
1.854988 0.937027
1.848470 0.939907
1.849755 0.934787
1.842187 0.940848
1.835908 0.941044
1.804539 0.937069
1.798271 0.935336
1.831460 0.940701
1.829632 0.940572
1.829664 0.940452
1.823356 0.940237
1.823532 0.939549
1.817081 0.939734
1.817337 0.938740
1.810809 0.938691
1.808840 0.938195
1.810929 0.938240
2.150368 0.888633
2.150260 0.888645
2.150285 0.888584
2.143977 0.889453
2.145556 0.885618
2.137694 0.890274
2.131412 0.891035
2.125132 0.891360
2.122830 0.891522
2.118851 0.891913
2.119256 0.890507
2.112570 0.892343
2.331528 0.861021
2.328799 0.861985
2.330143 0.858757
2.322508 0.864244
2.318907 0.865571
2.316219 0.866234
2.317716 0.863124
2.309931 0.868093
2.304875 0.870005
2.303638 0.870605
2.755575 0.776886
2.751950 0.777743
2.749286 0.778793
2.749802 0.776699
2.742994 0.781223
2.739665 0.782342
2.736707 0.782824
2.737316 0.781145
2.730422 0.784042
3.132699 0.780369
3.132392 0.780444
3.126103 0.782383
3.119813 0.784530
3.118583 0.784757
3.113532 0.785176
3.107249 0.785918
3.100968 0.786495
3.449401 0.772899
3.443127 0.772369
3.440021 0.774125
3.437462 0.779811
3.436806 0.779936
3.437010 0.779444
3.430517 0.781754
3.425518 0.784477
3.424220 0.785084
3.716191 0.764375
3.728715 0.769945
3.722456 0.766615
3.716375 0.764464
3.734972 0.773638
3.732520 0.772229
0.080291 0.732610
0.074018 0.731692
0.067739 0.732012
0.074706 0.733054
0.065366 0.733110
0.068049 0.732912
0.061444 0.734888
0.075339 0.738069
0.068822 0.737728
0.055821 0.738032
0.062115 0.737657
0.055145 0.738547
0.530778 0.743818
0.520346 0.744692
0.523561 0.744497
0.530915 0.749534
0.520895 0.750716
0.523557 0.750413
0.531069 0.755241
0.520024 0.756589
0.523693 0.756136
0.518901 0.762444
0.523788 0.761931
0.516847 0.768209
0.516800 0.768316
0.713233 0.774174
0.708926 0.776085
0.702636 0.778185
0.700441 0.778703
0.703909 0.777101
0.696348 0.779994
0.690065 0.780950
0.683787 0.780815
1.141028 0.768171
1.134304 0.775970
1.133068 0.778056
1.131269 0.781596
1.128226 0.787235
1.126724 0.789674
1.124915 0.792859
1.228254 0.826258
1.234201 0.833356
1.246528 0.841010
1.241093 0.839069
1.396583 0.941509
1.718098 0.896822
1.711821 0.896569
1.705539 0.897375
1.699257 0.898060
1.725048 0.899870
1.719182 0.898566
1.713195 0.897446
1.706841 0.896865
1.699209 0.898062
1.699277 0.898039
1.692977 0.898429
1.686697 0.898720
1.680418 0.898778
1.674142 0.898560
1.667866 0.898213
1.738068 0.906504
1.732119 0.905324
1.755624 0.922157
1.749752 0.915102
1.744778 0.912486
1.755735 0.922327
1.755652 0.922270
1.750922 0.919299
1.768105 0.935464
1.761856 0.930297
1.760343 0.928806
1.757071 0.926102
1.786894 0.943531
1.780628 0.941277
1.774365 0.938603
1.768417 0.935679
1.768209 0.935489
1.787432 0.943792
1.787241 0.943215
2.042948 0.910833
2.036682 0.908539
2.030418 0.906198
2.024155 0.903506
2.023226 0.903022
2.107003 0.916264
2.099385 0.922556
2.074285 0.920289
2.068019 0.918252
2.069602 0.911709
2.061751 0.916218
2.062945 0.911565
2.055484 0.914416
2.056291 0.911419
2.049215 0.912783
2.044673 0.911370
2.049613 0.911307
2.094332 0.922880
2.093105 0.922989
2.093186 0.922624
2.086826 0.922855
2.087100 0.921644
2.080554 0.921832
2.076724 0.920905
2.080720 0.921098
2.322790 0.868690
2.320797 0.869092
2.321322 0.867694
2.314510 0.870549
2.308219 0.872769
2.307727 0.872958
2.301927 0.875417
2.296947 0.877744
2.295631 0.878523
2.296358 0.876567
2.495693 0.755141
2.495692 0.755141
2.495693 0.755141
2.489387 0.760002
2.488986 0.760359
2.489611 0.760076
2.483523 0.765738
2.483074 0.766171
2.847393 0.759668
2.841131 0.756868
2.834863 0.755070
2.887144 0.764938
2.885027 0.765730
2.878732 0.768635
2.859910 0.766550
2.853650 0.763391
2.849833 0.760771
2.847733 0.760007
2.875651 0.769616
2.879350 0.769052
2.865604 0.768500
2.859876 0.772471
2.860289 0.767317
2.877379 0.775789
2.879018 0.775463
2.859446 0.773815
2.929783 0.786161
2.873998 0.781406
2.879368 0.780904
2.872375 0.782754
3.189525 0.750203
3.185780 0.751750
3.183232 0.752766
3.176936 0.755905
3.175751 0.756602
3.170637 0.759757
3.167713 0.761705
3.551818 0.761750
3.531531 0.763052
3.525247 0.764040
3.518968 0.764246
3.512692 0.764053
3.506417 0.763235
3.500146 0.761986
3.493875 0.760903
3.487601 0.760132
0.272300 0.761261
0.266027 0.760532
0.259750 0.760079
0.253473 0.760202
0.247193 0.760490
0.286108 0.763709
0.280139 0.762559
0.273927 0.761770
0.267631 0.761104
0.261286 0.760513
0.254518 0.760529
0.243142 0.760910
0.247697 0.760624
0.240910 0.761216
0.234629 0.761805
0.803608 0.766994
0.817517 0.767060
0.810548 0.767375
0.800395 0.767289
0.803925 0.767178
0.797327 0.767565
0.791043 0.768532
0.784763 0.768711
0.778486 0.768645
0.772208 0.768608
0.765932 0.768384
1.593115 0.930170
1.589867 0.934356
1.586793 0.937756
1.585182 0.939798
1.580478 0.944315
1.579725 0.945169
1.581665 0.943541
1.574171 0.949525
1.572664 0.950381
1.911877 0.910403
1.912484 0.908308
1.905596 0.910776
1.906572 0.907069
1.899315 0.911368
1.900804 0.905630
1.893031 0.912281
1.887924 0.912467
1.886752 0.912506
1.886834 0.912221
1.880474 0.912500
1.880902 0.911030
1.874194 0.912726
1.875085 0.909684
1.867916 0.912781
2.205619 0.874182
2.199353 0.872020
2.193079 0.871114
2.186797 0.871929
2.218129 0.882215
2.211877 0.877797
2.207549 0.875095
2.184539 0.872501
2.188110 0.870841
2.180511 0.873401
2.174223 0.875186
2.224379 0.887207
2.218182 0.882257
2.169875 0.876855
2.167931 0.877452
2.236889 0.895455
2.230632 0.891821
2.227159 0.889232
2.249400 0.903496
2.243143 0.899731
2.238355 0.896458
2.249829 0.903716
2.905588 0.758087
2.905005 0.758303
2.899299 0.760081
2.893007 0.762571
2.931856 0.765386
2.892346 0.762844
2.893351 0.762416
2.886711 0.765870
2.938091 0.772058
2.883169 0.767812
2.887599 0.766912
2.930573 0.780795
2.929884 0.778996
2.930949 0.778538
2.884258 0.773926
2.947568 0.786958
2.943096 0.786725
2.943398 0.786009
2.936823 0.785931
2.935307 0.785572
2.937013 0.785465
3.230599 0.743611
3.224318 0.744213
3.221864 0.744481
3.225231 0.743419
3.218037 0.744607
3.211760 0.744402
3.205480 0.744866
3.199201 0.745060
3.192922 0.744994
3.578861 0.760604
3.534939 0.756021
3.586387 0.760587
3.576030 0.761410
3.579186 0.761240
3.572571 0.762503
3.566285 0.763859
3.560017 0.762242
3.553748 0.760632
3.547474 0.759827
3.541207 0.757882
3.539453 0.757333
3.541615 0.756945
3.573878 0.765059
3.567175 0.764983
0.059752 0.736246
0.053459 0.738984
0.051669 0.740216
0.054821 0.738429
0.047154 0.743622
0.045106 0.745465
0.040848 0.748526
0.500896 0.764490
0.500446 0.765714
0.499073 0.771522
0.498128 0.777390
0.496912 0.783237
0.495843 0.789111
0.581966 0.725321
0.575693 0.724298
0.588226 0.728465
0.584888 0.726649
0.582311 0.725826
0.600722 0.739161
0.594473 0.734016
0.593946 0.733637
0.606970 0.744687
0.602275 0.740546
0.613216 0.750348
0.610030 0.747392
0.625720 0.759468
0.619468 0.754910
0.618672 0.754337
0.638237 0.766433
0.631977 0.763192
0.629385 0.761507
0.694659 0.780695
0.663293 0.776394
0.657029 0.773994
0.650764 0.771681
0.644499 0.769323
0.644038 0.769109
0.694459 0.780706
0.694703 0.780665
0.688377 0.781407
0.682102 0.780908
0.675829 0.780067
0.669562 0.778118
0.668546 0.777804
0.663810 0.776472
1.104998 0.804583
1.110212 0.803298
1.102746 0.805829
1.096456 0.807954
1.090173 0.808873
1.065079 0.805674
1.104261 0.808054
1.097011 0.808767
1.090022 0.808871
1.090178 0.808880
1.083896 0.808802
1.077621 0.808061
1.071350 0.806914
1.070176 0.806676
1.065200 0.805942
1.637699 0.898484
1.631433 0.896216
1.650214 0.905796
1.643953 0.902752
1.638448 0.899267
1.625371 0.897796
1.625146 0.897880
1.618841 0.902725
1.662736 0.911730
1.656472 0.909199
1.652503 0.906816
1.657802 0.905329
1.618601 0.903020
1.619238 0.902471
1.613671 0.908465
1.612523 0.909728
1.973483 0.901479
1.967213 0.899901
1.960945 0.898158
1.954676 0.896416
1.948406 0.895132
1.949821 0.891275
1.942134 0.894123
1.943305 0.890928
1.935861 0.893228
1.936805 0.890558
1.929585 0.892629
1.930526 0.889872
1.923308 0.892569
1.924645 0.888619
1.917029 0.892658
1.910750 0.893005
2.209018 0.868816
2.202746 0.867498
2.196467 0.867700
2.221537 0.875361
2.215278 0.871900
2.212537 0.870320
2.234044 0.884212
2.227791 0.879575
2.224934 0.877677
2.240296 0.888784
2.234779 0.884751
2.288924 0.896786
2.284184 0.898975
2.285688 0.894070
2.277895 0.901050
2.246546 0.893674
2.244279 0.891789
2.276920 0.901398
2.271600 0.903976
2.265320 0.904438
2.259049 0.903006
2.252795 0.898762
2.252741 0.898711
2.411274 0.797529
2.410008 0.798076
2.403706 0.802273
2.403254 0.802595
2.397400 0.807325
2.396702 0.807850
2.391095 0.812073
2.601794 0.730350
2.595525 0.728594
2.614315 0.736544
2.608054 0.733569
2.602066 0.730491
2.601910 0.730295
2.626831 0.743754
2.620574 0.739903
2.617366 0.738166
2.633084 0.748289
2.629253 0.745466
2.645579 0.759040
2.639330 0.753796
2.637558 0.752371
2.645829 0.759274
2.645811 0.758913
2.651817 0.766336
2.651357 0.765875
2.714508 0.782257
2.734911 0.784635
2.728230 0.784526
2.721637 0.784286
2.708713 0.784206
2.714862 0.784315
2.708217 0.784327
2.701932 0.785678
2.695650 0.786414
2.689375 0.785739
2.683104 0.784573
2.676833 0.783182
2.670568 0.780888
2.709422 0.788332
2.702813 0.788119
2.696377 0.787660
2.951825 0.732200
2.976900 0.738901
2.970635 0.736484
2.964366 0.734791
2.958097 0.733126
2.954336 0.732589
2.951025 0.732225
2.951942 0.732146
2.989418 0.745579
2.983161 0.741844
2.982950 0.741738
2.978205 0.739178
2.995668 0.750498
2.993217 0.748860
2.990779 0.746460
3.001916 0.755884
3.001853 0.755801
3.005844 0.762226
3.005945 0.768227
3.090291 0.794460
3.083305 0.796198
3.077028 0.795864
3.070753 0.795252
3.064478 0.794776
3.058201 0.794640
3.051922 0.794555
3.045637 0.795958
3.043922 0.796374
3.350269 0.756541
3.344001 0.754814
3.337728 0.753900
3.331450 0.753929
3.325166 0.754826
3.318880 0.756204
3.357014 0.760121
3.351407 0.758442
3.345319 0.757472
3.339056 0.756763
3.332479 0.756506
3.325766 0.756442
3.317911 0.756526
3.318985 0.756478
3.312588 0.758680
3.375290 0.772825
3.369414 0.767665
3.363969 0.765745
3.376680 0.775046
3.375819 0.774092
3.377503 0.781100
3.376747 0.778661
3.381470 0.790031
3.379936 0.787343
3.387708 0.797419
3.384595 0.793837
3.383078 0.791147
3.407368 0.802359
3.406511 0.802853
3.400211 0.806667
3.393942 0.805053
3.390302 0.800450
3.388997 0.798286
3.400540 0.807051
3.394665 0.805784
3.727045 0.767492
3.720784 0.764623
3.714514 0.762904
3.708236 0.762955
3.701951 0.764261
3.733306 0.770527
3.728718 0.768469
3.727286 0.767922
3.721796 0.766090
3.697853 0.765042
3.695667 0.765377
3.734673 0.772937
0.305348 0.766221
0.299072 0.765821
0.292797 0.765157
0.286527 0.763688
0.280256 0.762581
0.273982 0.761788
0.267707 0.761130
0.261432 0.760559
0.255153 0.760765
0.580301 0.721839
0.574034 0.719915
0.567754 0.720347
0.586552 0.726881
0.582131 0.723017
0.580621 0.722333
0.574627 0.721224
0.566619 0.721278
0.567976 0.721072
0.592784 0.734987
0.588638 0.729715
0.587653 0.727855
0.562787 0.726836
0.561421 0.730141
0.599026 0.741384
0.593859 0.736270
0.594071 0.734276
0.605271 0.747071
0.600820 0.743022
0.617773 0.756707
0.611518 0.752551
0.608514 0.749857
0.630288 0.764125
0.624027 0.761091
0.618069 0.756899
0.618236 0.756195
0.649078 0.771758
0.642812 0.769701
0.636550 0.766925
0.630688 0.764283
0.630434 0.764024
0.674145 0.779936
0.667878 0.778028
0.661609 0.776360
0.655345 0.773919
0.651663 0.772604
0.649490 0.771709
0.644369 0.769348
0.681026 0.780909
0.674958 0.779898
0.669454 0.778073
1.082236 0.804317
1.075965 0.803105
1.069693 0.802027
1.063421 0.800890
1.057147 0.800078
1.050873 0.799472
1.044596 0.799378
1.038318 0.799435
1.102258 0.805062
1.082335 0.804557
1.076185 0.803663
1.069998 0.802829
1.063823 0.801986
1.057565 0.801263
1.051292 0.800565
1.044899 0.800044
1.035934 0.799535
1.038434 0.799626
1.032035 0.800031
1.083733 0.808429
1.077478 0.807705
1.071323 0.806845
1.637082 0.900084
1.621287 0.900021
1.624974 0.898022
1.617157 0.902573
1.615477 0.905329
1.610837 0.909959
1.610252 0.910719
1.611514 0.909797
1.606454 0.916282
1.604508 0.919014
1.602530 0.921845
1.950116 0.890512
1.943843 0.889541
1.937571 0.888565
1.931297 0.887858
2.000274 0.902410
1.994000 0.901603
1.987729 0.900495
1.981458 0.899018
1.975190 0.897353
1.968923 0.895342
1.962655 0.893514
1.963721 0.890714
1.956388 0.891695
1.954703 0.891361
1.956510 0.891373
2.000671 0.901863
2.039201 0.916629
2.298492 0.887090
2.295124 0.888832
2.292195 0.890554
2.293174 0.887087
2.285900 0.893434
2.285251 0.893693
2.279602 0.897168
2.277042 0.898766
2.273296 0.901936
2.430567 0.790793
2.429644 0.790950
2.424283 0.791859
2.417996 0.793524
2.413625 0.795119
2.411705 0.795904
2.405404 0.799970
2.405129 0.800166
2.851969 0.762721
2.845707 0.759967
2.839444 0.757093
2.833173 0.755845
2.826885 0.757816
2.820595 0.759954
2.870756 0.771292
2.864496 0.767870
2.858234 0.765026
2.855861 0.764096
2.852569 0.762774
2.819936 0.760099
2.870951 0.771448
2.866081 0.768701
2.871083 0.777171
2.865161 0.775960
2.859803 0.773956
2.872153 0.781558
2.865552 0.781336
3.175803 0.759276
3.175232 0.759519
3.175726 0.758490
3.168937 0.762553
3.166133 0.764160
3.162635 0.766719
3.158231 0.769271
3.156336 0.770465
3.634153 0.758053
3.627884 0.756178
3.621610 0.755497
3.615326 0.756695
3.665491 0.767325
3.659214 0.766892
3.652945 0.765453
3.646678 0.763486
3.640415 0.760844
3.639602 0.760520
3.634677 0.759133
3.628589 0.758172
3.622167 0.757694
3.613622 0.757638
3.615499 0.757565
0.024925 0.748355
-0.000169 0.744992
-0.006430 0.742038
0.038688 0.748163
0.031581 0.748679
0.020530 0.748039
0.024969 0.748469
0.018649 0.747928
0.012375 0.747293
0.006100 0.746724
0.004442 0.746237
-0.000031 0.745519
-0.005858 0.744185
0.026462 0.752218
0.019676 0.752261
0.013201 0.751859
0.006898 0.751208
0.496675 0.779903
0.494886 0.785664
0.493049 0.791433
0.492778 0.792041
0.490834 0.797170
0.488080 0.802861
0.750030 0.764318
0.743752 0.764246
0.737470 0.764866
0.764208 0.765980
0.757638 0.765708
0.751049 0.765465
0.744552 0.765087
0.735045 0.765297
0.737835 0.765032
0.731185 0.766212
0.724896 0.768094
0.719847 0.769594
0.718606 0.770145
1.161624 0.764786
1.155356 0.762914
1.149077 0.763216
1.174126 0.774346
1.167877 0.769194
1.166586 0.768272
1.145423 0.765912
1.142768 0.768500
1.180375 0.779353
1.175126 0.775200
1.175138 0.773611
1.141027 0.771420
1.192887 0.787276
1.186630 0.783729
1.184420 0.782213
1.211667 0.797051
1.205412 0.792783
1.199151 0.789860
1.199068 0.789826
1.211861 0.797231
1.211731 0.797115
1.217886 0.807458
1.216374 0.803707
1.213243 0.800847
1.218751 0.809945
1.218101 0.809516
1.220762 0.816149
1.218640 0.814675
1.224067 0.824701
1.223044 0.822387
1.287959 0.833778
1.280501 0.837019
1.230300 0.832747
1.226366 0.828744
1.275725 0.840215
1.282158 0.838299
1.274199 0.841152
1.267906 0.843941
1.242810 0.840975
1.236551 0.837573
1.233378 0.835508
1.262688 0.844731
1.268877 0.843895
1.261621 0.844884
1.255345 0.844665
1.249075 0.843234
1.249046 0.843223
1.383554 0.906053
1.381731 0.911806
1.380514 0.914535
1.378656 0.917429
1.380437 0.928101
1.378273 0.923363
1.386675 0.935175
1.381030 0.929652
1.380878 0.928940
1.443104 0.948350
1.405461 0.943904
1.399190 0.942455
1.392928 0.939612
1.388305 0.936443
1.387551 0.935000
1.441765 0.948396
1.444024 0.947191
1.436825 0.948558
1.430547 0.948480
1.424272 0.947917
1.418000 0.946779
1.411731 0.945142
1.410760 0.944915
1.726022 0.903561
1.719759 0.900966
1.713496 0.898355
1.707223 0.897328
1.700944 0.897434
1.694671 0.896711
1.738553 0.908197
1.732287 0.905924
1.729257 0.904733
1.726130 0.904209
1.720065 0.903210
1.714059 0.902134
1.707862 0.901337
1.744806 0.912591
1.744622 0.912424
1.739182 0.910803
1.733053 0.909901
1.726891 0.909050
1.720661 0.908300
1.751044 0.919602
1.750470 0.919051
1.745754 0.917004
1.763533 0.931612
1.757284 0.926367
1.756476 0.925698
1.752400 0.923101
1.782322 0.939660
1.776058 0.937148
1.769793 0.934770
1.765183 0.932647
1.764459 0.931123
1.819939 0.948735
1.813663 0.948361
1.807390 0.947464
1.801119 0.946267
1.794851 0.944438
1.788587 0.941909
1.785731 0.940914
1.790210 0.938887
2.178810 0.876365
2.172523 0.877750
2.218102 0.882292
2.167384 0.879220
2.166236 0.879514
2.159948 0.881189
2.153662 0.882609
2.149288 0.883200
2.147379 0.883359
2.402010 0.804392
2.401103 0.805034
2.395705 0.809284
2.394391 0.810241
2.389399 0.813971
2.387485 0.815449
2.383093 0.819089
2.381095 0.820736
2.600097 0.732594
2.593830 0.730556
2.587556 0.729920
2.581280 0.729357
2.575005 0.728997
2.612622 0.738143
2.606357 0.735701
2.600960 0.733004
2.625141 0.744641
2.618883 0.741164
2.618446 0.740934
2.637643 0.754490
2.631396 0.748716
2.630771 0.748286
2.643896 0.758820
2.638427 0.755114
2.637993 0.754512
2.650142 0.764561
2.647259 0.762075
2.662641 0.774750
2.656386 0.770426
2.654220 0.768826
2.651614 0.766217
2.687718 0.780962
2.681441 0.780791
2.675167 0.779986
2.668901 0.777868
2.664385 0.775937
2.662911 0.775341
2.657850 0.772905
2.708185 0.784200
2.701515 0.784074
2.694891 0.783882
2.688427 0.783455
2.682110 0.782816
2.675985 0.781902
2.670259 0.780423
2.954671 0.743363
2.948403 0.741544
2.942132 0.740402
2.935855 0.740285
2.929572 0.740918
2.974824 0.744074
2.967951 0.744249
2.960936 0.745848
2.956519 0.744121
2.961272 0.744134
2.929162 0.741053
2.923283 0.742954
3.005744 0.771916
3.005024 0.779407
3.004806 0.779204
3.010901 0.791869
3.006153 0.785501
3.005955 0.783456
3.011110 0.792028
3.010954 0.791926
3.043450 0.801634
3.042233 0.802100
3.035945 0.804001
3.029663 0.804709
3.023383 0.805029
3.017119 0.802374
3.013107 0.798228
3.317214 0.753037
3.337388 0.753270
3.330890 0.752891
3.324141 0.752881
3.316981 0.753109
3.317243 0.753092
3.310928 0.754476
3.304641 0.755948
3.298359 0.756765
3.312054 0.756730
3.305089 0.757032
3.297378 0.756887
3.298408 0.756923
3.292074 0.757910
3.285800 0.757231
3.386025 0.797099
3.385744 0.796648
3.406225 0.802688
3.398536 0.805155
3.392260 0.804773
3.390074 0.803097
3.706545 0.764217
3.700264 0.764860
3.693981 0.765544
3.687705 0.765157
3.681431 0.764552
3.675156 0.764071
3.668877 0.764204
3.732811 0.769728
3.695104 0.765612
3.688935 0.764772
3.666702 0.764235
0.107076 0.734876
0.100810 0.732577
0.094554 0.728571
0.088281 0.727762
0.081985 0.731021
0.113735 0.735261
0.107445 0.734575
0.089632 0.731012
0.080454 0.732137
0.082234 0.731934
0.077720 0.737822
0.082461 0.737547
0.075655 0.740116
0.515890 0.751753
0.508918 0.753936
0.516199 0.757210
0.505968 0.757685
0.509240 0.757507
0.502603 0.760466
0.516444 0.762779
0.509436 0.763144
0.501167 0.763119
0.502975 0.762715
0.516791 0.768215
0.509679 0.768725
0.499406 0.768908
0.503426 0.768007
0.499116 0.774869
0.729495 0.767002
0.728679 0.767265
0.729941 0.766697
0.723203 0.769562
0.716913 0.771771
0.716630 0.771876
0.717302 0.771340
0.710618 0.774672
0.704951 0.776566
0.704328 0.776837
1.127746 0.783885
1.125047 0.788608
1.124540 0.789483
1.125534 0.788818
1.121038 0.795063
1.118714 0.798156
1.116908 0.800589
1.647367 0.894743
1.641105 0.891783
1.634833 0.890773
1.698385 0.900655
1.697556 0.900879
1.699207 0.898140
1.691271 0.902139
1.684988 0.903169
1.678708 0.903491
1.672431 0.903185
1.666160 0.901872
1.659892 0.900151
1.653625 0.898289
1.647964 0.895017
1.647633 0.894568
2.113673 0.914005
2.114859 0.908736
2.107392 0.914538
2.108992 0.907436
2.069743 0.911122
2.063474 0.909533
2.057204 0.908170
2.101132 0.914999
2.101111 0.915001
2.101113 0.914994
2.094833 0.915145
2.095102 0.913908
2.088556 0.914943
2.088976 0.912994
2.082283 0.914054
2.082652 0.912373
2.076011 0.912844
2.072084 0.911767
2.076231 0.911892
2.343106 0.850106
2.338301 0.853133
2.336806 0.853994
2.330507 0.857752
2.329829 0.858158
2.324216 0.860194
2.317923 0.862647
2.317530 0.862787
2.592126 0.734218
2.585854 0.733101
2.579581 0.732164
2.573307 0.731504
2.567030 0.731351
2.598389 0.736863
2.593830 0.734881
2.599784 0.733360
2.564059 0.731548
2.560749 0.731854
2.554462 0.733330
2.617907 0.742419
2.631075 0.748832
2.648980 0.764127
2.655921 0.769761
2.674489 0.778171
2.668529 0.777000
3.118117 0.786592
3.115272 0.787054
3.111835 0.787339
3.105552 0.788166
3.099270 0.788916
3.092989 0.789580
3.089694 0.790180
3.086704 0.790612
3.358194 0.763099
3.351934 0.759981
3.345665 0.758487
3.339390 0.757700
3.370711 0.770094
3.364451 0.766851
3.360317 0.764569
3.358525 0.763849
3.372634 0.771919
3.371353 0.770767
3.376940 0.778955
3.376556 0.778337
3.421276 0.789314
3.420825 0.789698
3.379897 0.784695
3.414781 0.794548
3.414519 0.794775
3.383149 0.791238
3.383023 0.791032
3.409910 0.799984
3.408202 0.801629
3.404570 0.805387
0.127605 0.732701
0.121324 0.733377
0.102499 0.731795
0.096237 0.728734
0.116486 0.733500
0.115045 0.733535
0.108768 0.733336
0.103071 0.732005
0.102531 0.731892
0.092426 0.730830
0.096513 0.730834
0.191840 0.757349
0.491089 0.792897
0.490724 0.793846
0.492098 0.792397
0.488146 0.799521
0.485077 0.805154
0.484740 0.805577
0.480312 0.810615
0.478425 0.812170
0.879340 0.753738
0.868201 0.760911
0.872280 0.760092
0.865189 0.762466
0.897696 0.768367
0.859399 0.765884
0.866208 0.765014
0.858890 0.766202
0.852590 0.770017
0.860072 0.770059
0.850364 0.770862
0.852826 0.770759
0.846296 0.772882
0.909881 0.782135
0.922724 0.789025
1.325060 0.809724
1.331309 0.814930
1.328520 0.811566
1.322456 0.810887
1.325754 0.810155
1.318766 0.812670
1.312473 0.815189
1.337537 0.823923
1.332656 0.818000
1.331506 0.817538
1.326209 0.815434
1.311773 0.815683
1.306178 0.818238
1.337913 0.824564
1.337599 0.824426
1.331975 0.822792
1.343755 0.834422
1.341533 0.830946
1.338148 0.829568
1.345112 0.837328
1.344065 0.836710
1.347206 0.843549
1.368741 0.856944
1.362470 0.855483
1.356202 0.853758
1.349946 0.849899
1.349897 0.849841
1.387531 0.864692
1.381272 0.861288
1.375009 0.858719
1.374478 0.858534
1.393766 0.872409
1.389350 0.866165
1.388648 0.864355
1.393887 0.872654
1.395468 0.878820
1.550257 0.954325
1.543981 0.953932
1.537706 0.953420
1.531430 0.952883
1.525157 0.952041
1.518887 0.950642
1.512617 0.949292
1.506346 0.947939
1.500075 0.946678
1.493805 0.945244
1.487536 0.943771
1.558068 0.954279
1.550929 0.954842
1.544461 0.954420
1.538129 0.953801
1.531831 0.953136
1.525679 0.952261
1.519882 0.950879
0.771809 0.159674
0.786993 0.170774
1.897594 0.917973
1.898388 0.915078
1.891313 0.918416
1.892704 0.913508
1.885034 0.918481
1.878757 0.918357
1.872478 0.918423
1.866199 0.918651
1.866059 0.918664
1.859917 0.919290
1.860487 0.917178
1.853637 0.919645
2.140264 0.896148
2.135972 0.897040
2.136553 0.894818
2.129688 0.898035
2.130900 0.893204
2.123407 0.898419
2.124985 0.891985
2.117127 0.898881
2.113819 0.899146
2.110846 0.899438
2.111083 0.898479
2.104567 0.899662
2.105151 0.897294
2.098289 0.899635
2.092011 0.899401
2.367701 0.833184
2.365396 0.834864
2.360542 0.838342
2.359091 0.839431
2.352793 0.842988
2.352108 0.843380
2.353347 0.842657
2.346494 0.846652
2.343171 0.848389
2.516254 0.747608
2.513163 0.748460
2.516999 0.747703
2.509967 0.749144
2.503675 0.751611
2.500946 0.753061
2.504717 0.751847
2.497376 0.755359
2.493722 0.758250
3.210069 0.745686
3.217344 0.745073
3.209327 0.745757
3.210283 0.745523
3.203789 0.746059
3.197506 0.746768
3.191225 0.747280
3.185246 0.749031
3.184937 0.749116
3.185283 0.748501
3.178643 0.752099
3.558336 0.761598
3.572189 0.761595
3.565185 0.761963
3.555404 0.761773
3.558630 0.761666
3.552057 0.761793
3.545776 0.762219
3.539505 0.761090
3.533233 0.759963
3.533994 0.758185
3.526955 0.759797
3.527825 0.757342
3.520679 0.759446
3.521688 0.756457
3.514404 0.759020
0.170383 0.722852
0.164123 0.719631
0.157850 0.718548
0.151572 0.718848
0.176623 0.729606
0.174540 0.726027
0.177789 0.732370
0.177524 0.730926
0.179556 0.738552
0.181473 0.744757
0.239235 0.759672
0.232951 0.760649
0.226669 0.761373
0.240659 0.761030
0.233702 0.761320
0.224552 0.761488
0.226860 0.761445
0.220389 0.761712
0.214110 0.761867
0.207834 0.761380
0.201569 0.759126
0.201192 0.758911
0.824128 0.766722
0.844336 0.767358
0.837568 0.767376
0.830868 0.767296
0.821265 0.766954
0.824326 0.766981
0.817847 0.767317
0.811565 0.768003
0.805289 0.767555
0.799014 0.766969
0.792735 0.767229
0.786458 0.767014
1.163307 0.764953
1.157037 0.763543
1.169566 0.768485
1.164139 0.765350
1.163487 0.764999
1.182070 0.777704
1.175818 0.773069
1.175108 0.772549
1.194583 0.785122
1.188324 0.781820
1.184931 0.779622
1.207101 0.792118
1.200847 0.787757
1.199497 0.787219
1.209086 0.794265
1.207686 0.793191
1.213327 0.801223
1.213116 0.800699
1.215176 0.806920
1.289764 0.833147
1.288479 0.834272
1.282225 0.838275
1.282177 0.838306
1.275883 0.841252
1.271414 0.843066
1.269590 0.843825
1.383789 0.877331
1.384559 0.891549
1.390229 0.889615
1.386979 0.897783
1.385912 0.903630
1.382585 0.909235
1.382223 0.910072
1.378872 0.914810
1.378388 0.920750
1.469903 0.947895
1.463628 0.947363
1.457353 0.946894
1.451077 0.946389
1.407157 0.941668
1.446524 0.946249
1.444800 0.946225
1.438524 0.945890
1.432247 0.945678
1.425971 0.945281
1.419698 0.944291
1.413429 0.942720
1.411749 0.942395
1.413682 0.942220
0.756601 0.164068
0.775136 0.178085
0.776610 0.177760
1.883685 0.922743
1.877041 0.923948
1.877778 0.921494
1.870761 0.924188
1.871941 0.920149
1.864481 0.924590
1.866184 0.918700
1.858198 0.925494
1.854085 0.925960
1.851916 0.926227
1.852121 0.925428
1.845634 0.927016
1.846395 0.923948
1.839351 0.927693
2.127965 0.904814
2.128523 0.902603
2.121683 0.905620
2.122757 0.901148
2.115401 0.906282
2.116917 0.899813
2.109120 0.906841
2.106351 0.906944
2.102840 0.907139
2.103037 0.906273
2.096562 0.907135
2.096993 0.905245
2.090285 0.906864
2.090856 0.904357
2.084012 0.906135
2.084583 0.903666
2.077737 0.905415
2.451108 0.786967
2.444826 0.787594
2.438548 0.787612
2.432268 0.787902
2.430563 0.788375
2.425981 0.789513
2.419694 0.791105
2.415428 0.792690
2.776110 0.774036
2.769839 0.772732
2.763564 0.771967
2.757286 0.772134
2.751002 0.773135
2.746837 0.774516
2.744711 0.775472
3.596904 0.755116
3.599955 0.754591
3.593114 0.758209
3.600849 0.759205
3.590156 0.760319
3.593538 0.760010
3.586816 0.761734
3.580522 0.764561
3.594688 0.764284
3.587766 0.764520
3.578407 0.764993
3.580696 0.764971
3.574238 0.765716
